2582.8220684726098	300.0	1000.0	130.44251496279193	0	0.0	2582.8220684726098	0	0	1	-0.8969780362504551
2681.0799902350086	300.0	2000.0	98.25792176239845	0	0.0	2681.0799902350086	1	0	1	-0.7171619202363291
3200.0	300.0	2481.0799902350086	0.0	0	376.6791345006186	2681.079990235009	1	0	1	-0.12982068495126087
4200.0	300.0	2481.0799902350086	0.0	0	906.2010412197683	2681.079990235009	1	0	1	-0.1298206849512609
5200.0	300.0	2481.0799902350072	0.0	0	902.2239913009244	2681.0799902350077	1	0	1	-0.12982068495126076
6200.0	3000.0	2481.079990235008	0.0	0	513.1374734659739	2681.0799902350086	1	0	1	-0.12982068495126048
7200.0	3000.0	2481.079990235009	0.0	0	92.40062271335864	2681.079990235009	1	0	1	2.1727644080427853
8563.308081771513	3000.0	2117.771908463498	0.0	0	0.0	2681.079990235012	1	0	1	2.172764408042785
9485.595311486964	3000.0	2195.484678748048	0.0	0	0.0	2681.0799902350127	1	0	1	2.172764408042785
10200.0	3000.0	2552.5204590863164	0.0	0	188.1014411252272	2752.5204590863177	1	0	0	1.966606495531488
11200.0	3000.0	2652.5204590863145	0.0	0	464.601892000499	2852.520459086316	1	0	0	2.153779639182412
12200.0	2000.0	2752.520459086314	0.0	0	104.6678857706338	2952.5204590863177	1	0	0	1.325913020163325
13200.0	2000.0	2852.5204590863127	0.0	0	173.69943590630646	3052.520459086316	1	0	0	1.7136229860081107
14200.0	3000.0	2952.520459086313	0.0	0	24.69104139852425	3152.5204590863177	1	0	0	1.6930313927650174
15318.300070831581	3000.0	2946.0503953378898	0.0	0	0.0	3264.350466169475	1	0	0	2.075897552365987
16542.778807674913	3000.0	2844.0195321788915	0.0	0	0.0	3386.798339853807	1	0	0	2.0461124552394416
17200.0	2000.0	3252.5204590863123	0.0	0	161.35350817227663	3452.520459086316	1	0	0	1.2177607262978356
18200.0	2000.0	3352.520459086312	0.0	0	458.98742420475173	3552.5204590863177	1	0	0	1.5994290298487632
19200.0	3000.0	3452.5204590863127	0.0	0	513.0836450279639	3652.5204590863195	1	0	0	1.5701639431466998
20200.0	2000.0	3552.5204590863164	0.0	0	630.070320984607	3752.5204590863214	1	0	0	1.132732510072614
21200.0	2000.0	3652.520459086314	0.0	0	651.1596505387279	3852.5204590863214	1	0	0	1.5033727199058595
22200.0	3000.0	3752.520459086313	0.0	0	290.23155515548933	3952.5204590863214	1	0	0	1.4643326967841
23200.0	3000.0	3852.5204590863145	0.0	0	21.142766103883332	4052.5204590863214	1	0	0	1.8246909038315728
24200.0	3000.0	3952.520459086316	0.0	0	221.66953450729852	4152.520459086321	1	0	0	1.783298608229797
25200.0	3000.0	4052.5204590863164	0.0	0	234.0566006214649	4252.520459086318	1	0	0	1.7359789545037574
26200.0	3000.0	4152.520459086317	0.0	0	446.620918581335	4352.520459086314	1	0	0	1.686726301725147
27200.0	3000.0	4252.520459086318	0.0	0	470.4650856427361	4452.520459086314	1	0	0	1.632468508352292
28200.0	2000.0	4352.520459086314	0.0	0	765.739661919124	4552.520459086314	1	0	0	0.7641921664526881
29200.0	3000.0	4452.520459086312	0.0	0	364.98052874395216	4652.520459086318	1	0	0	1.1065740947841327
30252.325000421355	3000.0	4505.427958707093	0.0	0	0.0	4757.752959128455	1	0	0	1.4354845021812213
31480.45329980363	6000.0	4154.486829386595	0.0	0	0.0	4634.940129190232	1	0	2	0.9570074136640176
33260.15523121867	6000.0	3196.8147048300543	0.0	0	0.0	4456.969936048732	1	0	2	2.091172875646193
35197.36816431767	6000.0	2065.8804784211525	0.0	0	0.0	4263.248642738832	1	0	2	2.1862688779100994
36197.27807739328	3000.0	1965.979574037968	0.0	0	0.0	4163.257651431264	1	0	2	0.9582331982996809
37905.28311204974	3000.0	1087.1740359158682	0.0	0	0.0	3992.457147965615	1	0	2	1.649655996086218
38899.35640906282	3000.0	993.6934092014835	0.0	0	0.0	3893.049818264306	1	0	2	1.772206378100632
39772.78878481684	3000.0	1032.9177958720602	0.0	0	0.0	3805.706580688893	1	0	2	1.8162030838900858
40279.08555684406	2000.0	1475.9913466421115	0.0	0	0.0	3755.076903486166	1	0	2	1.0637448701394088
41306.08438726016	3000.0	1346.292633184401	0.0	0	0.0	3652.377020444561	1	0	2	1.4466093305943193
41591.486389073514	1000.0	2032.3504311897057	0.0	0	0.0	3623.836820263219	1	0	2	-0.25541558176527196
42233.19574810921	3000.0	2326.4701362504393	0.0	0	0.0	3559.6658843596524	1	0	2	0.8245604256512074
43228.039740967535	3000.0	2232.1417441062827	0.0	0	0.0	3460.181485073823	1	0	2	1.913403137917445
43931.46944330746	3000.0	2458.369071532366	0.0	0	0.0	3389.83851483983	1	0	2	1.9634554917742009
44736.06717258995	3000.0	2573.3115693216278	0.0	0	0.0	3309.3787419115833	1	0	2	1.9719014927979093
45573.765836740466	3000.0	2651.84303875606	0.0	0	0.0	3225.608875496524	1	0	2	1.9892732566811686
46247.72100745931	3000.0	2910.4923509653304	0.0	0	0.0	3158.213358424633	1	0	2	2.0210873579032342
47787.77729113256	3000.0	2216.430438924749	0.0	0	0.0	3004.207730057293	1	0	2	1.9607109153462057
48976.594941766205	3000.0	1908.7310232277393	0.0	0	0.0	2885.325964993928	1	0	2	2.0188933258018475
50058.31372829732	3000.0	1718.840358043504	0.0	0	0.0	2777.154086340808	1	0	2	2.0474711296414565
50569.92100094003	2000.0	2156.0723581365273	0.0	0	0.0	2725.993359076543	1	0	2	1.3026455613753722
51356.599709921284	3000.0	2290.725778257155	0.0	0	0.0	2647.3254881784305	1	0	2	1.6902123856991436
52200.0	2000.0	2362.9854591705644	0.0	0	250.33366181209567	2562.985459170537	1	0	2	1.288554333416272
53200.0	2000.0	2262.9854591705653	0.0	0	213.38503086378478	2462.985459170537	1	0	2	1.6898092580175288
54237.53785690648	3000.0	2121.6938165734364	0.0	0	0.0	2359.231673479895	1	0	2	1.6981409377130572
55200.0	3000.0	2062.985459170558	0.0	0	10.063103532564128	2262.985459170537	1	0	2	2.1208088414147874
56200.0	3000.0	1962.985459170551	0.0	0	65.6981521135167	2162.98545917053	1	0	2	2.1254228295801654
57633.63852510332	3000.0	1385.9830815568916	0.0	0	0.0	2019.6216066601846	1	0	2	2.093477724558698
58200.0	2000.0	1762.9854591705491	0.0	0	105.28735593868623	1962.985459170508	1	0	2	1.3741710752081842
59200.0	2000.0	1662.9854591705491	0.0	0	601.524292361566	1862.985459170508	1	0	2	1.7416188836670607
60200.0	3000.0	1562.9854591705441	0.0	0	536.8099164057348	1762.9854591705007	1	0	2	1.7477844356973455
61200.0	2000.0	1462.9854591705455	0.0	0	660.442898769732	1662.985459170508	1	0	2	1.347819117773827
62200.0	3000.0	1362.985459170543	0.0	0	179.76847187823296	1562.9854591705007	1	0	2	1.758553628651232
63200.0	3000.0	1262.9854591705432	0.0	0	37.02107744599198	1462.9854591705007	1	0	2	2.168955249319024
64535.63876570137	6000.0	793.7828168990368	0.0	0	0.0	1329.4215826003638	1	0	2	2.1405631042974265
65687.78964995721	6000.0	526.416844217621	0.0	0	0.0	1214.2064941747885	1	0	2	2.856222643222234
66412.63055384283	3000.0	729.0918499434341	0.0	0	0.0	1141.722403786218	1	0	2	1.515465363900231
67258.45661063251	3000.0	798.6831874747706	0.0	0	0.0	1057.1397981072223	1	0	2	2.1989653915908947
68200.0	2000.0	762.9854591705154	0.0	0	544.0268271949899	962.9854591704643	1	0	2	1.3805731483289136
69200.0	3000.0	662.9854591705125	0.0	0	397.4891825079685	862.9854591704498	1	0	2	1.7827085776936948
70200.0	3000.0	562.9854591704919	0.0	0	326.04315586725716	762.9854591704352	1	0	2	2.1905133855826504
71200.0	3000.0	662.9854591704942	0.0	0	289.0163442158955	862.9854591704352	1	0	0	1.8898947911992439
72200.0	3000.0	762.9854591705024	0.0	0	82.45715904832468	962.9854591704498	1	0	0	2.2875214126890597
73386.29022192195	3000.0	695.3242594407402	0.0	0	0.0	1081.6144813626452	1	0	0	2.2842781964042578
74200.0	3000.0	962.9854591704994	0.0	0	246.33033131228876	1162.9854591704498	1	0	0	2.281970367245506
75762.68165474391	3000.0	556.5719699009737	0.0	0	0.0	1319.2536246448435	1	0	0	2.2773703404142056
76701.3627186069	3000.0	711.7590124242834	0.0	0	0.0	1413.1217310311622	1	0	0	2.2730248301124414
77857.246246819	3000.0	671.463837033394	0.0	0	0.0	1528.7100838523766	1	0	0	2.268536835586032
79550.14614239556	3000.0	208.37436623136128	67.2449280187507	0	0.0	1758.520508626898	1	0	0	1.8554066147595147
80929.16923761163	3000.0	459.6424549943052	547.0987493971008	0	0.0	2388.8116926059156	1	0	0	-1.0724552300627628
81492.23154723867	2000.0	952.8863763299539	0.0	0	0.0	2445.117923568614	1	0	0	1.3918246236821041
81798.60664385371	2000.0	1677.1487893764158	0.0	0	0.0	2475.7554332301224	1	0	0	1.7933227286979079
82200.0	2000.0	2315.8947688447597	0.0	0	6.998665296967374	2515.894768844766	1	0	0	1.7891162429102576
83200.0	2000.0	2415.894768844748	0.0	0	592.8316470012942	2615.894768844766	1	0	0	1.7807624666958684
84200.0	3000.0	2515.8947688447615	0.0	0	290.182850915633	2715.8947688447806	1	0	0	1.7674686358778713
85637.66038759751	3000.0	2222.0004200069916	0.0	0	0.0	2859.660807604523	1	0	0	2.153807847635522
86848.65570123066	3000.0	2132.10463773716	0.0	0	0.0	2980.7603389678407	1	0	0	2.1304311357892702
87538.3562256791	3000.0	2511.374165733563	0.0	0	0.0	3049.7303914126824	1	0	0	2.1170860661104767
88287.19880318748	3000.0	2837.4158459760397	0.0	0	0.0	3124.61464916353	1	0	0	2.1028067280046012
89200.0	3000.0	3015.8947688447556	0.0	0	172.53624397503154	3215.894768844766	1	0	0	2.086142857241714
90200.0	2000.0	3115.894768844758	0.0	0	273.80771814408945	3315.8947688447515	1	0	0	1.254926264934837
91200.0	2000.0	3215.894768844758	0.0	0	482.4505174785154	3415.894768844766	1	0	0	1.636101679565789
92200.0	3000.0	3315.8947688447547	0.0	0	354.0769328873721	3515.894768844766	1	0	0	1.6095398906219582
93200.0	3000.0	3415.894768844736	0.0	0	335.72416906374565	3615.894768844766	1	0	0	1.9865264263112903
94200.0	3000.0	3515.894768844734	0.0	0	98.34155211425968	3715.894768844766	1	0	0	1.9524010611802347
95200.0	3000.0	3615.894768844726	0.0	0	145.20351161404687	3815.894768844766	1	0	0	1.9194180165363637
96200.0	3000.0	3715.8947688447124	0.0	0	452.80916591394634	3915.894768844766	1	0	0	1.8846857674705233
97200.0	3000.0	3815.8947688447174	0.0	0	536.764665395458	4015.8947688447515	1	0	0	1.8450116580306046
98200.0	3000.0	3915.894768844707	0.0	0	512.3381665308989	4115.894768844722	1	0	0	1.8021901782805596
99200.0	3000.0	4015.8947688447174	0.0	0	270.0932404850173	4215.8947688447515	1	0	0	1.7551653975168764
100200.0	3000.0	4115.894768844722	0.0	0	582.099895956766	4315.894768844766	1	0	0	1.706757301232403
101200.0	3000.0	4215.894768844711	0.0	0	534.0417381056322	4415.894768844737	1	0	0	1.6534689826828157
102387.45290565527	3000.0	4147.187153754963	0.0	0	0.0	4534.640059410245	1	0	0	1.5851216374931427
104485.75453467212	6000.0	3258.715687639795	0.0	0	0.0	4744.470222311938	1	0	0	1.4599978146138233
105478.73625624659	3000.0	3365.032138222765	0.0	0	0.0	4843.768394469385	1	0	0	0.6793726720766334
106304.57123771176	3000.0	3621.7806549041065	0.0	0	0.0	4926.351892615887	1	0	0	1.309152479015697
106846.5951989723	3000.0	4133.959089769616	0.0	0	0.0	4980.554288741929	1	0	0	1.2621785922550144
107200.0	2000.0	4815.89476884468	0.0	0	18.794449802386225	5015.894768844708	1	0	0	0.4204656954121423
108200.0	2000.0	4915.8947688446815	0.0	0	521.9921771750378	5115.894768844708	1	0	0	0.7702276627246846
109200.0	2000.0	5015.894768844686	0.0	0	493.0957048623386	5215.894768844693	1	0	0	0.6865595728609131
110200.0	3000.0	5115.894768844693	0.0	0	127.57682045346883	5315.894768844679	1	0	0	0.5932642441670563
111200.0	3000.0	5215.894768844698	0.0	0	204.6351280019444	5415.894768844693	1	0	0	0.9125285840675059
112200.0	3000.0	5315.894768844691	0.0	0	442.55596109216276	5515.894768844679	1	0	0	0.8236285604552098
113200.0	3000.0	5415.8947688447	0.0	0	229.20584721052728	5615.894768844693	1	0	0	0.7264899235768068
114200.0	3000.0	5515.894768844702	0.0	0	318.6491211442626	5715.894768844679	1	0	0	0.629843988952337
115200.0	3000.0	5615.894768844691	0.0	0	409.04904537259426	5815.894768844664	1	0	0	0.5334767242812055
116200.0	3000.0	5715.894768844687	0.0	0	325.73129978912766	5915.894768844664	1	0	0	0.43261741721997193
117200.0	3000.0	5815.894768844695	0.0	0	400.45684148902365	6015.894768844679	1	0	0	0.3350951717128818
118200.0	3000.0	5915.894768844697	0.0	0	232.593265602889	6115.894768844679	1	0	0	0.23275566289972455
119483.45557031779	3000.0	5760.784755558672	0.0	0	0.0	6244.240325876439	1	0	0	0.10541604260952814
120620.22256654299	3000.0	5510.341059710959	0.0	0	0.0	6130.563626253919	1	0	2	-0.3595647897791209
121380.43220762165	3000.0	5674.110454524434	0.0	0	0.0	6054.54266214605	1	0	2	0.16338733798878802
122200.0	3000.0	5772.585882908225	0.0	0	34.8903710617451	5972.585882908199	1	0	2	0.23460933516329358
123320.36431520543	3000.0	5540.1851361822655	0.0	0	0.0	5860.5494513876765	1	0	2	0.3112667942374672
124200.0	2000.0	5572.585882908213	0.0	0	464.6081307372515	5772.5858829082135	1	0	2	-0.3966996929893851
125200.0	3000.0	5472.585882908237	0.0	0	261.86326569381345	5672.585882908243	1	0	2	0.09662124364044329
126200.0	3000.0	5372.585882908241	0.0	0	81.72124496106699	5572.585882908228	1	0	2	0.6053605236372019
127200.0	2000.0	5272.585882908241	0.0	0	339.11108062101994	5472.5858829082135	1	0	2	-0.11799523644810385
128200.0	2000.0	5172.585882908251	0.0	0	467.4287737513223	5372.585882908243	1	0	2	0.3795941630697714
129200.0	3000.0	5072.5858829082545	0.0	0	245.0770241469727	5272.585882908228	1	0	2	0.4730967635914376
130200.0	3000.0	4972.585882908261	0.0	0	131.02142248007294	5172.5858829082135	1	0	2	0.9676229567716634
131200.0	3000.0	4872.585882908243	0.0	0	143.1752510041115	5072.585882908199	1	0	2	1.0518630937463964
132200.0	3000.0	4772.5858829082645	0.0	0	17.201785737852333	4972.5858829082135	1	0	2	1.1336522443152717
133200.0	3000.0	4672.585882908275	0.0	0	116.78785725976923	4872.585882908243	1	0	2	1.2108944356842348
134510.61060863343	3000.0	4230.914213411504	0.0	0	0.0	4741.524822044899	1	0	2	1.2727586176609207
135640.6130000429	3000.0	3987.9115828610893	0.0	0	0.0	4628.524582903949	1	0	2	1.371586313495594
136635.7601420578	3000.0	3893.249726644667	0.0	0	0.0	4529.009868702415	1	0	2	1.451041417081825
137378.00532174602	3000.0	4076.780028987644	0.0	0	0.0	4454.785350733582	1	0	2	1.5239814820798323
138200.0	2000.0	4172.585882908255	0.0	0	463.77003243219224	4372.58588290817	1	0	2	0.7422931356044302
139200.0	3000.0	4072.5858829082504	0.0	0	287.3836507211963	4272.585882908141	1	0	2	1.1831252169585331
140480.1465223835	3000.0	3664.424708286377	0.0	0	0.0	4144.571230669768	1	0	2	1.6272978232698252
141518.78716560482	3000.0	3521.9200007429463	0.0	0	0.0	4040.707166347682	1	0	2	1.7031809973032574
142610.09590499575	3000.0	3321.480387412925	0.0	0	0.0	3931.576292408572	1	0	2	1.7439793324111408
143388.0258865179	3000.0	3465.7574077386007	0.0	0	0.0	3853.783294256369	1	0	2	1.808285747231595
144200.0	3000.0	3572.5858829082977	0.0	0	50.63019211642677	3772.58588290817	1	0	2	1.8332131555292004
145200.0	2000.0	3472.5858829082877	0.0	0	561.3916275126103	3672.58588290817	1	0	2	1.032753383603428
146200.0	2000.0	3372.5858829082663	0.0	0	456.9406478329329	3572.58588290817	1	0	2	1.4708865334397774
147200.0	2000.0	3272.585882908239	0.0	0	568.2410430496675	3472.585882908199	1	0	2	1.5002733520675837
148200.0	3000.0	3172.585882908266	0.0	0	612.1882240070845	3372.585882908228	1	0	2	1.527172533268775
149200.0	3000.0	3072.585882908285	0.0	0	598.18007166803	3272.585882908257	1	0	2	1.957511820773426
150200.0	3000.0	2972.5858829082317	0.0	0	81.84850415660185	3172.585882908257	1	0	2	1.9826210772801567
151218.70580801973	3000.0	2852.0094940865374	0.0	0	0.0	3070.715302106313	1	0	2	2.0015926125578525
152200.0	3000.0	2772.5858829082567	0.0	0	246.14250839551096	2972.5858829082863	1	0	2	2.023473416060417
154178.9123880053	6000.0	1595.7822561024657	0.0	0	0.0	2774.6946441077744	1	0	2	1.9548965293283498
154896.48808180823	3000.0	1806.4489929192457	0.0	0	0.0	2702.9370747275243	1	0	2	1.4025461418192338
155586.26678734767	3000.0	2047.6924168258843	0.0	0	0.0	2633.9592041736178	1	0	2	2.107732069721105
156200.0	2000.0	2372.5858829083304	0.0	0	250.56090933954692	2572.5858829083736	1	0	2	1.311014614002777
157200.0	3000.0	2272.5858829083077	0.0	0	420.24595365917776	2472.5858829083445	1	0	2	1.6885524015341806
158200.0	3000.0	2172.585882908298	0.0	0	385.53978794428986	2372.5858829083445	1	0	2	2.1049034386872623
159306.0656098255	3000.0	1955.9137121002336	0.0	0	0.0	2261.9793219257554	1	0	2	2.1057053399591035
160200.0	3000.0	1972.5858829083234	0.0	0	83.34101519332035	2172.5858829083154	1	0	2	2.1356591706329833
161200.0	3000.0	1872.5858829083274	0.0	0	331.21567805614905	2072.5858829082863	1	0	2	2.1323834446737755
162200.0	3000.0	1772.585882908325	0.0	0	103.97115866738022	1972.5858829082572	1	0	2	2.1402170232269055
163200.0	3000.0	1672.5858829083245	0.0	0	245.06845132046146	1872.585882908228	1	0	2	2.1467101786670604
164200.0	2000.0	1572.5858829083027	0.0	0	407.20570492194383	1772.585882908228	1	0	2	1.3418312467051712
165200.0	3000.0	1472.585882908341	0.0	0	491.25097331102006	1672.5858829082863	1	0	2	1.7528548535444877
166200.0	3000.0	1372.585882908343	0.0	0	355.8408744801709	1572.5858829082863	1	0	2	2.163420213007004
167384.71512870176	3000.0	1069.3992413364135	0.0	0	0.0	1454.1143700381217	1	0	2	2.1506619278238737
168337.0126797892	3000.0	1021.8719351402394	0.0	0	0.0	1358.8846149293822	1	0	2	2.1780864323203377
169200.0	3000.0	1072.5858829083154	0.0	0	65.9934327462397	1272.5858829082863	1	0	2	2.190198155690956
170200.0	3000.0	972.5858829083082	0.0	0	133.5580455796735	1172.5858829083154	1	0	2	2.1796283958287703
171200.0	3000.0	872.5858829083013	0.0	0	54.14447645805194	1072.5858829082863	1	0	2	2.1829185492531313
172200.0	2000.0	772.5858829083089	0.0	0	458.753732434212	972.5858829082863	1	0	2	1.3744816994751647
173200.0	2000.0	672.5858829082939	0.0	0	298.1308225389221	872.5858829082572	1	0	2	1.7825595792683324
174200.0	3000.0	572.5858829083086	0.0	0	315.3909798184759	772.5858829082863	1	0	2	1.7848709579576727
175200.0	2000.0	472.585882908313	0.0	0	678.0289518887002	672.5858829082863	1	0	2	1.3814198749835267
176200.0	3000.0	372.58588290834126	0.0	0	325.4869390836393	572.5858829082863	1	0	2	1.7888059371383396
177200.0	3000.0	272.585882908348	0.0	0	446.27573360721	472.5858829082863	1	0	2	2.196022074835729
178200.0	3000.0	212.8006213107233	36.55885309309025	0	460.03876550809946	412.80062131071463	1	0	2	1.98126637442908
179200.0	3000.0	180.2756755947629	61.34095844005489	0	409.8767764472286	380.27567559477757	1	0	2	1.8355373429710533
180344.0426551729	6000.0	334.0212486855912	374.720448891828	0	0.0	678.0639038584777	1	0	2	-0.032821679769879264
181200.0	3000.0	503.7321384094528	101.14906275789974	0	23.31476931629004	703.7321384094539	1	0	2	0.9165475451096334
182200.0	3000.0	403.7321384094563	0.0	0	115.27745502878679	603.732138409483	1	0	2	2.193859800099862
183423.03427258294	6000.0	331.25816793077024	248.0579357841335	0	0.0	754.2924405136728	1	0	2	0.7050124613532005
184200.0	3000.0	539.2734067474978	56.97958088682475	0	74.99413797751185	739.2734067474375	1	0	2	1.1843119279582262
185200.0	3000.0	439.27340674751804	0.0	0	200.9504043267225	639.2734067474375	1	0	2	2.1931238928635826
186200.0	3000.0	339.27340674750735	0.0	0	264.4330624783179	539.2734067474084	1	0	2	2.194913742930753
187200.0	3000.0	239.27340674747606	0.0	0	406.88928265633876	439.27340674735024	1	0	2	2.1965568166902454
188200.0	3000.0	357.40658954177235	198.3028934493468	0	161.45940140489256	557.4065895417589	1	0	2	1.0246764224874472
189200.0	3000.0	352.50797517126324	86.45580511771335	0	108.45911658689147	552.5079751712328	1	0	2	1.684670299515001
190200.0	3000.0	275.6995840884264	21.083280833790795	0	376.26227592286887	475.69958408840466	1	0	2	2.0715922122395645
191200.0	3000.0	274.10673681605954	89.46104793420565	0	352.09849758190103	474.1067368160584	1	0	2	1.668191410669972
192200.0	3000.0	343.3630058497588	153.8693354851859	0	190.48076924213092	543.3630058497365	1	0	2	1.287065168234641
193200.0	3000.0	243.36300584972196	0.0	0	465.398137241893	443.3630058497074	1	0	2	2.196480747923155
194200.0	3000.0	349.45450815936124	187.35591119055655	0	91.87825175496982	549.4545081593678	1	0	2	1.0894133067799263
195200.0	3000.0	264.49472386729184	13.672923370841332	0	333.60177684316295	464.49472386724665	1	0	2	2.115495587408698
196200.0	3000.0	335.1376987575253	155.1299771729115	0	171.7519345942128	535.1376987575204	1	0	2	1.2797679059918456
197200.0	3000.0	235.13769875753783	0.0	0	473.5014997504477	435.1376987575495	1	0	2	2.1966137948726874
198200.0	3000.0	312.3292008205266	161.08318369361496	0	317.62565282022115	512.3292008205026	1	0	2	1.2450049847598228
199200.0	3000.0	212.3292008205815	0.0	0	401.75475370386266	412.3292008205608	1	0	2	2.1969626195382763
200200.0	3000.0	382.23427796715754	245.36825195144536	0	64.05689134148997	582.2342779671599	1	0	2	0.746594405563793
201540.90213235398	3000.0	260.1273052219527	320.8048844038247	0	0.0	801.0294375759258	1	0	2	0.2630765599563613
202239.35827568415	3000.0	627.1321616175314	123.00601278071653	0	0.0	866.4904373016907	1	0	2	1.4930447161807863
203200.0	3000.0	570.4262648700859	0.0	0	205.51825439935783	770.4262648700678	1	0	2	2.194353843218826
204499.22194651706	3000.0	202.66160373027304	55.79952729904181	0	0.0	701.883550247323	1	0	2	1.8329972029392647
205472.58527338164	3000.0	425.20258654066515	266.5824021467814	0	0.0	897.787859922304	1	0	2	0.6174961609059506
206200.0	2000.0	625.0463872605077	0.0	0	134.70181240557577	825.0463872604887	1	0	2	1.4057303181327199
207200.0	3000.0	525.0463872605131	0.0	0	393.2081158212968	725.0463872605178	1	0	2	1.7858630052042277
208200.0	3000.0	425.0463872604953	0.0	0	264.49624393018894	625.0463872605178	1	0	2	2.19330303098202
209200.0	1000.0	325.04638726051184	0.0	0	683.2272493042983	525.0463872605178	1	0	2	-0.0021258413943884003
210200.0	2000.0	225.0463872604755	0.0	0	580.1939922798774	425.0463872604887	1	0	2	1.0981431972922975
211200.0	3000.0	329.22895773712435	185.6205186151152	0	320.8562629183871	529.2289577371557	1	0	2	0.6944901907588326
212200.0	3000.0	229.22895773712122	0.0	0	533.9914578234893	429.2289577371266	1	0	2	2.1966801859502127
213200.0	2000.0	129.22895773714026	0.0	0	671.757285601605	329.2289577371557	1	0	2	1.3872477236758969
214200.0	3000.0	120.96932834305221	83.4003369144775	0	615.4558108904166	320.96932834311156	1	0	2	1.300768292626633
215200.0	3000.0	221.8533374449316	182.62182645627544	0	311.93802294004126	421.8533374449471	1	0	2	1.1193569712169125
216200.0	3000.0	253.15512859930573	119.36526468582385	0	322.89964027065434	453.15512859931914	1	0	2	1.4920876056690435
217200.0	3000.0	232.96207137452518	72.55176615933496	0	449.46337523520924	432.9620713745244	1	0	2	1.7685994852207818
218200.0	3000.0	359.7443213630923	206.16568180782295	0	42.39653033198556	559.7443213630759	1	0	2	0.9782891440425991
220049.4788717633	6000.0	200.0	795.1658523423093	0	0.0	1249.4788717632764	1	0	2	-2.596992565637358
220554.79742461376	3000.0	729.6934297442792	77.76712534522972	0	0.0	1284.4908543580095	1	0	2	1.0740512499673298
221200.0	3000.0	1019.9705968194005	0.0	0	86.34755611349829	1219.9705968193884	1	0	2	2.2139387224694507
222200.0	3000.0	919.9705968193507	0.0	0	296.19799298705766	1119.9705968193302	1	0	2	2.181167032166793
223200.0	3000.0	819.9705968193613	0.0	0	323.96453266529716	1019.9705968193593	1	0	2	2.18414485520877
224200.0	3000.0	719.9705968193689	0.0	0	308.0153700908995	919.9705968194176	1	0	2	2.1868332099648793
225200.0	3000.0	619.9705968194014	0.0	0	373.15173753746785	819.9705968194758	1	0	2	2.1891919766761196
226200.0	3000.0	519.9705968194179	0.0	0	36.59848250442883	719.9705968194758	1	0	2	2.191658847148465
227200.0	3000.0	440.4398789141471	18.608438267957524	0	92.97287689219229	640.4398789141851	1	0	2	2.0834246946445374
228200.0	3000.0	340.4398789141549	0.0	0	524.7841112158494	540.439878914156	1	0	2	2.1948532749790246
229200.0	3000.0	281.14840860404394	37.00775426351543	0	110.33941927889828	481.1484086040291	1	0	2	1.9775798348187448
230240.80714016527	3000.0	360.6905185759524	204.0272401397222	0	0.0	601.4976587411657	1	0	2	0.9860871331386896
231200.0	3000.0	381.55718319442667	69.07164585153613	0	216.6676066777145	581.5571831943525	1	0	2	1.7907877470460596
232200.0	3000.0	348.5452347817129	60.89822871571802	0	104.75793207110837	548.5452347816026	1	0	2	1.8355291647535017
233227.0492892993	3000.0	332.5527075203974	103.41971906169937	0	0.0	559.601996819576	1	0	2	1.5817824471204016
234200.0	3000.0	454.21399213939446	174.4609694452327	0	51.27100316027645	654.2139921392954	1	0	2	1.166365771657068
235791.13506652048	3000.0	200.0	450.94052821195436	0	0.0	991.1350665204809	1	0	2	-0.5310131481190898
236955.14942887527	3000.0	506.2961163305166	533.37446810984	0	0.0	1461.4455452057591	1	0	2	-0.9940848209944244
237599.68794096334	3000.0	797.3037530336271	0.0	0	0.0	1396.9916939969407	1	0	2	2.207847121519757
238200.0	2000.0	1136.9604880932775	0.0	0	177.98310649063205	1336.9604880932602	1	0	2	1.403196165689892
239200.0	2000.0	1036.96048809326	0.0	0	454.53173283077194	1236.960488093231	1	0	2	1.771797074762582
240200.0	2000.0	936.9604880932321	0.0	0	622.9356064779859	1136.960488093231	1	0	2	1.775095000820282
241200.0	2000.0	836.9604880932532	0.0	0	632.6034982667188	1036.9604880932602	1	0	2	1.778101539088007
242200.0	3000.0	736.9604880932714	0.0	0	221.33556409430457	936.9604880932893	1	0	2	1.7809279703079908
243200.0	3000.0	636.9604880933066	0.0	0	446.39286208708654	836.9604880932893	1	0	2	2.188825037920395
244220.91510168437	3000.0	513.9538762404791	0.0	0	0.0	734.868977924838	1	0	2	2.1892293992321843
245388.4522144422	3000.0	290.2569782741361	55.08538733390583	0	0.0	678.7091927162837	1	0	2	1.8506287476926153
246740.84015144804	3000.0	285.1926861998742	438.6931260292341	0	0.0	1026.0328376478574	1	0	2	-0.4394041569759358
247727.74264399314	3000.0	468.7515178661859	244.68324860537612	0	0.0	1196.4941618592711	1	0	2	0.7368721056718697
248906.16349597523	3000.0	375.5976911932664	184.64464591581674	0	0.0	1281.7611871684203	1	0	2	1.0688261866984736
250048.58742639032	3000.0	249.9154473476907	119.07643601000547	0	0.0	1298.502873737918	1	0	2	1.4583813540521988
251338.38040841307	3000.0	234.284278212383	366.49191917251494	0	0.0	1572.6646866254741	1	0	2	-0.027703723085844123
251981.97694564317	1000.0	628.4718471374947	92.8579635256578	0	0.0	1610.4487927806913	1	0	2	-0.546813315106698
252876.38240770806	2000.0	644.6258388661493	0.0	0	0.0	1521.0082465742307	1	0	2	1.0787502849041881
253975.33172392647	3000.0	435.7815910259193	0.0	0	0.0	1411.1133149524103	1	0	2	1.755768306680284
254840.07152644612	2000.0	494.26803759818745	8.818390312613928	0	0.0	1334.3395640443487	1	0	2	1.3248495017164994
255889.6715726758	2000.0	402.5178991044363	57.099920326273946	0	0.0	1292.1894717803225	1	0	2	1.4284085954371397
256359.95926580922	1000.0	885.2014366577089	0.0	0	0.0	1245.1607024669938	1	0	2	0.43912578858289897
257200.0	2000.0	961.1566290478278	0.0	0	196.58085815384402	1161.1566290479095	1	0	2	1.0974671815589585
258200.0	2000.0	861.1566290478372	0.0	0	338.28663918879465	1061.1566290479095	1	0	2	1.7774976830103628
259200.0	2000.0	761.15662904789	0.0	0	554.0455718486337	961.1566290479386	1	0	2	1.7802350993943314
260200.0	2000.0	661.1566290478942	0.0	0	618.4288783270749	861.1566290479386	1	0	2	1.7827458405486332
261200.0	2000.0	561.1566290479226	0.0	0	609.0822153497138	761.1566290479386	1	0	2	1.7850361070772724
262200.0	3000.0	461.1566290479044	0.0	0	411.56366629889817	661.1566290479386	1	0	2	1.7871348053955156
263200.0	3000.0	361.15662904786404	0.0	0	421.0076476891991	561.1566290478804	1	0	2	2.1945006452853746
264200.0	3000.0	261.15662904789554	0.0	0	582.568399542186	461.15662904799683	1	0	2	2.1961765628235415
265200.0	3000.0	282.0237565636639	109.87920683255291	0	305.70827187853865	482.0237565636635	1	0	2	1.5476022951800734
266659.5160945646	6000.0	200.0	475.85813405210774	0	0.0	859.5160945645766	1	0	2	-0.6638035670969505
267343.40001740947	3000.0	617.0471403772154	153.92677773323544	0	0.0	960.4471577866934	1	0	2	0.6165773315922197
268200.0	3000.0	674.7871595276391	0.0	0	36.59715693304315	874.7871595277102	1	0	2	2.2026350977900058
269350.9012552354	3000.0	408.7957787687038	0.0	0	0.0	759.6970340042026	1	0	2	2.1756138495903072
270200.0	3000.0	474.7871595276493	0.0	0	144.63225797447376	674.7871595277102	1	0	2	2.207618733922253
271200.0	3000.0	374.7871595276682	0.0	0	113.74262224318227	574.7871595277102	1	0	2	2.194359161910148
272200.0	3000.0	358.96463506176553	76.52497775829225	0	114.84003320493503	558.9646350617404	1	0	2	1.7431501549670299
273399.41773372464	3000.0	320.5124383692614	255.37028218605414	0	0.0	719.9301720938529	1	0	2	0.6649436903352836
274200.0	2000.0	439.8719454663442	0.0	0	204.96777451981325	639.8719454663806	1	0	2	1.402198565998396
275200.0	3000.0	387.1654420548125	42.994087807695024	0	173.47409238829277	587.1654420548584	1	0	2	1.5350183400168385
276200.0	3000.0	287.16544205488333	0.0	0	560.5598249698523	487.16544205491664	1	0	2	2.1957559076060575
277200.0	2000.0	187.16544205488063	0.0	0	524.464290750795	387.16544205485843	1	0	2	1.386398134181529
278200.0	2000.0	134.45880468401913	42.993966026573446	0	385.43768968526274	334.45880468399264	1	0	2	1.5389776445749268
279200.0	2000.0	421.15046609731576	351.53787401213185	0	35.90144314186182	621.1504660974024	1	0	2	-0.2859417183910067
280200.0	3000.0	341.8879766967725	18.852282363168428	0	280.6535097225569	541.8879766968312	1	0	2	1.6782131816721253
281200.0	3000.0	280.94885196640564	35.50988660873618	0	299.8923759654863	480.94885196647374	1	0	2	1.9863973752542996
282200.0	3000.0	185.9762300443827	4.57034370725467	0	427.04847766051535	385.97623004438356	1	0	2	2.170400005728276
283200.0	2000.0	358.80998358101283	248.03068503324207	0	140.08052492665593	558.8099835810135	1	0	2	-0.07967089762075402
284200.0	2000.0	372.1776766377732	103.0615391424811	0	41.54495598847279	572.1776766377734	1	0	2	1.18092312954571
285347.933280827	3000.0	356.39109050997376	224.49092980170107	0	0.0	704.3243713369593	1	0	2	0.4471724094674152
286200.0	3000.0	475.0261814318254	50.82589273833446	0	154.414647474885	675.02618143172	1	0	2	1.9074705932264087
287856.21530024457	3000.0	200.0	497.10058985201744	0	0.0	1056.2153002444538	1	0	2	-0.8130789585637421
289133.2710436323	3000.0	353.9074017607078	507.88065407931913	0	0.0	1487.1784453929868	1	0	2	-0.8564030849766637
289850.942023625	2000.0	648.3178019894157	76.22588929154365	0	0.0	1499.2598256144556	1	0	2	0.9354282994263208
290363.17977638147	2000.0	1084.8562739573317	0.0	0	0.0	1448.036050338822	1	0	2	1.8134874372108052
291234.21464096755	3000.0	1126.717922912686	0.0	0	0.0	1360.9325638802256	1	0	2	1.7808158215564438
292200.0	2000.0	1064.3540279769845	0.0	0	534.4881058764295	1264.354027976864	1	0	2	1.3688011218269334
293200.0	2000.0	964.354027977002	0.0	0	544.3389256763039	1164.354027976864	1	0	2	1.7742479399545878
294200.0	3000.0	864.3540279770134	0.0	0	552.908554103924	1064.3540279769222	1	0	2	1.7773046416244638
295200.0	3000.0	764.3540279769986	0.0	0	186.8832215401344	964.3540279769222	1	0	2	2.1857302697215792
296200.0	3000.0	664.3540279770075	0.0	0	278.46065332723083	864.3540279769222	1	0	2	2.1882243317366976
297200.0	3000.0	564.3540279769952	0.0	0	304.36437566403765	764.3540279769222	1	0	2	2.190527705957966
298401.4527074046	3000.0	242.75604983197476	0.0	0	0.0	644.2087572365417	1	0	2	2.1728089170257032
299200.0	3000.0	517.0041134110174	138.77280493994056	0	74.69904553605011	717.0041134108324	1	0	2	1.393163519782912
300200.0	3000.0	417.0041134110901	0.0	0	188.79345718061086	617.0041134109488	1	0	2	2.19355571805484
3.61	4.87	6.82	5.86	2.44	2.15	4.22	5.54	3.57	2.7	3.14	3.58	2.83	2.63	4.43	5.1	4.63	5.22	4.52	3.37	2.88	3.36	4.82	6.87	8.32	5.82	4.37	3.23	5.06	4.46	3.26	2.32	2.4	3.24	1.56	2.0	4.01	3.65	3.48	3.73	3.75	4.71	2.78	3.65	2.35	2.72	3.2	4.08	4.24	4.17	2.65	2.97	3.96	2.55	2.53	4.81	7.16	8.0	4.62	3.17	2.94	3.63	5.34	4.77	4.0	5.61	3.88	3.35	5.18	3.2	3.41	4.2	2.2	2.22	2.72	2.59	2.22	2.41	4.03	6.38	4.61	4.95	2.12	2.24	3.42	3.16	4.91	2.9	3.94	4.19	3.23	4.0	4.15	4.7	6.27	6.74	5.24	6.64	5.33	2.41	2.12	2.66	2.33	3.64	5.32	3.26	3.56	5.28	5.19	4.81	3.74	4.37	5.83	6.07	4.6	3.65	3.0	3.17	4.51	3.0	3.09	4.41	4.08	4.43	3.93	4.43	3.86	3.65	4.47	2.98	2.7	3.28	3.23	3.9	4.33	4.59	2.91	2.93	2.17	2.37	3.88	4.96	4.32	4.76	6.66	6.74	5.0	4.09	2.75	3.71	3.08	4.34	4.69	4.69	5.48	4.98	2.62	3.2	3.93	4.1	3.24	3.9	5.04	3.7	2.58	2.86	4.0	2.86	3.29	3.97	4.22	6.5	8.02	4.09	6.29	7.29	4.92	3.96	4.36	4.91	5.19	5.48	5.32	4.17	4.44	4.53	3.9	4.41	4.65	5.58	5.6	3.89	4.66	4.4	4.48	5.1	3.63	3.24	2.53	3.86	3.87	1.87	2.28	4.12	4.6	2.77	3.48	4.54	6.49	4.7	7.05	7.96	5.2	4.33	4.9	3.56	3.66	4.62	5.79	5.24	5.05	6.08	3.12	3.76	4.46	5.92	3.9	3.7	4.84	3.26	2.5	3.0	2.5	1.69	3.32	5.48	4.24	6.28	5.21	3.95	4.41	3.46	3.34	1.83	2.2	3.12	3.85	2.73	2.82	1.9	2.81	3.02	2.48	2.72	3.27	3.24	4.65	6.85	7.11	4.85	5.61	6.56	5.41	3.07	3.48	3.75	3.02	3.67	3.14	2.41	3.07	2.63	4.59	6.34	3.97	2.26	2.7	4.2	4.73	3.87	3.06	2.13	3.09	3.88	2.04	2.42	2.92	4.44	4.31	5.14	5.95	4.77	4.63	4.22	4.88	2.18	4.23	3.9	2.63
1.0	2.0	3.0	4.0	5.0	6.0	7.0	8.0	9.0	10.0	11.0	12.0	13.0	14.0	15.0	16.0	17.0	18.0	19.0	20.0	21.0	22.0	23.0	24.0	25.0	26.0	27.0	28.0	29.0	30.0	31.0	32.0	33.0	34.0	35.0	36.0	37.0	38.0	39.0	40.0	41.0	42.0	43.0	44.0	45.0	46.0	47.0	48.0	49.0	50.0	51.0	52.0	53.0	54.0	55.0	56.0	57.0	58.0	59.0	60.0	61.0	62.0	63.0	64.0	65.0	66.0	67.0	68.0	69.0	70.0	71.0	72.0	73.0	74.0	75.0	76.0	77.0	78.0	79.0	80.0	81.0	82.0	83.0	84.0	85.0	86.0	87.0	88.0	89.0	90.0	91.0	92.0	93.0	94.0	95.0	96.0	97.0	98.0	99.0	100.0	101.0	102.0	103.0	104.0	105.0	106.0	107.0	108.0	109.0	110.0	111.0	112.0	113.0	114.0	115.0	116.0	117.0	118.0	119.0	120.0	121.0	122.0	123.0	124.0	125.0	126.0	127.0	128.0	129.0	130.0	131.0	132.0	133.0	134.0	135.0	136.0	137.0	138.0	139.0	140.0	141.0	142.0	143.0	144.0	145.0	146.0	147.0	148.0	149.0	150.0	151.0	152.0	153.0	154.0	155.0	156.0	157.0	158.0	159.0	160.0	161.0	162.0	163.0	164.0	165.0	166.0	167.0	168.0	169.0	170.0	171.0	172.0	173.0	174.0	175.0	176.0	177.0	178.0	179.0	180.0	181.0	182.0	183.0	184.0	185.0	186.0	187.0	188.0	189.0	190.0	191.0	192.0	193.0	194.0	195.0	196.0	197.0	198.0	199.0	200.0	201.0	202.0	203.0	204.0	205.0	206.0	207.0	208.0	209.0	210.0	211.0	212.0	213.0	214.0	215.0	216.0	217.0	218.0	219.0	220.0	221.0	222.0	223.0	224.0	225.0	226.0	227.0	228.0	229.0	230.0	231.0	232.0	233.0	234.0	235.0	236.0	237.0	238.0	239.0	240.0	241.0	242.0	243.0	244.0	245.0	246.0	247.0	248.0	249.0	250.0	251.0	252.0	253.0	254.0	255.0	256.0	257.0	258.0	259.0	260.0	261.0	262.0	263.0	264.0	265.0	266.0	267.0	268.0	269.0	270.0	271.0	272.0	273.0	274.0	275.0	276.0	277.0	278.0	279.0	280.0	281.0	282.0	283.0	284.0	285.0	286.0	287.0	288.0	289.0	290.0	291.0	292.0	293.0	294.0	295.0	296.0	297.0	298.0	299.0
2452.3795535098184
