5721.634224320085	300.0	1000.0	247.063545631538	0	0.0	5721.634224320085	0	0	1	-3.1430271619472854
5987.191925264565	300.0	2000.0	265.5577009444802	0	0.0	5987.191925264565	1	0	1	-3.506620623376664
6231.708779090456	300.0	2731.0314607915184	0.0	0	0.0	5962.740239881975	1	0	2	-2.35842687233744
6449.309271051372	300.0	3491.6709196345105	0.0	0	0.0	5940.980190685883	1	0	2	-2.135627109555665
6620.7992474126395	300.0	4303.031945637117	0.0	0	0.0	5923.831193049756	1	0	2	-2.117398560071834
6833.550480087459	300.0	5069.005589694816	0.0	0	0.0	5902.556069782275	1	0	2	-2.097660407529053
7200.0	300.0	5665.91111779102	0.0	0	180.9164247164772	5865.91111779102	1	0	2	-2.074622486057515
8200.0	300.0	5565.91111779102	0.0	0	832.9672396990318	5765.911117791022	1	0	2	-1.9966659496742496
9200.0	500.0	5465.911117791021	0.0	0	703.6128173158086	5665.911117791022	1	0	2	-1.8981791956226184
10200.0	300.0	5365.911117791017	0.0	0	810.6617089832689	5565.91111779102	1	0	2	-2.31194348087351
11200.0	1000.0	5265.91111779102	0.0	0	564.7674739904032	5465.911117791023	1	0	2	-1.7050217801102534
12200.0	1000.0	5165.911117791019	0.0	0	718.917398851796	5365.911117791022	1	0	2	-0.40903141195982234
13200.0	1000.0	5065.91111779102	0.0	0	599.7585317232297	5265.911117791023	1	0	2	-0.3182814714213651
14200.0	1000.0	4965.911117791017	0.0	0	656.6215331095536	5165.91111779102	1	0	2	-0.2314316710368493
15200.0	1000.0	4865.911117791017	0.0	0	766.2642885443438	5065.91111779102	1	0	2	-0.147341931993467
16200.0	2000.0	4765.911117791017	0.0	0	381.8219440596895	4965.911117791018	1	0	2	-0.06493135058466251
17200.0	2000.0	4665.911117791017	0.0	0	490.615637552979	4865.91111779102	1	0	2	0.703464280504095
18389.981292815755	2000.0	4356.931695693681	0.0	0	0.0	4746.912988509437	1	0	2	0.7913888110046414
19376.141333404736	2000.0	4272.1556510457995	0.0	0	0.0	4648.296984450537	1	0	2	0.8680273428995458
20492.756814109194	2000.0	4043.8786222708977	0.0	0	0.0	4536.635436380093	1	0	2	0.9375389237546226
21737.763742779283	2000.0	3674.371000733802	0.0	0	0.0	4412.134743513085	1	0	2	1.009614100348176
22839.270509734703	2000.0	3462.713557082844	0.0	0	0.0	4301.984066817549	1	0	2	1.0765731675500168
23762.901403310745	2000.0	3446.719574149201	0.0	0	0.0	4209.620977459948	1	0	2	1.1231036254987887
24299.169621316465	2000.0	3856.824534342913	0.0	0	0.0	4155.994155659384	1	0	2	1.1542319641098784
25200.0	2000.0	3865.9111177910263	0.0	0	230.4389876685782	4065.911117791031	1	0	2	1.187617489078668
26357.29937093682	2000.0	3592.881809760522	0.0	0	0.0	3950.1811806973456	1	0	2	1.235134631866026
27499.363918654766	1000.0	3450.817262042573	0.0	0	0.0	3950.181180697349	1	0	1	-0.1355666430526597
28210.46406274685	1000.0	3739.717117950491	0.0	0	0.0	3950.181180697353	1	0	1	0.7575805375072842
29200.0	1000.0	3750.181180697341	0.0	0	305.73005639964686	3950.181180697353	1	0	1	0.7575805375072842
30200.0	1000.0	3650.1811806973406	0.0	0	203.4006415801341	3850.1811806973456	1	0	2	0.38360290465058006
31200.0	1000.0	3650.1811806973415	0.0	0	261.0834815587805	3850.1811806973456	1	0	1	0.5964706770169479
32200.0	1000.0	3650.181180697342	0.0	0	397.34304230292764	3850.1811806973456	1	0	1	0.7964706770169481
33200.0	1000.0	3650.1811806973487	0.0	0	74.03740253789147	3850.181180697349	1	0	1	0.7964706770169477
34200.0	1000.0	3550.181180697342	0.0	0	301.4293512009681	3750.181180697342	1	0	2	0.4189389291733274
35209.17811648665	1000.0	3541.003064210689	0.0	0	0.0	3750.1811806973346	1	0	1	0.6324029196746326
36200.0	1000.0	3550.1811806973305	0.0	0	253.0491887009848	3750.1811806973237	1	0	1	0.8324029196746354
37200.0	1000.0	3450.1811806973255	0.0	0	307.577841261671	3650.1811806973274	1	0	2	0.45365805116255836
38200.0	1000.0	3450.1811806973183	0.0	0	391.65625883479515	3650.18118069732	1	0	1	0.665542598055973
39200.0	1000.0	3450.181180697318	0.0	0	220.87194002095202	3650.18118069732	1	0	1	0.8655425980559737
40200.0	1000.0	3350.1811806973155	0.0	0	467.0290140132274	3550.181180697313	1	0	2	0.4845684470945274
41200.0	1000.0	3350.1811806973164	0.0	0	487.0510840333227	3550.181180697313	1	0	1	0.6960560986020824
42200.0	1000.0	3350.181180697316	0.0	0	545.1393332633379	3550.181180697313	1	0	1	0.8960560986020826
43200.0	1000.0	3350.1811806973105	0.0	0	661.9746347311811	3550.1811806973055	1	0	1	0.8960560986020848
44200.0	1000.0	3350.1811806973096	0.0	0	722.5116012610015	3550.1811806973055	1	0	1	0.8960560986020848
45200.0	1000.0	3250.181180697315	0.0	0	768.3613284419698	3450.1811806973055	1	0	2	0.5130779659327103
46200.0	1000.0	3250.181180697312	0.0	0	809.0300520316159	3450.1811806973055	1	0	1	0.7241086642128383
47200.0	2000.0	3150.181180697314	0.0	0	405.00461610683124	3350.181180697313	1	0	2	0.5400603859533264
48200.0	2000.0	3150.181180697316	0.0	0	551.1299238289794	3350.181180697313	1	0	1	1.4430097681371068
49200.0	2000.0	3150.1811806973114	0.0	0	392.77542216560687	3350.181180697313	1	0	1	1.643009768137107
50200.0	3000.0	3150.181180697319	0.0	0	115.31116921737703	3350.181180697313	1	0	1	1.6430097681371072
51820.21832595389	3000.0	2529.9628547434354	0.0	0	0.0	3350.18118069732	1	0	1	2.04847487624527
53274.29284999062	3000.0	2075.888330706707	0.0	0	0.0	3350.18118069732	1	0	1	2.04847487624527
54393.82213346942	2000.0	1956.3590472279136	0.0	0	0.0	3350.18118069732	1	0	1	1.2375446600289404
55432.1016860118	2000.0	1918.079494685527	0.0	0	0.0	3350.18118069732	1	0	1	1.643009768137105
56009.13211906085	2000.0	2398.7521049413845	0.0	0	0.0	3407.8842240022277	1	0	0	1.4319112104763778
56804.99995286296	2000.0	2602.884271139269	0.0	0	0.0	3407.8842240022277	1	0	1	1.4284202274576356
57646.443388948406	2000.0	2761.440835053834	0.0	0	0.0	3407.8842240022277	1	0	1	1.6284202274576356
58489.43370188458	2000.0	2918.4505221176487	0.0	0	0.0	3407.8842240022277	1	0	1	1.6284202274576356
59549.73455200186	2000.0	2858.1496720003825	0.0	0	0.0	3407.8842240022277	1	0	1	1.6284202274576356
60200.0	1000.0	3207.8842240022323	0.0	0	50.06857606304402	3407.8842240022277	1	0	1	0.24212586633774535
61200.0	1000.0	3207.8842240022295	0.0	0	560.9640226966512	3407.8842240022277	1	0	1	0.9352730468976905
62200.0	1000.0	3207.8842240022263	0.0	0	629.5373287956972	3407.8842240022277	1	0	1	0.9352730468976905
63200.0	1000.0	3207.8842240022336	0.0	0	567.9138553058074	3407.884224002235	1	0	1	0.9352730468976886
64200.0	1000.0	3207.8842240022386	0.0	0	628.2908972553196	3407.884224002235	1	0	1	0.9352730468976886
65200.0	1000.0	3207.884224002237	0.0	0	152.83781771837675	3407.884224002235	1	0	1	0.9352730468976886
66200.0	1000.0	3207.8842240022336	0.0	0	227.0916365085577	3407.884224002235	1	0	1	0.935273046897688
67200.0	1000.0	3207.8842240022295	0.0	0	156.18938755971612	3407.8842240022277	1	0	1	0.9352730468976905
68200.0	1000.0	3207.8842240022154	0.0	0	349.25556676395354	3407.884224002206	1	0	1	0.9352730468976934
69200.0	1000.0	3207.884224002189	0.0	0	194.5266640984919	3407.8842240021913	1	0	1	0.9352730468976989
70200.0	1000.0	3207.884224002198	0.0	0	285.9360765987949	3407.884224002206	1	0	1	0.9352730468976961
71200.0	1000.0	3207.8842240022173	0.0	0	426.483787896359	3407.884224002206	1	0	1	0.9352730468976961
72200.0	1000.0	3207.884224002209	0.0	0	293.54911331189214	3407.884224002206	1	0	1	0.9352730468976961
73200.0	1000.0	3207.884224002203	0.0	0	492.59764521496254	3407.884224002206	1	0	1	0.9352730468976961
74200.0	1000.0	3207.8842240021977	0.0	0	563.0584760787606	3407.8842240021913	1	0	1	0.9352730468977
75200.0	1000.0	3207.8842240022045	0.0	0	402.0312608584354	3407.8842240021913	1	0	1	0.9352730468977
76209.39743493935	1000.0	3198.486789062852	0.0	0	0.0	3407.884224002177	1	0	1	0.9352730468977035
77200.0	1000.0	3207.8842240022072	0.0	0	332.38296061994333	3407.884224002177	1	0	1	0.9352730468977035
78200.0	1000.0	3207.884224002196	0.0	0	261.3056826002867	3407.884224002177	1	0	1	0.9352730468977035
79200.0	1000.0	3207.8842240021922	0.0	0	370.5540931119176	3407.884224002177	1	0	1	0.9352730468977035
80387.79710830958	1000.0	3020.0871156926087	0.0	0	0.0	3407.884224002177	1	0	1	0.9352730468977035
81577.359509544	1000.0	2830.5247144581786	0.0	0	0.0	3407.8842240021622	1	0	1	0.9352730468977075
82764.17879790154	1000.0	2643.705426100627	0.0	0	0.0	3407.8842240021622	1	0	1	0.9352730468977075
83748.27015347163	1000.0	2659.6140705305174	0.0	0	0.0	3407.8842240021622	1	0	1	0.9352730468977075
84379.97469480154	1000.0	3027.9095292006245	0.0	0	0.0	3407.884224002177	1	0	1	0.9352730468977035
85200.0	1000.0	3207.8842240021586	0.0	0	332.1822608164075	3407.884224002177	1	0	1	0.9352730468977035
86200.0	1000.0	3207.88422400215	0.0	0	576.8146649018454	3407.884224002177	1	0	1	0.9352730468977035
87200.0	1000.0	3207.884224002141	0.0	0	511.121967272833	3407.884224002177	1	0	1	0.9352730468977035
88200.0	1000.0	3207.88422400216	0.0	0	682.2646630812233	3407.884224002177	1	0	1	0.9352730468977035
89200.0	1000.0	3207.884224002154	0.0	0	599.1498305531277	3407.884224002177	1	0	1	0.9352730468977035
90200.0	1000.0	3207.8842240021468	0.0	0	642.5965112803678	3407.884224002177	1	0	1	0.9352730468977035
91200.0	1000.0	3107.8842240021354	0.0	0	515.4526248493785	3307.8842240021622	1	0	2	0.5505039022848277
92200.0	1000.0	3107.884224002138	0.0	0	645.824435321716	3307.8842240021622	1	0	1	0.7601025281529137
93200.0	1000.0	3107.8842240021345	0.0	0	674.1149367297476	3307.8842240021477	1	0	1	0.9601025281529173
94200.0	2000.0	3107.884224002119	0.0	0	425.645677942186	3307.884224002133	1	0	1	0.9601025281529207
95200.0	2000.0	3107.884224002121	0.0	0	626.3835015870573	3307.884224002133	1	0	1	1.653249708712866
96200.0	2000.0	3007.884224002122	0.0	0	384.0239050129312	3207.8842240021622	1	0	2	1.2673406219179275
97200.0	2000.0	3007.884224002126	0.0	0	417.30015700342483	3207.8842240021622	1	0	1	1.4760036196660795
98200.0	2000.0	3007.8842240021213	0.0	0	355.2577821274317	3207.884224002177	1	0	1	1.6760036196660766
99319.20967773293	2000.0	2888.6745462692015	0.0	0	0.0	3207.884224002177	1	0	1	1.6760036196660766
100596.1308545995	2000.0	2484.0612517159725	0.0	0	0.0	3080.1921063155314	1	0	2	1.295745965483008
101288.89125017748	2000.0	2791.300856138	0.0	0	0.0	3080.192106315546	1	0	1	1.5022783597741785
102200.0	2000.0	2880.192106315477	0.0	0	104.01931728686031	3080.192106315546	1	0	1	1.7022783597741786
103200.0	2000.0	2880.1921063154878	0.0	0	405.81680285283073	3080.1921063155605	1	0	1	1.7022783597741755
104200.0	2000.0	2880.1921063154723	0.0	0	208.38358738693933	3080.192106315546	1	0	1	1.7022783597741786
105200.0	2000.0	2880.1921063154823	0.0	0	275.8832620363246	3080.1921063155605	1	0	1	1.7022783597741755
106292.47845658122	2000.0	2787.7136497342626	0.0	0	0.0	3080.1921063155605	1	0	1	1.7022783597741755
107330.24446132536	2000.0	2749.94764499011	0.0	0	0.0	3080.192106315546	1	0	1	1.7022783597741786
108319.81905748097	2000.0	2760.3730488345095	0.0	0	0.0	3080.192106315546	1	0	1	1.7022783597741786
109218.90698158929	2000.0	2861.2851247262015	0.0	0	0.0	3080.192106315546	1	0	1	1.7022783597741786
110458.98885271903	2000.0	2621.203253596451	0.0	0	0.0	3080.1921063155314	1	0	1	1.7022783597741813
111690.25357488137	2000.0	2389.9385314340993	0.0	0	0.0	3080.1921063155314	1	0	1	1.7022783597741813
112348.79590208738	2000.0	2731.3962042280873	0.0	0	0.0	3080.1921063155314	1	0	1	1.7022783597741813
113726.98909389506	2000.0	2353.203012420413	0.0	0	0.0	3080.1921063155314	1	0	1	1.7022783597741813
114775.05127666326	2000.0	2305.140829652215	0.0	0	0.0	3080.1921063155314	1	0	1	1.7022783597741813
115473.1672542489	1000.0	2607.024852066593	0.0	0	0.0	3080.1921063155314	1	0	1	0.3159839986542911
116200.0	1000.0	2880.1921063154873	0.0	0	313.0421716741257	3080.1921063155314	1	0	1	1.0091311792142363
117200.0	1000.0	2880.192106315487	0.0	0	509.05199189578707	3080.1921063155314	1	0	1	1.0091311792142363
118200.0	1000.0	2880.192106315495	0.0	0	515.9646933460899	3080.1921063155314	1	0	1	1.0091311792142363
119200.0	1000.0	2780.1921063155046	0.0	0	601.049087430918	2980.192106315546	1	0	2	0.6204799246337577
120200.0	1000.0	2780.1921063155087	0.0	0	522.7720465174352	2980.192106315546	1	0	1	0.8277073044375127
121200.0	1000.0	2780.1921063154823	0.0	0	674.4042567445431	2980.192106315546	1	0	1	1.027707304437513
122200.0	1000.0	2780.19210631549	0.0	0	640.3499572743603	2980.1921063155605	1	0	1	1.0277073044375102
123200.0	1000.0	2780.192106315494	0.0	0	687.980046771816	2980.1921063155605	1	0	1	1.0277073044375102
124200.0	2000.0	2780.1921063155078	0.0	0	497.6547215740429	2980.1921063155605	1	0	1	1.0277073044375102
125200.0	2000.0	2780.1921063155073	0.0	0	99.35061649534327	2980.1921063155605	1	0	1	1.7208544849974556
126200.0	2000.0	2780.1921063154923	0.0	0	88.02664368149999	2980.1921063155605	1	0	1	1.7208544849974556
127200.0	2000.0	2780.1921063154887	0.0	0	112.96570768792299	2980.1921063155605	1	0	1	1.7208544849974556
128200.0	2000.0	2780.192106315485	0.0	0	168.05810015751922	2980.1921063155605	1	0	1	1.7208544849974556
129200.0	2000.0	2780.1921063154787	0.0	0	361.0634042442107	2980.1921063155605	1	0	1	1.7208544849974556
130200.0	2000.0	2780.1921063154805	0.0	0	511.02828742696147	2980.1921063155605	1	0	1	1.7208544849974556
131200.0	2000.0	2780.192106315458	0.0	0	14.848982640483882	2980.192106315546	1	0	1	1.720854484997456
132852.810204782	2000.0	2127.3819015334425	0.0	0	0.0	2980.1921063155314	1	0	1	1.720854484997458
134190.63120488115	2000.0	1789.5609014343063	0.0	0	0.0	2980.192106315546	1	0	1	1.7208544849974592
134895.6610914837	1000.0	2084.531014831754	0.0	0	0.0	2980.192106315575	1	0	1	0.33456012387756245
135490.3806377183	1000.0	2489.8114685971204	0.0	0	0.0	2980.192106315575	1	0	1	1.0277073044375076
136200.0	1000.0	2780.192106315457	0.0	0	143.84942890141974	2980.192106315575	1	0	1	1.0277073044375076
137200.0	1000.0	2780.1921063154523	0.0	0	575.883630961267	2980.192106315575	1	0	1	1.0277073044375076
138200.0	1000.0	2780.1921063154473	0.0	0	375.01493847795064	2980.192106315575	1	0	1	1.0277073044375076
139200.0	1000.0	2780.192106315397	0.0	0	674.8915284353134	2980.192106315546	1	0	1	1.027707304437513
140200.0	1000.0	2780.192106315396	0.0	0	525.873855280719	2980.192106315546	1	0	1	1.027707304437513
141200.0	1000.0	2780.1921063153877	0.0	0	454.8140327387664	2980.192106315517	1	0	1	1.0277073044375178
142200.0	1000.0	2780.1921063153386	0.0	0	670.4950686386146	2980.192106315517	1	0	1	1.0277073044375178
143200.0	1000.0	2780.1921063153372	0.0	0	655.5118517862575	2980.1921063154878	1	0	1	1.0277073044375231
144200.0	1000.0	2780.192106315319	0.0	0	505.08324413682567	2980.1921063154587	1	0	1	1.0277073044375282
145200.0	1000.0	2780.192106315308	0.0	0	130.7177034392662	2980.1921063154296	1	0	1	1.0277073044375333
146200.0	1000.0	2780.1921063153013	0.0	0	322.6195014365949	2980.1921063154005	1	0	1	1.0277073044375387
147200.0	1000.0	2780.192106315309	0.0	0	499.428601841355	2980.1921063154005	1	0	1	1.0277073044375387
148200.0	1000.0	2780.1921063153163	0.0	0	360.6644669911475	2980.1921063154005	1	0	1	1.0277073044375387
149200.0	1000.0	2780.1921063153227	0.0	0	420.27696880619624	2980.1921063154005	1	0	1	1.0277073044375387
150200.0	1000.0	2780.192106315311	0.0	0	224.52815038038534	2980.1921063154005	1	0	1	1.0277073044375387
151200.0	1000.0	2780.192106315294	0.0	0	522.8767328158137	2980.1921063154005	1	0	1	1.0277073044375387
152200.0	1000.0	2780.19210631531	0.0	0	321.91551770298975	2980.1921063154005	1	0	1	1.0277073044375387
153200.0	1000.0	2780.1921063153177	0.0	0	252.19607327552512	2980.1921063154005	1	0	1	1.0277073044375387
154200.0	1000.0	2780.1921063153086	0.0	0	370.47646414721385	2980.1921063154005	1	0	1	1.0277073044375387
155200.0	1000.0	2780.1921063153495	0.0	0	520.6241248116421	2980.1921063154005	1	0	1	1.0277073044375387
156200.0	1000.0	2780.192106315343	0.0	0	486.74674012267496	2980.1921063154005	1	0	1	1.0277073044375387
157200.0	1000.0	2780.192106315311	0.0	0	496.0478481519094	2980.1921063153713	1	0	1	1.0277073044375438
158200.0	1000.0	2780.1921063153036	0.0	0	567.9342265913729	2980.1921063153422	1	0	1	1.0277073044375489
159200.0	1000.0	2780.192106315346	0.0	0	425.25650799425784	2980.1921063153713	1	0	1	1.0277073044375438
160200.0	1000.0	2780.1921063153477	0.0	0	561.3174746770237	2980.1921063153713	1	0	1	1.0277073044375438
161200.0	1000.0	2780.1921063153363	0.0	0	642.9037194799166	2980.1921063153422	1	0	1	1.0277073044375489
162200.0	1000.0	2780.1921063153163	0.0	0	719.6110052879958	2980.1921063153422	1	0	1	1.0277073044375489
163200.0	1000.0	2780.1921063153172	0.0	0	703.8974439502344	2980.1921063153713	1	0	1	1.0277073044375438
164200.0	1000.0	2780.1921063153	0.0	0	618.605032627529	2980.1921063153713	1	0	1	1.0277073044375438
165200.0	2000.0	2780.1921063153213	0.0	0	370.63118032508646	2980.1921063153422	1	0	1	1.0277073044375489
166200.0	2000.0	2780.1921063153277	0.0	0	348.7750455342466	2980.1921063153422	1	0	1	1.720854484997494
167510.62927949117	2000.0	2469.5628268241885	0.0	0	0.0	2980.1921063153422	1	0	1	1.720854484997494
168740.32128658378	2000.0	2239.8708197315473	0.0	0	0.0	2980.1921063153422	1	0	1	1.720854484997494
169531.7039951332	2000.0	2448.488111182117	0.0	0	0.0	2980.1921063153422	1	0	1	1.720854484997494
170731.72259885242	2000.0	2248.4695074629253	0.0	0	0.0	2980.1921063153713	1	0	1	1.720854484997489
171783.1100641623	2000.0	2197.0820421530016	0.0	0	0.0	2980.1921063153713	1	0	1	1.720854484997489
172695.24017380405	2000.0	2284.951932511236	0.0	0	0.0	2980.1921063153422	1	0	1	1.7208544849974918
173241.02854689845	2000.0	2793.7423967262816	0.0	0	0.0	3034.7709436248115	1	0	0	1.513310206834747
174200.0	2000.0	2834.770943624748	0.0	0	236.22013588433038	3034.7709436248115	1	0	1	1.5109238396326512
175387.65420748317	2000.0	2647.116736141617	0.0	0	0.0	3034.7709436248406	1	0	1	1.7109238396326458
176532.23504641245	1000.0	2502.5358972123468	0.0	0	0.0	3034.7709436248697	1	0	1	0.3246294785127501
177200.0	1000.0	2834.770943624778	0.0	0	139.12424401153112	3034.7709436248697	1	0	1	1.0177766590726953
178200.0	1000.0	2834.770943624792	0.0	0	357.4620010101353	3034.7709436248697	1	0	1	1.0177766590726953
179200.0	1000.0	2834.7709436247837	0.0	0	415.990761922556	3034.7709436248697	1	0	1	1.0177766590726953
180200.0	1000.0	2834.7709436247765	0.0	0	212.43431039791903	3034.7709436248697	1	0	1	1.0177766590726953
181200.0	1000.0	2834.770943624779	0.0	0	549.4841034744459	3034.7709436248697	1	0	1	1.0177766590726953
182200.0	1000.0	2834.770943624751	0.0	0	350.34649026489933	3034.7709436248697	1	0	1	1.0177766590726953
183200.0	1000.0	2834.7709436247674	0.0	0	180.79883097717538	3034.7709436248697	1	0	1	1.0177766590726953
184395.51154600774	1000.0	2639.259397617021	0.0	0	0.0	3034.7709436248697	1	0	1	1.0177766590726953
185200.0	1000.0	2834.770943624743	0.0	0	179.27807176526403	3034.7709436248697	1	0	1	1.0177766590726953
186200.0	1000.0	2834.7709436247355	0.0	0	544.778545200068	3034.7709436248406	1	0	1	1.0177766590727007
187364.89292071693	1000.0	2669.8780229077984	0.0	0	0.0	3034.7709436248406	1	0	1	1.0177766590727007
188200.0	1000.0	2834.7709436247233	0.0	0	245.2327929470921	3034.7709436248406	1	0	1	1.0177766590727007
189200.0	1000.0	2834.7709436247055	0.0	0	384.23656106664566	3034.7709436248406	1	0	1	1.0177766590727007
190200.0	1000.0	2834.770943624747	0.0	0	607.6128035073634	3034.7709436248697	1	0	1	1.0177766590726964
191200.0	1000.0	2834.7709436247173	0.0	0	586.3936578960274	3034.7709436248697	1	0	1	1.0177766590726953
192200.0	1000.0	2834.7709436247237	0.0	0	730.0705647541909	3034.7709436248697	1	0	1	1.0177766590726953
193200.0	1000.0	2834.770943624749	0.0	0	775.8470630573574	3034.7709436248697	1	0	1	1.0177766590726953
194200.0	1000.0	2934.77094362475	0.0	0	766.6533727654023	3134.7709436248697	1	0	0	0.8062100338491387
195200.0	1000.0	2934.7709436247824	0.0	0	775.5566922174185	3134.7709436248697	1	0	1	0.7982655942724762
196200.0	2000.0	2834.7709436247897	0.0	0	354.694888461614	3034.7709436248697	1	0	2	0.6104648903711971
197200.0	2000.0	2734.7709436248188	0.0	0	550.7492926220584	2934.770943624899	1	0	2	1.521875009179301
198200.0	2000.0	2634.7709436248024	0.0	0	529.6110021695786	2834.7709436248697	1	0	2	1.53874989179443
199438.23596159552	3000.0	2396.5349820292513	0.0	0	0.0	2834.7709436248697	1	0	1	1.5450289294529358
200898.41962264042	3000.0	1936.351320984336	0.0	0	0.0	2834.770943624899	1	0	1	2.150494037561099
202258.8992431821	3000.0	1439.8237383884762	0.0	0	0.0	2698.722981570725	1	0	2	1.7657655497011346
203056.80042318415	2000.0	1641.9225583864174	0.0	0	0.0	2698.722981570725	1	0	1	1.1594357453840392
203981.5571622668	2000.0	1717.1658193037717	0.0	0	0.0	2698.722981570696	1	0	1	1.764900853492208
204717.72714482056	2000.0	1980.9958367499717	0.0	0	0.0	2698.722981570667	1	0	1	1.7649008534922117
205245.83956117983	2000.0	2452.883420390678	0.0	0	0.0	2698.722981570667	1	0	1	1.7649008534922117
206200.0	2000.0	2498.722981570485	0.0	0	339.4142335411452	2698.722981570667	1	0	1	1.7649008534922117
207200.0	2000.0	2498.722981570501	0.0	0	148.4031339889043	2698.722981570638	1	0	1	1.764900853492216
208206.98714869338	2000.0	2491.735832877122	0.0	0	0.0	2698.7229815706087	1	0	1	1.7649008534922197
209200.0	1000.0	2498.722981570514	0.0	0	416.1499764859036	2698.7229815706087	1	0	1	0.37860649237232946
210200.0	1000.0	2498.7229815705264	0.0	0	394.07112131873146	2698.722981570638	1	0	1	1.0717536729322708
211200.0	1000.0	2498.7229815705327	0.0	0	409.40082167697255	2698.722981570638	1	0	1	1.0717536729322708
212200.0	1000.0	2498.722981570558	0.0	0	503.4392789534468	2698.722981570638	1	0	1	1.0717536729322708
213200.0	1000.0	2498.72298157056	0.0	0	502.0083030279784	2698.722981570638	1	0	1	1.0717536729322708
214200.0	1000.0	2498.722981570596	0.0	0	241.04992262268206	2698.722981570638	1	0	1	1.0717536729322708
215200.0	1000.0	2498.7229815705928	0.0	0	173.01042561768554	2698.7229815706087	1	0	1	1.0717536729322745
216200.0	1000.0	2498.7229815705796	0.0	0	502.86819748123526	2698.7229815705796	1	0	1	1.0717536729322787
217200.0	1000.0	2498.7229815705673	0.0	0	92.89268004414043	2698.7229815705505	1	0	1	1.0717536729322827
218200.0	1000.0	2498.7229815705546	0.0	0	306.16470657780883	2698.7229815705505	1	0	1	1.0717536729322827
219200.0	1000.0	2498.7229815705687	0.0	0	98.17893322749296	2698.7229815705505	1	0	1	1.0717536729322827
220200.0	1000.0	2498.722981570562	0.0	0	378.4303642328887	2698.7229815705505	1	0	1	1.0717536729322827
221200.0	1000.0	2498.722981570567	0.0	0	305.3926792735583	2698.7229815705796	1	0	1	1.0717536729322787
222200.0	1000.0	2398.722981570575	0.0	0	611.1430245514784	2598.7229815706087	1	0	2	0.6797578818882744
223200.0	1000.0	2398.7229815705364	0.0	0	644.2237057656748	2598.7229815706087	1	0	1	0.8848409827548741
224200.0	1000.0	2398.722981570565	0.0	0	380.0259667239734	2598.722981570638	1	0	1	1.0848409827548706
225200.0	1000.0	2398.7229815705614	0.0	0	414.4831207849493	2598.722981570638	1	0	1	1.0848409827548706
226200.0	1000.0	2398.722981570578	0.0	0	133.7327382064541	2598.722981570638	1	0	1	1.0848409827548706
227200.0	1000.0	2398.72298157059	0.0	0	312.5770528509165	2598.722981570638	1	0	1	1.0848409827548706
228200.0	1000.0	2398.722981570621	0.0	0	305.6357477683923	2598.722981570638	1	0	1	1.0848409827548706
229214.16903587995	1000.0	2384.5539456906536	0.0	0	0.0	2598.722981570667	1	0	1	1.0848409827548668
230226.03441140972	1000.0	2271.5020326079293	0.0	0	0.0	2497.5364440176636	1	0	2	0.6940000963472934
231801.20301397896	1000.0	1696.3334300386596	0.0	0	0.0	2497.5364440176345	1	0	1	0.8968944315290318
232802.7013983257	1000.0	1694.8350456919052	0.0	0	0.0	2497.5364440176345	1	0	1	1.096894431529032
233608.87688789432	1000.0	1888.659556123293	0.0	0	0.0	2497.5364440176345	1	0	1	1.096894431529032
234200.0	1000.0	2297.5364440176395	0.0	0	30.533103536989074	2497.5364440176636	1	0	1	1.0968944315290288
235200.0	1000.0	2297.536444017646	0.0	0	601.7648473394802	2497.5364440176345	1	0	1	1.096894431529032
236200.0	1000.0	2297.53644401762	0.0	0	691.7032204376301	2497.5364440176345	1	0	1	1.096894431529032
237200.0	1000.0	2297.5364440176404	0.0	0	667.9443227068405	2497.5364440176636	1	0	1	1.0968944315290288
238200.0	1000.0	2297.53644401763	0.0	0	743.0543671170599	2497.5364440176636	1	0	1	1.0968944315290288
239200.0	1000.0	2297.5364440176295	0.0	0	553.0551103136386	2497.5364440176636	1	0	1	1.0968944315290288
240200.0	1000.0	2297.5364440176636	0.0	0	476.53662230458576	2497.5364440176345	1	0	1	1.096894431529032
241200.0	1000.0	2297.5364440176677	0.0	0	656.7714143226913	2497.5364440176345	1	0	1	1.096894431529032
242200.0	2000.0	2297.536444017669	0.0	0	423.37421720745624	2497.5364440176345	1	0	1	1.096894431529032
243200.0	2000.0	2297.536444017656	0.0	0	471.19523437300813	2497.5364440176345	1	0	1	1.7900416120889773
244200.0	2000.0	2297.536444017695	0.0	0	428.10306663881056	2497.5364440176345	1	0	1	1.7900416120889773
245200.0	2000.0	2297.5364440177127	0.0	0	378.59919739022735	2497.5364440176345	1	0	1	1.7900416120889773
246200.0	2000.0	2297.5364440177204	0.0	0	493.0027328694123	2497.5364440176636	1	0	1	1.790041612088974
247200.0	2000.0	2297.5364440177523	0.0	0	168.17670187549083	2497.5364440176636	1	0	1	1.790041612088974
248477.79768367184	2000.0	2019.7387603459028	0.0	0	0.0	2497.5364440176345	1	0	1	1.7900416120889773
249409.28024143964	2000.0	1995.1079468012913	0.0	0	0.0	2404.388188240817	1	0	2	1.3977971323103766
250257.96234474963	2000.0	2146.4258434913263	0.0	0	0.0	2404.388188240817	1	0	1	1.6001671243007891
251200.0	2000.0	2204.388188240977	0.0	0	26.528530366980704	2404.388188240817	1	0	1	1.8001671243007893
252200.0	2000.0	2204.3881882409937	0.0	0	119.72731598469545	2404.388188240817	1	0	1	1.8001671243007893
253200.0	2000.0	2204.3881882409573	0.0	0	297.2020814556745	2404.3881882407877	1	0	1	1.8001671243007924
254200.0	2000.0	2204.3881882409732	0.0	0	271.14885796402814	2404.388188240817	1	0	1	1.8001671243007893
255200.0	2000.0	2204.3881882410033	0.0	0	37.374583412049105	2404.388188240817	1	0	1	1.8001671243007893
256200.0	2000.0	2204.388188241006	0.0	0	31.809001784946304	2404.388188240846	1	0	1	1.8001671243007866
257200.0	2000.0	2204.388188241017	0.0	0	308.9798029397498	2404.388188240875	1	0	1	1.8001671243007835
258200.0	2000.0	2204.3881882410114	0.0	0	241.96831960440613	2404.388188240846	1	0	1	1.8001671243007866
259200.0	2000.0	2204.388188240996	0.0	0	102.36243548439234	2404.388188240846	1	0	1	1.8001671243007866
260558.09763047576	2000.0	1846.2905577652182	0.0	0	0.0	2404.388188240846	1	0	1	1.8001671243007866
261342.4134354939	2000.0	2061.9747527470836	0.0	0	0.0	2404.388188240846	1	0	1	1.8001671243007866
262626.4714012623	2000.0	1777.9167869786545	0.0	0	0.0	2404.3881882407586	1	0	1	1.8001671243007917
263842.2804444299	2000.0	1562.1077438109828	0.0	0	0.0	2404.3881882407004	1	0	1	1.8001671243008
264561.9677830403	1000.0	1842.4204052005891	0.0	0	0.0	2404.3881882407004	1	0	1	0.4138727631809107
265200.0	1000.0	2204.3881882408664	0.0	0	226.79007402976276	2404.3881882407004	1	0	1	1.1070199437408565
266200.0	1000.0	2204.3881882408277	0.0	0	489.8585481790942	2404.3881882407004	1	0	1	1.1070199437408565
267200.0	1000.0	2204.3881882408177	0.0	0	596.387581272691	2404.3881882407004	1	0	1	1.1070199437408565
268200.0	1000.0	2204.3881882407663	0.0	0	643.1957722388906	2404.3881882407004	1	0	1	1.1070199437408565
269200.0	1000.0	2204.3881882407322	0.0	0	700.6995978870546	2404.3881882407004	1	0	1	1.1070199437408565
270200.0	1000.0	2204.38818824074	0.0	0	715.5692533524707	2404.3881882407004	1	0	1	1.1070199437408565
271200.0	1000.0	2204.388188240777	0.0	0	683.2423023744486	2404.3881882407004	1	0	1	1.1070199437408565
272200.0	2000.0	2204.388188240748	0.0	0	398.15733030304546	2404.3881882407004	1	0	1	1.1070199437408563
273200.0	2000.0	2204.3881882407077	0.0	0	517.8799140849151	2404.3881882407586	1	0	1	1.8001671243007968
274200.0	2000.0	2204.3881882407454	0.0	0	22.70414314599475	2404.388188240817	1	0	1	1.8001671243007893
275455.37354423746	2000.0	1949.0146440032638	0.0	0	0.0	2404.388188240817	1	0	1	1.8001671243007893
276227.2583894485	2000.0	2177.129798792193	0.0	0	0.0	2404.3881882407586	1	0	1	1.8001671243007955
277200.0	2000.0	2204.3881882407077	0.0	0	281.72790212003747	2404.3881882407586	1	0	1	1.8001671243007955
278200.0	2000.0	2204.388188240766	0.0	0	353.18721140909474	2404.3881882407586	1	0	1	1.8001671243007955
279200.0	2000.0	2204.388188240765	0.0	0	208.0470111244358	2404.3881882407586	1	0	1	1.8001671243007955
280211.03143888124	2000.0	2193.3567493594483	0.0	0	0.0	2404.3881882407586	1	0	1	1.8001671243007955
281494.9587109935	2000.0	1909.4294772471471	0.0	0	0.0	2404.3881882407586	1	0	1	1.8001671243007955
282693.4378683666	2000.0	1710.950319874059	0.0	0	0.0	2404.388188240817	1	0	1	1.8001671243007928
283392.44227937446	1000.0	1942.0454677654634	0.0	0	0.0	2334.4877471401123	1	0	2	0.019144978660864176
284200.0	1000.0	2053.731975077419	0.0	0	119.09703412483213	2253.7319750775932	1	0	2	0.9191861734294026
285200.0	1000.0	2053.7319750773872	0.0	0	386.7725188656477	2253.7319750775932	1	0	1	0.9216180974810916
286200.0	1000.0	2053.7319750773477	0.0	0	319.9064439154463	2253.7319750775932	1	0	1	1.1216180974810916
287200.0	1000.0	2053.7319750773777	0.0	0	508.07492054556496	2253.7319750775932	1	0	1	1.1216180974810916
288200.0	1000.0	2053.731975077395	0.0	0	674.1380589573528	2253.7319750775932	1	0	1	1.1216180974810916
289200.0	1000.0	2053.7319750773204	0.0	0	565.2795496538165	2253.7319750775932	1	0	1	1.1216180974810916
290200.0	1000.0	2053.731975077296	0.0	0	446.8513166367193	2253.7319750775932	1	0	1	1.1216180974810916
291200.0	1000.0	2053.7319750773568	0.0	0	582.8278595453594	2253.7319750776514	1	0	1	1.1216180974810874
292200.0	1000.0	2053.731975077433	0.0	0	657.0573670981103	2253.7319750776514	1	0	1	1.1216180974810865
293200.0	1000.0	2053.7319750774777	0.0	0	477.4785814379575	2253.7319750777096	1	0	1	1.1216180974810812
294200.0	1000.0	2053.731975077444	0.0	0	460.9337827305426	2253.7319750776514	1	0	1	1.1216180974810854
295200.0	1000.0	2053.7319750774623	0.0	0	191.60909689450637	2253.7319750776514	1	0	1	1.1216180974810865
296200.0	1000.0	2053.731975077496	0.0	0	160.58631917351158	2253.7319750776514	1	0	1	1.1216180974810865
297200.0	1000.0	2053.7319750775155	0.0	0	551.33557268203	2253.7319750776514	1	0	1	1.1216180974810865
298200.0	1000.0	2153.731975077558	0.0	0	478.26461033849046	2353.7319750777096	1	0	0	0.9159881668545384
299200.0	1000.0	2153.731975077548	0.0	0	190.33512757357676	2353.7319750776514	1	0	1	0.912163246238257
300200.0	1000.0	2153.731975077519	0.0	0	431.7739273063489	2353.7319750775932	1	0	1	1.1121632462382627
1.47	1.73	2.29	2.04	2.21	2.75	3.29	3.54	3.46	4.1	4.44	2.5	1.31	2.09	1.85	2.16	1.84	2.68	3.15	3.63	1.47	1.11	1.71	1.56	1.47	1.81	1.74	1.36	1.16	1.15	1.89	1.61	1.07	1.66	2.21	2.86	3.36	3.94	6.05	4.95	4.6	3.93	4.53	4.6	3.06	1.87	1.38	1.92	2.22	2.44	2.95	2.76	1.83	1.62	2.26	2.22	2.04	2.58	2.18	1.34	1.64	1.56	1.08	1.53	1.48	1.69	2.04	2.58	2.77	1.85	1.11	1.66	1.86	1.99	0.88	0.96	0.8	1.08	1.42	2.02	2.56	3.31	3.8	3.27	2.7	2.75	3.29	3.85	4.46	4.4	3.24	3.02	2.0	2.1	1.9	2.9	2.92	3.35	3.35	3.01	2.44	2.72	2.81	2.39	1.53	2.09	2.35	2.0	1.99	1.39	2.53	2.31	2.61	2.8	3.06	2.99	2.78	3.65	3.23	1.7	2.19	2.39	2.78	3.79	3.08	2.11	1.1	1.36	1.68	1.99	1.93	1.89	2.56	2.47	1.7	2.44	2.84	2.63	1.67	1.42	1.49	1.65	1.89	1.34	1.89	2.06	1.92	1.56	1.78	2.86	1.47	1.73	2.29	2.04	2.21	2.75	3.29	3.54	3.46	4.1	4.44	2.5	1.31	2.09	1.85	2.16	1.84	2.68	3.15	3.63	1.47	1.11	1.71	1.56	1.47	1.81	1.74	1.36	1.16	1.15	1.89	1.61	1.07	1.66	2.21	2.86	3.36	3.94	6.05	4.95	4.6	3.93	4.53	4.6	3.06	1.87	1.38	1.92	2.22	2.44	2.95	2.76	1.83	1.62	2.26	2.22	2.04	2.58	2.18	1.34	1.64	1.56	1.08	1.53	1.48	1.69	2.04	2.58	2.77	1.85	1.11	1.66	1.86	1.99	0.88	0.96	0.8	1.08	1.42	2.02	2.56	3.31	3.8	3.27	2.7	2.75	3.29	3.85	4.46	4.4	3.24	3.02	2.0	2.1	1.9	2.9	2.92	3.35	3.35	3.01	2.44	2.72	2.81	2.39	1.53	2.09	2.35	2.0	1.99	1.39	2.53	2.31	2.61	2.8	3.06	2.99	2.78	3.65	3.23	1.7	2.19	2.39	2.78	3.79	3.08	2.11	1.1	1.36	1.68	1.99	1.93	1.89	2.56	2.47	1.7	2.44	2.84	2.63	1.67	1.42	1.49	1.65	1.89	1.34	1.89	2.06	1.92	1.56
1.0	2.0	3.0	4.0	5.0	6.0	7.0	8.0	9.0	10.0	11.0	12.0	13.0	14.0	15.0	16.0	17.0	18.0	19.0	20.0	21.0	22.0	23.0	24.0	25.0	26.0	27.0	28.0	29.0	30.0	31.0	32.0	33.0	34.0	35.0	36.0	37.0	38.0	39.0	40.0	41.0	42.0	43.0	44.0	45.0	46.0	47.0	48.0	49.0	50.0	51.0	52.0	53.0	54.0	55.0	56.0	57.0	58.0	59.0	60.0	61.0	62.0	63.0	64.0	65.0	66.0	67.0	68.0	69.0	70.0	71.0	72.0	73.0	74.0	75.0	76.0	77.0	78.0	79.0	80.0	81.0	82.0	83.0	84.0	85.0	86.0	87.0	88.0	89.0	90.0	91.0	92.0	93.0	94.0	95.0	96.0	97.0	98.0	99.0	100.0	101.0	102.0	103.0	104.0	105.0	106.0	107.0	108.0	109.0	110.0	111.0	112.0	113.0	114.0	115.0	116.0	117.0	118.0	119.0	120.0	121.0	122.0	123.0	124.0	125.0	126.0	127.0	128.0	129.0	130.0	131.0	132.0	133.0	134.0	135.0	136.0	137.0	138.0	139.0	140.0	141.0	142.0	143.0	144.0	145.0	146.0	147.0	148.0	149.0	149.0	150.0	151.0	152.0	153.0	154.0	155.0	156.0	157.0	158.0	159.0	160.0	161.0	162.0	163.0	164.0	165.0	166.0	167.0	168.0	169.0	170.0	171.0	172.0	173.0	174.0	175.0	176.0	177.0	178.0	179.0	180.0	181.0	182.0	183.0	184.0	185.0	186.0	187.0	188.0	189.0	190.0	191.0	192.0	193.0	194.0	195.0	196.0	197.0	198.0	199.0	200.0	201.0	202.0	203.0	204.0	205.0	206.0	207.0	208.0	209.0	210.0	211.0	212.0	213.0	214.0	215.0	216.0	217.0	218.0	219.0	220.0	221.0	222.0	223.0	224.0	225.0	226.0	227.0	228.0	229.0	230.0	231.0	232.0	233.0	234.0	235.0	236.0	237.0	238.0	239.0	240.0	241.0	242.0	243.0	244.0	245.0	246.0	247.0	248.0	249.0	250.0	251.0	252.0	253.0	254.0	255.0	256.0	257.0	258.0	259.0	260.0	261.0	262.0	263.0	264.0	265.0	266.0	267.0	268.0	269.0	270.0	271.0	272.0	273.0	274.0	275.0	276.0	277.0	278.0	279.0	280.0	281.0	282.0	283.0	284.0	285.0	286.0	287.0	288.0	289.0	290.0	291.0	292.0	293.0	294.0	295.0	296.0	297.0
5474.570678688548
