5651.821447161673	300.0	1000.0	177.25076847312582	0	0.0	5651.821447161673	0	0	1	-2.674070288561934
5840.097677178112	300.0	2000.0	188.27623001643968	0	0.0	5840.097677178112	1	0	1	-2.917960183016426
6015.7667227731135	300.0	2806.7640498454975	0.0	0	0.0	5822.530772618612	1	0	2	-2.2167842860359404
6172.727468650721	300.0	3634.10722938013	0.0	0	0.0	5806.8346980308515	1	0	2	-2.000524388331267
6386.556903107169	500.0	4398.894851478037	0.0	0	0.0	5785.451754585206	1	0	2	-1.980815534040477
6608.613319930029	500.0	5176.838434655177	0.0	0	0.0	5785.451754585206	1	0	1	-1.465554855752469
7200.0	300.0	5585.451754585207	0.0	0	465.4417112882202	5785.451754585205	1	0	1	-2.28720610328445
8200.0	300.0	5585.451754585207	0.0	0	877.092198058368	5785.451754585205	1	0	1	-1.7763804795184588
9200.0	300.0	5585.451754585209	0.0	0	823.9022597073945	5785.451754585207	1	0	1	-1.7763804795184601
10200.0	1000.0	5485.4517545852095	0.0	0	445.7022448080497	5685.451754585209	1	0	2	-2.115615338999301
11216.570971912359	2000.0	5367.223685481613	0.0	0	0.0	5583.794657393972	1	0	2	-0.6003389710897301
12200.0	2000.0	5285.451754585208	0.0	0	292.63547249805015	5485.451754585208	1	0	2	0.1770936038085753
13835.306540956954	2000.0	4486.614559532558	0.0	0	0.0	5321.921100489511	1	0	2	0.3208313108262161
15126.870082803242	2000.0	4065.894663501639	0.0	0	0.0	5192.76474630488	1	0	2	0.44831499336255365
15776.566045482927	2000.0	4351.229104553983	0.0	0	0.0	5127.795150036911	1	0	2	0.5165884301138306
16761.743033015275	2000.0	4267.5344182684	0.0	0	0.0	5029.277451283675	1	0	2	0.586798841140497
17430.082566796933	2000.0	4532.360931108572	0.0	0	0.0	4962.443497905504	1	0	2	0.6467053676998662
18236.11330594133	2000.0	4645.727118049738	0.0	0	0.0	4881.840423991067	1	0	2	0.7054404361682047
19919.62317672584	2000.0	3793.866260186781	0.0	0	0.0	4713.489436912618	1	0	2	0.8092508179700687
21237.267369365283	2000.0	3344.457648283394	0.0	0	0.0	4581.725017648678	1	0	2	0.9084588575401679
22408.24679311973	2000.0	3056.3802821535014	0.0	0	0.0	4464.627075273234	1	0	2	0.9818193683514129
23209.067418145558	2000.0	3175.4775946250934	0.0	0	0.0	4384.545012770654	1	0	2	1.0330561115731487
23993.945873305795	2000.0	3312.1112939488294	0.0	0	0.0	4306.057167254628	1	0	2	1.0750722967744077
24480.390245192382	2000.0	3777.022484873583	0.0	0	0.0	4257.412730065975	1	0	2	1.1047360199745326
25905.07579908777	2000.0	3209.8683755886595	0.0	0	0.0	4114.944174676439	1	0	2	1.1617092305625696
27362.89124514646	2000.0	2606.2713849241004	0.0	0	0.0	3969.1626300705684	1	0	2	1.2285806400620274
29023.627115351857	2000.0	1945.535514718702	0.0	0	0.0	3969.1626300705684	1	0	1	1.2429983765262944
30338.500577160044	2000.0	1630.6620529105153	0.0	0	0.0	3969.1626300705684	1	0	1	1.4429983765262946
32064.70608293032	2000.0	904.4565471402447	0.0	0	0.0	3969.162630070572	1	0	1	1.4429983765262933
34020.995455202865	2000.0	229.24017079491165	281.0729959272146	0	0.0	4250.23562599779	1	0	1	-0.36709193450906746
34298.118876010565	300.0	952.1167499872079	0.0	0	0.0	4250.235625997786	1	0	1	-2.479537171542908
35408.720979555445	2000.0	730.4544360878334	0.0	0	0.0	4139.175415643291	1	0	2	-0.9419844169072658
36362.63099983344	1000.0	681.1534137820379	0.0	0	0.0	4043.7844136154927	1	0	2	-0.18560138996896147
37076.3702517855	1000.0	967.4141618299714	0.0	0	0.0	4043.7844136154818	1	0	1	0.5183545294925983
37925.28342366975	1000.0	1118.5009899457132	0.0	0	0.0	4043.7844136154818	1	0	1	0.7183545294925995
38652.07101686171	1000.0	1391.7133967537548	0.0	0	0.0	4043.784413615489	1	0	1	0.7183545294925964
39231.06915711077	1000.0	1812.7152565046986	0.0	0	0.0	4043.784413615489	1	0	1	0.7183545294925964
39608.154008674166	1000.0	2435.6304049413066	0.0	0	0.0	4043.784413615489	1	0	1	0.7183545294925964
40117.25331012572	1000.0	2926.531103489751	0.0	0	0.0	4043.784413615489	1	0	1	0.7183545294925964
40563.36121424715	1000.0	3480.4231993683256	0.0	0	0.0	4043.784413615489	1	0	1	0.7183545294925964
41200.0	1000.0	3780.1205350401847	0.0	0	113.44205458505894	3980.1205350402015	1	0	2	0.33607027200821105
42200.0	2000.0	3780.1205350401965	0.0	0	12.574695035800687	3980.120535040209	1	0	1	0.5453374768275373
43200.0	2000.0	3780.1205350402006	0.0	0	170.67668170555407	3980.120535040209	1	0	1	1.4384846573874825
44346.689887448956	2000.0	3633.430647591246	0.0	0	0.0	3980.120535040209	1	0	1	1.4384846573874825
45437.81786571402	2000.0	3542.3026693261754	0.0	0	0.0	3980.120535040209	1	0	1	1.4384846573874825
46200.0	2000.0	3703.9023216116043	0.0	0	142.5294967294103	3903.902321611611	1	0	2	1.0582629558195382
47200.0	2000.0	3703.902321611604	0.0	0	105.21693198642606	3903.902321611604	1	0	1	1.269103736846393
48200.0	2000.0	3603.9023216116025	0.0	0	313.3086434215584	3803.902321611611	1	0	2	1.0927756805411095
49236.6981825863	2000.0	3463.53432076668	0.0	0	0.0	3700.232503352978	1	0	2	1.3334207353583596
50200.0	2000.0	3500.2325033529714	0.0	0	83.44340347360412	3700.2325033529705	1	0	1	1.3424416028223363
51497.05224281895	2000.0	3203.180260534022	0.0	0	0.0	3700.2325033529705	1	0	1	1.5424416028223364
52297.5329976128	2000.0	3322.6514302607816	0.0	0	0.0	3620.1844278735734	1	0	2	1.1619533798884651
53608.54514355908	2000.0	3011.6392843145004	0.0	0	0.0	3620.1844278735807	1	0	1	1.3681110119795252
54734.01663181565	2000.0	2886.1677960579286	0.0	0	0.0	3620.1844278735807	1	0	1	1.5681110119795254
55404.55182700891	2000.0	3215.632600864673	0.0	0	0.0	3620.1844278735807	1	0	1	1.5681110119795254
56200.0	2000.0	3420.184427873584	0.0	0	65.25684890186676	3620.1844278735807	1	0	1	1.5681110119795254
57200.0	2000.0	3420.1844278735784	0.0	0	324.64358722970064	3620.1844278735807	1	0	1	1.5681110119795254
58200.0	2000.0	3420.184427873579	0.0	0	424.1022479780295	3620.184427873588	1	0	1	1.5681110119795232
59200.0	2000.0	3420.1844278735744	0.0	0	117.4974978105165	3620.1844278735807	1	0	1	1.5681110119795254
60442.103687689305	2000.0	3178.080740184266	0.0	0	0.0	3620.1844278735807	1	0	1	1.5681110119795254
61806.19979108509	2000.0	2677.575026448895	0.0	0	0.0	3483.774817534002	1	0	2	1.197031340498358
63185.21724197622	2000.0	2298.5575755577697	0.0	0	0.0	3483.774817534002	1	0	1	1.40809634475212
64395.89182621905	2000.0	2087.882991314941	0.0	0	0.0	3483.774817534002	1	0	1	1.6080963447521202
65152.375205947064	2000.0	2331.3996115869213	0.0	0	0.0	3483.774817533995	1	0	1	1.6080963447521222
66227.283782034	2000.0	2256.4910354999743	0.0	0	0.0	3483.774817533995	1	0	1	1.6080963447521224
66989.35093303218	2000.0	2494.4238845017912	0.0	0	0.0	3483.7748175339875	1	0	1	1.6080963447521235
67734.23037996223	2000.0	2749.5444375717307	0.0	0	0.0	3483.774817533973	1	0	1	1.6080963447521264
68200.0	2000.0	3283.7748175339793	0.0	0	36.41701270490012	3483.774817533995	1	0	1	1.608096344752126
69200.0	2000.0	3283.7748175339902	0.0	0	486.5081334926799	3483.7748175340093	1	0	1	1.6080963447521193
70200.0	2000.0	3283.774817533997	0.0	0	554.1074416040938	3483.7748175340384	1	0	1	1.6080963447521108
71200.0	2000.0	3283.774817533991	0.0	0	428.6984765359957	3483.7748175340384	1	0	1	1.60809634475211
72485.17466240672	2000.0	2998.6001551272698	0.0	0	0.0	3483.7748175340384	1	0	1	1.60809634475211
73307.44444753767	2000.0	3176.3303699963267	0.0	0	0.0	3483.774817534053	1	0	1	1.608096344752106
74316.23432386623	3000.0	3167.5404936677783	0.0	0	0.0	3483.774817534053	1	0	1	1.6080963447521062
75429.23854538398	3000.0	2943.2358499982447	0.0	0	0.0	3372.4743953822617	1	0	2	1.6355994407896124
76613.05881668361	3000.0	2759.415578698603	0.0	0	0.0	3372.4743953822617	1	0	1	1.8429244186161289
77704.914790709	3000.0	2667.5596046732276	0.0	0	0.0	3372.4743953822617	1	0	1	2.042924418616129
79739.51031803408	3000.0	1632.9640773481342	0.0	0	0.0	3372.4743953822617	1	0	1	2.042924418616129
82194.6063260591	3000.0	200.0	22.13193067687581	0	0.0	3394.6063260591472	1	0	1	1.909009389292696
82457.26631993907	300.0	937.3400061200332	0.0	0	0.0	3394.6063260591472	1	0	1	-2.56786299368284
83489.53283676127	2000.0	905.0734892978351	0.0	0	0.0	3394.6063260591472	1	0	1	-0.2652779006887931
84271.36381694178	2000.0	1123.242509117329	0.0	0	0.0	3394.6063260591472	1	0	1	1.6318420841970882
85213.87019102297	2000.0	1180.7361350361552	0.0	0	0.0	3394.6063260591472	1	0	1	1.6318420841970882
85848.81416051937	2000.0	1545.792165539776	0.0	0	0.0	3394.606326059162	1	0	1	1.6318420841970847
86437.66458200173	2000.0	1956.9417440573989	0.0	0	0.0	3394.606326059162	1	0	1	1.6318420841970847
86932.1337775138	2000.0	2462.4725485453314	0.0	0	0.0	3394.606326059162	1	0	1	1.6318420841970847
87660.39030352028	2000.0	2734.2160225388516	0.0	0	0.0	3394.606326059162	1	0	1	1.6318420841970847
88200.0	2000.0	3194.606326059131	0.0	0	51.91445958800614	3394.606326059162	1	0	1	1.6318420841970847
89200.0	2000.0	3194.6063260591345	0.0	0	265.6884954333509	3394.606326059162	1	0	1	1.6318420841970847
90200.0	2000.0	3294.6063260591313	0.0	0	263.4020095548767	3494.606326059162	1	0	0	1.4155611584279635
91742.29321143379	3000.0	2752.3131146253377	0.0	0	0.0	3494.606326059162	1	0	1	1.4050867679881538
92954.74892093279	3000.0	2418.611834176428	0.0	0	0.0	3373.3607551092427	1	0	2	1.634738580907852
94105.50605484734	3000.0	2267.854700261869	0.0	0	0.0	3373.360755109228	1	0	1	1.8427015141031404
95359.62524785232	3000.0	2013.73550725689	0.0	0	0.0	3373.360755109228	1	0	1	2.0427015141031406
96119.60378199283	3000.0	2253.7569731163903	0.0	0	0.0	3373.360755109228	1	0	1	2.0427015141031406
97633.10899737637	3000.0	1740.2517577328333	0.0	0	0.0	3373.360755109228	1	0	1	2.0427015141031406
98357.69610910169	2000.0	2015.664646007511	0.0	0	0.0	3373.360755109228	1	0	1	1.2317712978868116
99072.45492716864	2000.0	2300.9058279405626	0.0	0	0.0	3373.360755109228	1	0	1	1.6372364059949762
100428.19612486176	2000.0	1945.1646302474476	0.0	0	0.0	3373.360755109228	1	0	1	1.6372364059949762
101909.61010300144	2000.0	1463.7506521077746	0.0	0	0.0	3373.360755109228	1	0	1	1.6372364059949762
103286.77910309305	2000.0	1086.581652016162	0.0	0	0.0	3373.360755109228	1	0	1	1.6372364059949762
104580.03257686603	2000.0	793.328178243195	0.0	0	0.0	3373.360755109228	1	0	1	1.6372364059949762
105369.51951585969	2000.0	1003.8412392495334	0.0	0	0.0	3373.360755109228	1	0	1	1.6372364059949762
106277.10859998585	2000.0	1096.2521551233804	0.0	0	0.0	3373.360755109228	1	0	1	1.6372364059949762
106936.55852517637	2000.0	1436.8022299328711	0.0	0	0.0	3373.3607551092427	1	0	1	1.6372364059949724
107742.80619764375	2000.0	1630.5545574654984	0.0	0	0.0	3373.3607551092427	1	0	1	1.6372364059949724
108619.36162776692	2000.0	1753.999127342328	0.0	0	0.0	3373.3607551092427	1	0	1	1.6372364059949724
109678.24920471497	2000.0	1695.111550394276	0.0	0	0.0	3373.3607551092427	1	0	1	1.6372364059949724
110476.83361942891	2000.0	1896.5271356803348	0.0	0	0.0	3373.3607551092427	1	0	1	1.6372364059949724
111201.78535547545	2000.0	2171.5753996337876	0.0	0	0.0	3373.3607551092427	1	0	1	1.6372364059949724
112096.97304971375	2000.0	2276.387705395474	0.0	0	0.0	3373.3607551092427	1	0	1	1.6372364059949724
112603.43522805577	2000.0	2769.925527053477	0.0	0	0.0	3373.3607551092427	1	0	1	1.6372364059949724
114109.86373409841	3000.0	2263.4970210108463	0.0	0	0.0	3373.3607551092573	1	0	1	1.637236405994969
115607.4637554921	3000.0	1616.1369974777974	0.0	0	0.0	3223.6007529699127	1	0	2	1.6693975515251904
116388.44668916315	2000.0	1835.154063806761	0.0	0	0.0	3223.600752969898	1	0	1	1.0670936877477704
117044.2704174619	2000.0	2179.3303355080084	0.0	0	0.0	3223.600752969898	1	0	1	1.6725587958559351
117738.92546067025	2000.0	2484.6752922996666	0.0	0	0.0	3223.600752969898	1	0	1	1.6725587958559351
118376.5784925179	2000.0	2847.0222604519963	0.0	0	0.0	3223.600752969898	1	0	1	1.6725587958559351
119200.0	2000.0	3023.600752969894	0.0	0	40.034223027614644	3223.6007529698836	1	0	1	1.6725587958559385
120616.62100974921	2000.0	2606.979743220686	0.0	0	0.0	3223.6007529698836	1	0	1	1.6725587958559385
121472.08636906369	2000.0	2751.5143839061907	0.0	0	0.0	3223.6007529698836	1	0	1	1.6725587958559385
122642.98705214044	2000.0	2580.613700829442	0.0	0	0.0	3223.6007529698836	1	0	1	1.6725587958559385
123615.79922447614	2000.0	2607.8015284937355	0.0	0	0.0	3223.6007529698836	1	0	1	1.6725587958559385
124318.56594272185	2000.0	2905.034810248033	0.0	0	0.0	3223.6007529698836	1	0	1	1.6725587958559385
125200.0	2000.0	3023.6007529698813	0.0	0	197.31488637020811	3223.600752969898	1	0	1	1.6725587958559351
126200.0	2000.0	3023.6007529698845	0.0	0	332.0016401462344	3223.600752969898	1	0	1	1.6725587958559351
127200.0	2000.0	3023.6007529698777	0.0	0	257.2625718594063	3223.600752969898	1	0	1	1.6725587958559351
128200.0	2000.0	2923.600752969853	0.0	0	86.60376846889267	3123.6007529698545	1	0	2	1.2873662759011397
129215.0983231304	2000.0	2908.5024298394587	0.0	0	0.0	3123.6007529698545	1	0	1	1.4936799172357693
130200.0	2000.0	2923.6007529698686	0.0	0	26.092748164301156	3123.600752969869	1	0	1	1.6936799172357664
131606.99288330556	2000.0	2516.6078696642753	0.0	0	0.0	3123.6007529698254	1	0	1	1.693679917235771
132655.47693924172	2000.0	2468.123813728097	0.0	0	0.0	3123.600752969811	1	0	1	1.6936799172357775
133547.28548092404	2000.0	2576.315272045777	0.0	0	0.0	3123.600752969811	1	0	1	1.6936799172357806
134610.59141338873	2000.0	2513.0093395811214	0.0	0	0.0	3123.6007529698254	1	0	1	1.6936799172357753
135487.5183231479	2000.0	2636.082429821987	0.0	0	0.0	3123.6007529698254	1	0	1	1.6936799172357753
136473.68734131224	2000.0	2649.9134116576624	0.0	0	0.0	3123.6007529698254	1	0	1	1.6936799172357753
137312.09864092455	2000.0	2811.502112045367	0.0	0	0.0	3123.6007529698545	1	0	1	1.6936799172357695
138680.39082865717	2000.0	2443.2099243127354	0.0	0	0.0	3123.6007529698545	1	0	1	1.6936799172357695
139576.95847787958	2000.0	2546.642275090289	0.0	0	0.0	3123.6007529698254	1	0	1	1.6936799172357753
140537.49219478926	2000.0	2586.108558180645	0.0	0	0.0	3123.6007529698254	1	0	1	1.6936799172357753
141548.12824472244	2000.0	2575.4725082474492	0.0	0	0.0	3123.6007529697963	1	0	1	1.693679917235781
142232.0309206828	2000.0	2891.5698322870926	0.0	0	0.0	3123.600752969767	1	0	1	1.6936799172357868
143218.8524003949	2000.0	2806.0662046037446	0.0	0	0.0	3024.918604998529	1	0	2	1.3070435165702297
144270.66857369497	2000.0	2754.250031303685	0.0	0	0.0	3024.918604998529	1	0	1	1.5127529043790942
145447.39737436513	2000.0	2577.5212306335147	0.0	0	0.0	3024.9186049985	1	0	1	1.7127529043790997
146200.0	2000.0	2824.918604998668	0.0	0	19.977228963689413	3024.9186049985	1	0	1	1.7127529043790997
147200.0	2000.0	2824.918604998653	0.0	0	337.63867803887115	3024.9186049985	1	0	1	1.7127529043790997
148779.16822212952	2000.0	2245.750382869137	0.0	0	0.0	3024.9186049985	1	0	1	1.7127529043790997
149826.62354251868	2000.0	2198.295062479967	0.0	0	0.0	3024.9186049985	1	0	1	1.7127529043790997
151330.53154313116	2000.0	1694.387061867477	0.0	0	0.0	3024.9186049985	1	0	1	1.7127529043790997
152949.86191514926	2000.0	1075.0566898493726	0.0	0	0.0	3024.9186049985	1	0	1	1.7127529043790997
154779.30460322797	2000.0	245.6140017706606	0.0	0	0.0	3024.9186049985	1	0	1	1.7127529043790997
154979.36822124544	300.0	1045.5503837531887	0.0	0	0.0	3024.9186049985	1	0	1	-2.0814870653926634
155803.8818217393	2000.0	1221.0367832593377	0.0	0	0.0	3024.918604998529	1	0	1	-0.1843670805067868
156334.6512689703	2000.0	1690.2673360283175	0.0	0	0.0	3024.918604998529	1	0	1	1.7127529043790943
156906.47910340127	2000.0	2118.439501597374	0.0	0	0.0	3024.9186049985583	1	0	1	1.712752904379089
157630.2455939352	2000.0	2394.673011063479	0.0	0	0.0	3024.9186049985583	1	0	1	1.712752904379089
158445.23845055554	2000.0	2579.6801544431005	0.0	0	0.0	3024.918604998529	1	0	1	1.7127529043790943
159581.14204872423	2000.0	2330.1861964575255	0.0	0	0.0	2911.3282451816776	1	0	2	1.327429761844505
160569.8884238917	2000.0	2341.439821290016	0.0	0	0.0	2911.3282451816776	1	0	1	1.532702637429022
161467.23951562337	2000.0	2444.08872955837	0.0	0	0.0	2911.3282451816776	1	0	1	1.7327026374290222
162723.11757923634	2000.0	2188.2106659453707	0.0	0	0.0	2911.3282451816776	1	0	1	1.7327026374290222
163880.56693506855	2000.0	2030.7613101131585	0.0	0	0.0	2911.3282451816776	1	0	1	1.7327026374290222
165002.81272614925	2000.0	1908.5155190324442	0.0	0	0.0	2911.3282451816776	1	0	1	1.7327026374290222
166025.05296280503	2000.0	1886.27528237666	0.0	0	0.0	2911.3282451816485	1	0	1	1.732702637429027
166888.6202969439	2000.0	2022.7079482377624	0.0	0	0.0	2911.3282451816485	1	0	1	1.732702637429027
168235.33197955586	2000.0	1675.9962656258303	0.0	0	0.0	2911.3282451816776	1	0	1	1.7327026374290242
170027.71155019468	2000.0	883.6166949869872	0.0	0	0.0	2911.3282451816776	1	0	1	1.7327026374290222
170765.71440253995	2000.0	1145.6138426417115	0.0	0	0.0	2911.3282451816776	1	0	1	1.7327026374290222
171765.70067272632	2000.0	1145.6275724553166	0.0	0	0.0	2911.3282451816776	1	0	1	1.7327026374290222
172508.33618135873	2000.0	1402.9920638229196	0.0	0	0.0	2911.3282451816776	1	0	1	1.7327026374290222
173241.74321927293	2000.0	1669.5850259087024	0.0	0	0.0	2911.3282451816776	1	0	1	1.7327026374290222
174003.04444316603	2000.0	1832.1536796262799	0.0	0	0.0	2835.1981227923825	1	0	2	1.3412478659542495
175651.8323231941	2000.0	1183.365799598193	0.0	0	0.0	2835.1981227923825	1	0	1	1.5449625233602773
177105.21069882734	2000.0	729.987423964956	0.0	0	0.0	2835.1981227923825	1	0	1	1.7449625233602775
178721.0092767389	2000.0	245.61477985542444	131.42593380205184	0	0.0	2966.6240565944463	1	0	1	0.935159997099761
178886.88759491502	300.0	1079.7364616793066	0.0	0	0.0	2966.6240565944463	1	0	1	-2.0709920206930295
180051.12854565124	2000.0	915.4955109430515	0.0	0	0.0	2966.6240565944463	1	0	1	-0.17387203580714872
181840.4654159973	2000.0	259.8703398765909	133.71169927959215	0	0.0	3100.335755873879	1	0	1	0.9060268788161701
182187.7319763412	300.0	912.6037795327105	0.0	0	0.0	3100.335755873879	1	0	1	-2.095910145001376
182764.19211788833	1000.0	1336.143637985589	0.0	0	0.0	3100.335755873879	1	0	1	-0.19879016011549488
183420.54261288868	1000.0	1679.7931429852624	0.0	0	0.0	3100.33575587385	1	0	1	1.0051826442104468
183956.22781695265	1000.0	2144.1079389212628	0.0	0	0.0	3100.3357558738207	1	0	1	1.0051826442104526
184761.96580295824	1000.0	2338.3699529157125	0.0	0	0.0	3100.33575587385	1	0	1	1.0051826442104492
185588.3910675263	1000.0	2511.9446883476394	0.0	0	0.0	3100.33575587385	1	0	1	1.0051826442104468
186254.66019983095	1000.0	2845.6755560430156	0.0	0	0.0	3100.33575587385	1	0	1	1.0051826442104468
187203.13680517918	1000.0	2897.1989506948057	0.0	0	0.0	3100.335755873879	1	0	1	1.005182644210441
188200.0	1000.0	2900.3357558739845	0.0	0	477.484626729507	3100.335755873879	1	0	1	1.005182644210441
189200.0	1000.0	2900.335755873947	0.0	0	443.5844008094864	3100.335755873879	1	0	1	1.005182644210441
190200.0	1000.0	2900.335755873938	0.0	0	600.866991805844	3100.335755873879	1	0	1	1.005182644210441
191200.0	1000.0	2900.3357558739376	0.0	0	531.4781458304205	3100.33575587385	1	0	1	1.0051826442104457
192200.0	1000.0	2900.3357558739135	0.0	0	668.113698856032	3100.33575587385	1	0	1	1.0051826442104468
193200.0	2000.0	2900.3357558739112	0.0	0	152.54322187963407	3100.3357558738207	1	0	1	1.0051826442104526
194316.13415997167	2000.0	2784.201595902238	0.0	0	0.0	3100.3357558738207	1	0	1	1.6983298247703975
195200.0	2000.0	2900.3357558739	0.0	0	117.3726862835465	3100.3357558738207	1	0	1	1.6983298247703975
196200.0	2000.0	2900.335755873895	0.0	0	38.03544735626201	3100.3357558738207	1	0	1	1.6983298247703975
197200.0	2000.0	2900.3357558739167	0.0	0	311.08175250393106	3100.3357558738207	1	0	1	1.6983298247703975
198200.0	2000.0	2900.335755873918	0.0	0	203.32716873826575	3100.33575587385	1	0	1	1.6983298247703917
199367.84432005705	2000.0	2615.7070038111715	0.0	0	0.0	2983.5513238681597	1	0	2	1.314376731728537
200434.70026895628	2000.0	2548.8510549119687	0.0	0	0.0	2983.551323868189	1	0	1	1.5202573400922403
201220.70673185843	2000.0	2762.8445920098184	0.0	0	0.0	2983.551323868189	1	0	1	1.7202573400922405
202200.0	2000.0	2783.55132386826	0.0	0	55.16098627081374	2983.551323868189	1	0	1	1.7202573400922405
203247.01617243062	2000.0	2736.5351514376357	0.0	0	0.0	2983.5513238681597	1	0	1	1.7202573400922456
204200.0	2000.0	2783.5513238682543	0.0	0	159.88963694954873	2983.5513238681597	1	0	1	1.7202573400922456
205200.0	2000.0	2783.551323868273	0.0	0	455.70177944609895	2983.5513238681597	1	0	1	1.7202573400922456
206200.0	2000.0	2783.5513238682843	0.0	0	455.96567219815915	2983.551323868189	1	0	1	1.7202573400922405
207200.0	2000.0	2783.55132386828	0.0	0	319.64588342868956	2983.551323868189	1	0	1	1.7202573400922405
208200.0	2000.0	2783.551323868321	0.0	0	160.5616584974341	2983.551323868189	1	0	1	1.7202573400922405
209278.63688656315	2000.0	2704.914437305176	0.0	0	0.0	2983.551323868189	1	0	1	1.7202573400922405
211202.88893929904	2000.0	1780.6623845692761	0.0	0	0.0	2983.5513238681597	1	0	1	1.7202573400922438
213111.37032877211	2000.0	872.1809950962133	0.0	0	0.0	2983.5513238681597	1	0	1	1.7202573400922447
214200.11173258373	2000.0	783.439591284595	0.0	0	0.0	2983.5513238681306	1	0	1	1.7202573400922507
215137.9751201901	2000.0	845.5762036782097	0.0	0	0.0	2983.5513238681306	1	0	1	1.7202573400922507
215942.16448923817	2000.0	960.967897725277	0.0	0	0.0	2903.1323869633197	1	0	2	1.33080324956112
216663.71195285124	2000.0	1239.4204341122006	0.0	0	0.0	2903.1323869632906	1	0	1	1.5340638858767077
217076.15156933677	2000.0	1826.9808176266445	0.0	0	0.0	2903.1323869632906	1	0	1	1.734063885876708
217605.79425348312	2000.0	2297.3381334803175	0.0	0	0.0	2903.1323869632906	1	0	1	1.734063885876708
218200.0	2000.0	2703.132386963443	0.0	0	206.43550028372556	2903.1323869632906	1	0	1	1.734063885876708
219200.0	2000.0	2603.1323869634584	0.0	0	462.24923557121656	2803.1323869632906	1	0	2	1.3439500304164032
220200.0	2000.0	2603.1323869634557	0.0	0	393.8573925695091	2803.1323869632906	1	0	1	1.549875396049545
221949.66392931037	3000.0	1853.4684576531124	0.0	0	0.0	2803.132386963349	1	0	1	1.7498753960495383
222784.85843441187	3000.0	2018.2739525516097	0.0	0	0.0	2803.132386963349	1	0	1	2.155340504157701
223567.65722467087	3000.0	2235.475162292567	0.0	0	0.0	2803.1323869633197	1	0	1	2.1553405041577056
224695.38326863133	3000.0	2107.74911833212	0.0	0	0.0	2803.132386963349	1	0	1	2.155340504157701
225428.972092895	3000.0	2374.160294068398	0.0	0	0.0	2803.132386963349	1	0	1	2.155340504157701
226928.03430321516	3000.0	1875.0980837482375	0.0	0	0.0	2803.132386963349	1	0	1	2.155340504157701
228939.36462726546	3000.0	863.767759697973	0.0	0	0.0	2803.132386963407	1	0	1	2.155340504157695
231536.51690309012	3000.0	200.0	933.3845161266856	0	0.0	3736.516903090116	1	0	1	-3.6091611318862444
231738.53059555887	300.0	997.9863075312312	0.0	0	0.0	3736.516903090116	1	0	1	-2.6694656766237888
232609.84158333114	2000.0	1126.6753197589396	0.0	0	0.0	3736.516903090087	1	0	1	-0.3668805836297391
233674.8107153893	2000.0	1061.7061877007902	0.0	0	0.0	3736.516903090116	1	0	1	1.5302394012561442
234581.0294238459	2000.0	1155.4874792441656	0.0	0	0.0	3736.516903090087	1	0	1	1.5302394012561482
235343.59230916604	2000.0	1316.6683053920044	0.0	0	0.0	3660.260614558065	1	0	2	1.1493915828523134
235980.00268300876	2000.0	1680.2579315492987	0.0	0	0.0	3660.260614558065	1	0	1	1.3554712626077112
236463.66634237207	2000.0	2196.5942721859665	0.0	0	0.0	3660.2606145580357	1	0	1	1.5554712626077207
236855.8687243134	2000.0	2804.391890244642	0.0	0	0.0	3660.2606145580357	1	0	1	1.5554712626077207
237371.1924323426	2000.0	3289.0681822154424	0.0	0	0.0	3660.2606145580357	1	0	1	1.5554712626077207
238200.0	2000.0	3543.1413713237794	0.0	0	357.1354939608718	3743.1413713237853	1	0	0	1.3396119823526398
239681.75135935456	3000.0	2913.214876033773	0.0	0	0.0	3594.9662353883323	1	0	2	0.9627830728926814
241414.77357964846	3000.0	2180.192655739866	0.0	0	0.0	3594.9662353883323	1	0	1	1.7813169804344908
242430.44109779943	3000.0	2164.525137588878	0.0	0	0.0	3594.966235388303	1	0	1	1.9813169804344999
243529.26416910495	3000.0	2065.70206628335	0.0	0	0.0	3594.966235388274	1	0	1	1.9813169804345085
244631.99904467212	3000.0	1962.9671907161835	0.0	0	0.0	3594.966235388274	1	0	1	1.9813169804345085
246029.7176827245	3000.0	1565.2485526638275	0.0	0	0.0	3594.966235388303	1	0	1	1.9813169804345034
247510.84658040633	3000.0	1084.1196549820238	0.0	0	0.0	3594.966235388303	1	0	1	1.9813169804344999
248247.62793055337	2000.0	1347.3383048349888	0.0	0	0.0	3594.966235388303	1	0	1	1.1703867642181705
249401.21374688225	2000.0	1193.7524885061202	0.0	0	0.0	3594.966235388303	1	0	1	1.575851872326335
250936.29342065915	2000.0	658.6728147292406	0.0	0	0.0	3594.966235388303	1	0	1	1.575851872326335
252171.9236726088	2000.0	423.04256277962287	0.0	0	0.0	3594.966235388274	1	0	1	1.5758518723263437
253546.17234805334	2000.0	327.8643151294201	279.07042779433607	0	0.0	3874.0366631826328	1	0	1	-0.19380735045205655
253745.07236637725	300.0	1128.9642968055168	0.0	0	0.0	3874.0366631826328	1	0	1	-2.3136247534578116
254845.55646280316	2000.0	1028.4802003796326	0.0	0	0.0	3874.036663182662	1	0	1	-0.4165047685719372
255608.36847352717	2000.0	1265.6681896556288	0.0	0	0.0	3874.036663182662	1	0	1	1.4806152163139397
256241.19518869667	2000.0	1632.8414744861136	0.0	0	0.0	3874.036663182662	1	0	1	1.4806152163139397
256980.24637702238	2000.0	1893.7902861604273	0.0	0	0.0	3874.036663182691	1	0	1	1.4806152163139286
257842.24981247107	2000.0	2031.7868507117503	0.0	0	0.0	3874.036663182691	1	0	1	1.4806152163139286
258578.22126167858	2000.0	2222.2182565834883	0.0	0	0.0	3800.439518261992	1	0	2	1.1016179410050173
259273.3256232711	2000.0	2457.6034588317384	0.0	0	0.0	3730.9290821027535	1	0	2	1.3259137322642625
259835.41723835497	2000.0	2839.3026822395177	0.0	0	0.0	3674.7199205943616	1	0	2	1.3464238045360832
260764.63223237253	2000.0	2910.0876882219227	0.0	0	0.0	3674.7199205943325	1	0	1	1.3508072580469308
261390.5250533918	2000.0	3221.6055851007322	0.0	0	0.0	3612.130638492381	1	0	2	1.1655017543576172
262539.67609018355	3000.0	3072.4545483089883	0.0	0	0.0	3612.13063849241	1	0	1	1.370600845931259
264413.6205816237	3000.0	2198.510056868885	0.0	0	0.0	3612.130638492439	1	0	1	1.9760659540394185
265327.0077532079	2000.0	2193.7841681263044	0.0	0	0.0	3520.791921334021	1	0	2	0.785307690023076
265975.16812027496	2000.0	2545.6238010592683	0.0	0	0.0	3520.79192133405	1	0	1	1.397695733547901
266694.4002167378	2000.0	2826.391704596466	0.0	0	0.0	3520.79192133405	1	0	1	1.5976957335479012
267219.4087046276	2000.0	3248.882367917744	0.0	0	0.0	3468.2910725450492	1	0	2	1.2084647893295322
268200.0	2000.0	3170.231943008141	0.0	0	357.1055438644253	3370.231943007908	1	0	2	1.428309396682294
269200.0	2000.0	3170.231943008148	0.0	0	179.97088274155976	3370.231943007908	1	0	1	1.4380224866505709
270200.0	2000.0	3170.231943008098	0.0	0	227.69596648187144	3370.231943007908	1	0	1	1.638022486650571
271200.0	2000.0	3170.2319430080643	0.0	0	78.88292930298485	3370.2319430078496	1	0	1	1.6380224866505857
272341.70730585814	2000.0	3028.524637149994	0.0	0	0.0	3370.2319430078496	1	0	1	1.6380224866505857
273200.0	2000.0	3170.2319430081243	0.0	0	158.47134974453365	3370.2319430078496	1	0	1	1.6380224866505857
274200.0	2000.0	3170.2319430081156	0.0	0	252.4059270537109	3370.2319430078496	1	0	1	1.6380224866505857
275200.0	2000.0	3170.231943008144	0.0	0	63.41740790521726	3370.2319430078496	1	0	1	1.6380224866505857
276200.0	2000.0	3170.231943008115	0.0	0	337.3480177995516	3370.2319430078496	1	0	1	1.6380224866505857
277200.0	2000.0	3170.231943008096	0.0	0	254.9712488934165	3370.2319430078496	1	0	1	1.6380224866505857
278230.51910797064	2000.0	3139.7128350374546	0.0	0	0.0	3370.2319430078496	1	0	1	1.6380224866505857
279789.98227862496	2000.0	2580.2496643830937	0.0	0	0.0	3370.2319430078496	1	0	1	1.6380224866505946
281092.81461355975	2000.0	2277.417329448236	0.0	0	0.0	3370.2319430078496	1	0	1	1.6380224866505857
281862.0153890042	2000.0	2508.216554003749	0.0	0	0.0	3370.2319430078496	1	0	1	1.6380224866505857
282600.75703960913	2000.0	2769.4749033988396	0.0	0	0.0	3370.231943007966	1	0	1	1.6380224866505653
283554.9741016205	2000.0	2815.2578413874844	0.0	0	0.0	3370.231943007966	1	0	1	1.6380224866505566
284591.97737768095	2000.0	2778.2545653270345	0.0	0	0.0	3370.231943007966	1	0	1	1.6380224866505566
285697.093421837	2000.0	2673.1385211709317	0.0	0	0.0	3370.231943007966	1	0	1	1.6380224866505566
286965.92112183076	2000.0	2404.310821177159	0.0	0	0.0	3370.231943007966	1	0	1	1.6380224866505566
288076.09813745954	2000.0	2294.1338055483916	0.0	0	0.0	3370.231943007966	1	0	1	1.6380224866505566
288911.15441600705	2000.0	2459.077527000874	0.0	0	0.0	3370.231943007966	1	0	1	1.6380224866505566
289771.26058342797	2000.0	2598.971359579925	0.0	0	0.0	3370.231943007908	1	0	1	1.638022486650571
290783.5972011938	2000.0	2586.6347418141377	0.0	0	0.0	3370.231943007908	1	0	1	1.638022486650571
291736.92238453997	2000.0	2633.3095584680195	0.0	0	0.0	3370.2319430078496	1	0	1	1.6380224866505857
292812.3634839946	2000.0	2557.86845901344	0.0	0	0.0	3370.2319430078496	1	0	1	1.6380224866505857
293856.7255576479	2000.0	2513.506385360127	0.0	0	0.0	3370.2319430078496	1	0	1	1.6380224866505857
294552.5289668922	2000.0	2817.7029761158215	0.0	0	0.0	3370.2319430078496	1	0	1	1.6380224866505857
295450.3436489253	2000.0	2919.8882940827325	0.0	0	0.0	3370.2319430078496	1	0	1	1.6380224866505857
296893.76367631665	2000.0	2476.468266691419	0.0	0	0.0	3370.231943007908	1	0	1	1.638022486650571
297997.64120889775	2000.0	2372.590734110311	0.0	0	0.0	3370.231943007966	1	0	1	1.6380224866505566
298939.948617951	2000.0	2336.052584151707	0.0	0	0.0	3276.001202102634	1	0	2	1.255388631763804
300575.3033550674	2000.0	1700.6978470353292	0.0	0	0.0	3276.001202102634	1	0	1	1.4607224508705434
302536.96564144286	2000.0	542.8693320223144	0.0	0	0.0	3079.834973465069	1	0	2	1.2927391497894476
2.21	2.92	2.81	2.2	2.06	1.99	2.2	1.38	1.37	2.06	2.71	2.5	2.33	0.92	1.25	1.8	2.32	2.99	3.52	1.73	1.36	1.61	1.51	1.61	1.96	1.55	0.61	1.23	1.49	1.93	1.4	1.18	1.54	2.07	2.32	2.48	2.87	2.73	1.82	2.06	2.61	2.81	2.57	2.62	2.29	1.52	2.04	1.78	2.15	2.51	3.17	3.26	2.31	1.9	2.21	1.46	1.07	1.1	1.62	2.26	2.58	3.36	3.9	5.0	5.31	2.06	2.07	2.76	3.35	3.54	3.36	2.46	2.65	1.58	1.12	1.48	1.71	2.11	2.64	2.5	3.13	3.67	4.34	3.48	2.33	2.56	2.25	2.73	2.71	2.88	3.06	1.9	2.48	2.11	1.55	1.87	1.42	1.42	1.78	2.35	2.95	3.63	3.32	2.57	2.77	2.95	2.98	3.44	1.66	1.9	2.46	3.2	3.7	2.56	1.7	2.17	1.68	1.68	2.42	2.93	2.8	2.81	2.27	2.03	1.58	1.59	2.04	2.33	2.43	2.61	2.19	1.83	2.04	1.73	1.93	2.2	2.37	1.56	1.95	2.27	2.69	2.07	1.24	1.53	2.02	1.54	1.04	1.14	1.4	1.31	2.21	2.92	2.81	2.2	2.06	1.99	2.2	1.38	1.37	2.06	2.71	2.5	2.33	0.92	1.25	1.8	2.32	2.99	3.52	1.73	1.36	1.61	1.51	1.61	1.96	1.55	0.61	1.23	1.49	1.93	1.4	1.18	1.54	2.07	2.32	2.48	2.87	2.73	1.82	2.06	2.61	2.81	2.57	2.62	2.29	1.52	2.04	1.78	2.15	2.51	3.17	3.26	2.31	1.9	2.21	1.46	1.07	1.1	1.62	2.26	2.58	3.36	3.9	5.0	5.31	2.06	2.07	2.76	3.35	3.54	3.36	2.46	2.65	1.58	1.12	1.48	1.71	2.11	2.64	2.5	3.13	3.67	4.34	3.48	2.33	2.56	2.25	2.73	2.71	2.88	3.06	1.9	2.48	2.11	1.55	1.87	1.42	1.42	1.78	2.35	2.95	3.63	3.32	2.57	2.77	2.95	2.98	3.44	1.66	1.9	2.46	3.2	3.7	2.56	1.7	2.17	1.68	1.68	2.42	2.93	2.8	2.81	2.27	2.03	1.58	1.59	2.04	2.33	2.43	2.61	2.19	1.83	2.04	1.73	1.93	2.2	2.37	1.56	1.95	2.27	2.69	2.07	1.24	1.53	2.02	1.54	1.04	1.14	1.4	1.31
1.0	2.0	3.0	4.0	5.0	6.0	7.0	8.0	9.0	10.0	11.0	12.0	13.0	14.0	15.0	16.0	17.0	18.0	19.0	20.0	21.0	22.0	23.0	24.0	25.0	26.0	27.0	28.0	29.0	30.0	31.0	32.0	33.0	34.0	35.0	36.0	37.0	38.0	39.0	40.0	41.0	42.0	43.0	44.0	45.0	46.0	47.0	48.0	49.0	50.0	51.0	52.0	53.0	54.0	55.0	56.0	57.0	58.0	59.0	60.0	61.0	62.0	63.0	64.0	65.0	66.0	67.0	68.0	69.0	70.0	71.0	72.0	73.0	74.0	75.0	76.0	77.0	78.0	79.0	80.0	81.0	82.0	83.0	84.0	85.0	86.0	87.0	88.0	89.0	90.0	91.0	92.0	93.0	94.0	95.0	96.0	97.0	98.0	99.0	100.0	101.0	102.0	103.0	104.0	105.0	106.0	107.0	108.0	109.0	110.0	111.0	112.0	113.0	114.0	115.0	116.0	117.0	118.0	119.0	120.0	121.0	122.0	123.0	124.0	125.0	126.0	127.0	128.0	129.0	130.0	131.0	132.0	133.0	134.0	135.0	136.0	137.0	138.0	139.0	140.0	141.0	142.0	143.0	144.0	145.0	146.0	147.0	148.0	149.0	149.0	150.0	151.0	152.0	153.0	154.0	155.0	156.0	157.0	158.0	159.0	160.0	161.0	162.0	163.0	164.0	165.0	166.0	167.0	168.0	169.0	170.0	171.0	172.0	173.0	174.0	175.0	176.0	177.0	178.0	179.0	180.0	181.0	182.0	183.0	184.0	185.0	186.0	187.0	188.0	189.0	190.0	191.0	192.0	193.0	194.0	195.0	196.0	197.0	198.0	199.0	200.0	201.0	202.0	203.0	204.0	205.0	206.0	207.0	208.0	209.0	210.0	211.0	212.0	213.0	214.0	215.0	216.0	217.0	218.0	219.0	220.0	221.0	222.0	223.0	224.0	225.0	226.0	227.0	228.0	229.0	230.0	231.0	232.0	233.0	234.0	235.0	236.0	237.0	238.0	239.0	240.0	241.0	242.0	243.0	244.0	245.0	246.0	247.0	248.0	249.0	250.0	251.0	252.0	253.0	254.0	255.0	256.0	257.0	258.0	259.0	260.0	261.0	262.0	263.0	264.0	265.0	266.0	267.0	268.0	269.0	270.0	271.0	272.0	273.0	274.0	275.0	276.0	277.0	278.0	279.0	280.0	281.0	282.0	283.0	284.0	285.0	286.0	287.0	288.0	289.0	290.0	291.0	292.0	293.0	294.0	295.0	296.0	297.0	298.0	298.0
5474.570678688548
