5622.991468567629	300.0	1000.0	148.4207898790823	0	0.0	5622.991468567629	0	0	1	-2.480552036419066
5779.353438139796	300.0	2000.0	156.36196957216595	0	0.0	5779.353438139796	1	0	1	-2.6752585696359104
5926.591000010271	300.0	2838.038681942477	0.0	0	0.0	5764.629681952749	1	0	2	-2.1587172765198184
6126.639349391384	500.0	3617.9854976232523	0.0	0	0.0	5744.6248470146365	1	0	2	-1.940117375848983
6303.499863743169	500.0	4423.43893183629	0.0	0	0.0	5726.938795579459	1	0	2	-1.4113950382574645
6827.390799187964	1000.0	4847.158902847016	0.0	0	0.0	5674.549702034979	1	0	2	-1.3713882078470037
7319.636010939498	1000.0	5305.68916992033	0.0	0	0.0	5625.325180859827	1	0	2	-0.6279294832695494
8200.0	1000.0	5337.288781953777	0.0	0	454.2094356567586	5537.288781953777	1	0	2	-0.5665760634478754
9200.0	2000.0	5237.288781953776	0.0	0	79.52340649185862	5437.288781953777	1	0	2	-0.4659315946777319
10200.0	2000.0	5137.288781953776	0.0	0	20.793560525891735	5337.288781953776	1	0	2	0.32169853792064734
12245.102663351263	3000.0	3887.6758522673895	0.0	0	0.0	5132.778515618652	1	0	2	0.4761752917783626
13690.663066263854	3000.0	3297.5594090635395	0.0	0	0.0	4988.222475327393	1	0	2	1.021495718239945
15327.741674562521	3000.0	2496.772939935005	0.0	0	0.0	4824.514614497528	1	0	2	1.1400090662128044
16453.019779373364	2000.0	2258.9670246430796	0.0	0	0.0	4711.986804016447	1	0	2	0.41600600463300136
17347.305463457506	2000.0	2275.252772150527	0.0	0	0.0	4622.558235608034	1	0	2	0.8873910761646063
18784.55784145515	2000.0	1694.275156353117	0.0	0	0.0	4478.8329978082675	1	0	2	0.9678430636958004
19918.973031272224	2000.0	1446.4184475543357	0.0	0	0.0	4365.391478826561	1	0	2	1.030654492968153
21272.92854976137	2000.0	957.0673772162761	0.0	0	0.0	4229.995926977645	1	0	2	1.110159847365497
21869.64292889813	1000.0	1300.681560165838	0.0	0	0.0	4170.324489063965	1	0	2	-0.23965781889676457
22475.762120650386	1000.0	1633.9504492383592	0.0	0	0.0	4109.712569888747	1	0	2	0.48208885096890286
23027.440134715376	1000.0	2027.10463376687	0.0	0	0.0	4054.5447684822466	1	0	2	0.5078764862137856
23525.413535348653	1000.0	2479.333893070267	0.0	0	0.0	4004.7474284189193	1	0	2	0.5299697951629418
24702.191943352424	2000.0	2184.8776442661183	0.0	0	0.0	3887.069587618542	1	0	2	0.5695324380802156
25461.89563558298	2000.0	2349.2035828125054	0.0	0	0.0	3811.099218395484	1	0	2	1.296794842971487
26183.59184821537	2000.0	2627.5073701801152	0.0	0	0.0	3811.0992183954804	1	0	1	1.3040039180134053
26804.8705280508	2000.0	3006.228690344686	0.0	0	0.0	3811.0992183954804	1	0	1	1.5040039180134055
27461.743099718933	2000.0	3283.668861509742	0.0	0	0.0	3745.4119612286668	1	0	2	1.121739004914144
28306.850781750687	2000.0	3438.5611794779907	0.0	0	0.0	3745.4119612286704	1	0	1	1.327192700811389
29200.0	2000.0	3456.0970394037495	0.0	0	26.914781566756574	3656.0970394037395	1	0	2	1.1489702855198642
31095.45531394753	3000.0	2371.0961940614657	0.0	0	0.0	3466.5515080089826	1	0	2	1.4000301794027545
32974.47866102265	3000.0	1304.1705122788303	0.0	0	0.0	3278.64917330147	1	0	2	1.8518872043002665
34370.31836122912	2000.0	908.330812072357	0.0	0	0.0	3278.649173301459	1	0	1	1.0546446232073197
36000.023522582596	2000.0	336.30334158246376	57.677690863593234	0	0.0	3336.3268641650466	1	0	1	1.3016180890537221
36149.952214255856	300.0	1186.3746499092056	0.0	0	0.0	3336.32686416505	1	0	1	-2.1478345229033926
36439.72294994246	500.0	1896.6039142226061	0.0	0	0.0	3336.326864165043	1	0	1	-0.25071453801750954
36810.29074319286	1000.0	2526.036120972203	0.0	0	0.0	3336.32686416505	1	0	1	0.2601110857484795
37200.0	1000.0	3136.3268641650616	0.0	0	29.89359189080278	3336.3268641650575	1	0	1	0.9532582663084233
38200.0	1000.0	3136.32686416505	0.0	0	708.0649891737557	3336.3268641650575	1	0	1	0.9532582663084233
39200.0	1000.0	3036.326864165054	0.0	0	491.87600352043955	3236.3268641650575	1	0	2	0.5677066845714495
40200.0	1000.0	3036.326864165051	0.0	0	593.1788515287044	3236.32686416505	1	0	1	0.7765870099588547
41200.0	2000.0	3036.32686416505	0.0	0	117.56012809581443	3236.326864165043	1	0	1	0.9765870099588563
42208.12832052259	2000.0	2927.3857115902038	0.0	0	0.0	3135.5140321127838	1	0	2	1.2854935325696537
43200.0	2000.0	2935.514032112802	0.0	0	257.5377974898147	3135.5140321127838	1	0	1	1.4912611515349736
44229.23607849588	2000.0	2906.277953616923	0.0	0	0.0	3135.5140321127838	1	0	1	1.6912611515349738
45200.0	2000.0	2838.4376399623948	0.0	0	58.52606077656674	3038.4376399623725	1	0	2	1.3051731191313398
46200.0	3000.0	2738.43763996239	0.0	0	211.32483599598345	2938.437639962358	1	0	2	1.5220570143954868
47747.100305266664	3000.0	2191.3373346957233	0.0	0	0.0	2938.4376399623507	1	0	1	1.9335919454309514
48655.55773395046	3000.0	2282.8799060119245	0.0	0	0.0	2938.4376399623507	1	0	1	2.1335919454309513
49991.96608576794	3000.0	1946.47155419445	0.0	0	0.0	2938.4376399623507	1	0	1	2.1335919454309513
50918.81547701497	3000.0	2019.6221629474155	0.0	0	0.0	2938.4376399623434	1	0	1	2.1335919454309527
52055.62098147156	3000.0	1882.8166584908333	0.0	0	0.0	2938.4376399623434	1	0	1	2.1335919454309527
53125.5285842754	3000.0	1812.9090556869892	0.0	0	0.0	2938.4376399623434	1	0	1	2.1335919454309527
54616.981952423244	3000.0	1172.31035072437	0.0	0	0.0	2789.292303147573	1	0	2	1.7520030064011138
55828.00735008988	3000.0	961.2849530577344	0.0	0	0.0	2789.2923031475802	1	0	1	1.9574165631571352
56539.83063982528	3000.0	1249.4616633223313	0.0	0	0.0	2789.2923031475802	1	0	1	2.1574165631571356
57359.28057387459	3000.0	1430.0117292730276	0.0	0	0.0	2789.2923031475802	1	0	1	2.1574165631571356
58424.890051940936	3000.0	1364.4022512066792	0.0	0	0.0	2789.292303147573	1	0	1	2.1574165631571365
59171.332771577356	3000.0	1617.9595315702593	0.0	0	0.0	2789.292303147573	1	0	1	2.1574165631571365
60114.58099166874	3000.0	1674.7113114788738	0.0	0	0.0	2789.292303147573	1	0	1	2.1574165631571365
61845.651507132905	3000.0	943.6407960147178	0.0	0	0.0	2789.292303147573	1	0	1	2.1574165631571365
62918.77175373068	3000.0	870.5205494169388	0.0	0	0.0	2789.292303147573	1	0	1	2.1574165631571365
63445.11376186713	2000.0	1344.178541280494	0.0	0	0.0	2789.292303147573	1	0	1	1.3464863469408073
64262.91435969424	3000.0	1526.377943453389	0.0	0	0.0	2789.2923031475802	1	0	1	1.7519514550489708
64912.12953491303	3000.0	1877.1627682345954	0.0	0	0.0	2789.292303147573	1	0	1	2.1574165631571365
65802.43746956567	3000.0	1986.8548335819567	0.0	0	0.0	2789.2923031475802	1	0	1	2.157416563157136
66516.90791163022	3000.0	2272.3843915174116	0.0	0	0.0	2789.292303147573	1	0	1	2.157416563157136
67562.5014770967	3000.0	2226.790826050951	0.0	0	0.0	2789.292303147595	1	0	1	2.1574165631571343
68461.91286212433	3000.0	2327.379441023344	0.0	0	0.0	2789.2923031476093	1	0	1	2.1574165631571316
69899.1120220789	3000.0	1890.1802810687705	0.0	0	0.0	2789.2923031476093	1	0	1	2.157416563157131
72046.81473255173	3000.0	742.4775705959316	0.0	0	0.0	2789.2923031476093	1	0	1	2.157416563157131
73802.69292886743	3000.0	200.0	213.4006257197622	0	0.0	3002.692928867429	1	0	1	0.8650284388581195
74156.75412679746	300.0	845.938802069961	0.0	0	0.0	3002.692928867429	1	0	1	-2.482885316711597
74569.06086022209	500.0	1433.6320686453535	0.0	0	0.0	3002.6929288674437	1	0	1	-0.1803002237175541
75109.5718580819	1000.0	1893.121070785563	0.0	0	0.0	3002.6929288674437	1	0	1	0.33052540004843667
75728.03551592592	1000.0	2274.6574129415267	0.0	0	0.0	3002.692928867429	1	0	1	1.0236725806083846
76325.34320385543	1000.0	2677.349725012015	0.0	0	0.0	3002.692928867429	1	0	1	1.0236725806083846
77200.0	1000.0	2802.692928867447	0.0	0	387.51073916726455	3002.692928867429	1	0	1	1.0236725806083846
78200.0	1000.0	2702.6929288674564	0.0	0	363.15942599548725	2902.6929288674437	1	0	2	0.6345993164495857
79200.0	1000.0	2702.692928867453	0.0	0	458.5903062535217	2902.6929288674437	1	0	1	0.8409894073966352
80200.0	1000.0	2702.6929288674664	0.0	0	483.8165611871809	2902.6929288674437	1	0	1	1.0409894073966355
81200.0	1000.0	2702.6929288674814	0.0	0	629.3221563721308	2902.692928867429	1	0	1	1.0409894073966377
82200.0	2000.0	2702.6929288674737	0.0	0	287.6559539475711	2902.692928867429	1	0	1	1.0409894073966377
83200.0	2000.0	2702.6929288674905	0.0	0	52.02610572484264	2902.692928867429	1	0	1	1.7341365879565829
84200.0	2000.0	2702.692928867489	0.0	0	110.99331019092642	2902.6929288674437	1	0	1	1.7341365879565804
85200.0	2000.0	2702.692928867488	0.0	0	223.7173219943943	2902.6929288674582	1	0	1	1.7341365879565782
86210.91946800979	2000.0	2691.773460857697	0.0	0	0.0	2902.6929288674582	1	0	1	1.7341365879565782
87722.50195954586	2000.0	2180.190969321635	0.0	0	0.0	2902.692928867473	1	0	1	1.7341365879565758
88536.44248816736	2000.0	2366.2504407001284	0.0	0	0.0	2902.692928867473	1	0	1	1.7341365879565758
90175.89210633308	2000.0	1726.800822534404	0.0	0	0.0	2902.6929288674582	1	0	1	1.7341365879565782
91083.05305544494	2000.0	1819.6398734225438	0.0	0	0.0	2902.6929288674582	1	0	1	1.7341365879565782
92204.41278436888	2000.0	1698.2801444986105	0.0	0	0.0	2902.6929288674582	1	0	1	1.7341365879565782
93323.82521843932	2000.0	1578.8677104281737	0.0	0	0.0	2902.6929288674582	1	0	1	1.7341365879565782
94558.2676731963	2000.0	1344.4252556711865	0.0	0	0.0	2902.6929288674437	1	0	1	1.7341365879565804
96008.61746795938	2000.0	894.0754609081123	0.0	0	0.0	2902.6929288674437	1	0	1	1.7341365879565804
96899.1349933322	2000.0	1003.5579355352834	0.0	0	0.0	2902.6929288674437	1	0	1	1.7341365879565804
97557.4554197199	1000.0	1345.2375091475824	0.0	0	0.0	2902.6929288674437	1	0	1	0.3478422268366902
98076.80714733883	1000.0	1773.950608766767	0.0	0	0.0	2850.7577561055514	1	0	2	0.6473348478238194
98535.49262165763	1000.0	2315.2651344479727	0.0	0	0.0	2850.757756105566	1	0	1	0.8493787118071023
99320.11628265769	1000.0	2530.6414734479117	0.0	0	0.0	2850.757756105566	1	0	1	1.0493787118071025
100200.0	1000.0	2650.757756105595	0.0	0	320.3704181224748	2850.757756105566	1	0	1	1.0493787118071025
101200.0	1000.0	2650.757756105594	0.0	0	614.8655743592099	2850.757756105566	1	0	1	1.0493787118071025
102200.0	1000.0	2650.7577561056037	0.0	0	484.5515013787808	2850.757756105566	1	0	1	1.0493787118071025
103200.0	1000.0	2650.7577561056	0.0	0	561.1609407927317	2850.757756105566	1	0	1	1.0493787118071025
104200.0	1000.0	2650.7577561055864	0.0	0	499.79945848057105	2850.7577561055514	1	0	1	1.0493787118071047
105200.0	1000.0	2650.7577561055928	0.0	0	539.1974188098975	2850.757756105566	1	0	1	1.0493787118071025
106200.0	1000.0	2650.757756105598	0.0	0	349.00165962264873	2850.757756105566	1	0	1	1.0493787118071025
107200.0	1000.0	2650.7577561055987	0.0	0	404.74615980987437	2850.757756105566	1	0	1	1.0493787118071025
108200.0	1000.0	2650.75775610559	0.0	0	349.50499171864067	2850.757756105566	1	0	1	1.0493787118071025
109200.0	2000.0	2650.757756105601	0.0	0	101.79353822558187	2850.757756105566	1	0	1	1.0493787118071023
110200.0	2000.0	2650.7577561055964	0.0	0	356.85936110555485	2850.757756105566	1	0	1	1.7425258923670475
111200.0	2000.0	2650.7577561055896	0.0	0	412.3976203334023	2850.757756105566	1	0	1	1.7425258923670475
112200.0	2000.0	2650.7577561055714	0.0	0	692.410496515542	2850.757756105566	1	0	1	1.7425258923670475
113553.50563498089	3000.0	2161.9015576266	0.0	0	0.0	2715.407192607483	1	0	2	1.3562333060755116
114623.54635975687	3000.0	2091.8608328506057	0.0	0	0.0	2715.407192607483	1	0	1	1.9680614042759559
115610.72835558376	3000.0	2104.6788370237123	0.0	0	0.0	2715.407192607483	1	0	1	2.168061404275956
117022.80076826893	3000.0	1692.606424338533	0.0	0	0.0	2715.407192607483	1	0	1	2.168061404275956
118522.79461347494	3000.0	1192.6125791325135	0.0	0	0.0	2715.407192607483	1	0	1	2.168061404275956
120041.7632796348	3000.0	673.6439129726582	0.0	0	0.0	2715.407192607483	1	0	1	2.168061404275956
120988.00853574908	2000.0	727.3986568583944	0.0	0	0.0	2715.407192607483	1	0	1	1.3571311880596266
121907.28388914141	2000.0	808.1233034660429	0.0	0	0.0	2715.407192607483	1	0	1	1.7625962961677912
122501.36724275559	2000.0	1214.0399498518682	0.0	0	0.0	2715.407192607483	1	0	1	1.7625962961677912
123161.37349604681	2000.0	1554.0336965606293	0.0	0	0.0	2715.407192607483	1	0	1	1.7625962961677912
123735.34944094118	2000.0	1980.0577516662813	0.0	0	0.0	2715.407192607483	1	0	1	1.7625962961677912
124279.00182756578	2000.0	2436.405365041695	0.0	0	0.0	2715.407192607483	1	0	1	1.7625962961677912
125305.38092873522	2000.0	2410.0262638722656	0.0	0	0.0	2715.407192607483	1	0	1	1.7625962961677912
126969.8579783069	2000.0	1745.5492143005863	0.0	0	0.0	2715.4071926074976	1	0	1	1.7625962961677892
128332.45724719232	2000.0	1382.949945415176	0.0	0	0.0	2715.4071926074976	1	0	1	1.7625962961677892
129655.80848554529	2000.0	1059.5987070621986	0.0	0	0.0	2715.4071926074976	1	0	1	1.7625962961677892
130647.72880463922	2000.0	1067.6783879682657	0.0	0	0.0	2715.4071926074976	1	0	1	1.7625962961677892
130972.19567187029	1000.0	1743.2115207372042	0.0	0	0.0	2715.4071926074976	1	0	1	0.376301935047899
131411.87568606576	1000.0	2303.5315065417417	0.0	0	0.0	2715.4071926075267	1	0	1	1.0694491156078416
132200.0	1000.0	2515.4071926075126	0.0	0	285.75867168730474	2715.407192607541	1	0	1	1.0694491156078383
133200.0	1000.0	2515.40719260751	0.0	0	530.3792466300365	2715.4071926075267	1	0	1	1.06944911560784
134200.0	1000.0	2415.407192607532	0.0	0	456.991565186996	2615.4071926075267	1	0	2	0.6777870818065821
135493.9531485729	2000.0	1992.058729177335	0.0	0	0.0	2486.0118777502503	1	0	2	0.8941354086142648
136393.402544297	2000.0	2092.6093334532916	0.0	0	0.0	2486.0118777502503	1	0	1	1.59134313305074
137200.0	2000.0	2286.0118777502676	0.0	0	289.0858624535322	2486.0118777502503	1	0	1	1.79134313305074
138200.0	2000.0	2286.011877750251	0.0	0	281.4508009405981	2486.0118777502503	1	0	1	1.79134313305074
139200.0	2000.0	2286.0118777502516	0.0	0	588.5526444082498	2486.0118777502503	1	0	1	1.79134313305074
140200.0	2000.0	2286.0118777502285	0.0	0	306.84926549578086	2486.0118777502503	1	0	1	1.79134313305074
141200.0	2000.0	2286.0118777502094	0.0	0	170.3787760855921	2486.011877750221	1	0	1	1.7913431330507434
142200.0	2000.0	2286.011877750213	0.0	0	440.664696437103	2486.011877750221	1	0	1	1.7913431330507434
143200.0	2000.0	2286.011877750184	0.0	0	174.50357556797098	2486.011877750221	1	0	1	1.7913431330507434
144200.0	2000.0	2286.0118777501743	0.0	0	48.38994664794882	2486.011877750221	1	0	1	1.7913431330507434
145346.1388908481	2000.0	2139.872986902105	0.0	0	0.0	2486.011877750221	1	0	1	1.7913431330507434
146200.0	2000.0	2286.011877750196	0.0	0	120.93675061728572	2486.011877750221	1	0	1	1.7913431330507434
147200.0	2000.0	2286.011877750191	0.0	0	344.59150380670326	2486.011877750221	1	0	1	1.7913431330507434
148200.0	2000.0	2286.011877750205	0.0	0	2.5334562840289436	2486.011877750221	1	0	1	1.7913431330507434
149200.0	2000.0	2286.0118777502025	0.0	0	269.5756142817845	2486.011877750221	1	0	1	1.7913431330507434
150259.65133555117	2000.0	2226.3605421990223	0.0	0	0.0	2486.011877750221	1	0	1	1.7913431330507434
151200.0	2000.0	2286.011877750209	0.0	0	291.75798471228336	2486.011877750221	1	0	1	1.7913431330507434
152621.9196093432	2000.0	1864.0922684070215	0.0	0	0.0	2486.011877750192	1	0	1	1.7913431330507465
153604.23749809052	2000.0	1881.7743796596856	0.0	0	0.0	2486.011877750192	1	0	1	1.7913431330507465
154368.98043350977	2000.0	2117.031444240461	0.0	0	0.0	2486.011877750221	1	0	1	1.7913431330507434
155200.0	2000.0	2286.011877750213	0.0	0	274.9253787812777	2486.011877750221	1	0	1	1.7913431330507434
156200.0	2000.0	2286.0118777502	0.0	0	272.78182782325894	2486.011877750221	1	0	1	1.7913431330507434
157200.0	2000.0	2286.0118777502034	0.0	0	106.00666466681287	2486.0118777502503	1	0	1	1.79134313305074
158200.0	2000.0	2286.0118777502307	0.0	0	299.6188633280399	2486.0118777502503	1	0	1	1.79134313305074
159231.57676345698	2000.0	2254.4351142932715	0.0	0	0.0	2486.0118777502503	1	0	1	1.79134313305074
160556.34769843717	2000.0	1929.6641793130777	0.0	0	0.0	2486.0118777502503	1	0	1	1.79134313305074
161985.16093375583	2000.0	1500.8509439943964	0.0	0	0.0	2486.011877750221	1	0	1	1.7913431330507434
162939.52333918947	2000.0	1546.4885385607702	0.0	0	0.0	2486.011877750221	1	0	1	1.7913431330507434
163776.76209078712	2000.0	1709.2497869631245	0.0	0	0.0	2486.011877750221	1	0	1	1.7913431330507434
165014.26681539897	2000.0	1471.7450623512616	0.0	0	0.0	2486.011877750192	1	0	1	1.791343133050746
166489.99336011344	2000.0	996.0185176367779	0.0	0	0.0	2486.011877750163	1	0	1	1.7913431330507499
167639.0316065551	2000.0	846.9802711951095	0.0	0	0.0	2486.011877750163	1	0	1	1.7913431330507499
169078.13547727102	2000.0	407.8764004792075	0.0	0	0.0	2486.011877750163	1	0	1	1.7913431330507499
169990.88656420654	1000.0	649.5771886655366	154.45187512184245	0	0.0	2640.4637528720195	1	0	1	-0.5403322213796709
170436.477829177	1000.0	1203.9859236950842	0.0	0	0.0	2640.4637528720486	1	0	1	1.0795262099113252
171181.52155164763	1000.0	1458.942201224431	0.0	0	0.0	2640.4637528720486	1	0	1	1.0795262099113252
171710.69196213686	1000.0	1929.7717907351855	0.0	0	0.0	2640.4637528720486	1	0	1	1.0795262099113252
172256.67742768323	1000.0	2383.786325188834	0.0	0	0.0	2640.4637528720486	1	0	1	1.0795262099113252
173200.0	1000.0	2440.4637528720737	0.0	0	564.6836150307208	2640.4637528720486	1	0	1	1.0795262099113252
174200.0	1000.0	2440.463752872082	0.0	0	410.7829853899311	2640.4637528720486	1	0	1	1.0795262099113252
175200.0	1000.0	2440.4637528721305	0.0	0	545.7714415186783	2640.4637528720777	1	0	1	1.0795262099113214
176200.0	1000.0	2440.4637528721482	0.0	0	601.29205804097	2640.463752872107	1	0	1	1.0795262099113176
177200.0	1000.0	2440.4637528721246	0.0	0	723.5136393362191	2640.463752872107	1	0	1	1.0795262099113176
178200.0	2000.0	2440.463752872116	0.0	0	205.91557251950144	2640.463752872107	1	0	1	1.0795262099113176
179200.0	2000.0	2440.4637528721046	0.0	0	88.47308732219972	2640.463752872107	1	0	1	1.7726733904712626
180571.39797120626	2000.0	2069.065781665846	0.0	0	0.0	2640.463752872107	1	0	1	1.7726733904712626
181276.8786411682	2000.0	2363.5851117039224	0.0	0	0.0	2640.463752872136	1	0	1	1.772673390471259
182485.5502443731	2000.0	2154.913508499049	0.0	0	0.0	2640.463752872107	1	0	1	1.77267339047126
183872.63255656222	2000.0	1767.831196309914	0.0	0	0.0	2640.4637528720486	1	0	1	1.7726733904712693
185358.08450018024	2000.0	1282.3792526919124	0.0	0	0.0	2640.4637528720486	1	0	1	1.7726733904712706
186028.08007190557	2000.0	1612.383680966611	0.0	0	0.0	2640.4637528720486	1	0	1	1.7726733904712706
186487.088538571	2000.0	2153.3752143011916	0.0	0	0.0	2640.4637528720777	1	0	1	1.7726733904712697
187714.00046629907	2000.0	1926.4632865731307	0.0	0	0.0	2640.4637528720777	1	0	1	1.7726733904712666
188492.50630057667	2000.0	2147.957452295543	0.0	0	0.0	2640.4637528720777	1	0	1	1.7726733904712666
189305.57495744104	2000.0	2334.8887954312017	0.0	0	0.0	2640.4637528720777	1	0	1	1.7726733904712666
190200.0	2000.0	2440.4637528722747	0.0	0	210.134980589326	2640.463752872107	1	0	1	1.7726733904712626
191200.0	2000.0	2440.463752872272	0.0	0	111.26674539819942	2640.463752872107	1	0	1	1.7726733904712626
192200.0	2000.0	2440.463752872275	0.0	0	423.3449529694917	2640.463752872107	1	0	1	1.7726733904712626
193427.63287979018	3000.0	2212.830873082128	0.0	0	0.0	2640.463752872107	1	0	1	1.772673390471263
194694.83010862212	3000.0	1945.6336442501845	0.0	0	0.0	2640.463752872107	1	0	1	2.1781384985794277
195667.5744426718	3000.0	1972.8893102005159	0.0	0	0.0	2640.463752872107	1	0	1	2.1781384985794277
197195.07413117817	3000.0	1445.3896216941362	0.0	0	0.0	2640.463752872107	1	0	1	2.1781384985794277
197839.90836180968	2000.0	1800.555391062646	0.0	0	0.0	2640.463752872107	1	0	1	1.367208282363098
198581.45177433183	2000.0	2059.011978540517	0.0	0	0.0	2640.463752872107	1	0	1	1.7726733904712626
199427.1125709928	2000.0	2213.351181879587	0.0	0	0.0	2640.463752872107	1	0	1	1.7726733904712626
200200.0	2000.0	2440.463752872347	0.0	0	256.5881356341997	2640.463752872136	1	0	1	1.772673390471259
201200.0	3000.0	2440.463752872349	0.0	0	91.79496665176703	2640.463752872136	1	0	1	1.7726733904712593
202315.8170315653	3000.0	2324.6467213070487	0.0	0	0.0	2640.463752872136	1	0	1	2.1781384985794237
203614.74436549103	3000.0	2025.7193873813542	0.0	0	0.0	2640.463752872165	1	0	1	2.17813849857942
204547.8012159945	3000.0	2092.662536877885	0.0	0	0.0	2640.463752872165	1	0	1	2.17813849857942
205200.0	3000.0	2440.4637528723893	0.0	0	0.8844545384927187	2640.463752872165	1	0	1	2.17813849857942
206200.0	3000.0	2440.463752872371	0.0	0	345.14904820523225	2640.463752872165	1	0	1	2.17813849857942
207200.0	3000.0	2440.463752872348	0.0	0	227.75266259914497	2640.463752872136	1	0	1	2.1781384985794237
208200.0	3000.0	2440.4637528723365	0.0	0	172.24016917080735	2640.463752872136	1	0	1	2.1781384985794237
209377.92058186253	3000.0	2262.5431710097782	0.0	0	0.0	2640.463752872107	1	0	1	2.1781384985794277
211183.31428136665	3000.0	1457.149471505643	0.0	0	0.0	2640.4637528720777	1	0	1	2.1781384985794308
212469.14048014034	3000.0	1171.3232727319582	0.0	0	0.0	2640.463752872107	1	0	1	2.1781384985794277
213454.4494852833	3000.0	1186.014267588982	0.0	0	0.0	2640.463752872107	1	0	1	2.1781384985794277
214292.05619973564	3000.0	1348.4075531366336	0.0	0	0.0	2640.463752872136	1	0	1	2.1781384985794237
215039.4315965891	3000.0	1601.0321562831903	0.0	0	0.0	2640.463752872107	1	0	1	2.1781384985794277
215861.59746084193	3000.0	1778.8662920303884	0.0	0	0.0	2640.463752872107	1	0	1	2.1781384985794277
216463.99255907713	3000.0	2176.4711937952025	0.0	0	0.0	2640.463752872107	1	0	1	2.1781384985794277
217639.73484737237	3000.0	2000.7289054999524	0.0	0	0.0	2640.463752872107	1	0	1	2.1781384985794277
218893.6021076299	3000.0	1746.861645242424	0.0	0	0.0	2640.463752872107	1	0	1	2.1781384985794277
221370.63204456415	3000.0	269.8317083081902	0.0	0	0.0	2640.463752872107	1	0	1	2.1781384985794277
221574.4947028441	300.0	1065.9690500282268	0.0	0	0.0	2640.4637528720486	1	0	1	-2.427031687408658
222140.00219463592	500.0	1500.46155823638	0.0	0	0.0	2640.4637528720486	1	0	1	-0.12444659441461087
222825.04348002342	1000.0	1815.4202728488665	0.0	0	0.0	2640.4637528720486	1	0	1	0.3863790293513799
223522.66480011263	1000.0	2117.798952759652	0.0	0	0.0	2640.4637528720777	1	0	1	1.0795262099113245
224200.0	1000.0	2440.463752872297	0.0	0	26.31683513522148	2640.4637528720777	1	0	1	1.0795262099113214
225200.0	1000.0	2440.4637528722787	0.0	0	600.092787108093	2640.4637528720777	1	0	1	1.0795262099113214
226200.0	1000.0	2440.4637528722787	0.0	0	355.9825710701698	2640.4637528720777	1	0	1	1.0795262099113214
227200.0	1000.0	2440.463752872286	0.0	0	406.4139138404862	2640.4637528720777	1	0	1	1.0795262099113214
228200.0	1000.0	2440.4637528723283	0.0	0	403.5227016384888	2640.4637528720777	1	0	1	1.0795262099113214
229200.0	1000.0	2440.4637528722965	0.0	0	534.5569065162563	2640.463752872107	1	0	1	1.0795262099113185
230200.0	1000.0	2440.463752872302	0.0	0	675.9884747528122	2640.463752872136	1	0	1	1.079526209911314
231200.0	1000.0	2440.463752872328	0.0	0	529.0638743136078	2640.463752872136	1	0	1	1.079526209911314
232200.0	1000.0	2440.46375287232	0.0	0	504.9056910240033	2640.463752872165	1	0	1	1.079526209911311
233200.0	1000.0	2440.463752872315	0.0	0	413.0700258918223	2640.463752872165	1	0	1	1.07952620991131
234200.0	1000.0	2440.463752872297	0.0	0	486.0221835858829	2640.463752872165	1	0	1	1.07952620991131
235200.0	1000.0	2440.463752872334	0.0	0	549.319067079894	2640.463752872165	1	0	1	1.07952620991131
236200.0	1000.0	2440.463752872368	0.0	0	471.563184646162	2640.463752872165	1	0	1	1.07952620991131
237200.0	1000.0	2440.463752872359	0.0	0	480.0927359428315	2640.463752872165	1	0	1	1.07952620991131
238200.0	1000.0	2440.4637528723424	0.0	0	579.7858454156667	2640.463752872165	1	0	1	1.07952620991131
239200.0	1000.0	2440.4637528723547	0.0	0	239.13423516161856	2640.463752872194	1	0	1	1.0795262099113063
240200.0	1000.0	2440.4637528723583	0.0	0	340.25091444692225	2640.463752872194	1	0	1	1.0795262099113063
241200.0	1000.0	2440.46375287235	0.0	0	576.5493527570216	2640.463752872194	1	0	1	1.0795262099113063
242200.0	1000.0	2440.4637528723665	0.0	0	480.18292490177555	2640.463752872194	1	0	1	1.0795262099113063
243200.0	1000.0	2440.4637528723606	0.0	0	351.86003780021565	2640.463752872194	1	0	1	1.0795262099113063
244200.0	1000.0	2440.4637528724006	0.0	0	200.54713899249327	2640.4637528722233	1	0	1	1.0795262099113025
245200.0	1000.0	2440.4637528723906	0.0	0	312.3121108660416	2640.463752872194	1	0	1	1.0795262099113063
246200.0	1000.0	2440.463752872409	0.0	0	545.1973759488028	2640.4637528722233	1	0	1	1.0795262099113025
247200.0	1000.0	2440.463752872417	0.0	0	428.06356635532575	2640.4637528722233	1	0	1	1.0795262099113025
248200.0	1000.0	2440.4637528724265	0.0	0	118.97709370497614	2640.463752872194	1	0	1	1.0795262099113063
249200.0	1000.0	2440.463752872409	0.0	0	543.1145880528493	2640.463752872194	1	0	1	1.0795262099113063
250200.0	1000.0	2440.463752872395	0.0	0	544.1990953492641	2640.463752872194	1	0	1	1.0795262099113057
251200.0	1000.0	2440.4637528723842	0.0	0	418.5336385469127	2640.4637528722524	1	0	1	1.0795262099112997
252200.0	1000.0	2440.463752872391	0.0	0	366.76463819885976	2640.4637528722815	1	0	1	1.079526209911295
253200.0	1000.0	2440.4637528723583	0.0	0	552.8638652421942	2640.4637528722524	1	0	1	1.079526209911298
254200.0	1000.0	2440.4637528723633	0.0	0	529.6295568791393	2640.4637528722524	1	0	1	1.0795262099112988
255200.0	1000.0	2440.4637528723497	0.0	0	427.07081224618014	2640.4637528722233	1	0	1	1.0795262099113025
256200.0	1000.0	2440.4637528723315	0.0	0	446.85365237807855	2640.4637528722233	1	0	1	1.0795262099113025
257200.0	1000.0	2440.4637528723038	0.0	0	555.375370664784	2640.4637528722233	1	0	1	1.0795262099113025
258200.0	1000.0	2440.463752872295	0.0	0	561.7744708319078	2640.463752872194	1	0	1	1.0795262099113063
259200.0	1000.0	2440.463752872294	0.0	0	713.3696167658782	2640.463752872194	1	0	1	1.0795262099113063
260200.0	1000.0	2440.463752872305	0.0	0	651.8738717787492	2640.463752872194	1	0	1	1.0795262099113063
261200.0	1000.0	2440.4637528722833	0.0	0	797.7070315715391	2640.463752872194	1	0	1	1.0795262099113063
262200.0	2000.0	2340.463752872319	0.0	0	218.2238271915121	2540.4637528722815	1	0	2	0.6872252761598107
263200.0	2000.0	2340.463752872299	0.0	0	135.23791380575858	2540.4637528722233	1	0	1	1.5850675290085317
264200.0	2000.0	2340.4637528723233	0.0	0	220.5046480151941	2540.4637528722233	1	0	1	1.7850675290085378
265200.0	2000.0	2340.463752872312	0.0	0	176.50658775109332	2540.463752872194	1	0	1	1.7850675290085407
266355.0091415049	2000.0	2185.4546113674587	0.0	0	0.0	2540.463752872194	1	0	1	1.7850675290085407
267200.0	2000.0	2340.4637528723842	0.0	0	41.42068980814656	2540.463752872136	1	0	1	1.7850675290085478
268200.0	2000.0	2340.4637528724415	0.0	0	294.37818598671583	2540.463752872194	1	0	1	1.7850675290085407
269200.0	2000.0	2340.4637528724197	0.0	0	118.40950457373401	2540.463752872194	1	0	1	1.7850675290085407
270200.0	2000.0	2340.463752872436	0.0	0	312.03726923966315	2540.463752872194	1	0	1	1.7850675290085407
271200.0	2000.0	2340.4637528724397	0.0	0	428.4410915489425	2540.463752872136	1	0	1	1.7850675290085478
272200.0	2000.0	2340.463752872486	0.0	0	366.99917584232753	2540.463752872194	1	0	1	1.7850675290085407
273200.0	2000.0	2340.463752872535	0.0	0	470.1533300211886	2540.4637528722524	1	0	1	1.7850675290085338
274230.0738537429	2000.0	2310.3898991296064	0.0	0	0.0	2540.463752872194	1	0	1	1.7850675290085407
276424.21477700805	2000.0	1116.2489758645124	0.0	0	0.0	2540.4637528722524	1	0	1	1.7850675290085338
277587.4262521088	2000.0	953.037500763773	0.0	0	0.0	2540.4637528722524	1	0	1	1.7850675290085338
278667.36724181107	2000.0	873.096511061549	0.0	0	0.0	2540.4637528722524	1	0	1	1.7850675290085338
279667.6534128215	2000.0	872.8103400510834	0.0	0	0.0	2540.4637528722524	1	0	1	1.7850675290085338
280635.02306788764	2000.0	905.4406849849638	0.0	0	0.0	2540.463752872194	1	0	1	1.7850675290085365
281671.4166706496	2000.0	869.0470822229724	0.0	0	0.0	2540.463752872136	1	0	1	1.7850675290085438
282397.13353295164	2000.0	1143.3302199209302	0.0	0	0.0	2540.463752872136	1	0	1	1.7850675290085478
283069.7653654451	2000.0	1470.6983874274583	0.0	0	0.0	2540.463752872136	1	0	1	1.7850675290085478
284319.0043646387	2000.0	1221.4593882339145	0.0	0	0.0	2540.463752872136	1	0	1	1.7850675290085478
284932.18667383265	1000.0	1608.2770790399004	0.0	0	0.0	2540.463752872136	1	0	1	0.39877316788865724
285436.1940521327	1000.0	2104.2697007398065	0.0	0	0.0	2540.463752872136	1	0	1	1.0919203484486024
286200.0	1000.0	2340.4637528724934	0.0	0	333.1634082115488	2540.463752872136	1	0	1	1.0919203484486024
287200.0	2000.0	2340.463752872483	0.0	0	428.21771550906124	2540.463752872136	1	0	1	1.0919203484486024
288200.0	2000.0	2340.4637528724793	0.0	0	598.3590498699341	2540.463752872136	1	0	1	1.7850675290085478
289200.0	2000.0	2340.463752872493	0.0	0	361.68332008761354	2540.463752872194	1	0	1	1.785067529008542
290200.0	2000.0	2340.463752872558	0.0	0	155.49069042835617	2540.4637528722524	1	0	1	1.7850675290085338
291243.73486665846	3000.0	2296.728886214114	0.0	0	0.0	2540.4637528722524	1	0	1	1.785067529008534
292604.36367706885	3000.0	1936.100075803736	0.0	0	0.0	2540.4637528723106	1	0	1	2.1905326371166916
294050.47144979035	3000.0	1489.9923030821856	0.0	0	0.0	2540.4637528723106	1	0	1	2.1905326371166916
294987.19528939895	3000.0	1553.2684634735865	0.0	0	0.0	2540.4637528723106	1	0	1	2.1905326371166916
296506.959868981	3000.0	1033.5038838915218	0.0	0	0.0	2540.4637528723106	1	0	1	2.1905326371166916
298107.27552331315	3000.0	433.1882295593348	0.0	0	0.0	2540.4637528723106	1	0	1	2.1905326371166916
298731.2506414865	2000.0	809.2131113860005	0.0	0	0.0	2540.4637528723106	1	0	1	1.3796024209003623
299416.09700843174	2000.0	1124.3667444407804	0.0	0	0.0	2540.4637528723106	1	0	1	1.785067529008527
300337.52756157593	2000.0	1202.9361912965721	0.0	0	0.0	2540.4637528722524	1	0	1	1.7850675290085338
301587.3206923455	2000.0	953.1430605270667	0.0	0	0.0	2540.4637528722524	1	0	1	1.7850675290085338
2.79	1.88	2.24	2.77	2.11	1.37	1.34	1.4	2.25	2.3	1.96	1.7	1.78	1.88	0.79	1.73	1.75	2.5	2.21	2.18	3.26	4.03	2.91	2.46	1.68	1.98	2.25	1.46	1.49	1.29	2.21	3.48	2.26	2.39	2.95	2.69	2.72	3.36	1.9	2.63	3.13	2.09	3.04	2.72	3.3	3.37	2.28	2.33	2.36	2.98	3.52	4.27	3.02	3.1	2.84	2.02	2.4	2.97	3.38	4.17	5.17	3.94	2.73	2.54	1.6	0.86	2.46	1.19	1.22	2.11	2.24	1.92	2.21	2.33	2.99	3.59	2.54	2.5	1.85	2.58	1.45	1.69	2.61	1.55	1.77	2.36	2.29	1.63	1.7	1.49	1.78	1.75	1.78	1.48	2.68	2.84	2.0	2.47	2.94	2.07	2.26	2.41	1.99	2.63	3.81	5.25	5.54	2.4	2.63	3.01	2.11	2.04	2.41	2.73	1.46	2.75	3.19	3.06	3.17	1.6	0.9	1.39	1.56	1.59	2.0	2.77	2.28	2.33	2.61	1.52	2.41	3.12	4.25	3.65	2.2	2.94	2.92	1.73	2.19	2.31	2.75	2.07	2.36	2.54	2.48	3.01	1.53	2.56	2.71	1.82	2.79	1.88	2.24	2.77	2.11	1.37	1.34	1.4	2.25	2.3	1.96	1.7	1.78	1.88	0.79	1.73	1.75	2.5	2.21	2.18	3.26	4.03	2.91	2.46	1.68	1.98	2.25	1.46	1.49	1.29	2.21	3.48	2.26	2.39	2.95	2.69	2.72	3.36	1.9	2.63	3.13	2.09	3.04	2.72	3.3	3.37	2.28	2.33	2.36	2.98	3.52	4.27	3.02	3.1	2.84	2.02	2.4	2.97	3.38	4.17	5.17	3.94	2.73	2.54	1.6	0.86	2.46	1.19	1.22	2.11	2.24	1.92	2.21	2.33	2.99	3.59	2.54	2.5	1.85	2.58	1.45	1.69	2.61	1.55	1.77	2.36	2.29	1.63	1.7	1.49	1.78	1.75	1.78	1.48	2.68	2.84	2.0	2.47	2.94	2.07	2.26	2.41	1.99	2.63	3.81	5.25	5.54	2.4	2.63	3.01	2.11	2.04	2.41	2.73	1.46	2.75	3.19	3.06	3.17	1.6	0.9	1.39	1.56	1.59	2.0	2.77	2.28	2.33	2.61	1.52	2.41	3.12	4.25	3.65	2.2	2.94	2.92	1.73	2.19	2.31	2.75	2.07	2.36	2.54	2.48	3.01	1.53	2.56	2.71	1.82
1.0	2.0	3.0	4.0	5.0	6.0	7.0	8.0	9.0	10.0	11.0	12.0	13.0	14.0	15.0	16.0	17.0	18.0	19.0	20.0	21.0	22.0	23.0	24.0	25.0	26.0	27.0	28.0	29.0	30.0	31.0	32.0	33.0	34.0	35.0	36.0	37.0	38.0	39.0	40.0	41.0	42.0	43.0	44.0	45.0	46.0	47.0	48.0	49.0	50.0	51.0	52.0	53.0	54.0	55.0	56.0	57.0	58.0	59.0	60.0	61.0	62.0	63.0	64.0	65.0	66.0	67.0	68.0	69.0	70.0	71.0	72.0	73.0	74.0	75.0	76.0	77.0	78.0	79.0	80.0	81.0	82.0	83.0	84.0	85.0	86.0	87.0	88.0	89.0	90.0	91.0	92.0	93.0	94.0	95.0	96.0	97.0	98.0	99.0	100.0	101.0	102.0	103.0	104.0	105.0	106.0	107.0	108.0	109.0	110.0	111.0	112.0	113.0	114.0	115.0	116.0	117.0	118.0	119.0	120.0	121.0	122.0	123.0	124.0	125.0	126.0	127.0	128.0	129.0	130.0	131.0	132.0	133.0	134.0	135.0	136.0	137.0	138.0	139.0	140.0	141.0	142.0	143.0	144.0	145.0	146.0	147.0	148.0	149.0	149.0	150.0	151.0	152.0	153.0	154.0	155.0	156.0	157.0	158.0	159.0	160.0	161.0	162.0	163.0	164.0	165.0	166.0	167.0	168.0	169.0	170.0	171.0	172.0	173.0	174.0	175.0	176.0	177.0	178.0	179.0	180.0	181.0	182.0	183.0	184.0	185.0	186.0	187.0	188.0	189.0	190.0	191.0	192.0	193.0	194.0	195.0	196.0	197.0	198.0	199.0	200.0	201.0	202.0	203.0	204.0	205.0	206.0	207.0	208.0	209.0	210.0	211.0	212.0	213.0	214.0	215.0	216.0	217.0	218.0	219.0	220.0	221.0	222.0	223.0	224.0	225.0	226.0	227.0	228.0	229.0	230.0	231.0	232.0	233.0	234.0	235.0	236.0	237.0	238.0	239.0	240.0	241.0	242.0	243.0	244.0	245.0	246.0	247.0	248.0	249.0	250.0	251.0	252.0	253.0	254.0	255.0	256.0	257.0	258.0	259.0	260.0	261.0	262.0	263.0	264.0	265.0	266.0	267.0	268.0	269.0	270.0	271.0	272.0	273.0	274.0	275.0	276.0	277.0	278.0	279.0	280.0	281.0	282.0	283.0	284.0	285.0	286.0	287.0	288.0	289.0	290.0	291.0	292.0	293.0	294.0	295.0	296.0	297.0	298.0	298.0
5474.570678688548
