6043.392683990694	300.0	2000.0	145.77752810231198	0	0.0	6043.392683990694	1	0	1	-2.877981967683949
6272.178517355938	500.0	2748.335583298232	0.0	0	0.0	6020.51410065417	1	0	2	-2.4155470393641623
6431.703816839812	300.0	3572.8577538659697	0.0	0	0.0	6004.561570705781	1	0	2	-2.708638892149369
6747.204576192867	500.0	4225.806918577609	0.0	0	0.0	5973.011494770475	1	0	2	-2.1708286309410876
7223.521253427823	1000.0	4749.4902413426535	0.0	0	0.0	5973.011494770475	1	0	1	-1.6522970164146038
7508.704325459788	500.0	5435.788862107491	0.0	0	0.0	5944.493187567278	1	0	2	-2.523150719192146
8200.0	1000.0	5675.363620113258	0.0	0	321.6204518231725	5875.363620113256	1	0	2	-1.5857929267281796
9200.0	2000.0	5575.363620113258	0.0	0	209.57922073959708	5775.363620113258	1	0	2	-0.7986649114849537
10878.777730874413	3000.0	4728.708116151401	0.0	0	0.0	5607.485847025814	1	0	2	0.051891563134140783
12750.9061421866	3000.0	3669.3668637079963	0.0	0	0.0	5420.273005894596	1	0	2	0.6356193582098868
14173.362350198704	3000.0	3104.6650348946837	0.0	0	0.0	5278.027385093386	1	0	2	0.7718675696213991
15459.522718365444	3000.0	2689.8886299112683	0.0	0	0.0	5149.41134827671	1	0	2	0.889834591264575
18410.692405481925	3000.0	443.601974083134	0.0	0	0.0	4854.294379565059	1	0	2	1.0804859626218755
19178.6265458196	1000.0	600.8499547600288	1.7959409530304669	0	0.0	4779.476500579627	1	0	2	-1.0196725057125517
20008.202580426583	1000.0	688.3163166923466	0.0	0	0.0	4696.518897118927	1	0	2	0.14713139219247817
20572.6047312863	1000.0	1123.9141658326298	0.0	0	0.0	4696.518897118927	1	0	1	0.1595443529491035
21537.700288069052	1000.0	1062.3090533716036	0.0	0	0.0	4600.009341440651	1	0	2	0.007031537524463921
22337.29099256035	1000.0	1182.7592784311778	0.0	0	0.0	4520.05027099152	1	0	2	0.25880524758819556
23457.319937534117	1000.0	950.7274389600284	0.0	0	0.0	4408.047376494138	1	0	2	0.3203432561642528
24487.190987729944	1000.0	817.869283744621	0.0	0	0.0	4305.060271474558	1	0	2	0.37767924311186074
25350.732697039122	1000.0	867.9734035045257	0.0	0	0.0	4218.706100543637	1	0	2	0.4272272860659365
25844.175505245363	1000.0	1325.1863144776662	0.0	0	0.0	4169.361819723017	1	0	2	0.4557887768869132
26425.6598411235	1000.0	1685.5535450117218	0.0	0	0.0	4111.213386135212	1	0	2	0.48165720208731955
26834.94139294882	1000.0	2235.3438380038683	0.0	0	0.0	4070.285230952679	1	0	2	0.5030003881677352
27224.677602442138	1000.0	2806.6340075612197	0.0	0	0.0	4031.3116100033512	1	0	2	0.5195679605513737
27694.997674172184	1000.0	3289.281928658168	0.0	0	0.0	3984.279602830342	1	0	2	0.5386731527649593
28200.0	1000.0	3733.7793702475706	0.0	0	35.62744254823701	3933.779370247561	1	0	2	0.5585344767493174
29200.0	1000.0	3633.7793702475706	0.0	0	581.9192646057927	3833.7793702475647	1	0	2	0.5874461678315397
30200.0	1000.0	3533.779370247567	0.0	0	405.5256838151945	3733.779370247561	1	0	2	0.6245677648744363
31200.0	1000.0	3433.7793702475687	0.0	0	198.29809777007904	3633.7793702475647	1	0	2	0.6608548824926244
32200.0	1000.0	3333.7793702475715	0.0	0	502.2949102772436	3533.779370247561	1	0	2	0.6892693144045436
33729.600765863506	2000.0	2651.21852779772	0.0	0	0.0	3380.819293661214	1	0	2	0.7306977057051136
35249.525840666094	2000.0	2131.293452995129	0.0	0	0.0	3380.8192936612104	1	0	1	1.4353539255491465
36653.40884228555	2000.0	1587.022151213725	0.0	0	0.0	3240.4309934992634	1	0	2	1.2618271522159308
37590.95092418972	2000.0	1555.7258611191407	0.0	0	0.0	3146.676785308846	1	0	2	1.4836362225267472
38448.42894640817	1000.0	1698.2478389006922	0.0	0	0.0	3146.676785308846	1	0	1	0.10267695629373652
39435.79127602213	1000.0	1710.885509286728	0.0	0	0.0	3146.6767853088386	1	0	1	0.9958241368536833
40180.19201913109	1000.0	1966.4847661777637	0.0	0	0.0	3146.6767853088386	1	0	1	0.9958241368536833
40728.61771986887	1000.0	2418.0590654399907	0.0	0	0.0	3146.6767853088313	1	0	1	0.9958241368536849
41630.89150237797	1000.0	2515.785282930888	0.0	0	0.0	3146.6767853088313	1	0	1	0.9958241368536849
42320.94307356916	1000.0	2825.733711739697	0.0	0	0.0	3146.6767853088313	1	0	1	0.9958241368536849
43200.0	1000.0	2946.6767853088495	0.0	0	147.94105795797077	3146.6767853088313	1	0	1	0.9958241368536849
44200.0	1000.0	2946.676785308852	0.0	0	498.5876451477743	3146.6767853088313	1	0	1	0.9958241368536849
45200.0	1000.0	2946.6767853088622	0.0	0	614.3110417420321	3146.6767853088313	1	0	1	0.9958241368536849
46200.0	1000.0	2946.6767853088654	0.0	0	588.4905240418011	3146.6767853088313	1	0	1	0.9958241368536849
47200.0	1000.0	2946.6767853088622	0.0	0	280.9759439482368	3146.6767853088313	1	0	1	0.9958241368536849
48413.96960913588	1000.0	2611.31021525939	0.0	0	0.0	3025.2798243952348	1	0	2	0.6135790167082852
49762.80716446269	1000.0	2262.472659932571	0.0	0	0.0	3025.2798243952348	1	0	1	0.8195389510722657
50332.9662321196	1000.0	2692.3135922756574	0.0	0	0.0	3025.2798243952348	1	0	1	1.0195389510722659
51200.0	1000.0	2825.2798243952593	0.0	0	353.42850064540835	3025.2798243952348	1	0	1	1.0195389510722659
52200.0	1000.0	2825.2798243952548	0.0	0	536.7221896128904	3025.2798243952348	1	0	1	1.0195389510722659
53200.0	1000.0	2825.279824395259	0.0	0	408.4092943760843	3025.2798243952348	1	0	1	1.0195389510722659
54200.0	1000.0	2825.2798243952575	0.0	0	482.704771415767	3025.2798243952348	1	0	1	1.0195389510722659
55200.0	1000.0	2825.2798243952657	0.0	0	563.3535038515038	3025.279824395242	1	0	1	1.0195389510722646
56200.0	1000.0	2825.279824395268	0.0	0	316.86245863576914	3025.279824395242	1	0	1	1.0195389510722646
57200.0	1000.0	2825.279824395272	0.0	0	138.0106220574089	3025.279824395242	1	0	1	1.0195389510722646
58200.0	1000.0	2825.2798243952766	0.0	0	24.80202623905643	3025.279824395242	1	0	1	1.0195389510722646
59200.0	1000.0	2825.279824395267	0.0	0	467.4675384293514	3025.279824395242	1	0	1	1.0195389510722646
60200.0	1000.0	2825.279824395272	0.0	0	272.90143635944696	3025.279824395242	1	0	1	1.0195389510722646
61200.0	1000.0	2825.279824395276	0.0	0	455.08560360985575	3025.279824395242	1	0	1	1.0195389510722646
62200.0	1000.0	2825.279824395273	0.0	0	350.3756942726832	3025.279824395242	1	0	1	1.0195389510722646
63200.0	1000.0	2825.279824395276	0.0	0	265.1603263825964	3025.2798243952348	1	0	1	1.0195389510722659
64200.0	1000.0	2825.2798243952666	0.0	0	316.4261490657809	3025.2798243952275	1	0	1	1.0195389510722672
65200.0	1000.0	2825.279824395274	0.0	0	283.8607982076792	3025.2798243952275	1	0	1	1.0195389510722672
66200.0	1000.0	2725.279824395273	0.0	0	259.4885239805153	2925.2798243952275	1	0	2	0.6312867120507677
67200.0	1000.0	2725.279824395275	0.0	0	405.6142000743421	2925.2798243952348	1	0	1	0.8372146931175914
68200.0	2000.0	2625.2798243952734	0.0	0	144.41676054122217	2825.2798243952348	1	0	2	0.6481802321832073
69200.0	1000.0	2625.2798243952807	0.0	0	533.7401000974351	2825.279824395242	1	0	1	0.16020328107560738
70200.0	1000.0	2525.279824395278	0.0	0	341.8743484541628	2725.279824395242	1	0	2	0.6625529685440023
71200.0	1000.0	2525.279824395289	0.0	0	83.38079306999862	2725.279824395242	1	0	1	0.868068530430154
72200.0	1000.0	2525.2798243952834	0.0	0	299.6310132205981	2725.279824395242	1	0	1	1.0680685304301543
73200.0	1000.0	2525.2798243952802	0.0	0	432.14076872955775	2725.2798243952275	1	0	1	1.068068530430156
74200.0	1000.0	2525.2798243952807	0.0	0	572.9017772972002	2725.2798243952275	1	0	1	1.068068530430156
75200.0	1000.0	2525.2798243952757	0.0	0	409.1743782655685	2725.2798243952275	1	0	1	1.068068530430156
76200.0	1000.0	2525.2798243952843	0.0	0	231.04269279439177	2725.2798243952275	1	0	1	1.068068530430156
77200.0	1000.0	2525.27982439529	0.0	0	484.3598866066459	2725.279824395242	1	0	1	1.0680685304301543
78200.0	1000.0	2525.2798243952884	0.0	0	180.8123513894243	2725.279824395242	1	0	1	1.0680685304301543
79200.0	1000.0	2525.2798243952934	0.0	0	493.0172968853585	2725.279824395242	1	0	1	1.0680685304301543
80200.0	1000.0	2525.2798243952943	0.0	0	571.8084802274534	2725.279824395242	1	0	1	1.0680685304301543
81200.0	1000.0	2525.279824395287	0.0	0	508.4033855688467	2725.2798243952566	1	0	1	1.068068530430152
82200.0	1000.0	2525.2798243952975	0.0	0	516.6851319389243	2725.2798243952566	1	0	1	1.068068530430152
83200.0	1000.0	2525.2798243952916	0.0	0	677.2707718304737	2725.2798243952566	1	0	1	1.068068530430152
84200.0	1000.0	2525.279824395289	0.0	0	577.7580371477816	2725.279824395271	1	0	1	1.06806853043015
85200.0	1000.0	2525.279824395294	0.0	0	227.49364479942597	2725.2798243952566	1	0	1	1.068068530430152
86200.0	1000.0	2525.2798243952734	0.0	0	105.78683424180781	2725.2798243952566	1	0	1	1.068068530430152
88667.05690926354	2000.0	1058.2229151317201	0.0	0	0.0	2725.2798243952566	1	0	1	1.068068530430152
90304.88555440122	2000.0	420.39426999404225	0.0	0	0.0	2725.2798243952566	1	0	1	1.7612157109900972
90948.84936457852	1000.0	776.4304598167446	0.0	0	0.0	2725.2798243952566	1	0	1	0.3749213498702069
91355.94739914876	1000.0	1369.3324252464906	0.0	0	0.0	2725.2798243952566	1	0	1	1.068068530430152
91734.15367128106	1000.0	1991.1261531142134	0.0	0	0.0	2725.279824395271	1	0	1	1.06806853043015
92465.95377705927	1000.0	2259.3260473360147	0.0	0	0.0	2725.279824395271	1	0	1	1.06806853043015
93599.99537484326	1000.0	2125.284449552028	0.0	0	0.0	2725.279824395271	1	0	1	1.06806853043015
95477.55294406223	1000.0	1247.7268803330537	0.0	0	0.0	2725.279824395271	1	0	1	1.06806853043015
96628.31742575974	1000.0	1096.9623986355336	0.0	0	0.0	2725.279824395271	1	0	1	1.06806853043015
97471.91452458671	1000.0	1169.0055899258593	0.0	0	0.0	2640.9201145125553	1	0	2	0.6766038953104683
98239.90820639282	1000.0	1401.0119081197427	0.0	0	0.0	2640.9201145125553	1	0	1	0.8794669499324114
99133.61437582373	1000.0	1507.305738688836	0.0	0	0.0	2640.92011451257	1	0	1	1.0794669499324097
99833.46028022119	1000.0	1807.4598342913919	0.0	0	0.0	2640.9201145125844	1	0	1	1.0794669499324079
100703.89756938811	1000.0	1937.0225451244714	0.0	0	0.0	2640.9201145125844	1	0	1	1.0794669499324079
101304.15816535357	1000.0	2336.7619491590235	0.0	0	0.0	2640.9201145125844	1	0	1	1.0794669499324079
102200.0	1000.0	2440.9201145126053	0.0	0	258.4383288418903	2640.9201145125844	1	0	1	1.0794669499324079
103200.0	1000.0	2340.920114512623	0.0	0	391.37219917254697	2540.9201145126135	1	0	2	0.6873445543901351
104200.0	1000.0	2340.920114512633	0.0	0	322.56400803163706	2540.920114512628	1	0	1	0.891866383336333
105200.0	1000.0	2340.92011451263	0.0	0	357.4419796172151	2540.920114512628	1	0	1	1.0918663833363331
106200.0	1000.0	2340.920114512621	0.0	0	17.659037192701362	2540.920114512628	1	0	1	1.0918663833363331
107529.99495326419	1000.0	2010.9251612484388	0.0	0	0.0	2540.920114512628	1	0	1	1.0918663833363331
108718.7603996548	1000.0	1822.1597148578203	0.0	0	0.0	2540.9201145126135	1	0	1	1.091866383336335
109579.85444365107	1000.0	1961.0656708615422	0.0	0	0.0	2540.9201145126135	1	0	1	1.091866383336335
110647.60840935388	1000.0	1893.3117051587346	0.0	0	0.0	2540.920114512599	1	0	1	1.0918663833363367
111357.02497337364	1000.0	2183.8951411389667	0.0	0	0.0	2540.920114512599	1	0	1	1.0918663833363367
112200.0	1000.0	2340.920114512609	0.0	0	252.17011175610241	2540.9201145125844	1	0	1	1.0918663833363382
113200.0	1000.0	2340.9201145126203	0.0	0	427.9850344284496	2540.9201145125844	1	0	1	1.0918663833363382
114200.0	1000.0	2340.9201145126126	0.0	0	47.16378283589438	2540.92011451257	1	0	1	1.09186638333634
115200.0	1000.0	2240.920114512605	0.0	0	59.93647845109808	2440.9201145125553	1	0	2	0.7002905183826816
116200.0	1000.0	2240.920114512603	0.0	0	161.27693695061316	2440.9201145125553	1	0	1	0.9031546053460677
117200.0	1000.0	2240.9201145126235	0.0	0	248.86129103571875	2440.9201145125553	1	0	1	1.103154605346068
118200.0	1000.0	2240.920114512636	0.0	0	458.25202365679434	2440.9201145125553	1	0	1	1.103154605346068
119200.0	1000.0	2240.9201145126217	0.0	0	445.2371962405159	2440.9201145125553	1	0	1	1.103154605346068
120200.0	1000.0	2240.9201145126212	0.0	0	444.75538492987107	2440.9201145125553	1	0	1	1.103154605346068
121200.0	1000.0	2240.920114512599	0.0	0	262.37345670918876	2440.9201145125407	1	0	1	1.1031546053460695
122200.0	1000.0	2240.9201145125944	0.0	0	598.9046108447365	2440.920114512526	1	0	1	1.103154605346071
123200.0	1000.0	2240.9201145125808	0.0	0	688.1576620338456	2440.9201145125116	1	0	1	1.1031546053460726
124200.0	1000.0	2240.920114512582	0.0	0	672.9308115158201	2440.9201145125116	1	0	1	1.1031546053460726
125200.0	1000.0	2240.9201145125785	0.0	0	352.1309685581364	2440.9201145125116	1	0	1	1.1031546053460726
126200.0	1000.0	2140.920114512576	0.0	0	4.493659988336731	2340.9201145124825	1	0	2	0.7105991714669486
127256.04402179913	1000.0	2084.8760927134626	0.0	0	0.0	2340.9201145124825	1	0	1	0.913425393798719
128200.0	1000.0	2140.9201145125844	0.0	0	239.31025070737815	2340.9201145124825	1	0	1	1.113425393798719
129200.0	1000.0	2140.9201145125858	0.0	0	434.90936025105475	2340.9201145124825	1	0	1	1.113425393798719
130200.0	1000.0	2140.920114512581	0.0	0	446.29370388085954	2340.920114512468	1	0	1	1.1134253937987206
131200.0	1000.0	2140.9201145125876	0.0	0	440.51530963506957	2340.9201145124825	1	0	1	1.113425393798719
132200.0	1000.0	2140.9201145125853	0.0	0	312.6802154769539	2340.9201145124825	1	0	1	1.1134253937987197
133200.0	1000.0	2140.920114512576	0.0	0	50.81258244282799	2340.920114512468	1	0	1	1.1134253937987209
134200.0	1000.0	2140.9201145125694	0.0	0	317.84267163748154	2340.920114512439	1	0	1	1.1134253937987224
135434.7350076686	1000.0	1906.1851068440021	0.0	0	0.0	2340.920114512439	1	0	1	1.1134253937987235
136780.68900597433	1000.0	1560.2311085382967	0.0	0	0.0	2340.92011451241	1	0	1	1.113425393798724
138881.99281591972	1000.0	458.9272985929361	0.0	0	0.0	2340.920114512439	1	0	1	1.1134253937987235
140250.9642493281	1000.0	333.91063851943983	243.95477333489202	0	0.0	2584.8748878473416	1	0	1	-0.3771697307169554
140997.11140250124	1000.0	617.0346299138992	29.271144567586077	0	0.0	2614.146032414923	1	0	1	0.9072744290476658
141836.43702336657	1000.0	777.7090090485667	0.0	0	0.0	2614.146032414952	1	0	1	1.0829012964531786
142704.04209746598	1000.0	910.1039349491631	0.0	0	0.0	2614.146032414952	1	0	1	1.0829012964531786
143318.73978882277	1000.0	1295.406243592374	0.0	0	0.0	2614.146032414952	1	0	1	1.0829012964531786
144048.7638742624	1000.0	1565.382158152749	0.0	0	0.0	2614.146032414923	1	0	1	1.0829012964531823
144814.16571080466	1000.0	1799.9803216104956	0.0	0	0.0	2614.146032414923	1	0	1	1.0829012964531823
145437.11470000574	1000.0	2177.0313324093986	0.0	0	0.0	2614.146032414923	1	0	1	1.0829012964531823
146200.0	1000.0	2414.1460324151317	0.0	0	27.83710718213115	2614.146032414923	1	0	1	1.0829012964531823
147200.0	1000.0	2414.1460324150903	0.0	0	93.19273120947764	2614.146032414923	1	0	1	1.0829012964531823
148200.0	1000.0	2314.1460324150767	0.0	0	4.508650488598505	2514.146032414952	1	0	2	0.6924049352146096
149200.0	1000.0	2314.14603241507	0.0	0	268.2492944476544	2514.146032414952	1	0	1	0.8949936198102804
150200.0	1000.0	2314.1460324150653	0.0	0	249.7402224362013	2514.146032414952	1	0	1	1.0949936198102805
151200.0	1000.0	2314.146032415087	0.0	0	271.9091063426458	2514.146032414952	1	0	1	1.0949936198102805
152200.0	1000.0	2314.1460324150967	0.0	0	350.55889219482196	2514.146032414952	1	0	1	1.0949936198102805
153200.0	1000.0	2314.1460324151153	0.0	0	383.63514071766986	2514.146032414952	1	0	1	1.0949936198102805
154200.0	1000.0	2314.1460324151108	0.0	0	424.4587839366286	2514.146032414952	1	0	1	1.0949936198102805
155200.0	1000.0	2314.1460324151167	0.0	0	435.6710881019535	2514.146032414981	1	0	1	1.0949936198102772
156200.0	1000.0	2314.146032415076	0.0	0	562.8048508478096	2514.146032414952	1	0	1	1.0949936198102805
157200.0	1000.0	2314.146032415111	0.0	0	520.3121339083591	2514.146032414952	1	0	1	1.0949936198102805
158200.0	1000.0	2314.146032415095	0.0	0	382.8359734090918	2514.146032414952	1	0	1	1.0949936198102805
159200.0	1000.0	2314.146032415128	0.0	0	503.1544979813916	2514.146032414952	1	0	1	1.0949936198102805
160200.0	1000.0	2314.1460324151167	0.0	0	362.6742470143945	2514.146032414952	1	0	1	1.0949936198102805
161200.0	1000.0	2314.1460324151167	0.0	0	351.564590109454	2514.146032414923	1	0	1	1.094993619810284
162200.0	1000.0	2314.146032415102	0.0	0	468.98485380448983	2514.146032414923	1	0	1	1.094993619810284
163200.0	1000.0	2314.1460324150935	0.0	0	444.47177926727454	2514.146032414923	1	0	1	1.094993619810284
164200.0	1000.0	2314.146032415103	0.0	0	394.4147573443188	2514.146032414923	1	0	1	1.094993619810284
165200.0	1000.0	2314.1460324150935	0.0	0	408.0569249119726	2514.146032414894	1	0	1	1.0949936198102874
166200.0	1000.0	2314.1460324150544	0.0	0	226.03921355999773	2514.146032414894	1	0	1	1.0949936198102874
167200.0	1000.0	2314.146032415062	0.0	0	288.01987316960003	2514.146032414894	1	0	1	1.0949936198102874
168200.0	1000.0	2314.146032415075	0.0	0	280.3180241321097	2514.146032414923	1	0	1	1.0949936198102854
169200.0	1000.0	2314.14603241508	0.0	0	331.52120506580104	2514.146032414923	1	0	1	1.094993619810284
170200.0	1000.0	2314.14603241509	0.0	0	341.37405163951917	2514.146032414923	1	0	1	1.094993619810284
171200.0	1000.0	2314.1460324151	0.0	0	252.84436193766305	2514.146032414923	1	0	1	1.0949936198102854
172200.0	1000.0	2314.146032415116	0.0	0	249.49422450791462	2514.146032414952	1	0	1	1.0949936198102805
173250.7032028691	1000.0	2263.44282954601	0.0	0	0.0	2514.146032414952	1	0	1	1.0949936198102805
174200.0	1000.0	2314.146032415086	0.0	0	204.45639760102495	2514.146032414952	1	0	1	1.0949936198102805
175200.0	1000.0	2314.146032415112	0.0	0	245.67925595818087	2514.146032414981	1	0	1	1.0949936198102779
176200.0	1000.0	2314.1460324151085	0.0	0	507.83826872395	2514.146032414981	1	0	1	1.0949936198102772
177200.0	1000.0	2314.1460324150994	0.0	0	462.8603903770272	2514.146032414981	1	0	1	1.0949936198102772
178200.0	1000.0	2314.146032415097	0.0	0	362.2401372868335	2514.146032414952	1	0	1	1.0949936198102805
179200.0	1000.0	2314.14603241509	0.0	0	446.6655816954444	2514.146032414952	1	0	1	1.0949936198102805
180200.0	1000.0	2314.1460324150803	0.0	0	438.4251969054749	2514.146032414952	1	0	1	1.0949936198102805
181200.0	1000.0	2314.146032415078	0.0	0	562.1091965373489	2514.146032414923	1	0	1	1.094993619810284
182200.0	1000.0	2314.146032415068	0.0	0	238.65220668213442	2514.146032414894	1	0	1	1.094993619810286
183200.0	1000.0	2314.14603241505	0.0	0	42.32946907618316	2514.146032414894	1	0	1	1.0949936198102874
184200.0	1000.0	2314.14603241505	0.0	0	277.3607318472641	2514.146032414894	1	0	1	1.0949936198102874
185200.0	1000.0	2314.1460324150735	0.0	0	241.8797826738155	2514.146032414894	1	0	1	1.0949936198102874
186200.0	1000.0	2314.146032415064	0.0	0	560.6585775458952	2514.146032414894	1	0	1	1.0949936198102874
187200.0	1000.0	2314.1460324150567	0.0	0	62.51236278380384	2514.146032414894	1	0	1	1.094993619810288
188200.0	1000.0	2314.1460324150657	0.0	0	184.66417172038928	2514.1460324148647	1	0	1	1.0949936198102908
189200.0	1000.0	2314.1460324150594	0.0	0	201.4393807813467	2514.1460324148647	1	0	1	1.0949936198102908
190200.0	1000.0	2314.1460324150676	0.0	0	473.43057671177667	2514.1460324148647	1	0	1	1.0949936198102908
191200.0	1000.0	2314.146032415069	0.0	0	337.6381821077375	2514.146032414894	1	0	1	1.0949936198102888
192200.0	1000.0	2314.1460324150594	0.0	0	122.45027136389399	2514.1460324148647	1	0	1	1.0949936198102908
193200.0	1000.0	2314.146032415018	0.0	0	597.0565840274503	2514.1460324148647	1	0	1	1.0949936198102908
194200.0	1000.0	2314.146032415016	0.0	0	488.5834626358992	2514.1460324148647	1	0	1	1.0949936198102908
195200.0	1000.0	2314.1460324150376	0.0	0	599.623626122193	2514.1460324148356	1	0	1	1.094993619810294
196200.0	1000.0	2314.1460324150553	0.0	0	301.4302123847592	2514.1460324148647	1	0	1	1.0949936198102908
197200.0	1000.0	2314.1460324150485	0.0	0	295.7858974064875	2514.1460324148647	1	0	1	1.0949936198102908
198644.07010158585	1000.0	1870.0759308291927	0.0	0	0.0	2514.1460324148647	1	0	1	1.0949936198102908
199200.0	1000.0	2314.1460324150094	0.0	0	31.422186570154736	2514.146032414894	1	0	1	1.0949936198102874
200200.0	1000.0	2314.1460324150157	0.0	0	465.3928127324907	2514.146032414894	1	0	1	1.0949936198102874
201200.0	1000.0	2314.1460324150216	0.0	0	563.3765606250672	2514.146032414894	1	0	1	1.0949936198102874
202200.0	1000.0	2314.146032415034	0.0	0	569.8824938932084	2514.1460324148647	1	0	1	1.0949936198102908
203200.0	1000.0	2314.1460324150353	0.0	0	214.25535567768384	2514.1460324148647	1	0	1	1.0949936198102908
204200.0	1000.0	2314.1460324150157	0.0	0	295.02990285109263	2514.1460324148356	1	0	1	1.094993619810294
205200.0	1000.0	2314.1460324150503	0.0	0	359.2040529350925	2514.1460324148356	1	0	1	1.094993619810294
206200.0	1000.0	2314.1460324150416	0.0	0	224.21090943884337	2514.1460324148356	1	0	1	1.094993619810294
207200.0	1000.0	2314.146032415004	0.0	0	20.720261072274297	2514.1460324148065	1	0	1	1.0949936198102974
208200.0	1000.0	2314.1460324150326	0.0	0	111.72724564332748	2514.1460324148065	1	0	1	1.0949936198102974
209200.0	1000.0	2314.1460324150476	0.0	0	252.24101644119946	2514.1460324148065	1	0	1	1.0949936198102974
210200.0	1000.0	2314.146032415072	0.0	0	386.51695571659366	2514.1460324148065	1	0	1	1.0949936198102974
211200.0	1000.0	2314.1460324150753	0.0	0	527.9348289004702	2514.1460324148356	1	0	1	1.094993619810294
212200.0	1000.0	2314.1460324150703	0.0	0	504.77033462256077	2514.1460324148356	1	0	1	1.094993619810294
213200.0	1000.0	2314.146032415065	0.0	0	326.19101828392013	2514.1460324148356	1	0	1	1.094993619810294
214200.0	1000.0	2314.1460324150844	0.0	0	282.9857925035176	2514.1460324148356	1	0	1	1.094993619810294
215200.0	1000.0	2314.1460324150535	0.0	0	271.11000457324553	2514.1460324148065	1	0	1	1.094993619810296
216200.0	1000.0	2314.1460324150507	0.0	0	503.90792076755315	2514.1460324147774	1	0	1	1.0949936198103007
217200.0	1000.0	2314.146032415043	0.0	0	530.9100879209	2514.1460324147483	1	0	1	1.094993619810304
218200.0	1000.0	2314.1460324150758	0.0	0	470.0377684237319	2514.1460324147483	1	0	1	1.094993619810304
219200.0	1000.0	2314.1460324150635	0.0	0	553.4835812500387	2514.1460324147483	1	0	1	1.094993619810304
220200.0	1000.0	2314.146032415073	0.0	0	180.41003068257123	2514.1460324147192	1	0	1	1.0949936198103074
221200.0	1000.0	2314.1460324150794	0.0	0	284.79902484168997	2514.1460324147192	1	0	1	1.0949936198103074
222200.0	1000.0	2314.146032415081	0.0	0	393.65140561247244	2514.1460324147483	1	0	1	1.094993619810304
223200.0	1000.0	2314.1460324150908	0.0	0	553.2811367131362	2514.1460324147483	1	0	1	1.094993619810304
224200.0	1000.0	2314.146032415068	0.0	0	283.2702613058791	2514.1460324147192	1	0	1	1.094993619810306
225200.0	1000.0	2314.1460324150744	0.0	0	352.3245916752203	2514.1460324147192	1	0	1	1.0949936198103074
226200.0	1000.0	2314.1460324151003	0.0	0	206.47363349373336	2514.1460324147192	1	0	1	1.0949936198103074
227200.0	1000.0	2314.1460324150944	0.0	0	408.6542354776757	2514.14603241469	1	0	1	1.0949936198103107
228200.0	1000.0	2314.146032415104	0.0	0	392.71045507330564	2514.14603241469	1	0	1	1.0949936198103107
229200.0	1000.0	2314.146032415113	0.0	0	375.87938996660523	2514.14603241469	1	0	1	1.0949936198103107
230200.0	1000.0	2314.1460324151344	0.0	0	429.23178626195295	2514.14603241469	1	0	1	1.0949936198103107
231200.0	1000.0	2314.1460324151517	0.0	0	630.5191967002465	2514.1460324147192	1	0	1	1.0949936198103074
232200.0	1000.0	2314.1460324151635	0.0	0	703.0848703564843	2514.1460324147192	1	0	1	1.0949936198103074
233200.0	1000.0	2314.146032415172	0.0	0	491.8338469931041	2514.1460324147483	1	0	1	1.094993619810304
234200.0	1000.0	2314.146032415153	0.0	0	425.1237366691057	2514.1460324147774	1	0	1	1.0949936198103007
235200.0	1000.0	2314.1460324151517	0.0	0	115.55994399980409	2514.1460324147774	1	0	1	1.0949936198103007
236490.03545987993	1000.0	2024.1105725352402	0.0	0	0.0	2514.1460324147192	1	0	1	1.0949936198103067
237777.31103524886	1000.0	1608.1074396294343	0.0	0	0.0	2385.4184748778644	1	0	2	0.7059360481611765
238428.365576872	1000.0	1957.0528980062861	0.0	0	0.0	2385.4184748778644	1	0	1	0.908974983043659
239200.0	1000.0	2185.4184748782927	0.0	0	193.15257580773323	2385.4184748778644	1	0	1	1.1089749830436593
240200.0	1000.0	2185.418474878295	0.0	0	582.6938899283414	2385.4184748778353	1	0	1	1.1089749830436622
241200.0	1000.0	2185.4184748782955	0.0	0	473.5737490525935	2385.4184748778353	1	0	1	1.1089749830436622
242200.0	1000.0	2185.4184748782795	0.0	0	159.26776546266046	2385.4184748778353	1	0	1	1.1089749830436622
243593.94046888372	1000.0	1791.4780059945651	0.0	0	0.0	2385.4184748778353	1	0	1	1.1089749830436622
244822.15256700703	1000.0	1563.2659078712695	0.0	0	0.0	2385.418474877806	1	0	1	1.1089749830436633
246077.7744004559	1000.0	1307.6440744223785	0.0	0	0.0	2385.4184748778353	1	0	1	1.1089749830436635
247013.77814236202	1000.0	1371.6403325162617	0.0	0	0.0	2385.418474877806	1	0	1	1.108974983043665
247649.99722195778	1000.0	1735.4212529205022	0.0	0	0.0	2385.418474877806	1	0	1	1.108974983043665
248376.22862214278	1000.0	2009.1898527355206	0.0	0	0.0	2385.4184748778353	1	0	1	1.1089749830436622
249267.1096829734	1000.0	2118.3087919049412	0.0	0	0.0	2385.4184748778644	1	0	1	1.1089749830436593
250200.0	1000.0	2185.4184748783755	0.0	0	267.2031772948103	2385.4184748778935	1	0	1	1.1089749830436568
251200.0	1000.0	2185.4184748784005	0.0	0	368.58773785425	2385.4184748778935	1	0	1	1.1089749830436562
252200.0	1000.0	2185.418474878404	0.0	0	169.19635763918632	2385.4184748778935	1	0	1	1.1089749830436562
253200.0	1000.0	2185.418474878448	0.0	0	316.3108329998795	2385.4184748778935	1	0	1	1.1089749830436562
254200.0	1000.0	2185.418474878445	0.0	0	212.10357928703888	2385.4184748778935	1	0	1	1.1089749830436562
255200.0	1000.0	2185.418474878456	0.0	0	214.67781677804305	2385.4184748778935	1	0	1	1.1089749830436562
256200.0	1000.0	2185.4184748784123	0.0	0	241.3496028779773	2385.4184748778644	1	0	1	1.108974983043658
257309.7463821517	1000.0	2075.6720927267056	0.0	0	0.0	2385.4184748778644	1	0	1	1.1089749830436593
258200.0	1000.0	2185.41847487841	0.0	0	14.756287408265052	2385.4184748778935	1	0	1	1.1089749830436562
259200.0	1000.0	2185.418474878421	0.0	0	203.73397594317794	2385.4184748778644	1	0	1	1.108974983043658
260200.0	1000.0	2185.418474878411	0.0	0	295.3688012851344	2385.4184748778644	1	0	1	1.1089749830436593
261200.0	1000.0	2185.418474878414	0.0	0	89.66556597370072	2385.4184748778935	1	0	1	1.1089749830436562
262200.0	1000.0	2185.4184748783778	0.0	0	287.9593489355466	2385.4184748778935	1	0	1	1.1089749830436562
263200.0	1000.0	2185.41847487838	0.0	0	307.7939068838605	2385.4184748778935	1	0	1	1.1089749830436568
264200.0	1000.0	2185.418474878406	0.0	0	130.6582558726659	2385.4184748779226	1	0	1	1.1089749830436557
265200.0	1000.0	2185.4184748783905	0.0	0	366.0297042471939	2385.4184748779517	1	0	1	1.1089749830436508
266200.0	1000.0	2185.4184748783305	0.0	0	395.22592410468496	2385.4184748779517	1	0	1	1.1089749830436504
267200.0	1000.0	2185.41847487827	0.0	0	430.4064747292432	2385.4184748779517	1	0	1	1.1089749830436504
268200.0	1000.0	2185.4184748782773	0.0	0	73.54409347876208	2385.41847487801	1	0	1	1.1089749830436444
269200.0	1000.0	2185.4184748783423	0.0	0	466.2653484342154	2385.41847487801	1	0	1	1.1089749830436444
270200.0	1000.0	2185.4184748783164	0.0	0	273.6211066468968	2385.41847487801	1	0	1	1.1089749830436444
271200.0	1000.0	2185.418474878287	0.0	0	646.0578142210143	2385.418474878068	1	0	1	1.1089749830436384
272200.0	1000.0	2185.4184748782473	0.0	0	691.820649024623	2385.418474878068	1	0	1	1.1089749830436384
273200.0	1000.0	2185.418474878233	0.0	0	693.301254414022	2385.418474878068	1	0	1	1.1089749830436384
274200.0	1000.0	2185.418474878179	0.0	0	442.57385596615495	2385.418474878068	1	0	1	1.1089749830436384
275200.0	1000.0	2185.4184748781786	0.0	0	287.0109784855158	2385.418474878068	1	0	1	1.1089749830436384
276200.0	1000.0	2185.4184748782004	0.0	0	65.31428466195939	2385.418474878068	1	0	1	1.1089749830436384
277200.0	1000.0	2185.4184748782536	0.0	0	291.7204219297855	2385.4184748781263	1	0	1	1.1089749830436348
278200.0	1000.0	2185.418474878257	0.0	0	542.3761762926588	2385.4184748781263	1	0	1	1.1089749830436324
279200.0	1000.0	2185.41847487831	0.0	0	446.4669460389414	2385.4184748781263	1	0	1	1.1089749830436324
280200.0	1000.0	2185.418474878232	0.0	0	540.181542893697	2385.4184748781263	1	0	1	1.1089749830436324
281216.8104124404	1000.0	2168.608062437869	0.0	0	0.0	2385.4184748781263	1	0	1	1.1089749830436324
282264.7984979984	1000.0	2120.6199768799197	0.0	0	0.0	2385.4184748781263	1	0	1	1.1089749830436324
283200.0	1000.0	2185.4184748782864	0.0	0	112.03174986271188	2385.4184748781263	1	0	1	1.1089749830436324
284200.0	1000.0	2185.418474878228	0.0	0	154.1118902460439	2385.4184748781263	1	0	1	1.1089749830436324
286473.8004827541	1000.0	911.6179921241772	0.0	0	0.0	2385.418474878068	1	0	1	1.1089749830436384
288260.1316629209	1000.0	244.32333980010156	119.03652784272737	0	0.0	2504.455002720759	1	0	1	0.3832498222239251
289166.9916215932	1000.0	572.065093817359	234.60171268955924	0	0.0	2739.056715410552	1	0	1	-0.34148954191976455
290175.5600570374	1000.0	563.4966583731724	0.0	0	0.0	2739.056715410552	1	0	1	1.066120734217591
290990.2132162066	1000.0	748.843499204015	0.0	0	0.0	2739.05671541061	1	0	1	1.0661207342175827
291936.7079448869	1000.0	802.3487705237023	0.0	0	0.0	2739.056715410552	1	0	1	1.066120734217586
292796.0978683591	1000.0	942.9588470514589	0.0	0	0.0	2739.05671541061	1	0	1	1.0661207342175876
293355.74625929643	1000.0	1383.3104561141588	0.0	0	0.0	2739.05671541061	1	0	1	1.0661207342175827
293924.7766364278	1000.0	1814.2800789827822	0.0	0	0.0	2739.05671541061	1	0	1	1.0661207342175827
294649.404395239	1000.0	2089.6523201715468	0.0	0	0.0	2739.05671541061	1	0	1	1.0661207342175827
295935.4944162254	1000.0	1803.562299185253	0.0	0	0.0	2739.05671541061	1	0	1	1.0661207342175827
296827.2424159779	1000.0	1911.8142994328266	0.0	0	0.0	2739.05671541061	1	0	1	1.0661207342175776
297521.87749287224	1000.0	2217.179222538498	0.0	0	0.0	2739.05671541061	1	0	1	1.0661207342175827
298217.2689913303	1000.0	2452.248574234628	0.0	0	0.0	2669.517565564718	1	0	2	0.6733415211377729
299200.0	1000.0	2469.5175655649564	0.0	0	308.3066074764356	2669.517565564718	1	0	1	0.8757027414512232
300200.0	1000.0	2469.5175655650046	0.0	0	435.2278526267619	2669.5175655647763	1	0	1	1.0757027414512157
2.17	2.49	2.41	1.69	1.44	1.7	1.86	1.9	1.9	2.28	1.38	1.33	1.09	1.48	1.95	1.34	1.16	1.07	0.79	1.39	1.88	2.49	2.18	1.59	1.48	1.93	1.56	1.2	1.59	1.15	1.84	1.73	1.17	1.41	1.66	1.16	1.33	1.93	2.54	2.99	2.24	1.08	1.17	0.71	2.0	1.74	2.09	1.49	1.87	2.15	1.0	1.03	1.53	1.48	1.75	2.02	1.56	1.73	1.3	1.3	1.78	2.06	2.0	2.07	1.33	1.52	2.07	2.33	1.45	1.34	1.67	1.62	1.69	2.06	2.44	2.32	2.97	2.24	1.63	1.73	1.2	0.76	0.88	1.33	2.09	2.15	1.22	0.65	0.6	0.8	1.03	1.15	1.33	1.69	1.17	1.56	1.48	1.81	1.37	1.26	1.36	0.86	0.9	1.45	1.31	1.1	1.77	1.3	1.33	1.56	1.75	1.82	1.36	1.66	1.75	2.18	2.75	3.17	1.9	1.17	1.17	1.41	1.82	1.88	2.18	1.71	0.97	1.44	1.45	0.65	0.57	0.58	0.65	0.88	1.15	1.42	1.23	1.31	1.8	1.47	0.9	0.94	1.36	1.41	1.67	1.76	2.37	1.68	1.78	1.67	2.17	2.49	2.41	1.69	1.44	1.7	1.86	1.9	1.9	2.28	1.38	1.33	1.09	1.48	1.95	1.34	1.16	1.07	0.79	1.39	1.88	2.49	2.18	1.59	1.48	1.93	1.56	1.2	1.59	1.15	1.84	1.73	1.17	1.41	1.66	1.16	1.33	1.93	2.54	2.99	2.24	1.08	1.17	0.71	2.0	1.74	2.09	1.49	1.87	2.15	1.0	1.03	1.53	1.48	1.75	2.02	1.56	1.73	1.3	1.3	1.78	2.06	2.0	2.07	1.33	1.52	2.07	2.33	1.45	1.34	1.67	1.62	1.69	2.06	2.44	2.32	2.97	2.24	1.63	1.73	1.2	0.76	0.88	1.33	2.09	2.15	1.22	0.65	0.6	0.8	1.03	1.15	1.33	1.69	1.17	1.56	1.48	1.81	1.37	1.26	1.36	0.86	0.9	1.45	1.31	1.1	1.77	1.3	1.33	1.56	1.75	1.82	1.36	1.66	1.75	2.18	2.75	3.17	1.9	1.17	1.17	1.41	1.82	1.88	2.18	1.71	0.97	1.44	1.45	0.65	0.57	0.58	0.65	0.88	1.15	1.42	1.23	1.31	1.8	1.47	0.9	0.94	1.36	1.41	1.67	1.76	2.37	1.68
1.0	2.0	3.0	4.0	5.0	6.0	7.0	8.0	9.0	10.0	11.0	12.0	13.0	14.0	15.0	16.0	17.0	18.0	19.0	20.0	21.0	22.0	23.0	24.0	25.0	26.0	27.0	28.0	29.0	30.0	31.0	32.0	33.0	34.0	35.0	36.0	37.0	38.0	39.0	40.0	41.0	42.0	43.0	44.0	45.0	46.0	47.0	48.0	49.0	50.0	51.0	52.0	53.0	54.0	55.0	56.0	57.0	58.0	59.0	60.0	61.0	62.0	63.0	64.0	65.0	66.0	67.0	68.0	69.0	70.0	71.0	72.0	73.0	74.0	75.0	76.0	77.0	78.0	79.0	80.0	81.0	82.0	83.0	84.0	85.0	86.0	87.0	88.0	89.0	90.0	91.0	92.0	93.0	94.0	95.0	96.0	97.0	98.0	99.0	100.0	101.0	102.0	103.0	104.0	105.0	106.0	107.0	108.0	109.0	110.0	111.0	112.0	113.0	114.0	115.0	116.0	117.0	118.0	119.0	120.0	121.0	122.0	123.0	124.0	125.0	126.0	127.0	128.0	129.0	130.0	131.0	132.0	133.0	134.0	135.0	136.0	137.0	138.0	139.0	140.0	141.0	142.0	143.0	144.0	145.0	146.0	147.0	148.0	149.0	149.0	150.0	151.0	152.0	153.0	154.0	155.0	156.0	157.0	158.0	159.0	160.0	161.0	162.0	163.0	164.0	165.0	166.0	167.0	168.0	169.0	170.0	171.0	172.0	173.0	174.0	175.0	176.0	177.0	178.0	179.0	180.0	181.0	182.0	183.0	184.0	185.0	186.0	187.0	188.0	189.0	190.0	191.0	192.0	193.0	194.0	195.0	196.0	197.0	198.0	199.0	200.0	201.0	202.0	203.0	204.0	205.0	206.0	207.0	208.0	209.0	210.0	211.0	212.0	213.0	214.0	215.0	216.0	217.0	218.0	219.0	220.0	221.0	222.0	223.0	224.0	225.0	226.0	227.0	228.0	229.0	230.0	231.0	232.0	233.0	234.0	235.0	236.0	237.0	238.0	239.0	240.0	241.0	242.0	243.0	244.0	245.0	246.0	247.0	248.0	249.0	250.0	251.0	252.0	253.0	254.0	255.0	256.0	257.0	258.0	259.0	260.0	261.0	262.0	263.0	264.0	265.0	266.0	267.0	268.0	269.0	270.0	271.0	272.0	273.0	274.0	275.0	276.0	277.0	278.0	279.0	280.0	281.0	282.0	283.0	284.0	285.0	286.0	287.0	288.0	289.0	290.0	291.0	292.0	293.0	294.0	295.0	296.0	297.0
5704.695789457163
