4449.675329272368	300.0	2000.0	162.4701360970609	0	0.0	4449.675329272368	1	0	1	-1.6448801921813734
4589.863999542184	300.0	2845.7924627032035	0.0	0	0.0	4435.656462245387	1	0	2	-1.0836629848191597
4822.068391485109	500.0	3590.367631565987	0.0	0	0.0	4412.436023051095	1	0	2	-0.8720119573451589
5200.0	500.0	4174.6428621996065	0.0	0	171.0322506984594	4374.642862199606	1	0	2	-0.3472085709346768
6200.0	500.0	4074.6428621996097	0.0	0	824.7272239854492	4274.6428621996065	1	0	2	-0.3049785312379402
7200.0	500.0	3974.64286219961	0.0	0	768.9208835800955	4174.642862199607	1	0	2	-0.2539957322951204
8200.0	1000.0	3874.64286219961	0.0	0	446.07889007030826	4074.6428621996065	1	0	2	-0.20581627641384131
9359.021064238994	2000.0	3599.7196915367185	0.0	0	0.0	3958.7407557757087	1	0	2	0.5425020040434314
10331.649199161377	3000.0	3529.8287431220965	0.0	0	0.0	3861.47794228347	1	0	2	1.2770379846544644
11442.899894587146	3000.0	3307.4529781537517	0.0	0	0.0	3750.3528727408957	1	0	2	1.720349508325515
12580.792563398296	3000.0	3055.7710424614875	0.0	0	0.0	3636.563605859783	1	0	2	1.7591344607863915
13988.793829730606	3000.0	2506.9696494959453	0.0	0	0.0	3495.7634792265508	1	0	2	1.8007678311566644
15227.112492672186	3000.0	2144.8191202602075	0.0	0	0.0	3371.9316129323925	1	0	2	1.835440141073018
16237.25369936647	3000.0	2134.677913565922	0.0	0	0.0	3371.9316129323925	1	0	1	1.8430608348741173
17191.36331570204	3000.0	2180.5682972303503	0.0	0	0.0	3371.9316129323906	1	0	1	2.0430608348741184
17867.989802755077	3000.0	2436.2791614720145	0.0	0	0.0	3304.268964227089	1	0	2	1.6554634392639573
18664.42337933161	3000.0	2639.8455848954827	0.0	0	0.0	3304.268964227089	1	0	1	1.8595726723164017
19328.41570243884	3000.0	2909.4540294775256	0.0	0	0.0	3237.8697319163657	1	0	2	1.6709112200119947
20200.0	3000.0	3037.8697319163693	0.0	0	53.01699708928936	3237.8697319163657	1	0	1	1.8748546943408728
21200.0	3000.0	2937.8697319163675	0.0	0	394.3291565981526	3137.869731916362	1	0	2	1.6883243672611798
22200.0	3000.0	2837.86973191637	0.0	0	215.63485186583785	3037.8697319163584	1	0	2	1.9091418743494475
23200.0	3000.0	2737.869731916372	0.0	0	440.36996017503407	2937.869731916355	1	0	2	1.9269713618719397
24200.497721954798	3000.0	2637.322237766093	0.0	0	0.0	2837.819959720877	1	0	2	1.9458323691107735
25293.392805117317	3000.0	2544.4271546035716	0.0	0	0.0	2837.819959720877	1	0	1	1.9500194887588198
26404.193330603266	3000.0	2433.6266291176235	0.0	0	0.0	2837.819959720877	1	0	1	2.15001948875882
27585.85646070233	3000.0	2251.9634990185573	0.0	0	0.0	2837.819959720873	1	0	1	2.1500194887588204
28867.33915649915	3000.0	1970.480803221738	0.0	0	0.0	2837.819959720873	1	0	1	2.1500194887588204
30252.844608462805	3000.0	1584.975351258084	0.0	0	0.0	2837.819959720873	1	0	1	2.1500194887588204
32273.820482904033	2000.0	563.9994768168551	0.0	0	0.0	2837.819959720873	1	0	1	1.3390892725424912
32725.837139510928	1000.0	1111.9828202099584	0.0	0	0.0	2837.819959720873	1	0	1	0.3582600195307655
33310.796781705474	1000.0	1527.0231780154095	0.0	0	0.0	2837.819959720866	1	0	1	1.0514072000907113
34078.08183183352	1000.0	1759.7381278873604	0.0	0	0.0	2837.8199597208695	1	0	1	1.0514072000907115
34626.95887814032	1000.0	2210.8610815805605	0.0	0	0.0	2837.819959720873	1	0	1	1.051407200090711
35402.4562835643	1000.0	2435.363676156582	0.0	0	0.0	2837.819959720873	1	0	1	1.0514072000907104
36200.0	1000.0	2637.8199597208836	0.0	0	183.784001010863	2837.819959720873	1	0	1	1.0514072000907106
37200.0	1000.0	2637.8199597208895	0.0	0	404.10078626300674	2837.819959720873	1	0	1	1.0514072000907106
38200.0	1000.0	2637.819959720895	0.0	0	579.9779076917912	2837.819959720873	1	0	1	1.0514072000907106
39200.0	1000.0	2637.819959720891	0.0	0	673.5545999333481	2837.819959720873	1	0	1	1.0514072000907106
40200.0	2000.0	2537.8199597208823	0.0	0	194.48992645067483	2737.8199597208586	1	0	2	0.6613876100881706
41280.274915625974	2000.0	2457.545044094908	0.0	0	0.0	2737.8199597208586	1	0	1	1.5594437865548572
42200.0	2000.0	2537.819959720882	0.0	0	148.16020911755186	2737.8199597208586	1	0	1	1.7594437865548573
43200.0	2000.0	2537.8199597208863	0.0	0	219.09050566490623	2737.8199597208586	1	0	1	1.7594437865548573
44224.57444953344	2000.0	2513.2455101874525	0.0	0	0.0	2737.8199597208586	1	0	1	1.7594437865548573
45200.0	2000.0	2537.8199597208873	0.0	0	331.690798824362	2737.8199597208513	1	0	1	1.7594437865548584
46200.0	2000.0	2537.819959720882	0.0	0	282.5715504010441	2737.8199597208513	1	0	1	1.7594437865548584
47200.0	2000.0	2537.8199597208736	0.0	0	49.340770525195694	2737.819959720844	1	0	1	1.7594437865548596
48200.0	2000.0	2537.8199597208704	0.0	0	304.48659583980043	2737.819959720837	1	0	1	1.7594437865548604
49625.14833972683	2000.0	2112.6716199940383	0.0	0	0.0	2737.819959720837	1	0	1	1.7594437865548604
50933.668496466955	2000.0	1804.1514632539215	0.0	0	0.0	2737.819959720837	1	0	1	1.7594437865548604
52137.58198060642	2000.0	1600.2379791144544	0.0	0	0.0	2737.819959720837	1	0	1	1.7594437865548604
53030.067065632196	2000.0	1707.7528940886666	0.0	0	0.0	2737.819959720837	1	0	1	1.7594437865548604
54063.359717290376	2000.0	1674.4602424304915	0.0	0	0.0	2737.819959720837	1	0	1	1.7594437865548604
54879.17541708404	2000.0	1777.0629726574525	0.0	0	0.0	2656.238389741462	1	0	2	1.3678534889977068
56297.48101894994	2000.0	1358.7573707915608	0.0	0	0.0	2656.238389741462	1	0	1	1.570610304310488
57379.74615227549	2000.0	1276.4922374660132	0.0	0	0.0	2656.2383897414547	1	0	1	1.770610304310489
58635.293930450316	2000.0	1020.944459291188	0.0	0	0.0	2656.2383897414547	1	0	1	1.770610304310489
59691.52636257515	2000.0	964.7120271663514	0.0	0	0.0	2656.2383897414475	1	0	1	1.7706103043104897
60768.649500605185	2000.0	887.5888891363154	0.0	0	0.0	2656.2383897414547	1	0	1	1.770610304310489
62081.7517012264	2000.0	574.4866885151002	0.0	0	0.0	2656.2383897414547	1	0	1	1.770610304310489
62917.65068988663	2000.0	738.5876998548684	0.0	0	0.0	2656.2383897414475	1	0	1	1.7706103043104897
63760.37040419618	2000.0	895.867985545314	0.0	0	0.0	2656.2383897414475	1	0	1	1.7706103043104897
64403.80778760113	2000.0	1252.4306021403672	0.0	0	0.0	2656.2383897414475	1	0	1	1.7706103043104897
64806.94768901228	2000.0	1849.2907007292222	0.0	0	0.0	2656.2383897414475	1	0	1	1.7706103043104897
65293.81115802558	2000.0	2362.427231715929	0.0	0	0.0	2656.2383897414475	1	0	1	1.7706103043104897
66200.0	2000.0	2456.238389741512	0.0	0	320.1495144000655	2656.2383897414547	1	0	1	1.7706103043104886
67200.0	3000.0	2456.2383897415007	0.0	0	338.57666718224937	2656.2383897414475	1	0	1	1.7706103043104893
68200.0	3000.0	2456.238389741522	0.0	0	374.4261778281798	2656.2383897414693	1	0	1	2.176075412418653
69739.09425578905	3000.0	1917.1441339524556	0.0	0	0.0	2656.2383897414547	1	0	1	2.176075412418654
70800.1344455459	3000.0	1856.1039441955966	0.0	0	0.0	2656.2383897414547	1	0	1	2.176075412418654
71846.06700092825	3000.0	1810.1713888132715	0.0	0	0.0	2656.2383897414547	1	0	1	2.176075412418654
73472.03176240886	3000.0	1184.2066273326534	0.0	0	0.0	2656.2383897414547	1	0	1	2.176075412418654
74485.3502624886	3000.0	1170.8881272529065	0.0	0	0.0	2656.23838974144	1	0	1	2.1760754124186557
75275.093133493	3000.0	1381.1452562485101	0.0	0	0.0	2656.23838974144	1	0	1	2.1760754124186557
76001.40143013421	3000.0	1654.8369596073014	0.0	0	0.0	2656.23838974144	1	0	1	2.1760754124186557
77119.59270194994	3000.0	1536.6456877915634	0.0	0	0.0	2656.23838974144	1	0	1	2.1760754124186557
77842.33555761956	3000.0	1813.902832121935	0.0	0	0.0	2656.2383897414547	1	0	1	2.176075412418654
78464.98441609296	3000.0	2191.2539736485305	0.0	0	0.0	2656.23838974144	1	0	1	2.1760754124186557
79200.0	3000.0	2456.2383897414816	0.0	0	61.48849342216272	2656.23838974144	1	0	1	2.1760754124186557
80200.0	3000.0	2456.2383897414684	0.0	0	198.29404876803164	2656.23838974144	1	0	1	2.1760754124186557
81797.28054040838	3000.0	1858.9578493330841	0.0	0	0.0	2656.2383897414547	1	0	1	2.176075412418654
82934.08867241688	3000.0	1722.1497173245782	0.0	0	0.0	2656.2383897414547	1	0	1	2.176075412418654
83997.8056370037	3000.0	1658.432752737761	0.0	0	0.0	2656.2383897414547	1	0	1	2.176075412418654
85575.27099633477	3000.0	1080.9673934066964	0.0	0	0.0	2656.2383897414547	1	0	1	2.176075412418654
86675.54623149453	3000.0	980.692158246931	0.0	0	0.0	2656.2383897414547	1	0	1	2.176075412418654
87705.93423800264	3000.0	950.3041517388208	0.0	0	0.0	2656.2383897414547	1	0	1	2.176075412418654
88431.85011163555	3000.0	1224.388278105897	0.0	0	0.0	2656.2383897414547	1	0	1	2.176075412418654
89588.32567514664	3000.0	1067.9127145947973	0.0	0	0.0	2656.23838974144	1	0	1	2.1760754124186557
91402.35938784796	3000.0	253.87900189350066	0.0	0	0.0	2656.23838974144	1	0	1	2.1760754124186557
92475.05267599584	2000.0	461.48026997587124	280.2945562302414	0	0.0	2936.5329459716886	1	0	1	-0.35878040891842944
93317.30754454448	2000.0	619.2254014272326	0.0	0	0.0	2936.5329459716886	1	0	1	1.7284520365711837
93812.10164277631	2000.0	1124.431303195404	0.0	0	0.0	2936.532945971674	1	0	1	1.7284520365711862
94281.09375792534	2000.0	1608.5399765314935	0.0	0	0.0	2889.633734456802	1	0	2	1.3346050571422219
94968.11709553067	2000.0	1921.5166389261574	0.0	0	0.0	2889.6337344568165	1	0	1	1.536283773035185
95410.99423092451	2000.0	2478.639503532322	0.0	0	0.0	2889.633734456802	1	0	1	1.7362837730351877
96200.0	3000.0	2689.6337344568306	0.0	0	180.59484166318725	2889.6337344568165	1	0	1	1.7362837730351854
97200.0	3000.0	2689.63373445682	0.0	0	597.9785890041239	2889.6337344568165	1	0	1	2.14174888114335
98200.0	3000.0	2689.633734456818	0.0	0	89.30839792256302	2889.633734456831	1	0	1	2.141748881143348
99939.94573857107	3000.0	1949.6879958857635	0.0	0	0.0	2889.633734456831	1	0	1	2.141748881143348
102452.11379055904	3000.0	437.5199438977965	0.0	0	0.0	2889.633734456831	1	0	1	2.141748881143348
105258.77600577126	3000.0	200.0	1569.1422713144152	0	0.0	4458.7760057712585	1	0	1	-7.650052471005735
107166.16276292641	2000.0	200.0	998.2958480642558	0	0.0	5366.162762926411	1	0	2	-6.239267293948937
107823.76227595798	1000.0	648.1414963841446	155.9099642898966	0	0.0	5471.903772342121	1	0	2	-2.113667604714372
108303.10890396174	1000.0	1120.8602055800134	0.0	0	0.0	5423.969109541751	1	0	2	-0.43425621093731104
108804.20054650624	1000.0	1569.6593987810709	0.0	0	0.0	5373.859945287302	1	0	2	-0.39017401729640133
109151.38231348661	1000.0	2187.759455102669	0.0	0	0.0	5339.141768589267	1	0	2	-0.3559324778176491
109872.1915450362	1000.0	2394.869300398108	0.0	0	0.0	5267.060845434316	1	0	2	-0.30158600076887987
110475.2114350926	1000.0	2731.547421336076	0.0	0	0.0	5206.758856428685	1	0	2	-0.24784274456740366
111226.06901019855	1000.0	2905.6040887195454	0.0	0	0.0	5131.67309891808	1	0	2	-0.18324888556743024
111916.70931256448	1000.0	3145.899756117024	0.0	0	0.0	5062.609068681486	1	0	2	-0.1270414066839157
113039.98081832383	2000.0	2910.3010997817237	0.0	0	0.0	4950.281918105553	1	0	2	-0.04463026454671548
113892.13049822068	3000.0	2972.9364518951847	0.0	0	0.0	4865.066950115841	1	0	2	0.7187032561943308
114857.25903153645	3000.0	2911.295065247838	0.0	0	0.0	4768.5540967842535	1	0	2	1.1900737550624045
116122.3346982707	3000.0	2519.711831840161	0.0	0	0.0	4642.04653011082	1	0	2	1.2685807392077364
118585.92318287303	3000.0	809.7644987775924	0.0	0	0.0	4395.687681650554	1	0	2	1.403851427860436
120106.8607011164	2000.0	233.897496391975	88.33115243827334	0	0.0	4340.758197508316	1	0	2	0.112995079013196
120635.01823982001	1000.0	726.47620386626	66.86545458933693	0	0.0	4361.494443686213	1	0	2	-0.7378872722222936
121010.78597094736	1000.0	1313.1316996261999	0.0	0	0.0	4323.917670573501	1	0	2	0.3786751560702496
121362.19892999121	1000.0	1926.5774446779496	0.0	0	0.0	4288.776374669105	1	0	2	0.3977031326230843
121945.39257046561	2000.0	2285.064440156115	0.0	0	0.0	4230.457010621671	1	0	2	0.4243123999882567
122819.13585798584	2000.0	2323.9468238838717	0.0	0	0.0	4143.082681869651	1	0	2	1.155678790718831
123779.79374566991	2000.0	2267.2231474313794	0.0	0	0.0	4047.0168931012304	1	0	2	1.1961382411977097
124729.87133429192	2000.0	2317.1455588093763	0.0	0	0.0	4047.0168931012304	1	0	1	1.2100966979377046
125192.52667249815	1000.0	2808.2246867825347	0.0	0	0.0	4000.7513592806354	1	0	2	-0.36122414510532025
125844.69921432028	1000.0	3090.834890778175	0.0	0	0.0	3935.5341050984134	1	0	2	0.5572573186580458
126498.3205703996	1000.0	3371.851399090914	0.0	0	0.0	3870.1719694904605	1	0	2	0.5833043719046325
127245.97483229113	2000.0	3549.431711010252	0.0	0	0.0	3795.4065433013166	1	0	2	0.6097509729241775
128200.0	2000.0	3500.004026530516	0.0	0	77.92422362188518	3700.004026530427	1	0	2	1.3329834118918127
129286.00758129041	3000.0	3305.3956871110454	0.0	0	0.0	3591.4032684013655	1	0	2	1.3689412401593484
130200.0	2000.0	3300.0040265305106	0.0	0	108.9592500593717	3500.0040265304124	1	0	2	0.9899200287243274
131200.0	3000.0	3200.004026530505	0.0	0	40.70584798359778	3400.0040265304124	1	0	2	1.4231113279863825
132200.0	3000.0	3200.0040265304942	0.0	0	136.18958810175536	3400.004026530398	1	0	1	1.8359208676828054
133238.03737297858	3000.0	3058.162916254031	0.0	0	0.0	3296.2002892325254	1	0	2	1.6549743904370589
134200.0	3000.0	3096.2002892326122	0.0	0	166.71001220491598	3296.2002892325254	1	0	1	1.8614775224632316
135200.0	3000.0	3096.2002892326104	0.0	0	351.5582317956432	3296.20028923254	1	0	1	2.0614775224632282
136200.0	3000.0	2996.200289232617	0.0	0	33.101082298118854	3196.200289232569	1	0	2	1.6783312682647353
137440.59236197695	3000.0	2631.5486910579853	0.0	0	0.0	3072.1410530348658	1	0	2	1.9017680563783794
139275.4407797248	3000.0	1796.7002733101272	0.0	0	0.0	3072.141053034895	1	0	1	1.9093017723412333
140773.9716491312	3000.0	1298.1694039037163	0.0	0	0.0	3072.141053034895	1	0	1	2.1093017723412335
141876.6385521085	3000.0	1195.502500926411	0.0	0	0.0	3072.141053034895	1	0	1	2.1093017723412335
143260.7740843587	3000.0	811.366968676167	0.0	0	0.0	3072.141053034895	1	0	1	2.1093017723412335
144365.3658598336	2000.0	706.7751932013007	0.0	0	0.0	3072.141053034895	1	0	1	1.2983715561249043
145330.11754735038	2000.0	742.0235056845423	0.0	0	0.0	3072.141053034895	1	0	1	1.703836664233069
146552.81434859696	2000.0	519.3267044379716	0.0	0	0.0	3072.141053034895	1	0	1	1.703836664233069
147396.65851441518	2000.0	675.4825386197226	0.0	0	0.0	3072.1410530348658	1	0	1	1.7038366642330742
148313.0022537254	2000.0	759.1387993095345	0.0	0	0.0	3072.141053034895	1	0	1	1.703836664233069
149151.3876238337	2000.0	920.7534292012435	0.0	0	0.0	3072.141053034895	1	0	1	1.703836664233069
150023.64211428817	2000.0	1048.4989387467876	0.0	0	0.0	3072.141053034895	1	0	1	1.703836664233069
150764.3421409738	2000.0	1307.7989120611196	0.0	0	0.0	3072.141053034895	1	0	1	1.703836664233069
151644.60601522424	2000.0	1339.5086503856658	0.0	0	0.0	2984.1146656098426	1	0	2	1.3157629067261543
152433.6544211965	2000.0	1550.4602444134018	0.0	0	0.0	2984.1146656098426	1	0	1	1.5201570205187154
153152.21418346604	2000.0	1831.9004821438505	0.0	0	0.0	2984.1146656098426	1	0	1	1.7201570205187156
153729.8067448302	2000.0	2254.30792077968	0.0	0	0.0	2984.1146656098426	1	0	1	1.7201570205187156
155225.8792865027	3000.0	1758.2353791071641	0.0	0	0.0	2984.1146656098426	1	0	1	1.7201570205187158
156394.63911907992	3000.0	1589.4755465299636	0.0	0	0.0	2984.1146656098426	1	0	1	2.12562212862688
157336.47706113438	3000.0	1647.6376044754718	0.0	0	0.0	2984.1146656098426	1	0	1	2.12562212862688
158564.92149607264	3000.0	1296.3487260433772	0.0	0	0.0	2861.2702221159707	1	0	2	1.7418898467800006
159763.11308256147	3000.0	1098.1571395545238	0.0	0	0.0	2861.2702221159125	1	0	1	1.9463249444011748
160639.8244728258	2000.0	1221.4457492901981	0.0	0	0.0	2861.2702221159416	1	0	1	1.3353947281848422
161770.21001388752	2000.0	1091.0602082284713	0.0	0	0.0	2861.2702221159416	1	0	1	1.7408598362930068
162668.02638252507	2000.0	1193.2438395909267	0.0	0	0.0	2861.2702221159416	1	0	1	1.7408598362930068
163493.73961496944	2000.0	1367.5306071465363	0.0	0	0.0	2861.2702221159125	1	0	1	1.7408598362930112
164131.45345123424	2000.0	1729.8167708817612	0.0	0	0.0	2861.2702221159125	1	0	1	1.7408598362930112
164628.39876165483	2000.0	2232.871460461166	0.0	0	0.0	2861.2702221159125	1	0	1	1.7408598362930112
165536.4999544181	3000.0	2324.770267697856	0.0	0	0.0	2861.2702221158834	1	0	1	1.740859836293016
166451.89482692326	3000.0	2409.3753951926583	0.0	0	0.0	2861.2702221158543	1	0	1	2.146324944401185
167266.05071838698	3000.0	2595.2195037289753	0.0	0	0.0	2861.2702221159125	1	0	1	2.1463249444011785
168200.0	3000.0	2661.270222115966	0.0	0	67.13211951818084	2861.2702221159125	1	0	1	2.146324944401176
169200.0	3000.0	2661.270222115976	0.0	0	446.22117405582685	2861.2702221159125	1	0	1	2.146324944401176
170200.0	3000.0	2661.2702221159716	0.0	0	436.33869353312184	2861.2702221158834	1	0	1	2.1463249444011807
171200.0	3000.0	2661.2702221159684	0.0	0	255.41724824308767	2861.2702221158834	1	0	1	2.1463249444011807
172200.0	3000.0	2661.2702221159566	0.0	0	309.7629346703761	2861.2702221158834	1	0	1	2.1463249444011807
173668.5050317056	3000.0	2192.765190410336	0.0	0	0.0	2861.2702221158543	1	0	1	2.146324944401185
174767.35332355462	3000.0	2093.9168985613214	0.0	0	0.0	2861.2702221158543	1	0	1	2.146324944401185
176506.21892834158	3000.0	1355.051293774345	0.0	0	0.0	2861.270222115796	1	0	1	2.146324944401192
178323.91153272535	3000.0	537.3586893906054	0.0	0	0.0	2861.270222115825	1	0	1	2.14632494440119
180300.25810533352	3000.0	200.0	760.5659458894417	0	0.0	3500.258105333516	1	0	2	-2.923044114283714
182312.19280565786	2000.0	200.0	1011.9347003243225	0	0.0	4512.192805657862	1	0	1	-5.478734471751201
184072.3677221388	2000.0	200.0	851.0840073900301	0	0.0	5272.367722138792	1	0	2	-4.840423660582816
184880.28482646504	1000.0	518.7162645197475	188.56825388965981	0	0.0	5399.0010909847915	1	0	2	-2.2472369631303635
185357.13220420526	1000.0	994.1841490054511	0.0	0	0.0	5351.316353210714	1	0	2	-0.36846563729508847
185797.84306225172	1000.0	1509.4022051543682	0.0	0	0.0	5307.245267406077	1	0	2	-0.329430453565202
186304.8549290279	1000.0	1951.689151700582	0.0	0	0.0	5256.54408072849	1	0	2	-0.28575071033940497
186640.41337509447	1000.0	2582.5748610273554	0.0	0	0.0	5222.988236121833	1	0	2	-0.2529122558053803
187342.37034300945	2000.0	2810.42219632087	0.0	0	0.0	5152.792539330316	1	0	2	-0.19957603247029088
188093.91426402563	2000.0	2983.723883203046	0.0	0	0.0	5077.6381472286885	1	0	2	0.5541942216214103
188781.16880701386	2000.0	3227.7438859159975	0.0	0	0.0	5008.912692929909	1	0	2	0.6101487953658906
189855.6583342662	3000.0	3045.8054059384185	0.0	0	0.0	4901.463740204665	1	0	2	0.6788138851657862
191726.87212412676	3000.0	1987.4702370918076	0.0	0	0.0	4714.342361218616	1	0	2	1.214751374663424
192936.51112048473	3000.0	1656.8673410980368	0.0	0	0.0	4593.378461582848	1	0	2	1.3058930643391693
193529.60854110145	2000.0	2063.7699204813016	0.0	0	0.0	4593.378461582819	1	0	1	0.5144754679359151
194393.73732508766	2000.0	2113.2282580964616	0.0	0	0.0	4506.965583184152	1	0	2	0.7612630645748012
194860.25847660692	2000.0	2600.0549914252433	0.0	0	0.0	4460.3134680322255	1	0	2	0.9941101177360187
195943.12678687458	3000.0	2408.8998501308206	0.0	0	0.0	4352.026637005474	1	0	2	1.0459628353857116
197021.4939987841	3000.0	2222.6959170303244	0.0	0	0.0	4244.189915814524	1	0	2	1.5087849382629028
198767.03495772154	3000.0	1302.6008621991575	0.0	0	0.0	4069.6358199208044	1	0	2	1.586717559279125
199958.6403886803	2000.0	991.8348881445377	0.0	0	0.0	3950.475276824989	1	0	2	0.8323934968729618
201118.06526812876	2000.0	716.4675207512362	0.0	0	0.0	3834.5327888801403	1	0	2	1.284267009165376
201908.44549773438	2000.0	847.0492681850667	0.0	0	0.0	3755.494765919633	1	0	2	1.3168586348698827
202744.8121650708	2000.0	927.0459341150197	0.0	0	0.0	3671.858099186007	1	0	2	1.3445336648701438
203847.22601586027	2000.0	714.3906982465876	0.0	0	0.0	3561.6167141070473	1	0	2	1.3771257723503398
205281.0363190069	2000.0	218.3232170995826	73.74895664933291	0	0.0	3499.359536106669	1	0	2	0.9590749943721829
205917.8915217348	1000.0	682.838504855741	101.37049048407414	0	0.0	3600.730026590725	1	0	1	-0.6204203529644632
206374.427666502	1000.0	1180.648745611837	0.0	0	0.0	3555.0764121139946	1	0	2	0.4917940081283414
206979.001609934	1000.0	1515.6174078366003	0.0	0	0.0	3494.619017770805	1	0	2	0.7078963719216371
207378.57109777068	1000.0	2076.09097121626	0.0	0	0.0	3454.6620689870906	1	0	2	0.7202820869544407
207899.4069230096	1000.0	2555.255145977329	0.0	0	0.0	3454.6620689870906	1	0	1	0.7229020477107624
208399.34603440764	1000.0	3055.316034579283	0.0	0	0.0	3454.6620689871197	1	0	1	0.9229020477107547
209200.0	1000.0	3174.5966724276823	0.0	0	442.80038107011933	3374.5966724278405	1	0	2	0.5345911882812087
210200.0	1000.0	3174.596672427672	0.0	0	308.0782515115279	3374.5966724278405	1	0	1	0.7437781276263805
211200.0	1000.0	3074.5966724276727	0.0	0	350.014385526767	3274.5966724278405	1	0	2	0.5590996301232993
212200.0	2000.0	2974.596672427671	0.0	0	95.36705436653574	3174.5966724278696	1	0	2	0.7831692522616687
213200.0	2000.0	2974.596672427658	0.0	0	373.17091842592345	3174.5966724278405	1	0	1	1.4831434149532559
214200.0	2000.0	2974.596672427678	0.0	0	332.5462634268042	3174.5966724278405	1	0	1	1.683143414953256
215200.0	1000.0	2974.5966724276905	0.0	0	765.5988593500224	3174.5966724278114	1	0	1	0.296849053833372
216200.0	2000.0	2974.5966724276877	0.0	0	559.5681342785829	3174.5966724278405	1	0	1	0.9899962343933107
217200.0	2000.0	2974.5966724276786	0.0	0	631.3711493743467	3174.5966724278696	1	0	1	1.6831434149532498
218736.8666544089	3000.0	2437.730018018799	0.0	0	0.0	3174.5966724278405	1	0	1	1.6831434149532565
219760.3616329895	3000.0	2414.2350394381947	0.0	0	0.0	3174.5966724278696	1	0	1	2.088608523061415
221119.61352105267	3000.0	2054.98315137504	0.0	0	0.0	3174.5966724278405	1	0	1	2.088608523061421
222169.7457062571	3000.0	2004.8509661706294	0.0	0	0.0	3174.5966724278696	1	0	1	2.088608523061415
222960.26448977113	3000.0	2214.3321826565925	0.0	0	0.0	3174.5966724278696	1	0	1	2.088608523061415
223909.23874697194	3000.0	2265.357925455802	0.0	0	0.0	3174.5966724278696	1	0	1	2.088608523061415
224576.30604955083	3000.0	2598.290622876918	0.0	0	0.0	3174.5966724278696	1	0	1	2.088608523061415
225405.80266482127	3000.0	2768.794007606502	0.0	0	0.0	3174.5966724278696	1	0	1	2.088608523061415
226337.39763049962	3000.0	2837.19904192813	0.0	0	0.0	3174.5966724278696	1	0	1	2.088608523061415
227200.0	3000.0	2974.5966724277746	0.0	0	237.85563138403813	3174.5966724278696	1	0	1	2.088608523061415
228200.0	3000.0	2874.596672427756	0.0	0	379.5972422628838	3074.5966724278405	1	0	2	1.7013928836921424
229245.12545107421	3000.0	2724.958676246095	0.0	0	0.0	2970.0841273204132	1	0	2	1.922918806616415
230951.25394782666	3000.0	2018.8301794936858	0.0	0	0.0	2970.0841273204423	1	0	1	1.928105482394702
231744.63470989713	3000.0	2225.4494174231822	0.0	0	0.0	2970.0841273204423	1	0	1	2.1281054823947003
232997.5594107392	3000.0	1972.5247165811195	0.0	0	0.0	2970.0841273204423	1	0	1	2.1281054823947003
234151.10988037742	3000.0	1703.619199979084	0.0	0	0.0	2854.7290803566575	1	0	2	1.7426004719110233
235104.28269540737	3000.0	1750.4463849491524	0.0	0	0.0	2854.7290803566575	1	0	1	1.9473634973653744
236188.96746998816	3000.0	1665.7616103683652	0.0	0	0.0	2854.7290803566575	1	0	1	2.1473634973653746
237216.07118208508	3000.0	1638.6578982714748	0.0	0	0.0	2854.7290803566575	1	0	1	2.1473634973653746
237797.92053371013	2000.0	2056.8085466464445	0.0	0	0.0	2854.7290803566575	1	0	1	1.3364332811490454
238900.4244819136	2000.0	1954.3045984429623	0.0	0	0.0	2854.7290803566575	1	0	1	1.74189838925721
240361.24553313886	2000.0	1493.483547217672	0.0	0	0.0	2854.7290803566284	1	0	1	1.7418983892572144
242053.45603608093	3000.0	801.2730442756391	0.0	0	0.0	2854.7290803566284	1	0	1	1.7418983892572149
242715.16570913309	2000.0	1139.563371223479	0.0	0	0.0	2854.7290803565993	1	0	1	1.3364332811490545
243289.02420580183	2000.0	1565.7048745547395	0.0	0	0.0	2854.7290803565993	1	0	1	1.741898389257219
243937.18979738688	2000.0	1917.5392829696764	0.0	0	0.0	2854.7290803565993	1	0	1	1.741898389257219
244423.30759317483	2000.0	2431.421487181732	0.0	0	0.0	2854.72908035657	1	0	1	1.7418983892572237
245200.0	2000.0	2654.729080356597	0.0	0	156.51322685240302	2854.7290803565993	1	0	1	1.741898389257219
246200.0	2000.0	2654.7290803565693	0.0	0	641.0129494481953	2854.7290803565993	1	0	1	1.741898389257219
247200.0	3000.0	2554.7290803565365	0.0	0	213.30910562924691	2754.7290803565993	1	0	2	1.3519944190947515
249144.83839430803	3000.0	1609.8906860485274	0.0	0	0.0	2754.7290803565993	1	0	1	1.9624868156364137
251920.05683420427	3000.0	200.0	365.32775384768166	0	0.0	3120.056834204326	1	0	1	-0.042420275262014195
255122.60686717572	2000.0	200.0	2202.550032971468	0	0.0	5322.606867175724	1	0	1	-12.818229043442681
256001.31354171102	1000.0	507.33715364782205	249.01317785151343	0	0.0	5508.65069535884	1	0	2	-2.912698123149726
256650.0991834334	1000.0	793.6729477531894	0.0	0	0.0	5443.77213118659	1	0	2	-0.45895961057910534
257256.81026420544	1000.0	1126.290758903965	0.0	0	0.0	5383.101023109368	1	0	2	-0.399809929706799
257545.71841577423	1000.0	1808.4917921783128	0.0	0	0.0	5354.210207952507	1	0	2	-0.368069692021189
257833.58828318634	1000.0	2491.8349380250015	0.0	0	0.0	5325.423221211298	1	0	2	-0.34182263611684066
258176.86850020627	1000.0	3114.2266993030494	0.0	0	0.0	5291.095199509262	1	0	2	-0.31353710907453386
258862.74235568198	1000.0	3359.765458279732	0.0	0	0.0	5222.5078139616235	1	0	2	-0.25987047266704233
260183.1095387152	2000.0	2907.3615569431768	0.0	0	0.0	5090.471095658257	1	0	2	-0.16588193340219326
261355.93693871435	2000.0	2617.251416944106	0.0	0	0.0	4973.188355658349	1	0	2	0.6299606183544301
262678.1532773812	3000.0	2162.813444410588	0.0	0	0.0	4840.966721791687	1	0	2	0.7265187462188287
263839.95022882306	3000.0	1884.8367978246235	0.0	0	0.0	4724.787026647566	1	0	2	1.2167141066440328
265150.0518483428	3000.0	1443.7250163529375	0.0	0	0.0	4593.776864695654	1	0	2	1.3010434610923354
266394.49971690547	2000.0	1074.8323609339748	0.0	0	0.0	4469.3320778393245	1	0	2	0.5739954789514491
267752.9013215183	2000.0	580.5905958597866	0.0	0	0.0	4333.49191737792	1	0	2	1.049621091517924
268374.34612888866	1000.0	897.0013077523315	0.0	0	0.0	4271.347436640819	1	0	2	-0.2889680276073445
268953.52179622656	1000.0	1259.9080736806106	0.0	0	0.0	4213.429869906977	1	0	2	0.432479779561602
269414.49140591663	1000.0	1752.8415030215695	0.0	0	0.0	4167.332908938057	1	0	2	0.45720725166070864
269796.2257468044	1000.0	2332.9337280450623	0.0	0	0.0	4129.159474849352	1	0	2	0.4761367940210942
270296.71194221167	1000.0	2782.398913097093	0.0	0	0.0	4079.1108553087106	1	0	2	0.4977938757410283
270646.46822267515	1000.0	3397.667004587284	0.0	0	0.0	4044.1352272623917	1	0	2	0.5146637072358602
271350.64585718827	2000.0	3623.0716066228174	0.0	0	0.0	3973.7174638110446	1	0	2	0.540326666033649
273106.8263801459	3000.0	2691.2730313693914	0.0	0	0.0	3798.09941151517	1	0	2	1.286130335105758
274094.6619117333	2000.0	2604.6539466233003	0.0	0	0.0	3699.315858356422	1	0	2	0.9284369301864754
275167.2232639875	2000.0	2424.8364591435884	0.0	0	0.0	3592.059723130951	1	0	2	1.368789921110547
276087.75502605544	2000.0	2412.251520868861	0.0	0	0.0	3500.0065469241235	1	0	2	1.3965862649042575
276919.9364506539	2000.0	2496.851953810517	0.0	0	0.0	3416.788404464314	1	0	2	1.420758738399715
277786.79988575727	2000.0	2629.9885187071577	0.0	0	0.0	3416.788404464314	1	0	1	1.42610351640237
278629.8853431072	2000.0	2786.903061357183	0.0	0	0.0	3416.788404464314	1	0	1	1.6261035164023703
279402.19534305856	2000.0	2937.362061410721	0.0	0	0.0	3339.557404469233	1	0	2	1.2411989416786104
280200.0	2000.0	3059.7769387750996	0.0	0	237.3575876208488	3259.7769387750304	1	0	2	1.4571868230922473
281200.0	2000.0	3059.7769387750654	0.0	0	545.1172628690838	3259.7769387750304	1	0	1	1.464445694927849
282200.0	2000.0	2959.776938775053	0.0	0	315.1411568055628	3159.7769387750304	1	0	2	1.278418583886223
283200.0	2000.0	2859.7769387750914	0.0	0	453.5940611669794	3059.7769387750304	1	0	2	1.4986979032193126
284200.0	2000.0	2859.77693877505	0.0	0	458.38493839022703	3059.7769387750304	1	0	1	1.5062079317320225
285200.0	3000.0	2859.7769387750445	0.0	0	1.8632735466235317	3059.776938774972	1	0	1	1.706207931732034
286691.85882960167	3000.0	2218.7322262131524	0.0	0	0.0	2910.5910558147007	1	0	2	1.7305899527216144
288841.4642481442	3000.0	1069.1268076706292	0.0	0	0.0	2910.591055814759	1	0	1	1.9382906025329305
290073.99631364254	3000.0	836.5947421722834	0.0	0	0.0	2910.591055814759	1	0	1	2.1382906025329307
291060.8905857892	3000.0	849.7004700255914	0.0	0	0.0	2910.591055814817	1	0	1	2.138290602532921
292309.76800705754	3000.0	600.8230487572771	0.0	0	0.0	2910.5910558148753	1	0	1	2.138290602532911
293463.3835153548	2000.0	447.2075404600044	0.0	0	0.0	2910.5910558148753	1	0	1	1.327360386316582
294390.7332422444	2000.0	519.857813570449	0.0	0	0.0	2910.5910558148753	1	0	1	1.7328254944247465
295394.0176962583	2000.0	530.3257898300224	13.752430273471703	0	0.0	2924.343486088328	1	0	1	1.6480053228834777
296269.05400167615	2000.0	655.289484412242	0.0	0	0.0	2924.3434860883863	1	0	1	1.7305199045243038
297032.25240093214	2000.0	892.0910851562583	0.0	0	0.0	2924.343486088328	1	0	1	1.7305199045243078
297954.53392926103	2000.0	969.8095568273687	0.0	0	0.0	2924.343486088328	1	0	1	1.7305199045243078
298526.41874631005	2000.0	1397.9247397783092	0.0	0	0.0	2924.343486088328	1	0	1	1.7305199045243078
299125.8486756906	2000.0	1798.4948103977654	0.0	0	0.0	2924.343486088328	1	0	1	1.7305199045243078
299657.1095291927	2000.0	2267.2339568956572	0.0	0	0.0	2924.343486088328	1	0	1	1.7305199045243078
300200.0	2000.0	2724.343486088348	0.0	0	23.61829830124043	2924.343486088328	1	0	1	1.7305199045243078
2.98	2.57	2.07	2.5	2.24	2.83	3.24	2.31	2.22	2.95	3.28	4.24	3.83	4.24	4.58	4.73	4.43	5.11	4.29	2.73	2.78	2.25	2.06	2.2	2.24	1.59	1.56	0.87	1.75	1.64	1.41	1.62	2.06	2.71	3.13	3.15	1.76	1.98	2.32	2.37	2.84	3.43	2.72	2.54	1.48	2.0	1.91	2.34	2.57	2.39	2.06	1.38	1.8	2.24	2.12	2.8	1.98	2.07	2.7	3.26	3.89	4.51	5.19	6.32	2.18	2.51	2.27	2.12	2.27	2.92	3.45	4.07	3.73	4.15	4.6	3.6	2.91	1.68	3.33	2.66	2.39	2.5	2.85	3.46	3.58	1.92	1.41	1.92	2.59	3.21	3.81	4.48	6.56	4.0	1.78	2.04	1.48	1.51	0.86	0.74	0.71	1.03	1.51	2.05	2.92	1.92	1.37	1.88	2.39	2.85	2.59	1.71	1.42	1.84	1.37	1.8	2.39	2.97	3.08	1.63	2.15	1.84	2.33	2.27	2.42	3.06	3.7	4.24	3.89	4.4	4.03	3.41	3.06	2.06	1.84	1.99	2.27	2.64	1.85	1.95	1.62	1.85	2.13	2.63	2.43	3.04	3.17	3.1	2.75	2.37	2.98	2.57	2.07	2.5	2.24	2.83	3.24	2.31	2.22	2.95	3.28	4.24	3.83	4.24	4.58	4.73	4.43	5.11	4.29	2.73	2.78	2.25	2.06	2.2	2.24	1.59	1.56	0.87	1.75	1.64	1.41	1.62	2.06	2.71	3.13	3.15	1.76	1.98	2.32	2.37	2.84	3.43	2.72	2.54	1.48	2.0	1.91	2.34	2.57	2.39	2.06	1.38	1.8	2.24	2.12	2.8	1.98	2.07	2.7	3.26	3.89	4.51	5.19	6.32	2.18	2.51	2.27	2.12	2.27	2.92	3.45	4.07	3.73	4.15	4.6	3.6	2.91	1.68	3.33	2.66	2.39	2.5	2.85	3.46	3.58	1.92	1.41	1.92	2.59	3.21	3.81	4.48	6.56	4.0	1.78	2.04	1.48	1.51	0.86	0.74	0.71	1.03	1.51	2.05	2.92	1.92	1.37	1.88	2.39	2.85	2.59	1.71	1.42	1.84	1.37	1.8	2.39	2.97	3.08	1.63	2.15	1.84	2.33	2.27	2.42	3.06	3.7	4.24	3.89	4.4	4.03	3.41	3.06	2.06	1.84	1.99	2.27	2.64	1.85	1.95	1.62	1.85	2.13	2.63	2.43	3.04	3.17	3.1	2.75	2.37	2.98
1.0	2.0	3.0	4.0	5.0	6.0	7.0	8.0	9.0	10.0	11.0	12.0	13.0	14.0	15.0	16.0	17.0	18.0	19.0	20.0	21.0	22.0	23.0	24.0	25.0	26.0	27.0	28.0	29.0	30.0	31.0	32.0	33.0	34.0	35.0	36.0	37.0	38.0	39.0	40.0	41.0	42.0	43.0	44.0	45.0	46.0	47.0	48.0	49.0	50.0	51.0	52.0	53.0	54.0	55.0	56.0	57.0	58.0	59.0	60.0	61.0	62.0	63.0	64.0	65.0	66.0	67.0	68.0	69.0	70.0	71.0	72.0	73.0	74.0	75.0	76.0	77.0	78.0	79.0	80.0	81.0	82.0	83.0	84.0	85.0	86.0	87.0	88.0	89.0	90.0	91.0	92.0	93.0	94.0	95.0	96.0	97.0	98.0	99.0	100.0	101.0	102.0	103.0	104.0	105.0	106.0	107.0	108.0	109.0	110.0	111.0	112.0	113.0	114.0	115.0	116.0	117.0	118.0	119.0	120.0	121.0	122.0	123.0	124.0	125.0	126.0	127.0	128.0	129.0	130.0	131.0	132.0	133.0	134.0	135.0	136.0	137.0	138.0	139.0	140.0	141.0	142.0	143.0	144.0	145.0	146.0	147.0	148.0	149.0	149.0	150.0	151.0	152.0	153.0	154.0	155.0	156.0	157.0	158.0	159.0	160.0	161.0	162.0	163.0	164.0	165.0	166.0	167.0	168.0	169.0	170.0	171.0	172.0	173.0	174.0	175.0	176.0	177.0	178.0	179.0	180.0	181.0	182.0	183.0	184.0	185.0	186.0	187.0	188.0	189.0	190.0	191.0	192.0	193.0	194.0	195.0	196.0	197.0	198.0	199.0	200.0	201.0	202.0	203.0	204.0	205.0	206.0	207.0	208.0	209.0	210.0	211.0	212.0	213.0	214.0	215.0	216.0	217.0	218.0	219.0	220.0	221.0	222.0	223.0	224.0	225.0	226.0	227.0	228.0	229.0	230.0	231.0	232.0	233.0	234.0	235.0	236.0	237.0	238.0	239.0	240.0	241.0	242.0	243.0	244.0	245.0	246.0	247.0	248.0	249.0	250.0	251.0	252.0	253.0	254.0	255.0	256.0	257.0	258.0	259.0	260.0	261.0	262.0	263.0	264.0	265.0	266.0	267.0	268.0	269.0	270.0	271.0	272.0	273.0	274.0	275.0	276.0	277.0	278.0	279.0	280.0	281.0	282.0	283.0	284.0	285.0	286.0	287.0	288.0	289.0	290.0	291.0	292.0	293.0	294.0	295.0	296.0	297.0	298.0	298.0	299.0
4162.267322388889
