6465.875101903716	300.0	2000.0	230.31101095042777	0	0.0	6465.875101903716	1	0	1	-3.7813619222867163
6766.413808055797	300.0	2699.4612938479186	0.0	0	0.0	6465.875101903716	1	0	1	-2.447737446677451
7013.047391402839	300.0	3452.8277105008756	0.0	0	0.0	6465.875101903715	1	0	1	-2.4477374466774506
7416.757127101611	500.0	4008.7470012322265	0.0	0	0.0	6425.504128333839	1	0	2	-2.8181709161764887
7919.930648848011	500.0	4455.256127311188	0.0	0	0.0	6375.186776159198	1	0	2	-2.0624349938678774
8347.161363804935	500.0	4985.3023408585705	0.0	0	0.0	6332.463704663505	1	0	2	-2.0192625898909458
8803.550070377934	500.0	5483.27476362827	0.0	0	0.0	6286.824834006205	1	0	2	-1.9756375923319127
9546.837960308985	1000.0	5665.658084704117	0.0	0	0.0	6212.496045013101	1	0	2	-1.908142651053968
10610.82311355324	2000.0	5495.274416135433	0.0	0	0.0	6106.097529688674	1	0	2	-1.1182147835267107
13345.058831652157	3000.0	3487.615126226623	0.0	0	0.0	5832.673957878781	1	0	2	-0.20748419803525714
15382.693846262495	2000.0	2246.216610155251	0.0	0	0.0	5628.910456417749	1	0	2	-0.3763581528735215
16164.21127158408	1000.0	2386.5474423015103	0.0	0	0.0	5550.758713885592	1	0	2	-1.2530399424114325
16828.258914814905	1000.0	2656.095034747604	0.0	0	0.0	5484.353949562514	1	0	2	-0.4973017510373973
17343.096498367297	1000.0	3089.7736928399722	0.0	0	0.0	5432.870191207272	1	0	2	-0.445606594013486
18289.458088090127	2000.0	3048.7759441448625	0.0	0	0.0	5338.234032234992	1	0	2	-0.3677652291680398
18894.020066742934	2000.0	3383.757767626774	0.0	0	0.0	5277.777834369714	1	0	2	0.3857785140375911
19781.636680364467	2000.0	3407.379492643089	0.0	0	0.0	5189.01617300756	1	0	2	0.45804917383343213
21178.226792364097	2000.0	2871.130369443498	0.0	0	0.0	5049.357161807597	1	0	2	0.5597877624692931
22553.362958092628	2000.0	2358.480587142114	0.0	0	0.0	4911.843545234748	1	0	2	0.6752509288203907
23546.97433912181	2000.0	2265.5080680100154	0.0	0	0.0	4812.482407131836	1	0	2	0.754486294068998
25395.716151934423	3000.0	1231.892073916141	0.0	0	0.0	4627.608225850574	1	0	2	0.864347435640174
27474.748117565676	3000.0	200.0	231.85735298021797	0	0.0	4674.748117565687	1	0	2	-0.07780752600914431
28047.763259852993	1000.0	684.8258501960327	104.67500610189217	0	0.0	4732.5891100490335	1	0	2	-1.6018018502793718
28668.32602377749	1000.0	1002.2068098790862	0.0	0	0.0	4670.532833656587	1	0	2	0.16593121937308464
29436.690679610874	1000.0	1157.0056884623627	0.0	0	0.0	4593.6963680732515	1	0	2	0.2142228111926538
29929.276091807624	1000.0	1615.1617350459385	0.0	0	0.0	4544.43782685358	1	0	2	0.250605083943805
30766.579789722615	2000.0	1694.1276673394511	0.0	0	0.0	4460.707457062079	1	0	2	0.29452888414094025
31333.738572796472	1000.0	2070.253005958211	0.0	0	0.0	4403.991578754689	1	0	2	-0.36157290964999456
31703.228827521434	1000.0	2663.813725760754	0.0	0	0.0	4367.042553282197	1	0	2	0.3550323552122029
32533.864527544356	2000.0	2833.1780257378323	0.0	0	0.0	4367.042553282197	1	0	1	0.36016080350685065
33460.69846816765	2000.0	2813.6606910522046	0.0	0	0.0	4274.3591592198645	1	0	2	0.8874741211536412
35127.03238724147	3000.0	1980.6933800710096	0.0	0	0.0	4107.725767312491	1	0	2	1.1645398733310217
36749.469816101315	3000.0	1196.0122083251729	0.0	0	0.0	3945.4820244265065	1	0	2	1.6405306956564227
37915.022875663475	2000.0	913.9038428067992	0.0	0	0.0	3828.9267184702912	1	0	2	0.8800456718885277
39498.00014954608	2000.0	373.5509591896116	182.65647059425703	0	0.0	3871.5511087356863	1	0	2	0.17467810705109776
40777.80825112599	2000.0	355.4637156705039	261.7208580607953	0	0.0	4133.271966796492	1	0	1	-0.3989977528730362
42318.852682343364	2000.0	272.05297645895007	556.1255773886885	0	0.0	4590.905658802294	1	0	2	-2.6321706043138393
43022.11698133835	1000.0	642.3097909783447	130.77049401261675	0	0.0	4664.426772316678	1	0	2	-1.3070203773155402
43528.91930609586	1000.0	1084.8272337450885	0.0	0	0.0	4613.746539840926	1	0	2	0.20616634576218348
44255.26694296666	2000.0	1285.844833187203	0.0	0	0.0	4541.111776153841	1	0	2	0.24831067176999308
44882.8810769199	2000.0	1595.4692858386336	0.0	0	0.0	4478.350362758509	1	0	2	0.9810587747051847
45703.1262597637	2000.0	1693.1995847104474	0.0	0	0.0	4396.325844474122	1	0	2	1.0246073162234706
46651.623413957204	2000.0	1649.8527150976033	0.0	0	0.0	4301.4761290547685	1	0	2	1.0747548543888235
47453.23927101755	1000.0	1848.2368580372618	0.0	0	0.0	4301.4761290547685	1	0	1	-0.29791650108847845
48442.20383180425	1000.0	1760.3758411718823	0.0	0	0.0	4202.579672976084	1	0	2	0.23354395735638325
49170.26180276356	1000.0	1959.5120731166323	0.0	0	0.0	4129.773875880157	1	0	2	0.4722195612558867
49760.73592100131	1000.0	2309.990543055114	0.0	0	0.0	4070.7264640563953	1	0	2	0.5001334058637623
50468.96676562161	1000.0	2530.936613972781	0.0	0	0.0	3999.9033795943615	1	0	2	0.5295264638702143
50995.19191274192	1000.0	2952.0889521404515	0.0	0	0.0	3947.280864882334	1	0	2	0.5527450534387979
51569.32799637362	1000.0	3320.53926014558	0.0	0	0.0	3889.867256519181	1	0	2	0.5758790996617389
52200.0	1000.0	3626.8000561565595	0.0	0	34.379991144094674	3826.8000561565423	1	0	2	0.5991979467770332
53200.0	1000.0	3526.8000561565536	0.0	0	320.73713769232563	3726.8000561565277	1	0	2	0.6277705272163251
54200.0	1000.0	3426.800056156554	0.0	0	402.9229440871568	3626.8000561565277	1	0	2	0.6607194601956576
55200.0	1000.0	3326.800056156555	0.0	0	202.67824685847881	3526.800056156535	1	0	2	0.6928211797353443
56200.0	1000.0	3226.8000561565545	0.0	0	208.59144337840553	3426.800056156535	1	0	2	0.7212055703956606
57200.0	1000.0	3226.8000561565486	0.0	0	266.57973475220933	3426.800056156535	1	0	1	0.730330217276336
58200.0	1000.0	3126.800056156554	0.0	0	456.06015426232625	3326.800056156535	1	0	2	0.5460722624354702
59200.0	1000.0	3126.8000561565477	0.0	0	480.8212767004443	3326.800056156535	1	0	1	0.7555696542369316
60200.0	1000.0	3126.800056156544	0.0	0	530.2845215808848	3326.8000561565277	1	0	1	0.9555696542369335
61200.0	1000.0	3026.8000561565477	0.0	0	647.459880285387	3226.800056156535	1	0	2	0.5696127998721265
62200.0	1000.0	2926.8000561565495	0.0	0	517.9897462887675	3126.8000561565423	1	0	2	0.7917654304586041
63200.0	1000.0	2926.800056156558	0.0	0	366.2641338536705	3126.8000561565423	1	0	1	0.7998857034746123
64326.26791090642	2000.0	2800.532145250141	0.0	0	0.0	3126.8000561565423	1	0	1	0.9998857034746125
65277.92514980035	2000.0	2848.87490635621	0.0	0	0.0	3126.8000561565423	1	0	1	1.6930328840345577
66405.87685842402	2000.0	2720.9231977325394	0.0	0	0.0	3126.8000561565423	1	0	1	1.6930328840345585
67488.83115118109	2000.0	2637.968904975466	0.0	0	0.0	3126.800056156535	1	0	1	1.6930328840345599
69376.21983191281	2000.0	1750.5802242437578	0.0	0	0.0	3126.800056156557	1	0	1	1.6930328840345557
71203.69986502499	2000.0	923.1001911315846	0.0	0	0.0	3126.800056156557	1	0	1	1.6930328840345545
72137.77210520228	2000.0	989.0279509542694	0.0	0	0.0	3126.800056156557	1	0	1	1.6930328840345545
72838.82248896477	1000.0	1287.9775671917967	0.0	0	0.0	3126.800056156557	1	0	1	0.3067385229146644
73367.4481574822	1000.0	1759.3518986743723	0.0	0	0.0	3126.8000561565423	1	0	1	0.9998857034746125
73856.99905028181	1000.0	2269.8010058747814	0.0	0	0.0	3126.8000561565423	1	0	1	0.9998857034746125
74334.46297134722	1000.0	2792.3370848093714	0.0	0	0.0	3126.8000561565423	1	0	1	0.9998857034746125
75200.0	1000.0	2926.8000561565923	0.0	0	444.88293766653806	3126.8000561565423	1	0	1	0.9998857034746125
76200.0	1000.0	2926.8000561565923	0.0	0	513.709042118222	3126.8000561565423	1	0	1	0.9998857034746125
77200.0	1000.0	2926.800056156583	0.0	0	54.324559728760505	3126.8000561565423	1	0	1	0.9998857034746125
78200.0	1000.0	2926.800056156588	0.0	0	430.0975746611366	3126.8000561565423	1	0	1	0.9998857034746125
79200.0	1000.0	2826.800056156566	0.0	0	528.234728735144	3026.8000561565277	1	0	2	0.6117963375668707
80200.0	1000.0	2826.80005615655	0.0	0	533.5644381749007	3026.8000561565277	1	0	1	0.8192576917959304
81200.0	1000.0	2826.8000561565427	0.0	0	381.21214536089974	3026.8000561565277	1	0	1	1.0192576917959306
82200.0	1000.0	2826.80005615654	0.0	0	203.68338146879978	3026.8000561565277	1	0	1	1.0192576917959306
83200.0	1000.0	2826.8000561565423	0.0	0	32.12200134398881	3026.8000561565277	1	0	1	1.0192576917959306
84200.0	1000.0	2826.8000561565386	0.0	0	258.17706062812067	3026.8000561565277	1	0	1	1.0192576917959306
85200.0	1000.0	2826.8000561565386	0.0	0	447.0987930894771	3026.8000561565277	1	0	1	1.0192576917959306
86200.0	1000.0	2826.8000561565495	0.0	0	446.8989041809691	3026.8000561565277	1	0	1	1.0192576917959306
87200.0	1000.0	2826.8000561565295	0.0	0	549.4111981259921	3026.8000561565277	1	0	1	1.0192576917959306
88200.0	1000.0	2826.800056156525	0.0	0	172.37609728213283	3026.8000561565277	1	0	1	1.0192576917959306
89200.0	1000.0	2726.80005615652	0.0	0	330.42641786397144	2926.800056156513	1	0	2	0.6304904164107239
90200.0	1000.0	2726.8000561565304	0.0	0	116.53419048506476	2926.800056156513	1	0	1	0.8369578279518366
91200.0	1000.0	2726.800056156532	0.0	0	317.5091220247559	2926.800056156513	1	0	1	1.0369578279518368
92200.0	1000.0	2726.8000561565236	0.0	0	136.0087165527366	2926.800056156513	1	0	1	1.0369578279518368
93200.0	1000.0	2726.8000561565195	0.0	0	398.3594637486385	2926.800056156513	1	0	1	1.0369578279518368
94200.0	1000.0	2726.8000561565327	0.0	0	458.96450155213824	2926.800056156513	1	0	1	1.0369578279518368
95200.0	1000.0	2726.8000561565427	0.0	0	576.170972782711	2926.800056156513	1	0	1	1.0369578279518368
96200.0	1000.0	2726.8000561565295	0.0	0	390.4536576881219	2926.800056156513	1	0	1	1.0369578279518368
97200.0	1000.0	2726.8000561565223	0.0	0	552.4714261070767	2926.800056156513	1	0	1	1.0369578279518368
98200.0	1000.0	2726.800056156518	0.0	0	317.17855073347164	2926.8000561564986	1	0	1	1.0369578279518392
99200.0	1000.0	2726.800056156517	0.0	0	332.71174039982725	2926.800056156484	1	0	1	1.0369578279518419
100200.0	1000.0	2726.800056156503	0.0	0	279.11647225414345	2926.800056156484	1	0	1	1.0369578279518419
101200.0	1000.0	2726.800056156497	0.0	0	264.5258050276898	2926.800056156484	1	0	1	1.0369578279518419
102200.0	1000.0	2726.8000561565	0.0	0	254.4996755382599	2926.800056156484	1	0	1	1.0369578279518419
103200.0	1000.0	2726.8000561565027	0.0	0	303.31536169590254	2926.8000561564986	1	0	1	1.0369578279518392
104200.0	1000.0	2726.8000561564904	0.0	0	493.36346497364866	2926.800056156484	1	0	1	1.0369578279518419
105200.0	1000.0	2726.800056156481	0.0	0	225.86491334039601	2926.800056156484	1	0	1	1.0369578279518419
106200.0	1000.0	2626.8000561565023	0.0	0	196.61855441241642	2826.8000561564986	1	0	2	0.6475584830889075
107200.0	1000.0	2626.800056156512	0.0	0	446.57587004486413	2826.8000561564986	1	0	1	0.85311607306007
108200.0	1000.0	2626.8000561565095	0.0	0	265.49912169044546	2826.8000561564986	1	0	1	1.0531160730600702
109200.0	1000.0	2526.8000561565077	0.0	0	576.9361556125223	2726.8000561564986	1	0	2	0.6621397799899902
110200.0	1000.0	2526.8000561564986	0.0	0	373.52318916635704	2726.8000561564986	1	0	1	0.8678548165862019
111200.0	1000.0	2526.800056156504	0.0	0	139.35450683631643	2726.8000561564986	1	0	1	1.067854816586202
112200.0	1000.0	2526.8000561565036	0.0	0	107.77340678570908	2726.8000561564986	1	0	1	1.067854816586202
113200.0	1000.0	2526.8000561564995	0.0	0	393.54440668507596	2726.8000561564986	1	0	1	1.067854816586202
114200.0	1000.0	2526.8000561565063	0.0	0	38.93752317993494	2726.8000561564986	1	0	1	1.067854816586202
115200.0	1000.0	2526.80005615652	0.0	0	169.32803639178746	2726.8000561564986	1	0	1	1.067854816586202
116200.0	1000.0	2526.80005615653	0.0	0	376.95314236701233	2726.8000561564986	1	0	1	1.067854816586202
117200.0	1000.0	2526.8000561565323	0.0	0	184.6269789293292	2726.8000561564986	1	0	1	1.067854816586202
118200.0	1000.0	2526.800056156548	0.0	0	532.6403419349226	2726.800056156513	1	0	1	1.0678548165862
119200.0	1000.0	2526.800056156561	0.0	0	344.3271542084549	2726.800056156513	1	0	1	1.0678548165862
120200.0	1000.0	2526.8000561565627	0.0	0	294.06594233584474	2726.8000561565277	1	0	1	1.067854816586198
121200.0	1000.0	2426.8000561565573	0.0	0	82.79653260628402	2626.8000561565277	1	0	2	0.6774662222372636
122200.0	1000.0	2326.800056156546	0.0	0	369.1958569285489	2526.8000561564986	1	0	2	0.8890229100168958
123200.0	1000.0	2326.800056156546	0.0	0	270.4189629127359	2526.8000561564986	1	0	1	0.8935254228323333
124200.0	1000.0	2326.80005615654	0.0	0	323.83238209762203	2526.8000561564986	1	0	1	1.0935254228323334
125200.0	1000.0	2326.800056156534	0.0	0	564.5696481293271	2526.800056156484	1	0	1	1.0935254228323352
126200.0	1000.0	2326.800056156526	0.0	0	472.7634399215458	2526.8000561564695	1	0	1	1.093525422832337
127200.0	1000.0	2326.800056156526	0.0	0	551.73037715377	2526.8000561564695	1	0	1	1.093525422832337
128200.0	1000.0	2326.800056156525	0.0	0	412.4713549390872	2526.8000561564695	1	0	1	1.093525422832337
129200.0	1000.0	2326.8000561565423	0.0	0	474.2299297621212	2526.8000561564695	1	0	1	1.093525422832337
130200.0	1000.0	2326.800056156542	0.0	0	555.6786711997556	2526.800056156484	1	0	1	1.0935254228323352
131200.0	1000.0	2326.800056156557	0.0	0	153.5311471373716	2526.8000561564986	1	0	1	1.093525422832335
132200.0	1000.0	2326.800056156574	0.0	0	370.1759561210929	2526.800056156513	1	0	1	1.0935254228323326
133200.0	1000.0	2326.8000561565646	0.0	0	473.4355301904434	2526.8000561564986	1	0	1	1.0935254228323334
134200.0	1000.0	2326.80005615657	0.0	0	538.4353115102858	2526.8000561564695	1	0	1	1.0935254228323363
135200.0	1000.0	2326.8000561565873	0.0	0	316.3543451788428	2526.8000561564695	1	0	1	1.093525422832337
136200.0	1000.0	2326.800056156626	0.0	0	345.3148215630499	2526.8000561564695	1	0	1	1.093525422832337
137200.0	1000.0	2326.8000561566378	0.0	0	389.42445366468746	2526.8000561564404	1	0	1	1.0935254228323403
138200.0	1000.0	2226.8000561566337	0.0	0	485.0243659921689	2426.8000561564404	1	0	2	0.7003617659879284
139200.0	1000.0	2226.8000561566328	0.0	0	181.85096340923337	2426.8000561564695	1	0	1	0.9046644585725985
140200.0	1000.0	2226.8000561566396	0.0	0	21.12469411379425	2426.8000561564695	1	0	1	1.1046644585725987
141200.0	1000.0	2226.8000561566296	0.0	0	191.02605156425852	2426.8000561564695	1	0	1	1.1046644585725987
142200.0	1000.0	2226.8000561566373	0.0	0	149.72387618408538	2426.8000561564695	1	0	1	1.1046644585725987
143200.0	1000.0	2226.8000561566196	0.0	0	453.5534058577032	2426.8000561564695	1	0	1	1.1046644585725987
144200.0	1000.0	2226.8000561566137	0.0	0	428.71627486721263	2426.8000561564695	1	0	1	1.1046644585725987
145200.0	1000.0	2226.800056156586	0.0	0	560.5510808088584	2426.8000561564404	1	0	1	1.1046644585726018
146200.0	1000.0	2226.80005615658	0.0	0	403.63376397668617	2426.8000561564404	1	0	1	1.1046644585726018
147200.0	1000.0	2226.8000561565436	0.0	0	487.0438405595196	2426.8000561564404	1	0	1	1.1046644585726018
148200.0	1000.0	2226.8000561565404	0.0	0	602.619627423177	2426.8000561564404	1	0	1	1.1046644585726018
149200.0	1000.0	2226.8000561565423	0.0	0	412.941805240378	2426.8000561564404	1	0	1	1.1046644585726018
150200.0	1000.0	2226.8000561565327	0.0	0	103.11087150147068	2426.8000561564113	1	0	1	1.1046644585726049
151200.0	1000.0	2226.8000561565373	0.0	0	305.75968695935444	2426.8000561564113	1	0	1	1.1046644585726049
152509.66050078114	1000.0	1917.1395553753782	0.0	0	0.0	2426.800056156382	1	0	1	1.104664458572608
153368.54057643408	1000.0	2058.259479722475	0.0	0	0.0	2426.800056156382	1	0	1	1.104664458572608
154421.5544783963	1000.0	2005.2455777602559	0.0	0	0.0	2426.8000561564113	1	0	1	1.1046644585726049
155200.0	1000.0	2226.8000561565937	0.0	0	101.9561576214619	2426.8000561564113	1	0	1	1.1046644585726049
156200.0	1000.0	2226.8000561566027	0.0	0	21.187225893576397	2426.8000561564113	1	0	1	1.1046644585726049
157200.0	1000.0	2126.800056156605	0.0	0	333.65655713918386	2326.8000561564695	1	0	2	0.7110763701720577
158200.0	1000.0	2126.8000561565946	0.0	0	382.83977127142134	2326.8000561564695	1	0	1	0.9147987410955996
159200.0	1000.0	2126.800056156582	0.0	0	411.57540969224647	2326.8000561564695	1	0	1	1.1147987410955997
160200.0	1000.0	2126.800056156593	0.0	0	454.37176006185473	2326.8000561564695	1	0	1	1.1147987410955997
161200.0	1000.0	2126.8000561566023	0.0	0	202.01303355940036	2326.8000561564986	1	0	1	1.1147987410955988
162200.0	1000.0	2126.8000561566173	0.0	0	327.1008849797363	2326.8000561564986	1	0	1	1.114798741095597
163200.0	1000.0	2126.8000561566037	0.0	0	103.37898202973884	2326.8000561564695	1	0	1	1.1147987410955986
164200.0	1000.0	2126.800056156603	0.0	0	68.30895879940363	2326.8000561564986	1	0	1	1.1147987410955982
165200.0	1000.0	2126.800056156605	0.0	0	207.1872802794096	2326.8000561564695	1	0	1	1.1147987410955997
166200.0	1000.0	2126.8000561566178	0.0	0	412.6766569635947	2326.8000561564695	1	0	1	1.1147987410955997
167200.0	1000.0	2126.800056156598	0.0	0	524.6413277641986	2326.8000561564695	1	0	1	1.1147987410955997
168200.0	1000.0	2126.8000561565896	0.0	0	541.2435640043113	2326.8000561564986	1	0	1	1.114798741095597
169200.0	1000.0	2126.8000561566046	0.0	0	647.0317001094809	2326.8000561564986	1	0	1	1.114798741095597
170200.0	1000.0	2126.8000561566278	0.0	0	494.4121655273775	2326.8000561564986	1	0	1	1.114798741095597
171200.0	1000.0	2126.8000561566105	0.0	0	207.1189198717766	2326.8000561564986	1	0	1	1.114798741095597
172200.0	1000.0	2126.8000561566164	0.0	0	535.4453574842773	2326.8000561564986	1	0	1	1.114798741095597
173200.0	1000.0	2126.8000561565896	0.0	0	492.1568943319726	2326.8000561564986	1	0	1	1.114798741095597
174200.0	1000.0	2126.8000561566014	0.0	0	300.7446984396083	2326.8000561564986	1	0	1	1.114798741095597
175200.0	1000.0	2126.800056156614	0.0	0	352.8194113619975	2326.8000561564986	1	0	1	1.114798741095597
176200.0	1000.0	2126.8000561565837	0.0	0	287.94179757649545	2326.8000561564695	1	0	1	1.114798741095598
177200.0	1000.0	2126.800056156594	0.0	0	453.03685264659	2326.8000561564695	1	0	1	1.1147987410955997
178200.0	1000.0	2126.800056156608	0.0	0	551.6592652734544	2326.8000561564986	1	0	1	1.114798741095597
179200.0	1000.0	2126.8000561565846	0.0	0	293.08043930112035	2326.8000561564986	1	0	1	1.114798741095597
180200.0	1000.0	2126.800056156606	0.0	0	405.2617597398639	2326.8000561564986	1	0	1	1.114798741095597
181200.0	1000.0	2126.8000561566323	0.0	0	511.1644948402827	2326.8000561564986	1	0	1	1.114798741095597
182200.0	1000.0	2126.800056156612	0.0	0	487.3984787192312	2326.8000561564695	1	0	1	1.1147987410955997
183200.0	1000.0	2126.800056156593	0.0	0	298.275678770151	2326.8000561564986	1	0	1	1.114798741095597
184200.0	1000.0	2126.800056156619	0.0	0	322.6436259873153	2326.8000561564695	1	0	1	1.1147987410955997
185200.0	1000.0	2126.8000561565964	0.0	0	567.1424095752009	2326.8000561564695	1	0	1	1.1147987410955997
186200.0	1000.0	2126.800056156625	0.0	0	619.0421528040606	2326.8000561564986	1	0	1	1.114798741095597
187200.0	1000.0	2126.800056156672	0.0	0	429.4707550975727	2326.8000561564986	1	0	1	1.114798741095597
188213.27321448165	1000.0	2113.5268416750314	0.0	0	0.0	2326.8000561564986	1	0	1	1.114798741095597
189200.0	1000.0	2126.8000561566887	0.0	0	539.456824929599	2326.8000561565277	1	0	1	1.1147987410955942
190200.0	1000.0	2126.8000561566655	0.0	0	317.15650667328737	2326.8000561565277	1	0	1	1.1147987410955942
191200.0	1000.0	2126.800056156674	0.0	0	232.98053682604223	2326.8000561565277	1	0	1	1.1147987410955942
192200.0	1000.0	2126.8000561567087	0.0	0	573.7940935187507	2326.800056156557	1	0	1	1.1147987410955915
193200.0	1000.0	2126.800056156722	0.0	0	506.454644616897	2326.8000561565277	1	0	1	1.1147987410955942
194200.0	1000.0	2126.8000561567223	0.0	0	625.6576656255347	2326.800056156557	1	0	1	1.1147987410955915
195200.0	1000.0	2126.8000561567387	0.0	0	621.9449156220362	2326.800056156557	1	0	1	1.1147987410955915
196200.0	1000.0	2126.8000561567214	0.0	0	387.52214464117424	2326.800056156557	1	0	1	1.1147987410955915
197256.70257719135	1000.0	2070.097478965368	0.0	0	0.0	2326.800056156557	1	0	1	1.1147987410955915
198200.0	1000.0	2126.8000561566855	0.0	0	448.10766695806524	2326.800056156557	1	0	1	1.1147987410955915
199200.0	1000.0	2126.8000561567014	0.0	0	529.2085560738924	2326.800056156557	1	0	1	1.1147987410955915
200200.0	1000.0	2126.8000561566923	0.0	0	569.6614196239098	2326.800056156586	1	0	1	1.1147987410955886
201200.0	1000.0	2126.8000561567055	0.0	0	221.5632553815376	2326.800056156615	1	0	1	1.1147987410955857
202200.0	1000.0	2126.800056156685	0.0	0	550.2459382115339	2326.800056156615	1	0	1	1.1147987410955857
203200.0	1000.0	2126.8000561566796	0.0	0	287.23691035303636	2326.800056156615	1	0	1	1.1147987410955857
204200.0	1000.0	2126.800056156677	0.0	0	313.86649783162284	2326.800056156644	1	0	1	1.114798741095583
205200.0	1000.0	2126.800056156696	0.0	0	185.68605311826104	2326.800056156644	1	0	1	1.114798741095583
206200.0	1000.0	2126.800056156705	0.0	0	345.6971177099622	2326.800056156644	1	0	1	1.114798741095583
207200.0	1000.0	2126.8000561566855	0.0	0	499.01512562687276	2326.8000561566732	1	0	1	1.1147987410955802
208200.0	1000.0	2126.80005615668	0.0	0	622.6684910728072	2326.8000561566732	1	0	1	1.1147987410955802
209200.0	1000.0	2126.800056156674	0.0	0	523.2995813412126	2326.8000561567023	1	0	1	1.1147987410955773
210200.0	1000.0	2126.8000561566914	0.0	0	562.8330917647108	2326.8000561567314	1	0	1	1.1147987410955746
211200.0	1000.0	2126.8000561567123	0.0	0	506.5640597816091	2326.8000561567314	1	0	1	1.1147987410955746
212200.0	1000.0	2126.800056156735	0.0	0	302.1550468064961	2326.8000561567314	1	0	1	1.1147987410955746
213200.0	1000.0	2126.8000561567283	0.0	0	385.9806338461058	2326.8000561567314	1	0	1	1.1147987410955746
214200.0	1000.0	2126.800056156751	0.0	0	711.3731134524569	2326.8000561567605	1	0	1	1.1147987410955718
215200.0	1000.0	2126.8000561567487	0.0	0	523.7040639613406	2326.8000561567314	1	0	1	1.1147987410955746
216200.0	1000.0	2126.8000561567765	0.0	0	250.38259626028594	2326.8000561567314	1	0	1	1.1147987410955746
217267.24373212058	1000.0	2059.5563240361816	0.0	0	369.6215778532496	2326.8000561567314	1	0	1	1.1147987410955746
218909.4474770593	1000.0	1417.352579097475	0.0	0	0.0	2326.8000561567314	1	0	1	1.1147987410955746
219660.0227350387	1000.0	1666.7773211180506	0.0	0	0.0	2326.8000561567605	1	0	1	1.1147987410955718
220327.0034603633	1000.0	1999.796595793471	0.0	0	0.0	2326.8000561567605	1	0	1	1.1147987410955718
221200.0	1000.0	2126.800056156757	0.0	0	263.5476029898564	2326.8000561567605	1	0	1	1.1147987410955718
222200.0	1000.0	2126.8000561567487	0.0	0	365.1226163281244	2326.8000561567605	1	0	1	1.1147987410955718
223200.0	1000.0	2126.8000561567696	0.0	0	477.627559182205	2326.8000561567605	1	0	1	1.1147987410955718
224200.0	1000.0	2126.8000561567555	0.0	0	362.7210091537854	2326.8000561567605	1	0	1	1.1147987410955718
225200.0	1000.0	2126.800056156758	0.0	0	199.57626435847487	2326.8000561567605	1	0	1	1.1147987410955733
226200.0	1000.0	2126.8000561567346	0.0	0	303.84987518089474	2326.8000561567605	1	0	1	1.1147987410955718
227200.0	1000.0	2126.800056156739	0.0	0	229.7619116420683	2326.8000561567314	1	0	1	1.1147987410955729
228200.0	1000.0	2126.8000561567687	0.0	0	357.2187002116116	2326.8000561567314	1	0	1	1.1147987410955746
229200.0	1000.0	2126.8000561567765	0.0	0	360.8278214642196	2326.8000561567314	1	0	1	1.1147987410955746
230200.0	1000.0	2026.800056156766	0.0	0	222.55537642203853	2226.800056156644	1	0	2	0.7207959618223171
231200.0	1000.0	2026.8000561567596	0.0	0	99.46764772842289	2226.800056156644	1	0	1	0.9240142228400254
232200.0	1000.0	2026.800056156786	0.0	0	266.5271763319033	2226.8000561566732	1	0	1	1.1240142228400245
233200.0	1000.0	2026.8000561568142	0.0	0	444.12309839818045	2226.8000561566732	1	0	1	1.124014222840023
234200.0	1000.0	2026.800056156831	0.0	0	584.2489900316577	2226.8000561566732	1	0	1	1.124014222840023
235200.0	1000.0	2026.8000561567997	0.0	0	518.4979068427347	2226.8000561566732	1	0	1	1.124014222840023
236200.0	1000.0	2026.8000561568242	0.0	0	566.616313470644	2226.8000561566732	1	0	1	1.124014222840023
237216.05685850527	1000.0	2010.7431976515873	0.0	0	0.0	2226.8000561567023	1	0	1	1.1240142228400205
238200.0	1000.0	2026.8000561568642	0.0	0	432.1795825820009	2226.8000561567023	1	0	1	1.1240142228400205
239200.0	1000.0	2026.800056156867	0.0	0	309.5935850312526	2226.8000561567023	1	0	1	1.1240142228400205
240200.0	1000.0	2026.800056156851	0.0	0	37.635799303796375	2226.8000561567023	1	0	1	1.1240142228400216
241200.0	1000.0	2026.8000561568442	0.0	0	104.80406826853869	2226.8000561567314	1	0	1	1.1240142228400178
242200.0	1000.0	2026.8000561568274	0.0	0	282.400941205211	2226.8000561567314	1	0	1	1.1240142228400178
243200.0	1000.0	2026.8000561568256	0.0	0	296.04936504366924	2226.8000561567314	1	0	1	1.1240142228400178
244200.0	1000.0	2026.8000561568424	0.0	0	534.5723293404444	2226.8000561567314	1	0	1	1.1240142228400178
245200.0	1000.0	2026.8000561568297	0.0	0	497.44773336313665	2226.8000561567023	1	0	1	1.1240142228400205
246200.0	1000.0	2026.8000561568151	0.0	0	431.38852677613613	2226.8000561567023	1	0	1	1.1240142228400205
247200.0	1000.0	2026.8000561568297	0.0	0	407.23185835656477	2226.8000561567023	1	0	1	1.1240142228400205
248200.0	1000.0	2026.8000561568278	0.0	0	112.73943398153642	2226.8000561567023	1	0	1	1.1240142228400205
249200.0	1000.0	2026.800056156836	0.0	0	290.9144728340907	2226.8000561567023	1	0	1	1.1240142228400205
250200.0	1000.0	2026.8000561568424	0.0	0	280.82247695644037	2226.8000561567023	1	0	1	1.1240142228400205
251200.0	1000.0	2026.800056156876	0.0	0	432.2837084706407	2226.8000561567314	1	0	1	1.1240142228400178
252200.0	1000.0	2026.8000561568824	0.0	0	324.6871984266036	2226.8000561567314	1	0	1	1.1240142228400178
253200.0	1000.0	2026.8000561568851	0.0	0	281.9409215586784	2226.8000561567605	1	0	1	1.1240142228400154
254200.0	1000.0	2026.8000561569024	0.0	0	363.6616764191713	2226.8000561567605	1	0	1	1.1240142228400154
255200.0	1000.0	2026.800056156877	0.0	0	157.37037487118505	2226.8000561567314	1	0	1	1.1240142228400163
256200.0	1000.0	2026.800056156867	0.0	0	330.34281849476974	2226.8000561567314	1	0	1	1.1240142228400178
257200.0	1000.0	2026.8000561568515	0.0	0	432.58416598656913	2226.8000561567023	1	0	1	1.1240142228400205
258200.0	1000.0	2026.800056156867	0.0	0	555.3718631526281	2226.8000561567314	1	0	1	1.1240142228400178
259200.0	1000.0	2026.8000561568633	0.0	0	372.5366642209992	2226.8000561567314	1	0	1	1.1240142228400178
260200.0	1000.0	2026.8000561568806	0.0	0	215.7441341089143	2226.8000561567314	1	0	1	1.1240142228400178
261200.0	1000.0	2026.800056156886	0.0	0	240.06377221498406	2226.8000561567605	1	0	1	1.1240142228400167
262200.0	1000.0	2026.8000561568756	0.0	0	439.8564755244588	2226.8000561567897	1	0	1	1.1240142228400127
263200.0	1000.0	2026.8000561569015	0.0	0	424.4873514001956	2226.800056156848	1	0	1	1.1240142228400096
264200.0	1000.0	2026.8000561568642	0.0	0	442.25575351773296	2226.8000561568188	1	0	1	1.1240142228400092
265200.0	1000.0	2026.8000561568715	0.0	0	407.80272969650105	2226.8000561568188	1	0	1	1.1240142228400103
266200.0	1000.0	2026.8000561568497	0.0	0	370.99600338499295	2226.800056156877	1	0	1	1.124014222840005
267200.0	1000.0	2026.8000561568788	0.0	0	475.83774088002974	2226.800056156935	1	0	1	1.1240142228399999
268200.0	1000.0	2026.8000561568742	0.0	0	511.30071951961145	2226.800056156877	1	0	1	1.124014222840005
269200.0	1000.0	2026.800056156906	0.0	0	410.18814531789394	2226.8000561568188	1	0	1	1.1240142228400103
270200.0	1000.0	2026.8000561569097	0.0	0	165.90056488953996	2226.800056156877	1	0	1	1.124014222840005
271200.0	1000.0	2026.8000561569243	0.0	0	190.8614002900431	2226.8000561568188	1	0	1	1.1240142228400103
272200.0	1000.0	2026.800056156916	0.0	0	293.54514901991934	2226.8000561567605	1	0	1	1.1240142228400154
273200.0	1000.0	2026.8000561568624	0.0	0	346.1937113176682	2226.8000561567605	1	0	1	1.1240142228400154
274200.0	1000.0	2026.8000561568815	0.0	0	336.61059118050616	2226.8000561567605	1	0	1	1.1240142228400154
275200.0	1000.0	2026.8000561568838	0.0	0	451.57166646578116	2226.8000561567605	1	0	1	1.1240142228400154
276200.0	1000.0	2026.800056156926	0.0	0	560.0925270134467	2226.8000561568188	1	0	1	1.1240142228400103
277200.0	1000.0	2026.800056156967	0.0	0	484.7819206196582	2226.8000561568188	1	0	1	1.1240142228400103
278200.0	1000.0	2026.800056156956	0.0	0	371.23604684049496	2226.8000561568188	1	0	1	1.1240142228400103
279200.0	1000.0	2026.8000561569634	0.0	0	485.3711974177859	2226.8000561568188	1	0	1	1.1240142228400103
280200.0	1000.0	2026.8000561569147	0.0	0	398.6068647793145	2226.8000561568188	1	0	1	1.1240142228400103
281200.0	1000.0	2026.8000561568824	0.0	0	168.76603767392226	2226.8000561568188	1	0	1	1.1240142228400103
282200.0	1000.0	2026.8000561568952	0.0	0	346.6769525256823	2226.8000561568188	1	0	1	1.1240142228400103
283200.0	1000.0	2026.8000561569293	0.0	0	593.5131195287104	2226.8000561568188	1	0	1	1.1240142228400103
284200.0	1000.0	2026.8000561569352	0.0	0	477.1837246544892	2226.8000561567605	1	0	1	1.1240142228400154
285200.0	1000.0	2026.8000561569643	0.0	0	417.2852755811182	2226.8000561567605	1	0	1	1.1240142228400154
286200.0	1000.0	2026.800056157001	0.0	0	385.5012701944215	2226.8000561567605	1	0	1	1.1240142228400154
287200.0	1000.0	2026.8000561569852	0.0	0	607.1257255765959	2226.8000561567605	1	0	1	1.1240142228400154
288200.0	1000.0	2026.800056156952	0.0	0	20.11167752655456	2226.8000561567605	1	0	1	1.1240142228400154
289200.0	1000.0	2026.8000561569631	0.0	0	15.168085085693747	2226.8000561567605	1	0	1	1.1240142228400154
290200.0	1000.0	2026.800056156956	0.0	0	381.87947352649644	2226.8000561568188	1	0	1	1.1240142228400103
291200.0	1000.0	2026.8000561569443	0.0	0	243.0112784067751	2226.8000561568188	1	0	1	1.1240142228400103
292200.0	1000.0	2026.8000561569238	0.0	0	496.22838174912613	2226.8000561567605	1	0	1	1.1240142228400154
293200.0	1000.0	2026.8000561569665	0.0	0	498.35372774564894	2226.8000561567605	1	0	1	1.1240142228400154
294200.0	1000.0	2026.8000561569543	0.0	0	395.904678679537	2226.8000561568188	1	0	1	1.1240142228400103
295200.0	1000.0	2026.8000561569866	0.0	0	425.3958797377418	2226.800056156877	1	0	1	1.124014222840005
296200.0	1000.0	2026.8000561569452	0.0	0	499.03638010128634	2226.800056156877	1	0	1	1.124014222840005
297200.0	1000.0	2026.8000561569238	0.0	0	649.4939468646771	2226.800056156877	1	0	1	1.124014222840005
298200.0	1000.0	2026.800056156928	0.0	0	271.74265330581693	2226.800056156935	1	0	1	1.1240142228399999
299200.0	1000.0	2026.8000561569484	0.0	0	369.33429796400014	2226.800056156935	1	0	1	1.1240142228399999
300200.0	1000.0	2026.8000561569168	0.0	0	191.07830560422735	2226.800056156877	1	0	1	1.124014222840002
1.15	1.11	1.42	1.6	2.1	1.26	1.4	0.92	1.16	1.51	2.07	2.61	3.17	2.61	1.55	1.39	1.8	1.83	1.83	1.52	1.41	2.15	1.85	1.73	2.22	2.15	2.87	1.93	1.76	2.24	2.59	2.26	0.94	1.92	1.83	1.2	1.7	2.39	2.66	2.37	1.49	1.14	1.54	2.12	1.87	1.58	1.81	1.8	1.68	1.48	1.74	2.39	2.24	2.77	3.26	2.32	1.92	2.15	2.94	2.47	1.84	2.02	0.46	0.94	1.27	1.91	1.96	1.82	2.11	1.85	1.39	1.63	2.11	1.99	1.87	1.1	1.27	1.69	1.97	2.28	2.54	0.94	1.68	1.58	1.24	1.44	1.78	2.02	2.21	2.32	2.36	1.97	1.49	1.61	1.85	1.7	2.03	1.67	1.75	1.58	1.54	1.59	1.87	1.84	1.44	1.15	1.75	1.41	1.37	1.56	1.69	1.83	2.17	1.86	1.37	1.54	1.32	1.69	2.12	2.19	2.46	2.48	1.64	2.38	1.58	1.17	1.77	2.08	1.85	1.63	2.15	2.11	1.44	1.23	1.36	1.52	1.6	1.67	1.95	2.11	2.56	3.15	1.92	1.38	1.39	0.74	1.11	1.09	1.25	1.2	1.15	1.11	1.42	1.6	2.1	1.26	1.4	0.92	1.16	1.51	2.07	2.61	3.17	2.61	1.55	1.39	1.8	1.83	1.83	1.52	1.41	2.15	1.85	1.73	2.22	2.15	2.87	1.93	1.76	2.24	2.59	2.26	0.94	1.92	1.83	1.2	1.7	2.39	2.66	2.37	1.49	1.14	1.54	2.12	1.87	1.58	1.81	1.8	1.68	1.48	1.74	2.39	2.24	2.77	3.26	2.32	1.92	2.15	2.94	2.47	1.84	2.02	0.46	0.94	1.27	1.91	1.96	1.82	2.11	1.85	1.39	1.63	2.11	1.99	1.87	1.1	1.27	1.69	1.97	2.28	2.54	0.94	1.68	1.58	1.24	1.44	1.78	2.02	2.21	2.32	2.36	1.97	1.49	1.61	1.85	1.7	2.03	1.67	1.75	1.58	1.54	1.59	1.87	1.84	1.44	1.15	1.75	1.41	1.37	1.56	1.69	1.83	2.17	1.86	1.37	1.54	1.32	1.69	2.12	2.19	2.46	2.48	1.64	2.38	1.58	1.17	1.77	2.08	1.85	1.63	2.15	2.11	1.44	1.23	1.36	1.52	1.6	1.67	1.95	2.11	2.56	3.15	1.92	1.38	1.39	0.74	1.11	1.09
1.0	2.0	3.0	4.0	5.0	6.0	7.0	8.0	9.0	10.0	11.0	12.0	13.0	14.0	15.0	16.0	17.0	18.0	19.0	20.0	21.0	22.0	23.0	24.0	25.0	26.0	27.0	28.0	29.0	30.0	31.0	32.0	33.0	34.0	35.0	36.0	37.0	38.0	39.0	40.0	41.0	42.0	43.0	44.0	45.0	46.0	47.0	48.0	49.0	50.0	51.0	52.0	53.0	54.0	55.0	56.0	57.0	58.0	59.0	60.0	61.0	62.0	63.0	64.0	65.0	66.0	67.0	68.0	69.0	70.0	71.0	72.0	73.0	74.0	75.0	76.0	77.0	78.0	79.0	80.0	81.0	82.0	83.0	84.0	85.0	86.0	87.0	88.0	89.0	90.0	91.0	92.0	93.0	94.0	95.0	96.0	97.0	98.0	99.0	100.0	101.0	102.0	103.0	104.0	105.0	106.0	107.0	108.0	109.0	110.0	111.0	112.0	113.0	114.0	115.0	116.0	117.0	118.0	119.0	120.0	121.0	122.0	123.0	124.0	125.0	126.0	127.0	128.0	129.0	130.0	131.0	132.0	133.0	134.0	135.0	136.0	137.0	138.0	139.0	140.0	141.0	142.0	143.0	144.0	145.0	146.0	147.0	148.0	149.0	149.0	150.0	151.0	152.0	153.0	154.0	155.0	156.0	157.0	158.0	159.0	160.0	161.0	162.0	163.0	164.0	165.0	166.0	167.0	168.0	169.0	170.0	171.0	172.0	173.0	174.0	175.0	176.0	177.0	178.0	179.0	180.0	181.0	182.0	183.0	184.0	185.0	186.0	187.0	188.0	189.0	190.0	191.0	192.0	193.0	194.0	195.0	196.0	197.0	198.0	199.0	200.0	201.0	202.0	203.0	204.0	205.0	206.0	207.0	208.0	209.0	210.0	211.0	212.0	213.0	214.0	215.0	216.0	217.0	218.0	219.0	220.0	221.0	222.0	223.0	224.0	225.0	226.0	227.0	228.0	229.0	230.0	231.0	232.0	233.0	234.0	235.0	236.0	237.0	238.0	239.0	240.0	241.0	242.0	243.0	244.0	245.0	246.0	247.0	248.0	249.0	250.0	251.0	252.0	253.0	254.0	255.0	256.0	257.0	258.0	259.0	260.0	261.0	262.0	263.0	264.0	265.0	266.0	267.0	268.0	269.0	270.0	271.0	272.0	273.0	274.0	275.0	276.0	277.0	278.0	279.0	280.0	281.0	282.0	283.0	284.0	285.0	286.0	287.0	288.0	289.0	290.0	291.0	292.0	293.0	294.0	295.0	296.0	297.0
5894.318414768691
