2647.9123188712906	300.0	2000.0	195.65633518250982	0	0.0	2647.9123188712906	1	0	1	-1.2935616185476924
3200.0	300.0	2447.9123188712906	0.0	0	311.93623478133486	2647.91231887129	1	0	1	-0.12541697476399943
4200.0	300.0	2447.9123188712906	0.0	0	728.7068826147552	2647.9123188712906	1	0	1	-0.12541697476399946
5200.0	500.0	2447.9123188712906	0.0	0	732.4434171056755	2647.91231887129	1	0	1	-0.12541697476399932
6200.0	500.0	2447.9123188712897	0.0	0	712.6887262848777	2647.9123188712892	1	0	1	0.3854086490019914
7200.0	500.0	2447.9123188712897	0.0	0	719.6335312519568	2647.9123188712892	1	0	1	0.38540864900199145
8200.0	500.0	2447.91231887129	0.0	0	751.7725479189348	2647.9123188712892	1	0	1	0.38540864900199145
9200.0	1000.0	2447.9123188712906	0.0	0	575.5030136843452	2647.912318871291	1	0	1	0.38540864900199157
10200.0	1000.0	2447.912318871293	0.0	0	735.1736204819354	2647.912318871293	1	0	1	1.0785558295619364
11200.0	1000.0	2447.91231887129	0.0	0	652.4770744256002	2647.9123188712892	1	0	1	1.0785558295619366
12200.0	1000.0	2447.9123188712915	0.0	0	762.721098796028	2647.912318871291	1	0	1	1.0785558295619366
13200.0	1000.0	2447.912318871292	0.0	0	755.0543150699141	2647.912318871291	1	0	1	1.0785558295619366
14200.0	2000.0	2447.9123188712915	0.0	0	205.5579502723176	2647.9123188712892	1	0	1	1.0785558295619369
16494.924931871807	3000.0	1152.9873869994854	0.0	0	0.0	2647.9123188712892	1	0	1	1.771703010121882
18192.884134123033	3000.0	455.0281847482605	0.0	0	0.0	2647.9123188712892	1	0	1	2.1771681182300466
19372.052725730642	2000.0	379.0563436060446	103.19675046539129	0	0.0	2751.1090693366823	1	0	1	0.7328978240349813
20284.67561808405	2000.0	519.923943833351	53.490492580717614	0	0.0	2804.5995619173955	1	0	1	1.4287108027960458
21053.4392541198	2000.0	751.1603077976005	0.0	0	0.0	2804.5995619173955	1	0	1	1.7496537582803515
21517.947926817462	2000.0	1286.6516350999402	0.0	0	0.0	2804.599561917399	1	0	1	1.7496537582803509
22136.96239916815	2000.0	1667.6371627492504	0.0	0	0.0	2804.599561917399	1	0	1	1.7496537582803509
23967.557585996765	2000.0	837.0419759206379	0.0	0	0.0	2804.599561917399	1	0	1	1.7496537582803509
25450.110712427722	2000.0	354.48884948967986	0.0	0	0.0	2804.599561917399	1	0	1	1.7496537582803509
26426.95173490797	2000.0	506.7834174913805	129.13559048194543	0	0.0	2933.7351523993457	1	0	1	0.9541151551632876
27338.581480692592	1000.0	595.1536717067595	0.0	0	0.0	2933.7351523993457	1	0	1	0.3426343369350698
28045.46266582836	1000.0	888.2724865709935	0.0	0	0.0	2933.7351523993457	1	0	1	1.035781517495015
28542.120597954312	1000.0	1391.6145544450446	0.0	0	0.0	2933.735152399342	1	0	1	1.0357815174950156
29113.209783433944	1000.0	1820.5253689654098	0.0	0	0.0	2933.735152399342	1	0	1	1.0357815174950156
29808.637388759784	1000.0	2125.097763639571	0.0	0	0.0	2933.735152399342	1	0	1	1.0357815174950156
30841.46887561323	1000.0	2092.266276786127	0.0	0	0.0	2933.735152399342	1	0	1	1.0357815174950156
31730.417733292586	1000.0	2203.317419106769	0.0	0	0.0	2933.735152399342	1	0	1	1.0357815174950156
32375.271954375425	1000.0	2558.463198023931	0.0	0	0.0	2933.735152399342	1	0	1	1.0357815174950156
33200.0	1000.0	2733.7351523993616	0.0	0	203.39893022001343	2933.7351523993493	1	0	1	1.0357815174950151
34200.0	1000.0	2633.735152399351	0.0	0	275.3017722722434	2833.735152399342	1	0	2	0.6463750159407169
35200.0	1000.0	2633.7351523993534	0.0	0	26.983470579667483	2833.735152399342	1	0	1	0.8520426570821755
36200.0	1000.0	2633.7351523993557	0.0	0	301.41915415922267	2833.735152399342	1	0	1	1.0520426570821753
37200.0	1000.0	2633.735152399353	0.0	0	377.05523286882817	2833.735152399342	1	0	1	1.0520426570821753
38200.0	1000.0	2633.7351523993525	0.0	0	672.6727741421782	2833.735152399342	1	0	1	1.0520426570821753
39200.0	1000.0	2633.7351523993616	0.0	0	720.9037275266164	2833.735152399342	1	0	1	1.0520426570821753
40200.0	1000.0	2633.7351523993584	0.0	0	656.6194325307151	2833.7351523993493	1	0	1	1.0520426570821741
41200.0	1000.0	2633.7351523993534	0.0	0	839.4441157956608	2833.7351523993493	1	0	1	1.0520426570821741
42200.0	1000.0	2533.735152399351	0.0	0	737.8178321504456	2733.7351523993493	1	0	2	0.6610521898840813
43200.0	2000.0	2533.7351523993516	0.0	0	525.4291796476828	2733.7351523993493	1	0	1	0.866876052926463
44200.0	2000.0	2533.7351523993616	0.0	0	469.61888221993286	2733.7351523993566	1	0	1	1.7600232334864079
45200.0	2000.0	2533.7351523993543	0.0	0	563.7266525959058	2733.7351523993566	1	0	1	1.7600232334864074
46200.0	3000.0	2533.7351523993534	0.0	0	256.39156164053566	2733.7351523993566	1	0	1	1.7600232334864077
47200.0	3000.0	2533.73515239935	0.0	0	267.12914684363204	2733.7351523993566	1	0	1	2.165488341594572
48672.98316063811	3000.0	1913.4536756974262	0.0	0	0.0	2586.436836335546	1	0	2	1.7792241911358986
50633.541369498416	3000.0	952.8954668371241	0.0	0	0.0	2586.436836335546	1	0	1	1.9849785426152755
51884.411010320924	3000.0	702.0258260146101	0.0	0	0.0	2586.436836335546	1	0	1	2.1849785426152755
52560.97581492398	2000.0	1025.4610214115519	0.0	0	0.0	2586.436836335539	1	0	1	1.3740483263989471
53443.7992851089	2000.0	1142.6375512266272	0.0	0	0.0	2586.436836335539	1	0	1	1.7795134345071117
54424.57017389928	2000.0	1161.8666624362484	0.0	0	0.0	2586.436836335539	1	0	1	1.7795134345071117
55840.291670236955	2000.0	746.1451660985732	0.0	0	0.0	2586.436836335546	1	0	1	1.7795134345071109
57029.217576347364	2000.0	557.2192599881637	0.0	0	0.0	2586.436836335546	1	0	1	1.7795134345071109
57873.77726454249	2000.0	712.6595717930408	0.0	0	0.0	2586.4368363355534	1	0	1	1.77951343450711
58744.35792451895	2000.0	842.0789118165818	0.0	0	0.0	2586.436836335546	1	0	1	1.7795134345071109
59535.71075553874	2000.0	1050.7260807967837	0.0	0	0.0	2586.436836335546	1	0	1	1.7795134345071109
60244.4932490295	2000.0	1341.9435873060256	0.0	0	0.0	2586.436836335546	1	0	1	1.7795134345071109
61376.8399934792	2000.0	1209.5968428563287	0.0	0	0.0	2586.436836335546	1	0	1	1.7795134345071109
62652.468398195255	2000.0	933.9684381402706	0.0	0	0.0	2586.436836335546	1	0	1	1.7795134345071109
63809.63650558004	2000.0	776.8003307554847	0.0	0	0.0	2586.4368363355534	1	0	1	1.77951343450711
65378.64242098669	2000.0	212.92673193903607	5.13231659019732	0	0.0	2591.569152925753	1	0	1	1.7484655260088782
65919.5048942935	1000.0	729.5420107810091	57.47775214876964	0	0.0	2649.046905074538	1	0	1	0.04039373267946439
66693.81028784918	1000.0	955.2366172253276	0.0	0	0.0	2649.046905074538	1	0	1	1.0784074261320267
67328.09963585777	1000.0	1320.9472692167215	0.0	0	0.0	2649.0469050745305	1	0	1	1.078407426132027
68009.01551484248	1000.0	1640.0313902320065	0.0	0	0.0	2649.0469050745305	1	0	1	1.0784074261320284
68494.9940459642	1000.0	2154.0528591102775	0.0	0	0.0	2649.0469050745305	1	0	1	1.0784074261320276
69200.0	1000.0	2449.0469050744964	0.0	0	253.2630814187869	2649.0469050745305	1	0	1	1.0784074261320276
70200.0	1000.0	2449.046905074488	0.0	0	533.1012790366658	2649.0469050745305	1	0	1	1.0784074261320276
71200.0	1000.0	2449.0469050744846	0.0	0	655.719966513192	2649.0469050745305	1	0	1	1.0784074261320276
72200.0	1000.0	2449.0469050744864	0.0	0	405.8527882389608	2649.0469050745305	1	0	1	1.0784074261320276
73346.6969026474	1000.0	2302.350002427092	0.0	0	0.0	2649.0469050745305	1	0	1	1.0784074261320276
74200.0	1000.0	2449.0469050744914	0.0	0	168.97233604955545	2649.0469050745305	1	0	1	1.0784074261320276
75200.0	1000.0	2449.04690507449	0.0	0	371.5461406434915	2649.046905074516	1	0	1	1.0784074261320296
76200.0	1000.0	2449.0469050744896	0.0	0	551.981728084851	2649.0469050745305	1	0	1	1.0784074261320276
77271.53404489455	1000.0	2377.5128601799365	0.0	0	0.0	2649.046905074516	1	0	1	1.0784074261320296
78229.52654785356	1000.0	2419.5203572209152	0.0	0	0.0	2649.046905074516	1	0	1	1.0784074261320296
79460.7746127899	1000.0	2188.2722922845614	0.0	0	0.0	2649.0469050745014	1	0	1	1.0784074261320313
80422.55895478337	1000.0	2226.4879502911026	0.0	0	0.0	2649.0469050745014	1	0	1	1.0784074261320313
81258.07765065634	1000.0	2390.969254418117	0.0	0	0.0	2649.0469050745014	1	0	1	1.0784074261320313
82200.0	1000.0	2449.0469050744678	0.0	0	338.0599144174048	2649.0469050745014	1	0	1	1.0784074261320313
83200.0	1000.0	2449.046905074465	0.0	0	513.8746369738656	2649.0469050745014	1	0	1	1.0784074261320313
84200.0	1000.0	2449.0469050744477	0.0	0	699.6152300694084	2649.0469050745014	1	0	1	1.0784074261320313
85200.0	1000.0	2449.0469050744628	0.0	0	741.1395021395874	2649.046905074516	1	0	1	1.0784074261320296
86200.0	1000.0	2449.0469050744578	0.0	0	661.4037739386549	2649.046905074516	1	0	1	1.0784074261320296
87200.0	1000.0	2449.0469050744778	0.0	0	621.3881747634441	2649.046905074516	1	0	1	1.0784074261320296
88200.0	1000.0	2449.0469050744864	0.0	0	534.4410492533643	2649.046905074516	1	0	1	1.0784074261320296
89200.0	1000.0	2449.04690507448	0.0	0	617.8388474151288	2649.046905074516	1	0	1	1.0784074261320296
90200.0	1000.0	2449.0469050744573	0.0	0	733.6680747056816	2649.046905074516	1	0	1	1.0784074261320296
91200.0	2000.0	2449.046905074466	0.0	0	445.84416175413935	2649.046905074516	1	0	1	1.0784074261320296
92200.0	2000.0	2449.0469050744673	0.0	0	490.22561979549937	2649.046905074516	1	0	1	1.7715546066919745
93200.0	3000.0	2449.04690507446	0.0	0	109.81390561477747	2649.0469050745014	1	0	1	1.7715546066919767
94378.76776892731	3000.0	2270.2791361471404	0.0	0	0.0	2649.0469050745014	1	0	1	2.1770197148001413
96119.62537391599	3000.0	1529.4215311584678	0.0	0	0.0	2649.046905074516	1	0	1	2.1770197148001396
97365.77528582045	3000.0	1283.271619254015	0.0	0	0.0	2649.046905074516	1	0	1	2.1770197148001396
98428.44875551558	3000.0	1220.5981495588812	0.0	0	0.0	2649.046905074516	1	0	1	2.1770197148001396
99526.93780018325	3000.0	1122.1091048911971	0.0	0	0.0	2649.046905074516	1	0	1	2.1770197148001396
100281.85788706563	3000.0	1367.1890180088228	0.0	0	0.0	2649.046905074516	1	0	1	2.1770197148001396
101027.97362684245	3000.0	1621.0732782320058	0.0	0	0.0	2649.046905074516	1	0	1	2.1770197148001396
101885.02567008648	3000.0	1764.0212349879623	0.0	0	0.0	2649.046905074516	1	0	1	2.1770197148001396
103038.02774175357	3000.0	1611.0191633208801	0.0	0	0.0	2649.046905074516	1	0	1	2.1770197148001396
104173.75955434314	3000.0	1475.2873507313093	0.0	0	0.0	2649.046905074516	1	0	1	2.1770197148001396
105108.21650478021	2000.0	1540.8304002942177	0.0	0	0.0	2649.0469050745014	1	0	1	1.366089498583812
105823.86886584481	2000.0	1753.6128031231667	0.0	0	0.0	2577.4816689680447	1	0	2	1.3782608857002032
106698.68546925821	2000.0	1878.7961997097564	0.0	0	0.0	2577.4816689680447	1	0	1	1.5806141773651983
108059.78392346011	2000.0	1517.69774550785	0.0	0	0.0	2577.4816689680447	1	0	1	1.7806141773651984
109139.64314641207	2000.0	1437.8385225558914	0.0	0	0.0	2577.4816689680447	1	0	1	1.7806141773651984
110347.43612359265	2000.0	1230.0455453753063	0.0	0	0.0	2577.4816689680447	1	0	1	1.7806141773651984
111569.51920953875	2000.0	1007.9624594292064	0.0	0	0.0	2577.48166896803	1	0	1	1.7806141773652004
112572.0348428935	2000.0	1005.4468260744511	0.0	0	0.0	2577.48166896803	1	0	1	1.7806141773652004
113185.65285148009	2000.0	1391.8288174878485	0.0	0	0.0	2577.48166896803	1	0	1	1.7806141773652004
114273.10314303017	2000.0	1304.3785259377594	0.0	0	0.0	2577.48166896803	1	0	1	1.7806141773652004
115143.16449114788	2000.0	1434.3171778200472	0.0	0	0.0	2577.4816689680156	1	0	1	1.780614177365202
116111.89726788198	2000.0	1465.5844010859432	0.0	0	0.0	2577.4816689680156	1	0	1	1.780614177365202
116698.30775122775	2000.0	1879.1739177401644	0.0	0	0.0	2577.4816689680156	1	0	1	1.780614177365202
117612.2001213294	2000.0	1965.2815476385304	0.0	0	0.0	2577.48166896803	1	0	1	1.7806141773652004
118446.40368653482	2000.0	2131.0779824331075	0.0	0	0.0	2577.48166896803	1	0	1	1.7806141773652004
119355.04902057034	2000.0	2222.4326483975883	0.0	0	0.0	2577.48166896803	1	0	1	1.7806141773652004
120200.0	2000.0	2377.481668967922	0.0	0	362.65400960440456	2577.48166896803	1	0	1	1.7806141773652004
121200.0	2000.0	2377.4816689679233	0.0	0	452.5845115750126	2577.48166896803	1	0	1	1.7806141773652004
122200.0	2000.0	2377.481668967933	0.0	0	38.719975945030455	2577.4816689680447	1	0	1	1.7806141773651984
123200.0	2000.0	2377.4816689679433	0.0	0	265.39856007778144	2577.4816689680592	1	0	1	1.7806141773651967
124296.42172534762	2000.0	2281.059943620317	0.0	0	0.0	2577.4816689680592	1	0	1	1.7806141773651967
125200.0	2000.0	2377.481668967932	0.0	0	108.22401243756758	2577.481668968074	1	0	1	1.7806141773651951
126200.0	2000.0	2377.481668967932	0.0	0	537.6677838670585	2577.481668968074	1	0	1	1.7806141773651951
127200.0	2000.0	2377.481668967924	0.0	0	236.02319023720338	2577.481668968074	1	0	1	1.7806141773651951
128472.12809345736	3000.0	2105.35357551057	0.0	0	0.0	2577.481668968074	1	0	1	1.7806141773651953
130578.28754822776	3000.0	999.1941207401696	0.0	0	0.0	2577.481668968074	1	0	1	2.18607928547336
131783.7401708074	2000.0	793.7414981605286	0.0	0	0.0	2577.481668968074	1	0	1	1.3751490692570296
133033.4215890317	2000.0	544.0600799362373	0.0	0	0.0	2577.4816689680883	1	0	1	1.780614177365195
134298.4169083645	2000.0	343.79153129514935	64.72677069169703	0	0.0	2642.208439659822	1	0	1	1.3840860771215406
135079.72996223895	2000.0	621.9508129732803	59.47233555256878	0	0.0	2701.680775212386	1	0	1	1.4076608850916361
135901.04084426534	2000.0	800.6399309468861	0.0	0	0.0	2701.680775212415	1	0	1	1.764494898407045
136811.7672626411	2000.0	889.9135125711136	0.0	0	0.0	2701.680775212415	1	0	1	1.764494898407045
137930.240844156	2000.0	771.4399310562442	0.0	0	0.0	2701.680775212415	1	0	1	1.764494898407045
138631.93864951574	2000.0	1069.7421256965297	0.0	0	0.0	2701.680775212415	1	0	1	1.764494898407045
139256.07117375953	2000.0	1445.6096014527388	0.0	0	0.0	2701.680775212415	1	0	1	1.764494898407045
140025.18429245183	2000.0	1676.4964827604335	0.0	0	0.0	2701.680775212415	1	0	1	1.764494898407045
140954.36721742508	2000.0	1747.313557787195	0.0	0	0.0	2701.680775212415	1	0	1	1.764494898407045
142766.52817523095	2000.0	935.1525999813094	0.0	0	0.0	2701.680775212386	1	0	1	1.7644948984070488
144193.5479554778	2000.0	508.1328197344244	0.0	0	0.0	2701.680775212386	1	0	1	1.7644948984070488
145580.20614369886	2000.0	244.40183046143736	122.92719894807158	0	0.0	2824.6079741604626	1	0	1	1.009037929667656
146480.24286349834	1000.0	551.7780302390987	207.41291957711314	0	0.0	3032.0208937375864	1	0	1	-0.9193358612793019
146890.05768828598	1000.0	1141.9632054514968	0.0	0	0.0	3032.0208937375864	1	0	1	1.018288836743322
147596.3366083199	1000.0	1435.6842854176134	0.0	0	0.0	3032.0208937375864	1	0	1	1.018288836743322
147985.49313699277	1000.0	2046.5277567447367	0.0	0	0.0	3032.0208937376156	1	0	1	1.0182888367433165
148695.80839449412	1000.0	2336.2124992433937	0.0	0	0.0	3032.0208937376156	1	0	1	1.0182888367433165
149961.88373950106	2000.0	2070.1371542364323	0.0	0	0.0	3032.0208937376156	1	0	1	1.0182888367433165
150899.88500183696	2000.0	2132.13589190056	0.0	0	0.0	3032.0208937376447	1	0	1	1.7114360173032561
152214.72824290398	2000.0	1817.2926508335233	0.0	0	0.0	3032.0208937376447	1	0	1	1.7114360173032561
153463.42495063416	2000.0	1568.5959431033841	0.0	0	0.0	3032.0208937376156	1	0	1	1.7114360173032617
154287.5995724114	2000.0	1744.421321326166	0.0	0	0.0	3032.0208937376156	1	0	1	1.7114360173032617
155108.98861888965	2000.0	1923.0322748478745	0.0	0	0.0	3032.0208937376156	1	0	1	1.7114360173032617
155805.82581779087	2000.0	2226.195075946677	0.0	0	0.0	3032.0208937376156	1	0	1	1.7114360173032617
156856.86077786444	2000.0	2175.16011587313	0.0	0	0.0	3032.0208937376156	1	0	1	1.7114360173032617
157522.1080704041	2000.0	2509.912823333455	0.0	0	0.0	3032.0208937376447	1	0	1	1.7114360173032572
158200.0	2000.0	2764.23170077799	0.0	0	22.95442904799711	2964.2317007780366	1	0	2	1.3205792202091076
159200.0	2000.0	2664.231700777987	0.0	0	533.6541535230936	2864.2317007780366	1	0	2	1.5339523545593483
160200.0	2000.0	2564.2317007779993	0.0	0	492.69804463305627	2764.2317007780075	1	0	2	1.5497940893319366
161200.0	2000.0	2564.2317007779966	0.0	0	574.6804084905307	2764.2317007780075	1	0	1	1.555643819984679
162200.0	2000.0	2564.2317007779825	0.0	0	480.77969219943043	2764.2317007780075	1	0	1	1.755643819984679
163505.99956027936	3000.0	2258.232140498598	0.0	0	0.0	2764.2317007779784	1	0	1	1.7556438199846833
164839.5453168067	3000.0	1924.686383971215	0.0	0	0.0	2764.2317007779493	1	0	1	2.1611089280928524
166067.89545834626	3000.0	1696.3362424316513	0.0	0	0.0	2764.2317007779493	1	0	1	2.1611089280928524
167383.91063572443	2000.0	1380.3210650534984	0.0	0	0.0	2764.2317007779784	1	0	1	1.3501787118765223
168368.98051963156	2000.0	1395.2511811463678	0.0	0	0.0	2764.2317007779784	1	0	1	1.7556438199846833
169229.23931079326	2000.0	1534.9923899846708	0.0	0	0.0	2764.2317007779784	1	0	1	1.7556438199846833
169871.84508357878	2000.0	1892.3866171991228	0.0	0	0.0	2764.2317007779784	1	0	1	1.7556438199846833
170435.08159502142	2000.0	2329.15010575649	0.0	0	0.0	2764.2317007779784	1	0	1	1.7556438199846833
171200.0	2000.0	2564.2317007778965	0.0	0	92.4838732299977	2764.2317007779784	1	0	1	1.7556438199846833
172239.91501157428	2000.0	2524.3166892036065	0.0	0	0.0	2764.2317007779784	1	0	1	1.7556438199846833
173977.50346268708	2000.0	1786.728238090804	0.0	0	0.0	2764.2317007780075	1	0	1	1.755643819984679
175638.40127191544	2000.0	1125.8304288624504	0.0	0	0.0	2764.2317007780366	1	0	1	1.7556438199846773
176789.17089885264	2000.0	975.0608019252682	0.0	0	0.0	2764.2317007780366	1	0	1	1.755643819984675
177476.17742286448	1000.0	1288.054277913412	0.0	0	0.0	2764.2317007780366	1	0	1	0.36934945886478276
178150.47901098683	1000.0	1613.75268979106	0.0	0	0.0	2764.2317007780366	1	0	1	1.0624966394247297
178768.5491753868	1000.0	1995.682525391068	0.0	0	0.0	2764.2317007780657	1	0	1	1.0624966394247255
179844.32790651242	1000.0	1919.9037942654902	0.0	0	0.0	2764.231700778124	1	0	1	1.0624966394247177
180640.173480193	1000.0	2124.0582205849105	0.0	0	0.0	2764.231700778095	1	0	1	1.0624966394247204
181301.3591222818	1000.0	2462.872578496124	0.0	0	0.0	2764.231700778124	1	0	1	1.0624966394247204
182200.0	1000.0	2564.2317007779243	0.0	0	264.0579897718562	2764.231700778124	1	0	1	1.0624966394247168
183200.0	1000.0	2564.2317007779557	0.0	0	249.7488279939862	2764.231700778124	1	0	1	1.0624966394247168
184246.15145115808	1000.0	2518.0802496198494	0.0	0	0.0	2764.231700778124	1	0	1	1.0624966394247168
185200.0	1000.0	2564.231700777953	0.0	0	291.53035039588576	2764.231700778124	1	0	1	1.0624966394247168
186200.0	1000.0	2564.2317007779266	0.0	0	361.5075734857819	2764.231700778095	1	0	1	1.0624966394247213
187200.0	1000.0	2564.231700777945	0.0	0	553.8109309795254	2764.231700778095	1	0	1	1.0624966394247213
188200.0	1000.0	2564.231700777928	0.0	0	714.1236378722533	2764.231700778095	1	0	1	1.0624966394247213
189200.0	1000.0	2564.2317007779006	0.0	0	704.6734449391952	2764.231700778095	1	0	1	1.0624966394247213
190200.0	1000.0	2564.2317007779097	0.0	0	765.6166799199418	2764.231700778095	1	0	1	1.0624966394247213
191200.0	1000.0	2564.2317007779106	0.0	0	789.4650366731803	2764.231700778095	1	0	1	1.0624966394247213
192200.0	1000.0	2564.2317007779234	0.0	0	749.3056313775014	2764.231700778095	1	0	1	1.0624966394247213
193200.0	2000.0	2564.231700777931	0.0	0	466.3478850237734	2764.231700778095	1	0	1	1.062496639424721
194200.0	2000.0	2564.2317007779175	0.0	0	537.3008031502832	2764.231700778095	1	0	1	1.7556438199846665
195200.0	3000.0	2564.231700777928	0.0	0	404.806339462084	2764.231700778124	1	0	1	1.7556438199846625
196258.42544395782	3000.0	2399.963712424303	0.0	0	0.0	2658.3891563823563	1	0	2	1.7722523278538738
198306.06646600063	3000.0	1352.3226903814902	0.0	0	0.0	2658.389156382298	1	0	1	1.9757917671183702
199432.09951791982	2000.0	1226.2896384623104	0.0	0	0.0	2658.389156382298	1	0	1	1.364861550902045
200405.81987130502	2000.0	1252.5692850771277	0.0	0	0.0	2658.389156382327	1	0	1	1.770326659010208
201314.95426006138	2000.0	1343.4348963207835	0.0	0	0.0	2658.389156382327	1	0	1	1.7703266590102058
202150.00236139013	2000.0	1508.3867949920457	0.0	0	0.0	2658.389156382327	1	0	1	1.7703266590102058
202755.24807034712	2000.0	1903.141086035051	0.0	0	0.0	2658.389156382298	1	0	1	1.7703266590102096
203344.88064700522	2000.0	2254.5452517111476	0.0	0	0.0	2599.425898716523	1	0	2	1.3759652109683018
204620.35133023537	2000.0	1979.0745684809842	0.0	0	0.0	2599.425898716523	1	0	1	1.5779003677785004
205882.85435487633	2000.0	1716.5715438400161	0.0	0	0.0	2599.425898716523	1	0	1	1.777900367778502
207136.76561203162	2000.0	1462.6602866847022	0.0	0	0.0	2599.425898716552	1	0	1	1.7779003677784981
208260.18551007705	2000.0	1339.240388639255	0.0	0	0.0	2599.425898716552	1	0	1	1.7779003677784981
208930.5821357579	2000.0	1668.8437629584346	0.0	0	0.0	2599.425898716552	1	0	1	1.7779003677784981
209825.21085369046	2000.0	1774.2150450258728	0.0	0	0.0	2599.425898716523	1	0	1	1.777900367778502
211364.7893850581	2000.0	1234.636513658217	0.0	0	0.0	2599.425898716552	1	0	1	1.7779003677785012
213048.62002266542	2000.0	550.8058760508927	0.0	0	0.0	2599.425898716552	1	0	1	1.7779003677784981
215052.46178396975	2000.0	200.0	653.0358852534312	0	0.0	3252.4617839699786	1	0	1	-2.2351974597115354
215975.52605307117	1000.0	483.239820102771	206.30408920419285	0	0.0	3458.765873174183	1	0	1	-1.0091788038343983
216661.41913320025	1000.0	728.7574319607847	0.0	0	0.0	3390.176565161295	1	0	2	0.5356687066997442
217372.16543622207	1000.0	1018.011128938944	0.0	0	0.0	3390.176565161266	1	0	1	0.7398278151795812
218082.4378529298	1000.0	1307.7387122312111	0.0	0	0.0	3390.176565161266	1	0	1	0.9398278151795858
218465.89476238601	1000.0	1924.2818027749831	0.0	0	0.0	3390.176565161266	1	0	1	0.9398278151795858
218780.49586899814	1000.0	2609.680696162858	0.0	0	0.0	3390.176565161266	1	0	1	0.9398278151795858
219200.0	1000.0	3190.1765651609844	0.0	0	37.70177960200817	3390.176565161266	1	0	1	0.9398278151795858
220200.0	2000.0	3090.1765651609817	0.0	0	46.410124021727825	3290.176565161266	1	0	2	0.5571902447696706
221582.57572786312	2000.0	2569.3432645115467	0.0	0	0.0	3151.9189923749655	1	0	2	1.4783133481667503
223067.94618429593	2000.0	1935.435762435467	0.0	0	0.0	3003.381946731708	1	0	2	1.5108278597550344
224337.9781735444	2000.0	1538.4005742621325	0.0	0	0.0	2876.3787478068552	1	0	2	1.5329863930415504
225580.7038173172	2000.0	1295.674930489331	0.0	0	0.0	2876.3787478068552	1	0	1	1.5384370810979355
228010.38049187907	2000.0	200.0	334.001744072528	0	0.0	3210.3804918793903	1	0	1	-0.2847522063111593
228868.66803333233	1000.0	603.4075301666352	261.6950716199001	0	0.0	3472.0755634989764	1	0	1	-1.3451487606169361
229728.58001404317	1000.0	743.495549455797	0.0	0	0.0	3472.0755634989764	1	0	1	0.9181688496624099
230320.526667277	1000.0	1151.548896221962	0.0	0	0.0	3472.0755634990055	1	0	1	0.918168849662402
230807.80159645432	1000.0	1664.2739670446538	0.0	0	0.0	3472.0755634990055	1	0	1	0.918168849662402
231411.20402408202	1000.0	2060.8715394169685	0.0	0	0.0	3472.0755634990055	1	0	1	0.918168849662402
231861.3825815567	1000.0	2565.675126194799	0.0	0	0.0	3427.057707751519	1	0	2	0.5273710559306123
232254.00891434375	1000.0	3133.7861601290465	0.0	0	0.0	3387.795074472815	1	0	2	0.7379150807741529
233200.0	1000.0	3093.1959659071476	0.0	0	620.5554065510514	3293.195965907129	1	0	2	0.7541001119088238
234200.0	1000.0	2993.1959659071763	0.0	0	704.5654054300394	3193.195965907158	1	0	2	0.7772063614501964
235200.0	1000.0	2893.1959659071463	0.0	0	599.9241223752324	3093.195965907129	1	0	2	0.7985202876067188
236200.0	1000.0	2793.1959659071667	0.0	0	519.1184171567729	2993.195965907187	1	0	2	0.8181888823137808
237200.0	1000.0	2693.195965907151	0.0	0	587.8650886317191	2893.195965907158	1	0	2	0.8358846385966332
238200.0	2000.0	2693.195965907125	0.0	0	515.319653339946	2893.195965907187	1	0	1	0.8425534326766426
239200.0	2000.0	2693.1959659071435	0.0	0	471.56221624239697	2893.195965907187	1	0	1	1.735700613236588
240200.0	2000.0	2693.1959659071304	0.0	0	583.6135268867074	2893.1959659072163	1	0	1	1.7357006132365833
241200.0	2000.0	2693.195965907151	0.0	0	606.3999056160683	2893.1959659072163	1	0	1	1.7357006132365833
242200.0	2000.0	2593.1959659071545	0.0	0	353.4637947761512	2793.1959659072163	1	0	2	1.345678444358231
243200.0	3000.0	2593.195965907133	0.0	0	128.91503640648443	2793.1959659072163	1	0	1	1.5513685724075834
244987.28647957652	3000.0	1805.9094863305997	0.0	0	0.0	2793.1959659072163	1	0	1	2.156833680515748
246262.13258565072	3000.0	1531.0633802563937	0.0	0	0.0	2793.1959659072454	1	0	1	2.1568336805157435
247408.6883282789	3000.0	1384.5076376282082	0.0	0	0.0	2793.1959659072454	1	0	1	2.1568336805157435
248723.07060209362	3000.0	1070.125363813463	0.0	0	0.0	2793.1959659072163	1	0	1	2.156833680515748
249951.9202139122	3000.0	841.2757519948709	0.0	0	0.0	2793.195965907187	1	0	1	2.1568336805157524
250538.1805446056	2000.0	1255.015421301501	0.0	0	0.0	2793.1959659072163	1	0	1	1.3459034642994188
251302.85552243493	2000.0	1490.3404434721722	0.0	0	0.0	2793.1959659072163	1	0	1	1.7513685724075834
252256.5912211722	3000.0	1536.6047447349324	0.0	0	0.0	2793.1959659072163	1	0	1	1.7513685724075836
253501.51061887085	3000.0	1291.6853470362623	0.0	0	0.0	2793.195965907187	1	0	1	2.1568336805157498
254842.57398574363	3000.0	950.6219801634983	0.0	0	0.0	2793.1959659072163	1	0	1	2.156833680515749
255955.09944043332	2000.0	838.0965254737782	0.0	0	0.0	2793.1959659072163	1	0	1	1.3459034642994188
256873.5341826825	2000.0	919.6617832246293	0.0	0	0.0	2793.1959659072454	1	0	1	1.751368572407579
258094.07122618536	2000.0	577.0710353715017	0.0	0	0.0	2671.14226155699	1	0	2	1.3644894652309079
258936.11080715456	2000.0	735.0314544023021	0.0	0	0.0	2671.14226155699	1	0	1	1.5686330423339843
260008.52672333567	2000.0	662.6155382211998	0.0	0	0.0	2671.142261556961	1	0	1	1.7686330423339882
261446.17264140185	2000.0	275.2321171948023	50.262497039778765	0	0.0	2721.4047585967346	1	0	1	1.462173893919573
262522.4099759042	2000.0	401.525940416833	202.531157724409	0	0.0	2923.9359163211484	1	0	1	0.5154017037858274
263005.15419242525	1000.0	918.7817238957458	0.0	0	0.0	2923.93591632109	1	0	1	0.3442942890123933
263420.2479626926	1000.0	1503.6879536283914	0.0	0	0.0	2923.935916321061	1	0	1	1.0374414695723453
263930.73309007497	1000.0	1993.2028262460155	0.0	0	0.0	2923.93591632109	1	0	1	1.0374414695723513
264448.41849298717	1000.0	2475.5174233338194	0.0	0	0.0	2923.93591632109	1	0	1	1.0374414695723453
265200.0	1000.0	2723.935916320936	0.0	0	250.63700248091482	2923.935916321003	1	0	1	1.037441469572351
266200.0	1000.0	2723.9359163208896	0.0	0	678.8333276644116	2923.9359163209447	1	0	1	1.03744146957237
267200.0	2000.0	2623.9359163208687	0.0	0	377.9843599614105	2823.9359163208283	1	0	2	0.6475640928263087
268200.0	2000.0	2623.9359163209247	0.0	0	81.23693394078873	2823.9359163208865	1	0	1	1.5467045725352448
269200.0	2000.0	2623.9359163208906	0.0	0	375.47218327916926	2823.9359163209447	1	0	1	1.7467045725352361
270200.0	2000.0	2623.935916320855	0.0	0	436.5109413357568	2823.9359163209447	1	0	1	1.7467045725352361
271799.3102897957	3000.0	2024.625626525158	0.0	0	0.0	2823.9359163209447	1	0	1	1.7467045725352364
273243.63453980227	3000.0	1580.3013765185485	0.0	0	0.0	2823.9359163209447	1	0	1	2.152169680643401
274389.30761492485	3000.0	1434.6283013959958	0.0	0	0.0	2823.935916321003	1	0	1	2.1521696806433974
274864.11079557636	2000.0	1959.8251207445041	0.0	0	0.0	2823.9359163209447	1	0	1	1.3412394644270715
275288.54121393926	2000.0	2535.3947023815695	0.0	0	0.0	2823.9359163208865	1	0	1	1.746704572535245
276200.0	2000.0	2623.9359163208132	0.0	0	151.01844687748235	2823.9359163208865	1	0	1	1.746704572535245
277210.93180862255	2000.0	2613.0041076982516	0.0	0	0.0	2823.9359163208865	1	0	1	1.746704572535245
278987.26775244786	2000.0	1836.6681638729226	0.0	0	0.0	2823.9359163208283	1	0	1	1.746704572535254
280303.26849190384	2000.0	1520.6674244169244	0.0	0	0.0	2823.9359163208283	1	0	1	1.746704572535254
281119.04642416735	2000.0	1704.8894921533697	0.0	0	0.0	2823.9359163208283	1	0	1	1.746704572535254
282544.0375953051	2000.0	1279.8983210156675	0.0	0	0.0	2823.9359163208283	1	0	1	1.746704572535254
283557.58995675505	2000.0	1266.3459595657125	0.0	0	0.0	2823.93591632077	1	0	1	1.7467045725352628
284275.1221116395	2000.0	1548.8138046812974	0.0	0	0.0	2823.9359163208283	1	0	1	1.746704572535261
284950.4005682025	2000.0	1873.5353481182465	0.0	0	0.0	2823.9359163208283	1	0	1	1.746704572535254
286368.0138598306	2000.0	1455.9220564901243	0.0	0	0.0	2823.9359163208865	1	0	1	1.746704572535245
287228.5891957127	2000.0	1595.3467206080315	0.0	0	0.0	2823.9359163208865	1	0	1	1.746704572535245
288057.6145402385	2000.0	1766.3213760822134	0.0	0	0.0	2823.9359163209447	1	0	1	1.7467045725352361
288914.7869547198	2000.0	1909.1489616009217	0.0	0	0.0	2823.935916321003	1	0	1	1.746704572535227
289980.18725531595	2000.0	1843.748661004771	0.0	0	0.0	2823.935916321061	1	0	1	1.7467045725352182
291765.19909488957	2000.0	1058.7368214311532	0.0	0	0.0	2823.935916321061	1	0	1	1.7467045725352182
293008.12068725895	2000.0	815.8152290617323	0.0	0	0.0	2823.935916321061	1	0	1	1.7467045725352182
294509.0059226154	2000.0	314.92999370530094	0.0	0	0.0	2823.935916321003	1	0	1	1.7467045725352217
295430.3723150172	1000.0	575.6839614308457	182.12036012737462	0	0.0	3006.056276448362	1	0	1	-0.7628069510062891
296106.33624387166	1000.0	899.7200325763603	0.0	0	0.0	3006.056276448362	1	0	1	1.0230623903179035
296623.7577631138	1000.0	1382.2985133342254	0.0	0	0.0	3006.056276448304	1	0	1	1.023062390317914
297181.6184617319	1000.0	1824.4378147161	0.0	0	0.0	3006.056276448304	1	0	1	1.023062390317914
297874.315077718	1000.0	2131.7411987299965	0.0	0	0.0	3006.0562764482456	1	0	1	1.0230623903179246
298327.8042791845	1000.0	2632.9030771168927	0.0	0	0.0	2960.70735630166	1	0	2	0.6291955152459201
299200.0	1000.0	2760.707356301335	0.0	0	313.36947927443543	2960.70735630166	1	0	1	0.8311353042217708
300200.0	1000.0	2660.7073563012873	0.0	0	243.07921439019265	2860.70735630166	1	0	2	0.64211257253517
1.47	1.73	2.29	2.04	2.21	2.75	3.29	3.54	3.46	4.1	4.44	2.5	1.31	2.09	1.85	2.16	1.84	2.68	3.15	3.63	1.47	1.11	1.71	1.56	1.47	1.81	1.74	1.36	1.16	1.15	1.89	1.61	1.07	1.66	2.21	2.86	3.36	3.94	6.05	4.95	4.6	3.93	4.53	4.6	3.06	1.87	1.38	1.92	2.22	2.44	2.95	2.76	1.83	1.62	2.26	2.22	2.04	2.58	2.18	1.34	1.64	1.56	1.08	1.53	1.48	1.69	2.04	2.58	2.77	1.85	1.11	1.66	1.86	1.99	0.88	0.96	0.8	1.08	1.42	2.02	2.56	3.31	3.8	3.27	2.7	2.75	3.29	3.85	4.46	4.4	3.24	3.02	2.0	2.1	1.9	2.9	2.92	3.35	3.35	3.01	2.44	2.72	2.81	2.39	1.53	2.09	2.35	2.0	1.99	1.39	2.53	2.31	2.61	2.8	3.06	2.99	2.78	3.65	3.23	1.7	2.19	2.39	2.78	3.79	3.08	2.11	1.1	1.36	1.68	1.99	1.93	1.89	2.56	2.47	1.7	2.44	2.84	2.63	1.67	1.42	1.49	1.65	1.89	1.34	1.89	2.06	1.92	1.56	1.78	2.86	1.47	1.73	2.29	2.04	2.21	2.75	3.29	3.54	3.46	4.1	4.44	2.5	1.31	2.09	1.85	2.16	1.84	2.68	3.15	3.63	1.47	1.11	1.71	1.56	1.47	1.81	1.74	1.36	1.16	1.15	1.89	1.61	1.07	1.66	2.21	2.86	3.36	3.94	6.05	4.95	4.6	3.93	4.53	4.6	3.06	1.87	1.38	1.92	2.22	2.44	2.95	2.76	1.83	1.62	2.26	2.22	2.04	2.58	2.18	1.34	1.64	1.56	1.08	1.53	1.48	1.69	2.04	2.58	2.77	1.85	1.11	1.66	1.86	1.99	0.88	0.96	0.8	1.08	1.42	2.02	2.56	3.31	3.8	3.27	2.7	2.75	3.29	3.85	4.46	4.4	3.24	3.02	2.0	2.1	1.9	2.9	2.92	3.35	3.35	3.01	2.44	2.72	2.81	2.39	1.53	2.09	2.35	2.0	1.99	1.39	2.53	2.31	2.61	2.8	3.06	2.99	2.78	3.65	3.23	1.7	2.19	2.39	2.78	3.79	3.08	2.11	1.1	1.36	1.68	1.99	1.93	1.89	2.56	2.47	1.7	2.44	2.84	2.63	1.67	1.42	1.49	1.65	1.89	1.34	1.89	2.06	1.92	1.56	1.78	2.86	1.47	1.73	2.29
1.0	2.0	3.0	4.0	5.0	6.0	7.0	8.0	9.0	10.0	11.0	12.0	13.0	14.0	15.0	16.0	17.0	18.0	19.0	20.0	21.0	22.0	23.0	24.0	25.0	26.0	27.0	28.0	29.0	30.0	31.0	32.0	33.0	34.0	35.0	36.0	37.0	38.0	39.0	40.0	41.0	42.0	43.0	44.0	45.0	46.0	47.0	48.0	49.0	50.0	51.0	52.0	53.0	54.0	55.0	56.0	57.0	58.0	59.0	60.0	61.0	62.0	63.0	64.0	65.0	66.0	67.0	68.0	69.0	70.0	71.0	72.0	73.0	74.0	75.0	76.0	77.0	78.0	79.0	80.0	81.0	82.0	83.0	84.0	85.0	86.0	87.0	88.0	89.0	90.0	91.0	92.0	93.0	94.0	95.0	96.0	97.0	98.0	99.0	100.0	101.0	102.0	103.0	104.0	105.0	106.0	107.0	108.0	109.0	110.0	111.0	112.0	113.0	114.0	115.0	116.0	117.0	118.0	119.0	120.0	121.0	122.0	123.0	124.0	125.0	126.0	127.0	128.0	129.0	130.0	131.0	132.0	133.0	134.0	135.0	136.0	137.0	138.0	139.0	140.0	141.0	142.0	143.0	144.0	145.0	146.0	147.0	148.0	149.0	149.0	150.0	151.0	152.0	153.0	154.0	155.0	156.0	157.0	158.0	159.0	160.0	161.0	162.0	163.0	164.0	165.0	166.0	167.0	168.0	169.0	170.0	171.0	172.0	173.0	174.0	175.0	176.0	177.0	178.0	179.0	180.0	181.0	182.0	183.0	184.0	185.0	186.0	187.0	188.0	189.0	190.0	191.0	192.0	193.0	194.0	195.0	196.0	197.0	198.0	199.0	200.0	201.0	202.0	203.0	204.0	205.0	206.0	207.0	208.0	209.0	210.0	211.0	212.0	213.0	214.0	215.0	216.0	217.0	218.0	219.0	220.0	221.0	222.0	223.0	224.0	225.0	226.0	227.0	228.0	229.0	230.0	231.0	232.0	233.0	234.0	235.0	236.0	237.0	238.0	239.0	240.0	241.0	242.0	243.0	244.0	245.0	246.0	247.0	248.0	249.0	250.0	251.0	252.0	253.0	254.0	255.0	256.0	257.0	258.0	259.0	260.0	261.0	262.0	263.0	264.0	265.0	266.0	267.0	268.0	269.0	270.0	271.0	272.0	273.0	274.0	275.0	276.0	277.0	278.0	279.0	280.0	281.0	282.0	283.0	284.0	285.0	286.0	287.0	288.0	289.0	290.0	291.0	292.0	293.0	294.0	295.0	296.0	297.0	298.0	298.0	299.0	300.0	301.0
2252.377690635416
