3267.546440000081	300.0	2000.0	159.03687986792062	0	0.0	3267.546440000081	1	0	1	-1.1810009577208618
3426.1976205468627	300.0	2841.3488194532183	0.0	0	0.0	3267.546440000081	1	0	1	-0.23445066739279902
4200.0	300.0	3067.546440000081	0.0	0	617.4393653319539	3267.5464400000806	1	0	1	-0.234450667392799
5200.0	500.0	3067.5464400000797	0.0	0	783.1717793857697	3267.54644000008	1	0	1	-0.23445066739279866
6200.0	500.0	3067.5464400000774	0.0	0	745.9936166407351	3267.5464400000783	1	0	1	0.2763749563731922
7200.0	500.0	3067.546440000077	0.0	0	611.6548221056628	3267.546440000078	1	0	1	0.2763749563731924
8200.0	500.0	3067.5464400000765	0.0	0	766.8588605294599	3267.5464400000783	1	0	1	0.2763749563731923
9200.0	1000.0	3067.546440000079	0.0	0	434.76947493435546	3267.546440000081	1	0	1	0.276374956373192
10200.0	1000.0	3067.546440000078	0.0	0	486.46174383750076	3267.54644000008	1	0	1	0.9695221369331374
11801.809327644443	2000.0	2465.7371123556354	0.0	0	0.0	3267.54644000008	1	0	1	0.9695221369331375
13309.213336262988	2000.0	1958.3331037370901	0.0	0	0.0	3267.54644000008	1	0	1	1.6626693174930827
14640.949370064165	2000.0	1626.5970699359157	0.0	0	0.0	3267.54644000008	1	0	1	1.6626693174930827
15375.592442990039	1000.0	1891.9539970100432	0.0	0	0.0	3267.546440000082	1	0	1	0.27637495637319187
15948.579962163842	1000.0	2318.9664778362426	0.0	0	0.0	3267.546440000082	1	0	1	0.969522136933137
16332.16496045299	1000.0	2935.381479547093	0.0	0	0.0	3267.546440000082	1	0	1	0.969522136933137
17200.0	1000.0	3067.5464400000847	0.0	0	237.5897552856295	3267.54644000008	1	0	1	0.9695221369331375
18200.0	1000.0	3067.5464400000837	0.0	0	714.1249087109063	3267.5464400000783	1	0	1	0.9695221369331373
19200.0	1000.0	3067.5464400000865	0.0	0	607.7674798506887	3267.546440000082	1	0	1	0.9695221369331374
20200.0	1000.0	3067.54644000009	0.0	0	614.0145255489151	3267.5464400000856	1	0	1	0.9695221369331364
21200.0	1000.0	3067.5464400000924	0.0	0	614.5680195070236	3267.5464400000856	1	0	1	0.9695221369331362
22200.0	2000.0	3067.5464400000938	0.0	0	523.7469321175122	3267.5464400000856	1	0	1	0.969522136933136
23200.0	2000.0	3067.5464400000915	0.0	0	378.4925120243752	3267.546440000082	1	0	1	1.662669317493082
24200.0	2000.0	3067.5464400000897	0.0	0	277.9011846836329	3267.546440000082	1	0	1	1.662669317493082
25870.058349995023	2000.0	2397.4880900050657	0.0	0	0.0	3267.546440000082	1	0	1	1.662669317493082
26555.210223957456	2000.0	2712.336216042632	0.0	0	0.0	3267.546440000082	1	0	1	1.662669317493082
27279.361964575743	2000.0	2988.184475424343	0.0	0	0.0	3267.5464400000856	1	0	1	1.6626693174930813
28200.0	2000.0	3067.5464400000865	0.0	0	346.2654930563913	3267.5464400000856	1	0	1	1.6626693174930813
29200.0	2000.0	3067.546440000091	0.0	0	490.7473312914699	3267.5464400000856	1	0	1	1.6626693174930813
30200.0	2000.0	3067.5464400000938	0.0	0	417.07303394211704	3267.546440000089	1	0	1	1.6626693174930804
31200.0	2000.0	3067.546440000095	0.0	0	393.6277199421602	3267.546440000089	1	0	1	1.6626693174930804
32200.0	2000.0	3067.546440000094	0.0	0	253.17280008754096	3267.546440000089	1	0	1	1.6626693174930804
33200.0	2000.0	3067.546440000094	0.0	0	560.0643841888705	3267.546440000089	1	0	1	1.6626693174930811
34200.0	2000.0	3067.5464400001	0.0	0	331.8561439737314	3267.5464400000965	1	0	1	1.6626693174930793
35200.0	2000.0	3067.5464400001056	0.0	0	278.6366895471365	3267.5464400001038	1	0	1	1.6626693174930778
36200.0	3000.0	3067.5464400001065	0.0	0	258.18274870597816	3267.5464400001	1	0	1	1.6626693174930776
37200.0	3000.0	3067.546440000105	0.0	0	444.33109681726637	3267.5464400001	1	0	1	2.068134425601243
38200.0	3000.0	3067.5464400001015	0.0	0	314.41637853300927	3267.5464400001	1	0	1	2.068134425601243
39569.577988139645	3000.0	2697.9684518604636	0.0	0	0.0	3267.5464400001	1	0	1	2.068134425601243
41476.921861126255	3000.0	1790.6245788738493	0.0	0	0.0	3267.5464400001	1	0	1	2.068134425601243
42854.22276553464	2000.0	1413.3236744654644	0.0	0	0.0	3267.5464400001	1	0	1	1.2572042093849132
43613.808445122544	2000.0	1653.737994877561	0.0	0	0.0	3267.5464400001	1	0	1	1.6626693174930778
44794.10480007714	2000.0	1473.441639922964	0.0	0	0.0	3267.546440000093	1	0	1	1.6626693174930796
45702.45933720094	2000.0	1565.0871027991686	0.0	0	0.0	3267.546440000093	1	0	1	1.6626693174930796
46703.89137476452	2000.0	1563.6550652355845	0.0	0	0.0	3267.546440000093	1	0	1	1.6626693174930796
47457.50808174203	2000.0	1810.038358258069	0.0	0	0.0	3267.5464400000856	1	0	1	1.6626693174930813
48399.295410691826	2000.0	1868.2510293082737	0.0	0	0.0	3267.5464400000856	1	0	1	1.6626693174930813
49161.71275103348	2000.0	2105.8336889666207	0.0	0	0.0	3267.546440000093	1	0	1	1.6626693174930796
50097.64774734286	2000.0	2169.89869265724	0.0	0	0.0	3267.546440000093	1	0	1	1.6626693174930796
50659.68403291831	1000.0	2607.8624070817837	0.0	0	0.0	3267.546440000093	1	0	1	0.27637495637318943
51708.473246357724	2000.0	2559.0731936423786	0.0	0	0.0	3267.546440000093	1	0	1	0.9695221369331344
52724.955722507286	2000.0	2542.590717492813	0.0	0	0.0	3267.546440000093	1	0	1	1.6626693174930796
53320.70452822105	1000.0	2946.8419117790418	0.0	0	0.0	3267.5464400000856	1	0	1	0.2763749563731909
54200.0	1000.0	3067.5464400000924	0.0	0	381.31922314954863	3267.5464400000856	1	0	1	0.9695221369331362
55200.0	2000.0	3067.5464400000915	0.0	0	138.26125889150717	3267.5464400000856	1	0	1	0.969522136933136
56200.0	2000.0	3067.5464400000974	0.0	0	264.9765065806787	3267.5464400000856	1	0	1	1.6626693174930813
57200.0	2000.0	3067.5464400001015	0.0	0	283.65184310761106	3267.546440000093	1	0	1	1.6626693174930796
58200.0	2000.0	3067.546440000099	0.0	0	354.00612642049236	3267.546440000093	1	0	1	1.6626693174930796
59200.0	2000.0	3067.5464400001106	0.0	0	62.70756280174828	3267.5464400001	1	0	1	1.6626693174930778
60219.054017273804	2000.0	3048.492422726316	0.0	0	0.0	3267.5464400001	1	0	1	1.6626693174930778
61200.0	2000.0	3067.546440000117	0.0	0	66.79459255496477	3267.546440000093	1	0	1	1.6626693174930796
62263.716876262806	2000.0	3003.8295637373108	0.0	0	0.0	3267.546440000093	1	0	1	1.6626693174930796
63200.0	2000.0	3067.5464400001106	0.0	0	112.41833125794801	3267.546440000093	1	0	1	1.6626693174930796
64200.0	2000.0	3067.5464400001138	0.0	0	182.01913364840584	3267.546440000093	1	0	1	1.6626693174930796
65200.0	2000.0	3067.5464400001138	0.0	0	170.3029379174186	3267.546440000093	1	0	1	1.6626693174930796
66781.04332614702	2000.0	2486.50311385309	0.0	0	0.0	3267.546440000093	1	0	1	1.6626693174930802
68322.86140921593	2000.0	1944.685030784176	0.0	0	0.0	3267.546440000093	1	0	1	1.66266931749308
69734.63500125131	2000.0	1532.911438748789	0.0	0	0.0	3267.546440000093	1	0	1	1.6626693174930796
70613.0494215249	1000.0	1654.4970184751803	0.0	0	0.0	3267.546440000093	1	0	1	0.27637495637318943
71259.73898481074	1000.0	2007.8074551893521	0.0	0	0.0	3267.546440000093	1	0	1	0.9695221369331346
71706.77411018527	1000.0	2560.7723298148235	0.0	0	0.0	3267.546440000093	1	0	1	0.9695221369331346
72200.0	1000.0	3067.5464400000847	0.0	0	3.741277103385073	3267.5464400000783	1	0	1	0.9695221369331377
73200.0	1000.0	3067.546440000089	0.0	0	466.5116540369345	3267.5464400000783	1	0	1	0.9695221369331377
74200.0	1000.0	3067.5464400000883	0.0	0	465.7428327006928	3267.546440000093	1	0	1	0.9695221369331346
75200.0	1000.0	3067.546440000096	0.0	0	576.3044999764243	3267.546440000093	1	0	1	0.9695221369331346
76200.0	1000.0	3067.546440000094	0.0	0	424.7863950312021	3267.546440000093	1	0	1	0.9695221369331346
77200.0	1000.0	3067.5464400000924	0.0	0	34.80546446389053	3267.546440000093	1	0	1	0.9695221369331346
78200.0	1000.0	3067.5464400000847	0.0	0	300.4145047790371	3267.546440000093	1	0	1	0.9695221369331346
79391.12651086101	1000.0	2876.4199291390787	0.0	0	0.0	3267.546440000093	1	0	1	0.9695221369331346
80200.0	1000.0	3067.5464400000906	0.0	0	59.49189704339369	3267.546440000093	1	0	1	0.9695221369331346
81200.0	1000.0	3067.5464400000847	0.0	0	461.01326262975635	3267.546440000093	1	0	1	0.9695221369331346
82200.0	1000.0	3067.5464400000747	0.0	0	647.4274939153838	3267.546440000093	1	0	1	0.9695221369331346
83200.0	1000.0	3067.546440000091	0.0	0	571.701406886612	3267.546440000093	1	0	1	0.9695221369331346
84200.0	1000.0	3067.5464400000847	0.0	0	332.1449534187559	3267.546440000093	1	0	1	0.9695221369331346
85200.0	1000.0	3067.5464400000833	0.0	0	322.357966134703	3267.5464400001074	1	0	1	0.969522136933131
86200.0	1000.0	3067.546440000091	0.0	0	398.67052961845184	3267.5464400001074	1	0	1	0.969522136933131
87200.0	1000.0	3067.546440000102	0.0	0	300.55637311167084	3267.5464400001074	1	0	1	0.969522136933131
88200.0	1000.0	3067.5464400000774	0.0	0	291.7170079918433	3267.5464400001074	1	0	1	0.969522136933131
89200.0	1000.0	3067.546440000093	0.0	0	385.0536118535092	3267.5464400001074	1	0	1	0.969522136933131
90200.0	1000.0	3067.5464400000888	0.0	0	366.1294506797276	3267.5464400001074	1	0	1	0.969522136933131
91200.0	1000.0	3067.5464400000783	0.0	0	474.37410615655244	3267.5464400001074	1	0	1	0.969522136933131
92200.0	1000.0	3067.5464400000947	0.0	0	582.4529033725848	3267.5464400001074	1	0	1	0.969522136933131
93200.0	1000.0	3067.5464400000915	0.0	0	640.9327593350317	3267.5464400001074	1	0	1	0.969522136933131
94200.0	1000.0	3067.546440000096	0.0	0	492.87698780607025	3267.5464400001074	1	0	1	0.969522136933131
95282.98978602493	2000.0	2984.5566539751726	0.0	0	0.0	3267.5464400001074	1	0	1	0.969522136933131
96200.0	2000.0	3067.5464400000956	0.0	0	154.83788456024195	3267.5464400001074	1	0	1	1.6626693174930762
97200.0	2000.0	3067.5464400001138	0.0	0	11.737221280331141	3267.546440000122	1	0	1	1.662669317493073
98523.8913296584	2000.0	2743.6551103417146	0.0	0	0.0	3267.546440000122	1	0	1	1.662669317493073
99561.28911010931	2000.0	2706.2573298907873	0.0	0	0.0	3267.546440000122	1	0	1	1.662669317493073
100384.6498433719	2000.0	2882.896596628209	0.0	0	0.0	3267.546440000122	1	0	1	1.662669317493073
101200.0	2000.0	3067.5464400001	0.0	0	191.8278178243345	3267.546440000122	1	0	1	1.662669317493073
102489.44862882645	2000.0	2778.097811173654	0.0	0	0.0	3267.546440000122	1	0	1	1.662669317493073
103501.22631572957	2000.0	2766.320124270538	0.0	0	0.0	3267.546440000122	1	0	1	1.662669317493073
104562.35597431209	2000.0	2705.1904656880242	0.0	0	0.0	3267.5464400001365	1	0	1	1.6626693174930696
105690.85631116516	2000.0	2576.690128834959	0.0	0	0.0	3267.5464400001365	1	0	1	1.6626693174930696
106826.29655960554	2000.0	2441.2498803945828	0.0	0	0.0	3267.5464400001365	1	0	1	1.6626693174930696
107632.56626424086	2000.0	2634.980175759277	0.0	0	0.0	3267.546440000122	1	0	1	1.662669317493073
108498.08888674917	2000.0	2769.457553250951	0.0	0	0.0	3267.546440000122	1	0	1	1.662669317493073
109359.70066716585	2000.0	2907.8457728342723	0.0	0	0.0	3267.5464400001074	1	0	1	1.6626693174930762
110200.0	2000.0	3067.5464400001138	0.0	0	180.55111730156932	3267.5464400001074	1	0	1	1.6626693174930762
111200.0	2000.0	3067.5464400001247	0.0	0	397.0778350393957	3267.546440000122	1	0	1	1.662669317493073
112200.0	2000.0	3067.5464400001315	0.0	0	202.67484925074677	3267.546440000122	1	0	1	1.662669317493073
113200.0	2000.0	3067.546440000122	0.0	0	262.04658167256275	3267.546440000122	1	0	1	1.662669317493073
114606.2219383521	2000.0	2661.324501648013	0.0	0	0.0	3267.546440000122	1	0	1	1.662669317493073
115510.00543698712	2000.0	2757.5410030129897	0.0	0	0.0	3267.546440000122	1	0	1	1.662669317493073
116552.46308243924	2000.0	2715.0833575608817	0.0	0	0.0	3267.546440000122	1	0	1	1.662669317493073
117286.05635263045	2000.0	2981.490087369667	0.0	0	0.0	3267.546440000122	1	0	1	1.662669317493073
118200.0	2000.0	3067.546440000111	0.0	0	353.8285274174559	3267.546440000122	1	0	1	1.662669317493073
119200.0	2000.0	3067.5464400001047	0.0	0	235.3350769040262	3267.546440000122	1	0	1	1.662669317493073
120200.0	2000.0	3067.546440000103	0.0	0	500.767701663106	3267.546440000122	1	0	1	1.662669317493073
121200.0	2000.0	3067.546440000113	0.0	0	305.85922513515106	3267.546440000122	1	0	1	1.662669317493073
122204.35789774344	2000.0	3063.1885422566675	0.0	0	0.0	3267.5464400001365	1	0	1	1.6626693174930696
123392.31787101296	2000.0	2875.228568987145	0.0	0	0.0	3267.5464400001365	1	0	1	1.6626693174930696
124392.2889917971	2000.0	2875.2574482029877	0.0	0	0.0	3267.5464400001365	1	0	1	1.6626693174930696
125200.0	2000.0	3067.5464400000897	0.0	0	59.684177443545195	3267.546440000122	1	0	1	1.662669317493073
126200.0	2000.0	3067.5464400000756	0.0	0	174.43011392965855	3267.546440000122	1	0	1	1.662669317493073
127200.0	2000.0	3067.546440000058	0.0	0	253.27473862351326	3267.546440000122	1	0	1	1.662669317493073
128200.0	2000.0	3067.5464400000565	0.0	0	342.7573527944478	3267.5464400001074	1	0	1	1.6626693174930762
129200.0	2000.0	3067.546440000054	0.0	0	230.56279135143268	3267.5464400001074	1	0	1	1.6626693174930762
130200.0	2000.0	3067.5464400000487	0.0	0	102.6648071884847	3267.5464400001074	1	0	1	1.6626693174930762
131214.63460201325	2000.0	3052.9118379867864	0.0	0	0.0	3267.546440000093	1	0	1	1.6626693174930796
132200.0	2000.0	3067.5464400000365	0.0	0	250.20862253758241	3267.546440000093	1	0	1	1.662669317493079
133200.0	2000.0	3067.5464400000237	0.0	0	94.51379185949918	3267.5464400000637	1	0	1	1.6626693174930842
134200.0	2000.0	3067.5464399999964	0.0	0	103.81439197275904	3267.54644000002	1	0	1	1.6626693174930929
135200.0	2000.0	3067.546439999986	0.0	0	207.65150843845913	3267.5464400000346	1	0	1	1.662669317493093
136200.0	2000.0	3067.54643999996	0.0	0	161.60258295296808	3267.5464400000055	1	0	1	1.6626693174930995
137680.2642142613	2000.0	2587.2822257386474	0.0	0	0.0	3267.5464400000055	1	0	1	1.6626693174930995
139567.45105896553	2000.0	1700.095381034436	0.0	0	0.0	3267.5464400000055	1	0	1	1.6626693174930995
140489.8022325877	2000.0	1777.74420741225	0.0	0	0.0	3267.5464400000055	1	0	1	1.6626693174930995
141174.0443142472	1000.0	2093.502125752715	0.0	0	0.0	3267.5464400000055	1	0	1	0.2763749563732093
141743.87950694014	1000.0	2523.666933059777	0.0	0	0.0	3267.5464399999764	1	0	1	0.9695221369331612
142200.0	1000.0	3067.5464399999087	0.0	0	49.00702885192004	3267.5464399999764	1	0	1	0.9695221369331612
143200.0	1000.0	3067.546439999913	0.0	0	575.324237133842	3267.5464400000055	1	0	1	0.9695221369331546
144200.0	1000.0	3067.5464399999096	0.0	0	426.32750434658374	3267.5464400000346	1	0	1	0.9695221369331479
145200.0	1000.0	3067.546439999926	0.0	0	402.35359413261176	3267.5464400000346	1	0	1	0.9695221369331479
146200.0	1000.0	3067.5464399999237	0.0	0	378.0428180131712	3267.5464400000346	1	0	1	0.9695221369331479
147200.0	1000.0	3067.5464399998905	0.0	0	20.10342978182598	3267.5464400000346	1	0	1	0.9695221369331479
148200.0	1000.0	3067.546439999875	0.0	0	203.70732458599377	3267.5464400000346	1	0	1	0.9695221369331479
149200.0	1000.0	3067.5464399998677	0.0	0	335.494687977538	3267.5464400000346	1	0	1	0.9695221369331479
150200.0	1000.0	3067.5464399998855	0.0	0	205.196207436471	3267.5464400000346	1	0	1	0.9695221369331479
151200.0	1000.0	3067.546439999881	0.0	0	451.74268240344827	3267.5464400000346	1	0	1	0.9695221369331479
152200.0	1000.0	3067.54643999986	0.0	0	377.1729320931772	3267.5464400000346	1	0	1	0.9695221369331479
153200.0	1000.0	3067.546439999884	0.0	0	473.86775764945196	3267.5464400000346	1	0	1	0.9695221369331479
154200.0	1000.0	3067.5464399998805	0.0	0	519.3096564335865	3267.5464400000346	1	0	1	0.9695221369331479
155200.0	1000.0	3067.5464399998955	0.0	0	648.1167426147731	3267.5464400000346	1	0	1	0.9695221369331479
156200.0	1000.0	3067.5464399998946	0.0	0	352.06421707419213	3267.5464400000346	1	0	1	0.9695221369331479
157200.0	1000.0	3067.5464399998937	0.0	0	565.5618618574226	3267.5464400000346	1	0	1	0.9695221369331479
158200.0	1000.0	3067.5464399999396	0.0	0	513.7188187196152	3267.5464400000637	1	0	1	0.969522136933141
159200.0	1000.0	3067.54643999996	0.0	0	605.6401585025887	3267.5464400000637	1	0	1	0.969522136933141
160200.0	2000.0	3067.5464399999128	0.0	0	48.774145684496034	3267.5464400000346	1	0	1	0.9695221369331479
161563.2843057007	2000.0	2704.26213429917	0.0	0	0.0	3267.5464400000055	1	0	1	1.6626693174930982
162556.60126594265	2000.0	2710.945174057234	0.0	0	0.0	3267.5464400000346	1	0	1	1.662669317493093
164150.31030085115	2000.0	2117.2361391487007	0.0	0	0.0	3267.5464400000637	1	0	1	1.6626693174930862
164887.8558018072	1000.0	2379.690638192651	0.0	0	0.0	3267.5464400000637	1	0	1	0.2763749563731959
165350.78153498317	1000.0	2916.764905016683	0.0	0	0.0	3267.5464400000346	1	0	1	0.9695221369331479
166200.0	1000.0	3067.5464399998687	0.0	0	400.2101740629878	3267.5464400000346	1	0	1	0.9695221369331479
167200.0	1000.0	3067.5464399998864	0.0	0	671.1633309805184	3267.5464400000346	1	0	1	0.9695221369331479
168200.0	1000.0	3067.5464399999	0.0	0	527.6373062614584	3267.5464400000346	1	0	1	0.9695221369331479
169200.0	1000.0	3067.5464399998737	0.0	0	596.5972090056166	3267.5464400000055	1	0	1	0.9695221369331546
170200.0	1000.0	3067.5464399998705	0.0	0	679.7802242645703	3267.5464400000055	1	0	1	0.9695221369331546
171200.0	2000.0	3067.5464399998805	0.0	0	384.6517101607751	3267.5464400000055	1	0	1	0.9695221369331544
172200.0	2000.0	3067.54643999987	0.0	0	555.0833818740502	3267.5464400000055	1	0	1	1.6626693174930995
173348.40970026454	2000.0	2919.136739735316	0.0	0	0.0	3267.5464400000055	1	0	1	1.6626693174930995
174804.62127472868	2000.0	2462.925165271191	0.0	0	0.0	3267.5464400000055	1	0	1	1.6626693174930995
175874.78711365265	2000.0	2392.7593263472063	0.0	0	0.0	3267.5464400000055	1	0	1	1.6626693174930995
176740.5095082733	2000.0	2527.0369317265604	0.0	0	0.0	3267.5464400000055	1	0	1	1.6626693174930995
177327.94612410045	2000.0	2939.6003158993617	0.0	0	0.0	3267.5464400000055	1	0	1	1.6626693174930995
178200.0	2000.0	3067.546439999787	0.0	0	154.1587517366279	3267.5464400000055	1	0	1	1.6626693174930995
179200.0	2000.0	3067.5464399997845	0.0	0	447.9147491515032	3267.5464400000055	1	0	1	1.6626693174930995
180200.0	2000.0	3067.546439999785	0.0	0	18.32200327704777	3267.5464400000346	1	0	1	1.662669317493093
181200.0	2000.0	3067.5464399997954	0.0	0	225.48925937875174	3267.5464400000637	1	0	1	1.6626693174930862
182200.0	2000.0	3067.546439999786	0.0	0	330.1266450312105	3267.5464400000637	1	0	1	1.6626693174930862
183200.0	2000.0	3067.546439999805	0.0	0	541.7403812725097	3267.546440000093	1	0	1	1.6626693174930796
184200.0	2000.0	3067.546439999812	0.0	0	451.44151545656496	3267.546440000093	1	0	1	1.6626693174930796
185200.0	3000.0	3067.54643999981	0.0	0	355.719834393356	3267.546440000093	1	0	1	1.66266931749308
186200.0	3000.0	3067.546439999855	0.0	0	133.71160767419497	3267.546440000122	1	0	1	2.0681344256012375
187200.0	3000.0	3067.54643999988	0.0	0	77.63811313829501	3267.546440000151	1	0	1	2.068134425601231
188200.0	3000.0	3067.546439999865	0.0	0	46.29864223889308	3267.546440000151	1	0	1	2.068134425601231
190010.9895584025	3000.0	2256.5568815973593	0.0	0	0.0	3267.546440000151	1	0	1	2.068134425601231
191244.21133439618	2000.0	2023.3351056036845	0.0	0	0.0	3267.546440000122	1	0	1	1.2572042093849056
192478.03918638936	2000.0	1789.507253610507	0.0	0	0.0	3267.546440000151	1	0	1	1.6626693174930676
193480.9670911274	2000.0	1786.579348872478	0.0	0	0.0	3267.546440000151	1	0	1	1.6626693174930662
194800.06324732676	2000.0	1467.4831926731097	0.0	0	0.0	3267.546440000151	1	0	1	1.6626693174930662
195835.0539172094	2000.0	1432.4925227904696	0.0	0	0.0	3267.54644000018	1	0	1	1.6626693174930596
196891.45574193768	2000.0	1376.0906980622062	0.0	0	0.0	3267.546440000151	1	0	1	1.6626693174930662
198091.09647018946	2000.0	1176.4499698104014	0.0	0	0.0	3267.546440000122	1	0	1	1.6626693174930676
199087.27783600768	2000.0	1180.2686039921641	0.0	0	0.0	3267.546440000122	1	0	1	1.662669317493073
200474.4833438037	2000.0	793.0630961961341	0.0	0	0.0	3267.546440000122	1	0	1	1.662669317493073
200996.20425715842	1000.0	1271.342182841427	0.0	0	0.0	3267.546440000151	1	0	1	0.27637495637317594
202455.8018686127	2000.0	811.7445713871223	0.0	0	0.0	3267.546440000151	1	0	1	0.9695221369331211
203468.55994847885	2000.0	798.9864915209777	0.0	0	0.0	3267.546440000151	1	0	1	1.6626693174930662
204360.6022596439	2000.0	906.9441803559381	0.0	0	0.0	3267.546440000151	1	0	1	1.6626693174930662
204931.8721972936	2000.0	1335.6742427062632	0.0	0	0.0	3267.546440000122	1	0	1	1.662669317493073
205643.15382504655	2000.0	1624.3926149533324	0.0	0	0.0	3267.546440000122	1	0	1	1.662669317493073
206125.43510158916	2000.0	2142.1113384107193	0.0	0	0.0	3267.546440000122	1	0	1	1.662669317493073
206630.19204643823	2000.0	2637.3543935616713	0.0	0	0.0	3267.546440000122	1	0	1	1.662669317493073
207464.7320908928	2000.0	2802.814349107088	0.0	0	0.0	3267.546440000122	1	0	1	1.662669317493073
208330.37501183178	2000.0	2937.171428168074	0.0	0	0.0	3267.546440000122	1	0	1	1.662669317493073
209397.75998780743	2000.0	2869.7864521924284	0.0	0	0.0	3267.546440000151	1	0	1	1.6626693174930676
210200.0	2000.0	3067.5464399998364	0.0	0	38.672017096803756	3267.546440000151	1	0	1	1.6626693174930662
211200.0	2000.0	3067.546439999813	0.0	0	255.48562980696443	3267.546440000151	1	0	1	1.6626693174930662
212200.0	2000.0	3067.5464399998436	0.0	0	141.44324645155575	3267.546440000151	1	0	1	1.6626693174930662
213200.0	2000.0	3067.5464399998446	0.0	0	257.72453747841064	3267.546440000151	1	0	1	1.6626693174930662
214351.03246234238	2000.0	2916.513977657482	0.0	0	0.0	3267.5464400002093	1	0	1	1.662669317493057
215949.35934380078	2000.0	2318.187096199131	0.0	0	0.0	3267.5464400002093	1	0	1	1.662669317493053
217796.43748484715	2000.0	1471.1089551527657	0.0	0	0.0	3267.5464400002093	1	0	1	1.662669317493053
219837.7664913106	2000.0	429.77994868931	0.0	0	0.0	3267.54644000018	1	0	1	1.6626693174930582
220507.43386956977	1000.0	760.1125704301604	0.0	0	0.0	3267.546440000151	1	0	1	0.27637495637317594
220961.92559940572	1000.0	1305.6208405942125	0.0	0	0.0	3267.546440000151	1	0	1	0.9695221369331211
221487.99292776355	1000.0	1779.5535122363879	0.0	0	0.0	3267.546440000151	1	0	1	0.9695221369331211
221961.35543534014	1000.0	2306.191004659792	0.0	0	0.0	3267.546440000151	1	0	1	0.9695221369331211
222462.9312179382	1000.0	2804.615222061764	0.0	0	0.0	3267.546440000151	1	0	1	0.9695221369331211
223200.0	1000.0	3067.5464399999755	0.0	0	243.69313318055356	3267.546440000151	1	0	1	0.9695221369331211
224200.0	1000.0	3067.546439999995	0.0	0	666.1502282775764	3267.546440000151	1	0	1	0.9695221369331211
225200.0	1000.0	3067.5464400000083	0.0	0	600.2392323066597	3267.546440000151	1	0	1	0.9695221369331211
226200.0	1000.0	3067.5464400000105	0.0	0	174.1912221366656	3267.546440000151	1	0	1	0.9695221369331211
227377.3950146614	1000.0	2890.1514253386213	0.0	0	0.0	3267.546440000151	1	0	1	0.9695221369331211
228488.75151802984	1000.0	2778.7949219701577	0.0	0	0.0	3267.546440000151	1	0	1	0.9695221369331211
229207.81345150678	1000.0	3059.7329884932296	0.0	0	0.0	3267.54644000018	1	0	1	0.9695221369331157
230200.0	1000.0	3067.5464399999714	0.0	0	500.38811545356293	3267.54644000018	1	0	1	0.9695221369331144
231200.0	1000.0	3067.5464399999864	0.0	0	571.8892981792451	3267.54644000018	1	0	1	0.9695221369331144
232200.0	1000.0	3067.5464400000133	0.0	0	532.129675689037	3267.54644000018	1	0	1	0.9695221369331144
233200.0	1000.0	3067.5464400000387	0.0	0	437.2552539893659	3267.54644000018	1	0	1	0.9695221369331144
234200.0	1000.0	3067.54644000004	0.0	0	370.7372850639804	3267.54644000018	1	0	1	0.9695221369331144
235200.0	1000.0	3067.546440000049	0.0	0	189.68441602835082	3267.54644000018	1	0	1	0.9695221369331144
236200.0	1000.0	3067.5464400000474	0.0	0	267.1136861325358	3267.54644000018	1	0	1	0.9695221369331144
237200.0	1000.0	3067.5464400000537	0.0	0	305.6924983774079	3267.54644000018	1	0	1	0.9695221369331144
238200.0	1000.0	3067.546440000054	0.0	0	335.13293735450134	3267.54644000018	1	0	1	0.9695221369331144
239200.0	1000.0	3067.546440000042	0.0	0	381.6725382178265	3267.54644000018	1	0	1	0.9695221369331144
240200.0	1000.0	3067.5464400000424	0.0	0	611.4426018912054	3267.546440000151	1	0	1	0.9695221369331211
241200.0	1000.0	3067.5464400000524	0.0	0	707.5897408429009	3267.546440000151	1	0	1	0.9695221369331211
242200.0	1000.0	3067.5464400000415	0.0	0	556.5431892841298	3267.546440000122	1	0	1	0.9695221369331277
243200.0	1000.0	3067.5464400000274	0.0	0	600.4102161473711	3267.546440000122	1	0	1	0.9695221369331277
244200.0	2000.0	3067.5464400000023	0.0	0	1.5555784098105505	3267.546440000122	1	0	1	0.9695221369331277
245200.0	2000.0	3067.546440000002	0.0	0	138.17733744482393	3267.546440000122	1	0	1	1.662669317493073
246200.0	2000.0	3067.5464399999682	0.0	0	385.62300085418974	3267.546440000122	1	0	1	1.662669317493073
247348.780864909	2000.0	2918.7655750909817	0.0	0	0.0	3267.546440000122	1	0	1	1.662669317493073
248531.26567544678	2000.0	2736.2807645531716	0.0	0	0.0	3267.546440000122	1	0	1	1.662669317493073
249355.515548301	2000.0	2912.030891698946	0.0	0	0.0	3267.546440000122	1	0	1	1.662669317493073
250200.0	2000.0	3067.5464399999264	0.0	0	62.96812856555334	3267.546440000122	1	0	1	1.662669317493073
251200.0	2000.0	3067.546439999917	0.0	0	41.53936570757651	3267.546440000093	1	0	1	1.6626693174930796
252200.0	2000.0	3067.5464399999346	0.0	0	74.21442286943784	3267.546440000122	1	0	1	1.662669317493073
253200.0	2000.0	3067.5464399999482	0.0	0	71.53788500046358	3267.546440000122	1	0	1	1.662669317493073
254200.0	2000.0	3067.5464399999437	0.0	0	53.093633628392126	3267.546440000122	1	0	1	1.662669317493073
255388.41189700496	2000.0	2879.1345429949733	0.0	0	0.0	3267.546440000122	1	0	1	1.662669317493073
256476.40359159175	2000.0	2791.142848408176	0.0	0	0.0	3267.546440000122	1	0	1	1.662669317493073
257292.95770472358	2000.0	2974.5887352763884	0.0	0	0.0	3267.546440000122	1	0	1	1.662669317493073
258200.0	2000.0	3067.546439999974	0.0	0	269.72241388837574	3267.546440000093	1	0	1	1.6626693174930796
259200.0	2000.0	3067.54643999996	0.0	0	355.18181668705074	3267.546440000093	1	0	1	1.6626693174930796
260200.0	2000.0	3067.546439999931	0.0	0	394.93711193068884	3267.5464400000637	1	0	1	1.6626693174930862
261200.0	2000.0	3067.5464399999614	0.0	0	397.7174555916572	3267.5464400000637	1	0	1	1.6626693174930862
262200.0	2000.0	3067.5464399999937	0.0	0	213.82259942410747	3267.546440000093	1	0	1	1.6626693174930849
263300.64611747034	2000.0	2966.9003225296133	0.0	0	0.0	3267.5464400000346	1	0	1	1.6626693174930836
264560.0439027842	2000.0	2707.502537215793	0.0	0	0.0	3267.5464400000055	1	0	1	1.6626693174930944
265476.7595000411	2000.0	2790.7869399588917	0.0	0	0.0	3267.5464400000055	1	0	1	1.6626693174930995
266221.22852437315	2000.0	3046.317915626835	0.0	0	0.0	3267.5464400000055	1	0	1	1.6626693174930995
267200.0	2000.0	3067.5464399999832	0.0	0	195.9523722071899	3267.5464400000055	1	0	1	1.6626693174930995
268200.0	2000.0	3067.546440000026	0.0	0	109.67715331341606	3267.5464400000637	1	0	1	1.6626693174930862
269200.0	2000.0	3067.5464399999805	0.0	0	458.2285684356466	3267.5464400000637	1	0	1	1.6626693174930862
270200.0	2000.0	3067.5464399999564	0.0	0	309.47423345554853	3267.5464400000637	1	0	1	1.6626693174930862
271200.0	2000.0	3067.5464399999614	0.0	0	100.47222668881295	3267.546440000122	1	0	1	1.662669317493081
272276.96851679333	2000.0	2990.5779232065925	0.0	0	0.0	3267.5464400002384	1	0	1	1.6626693174930542
273200.0	2000.0	3067.5464399999337	0.0	0	43.34163493302185	3267.54644000018	1	0	1	1.6626693174930542
274425.172130035	2000.0	2842.3743099648877	0.0	0	0.0	3267.54644000018	1	0	1	1.6626693174930596
275200.0	2000.0	3067.546439999883	0.0	0	66.56819002825068	3267.54644000018	1	0	1	1.6626693174930596
276200.0	2000.0	3067.5464399998673	0.0	0	106.18074618926039	3267.5464400002384	1	0	1	1.6626693174930463
277200.0	2000.0	3067.5464399998446	0.0	0	522.4233366709086	3267.5464400002384	1	0	1	1.6626693174930463
278200.0	2000.0	3067.5464399998764	0.0	0	259.08161638560705	3267.5464400002384	1	0	1	1.6626693174930463
279200.0	2000.0	3067.54643999985	0.0	0	39.061944899265654	3267.5464400002384	1	0	1	1.6626693174930463
280200.0	2000.0	3067.546439999847	0.0	0	350.3967548153014	3267.5464400002384	1	0	1	1.6626693174930463
281200.0	2000.0	3067.5464399998546	0.0	0	56.57638441445306	3267.5464400002966	1	0	1	1.662669317493041
282200.0	2000.0	3067.5464399998314	0.0	0	253.2211703726789	3267.5464400002966	1	0	1	1.662669317493033
283200.0	2000.0	3067.5464399998255	0.0	0	319.42932993068825	3267.5464400002966	1	0	1	1.662669317493033
284200.0	2000.0	3067.5464399998714	0.0	0	373.8663021894754	3267.5464400002966	1	0	1	1.662669317493033
285200.0	2000.0	3067.5464399998755	0.0	0	347.3244310840382	3267.5464400002966	1	0	1	1.662669317493033
287334.06997571245	2000.0	1933.476464287432	0.0	0	0.0	3267.5464400002384	1	0	1	1.6626693174930383
288591.38801712875	2000.0	1676.158422871137	0.0	0	0.0	3267.5464400002384	1	0	1	1.6626693174930463
290044.5124280103	2000.0	1223.0340119896255	0.0	0	0.0	3267.5464400002966	1	0	1	1.662669317493033
290617.4583240006	1000.0	1650.0881159993166	0.0	0	0.0	3267.5464400002384	1	0	1	0.27637495637315596
290957.28676414397	1000.0	2310.2596758559407	0.0	0	0.0	3267.5464400002384	1	0	1	0.9695221369331011
291460.6642585417	1000.0	2806.882181458192	0.0	0	0.0	3267.5464400002384	1	0	1	0.9695221369331011
292200.0	1000.0	3067.546439999906	0.0	0	241.74076620937558	3267.5464400002384	1	0	1	0.9695221369331011
293200.0	1000.0	3067.5464399999196	0.0	0	582.7588586004567	3267.5464400002384	1	0	1	0.9695221369331011
294200.0	1000.0	3067.5464399999278	0.0	0	127.27076177689014	3267.5464400002384	1	0	1	0.9695221369331011
295200.0	1000.0	3067.546439999858	0.0	0	225.17490763025125	3267.54644000018	1	0	1	0.9695221369331144
296314.57160952303	1000.0	2952.974830476791	0.0	0	0.0	3267.54644000018	1	0	1	0.9695221369331144
297221.7909271364	1000.0	3045.755512863399	0.0	0	0.0	3267.54644000018	1	0	1	0.9695221369331064
298200.0	1000.0	3067.546439999766	0.0	0	293.67752985755214	3267.5464400002384	1	0	1	0.9695221369331011
299200.0	1000.0	3067.5464399997077	0.0	0	253.0790400239057	3267.5464400002384	1	0	1	0.9695221369331011
300200.0	1000.0	3067.546439999731	0.0	0	186.12358654185664	3267.5464400002384	1	0	1	0.9695221369331011
2.77	2.2	3.05	1.8	1.87	2.27	3.03	1.78	1.4	1.9	1.62	1.1	1.67	2.2	2.8	2.91	3.15	3.42	3.93	4.55	2.57	1.48	1.77	2.51	3.04	3.58	3.93	2.73	2.88	3.56	3.71	3.61	3.96	4.66	4.55	2.5	2.25	1.23	1.55	2.14	2.53	1.65	2.05	2.55	2.13	2.18	2.14	1.88	1.91	1.68	2.15	2.48	3.17	3.82	3.31	1.68	2.14	2.28	2.17	2.81	2.9	2.66	1.41	1.87	1.74	1.09	1.15	1.55	1.86	2.6	2.59	2.94	2.13	1.39	1.19	0.94	1.12	2.02	2.43	2.31	1.78	1.77	1.64	1.84	1.84	1.78	1.88	2.37	3.16	3.15	2.4	1.87	2.47	2.99	2.14	2.07	2.29	2.51	2.05	2.12	2.53	2.43	2.17	2.2	2.57	2.72	3.2	3.72	3.56	3.28	1.67	1.91	2.29	2.46	3.06	3.06	3.38	3.24	1.83	2.2	1.61	2.28	2.24	2.92	3.45	3.74	2.22	2.68	2.49	2.09	2.48	2.91	2.64	1.8	0.9	1.11	1.29	1.82	2.44	2.93	2.22	1.38	1.45	1.0	1.45	1.31	1.63	1.6	1.81	2.79	2.77	2.2	3.05	1.8	1.87	2.27	3.03	1.78	1.4	1.9	1.62	1.1	1.67	2.2	2.8	2.91	3.15	3.42	3.93	4.55	2.57	1.48	1.77	2.51	3.04	3.58	3.93	2.73	2.88	3.56	3.71	3.61	3.96	4.66	4.55	2.5	2.25	1.23	1.55	2.14	2.53	1.65	2.05	2.55	2.13	2.18	2.14	1.88	1.91	1.68	2.15	2.48	3.17	3.82	3.31	1.68	2.14	2.28	2.17	2.81	2.9	2.66	1.41	1.87	1.74	1.09	1.15	1.55	1.86	2.6	2.59	2.94	2.13	1.39	1.19	0.94	1.12	2.02	2.43	2.31	1.78	1.77	1.64	1.84	1.84	1.78	1.88	2.37	3.16	3.15	2.4	1.87	2.47	2.99	2.14	2.07	2.29	2.51	2.05	2.12	2.53	2.43	2.17	2.2	2.57	2.72	3.2	3.72	3.56	3.28	1.67	1.91	2.29	2.46	3.06	3.06	3.38	3.24	1.83	2.2	1.61	2.28	2.24	2.92	3.45	3.74	2.22	2.68	2.49	2.09	2.48	2.91	2.64	1.8	0.9	1.11	1.29	1.82	2.44	2.93	2.22	1.38	1.45	1.0	1.45	1.31	1.63	1.6	1.81	2.79	2.77	2.2	3.05
1.0	2.0	3.0	4.0	5.0	6.0	7.0	8.0	9.0	10.0	11.0	12.0	13.0	14.0	15.0	16.0	17.0	18.0	19.0	20.0	21.0	22.0	23.0	24.0	25.0	26.0	27.0	28.0	29.0	30.0	31.0	32.0	33.0	34.0	35.0	36.0	37.0	38.0	39.0	40.0	41.0	42.0	43.0	44.0	45.0	46.0	47.0	48.0	49.0	50.0	51.0	52.0	53.0	54.0	55.0	56.0	57.0	58.0	59.0	60.0	61.0	62.0	63.0	64.0	65.0	66.0	67.0	68.0	69.0	70.0	71.0	72.0	73.0	74.0	75.0	76.0	77.0	78.0	79.0	80.0	81.0	82.0	83.0	84.0	85.0	86.0	87.0	88.0	89.0	90.0	91.0	92.0	93.0	94.0	95.0	96.0	97.0	98.0	99.0	100.0	101.0	102.0	103.0	104.0	105.0	106.0	107.0	108.0	109.0	110.0	111.0	112.0	113.0	114.0	115.0	116.0	117.0	118.0	119.0	120.0	121.0	122.0	123.0	124.0	125.0	126.0	127.0	128.0	129.0	130.0	131.0	132.0	133.0	134.0	135.0	136.0	137.0	138.0	139.0	140.0	141.0	142.0	143.0	144.0	145.0	146.0	147.0	148.0	149.0	149.0	150.0	151.0	152.0	153.0	154.0	155.0	156.0	157.0	158.0	159.0	160.0	161.0	162.0	163.0	164.0	165.0	166.0	167.0	168.0	169.0	170.0	171.0	172.0	173.0	174.0	175.0	176.0	177.0	178.0	179.0	180.0	181.0	182.0	183.0	184.0	185.0	186.0	187.0	188.0	189.0	190.0	191.0	192.0	193.0	194.0	195.0	196.0	197.0	198.0	199.0	200.0	201.0	202.0	203.0	204.0	205.0	206.0	207.0	208.0	209.0	210.0	211.0	212.0	213.0	214.0	215.0	216.0	217.0	218.0	219.0	220.0	221.0	222.0	223.0	224.0	225.0	226.0	227.0	228.0	229.0	230.0	231.0	232.0	233.0	234.0	235.0	236.0	237.0	238.0	239.0	240.0	241.0	242.0	243.0	244.0	245.0	246.0	247.0	248.0	249.0	250.0	251.0	252.0	253.0	254.0	255.0	256.0	257.0	258.0	259.0	260.0	261.0	262.0	263.0	264.0	265.0	266.0	267.0	268.0	269.0	270.0	271.0	272.0	273.0	274.0	275.0	276.0	277.0	278.0	279.0	280.0	281.0	282.0	283.0	284.0	285.0	286.0	287.0	288.0	289.0	290.0	291.0	292.0	293.0	294.0	295.0	296.0	297.0	298.0	298.0	299.0	300.0	301.0
2967.4588828672945
