4814.335949362965	300.0	2000.0	254.05278993001235	0	0.0	4814.335949362965	1	0	1	-2.4122233702781344
5086.702971420077	300.0	2700.3962757371764	0.0	0	0.0	4787.099247157254	1	0	2	-1.3109967676382885
5514.987750907916	500.0	3229.283018300553	0.0	0	0.0	4744.27076920847	1	0	2	-1.0850730778142494
6303.010170816075	500.0	3362.4583564015775	0.0	0	0.0	4665.468527217653	1	0	2	-0.5269505247128632
7001.968956052553	500.0	3593.6036926414513	0.0	0	0.0	4595.572648694006	1	0	2	-0.47884956145730584
7579.94672002565	500.0	3957.828152271044	0.0	0	0.0	4537.774872296695	1	0	2	-0.4409881932391677
9042.666870670912	1000.0	3348.8359865612574	0.0	0	0.0	4391.502857232171	1	0	2	-0.3701218663087674
9911.36458630373	1000.0	3393.2684993651565	0.0	0	0.0	4304.633085668889	1	0	2	0.381970920115932
11696.315729471096	1000.0	2429.8222418810537	0.0	0	0.0	4126.137971352153	1	0	2	0.46042935403409724
12784.036453147739	1000.0	2342.10151820441	0.0	0	0.0	4126.137971352153	1	0	1	0.48148135396922254
13780.08633166932	1000.0	2246.4466518306713	0.0	0	0.0	4026.532983499994	1	0	2	0.3144023875106738
14589.587420899807	1000.0	2355.995453677135	0.0	0	0.0	3945.582874576943	1	0	2	0.5495129480164425
16013.525718864094	1000.0	1789.6633259164178	0.0	0	0.0	3803.189044780511	1	0	2	0.5974706075159244
16779.18030970776	1000.0	1947.4432759883887	0.0	0	0.0	3726.6235856961484	1	0	2	0.6347115473935476
17829.23653055859	1000.0	1792.3814330524758	0.0	0	0.0	3621.6179636110646	1	0	2	0.666838985075956
18581.13969652015	1000.0	1965.2879504947605	0.0	0	0.0	3546.427647014909	1	0	2	0.6907213469009525
19317.398299714867	1000.0	2229.0293473000393	0.0	0	0.0	3546.4276470149052	1	0	1	0.6971524885872913
20007.818325880206	1000.0	2538.6093211347	0.0	0	0.0	3546.4276470149052	1	0	1	0.8971524885872915
20811.969295245122	1000.0	2734.4583517697797	0.0	0	0.0	3546.427647014909	1	0	1	0.8971524885872908
21684.492418931877	1000.0	2861.935228083022	0.0	0	0.0	3546.4276470149052	1	0	1	0.8971524885872918
22299.31207412812	1000.0	3185.6336073671564	0.0	0	0.0	3484.9456814952828	1	0	2	0.5099820173323841
23842.827827375437	1000.0	2642.1178541198424	0.0	0	0.0	3484.9456814952864	1	0	1	0.7146251691890084
24620.56485939898	1000.0	2864.3808220963006	0.0	0	0.0	3484.9456814952864	1	0	1	0.9146251691890086
25311.315149316746	1000.0	3104.5555031867552	0.0	0	0.0	3415.8706525035122	1	0	2	0.5284464447365688
26200.0	1000.0	3127.0021674351788	0.0	0	175.27190235900343	3327.0021674351847	1	0	2	0.747770542209373
27638.951250891536	1000.0	2688.050916543642	0.0	0	0.0	3327.0021674351847	1	0	1	0.7555208168748897
28789.692825969465	1000.0	2537.3093414657146	0.0	0	0.0	3327.0021674351847	1	0	1	0.9555208168748899
31614.749870619253	1000.0	712.2522968159246	0.0	0	0.0	3327.0021674351847	1	0	1	0.9555208168748899
32286.416546623128	500.0	1040.5856208120495	0.0	0	0.0	3327.0021674351883	1	0	1	-0.4307735442450018
33029.71840422679	500.0	1297.283763208389	0.0	0	0.0	3327.002167435192	1	0	1	0.262373636314943
33740.71281953862	500.0	1586.2893478965657	0.0	0	0.0	3327.0021674351956	1	0	1	0.2623736363149428
34384.32454858984	500.0	1878.3164459402235	0.0	0	0.0	3262.640994530073	1	0	2	-0.12580925218272074
34835.032244148686	500.0	2427.6087503813787	0.0	0	0.0	3262.6409945300766	1	0	1	0.07749792156754769
35385.873467337806	500.0	2876.7675271922662	0.0	0	0.0	3262.640994530084	1	0	1	0.27749792156754655
36200.0	500.0	2981.228341263858	0.0	0	363.56155832033255	3181.228341263879	1	0	2	-0.1120295223481549
37200.0	500.0	2881.2283412638553	0.0	0	584.7036236710628	3081.228341263879	1	0	2	0.1077921301717916
38200.0	500.0	2881.228341263853	0.0	0	528.51699285223	3081.228341263879	1	0	1	0.11578261294557801
39200.0	500.0	2881.2283412638494	0.0	0	600.0198297750467	3081.2283412638863	1	0	1	0.31578261294557664
40200.0	500.0	2781.2283412638376	0.0	0	516.1285161545457	2981.2283412638717	1	0	2	-0.07271140785331592
41200.0	500.0	2781.2283412638317	0.0	0	525.4519994323418	2981.2283412638717	1	0	1	0.13437611351907505
42200.0	500.0	2681.2283412638308	0.0	0	507.6995311289793	2881.2283412638644	1	0	2	-0.05510573303409452
43200.0	500.0	2681.228341263828	0.0	0	588.1409997013907	2881.2283412638717	1	0	1	0.15135791920179262
44301.74987468578	1000.0	2579.4784665780403	0.0	0	0.0	2881.2283412638644	1	0	1	0.35135791920179404
45200.0	1000.0	2681.228341263826	0.0	0	6.406259847623005	2881.2283412638644	1	0	1	1.0445050997617393
46200.0	1000.0	2681.2283412638194	0.0	0	47.423199158292846	2881.228341263857	1	0	1	1.0445050997617407
47200.0	1000.0	2681.228341263815	0.0	0	191.83734106721386	2881.228341263857	1	0	1	1.0445050997617407
48200.0	1000.0	2681.2283412638194	0.0	0	264.55310082664073	2881.228341263857	1	0	1	1.0445050997617407
49552.52538055862	1000.0	2328.702960705206	0.0	0	0.0	2881.2283412638644	1	0	1	1.0445050997617393
50342.785149374824	1000.0	2538.443191888988	0.0	0	0.0	2881.2283412638644	1	0	1	1.0445050997617393
51219.64497618922	1000.0	2573.897382393146	0.0	0	0.0	2793.5423585824246	1	0	2	0.6548543724628445
52200.0	1000.0	2593.542358582371	0.0	0	39.80190646984556	2793.5423585824246	1	0	1	0.8581695681439999
53200.0	1000.0	2593.5423585823746	0.0	0	164.10625845983304	2793.5423585824246	1	0	1	1.0581695681440002
54200.0	1000.0	2593.542358582371	0.0	0	130.03475236297527	2793.5423585824246	1	0	1	1.0581695681440002
55566.112671257455	1000.0	2227.4296873249054	0.0	0	0.0	2793.5423585824174	1	0	1	1.058169568144001
56627.730811897	1000.0	2165.811546685356	0.0	0	0.0	2793.54235858241	1	0	1	1.0581695681440024
58522.710308343994	1000.0	1270.8320502383672	0.0	0	0.0	2793.542358582403	1	0	1	1.0581695681440033
59835.24430806343	1000.0	958.29805051893	0.0	0	0.0	2793.54235858241	1	0	1	1.0581695681440024
60633.61584250284	500.0	1159.9265160795228	0.0	0	0.0	2793.54235858241	1	0	1	-0.3281247929758885
61303.36864767404	500.0	1490.1737109083235	0.0	0	0.0	2793.54235858241	1	0	1	0.3650223875840569
61854.77409538489	500.0	1938.76826319748	0.0	0	0.0	2793.54235858241	1	0	1	0.3650223875840569
62334.64831952917	500.0	2458.8940390532	0.0	0	0.0	2793.54235858241	1	0	1	0.3650223875840569
63200.0	500.0	2593.5423585823714	0.0	0	352.61718489948544	2793.54235858241	1	0	1	0.3650223875840569
64373.82175467105	500.0	2419.7206039113153	0.0	0	0.0	2793.54235858241	1	0	1	0.3650223875840569
65200.0	500.0	2593.5423585823655	0.0	0	302.2485882999972	2793.54235858241	1	0	1	0.3650223875840569
66200.0	500.0	2493.5423585823596	0.0	0	457.1544320030007	2693.542358582403	1	0	2	-0.026155367716248823
67200.0	500.0	2493.5423585823646	0.0	0	41.62073375641194	2693.542358582403	1	0	1	0.17931484683151253
68200.0	500.0	2493.542358582375	0.0	0	341.6768041790201	2693.54235858241	1	0	1	0.37931484683151173
69200.0	500.0	2493.5423585823896	0.0	0	336.738493699464	2693.542358582403	1	0	1	0.3793148468315123
70200.0	500.0	2493.5423585823987	0.0	0	336.18982698296895	2693.542358582403	1	0	1	0.3793148468315123
71200.0	500.0	2493.5423585824083	0.0	0	319.55593182559824	2693.5423585824174	1	0	1	0.3793148468315104
72200.0	500.0	2493.5423585824133	0.0	0	117.05087055495824	2693.5423585824174	1	0	1	0.3793148468315104
73200.0	500.0	2493.5423585824024	0.0	0	383.6661925337685	2693.5423585824174	1	0	1	0.3793148468315104
74200.0	500.0	2493.5423585824137	0.0	0	343.93850453909545	2693.5423585824174	1	0	1	0.3793148468315104
75200.0	500.0	2493.5423585824306	0.0	0	505.06055592351186	2693.5423585824174	1	0	1	0.3793148468315104
76200.0	500.0	2493.542358582418	0.0	0	266.86187418973714	2693.5423585824174	1	0	1	0.3793148468315104
77200.0	500.0	2393.5423585824265	0.0	0	178.9163374012569	2593.542358582403	1	0	2	-0.011878292178878563
78200.0	500.0	2393.542358582419	0.0	0	330.4160684864037	2593.5423585823883	1	0	1	0.19233909290160958
79593.03093726216	500.0	2000.5114213202862	0.0	0	0.0	2593.542358582403	1	0	1	0.392339092901608
80782.03032332342	500.0	1811.512035259025	0.0	0	0.0	2593.542358582403	1	0	1	0.392339092901608
81617.88753756345	500.0	1975.654821018983	0.0	0	0.0	2593.542358582403	1	0	1	0.392339092901608
82532.36671018488	500.0	2061.1756483975423	0.0	0	0.0	2593.542358582403	1	0	1	0.392339092901608
83284.98419240302	500.0	2308.558166179423	0.0	0	0.0	2593.5423585824174	1	0	1	0.39233909290160623
84200.0	500.0	2393.5423585824465	0.0	0	454.62764954294835	2593.5423585824174	1	0	1	0.39233909290160623
85200.0	500.0	2393.542358582447	0.0	0	637.6846204789472	2593.542358582403	1	0	1	0.392339092901608
86200.0	500.0	2393.542358582454	0.0	0	429.80362996895565	2593.542358582403	1	0	1	0.392339092901608
87200.0	500.0	2393.5423585824556	0.0	0	615.4597553775093	2593.542358582403	1	0	1	0.392339092901608
88200.0	500.0	2393.5423585824547	0.0	0	420.1978024546697	2593.542358582403	1	0	1	0.392339092901608
89200.0	500.0	2393.5423585824487	0.0	0	515.3398575025494	2593.5423585823883	1	0	1	0.39233909290160973
90200.0	500.0	2393.5423585824433	0.0	0	622.945613850141	2593.5423585823883	1	0	1	0.39233909290160973
91200.0	500.0	2393.5423585824374	0.0	0	485.1401053456648	2593.5423585823883	1	0	1	0.39233909290160973
92200.0	500.0	2393.54235858242	0.0	0	644.5784522296017	2593.5423585823883	1	0	1	0.39233909290160973
93200.0	500.0	2393.5423585824274	0.0	0	341.83803232708306	2593.5423585823737	1	0	1	0.3923390929016116
94200.0	500.0	2393.5423585824237	0.0	0	597.9560413987929	2593.542358582359	1	0	1	0.39233909290161345
95200.0	500.0	2393.5423585824224	0.0	0	649.8808453780366	2593.542358582359	1	0	1	0.39233909290161345
96200.0	500.0	2393.5423585824133	0.0	0	364.26302502240287	2593.5423585823446	1	0	1	0.3923390929016152
97294.34266250941	500.0	2299.1996960729884	0.0	0	0.0	2593.5423585823446	1	0	1	0.3923390929016152
98200.0	500.0	2393.542358582414	0.0	0	61.82607933109102	2593.5423585823446	1	0	1	0.3923390929016152
99200.0	500.0	2393.5423585824237	0.0	0	521.4845686302579	2593.5423585823446	1	0	1	0.3923390929016152
100200.0	500.0	2393.542358582427	0.0	0	645.9384189144766	2593.5423585823446	1	0	1	0.3923390929016152
101200.0	500.0	2393.5423585824406	0.0	0	258.9969896825787	2593.5423585823446	1	0	1	0.3923390929016152
102200.0	500.0	2393.5423585824237	0.0	0	357.7436037531588	2593.54235858233	1	0	1	0.3923390929016171
103200.0	500.0	2393.542358582432	0.0	0	373.8895930547442	2593.54235858233	1	0	1	0.3923390929016171
104200.0	500.0	2393.5423585824346	0.0	0	208.5233244810952	2593.54235858233	1	0	1	0.3923390929016171
105200.0	500.0	2393.542358582437	0.0	0	562.43061842506	2593.54235858233	1	0	1	0.3923390929016171
106200.0	500.0	2393.5423585824396	0.0	0	482.0422292951116	2593.54235858233	1	0	1	0.3923390929016171
107200.0	500.0	2393.5423585824337	0.0	0	465.9894042215601	2593.5423585823446	1	0	1	0.3923390929016152
108200.0	500.0	2393.54235858243	0.0	0	279.0568696415139	2593.54235858233	1	0	1	0.3923390929016171
109200.0	500.0	2393.5423585824196	0.0	0	417.77627179797855	2593.5423585823155	1	0	1	0.39233909290161884
110200.0	500.0	2393.5423585824196	0.0	0	292.54253685339063	2593.5423585823155	1	0	1	0.39233909290161884
111200.0	500.0	2393.5423585824187	0.0	0	349.21060402455623	2593.5423585823155	1	0	1	0.39233909290161884
112200.0	500.0	2393.5423585824165	0.0	0	434.34391106692783	2593.5423585823155	1	0	1	0.39233909290161884
113200.0	500.0	2393.5423585824165	0.0	0	425.09200262154627	2593.5423585823155	1	0	1	0.39233909290161884
114200.0	500.0	2393.542358582404	0.0	0	414.89232373777486	2593.5423585823155	1	0	1	0.39233909290161884
115200.0	500.0	2393.542358582411	0.0	0	216.84993267062237	2593.5423585823155	1	0	1	0.39233909290161884
116200.0	500.0	2393.542358582405	0.0	0	273.2946448035509	2593.5423585823155	1	0	1	0.39233909290161884
117200.0	500.0	2393.542358582394	0.0	0	431.88293543842155	2593.542358582301	1	0	1	0.39233909290162067
118200.0	500.0	2393.5423585823955	0.0	0	422.87276268639835	2593.5423585822864	1	0	1	0.3923390929016225
119200.0	500.0	2393.542358582373	0.0	0	572.2752052634169	2593.5423585822864	1	0	1	0.3923390929016225
120200.0	500.0	2393.542358582364	0.0	0	569.6149919407471	2593.5423585822864	1	0	1	0.3923390929016225
121200.0	500.0	2393.542358582381	0.0	0	288.13024898774165	2593.5423585822864	1	0	1	0.3923390929016225
122200.0	500.0	2393.5423585823773	0.0	0	167.39176982313802	2593.5423585822864	1	0	1	0.3923390929016225
123200.0	500.0	2293.542358582381	0.0	0	277.4209717667545	2493.5423585822864	1	0	2	-3.513954259297403e-05
124200.0	500.0	2293.542358582386	0.0	0	25.843985933679505	2493.5423585822864	1	0	1	0.2041999213918387
125200.0	500.0	2293.542358582397	0.0	0	107.30097179127915	2493.542358582301	1	0	1	0.40419992139183725
126200.0	500.0	2293.5423585824074	0.0	0	167.7637361924717	2493.542358582301	1	0	1	0.40419992139183725
127200.0	500.0	2293.5423585823987	0.0	0	450.1243226274819	2493.542358582301	1	0	1	0.40419992139183725
128200.0	500.0	2293.542358582416	0.0	0	384.66424126217316	2493.5423585823155	1	0	1	0.4041999213918356
129200.0	500.0	2293.54235858243	0.0	0	493.5835850315634	2493.5423585823155	1	0	1	0.4041999213918356
130200.0	500.0	2293.5423585824324	0.0	0	477.58260661610984	2493.542358582301	1	0	1	0.40419992139183725
131200.0	500.0	2293.542358582426	0.0	0	626.159787583063	2493.542358582301	1	0	1	0.40419992139183725
132200.0	500.0	2293.542358582415	0.0	0	551.4539301352925	2493.5423585822864	1	0	1	0.4041999213918379
133210.55446182494	500.0	2282.9878967574823	0.0	0	0.0	2493.5423585822864	1	0	1	0.4041999213918376
134200.0	500.0	2293.5423585824396	0.0	0	269.9966778239759	2493.5423585822864	1	0	1	0.4041999213918389
135200.0	500.0	2293.542358582455	0.0	0	353.2632849039219	2493.5423585822864	1	0	1	0.4041999213918389
136200.0	500.0	2293.5423585824637	0.0	0	186.56713196489727	2493.5423585822864	1	0	1	0.4041999213918389
137200.0	500.0	2293.5423585824856	0.0	0	493.6154257770686	2493.5423585822573	1	0	1	0.40419992139184213
138200.0	500.0	2293.5423585824897	0.0	0	461.2726435409859	2493.5423585822573	1	0	1	0.40419992139184213
139200.0	500.0	2293.5423585825106	0.0	0	549.4413036046608	2493.542358582228	1	0	1	0.4041999213918454
140200.0	500.0	2293.542358582474	0.0	0	447.1519567866635	2493.542358582199	1	0	1	0.40419992139184874
141200.0	500.0	2293.5423585824633	0.0	0	625.5805376084754	2493.54235858217	1	0	1	0.40419992139185207
142200.0	500.0	2293.5423585824356	0.0	0	557.4371722592041	2493.542358582141	1	0	1	0.40419992139185523
143200.0	500.0	2293.5423585824565	0.0	0	319.802627369354	2493.542358582112	1	0	1	0.40419992139185856
144200.0	500.0	2293.5423585824246	0.0	0	311.04940369553515	2493.542358582112	1	0	1	0.40419992139185856
145200.0	500.0	2293.5423585824656	0.0	0	83.01642114171409	2493.542358582112	1	0	1	0.40419992139185856
146200.0	500.0	2293.542358582497	0.0	0	55.167034082172904	2493.542358582141	1	0	1	0.40419992139185523
147200.0	500.0	2293.5423585825056	0.0	0	535.7056374263193	2493.542358582112	1	0	1	0.40419992139185856
148200.0	500.0	2293.5423585824765	0.0	0	504.01461651324644	2493.542358582112	1	0	1	0.40419992139185856
149200.0	500.0	2293.5423585825206	0.0	0	579.4799044918909	2493.542358582112	1	0	1	0.40419992139185856
150200.0	500.0	2293.5423585825447	0.0	0	625.1344641076284	2493.542358582112	1	0	1	0.40419992139185856
151200.0	500.0	2293.542358582574	0.0	0	559.8876825751213	2493.542358582112	1	0	1	0.40419992139185856
152200.0	500.0	2293.5423585826	0.0	0	599.9826683249848	2493.542358582112	1	0	1	0.40419992139185856
153200.0	500.0	2293.542358582606	0.0	0	636.752053551987	2493.542358582112	1	0	1	0.40419992139185856
154200.0	500.0	2293.542358582589	0.0	0	493.98932533318293	2493.5423585820827	1	0	1	0.40419992139186184
155200.0	500.0	2293.542358582581	0.0	0	336.75458245552727	2493.542358582112	1	0	1	0.40419992139185856
156363.29751048563	1000.0	2130.2448480969424	0.0	0	0.0	2493.5423585820827	1	0	1	0.404199921391862
157311.46122333506	1000.0	2182.081135247502	0.0	0	0.0	2493.5423585820536	1	0	1	1.097347101951808
158413.0551902894	1000.0	2080.4871682931353	0.0	0	0.0	2493.5423585819954	1	0	1	1.097347101951815
159935.31557907243	1000.0	1558.226779510096	0.0	0	0.0	2493.5423585819954	1	0	1	1.0973471019518173
161273.93529066723	1000.0	1219.6070679153179	0.0	0	0.0	2493.5423585819954	1	0	1	1.0973471019518173
162251.67958048958	1000.0	1241.8627780929824	0.0	0	0.0	2493.5423585820245	1	0	1	1.0973471019518137
162653.7903425165	500.0	1839.752016066082	0.0	0	0.0	2493.5423585820245	1	0	1	-0.28894725916807695
163200.0	500.0	2293.5423585826175	0.0	0	163.55830023958697	2493.5423585820245	1	0	1	0.40419992139186844
164200.0	500.0	2293.5423585826343	0.0	0	389.65911483747186	2493.5423585820245	1	0	1	0.40419992139186844
165200.0	500.0	2293.5423585826456	0.0	0	295.793929510226	2493.5423585820536	1	0	1	0.40419992139186517
166200.0	500.0	2293.542358582613	0.0	0	586.6430357740028	2493.5423585820245	1	0	1	0.40419992139186844
167200.0	500.0	2293.5423585826134	0.0	0	435.9034252835845	2493.5423585820245	1	0	1	0.40419992139186844
168200.0	500.0	2293.5423585825847	0.0	0	522.159808450233	2493.5423585819954	1	0	1	0.4041999213918718
169200.0	500.0	2293.5423585825947	0.0	0	476.16331422139774	2493.5423585819954	1	0	1	0.4041999213918718
170200.0	500.0	2293.5423585826175	0.0	0	716.409791124257	2493.5423585819954	1	0	1	0.4041999213918718
171200.0	1000.0	2293.5423585826074	0.0	0	178.46650917021907	2493.5423585819954	1	0	1	0.4041999213918718
172665.87019550364	1000.0	1827.672163078947	0.0	0	0.0	2493.5423585819954	1	0	1	1.0973471019518173
173395.01807759088	1000.0	2098.524280991719	0.0	0	0.0	2493.5423585819954	1	0	1	1.0973471019518173
174334.95963604437	1000.0	2158.5827225382313	0.0	0	0.0	2493.5423585819954	1	0	1	1.0973471019518173
175490.27500884904	1000.0	2003.2673497335547	0.0	0	0.0	2493.5423585819663	1	0	1	1.0973471019518204
176833.73332119954	1000.0	1659.8090373830355	0.0	0	0.0	2493.5423585819663	1	0	1	1.0973471019518204
177943.73108272682	1000.0	1549.8112758557572	0.0	0	0.0	2493.5423585819663	1	0	1	1.0973471019518204
178845.5671460065	500.0	1647.9752125760647	0.0	0	0.0	2493.5423585819954	1	0	1	-0.2889472591680736
180435.57747776204	500.0	1057.9648808205338	0.0	0	0.0	2493.5423585819954	1	0	1	0.4041999213918718
181086.4192442043	500.0	1407.1231143782884	0.0	0	0.0	2493.5423585819954	1	0	1	0.4041999213918718
181658.1544946899	500.0	1835.3878638926622	0.0	0	0.0	2493.5423585819663	1	0	1	0.4041999213918751
182261.74931684963	500.0	2231.7930417329403	0.0	0	0.0	2493.5423585819663	1	0	1	0.4041999213918751
183200.0	500.0	2293.5423585825893	0.0	0	479.25938686722657	2493.5423585819663	1	0	1	0.4041999213918751
184200.0	500.0	2293.542358582583	0.0	0	596.639420193882	2493.5423585819954	1	0	1	0.4041999213918718
185200.0	500.0	2293.542358582575	0.0	0	429.1973115596338	2493.5423585820245	1	0	1	0.40419992139186844
186200.0	500.0	2293.542358582613	0.0	0	605.7581505100534	2493.5423585820827	1	0	1	0.4041999213918645
187200.0	500.0	2293.5423585826347	0.0	0	491.1270249536901	2493.5423585820827	1	0	1	0.40419992139186184
188200.0	500.0	2293.542358582662	0.0	0	733.9532307859045	2493.542358582112	1	0	1	0.40419992139185856
189200.0	500.0	2293.5423585826725	0.0	0	678.5366230409709	2493.5423585820827	1	0	1	0.40419992139186184
190200.0	500.0	2293.542358582692	0.0	0	652.3097398615791	2493.542358582112	1	0	1	0.40419992139185856
191200.0	1000.0	2293.5423585826966	0.0	0	304.0823972573562	2493.542358582112	1	0	1	0.40419992139185873
192200.0	1000.0	2293.5423585827302	0.0	0	226.6653763462964	2493.542358582112	1	0	1	1.0973471019518042
193200.0	1000.0	2293.542358582726	0.0	0	75.04246753384359	2493.542358582112	1	0	1	1.0973471019518042
194200.0	1000.0	2293.542358582748	0.0	0	205.0888685323298	2493.5423585820827	1	0	1	1.0973471019518073
195200.0	1000.0	2193.542358582741	0.0	0	353.4268256077776	2393.5423585820827	1	0	2	0.7041274475111583
196200.0	1000.0	2193.5423585827357	0.0	0	372.51330479150056	2393.5423585820827	1	0	1	0.9081420250197841
197200.0	1000.0	2193.5423585827266	0.0	0	109.16134640653036	2393.542358582112	1	0	1	1.1081420250197813
198200.0	1000.0	2193.542358582743	0.0	0	37.21767190677929	2393.542358582112	1	0	1	1.1081420250197813
199252.5225536892	1000.0	2141.0198048935417	0.0	0	0.0	2393.542358582112	1	0	1	1.1081420250197813
200260.27735572457	1000.0	2133.265002858201	0.0	0	0.0	2393.542358582141	1	0	1	1.1081420250197782
201200.0	1000.0	2193.5423585827534	0.0	0	90.19778188903001	2393.542358582141	1	0	1	1.1081420250197782
202200.0	1000.0	2193.542358582752	0.0	0	228.23287884503952	2393.54235858217	1	0	1	1.1081420250197753
203200.0	1000.0	2193.542358582756	0.0	0	326.9100197684602	2393.54235858217	1	0	1	1.1081420250197753
204363.1643038652	1000.0	2030.3780547175647	0.0	0	0.0	2393.54235858217	1	0	1	1.1081420250197753
206049.32676090192	1000.0	1344.2155976808356	0.0	0	0.0	2393.542358582141	1	0	1	1.1081420250197782
207596.51865525264	1000.0	797.0237033301066	0.0	0	0.0	2393.542358582112	1	0	1	1.1081420250197795
208417.48070692478	500.0	976.0616516579785	0.0	0	0.0	2393.54235858217	1	0	1	-0.2781523361001138
209375.61906473266	500.0	1017.923293850065	0.0	0	0.0	2393.54235858217	1	0	1	0.4149948444598298
209839.63871903365	500.0	1553.9036395490662	0.0	0	0.0	2393.54235858217	1	0	1	0.4149948444598298
210272.142757066	500.0	2121.399601516704	0.0	0	0.0	2393.54235858217	1	0	1	0.4149948444598298
211200.0	500.0	2193.5423585827175	0.0	0	218.78249690280063	2393.54235858217	1	0	1	0.4149948444598298
212200.0	500.0	2193.54235858277	0.0	0	367.2368311548489	2393.54235858217	1	0	1	0.4149948444598298
213344.32329840865	500.0	2049.2190601740817	0.0	0	0.0	2393.54235858217	1	0	1	0.4149948444598298
214200.0	500.0	2193.542358582713	0.0	0	335.6990154218802	2393.54235858217	1	0	1	0.4149948444598298
215200.0	500.0	2193.542358582721	0.0	0	271.6601050471072	2393.54235858217	1	0	1	0.4149948444598298
216200.0	500.0	2193.542358582708	0.0	0	305.39244348942884	2393.542358582141	1	0	1	0.4149948444598328
217200.0	500.0	2193.5423585826966	0.0	0	182.94999188100337	2393.542358582141	1	0	1	0.4149948444598328
218200.0	500.0	2193.5423585827207	0.0	0	246.8960052963812	2393.54235858217	1	0	1	0.4149948444598298
219200.0	500.0	2193.5423585827343	0.0	0	380.06435439689085	2393.542358582141	1	0	1	0.4149948444598328
220200.0	500.0	2193.54235858276	0.0	0	177.97378228223533	2393.542358582141	1	0	1	0.4149948444598328
221200.0	500.0	2193.5423585827866	0.0	0	99.67348831470008	2393.542358582141	1	0	1	0.4149948444598328
222200.0	500.0	2193.542358582783	0.0	0	574.3892406591913	2393.542358582112	1	0	1	0.41499484445983587
223200.0	500.0	2193.5423585827775	0.0	0	320.2020098401117	2393.5423585820827	1	0	1	0.4149948444598388
224200.0	500.0	2193.542358582751	0.0	0	336.8693274889956	2393.5423585820827	1	0	1	0.4149948444598388
225200.0	500.0	2193.5423585827507	0.0	0	374.0258024650975	2393.5423585820827	1	0	1	0.4149948444598388
226200.0	500.0	2193.5423585827434	0.0	0	349.65087015210884	2393.542358582112	1	0	1	0.41499484445983587
227200.0	500.0	2193.5423585827207	0.0	0	206.39242425191333	2393.542358582112	1	0	1	0.41499484445983587
228464.56725661573	500.0	1928.9751019670211	0.0	0	0.0	2393.542358582112	1	0	1	0.41499484445983587
229509.9378959002	500.0	1883.6044626825333	0.0	0	0.0	2393.5423585820536	1	0	1	0.4149948444598406
230311.57702035081	500.0	2081.9653382319016	0.0	0	0.0	2393.5423585820536	1	0	1	0.4149948444598418
231200.0	500.0	2193.542358582695	0.0	0	352.2639025916287	2393.5423585820536	1	0	1	0.4149948444598418
232200.0	500.0	2193.542358582722	0.0	0	12.655459053872619	2393.5423585820245	1	0	1	0.4149948444598448
233200.0	500.0	2193.5423585827216	0.0	0	547.3569307603757	2393.5423585820245	1	0	1	0.4149948444598448
234200.0	500.0	2193.5423585827457	0.0	0	600.3088569453685	2393.5423585819954	1	0	1	0.4149948444598478
235200.0	500.0	2193.5423585827343	0.0	0	470.6205238220864	2393.5423585819954	1	0	1	0.4149948444598478
236200.0	500.0	2193.542358582754	0.0	0	712.4105655514868	2393.5423585819954	1	0	1	0.4149948444598478
237200.0	500.0	2193.5423585827502	0.0	0	663.9814454972802	2393.5423585819954	1	0	1	0.4149948444598478
238200.0	500.0	2193.5423585827493	0.0	0	358.33108518627705	2393.5423585819954	1	0	1	0.4149948444598478
239200.0	500.0	2193.5423585827516	0.0	0	414.2939239757252	2393.5423585819954	1	0	1	0.4149948444598478
240200.0	500.0	2193.542358582763	0.0	0	578.1477288634633	2393.5423585820245	1	0	1	0.4149948444598448
241200.0	500.0	2193.542358582786	0.0	0	656.5978300510906	2393.5423585820245	1	0	1	0.4149948444598448
242410.80688513737	1000.0	1982.735473445411	0.0	0	0.0	2393.5423585820245	1	0	1	0.41499484445984486
243200.0	1000.0	2193.542358582774	0.0	0	24.934494195505977	2393.5423585820245	1	0	1	1.1081420250197902
244200.0	1000.0	2193.54235858276	0.0	0	29.134198436222505	2393.5423585820245	1	0	1	1.1081420250197902
246449.64135957847	1000.0	943.9009990043048	0.0	0	0.0	2393.5423585820245	1	0	1	1.1081420250197902
247856.37753777605	1000.0	537.1648208067093	0.0	0	0.0	2393.5423585820245	1	0	1	1.1081420250197902
248290.37998511177	500.0	1103.162373470972	0.0	0	0.0	2393.5423585820245	1	0	1	-0.27815233610010054
248738.65110789504	500.0	1654.8912506877198	0.0	0	0.0	2393.5423585820245	1	0	1	0.4149948444598448
249200.0	500.0	2193.5423585827584	0.0	0	45.348699334135745	2393.5423585820245	1	0	1	0.4149948444598448
250200.0	500.0	2193.542358582767	0.0	0	213.52235178241972	2393.5423585820245	1	0	1	0.4149948444598448
251200.0	500.0	2193.5423585827643	0.0	0	443.64862565192743	2393.5423585820245	1	0	1	0.4149948444598448
252200.0	500.0	2193.5423585827507	0.0	0	76.5591472600936	2393.5423585820245	1	0	1	0.4149948444598448
253200.0	500.0	2193.542358582773	0.0	0	553.9142015425605	2393.5423585820245	1	0	1	0.4149948444598448
254200.0	500.0	2193.5423585827702	0.0	0	639.5956532468263	2393.5423585820245	1	0	1	0.4149948444598448
255200.0	500.0	2193.5423585827602	0.0	0	414.515622584644	2393.5423585820245	1	0	1	0.4149948444598448
256200.0	500.0	2193.5423585827234	0.0	0	402.32407412998145	2393.5423585819954	1	0	1	0.4149948444598478
257260.66472236704	500.0	2132.8776362156973	0.0	0	0.0	2393.5423585819954	1	0	1	0.4149948444598478
258200.0	500.0	2193.5423585827293	0.0	0	329.57872282282915	2393.5423585819663	1	0	1	0.4149948444598508
259200.0	500.0	2193.5423585827457	0.0	0	332.7802248263906	2393.542358581937	1	0	1	0.4149948444598538
260200.0	500.0	2193.5423585827334	0.0	0	401.96013604372274	2393.542358581937	1	0	1	0.4149948444598538
261200.0	500.0	2193.54235858272	0.0	0	434.45514077172265	2393.542358581937	1	0	1	0.4149948444598538
262200.0	500.0	2193.542358582708	0.0	0	488.598548463051	2393.542358581937	1	0	1	0.4149948444598538
263200.0	500.0	2193.5423585827166	0.0	0	316.4309255667613	2393.542358581908	1	0	1	0.4149948444598561
264200.0	500.0	2193.5423585826907	0.0	0	445.83851435786346	2393.542358581879	1	0	1	0.41499484445985735
265200.0	500.0	2193.5423585826616	0.0	0	318.6665369910188	2393.542358581908	1	0	1	0.41499484445985674
266200.0	500.0	2193.542358582684	0.0	0	439.9309078444494	2393.542358581908	1	0	1	0.41499484445985674
267200.0	500.0	2193.54235858265	0.0	0	432.9452451671823	2393.542358581908	1	0	1	0.41499484445985674
268200.0	500.0	2193.5423585826884	0.0	0	377.3218203228316	2393.542358581908	1	0	1	0.41499484445985674
269200.0	500.0	2193.5423585826165	0.0	0	325.1389152883203	2393.542358581908	1	0	1	0.41499484445985674
270200.0	500.0	2193.5423585826597	0.0	0	463.1351753286435	2393.542358581908	1	0	1	0.41499484445985674
271200.0	500.0	2193.5423585826948	0.0	0	236.24713335809065	2393.542358581908	1	0	1	0.41499484445985674
272200.0	500.0	2193.54235858273	0.0	0	383.697381929378	2393.5423585819663	1	0	1	0.4149948444598508
273200.0	500.0	2193.5423585827125	0.0	0	185.72714585909853	2393.5423585820245	1	0	1	0.4149948444598448
274200.0	500.0	2193.5423585827916	0.0	0	323.7806072201347	2393.5423585820245	1	0	1	0.4149948444598448
275200.0	500.0	2193.5423585827216	0.0	0	228.7726715930621	2393.5423585820245	1	0	1	0.4149948444598448
276200.0	500.0	2193.542358582748	0.0	0	460.59019485861063	2393.5423585820245	1	0	1	0.4149948444598448
277200.0	500.0	2193.5423585827843	0.0	0	478.1983762594755	2393.5423585820827	1	0	1	0.4149948444598388
278200.0	500.0	2193.542358582725	0.0	0	583.5055381824495	2393.5423585820827	1	0	1	0.4149948444598388
279200.0	500.0	2193.542358582759	0.0	0	406.37931314250454	2393.542358582141	1	0	1	0.4149948444598328
280200.0	500.0	2193.5423585827075	0.0	0	578.6342316564405	2393.542358582141	1	0	1	0.4149948444598328
281200.0	500.0	2193.542358582664	0.0	0	626.8942564785248	2393.5423585820827	1	0	1	0.4149948444598388
282200.0	500.0	2193.542358582661	0.0	0	92.06978392781457	2393.5423585820827	1	0	1	0.4149948444598388
283200.0	500.0	2193.542358582625	0.0	0	393.22635321324924	2393.5423585820827	1	0	1	0.4149948444598388
284200.0	500.0	2193.542358582662	0.0	0	103.87133701372659	2393.5423585820827	1	0	1	0.4149948444598388
285200.0	500.0	2193.5423585826643	0.0	0	215.29466352704912	2393.5423585820827	1	0	1	0.4149948444598388
286200.0	500.0	2193.542358582636	0.0	0	560.1469405182288	2393.5423585820827	1	0	1	0.4149948444598388
287200.0	500.0	2193.5423585826015	0.0	0	529.4370309978258	2393.5423585820245	1	0	1	0.4149948444598448
288200.0	500.0	2193.5423585825724	0.0	0	526.5847399961785	2393.5423585820245	1	0	1	0.4149948444598448
289200.0	500.0	2193.5423585825533	0.0	0	473.22245279321214	2393.5423585820245	1	0	1	0.4149948444598448
290200.0	500.0	2193.5423585825333	0.0	0	401.76505155628547	2393.5423585819663	1	0	1	0.4149948444598508
291200.0	500.0	2193.542358582609	0.0	0	566.4196951833437	2393.5423585819663	1	0	1	0.4149948444598508
292208.843538907	500.0	2184.698819675605	0.0	0	0.0	2393.5423585819663	1	0	1	0.4149948444598508
293200.0	500.0	2193.5423585826015	0.0	0	344.8818502058275	2393.5423585819663	1	0	1	0.4149948444598508
294200.0	500.0	2193.5423585826525	0.0	0	306.1873292803066	2393.5423585820245	1	0	1	0.4149948444598448
295200.0	500.0	2193.5423585826784	0.0	0	196.5148850204423	2393.5423585820245	1	0	1	0.4149948444598448
296200.0	500.0	2193.5423585826225	0.0	0	371.17572455643676	2393.5423585820245	1	0	1	0.4149948444598448
297200.0	500.0	2193.542358582623	0.0	0	627.4669848271878	2393.5423585820245	1	0	1	0.4149948444598448
298200.0	500.0	2193.5423585825956	0.0	0	568.948907243961	2393.5423585820245	1	0	1	0.4149948444598448
299200.0	500.0	2193.5423585826297	0.0	0	613.1107814159477	2393.5423585820245	1	0	1	0.4149948444598448
300200.0	500.0	2193.542358582614	0.0	0	632.1747776685515	2393.5423585820827	1	0	1	0.4149948444598388
1.11	0.87	0.94	0.96	0.7	1.0	0.47	0.81	1.3	1.32	0.98	0.72	1.1	1.27	1.01	1.22	1.69	1.37	0.76	1.0	1.32	1.25	0.93	0.79	0.67	0.46	0.27	0.58	0.88	0.88	1.17	1.15	1.17	1.23	1.66	1.47	1.49	1.33	1.53	1.08	1.34	1.34	1.45	1.45	0.86	0.93	1.23	1.04	1.49	1.19	0.88	0.86	0.66	0.78	0.66	0.56	0.96	0.94	0.88	0.51	0.76	0.82	0.73	0.57	0.78	0.68	0.8	0.74	0.94	0.74	1.07	0.72	0.86	0.59	0.54	0.36	0.75	0.74	0.68	0.92	1.33	1.19	1.54	1.15	0.85	1.11	1.19	1.25	0.97	1.17	1.4	0.72	0.44	0.71	0.97	1.15	0.75	0.92	0.72	0.87	1.32	1.14	0.75	0.59	0.71	0.71	0.98	1.0	1.12	1.02	0.85	0.74	0.92	0.73	0.98	0.88	0.72	0.75	0.76	0.67	0.74	0.74	1.27	1.03	1.07	0.97	1.37	1.03	0.64	0.81	0.75	0.72	1.2	1.29	1.34	1.15	1.1	1.16	0.63	0.66	0.59	0.66	0.92	1.34	1.64	1.37	1.36	1.51	1.4	1.04	1.11	0.87	0.94	0.96	0.7	1.0	0.47	0.81	1.3	1.32	0.98	0.72	1.1	1.27	1.01	1.22	1.69	1.37	0.76	1.0	1.32	1.25	0.93	0.79	0.67	0.46	0.27	0.58	0.88	0.88	1.17	1.15	1.17	1.23	1.66	1.47	1.49	1.33	1.53	1.08	1.34	1.34	1.45	1.45	0.86	0.93	1.23	1.04	1.49	1.19	0.88	0.86	0.66	0.78	0.66	0.56	0.96	0.94	0.88	0.51	0.76	0.82	0.73	0.57	0.78	0.68	0.8	0.74	0.94	0.74	1.07	0.72	0.86	0.59	0.54	0.36	0.75	0.74	0.68	0.92	1.33	1.19	1.54	1.15	0.85	1.11	1.19	1.25	0.97	1.17	1.4	0.72	0.44	0.71	0.97	1.15	0.75	0.92	0.72	0.87	1.32	1.14	0.75	0.59	0.71	0.71	0.98	1.0	1.12	1.02	0.85	0.74	0.92	0.73	0.98	0.88	0.72	0.75	0.76	0.67	0.74	0.74	1.27	1.03	1.07	0.97	1.37	1.03	0.64	0.81	0.75	0.72	1.2	1.29	1.34	1.15	1.1	1.16	0.63	0.66	0.59	0.66	0.92	1.34	1.64	1.37	1.36	1.51	1.4	1.04	1.11
1.0	2.0	3.0	4.0	5.0	6.0	7.0	8.0	9.0	10.0	11.0	12.0	13.0	14.0	15.0	16.0	17.0	18.0	19.0	20.0	21.0	22.0	23.0	24.0	25.0	26.0	27.0	28.0	29.0	30.0	31.0	32.0	33.0	34.0	35.0	36.0	37.0	38.0	39.0	40.0	41.0	42.0	43.0	44.0	45.0	46.0	47.0	48.0	49.0	50.0	51.0	52.0	53.0	54.0	55.0	56.0	57.0	58.0	59.0	60.0	61.0	62.0	63.0	64.0	65.0	66.0	67.0	68.0	69.0	70.0	71.0	72.0	73.0	74.0	75.0	76.0	77.0	78.0	79.0	80.0	81.0	82.0	83.0	84.0	85.0	86.0	87.0	88.0	89.0	90.0	91.0	92.0	93.0	94.0	95.0	96.0	97.0	98.0	99.0	100.0	101.0	102.0	103.0	104.0	105.0	106.0	107.0	108.0	109.0	110.0	111.0	112.0	113.0	114.0	115.0	116.0	117.0	118.0	119.0	120.0	121.0	122.0	123.0	124.0	125.0	126.0	127.0	128.0	129.0	130.0	131.0	132.0	133.0	134.0	135.0	136.0	137.0	138.0	139.0	140.0	141.0	142.0	143.0	144.0	145.0	146.0	147.0	148.0	149.0	149.0	150.0	151.0	152.0	153.0	154.0	155.0	156.0	157.0	158.0	159.0	160.0	161.0	162.0	163.0	164.0	165.0	166.0	167.0	168.0	169.0	170.0	171.0	172.0	173.0	174.0	175.0	176.0	177.0	178.0	179.0	180.0	181.0	182.0	183.0	184.0	185.0	186.0	187.0	188.0	189.0	190.0	191.0	192.0	193.0	194.0	195.0	196.0	197.0	198.0	199.0	200.0	201.0	202.0	203.0	204.0	205.0	206.0	207.0	208.0	209.0	210.0	211.0	212.0	213.0	214.0	215.0	216.0	217.0	218.0	219.0	220.0	221.0	222.0	223.0	224.0	225.0	226.0	227.0	228.0	229.0	230.0	231.0	232.0	233.0	234.0	235.0	236.0	237.0	238.0	239.0	240.0	241.0	242.0	243.0	244.0	245.0	246.0	247.0	248.0	249.0	250.0	251.0	252.0	253.0	254.0	255.0	256.0	257.0	258.0	259.0	260.0	261.0	262.0	263.0	264.0	265.0	266.0	267.0	268.0	269.0	270.0	271.0	272.0	273.0	274.0	275.0	276.0	277.0	278.0	279.0	280.0	281.0	282.0	283.0	284.0	285.0	286.0	287.0	288.0	289.0	290.0	291.0	292.0	293.0	294.0	295.0	296.0	297.0	298.0	298.0	299.0
4262.678076956652
