4100.035760262916	300.0	2000.0	349.13333029403185	0	0.0	4100.035760262916	1	0	1	-2.5708884782952905
4412.416166423419	300.0	2656.3815532234476	0.0	0	0.0	4068.797719646866	1	0	2	-0.899904826492606
4796.112896376406	300.0	3234.3151502751616	0.0	0	0.0	4030.4280466515675	1	0	2	-0.6840677901009732
5200.0	300.0	3790.039336289209	0.0	0	122.16545403235523	3990.039336289208	1	0	2	-0.6695857035927057
6200.0	300.0	3690.039336289209	0.0	0	721.1122237222808	3890.0393362892073	1	0	2	-0.6384368312227883
7200.0	300.0	3590.0393362892078	0.0	0	769.9445940277801	3790.039336289206	1	0	2	-0.6001491140759843
8200.0	500.0	3490.0393362892055	0.0	0	585.6003941637919	3690.0393362892046	1	0	2	-0.5645984352855371
9200.0	500.0	3390.039336289203	0.0	0	406.4889914827236	3590.0393362892028	1	0	2	-0.02079091134403596
10200.0	500.0	3290.039336289201	0.0	0	188.68538825701216	3490.0393362892	1	0	2	0.010142924548563047
11200.0	500.0	3190.039336289201	0.0	0	210.35275001180162	3390.039336289199	1	0	2	0.037537616207485004
12200.0	500.0	3090.039336289202	0.0	0	401.71266319887945	3290.039336289201	1	0	2	0.06196284251820926
13200.0	500.0	2990.0393362892023	0.0	0	243.68821410079	3190.039336289199	1	0	2	0.0859838048019973
14200.0	500.0	2890.039336289203	0.0	0	188.6982739036339	3090.039336289199	1	0	2	0.1071468279775798
15200.0	500.0	2790.0393362892037	0.0	0	598.1216781908988	2990.039336289199	1	0	2	0.12547136441509865
16200.0	500.0	2690.0393362892037	0.0	0	373.8801230542049	2890.0393362891973	1	0	2	0.1436087934801188
17200.0	500.0	2590.0393362892078	0.0	0	457.80951439514683	2790.0393362891955	1	0	2	0.15964951795379848
18200.0	500.0	2490.0393362892055	0.0	0	523.1960098503732	2690.0393362891937	1	0	2	0.17432653186442476
19200.0	500.0	2390.0393362892055	0.0	0	530.7336171097741	2590.039336289192	1	0	2	0.18777389487062462
20200.0	500.0	2290.0393362892064	0.0	0	258.29368403910485	2490.039336289188	1	0	2	0.20036051710671796
21200.0	500.0	2190.0393362892046	0.0	0	377.96397669126236	2390.0393362891846	1	0	2	0.2114089404527032
22200.0	500.0	2090.039336289206	0.0	0	619.1952751161261	2290.0393362891846	1	0	2	0.22130128742570762
23200.0	500.0	1990.039336289204	0.0	0	495.92043290095535	2190.0393362891773	1	0	2	0.2306685423811226
24200.0	500.0	1890.0393362892082	0.0	0	408.57718974020463	2090.0393362891846	1	0	2	0.2391113369227253
25200.0	500.0	1790.0393362892053	0.0	0	457.1407779968613	1990.0393362891846	1	0	2	0.24668719080468185
26200.0	500.0	1690.039336289207	0.0	0	649.9826573051541	1890.0393362891882	1	0	2	0.2535253962315912
27200.0	500.0	1590.0393362892094	0.0	0	615.6274462730362	1790.0393362891846	1	0	2	0.25983048071716824
28200.0	1000.0	1490.0393362892053	0.0	0	326.84520066467303	1690.0393362891737	1	0	2	0.2656782415171665
29200.0	1000.0	1390.039336289205	0.0	0	333.00714930857794	1590.0393362891737	1	0	2	0.9640298980244703
30541.981257893724	1000.0	913.8599526061073	0.0	0	0.0	1455.8412104997951	1	0	2	0.9704200887858332
31307.384052666876	1000.0	1071.916878355645	0.0	0	0.0	1379.3009310224843	1	0	2	0.9741114636268389
32200.0	1000.0	1090.0393362892107	0.0	0	308.1783902506759	1290.039336289181	1	0	2	0.9769112527266262
33488.28090742445	1000.0	672.9303381223168	0.0	0	0.0	1161.2112455467395	1	0	2	0.9814192406332549
34524.98029695766	1000.0	636.2309485891063	0.0	0	0.0	1161.2112455467359	1	0	1	0.9824454715262855
35484.924396866896	1000.0	676.2868486798723	0.0	0	0.0	1161.2112455467359	1	0	1	1.1824454715262858
37358.73718437703	1000.0	200.0	397.52593883026594	0	0.0	1558.7371843770015	1	0	1	-1.210503575530715
37998.82702157451	500.0	693.648816715043	133.73865391252116	0	0.0	1692.4758382895234	1	0	1	-1.0280146031915873
38572.14675539243	500.0	1120.3290828971099	0.0	0	0.0	1692.4758382895234	1	0	1	0.4675645008434851
39226.89782391665	500.0	1465.5780143728882	0.0	0	0.0	1692.4758382895234	1	0	1	0.4675645008434851
40200.0	500.0	1492.4758382895473	0.0	0	429.24626360452385	1692.4758382895234	1	0	1	0.4675645008434851
41200.0	500.0	1492.4758382895513	0.0	0	346.9039244371306	1692.4758382895234	1	0	1	0.4675645008434851
42200.0	500.0	1492.4758382895527	0.0	0	436.13517055158445	1692.4758382895234	1	0	1	0.4675645008434851
43200.0	500.0	1492.4758382895552	0.0	0	79.20461735958088	1692.4758382895234	1	0	1	0.4675645008434851
44200.0	500.0	1492.4758382895525	0.0	0	536.9098639707154	1692.4758382895234	1	0	1	0.4675645008434851
45200.0	500.0	1492.475838289554	0.0	0	360.18917876120395	1692.4758382895234	1	0	1	0.4675645008434851
46200.0	500.0	1492.4758382895543	0.0	0	400.5566850544128	1692.4758382895234	1	0	1	0.4675645008434851
47200.0	500.0	1492.4758382895527	0.0	0	421.94915080113424	1692.4758382895234	1	0	1	0.4675645008434851
48200.0	500.0	1492.4758382895516	0.0	0	404.6290796991889	1692.4758382895234	1	0	1	0.4675645008434851
49200.0	500.0	1492.475838289551	0.0	0	399.9822750600215	1692.4758382895234	1	0	1	0.4675645008434851
50200.0	500.0	1492.4758382895534	0.0	0	498.2780244789101	1692.4758382895234	1	0	1	0.4675645008434851
51200.0	500.0	1492.4758382895595	0.0	0	106.30360542468406	1692.4758382895234	1	0	1	0.4675645008434851
52200.0	500.0	1492.4758382895616	0.0	0	75.92664229890215	1692.4758382895307	1	0	1	0.4675645008434847
53200.0	500.0	1492.4758382895586	0.0	0	505.6230413056037	1692.4758382895307	1	0	1	0.4675645008434847
54200.0	500.0	1492.4758382895566	0.0	0	661.9282744377706	1692.4758382895234	1	0	1	0.4675645008434851
55200.0	500.0	1492.4758382895589	0.0	0	357.48923054109764	1692.475838289516	1	0	1	0.46756450084348544
56200.0	500.0	1492.4758382895502	0.0	0	455.83792313300364	1692.4758382895088	1	0	1	0.46756450084348583
57200.0	500.0	1492.4758382895454	0.0	0	500.83214955137373	1692.4758382895088	1	0	1	0.46756450084348583
58200.0	500.0	1492.4758382895443	0.0	0	380.44982721225097	1692.4758382895088	1	0	1	0.46756450084348583
59200.0	500.0	1492.4758382895388	0.0	0	308.3691308461275	1692.475838289516	1	0	1	0.46756450084348544
60200.0	500.0	1492.4758382895443	0.0	0	690.3041308381362	1692.475838289516	1	0	1	0.46756450084348544
61200.0	500.0	1492.4758382895368	0.0	0	587.250461996613	1692.475838289516	1	0	1	0.46756450084348544
62200.0	500.0	1492.4758382895325	0.0	0	704.5678748909704	1692.475838289516	1	0	1	0.46756450084348544
63200.0	1000.0	1492.4758382895195	0.0	0	380.8415972570947	1692.4758382895088	1	0	1	0.4675645008434859
64200.0	1000.0	1492.4758382895209	0.0	0	337.75364477429684	1692.4758382895088	1	0	1	1.1607116814034313
65400.38722388093	1000.0	1292.0886144085976	0.0	0	0.0	1692.4758382895088	1	0	1	1.1607116814034313
66800.90358758751	1000.0	891.5722507020008	0.0	0	0.0	1692.4758382894943	1	0	1	1.1607116814034317
67708.78063712742	1000.0	983.6952011620776	0.0	0	0.0	1692.4758382894943	1	0	1	1.1607116814034322
68878.52518500132	1000.0	813.9506532881901	0.0	0	0.0	1692.4758382895088	1	0	1	1.1607116814034313
70359.81008965844	1000.0	332.665748631053	0.0	0	0.0	1692.4758382895088	1	0	1	1.1607116814034313
71197.18794281161	1000.0	597.8254257351189	102.53753025723717	0	0.0	1795.0133685467445	1	0	1	0.5398316240576344
72877.39271504624	1000.0	267.8322022518581	350.21154875137074	0	0.0	2145.22491729811	1	0	1	-0.9698830872116695
73666.96261030984	500.0	499.63522885675195	21.37292186849845	0	0.0	2166.597839166614	1	0	1	-0.3853793300574603
74671.82925484679	500.0	583.5516532254996	88.78306890568484	0	0.0	2255.3809080722713	1	0	1	-0.1043762118223311
75493.06299531898	500.0	762.3179127533185	0.0	0	0.0	2255.3809080722713	1	0	1	0.4283222016117779
76190.59817635502	500.0	1064.7827317172832	0.0	0	0.0	2255.380908072286	1	0	1	0.4283222016117766
76517.19867400323	500.0	1738.182234069074	0.0	0	0.0	2255.3809080723004	1	0	1	0.42832220161177537
77200.0	500.0	2055.3809080723195	0.0	0	161.4492157661589	2255.3809080723004	1	0	1	0.42832220161177537
78200.0	500.0	2055.380908072314	0.0	0	601.265954209026	2255.3809080723004	1	0	1	0.42832220161177537
79200.0	500.0	2055.3809080723004	0.0	0	586.7188938504114	2255.3809080723004	1	0	1	0.42832220161177537
80200.0	500.0	2055.3809080722876	0.0	0	287.6023969069356	2255.3809080723004	1	0	1	0.42832220161177537
81200.0	500.0	2055.3809080722885	0.0	0	499.2728319946764	2255.3809080723004	1	0	1	0.42832220161177537
82200.0	500.0	2055.3809080722917	0.0	0	356.92711265313847	2255.3809080723004	1	0	1	0.42832220161177537
83200.0	500.0	2055.380908072285	0.0	0	286.03869455790846	2255.3809080723004	1	0	1	0.42832220161177537
84281.66495916009	1000.0	1973.7159489122123	0.0	0	0.0	2255.3809080723004	1	0	1	0.42832220161177537
85279.03835574738	1000.0	1976.342552324907	0.0	0	0.0	2255.380908072286	1	0	1	1.121469382171722
86383.99045018459	1000.0	1871.390457887688	0.0	0	0.0	2255.380908072286	1	0	1	1.121469382171722
87514.73270730961	1000.0	1740.648200762665	0.0	0	0.0	2255.380908072286	1	0	1	1.121469382171722
88651.00391321082	500.0	1604.3769948614413	0.0	0	0.0	2255.3809080722713	1	0	1	-0.2648249789481674
89789.08222093944	500.0	1466.2986871328476	0.0	0	0.0	2255.3809080722713	1	0	1	0.4283222016117779
90529.37185044338	500.0	1726.0090576289047	0.0	0	0.0	2255.3809080722713	1	0	1	0.4283222016117779
91259.94437685028	500.0	1995.4365312220011	0.0	0	0.0	2255.3809080722713	1	0	1	0.4283222016117779
92200.0	500.0	2055.3809080722826	0.0	0	395.61714207028854	2255.3809080722713	1	0	1	0.4283222016117779
93200.0	500.0	2055.3809080722813	0.0	0	492.3136518090614	2255.3809080722713	1	0	1	0.4283222016117779
94200.0	500.0	2055.380908072293	0.0	0	434.2744303633226	2255.3809080722713	1	0	1	0.4283222016117779
95200.0	500.0	2055.3809080723004	0.0	0	558.4527134128148	2255.3809080722713	1	0	1	0.4283222016117779
96200.0	500.0	2055.3809080722926	0.0	0	498.0979308767128	2255.3809080722713	1	0	1	0.4283222016117779
97200.0	500.0	2055.3809080722995	0.0	0	501.2961343618372	2255.3809080722713	1	0	1	0.4283222016117779
98200.0	500.0	2055.3809080722963	0.0	0	316.11247746225854	2255.3809080722713	1	0	1	0.4283222016117779
99200.0	500.0	2055.380908072292	0.0	0	325.33418363043165	2255.3809080722713	1	0	1	0.4283222016117779
100200.0	500.0	2055.3809080722876	0.0	0	551.0589738034323	2255.3809080722713	1	0	1	0.4283222016117779
101200.0	500.0	2055.3809080722936	0.0	0	539.0807145430736	2255.3809080722713	1	0	1	0.4283222016117779
102200.0	500.0	2055.3809080722776	0.0	0	666.0692342558323	2255.3809080722567	1	0	1	0.42832220161177925
103200.0	500.0	2055.3809080722804	0.0	0	577.7543395831744	2255.3809080722713	1	0	1	0.4283222016117779
104294.97274454759	500.0	1960.4081635246787	0.0	0	0.0	2255.3809080722713	1	0	1	0.4283222016117779
105200.0	500.0	2055.3809080722735	0.0	0	434.0534497605695	2255.3809080722713	1	0	1	0.4283222016117779
106200.0	500.0	2055.380908072262	0.0	0	641.1928777315916	2255.3809080722567	1	0	1	0.42832220161177925
107200.0	500.0	2055.380908072256	0.0	0	541.114667883885	2255.3809080722567	1	0	1	0.42832220161177925
108200.0	500.0	2055.380908072251	0.0	0	476.440341812704	2255.3809080722567	1	0	1	0.42832220161177925
109200.0	500.0	2055.3809080722485	0.0	0	591.389996761689	2255.3809080722567	1	0	1	0.42832220161177925
110306.64183033182	1000.0	1948.7390777404116	0.0	0	0.0	2255.3809080722567	1	0	1	0.42832220161177936
111705.34344746852	1000.0	1550.0374606037017	0.0	0	0.0	2255.3809080722567	1	0	1	1.1214693821717248
112319.0017860185	500.0	1936.3791220537141	0.0	0	0.0	2255.3809080722567	1	0	1	-0.26482497894816603
113200.0	500.0	2055.380908072215	0.0	0	306.5827097299916	2255.3809080722713	1	0	1	0.4283222016117779
114200.0	500.0	2055.3809080722167	0.0	0	334.4280461647868	2255.3809080722713	1	0	1	0.4283222016117779
115200.0	500.0	2055.380908072213	0.0	0	570.9564643324993	2255.3809080722713	1	0	1	0.4283222016117779
116200.0	500.0	2055.3809080722167	0.0	0	287.1510587506782	2255.3809080722713	1	0	1	0.4283222016117779
117200.0	500.0	2055.380908072213	0.0	0	406.73796692503674	2255.3809080722713	1	0	1	0.4283222016117779
118200.0	500.0	2055.3809080722167	0.0	0	524.7159033947246	2255.3809080722713	1	0	1	0.4283222016117779
119200.0	500.0	2055.380908072213	0.0	0	313.83110281216796	2255.3809080722713	1	0	1	0.4283222016117779
120313.02580541727	500.0	1942.3551026549353	0.0	0	0.0	2255.3809080722567	1	0	1	0.42832220161177925
121227.03003573036	500.0	2028.3508723418483	0.0	0	0.0	2255.3809080722567	1	0	1	0.42832220161177925
122542.97924737692	500.0	1712.4016606952753	0.0	0	0.0	2255.3809080722567	1	0	1	0.42832220161177925
123306.00035464611	500.0	1949.3805534260803	0.0	0	0.0	2255.3809080722567	1	0	1	0.42832220161177925
124250.03263436377	500.0	2005.3482737084255	0.0	0	0.0	2255.3809080722567	1	0	1	0.42832220161177925
125200.0	500.0	2055.3809080722076	0.0	0	266.4892761121737	2255.3809080722567	1	0	1	0.42832220161177925
126200.0	500.0	2055.380908072184	0.0	0	549.657787405813	2255.3809080722567	1	0	1	0.42832220161177925
127200.0	500.0	2055.380908072205	0.0	0	601.1132527036534	2255.3809080722567	1	0	1	0.42832220161177925
128200.0	500.0	2055.380908072213	0.0	0	474.3586607519828	2255.3809080722567	1	0	1	0.42832220161177925
129200.0	500.0	2055.3809080722094	0.0	0	409.54093256963824	2255.3809080722567	1	0	1	0.42832220161177925
130200.0	500.0	2055.3809080722076	0.0	0	419.60746415515314	2255.3809080722567	1	0	1	0.42832220161177925
131200.0	500.0	2055.3809080722117	0.0	0	518.9661633684009	2255.3809080722567	1	0	1	0.42832220161177925
132200.0	500.0	2055.3809080722394	0.0	0	480.48983537600725	2255.380908072286	1	0	1	0.4283222016117779
133200.0	500.0	2055.380908072241	0.0	0	615.661813474755	2255.3809080723004	1	0	1	0.42832220161177614
134200.0	500.0	2055.3809080722654	0.0	0	523.814507497882	2255.380908072315	1	0	1	0.4283222016117739
135200.0	500.0	2055.3809080722685	0.0	0	557.0217878161056	2255.380908072315	1	0	1	0.4283222016117739
136200.0	500.0	2055.3809080722976	0.0	0	405.89290638806415	2255.380908072344	1	0	1	0.4283222016117713
137253.09413276118	500.0	2002.2867753111016	0.0	0	0.0	2255.380908072315	1	0	1	0.4283222016117739
138200.0	500.0	2055.3809080722685	0.0	0	219.2114506319631	2255.380908072315	1	0	1	0.4283222016117739
139200.0	500.0	2055.3809080722945	0.0	0	637.2121491744474	2255.380908072344	1	0	1	0.4283222016117713
140200.0	500.0	2055.380908072266	0.0	0	701.1111171467637	2255.380908072315	1	0	1	0.4283222016117739
141200.0	500.0	2055.3809080722576	0.0	0	608.866040124034	2255.380908072315	1	0	1	0.4283222016117739
142200.0	500.0	2055.380908072263	0.0	0	536.2976505923725	2255.380908072315	1	0	1	0.4283222016117739
143200.0	500.0	2055.380908072265	0.0	0	598.5841549912584	2255.380908072315	1	0	1	0.4283222016117739
144200.0	1000.0	2055.3809080722654	0.0	0	321.7737024668022	2255.380908072344	1	0	1	0.4283222016117714
145516.35086470746	1000.0	1739.030043364817	0.0	0	0.0	2255.380908072344	1	0	1	1.1214693821717168
146310.28682376823	1000.0	1945.094084304084	0.0	0	0.0	2255.380908072373	1	0	1	1.121469382171714
147200.0	1000.0	2055.3809080723067	0.0	0	44.77796002969262	2255.380908072373	1	0	1	1.121469382171714
148200.0	1000.0	2055.3809080723177	0.0	0	198.50419607909862	2255.380908072344	1	0	1	1.1214693821717168
149692.95039949656	1000.0	1562.4305085757658	0.0	0	0.0	2255.380908072344	1	0	1	1.1214693821717168
151538.7699479089	1000.0	716.61096016341	0.0	0	0.0	2255.380908072344	1	0	1	1.1214693821717168
152360.41465848198	1000.0	894.9662495903284	0.0	0	0.0	2255.380908072344	1	0	1	1.1214693821717168
153635.14628122927	1000.0	620.2346268430189	0.0	0	0.0	2255.380908072315	1	0	1	1.1214693821717194
154857.41037015532	1000.0	397.9705379170189	0.0	0	0.0	2255.380908072315	1	0	1	1.1214693821717194
155270.65746032205	500.0	984.7234477502763	0.0	0	0.0	2255.380908072344	1	0	1	-0.264824978948174
155597.82780781944	500.0	1657.5531002528787	0.0	0	0.0	2255.380908072344	1	0	1	0.4283222016117713
156200.0	500.0	2055.3809080722986	0.0	0	130.43608501384733	2255.380908072315	1	0	1	0.4283222016117739
157200.0	500.0	2055.3809080723177	0.0	0	718.9110588992189	2255.380908072315	1	0	1	0.4283222016117739
158200.0	500.0	2055.380908072321	0.0	0	491.15100183928735	2255.380908072286	1	0	1	0.4283222016117766
159218.204438918	500.0	2037.176469154314	0.0	0	0.0	2255.380908072315	1	0	1	0.4283222016117739
160200.0	500.0	2055.380908072316	0.0	0	423.6548129833536	2255.380908072344	1	0	1	0.4283222016117713
161200.0	500.0	2055.3809080723086	0.0	0	561.2495372646663	2255.380908072344	1	0	1	0.4283222016117713
162200.0	500.0	2055.3809080723095	0.0	0	525.2947709199798	2255.380908072344	1	0	1	0.4283222016117713
163200.0	500.0	2055.380908072302	0.0	0	151.01502897054888	2255.380908072344	1	0	1	0.4283222016117713
164200.0	500.0	2055.3809080723076	0.0	0	492.64768269943306	2255.380908072344	1	0	1	0.4283222016117713
165200.0	500.0	2055.3809080723613	0.0	0	361.62472367080045	2255.380908072344	1	0	1	0.4283222016117713
166200.0	500.0	2055.380908072358	0.0	0	552.6664532045543	2255.380908072344	1	0	1	0.4283222016117713
167200.0	500.0	2055.38090807237	0.0	0	475.6570323468186	2255.380908072344	1	0	1	0.4283222016117713
168200.0	500.0	2055.3809080723904	0.0	0	414.62161070937873	2255.380908072373	1	0	1	0.42832220161176876
169200.0	500.0	2055.380908072369	0.0	0	342.43415809990256	2255.380908072373	1	0	1	0.42832220161176876
170200.0	500.0	2055.3809080723954	0.0	0	208.17768622905714	2255.380908072373	1	0	1	0.42832220161176876
171200.0	500.0	2055.38090807241	0.0	0	580.653223479836	2255.380908072344	1	0	1	0.4283222016117713
172200.0	500.0	2055.380908072429	0.0	0	498.48781826731283	2255.380908072344	1	0	1	0.4283222016117713
173200.0	500.0	2055.3809080724245	0.0	0	348.88938782713376	2255.380908072344	1	0	1	0.4283222016117713
174200.0	500.0	2055.380908072404	0.0	0	545.3150091700663	2255.380908072315	1	0	1	0.4283222016117739
175200.0	500.0	2055.3809080724177	0.0	0	581.5060781469219	2255.380908072315	1	0	1	0.4283222016117739
176200.0	1000.0	2055.3809080724377	0.0	0	270.15064320270903	2255.380908072315	1	0	1	0.4283222016117741
177200.0	1000.0	2055.380908072403	0.0	0	84.8557991150883	2255.380908072344	1	0	1	1.1214693821717168
178253.23913983675	1000.0	2002.1417682356475	0.0	0	0.0	2255.380908072344	1	0	1	1.1214693821717168
179736.03979697774	1000.0	1519.3411110946354	0.0	0	0.0	2255.380908072315	1	0	1	1.1214693821717183
180791.76989001464	1000.0	1463.6110180577298	0.0	0	0.0	2255.380908072286	1	0	1	1.121469382171722
181699.64194737107	1000.0	1555.7389607012851	0.0	0	0.0	2255.380908072286	1	0	1	1.121469382171722
182886.66031102644	1000.0	1368.7205970459247	0.0	0	0.0	2255.380908072286	1	0	1	1.121469382171722
184338.8340638292	1000.0	916.5468442431765	0.0	0	0.0	2255.380908072315	1	0	1	1.1214693821717214
186323.19256520498	1000.0	200.0	267.8116571325986	0	0.0	2523.192565204983	1	0	1	-0.49506299379824503
187376.890941207	1000.0	427.98044845748854	281.6788244595269	0	0.0	2804.871389664506	1	0	1	-0.6336074654140604
187999.20433822737	500.0	805.6670514371273	0.0	0	0.0	2804.871389664506	1	0	1	-0.3298288797767898
188713.77002211823	500.0	1091.1013675462916	0.0	0	0.0	2804.871389664506	1	0	1	0.3633183007831555
189301.07053814936	500.0	1503.8008515151591	0.0	0	0.0	2804.8713896644767	1	0	1	0.3633183007831564
189877.01862363494	500.0	1927.852766029543	0.0	0	0.0	2804.8713896644767	1	0	1	0.36331830078315996
190752.9028713256	500.0	2051.968518338852	0.0	0	0.0	2804.8713896644767	1	0	1	0.36331830078315996
191551.45215618197	500.0	2253.419233482472	0.0	0	0.0	2804.8713896644767	1	0	1	0.36331830078315996
192320.67428724232	500.0	2484.1971024221175	0.0	0	0.0	2804.8713896644476	1	0	1	0.3633183007831643
193200.0	500.0	2604.8713896644563	0.0	0	339.2950045679754	2804.8713896644767	1	0	1	0.36331830078315996
194200.0	500.0	2604.871389664425	0.0	0	300.94171841061325	2804.871389664506	1	0	1	0.3633183007831555
195200.0	500.0	2604.8713896644053	0.0	0	85.73233186110156	2804.871389664506	1	0	1	0.3633183007831555
196200.0	500.0	2604.8713896644117	0.0	0	559.3548927651718	2804.871389664506	1	0	1	0.3633183007831555
197200.0	500.0	2604.871389664371	0.0	0	493.1763528852025	2804.8713896644767	1	0	1	0.36331830078315996
198200.0	500.0	2604.8713896643326	0.0	0	278.1681739213818	2804.8713896644767	1	0	1	0.36331830078315996
199200.0	500.0	2604.87138966434	0.0	0	417.06200867233565	2804.8713896644767	1	0	1	0.36331830078315996
200200.0	500.0	2604.8713896643417	0.0	0	232.3512200488185	2804.8713896644767	1	0	1	0.36331830078315996
201200.0	500.0	2604.871389664312	0.0	0	101.58796573593281	2804.8713896644767	1	0	1	0.36331830078315996
202200.0	500.0	2604.871389664315	0.0	0	479.3720319191634	2804.8713896644767	1	0	1	0.36331830078315996
203200.0	500.0	2604.871389664306	0.0	0	525.1307337078615	2804.8713896644767	1	0	1	0.36331830078315996
204200.0	500.0	2604.8713896643385	0.0	0	420.81481586853624	2804.8713896644767	1	0	1	0.36331830078315996
205200.0	500.0	2604.8713896643535	0.0	0	492.77640206654905	2804.8713896644767	1	0	1	0.36331830078315996
206200.0	500.0	2604.8713896643753	0.0	0	430.1574623956694	2804.871389664506	1	0	1	0.3633183007831555
207200.0	500.0	2604.871389664385	0.0	0	265.9937299345911	2804.8713896644767	1	0	1	0.36331830078315996
208200.0	500.0	2604.8713896643944	0.0	0	567.6476142797328	2804.8713896644767	1	0	1	0.36331830078315996
209200.0	500.0	2604.8713896644113	0.0	0	599.9342103628733	2804.8713896644767	1	0	1	0.36331830078315996
210200.0	500.0	2604.871389664423	0.0	0	716.015269109048	2804.8713896644476	1	0	1	0.3633183007831643
211200.0	500.0	2604.8713896644	0.0	0	748.2294134428084	2804.8713896644185	1	0	1	0.36331830078316874
212200.0	1000.0	2604.871389664379	0.0	0	220.08455225129728	2804.8713896644185	1	0	1	0.3633183007831689
213200.0	1000.0	2604.8713896643867	0.0	0	383.44998280584696	2804.8713896644185	1	0	1	1.0564654813431142
214210.10557998117	1000.0	2594.7658096832297	0.0	0	0.0	2804.8713896644476	1	0	1	1.0564654813431098
215846.6856613445	1000.0	1958.18572831991	0.0	0	0.0	2804.8713896644476	1	0	1	1.0564654813431098
216840.74527070078	1000.0	1964.1261189636225	0.0	0	0.0	2804.8713896644185	1	0	1	1.0564654813431142
217760.273692673	1000.0	2044.5976969914052	0.0	0	0.0	2804.8713896644185	1	0	1	1.0564654813431142
218961.54793096706	1000.0	1843.3234586973597	0.0	0	0.0	2804.8713896643894	1	0	1	1.0564654813431187
220083.93745473053	1000.0	1720.9339349338907	0.0	0	0.0	2804.8713896643894	1	0	1	1.0564654813431187
221851.9115025493	1000.0	952.9598871151217	0.0	0	0.0	2804.8713896643894	1	0	1	1.0564654813431187
222379.77954814956	500.0	1425.0918415149104	0.0	0	0.0	2804.8713896644185	1	0	1	-0.3298288797767741
223302.79003821898	500.0	1502.0813514454785	0.0	0	0.0	2804.8713896644185	1	0	1	0.36331830078316874
224005.2207356407	500.0	1799.6506540237522	0.0	0	0.0	2804.8713896644185	1	0	1	0.36331830078316874
224472.18894527128	500.0	2332.682444393176	0.0	0	0.0	2804.8713896644185	1	0	1	0.36331830078316874
225200.0	500.0	2604.8713896644767	0.0	0	226.55672878815676	2804.8713896644476	1	0	1	0.3633183007831643
226200.0	500.0	2604.8713896644877	0.0	0	442.4008359146246	2804.8713896644476	1	0	1	0.3633183007831643
227200.0	500.0	2604.871389664507	0.0	0	475.4774749131757	2804.8713896644767	1	0	1	0.36331830078315996
228200.0	500.0	2604.871389664512	0.0	0	590.5626149060845	2804.8713896644767	1	0	1	0.36331830078315996
229200.0	500.0	2604.8713896645054	0.0	0	456.84482740602107	2804.8713896644767	1	0	1	0.36331830078315996
230200.0	500.0	2604.8713896644726	0.0	0	327.9986616105016	2804.8713896644476	1	0	1	0.3633183007831643
231200.0	500.0	2604.871389664471	0.0	0	438.86624536607997	2804.8713896644767	1	0	1	0.36331830078315996
232200.0	500.0	2604.871389664477	0.0	0	320.63775584468385	2804.8713896644476	1	0	1	0.3633183007831643
233200.0	500.0	2604.871389664486	0.0	0	242.29390609072288	2804.8713896644767	1	0	1	0.36331830078315996
234200.0	500.0	2604.871389664502	0.0	0	446.99132883452694	2804.8713896644767	1	0	1	0.36331830078315996
235200.0	1000.0	2604.8713896645227	0.0	0	174.32544876344036	2804.8713896644767	1	0	1	0.36331830078316
236331.38317882278	1000.0	2473.48821084177	0.0	0	0.0	2804.8713896644476	1	0	1	1.0564654813431062
238524.71118824577	1000.0	1280.1602014187797	0.0	0	0.0	2804.8713896644185	1	0	1	1.0564654813431116
239580.44070675728	500.0	1224.4306829072775	0.0	0	0.0	2804.8713896644185	1	0	1	-0.3298288797767768
240385.23976527588	500.0	1419.6316243887047	0.0	0	0.0	2804.8713896644185	1	0	1	0.36331830078316874
240851.95203997754	500.0	1952.9193496870064	0.0	0	0.0	2804.8713896644185	1	0	1	0.36331830078316874
241254.33555162943	500.0	2550.5358380351245	0.0	0	0.0	2804.8713896644476	1	0	1	0.3633183007831643
242200.0	500.0	2604.8713896645404	0.0	0	415.897912255954	2804.8713896644476	1	0	1	0.3633183007831643
243200.0	500.0	2604.8713896645363	0.0	0	468.5243715469842	2804.8713896644476	1	0	1	0.3633183007831643
244200.0	500.0	2604.871389664535	0.0	0	543.5687977177149	2804.8713896644476	1	0	1	0.3633183007831643
245200.0	500.0	2604.8713896645313	0.0	0	611.8369696041627	2804.8713896644476	1	0	1	0.3633183007831643
246200.0	500.0	2604.871389664517	0.0	0	379.9761534805293	2804.8713896644476	1	0	1	0.3633183007831643
247200.0	500.0	2604.8713896645218	0.0	0	564.4988953508728	2804.8713896644767	1	0	1	0.36331830078315996
248212.676023589	500.0	2592.1953660755057	0.0	0	0.0	2804.8713896644476	1	0	1	0.3633183007831643
249200.0	500.0	2604.8713896645017	0.0	0	618.1408407817653	2804.8713896644767	1	0	1	0.36331830078315996
250200.0	500.0	2604.871389664486	0.0	0	472.91749535052804	2804.8713896644767	1	0	1	0.36331830078315996
251200.0	500.0	2604.871389664479	0.0	0	640.8337827333016	2804.8713896644767	1	0	1	0.36331830078315996
252200.0	1000.0	2604.8713896644867	0.0	0	185.4874110634264	2804.871389664506	1	0	1	0.3633183007831556
253575.41603357653	1000.0	2229.4553560879704	0.0	0	0.0	2804.871389664506	1	0	1	1.056465481343101
254450.80589364225	1000.0	2354.0654960222364	0.0	0	0.0	2804.871389664506	1	0	1	1.056465481343101
255238.60332397613	1000.0	2566.2680656883676	0.0	0	0.0	2804.871389664506	1	0	1	1.056465481343101
256200.0	1000.0	2604.8713896645086	0.0	0	140.46562430312042	2804.871389664506	1	0	1	1.056465481343101
257232.6612191674	1000.0	2572.210170497136	0.0	0	0.0	2804.871389664506	1	0	1	1.056465481343101
258260.4519630347	1000.0	2544.4194266298696	0.0	0	0.0	2804.871389664535	1	0	1	1.0564654813430967
259314.054851045	1000.0	2490.8165386195665	0.0	0	0.0	2804.871389664535	1	0	1	1.0564654813430967
261090.6888768724	1000.0	1714.1825127921325	0.0	0	0.0	2804.871389664506	1	0	1	1.0564654813431
262252.9603309744	1000.0	1551.911058690049	0.0	0	0.0	2804.8713896644767	1	0	1	1.0564654813431018
263408.2725306422	1000.0	1396.598859022369	0.0	0	0.0	2804.871389664593	1	0	1	1.0564654813430931
264441.8480616936	1000.0	1363.0233279710435	0.0	0	0.0	2804.8713896646805	1	0	1	1.0564654813430807
266105.1836091278	1000.0	699.6877805367528	0.0	0	0.0	2804.8713896646514	1	0	1	1.056465481343079
266579.4735438514	500.0	1225.3978458131721	0.0	0	0.0	2804.8713896646514	1	0	1	-0.32982887977681175
267428.14717282547	1000.0	1376.7242168391397	0.0	0	0.0	2804.8713896646514	1	0	1	0.36331830078313365
268661.48357935617	1000.0	1143.387810308373	0.0	0	0.0	2804.871389664593	1	0	1	1.0564654813430843
269631.26362072205	500.0	1173.6077689425447	0.0	0	0.0	2804.871389664593	1	0	1	-0.32982887977680303
270727.6420693648	500.0	1077.2293202998426	0.0	0	0.0	2804.871389664593	1	0	1	0.3633183007831423
271519.01151090395	500.0	1285.859878760593	0.0	0	0.0	2804.871389664593	1	0	1	0.3633183007831423
272216.13854544004	500.0	1588.732844224502	0.0	0	0.0	2804.871389664593	1	0	1	0.3633183007831423
272955.0333019167	500.0	1849.8380877479292	0.0	0	0.0	2804.8713896646514	1	0	1	0.36331830078313354
273569.65138143045	500.0	2235.220008234186	0.0	0	0.0	2804.8713896647096	1	0	1	0.3633183007831247
274268.0254068259	500.0	2536.8459828387536	0.0	0	0.0	2804.871389664768	1	0	1	0.3633183007831159
275200.0	500.0	2604.871389664663	0.0	0	522.0241972181248	2804.871389664826	1	0	1	0.3633183007831071
276200.0	500.0	2604.871389664646	0.0	0	489.63400987227215	2804.871389664884	1	0	1	0.36331830078309835
277200.0	500.0	2604.8713896645936	0.0	0	449.05337580264313	2804.871389664826	1	0	1	0.3633183007831071
278200.0	500.0	2604.8713896645518	0.0	0	434.14638201444177	2804.871389664826	1	0	1	0.3633183007831071
279200.0	500.0	2604.871389664534	0.0	0	602.3310387773672	2804.871389664826	1	0	1	0.3633183007831071
280200.0	500.0	2604.871389664534	0.0	0	299.5747505365289	2804.871389664768	1	0	1	0.3633183007831159
281200.0	500.0	2604.8713896644886	0.0	0	335.8934613232268	2804.8713896647096	1	0	1	0.3633183007831247
282200.0	500.0	2604.871389664442	0.0	0	525.5235223165364	2804.8713896647096	1	0	1	0.3633183007831247
283200.0	500.0	2604.871389664516	0.0	0	549.0068432131084	2804.871389664768	1	0	1	0.3633183007831159
284200.0	500.0	2604.871389664509	0.0	0	621.3677666604635	2804.8713896647096	1	0	1	0.3633183007831247
285200.0	500.0	2604.871389664515	0.0	0	144.76955537183676	2804.8713896646514	1	0	1	0.36331830078313354
286200.0	500.0	2604.8713896645295	0.0	0	318.73407596646575	2804.871389664593	1	0	1	0.3633183007831423
287200.0	500.0	2604.871389664521	0.0	0	160.13900165288942	2804.871389664593	1	0	1	0.3633183007831423
288200.0	500.0	2604.871389664521	0.0	0	541.6310860586236	2804.871389664593	1	0	1	0.3633183007831423
289200.0	500.0	2604.8713896645795	0.0	0	724.6686876076274	2804.871389664535	1	0	1	0.36331830078315114
290200.0	500.0	2604.8713896645986	0.0	0	633.9770365857985	2804.871389664535	1	0	1	0.36331830078315114
291200.0	500.0	2604.8713896646473	0.0	0	481.7590463789529	2804.871389664535	1	0	1	0.36331830078315114
292200.0	1000.0	2604.871389664595	0.0	0	180.6771721817786	2804.871389664593	1	0	1	0.3633183007831424
293200.0	1000.0	2604.8713896646113	0.0	0	442.1326827966259	2804.871389664535	1	0	1	1.0564654813430967
294200.0	1000.0	2604.8713896646495	0.0	0	178.32181207701797	2804.871389664593	1	0	1	1.0564654813430878
295200.0	1000.0	2604.8713896645786	0.0	0	43.34766541811405	2804.871389664593	1	0	1	1.0564654813430878
296200.0	1000.0	2604.8713896645654	0.0	0	307.00323066610144	2804.871389664593	1	0	1	1.0564654813430878
297200.0	1000.0	2604.8713896645363	0.0	0	36.3962550990982	2804.871389664593	1	0	1	1.0564654813430878
298565.42430815886	1000.0	2239.4470815056584	0.0	0	0.0	2804.871389664593	1	0	1	1.0564654813430914
300385.8201440278	1000.0	1419.0512456367203	0.0	0	0.0	2804.8713896646514	1	0	1	1.056465481343086
301201.29947862646	1000.0	1603.5719110380448	0.0	0	0.0	2804.8713896647096	1	0	1	1.05646548134307
0.82	0.97	0.98	1.31	1.48	1.01	0.63	0.85	1.05	0.83	0.68	1.04	0.87	1.12	1.22	1.04	0.89	0.83	1.25	1.02	1.07	1.01	1.59	1.73	1.44	1.23	0.85	1.11	1.41	0.85	0.94	0.86	0.82	0.43	0.87	0.79	0.75	0.73	0.74	0.73	0.85	0.86	0.73	1.02	1.16	0.92	1.01	0.7	0.6	1.02	1.32	0.67	0.78	1.16	0.9	0.95	1.39	1.76	1.64	1.52	1.71	1.01	0.8	0.72	0.97	0.95	0.74	1.09	0.6	0.94	0.49	0.71	1.01	1.31	1.3	1.11	0.92	1.03	0.97	0.95	0.87	1.27	1.17	1.01	0.46	0.5	0.53	0.65	1.09	1.15	1.02	1.22	1.09	0.97	0.97	0.63	1.09	1.27	1.71	1.08	0.54	1.23	1.44	1.31	0.87	1.3	1.2	0.68	0.71	1.01	1.05	1.11	0.68	0.94	1.37	0.81	0.56	0.63	0.37	0.72	0.52	0.93	1.14	1.02	0.89	0.79	1.02	0.92	0.79	1.18	1.3	1.12	0.78	0.66	0.7	1.44	1.63	1.39	1.15	1.4	1.56	0.97	1.29	1.51	1.1	0.58	0.75	0.64	0.98	0.54	0.82	0.97	0.98	1.31	1.48	1.01	0.63	0.85	1.05	0.83	0.68	1.04	0.87	1.12	1.22	1.04	0.89	0.83	1.25	1.02	1.07	1.01	1.59	1.73	1.44	1.23	0.85	1.11	1.41	0.85	0.94	0.86	0.82	0.43	0.87	0.79	0.75	0.73	0.74	0.73	0.85	0.86	0.73	1.02	1.16	0.92	1.01	0.7	0.6	1.02	1.32	0.67	0.78	1.16	0.9	0.95	1.39	1.76	1.64	1.52	1.71	1.01	0.8	0.72	0.97	0.95	0.74	1.09	0.6	0.94	0.49	0.71	1.01	1.31	1.3	1.11	0.92	1.03	0.97	0.95	0.87	1.27	1.17	1.01	0.46	0.5	0.53	0.65	1.09	1.15	1.02	1.22	1.09	0.97	0.97	0.63	1.09	1.27	1.71	1.08	0.54	1.23	1.44	1.31	0.87	1.3	1.2	0.68	0.71	1.01	1.05	1.11	0.68	0.94	1.37	0.81	0.56	0.63	0.37	0.72	0.52	0.93	1.14	1.02	0.89	0.79	1.02	0.92	0.79	1.18	1.3	1.12	0.78	0.66	0.7	1.44	1.63	1.39	1.15	1.4	1.56	0.97	1.29	1.51	1.1	0.58	0.75	0.64	0.98	0.54	0.82	0.97
1.0	2.0	3.0	4.0	5.0	6.0	7.0	8.0	9.0	10.0	11.0	12.0	13.0	14.0	15.0	16.0	17.0	18.0	19.0	20.0	21.0	22.0	23.0	24.0	25.0	26.0	27.0	28.0	29.0	30.0	31.0	32.0	33.0	34.0	35.0	36.0	37.0	38.0	39.0	40.0	41.0	42.0	43.0	44.0	45.0	46.0	47.0	48.0	49.0	50.0	51.0	52.0	53.0	54.0	55.0	56.0	57.0	58.0	59.0	60.0	61.0	62.0	63.0	64.0	65.0	66.0	67.0	68.0	69.0	70.0	71.0	72.0	73.0	74.0	75.0	76.0	77.0	78.0	79.0	80.0	81.0	82.0	83.0	84.0	85.0	86.0	87.0	88.0	89.0	90.0	91.0	92.0	93.0	94.0	95.0	96.0	97.0	98.0	99.0	100.0	101.0	102.0	103.0	104.0	105.0	106.0	107.0	108.0	109.0	110.0	111.0	112.0	113.0	114.0	115.0	116.0	117.0	118.0	119.0	120.0	121.0	122.0	123.0	124.0	125.0	126.0	127.0	128.0	129.0	130.0	131.0	132.0	133.0	134.0	135.0	136.0	137.0	138.0	139.0	140.0	141.0	142.0	143.0	144.0	145.0	146.0	147.0	148.0	149.0	149.0	150.0	151.0	152.0	153.0	154.0	155.0	156.0	157.0	158.0	159.0	160.0	161.0	162.0	163.0	164.0	165.0	166.0	167.0	168.0	169.0	170.0	171.0	172.0	173.0	174.0	175.0	176.0	177.0	178.0	179.0	180.0	181.0	182.0	183.0	184.0	185.0	186.0	187.0	188.0	189.0	190.0	191.0	192.0	193.0	194.0	195.0	196.0	197.0	198.0	199.0	200.0	201.0	202.0	203.0	204.0	205.0	206.0	207.0	208.0	209.0	210.0	211.0	212.0	213.0	214.0	215.0	216.0	217.0	218.0	219.0	220.0	221.0	222.0	223.0	224.0	225.0	226.0	227.0	228.0	229.0	230.0	231.0	232.0	233.0	234.0	235.0	236.0	237.0	238.0	239.0	240.0	241.0	242.0	243.0	244.0	245.0	246.0	247.0	248.0	249.0	250.0	251.0	252.0	253.0	254.0	255.0	256.0	257.0	258.0	259.0	260.0	261.0	262.0	263.0	264.0	265.0	266.0	267.0	268.0	269.0	270.0	271.0	272.0	273.0	274.0	275.0	276.0	277.0	278.0	279.0	280.0	281.0	282.0	283.0	284.0	285.0	286.0	287.0	288.0	289.0	290.0	291.0	292.0	293.0	294.0	295.0	296.0	297.0	298.0	298.0	299.0	300.0
3251.850191463582
