3021.527029655286	300.0	2000.0	179.54396556955555	0	0.0	3021.527029655286	1	0	1	-1.2540222271325088
3205.3135688250823	300.0	2816.213460830203	0.0	0	0.0	3021.527029655286	1	0	1	-0.18374119631468785
4200.0	300.0	2821.527029655285	0.0	0	827.0948247628294	3021.5270296552853	1	0	1	-0.18374119631468777
5200.0	300.0	2821.5270296552853	0.0	0	842.6387462740349	3021.527029655285	1	0	1	-0.18374119631468774
6200.0	500.0	2821.5270296552844	0.0	0	764.9262604631349	3021.527029655284	1	0	1	-0.1837411963146875
7200.0	500.0	2821.5270296552844	0.0	0	774.4886361612653	3021.5270296552844	1	0	1	0.32708442745130323
8200.0	500.0	2821.5270296552844	0.0	0	643.3050026816736	3021.5270296552844	1	0	1	0.3270844274513032
9200.0	500.0	2821.5270296552844	0.0	0	509.93548031585124	3021.5270296552844	1	0	1	0.3270844274513031
10200.0	1000.0	2821.5270296552853	0.0	0	371.92190557285903	3021.5270296552862	1	0	1	0.32708442745130306
11200.0	1000.0	2821.527029655283	0.0	0	151.7649023216909	3021.5270296552844	1	0	1	1.0202316080112483
12200.0	1000.0	2821.527029655286	0.0	0	143.43032233172562	3021.5270296552844	1	0	1	1.0202316080112486
13200.0	1000.0	2821.5270296552876	0.0	0	281.38913986577063	3021.5270296552844	1	0	1	1.0202316080112486
14200.0	1000.0	2821.5270296552876	0.0	0	366.8322535073112	3021.5270296552844	1	0	1	1.0202316080112486
15200.0	1000.0	2821.527029655289	0.0	0	486.9151320857254	3021.5270296552844	1	0	1	1.0202316080112486
16200.0	1000.0	2821.527029655289	0.0	0	687.9310798456172	3021.5270296552844	1	0	1	1.0202316080112486
17200.0	1000.0	2821.5270296552885	0.0	0	619.937430207654	3021.5270296552844	1	0	1	1.0202316080112488
18200.0	1000.0	2821.527029655287	0.0	0	675.5340659988979	3021.5270296552844	1	0	1	1.0202316080112486
19200.0	1000.0	2821.5270296552867	0.0	0	621.0408389715885	3021.5270296552844	1	0	1	1.0202316080112486
20233.10760063761	2000.0	2788.4194290176747	0.0	0	0.0	3021.527029655281	1	0	1	1.0202316080112492
21200.0	2000.0	2821.527029655285	0.0	0	51.72296049970828	3021.527029655281	1	0	1	1.7133787885711942
22200.0	2000.0	2821.5270296552817	0.0	0	254.6588042156036	3021.527029655277	1	0	1	1.713378788571195
23200.0	2000.0	2821.52702965528	0.0	0	583.0881314515027	3021.5270296552735	1	0	1	1.7133787885711957
24200.0	2000.0	2821.527029655282	0.0	0	343.92013504789793	3021.5270296552735	1	0	1	1.7133787885711957
25391.36931298519	3000.0	2630.157716670092	0.0	0	0.0	3021.52702965527	1	0	1	1.7133787885711964
27858.08423739505	3000.0	1163.4427922602322	0.0	0	0.0	3021.52702965527	1	0	1	2.118843896679361
29213.220114839063	2000.0	808.3069148162199	0.0	0	0.0	3021.52702965527	1	0	1	1.3079136804630318
30608.507233897766	2000.0	413.01979575751795	0.0	0	0.0	3021.5270296552662	1	0	1	1.713378788571197
32198.02493037251	2000.0	290.27212728054286	466.7700279977707	0	0.0	3488.297057653039	1	0	1	-1.1934988352741294
32953.86474198177	2000.0	637.5000235808363	103.06770790954698	0	0.0	3591.36476556259	1	0	1	0.9585379004743584
33663.528706688005	2000.0	927.8360588746111	0.0	0	0.0	3591.364765562601	1	0	1	1.5769441479316386
34919.30894752061	2000.0	672.0558180420103	0.0	0	0.0	3591.3647655626046	1	0	1	1.576944147931636
35372.11556514388	1000.0	1219.2492004187407	0.0	0	0.0	3591.364765562608	1	0	1	0.19064978681174527
36062.127355452256	1000.0	1529.2374101103671	0.0	0	0.0	3591.364765562608	1	0	1	0.8837969673716892
36478.28039347484	1000.0	2071.4690682855216	0.0	0	0.0	3549.7494617603443	1	0	2	0.49311278580668594
37049.37012386032	1000.0	2443.2703648614934	0.0	0	0.0	3492.6404887218014	1	0	2	0.7071924232677631
38066.90508758164	1000.0	2323.9819047680376	0.0	0	0.0	3390.8869923496677	1	0	2	0.7336144816293628
38837.92895099839	1000.0	2475.85565500962	0.0	0	0.0	3313.7846060079974	1	0	2	0.7545929741277507
39319.86663286198	1000.0	2945.7242049596707	0.0	0	0.0	3265.590837821641	1	0	2	0.7670587403972511
40200.0	1000.0	2977.5775011078476	0.0	0	471.2693487624201	3177.5775011078367	1	0	2	0.78130058456588
41200.0	1000.0	2877.5775011078495	0.0	0	538.6373974572707	3077.5775011078367	1	0	2	0.8018165638598815
42200.0	1000.0	2777.577501107848	0.0	0	613.1594474633966	2977.5775011078294	1	0	2	0.8208916844765511
43200.0	1000.0	2677.5775011078445	0.0	0	563.4108792002517	2877.5775011078294	1	0	2	0.8385064930469931
44200.0	1000.0	2577.5775011078517	0.0	0	654.9820955550313	2777.5775011078367	1	0	2	0.8544766556190599
45200.0	1000.0	2477.577501107845	0.0	0	648.4852515891471	2677.5775011078367	1	0	2	0.8690949449067309
46353.93844215992	2000.0	2208.2452147319445	0.0	0	0.0	2562.1836568918516	1	0	2	0.8850345301082116
47816.18434045589	2000.0	1599.7747266063761	0.0	0	0.0	2415.9590670622492	1	0	2	1.5945723846097892
49113.34647345338	2000.0	1172.8963803091428	0.0	0	0.0	2286.242853762509	1	0	2	1.6087673356219458
49969.855098897526	2000.0	1230.7368923205804	0.0	0	0.0	2200.591991218098	1	0	2	1.6178017726036478
50698.716298925036	2000.0	1428.9895722903186	0.0	0	0.0	2127.7058712153375	1	0	2	1.6240958800670435
51379.216323020875	2000.0	1680.439545784891	0.0	0	0.0	2059.655868805741	1	0	2	1.6294632735274155
52200.0	2000.0	1777.5775011078476	0.0	0	161.66046100422682	1977.577501107815	1	0	2	1.6346697227280367
53200.0	2000.0	1677.5775011078504	0.0	0	492.84598044807353	1877.577501107815	1	0	2	1.6406879580257843
54216.77545401519	2000.0	1559.1245016911398	0.0	0	30.756744963568053	1775.8999557062925	1	0	2	1.6470827026939385
55333.386980369025	2000.0	1330.8518227019179	0.0	0	0.0	1664.2388030709117	1	0	2	1.6539598417296555
56769.11835823524	2000.0	751.5473070490815	0.0	0	0.0	1520.665665284294	1	0	2	1.6602224665090446
58619.33937667533	2000.0	200.0	439.72346657728554	0	0.0	1819.3393766753288	1	0	2	-0.9875762239072428
60107.692497180884	2000.0	338.9439684209917	627.2970889265492	0	0.0	2446.6364656018777	1	0	1	-2.1679775557891583
61448.16518336112	2000.0	307.2333037121173	308.7620214713612	0	0.0	2755.3984870732384	1	0	1	-0.09564708986619042
62365.97692665126	2000.0	569.9755642627503	180.55400384077018	0	0.0	2935.952490914002	1	0	1	0.6452270058295417
63094.44499804301	2000.0	841.507492871004	0.0	0	0.0	2935.952490914009	1	0	1	1.7285510288741615
64009.04230070872	2000.0	926.9101902052834	0.0	0	0.0	2935.952490914009	1	0	1	1.7285510288741615
64887.96708180308	2000.0	1047.985409110926	0.0	0	0.0	2935.9524909140164	1	0	1	1.7285510288741603
65662.28133585576	1000.0	1273.671155058239	0.0	0	0.0	2935.952490914009	1	0	1	0.34225666775427055
66468.84753170852	1000.0	1467.1049592054771	0.0	0	0.0	2935.9524909140237	1	0	1	1.035403848314214
67140.58299971843	1000.0	1795.369491195564	0.0	0	0.0	2935.9524909140164	1	0	1	1.0354038483142152
67803.6491657061	1000.0	2132.303325207903	0.0	0	0.0	2935.9524909140237	1	0	1	1.0354038483142147
68563.5589109846	1000.0	2372.393579929372	0.0	0	0.0	2935.952490914002	1	0	1	1.0354038483142167
69200.0	1000.0	2735.9524909139745	0.0	0	194.5340067051875	2935.952490914002	1	0	1	1.0354038483142176
70200.0	1000.0	2735.9524909139627	0.0	0	576.8929136043444	2935.952490914002	1	0	1	1.0354038483142176
71200.0	1000.0	2735.9524909139714	0.0	0	601.2341006200295	2935.952490914002	1	0	1	1.0354038483142176
72200.0	1000.0	2735.952490913957	0.0	0	518.5039721340436	2935.952490914002	1	0	1	1.0354038483142176
73200.0	1000.0	2735.952490913963	0.0	0	480.92791330598993	2935.952490914002	1	0	1	1.0354038483142176
74200.0	1000.0	2735.9524909139604	0.0	0	598.619725461409	2935.952490914002	1	0	1	1.0354038483142176
75200.0	1000.0	2735.9524909139504	0.0	0	619.2887681612629	2935.952490914002	1	0	1	1.0354038483142176
76200.0	1000.0	2735.9524909139577	0.0	0	369.344438207816	2935.952490914002	1	0	1	1.0354038483142176
77313.7992448793	2000.0	2622.1532460346643	0.0	0	0.0	2935.952490914002	1	0	1	1.0354038483142176
78200.0	2000.0	2735.952490913951	0.0	0	84.50611237324483	2935.952490914002	1	0	1	1.728551028874163
79416.10635331653	2000.0	2519.8461375974207	0.0	0	0.0	2935.9524909139873	1	0	1	1.7285510288741655
80451.89328322478	2000.0	2484.0592076891685	0.0	0	0.0	2935.9524909139873	1	0	1	1.7285510288741655
81293.0005098224	2000.0	2642.951981091541	0.0	0	0.0	2935.9524909139873	1	0	1	1.7285510288741655
82200.0	2000.0	2735.952490913948	0.0	0	56.00827818077232	2935.9524909139873	1	0	1	1.7285510288741655
83200.0	2000.0	2735.9524909139377	0.0	0	164.6400144109357	2935.9524909139873	1	0	1	1.7285510288741655
84200.0	2000.0	2735.9524909139236	0.0	0	187.76013716599846	2935.9524909139873	1	0	1	1.7285510288741655
85200.0	2000.0	2735.952490913927	0.0	0	68.87646264182695	2935.9524909139873	1	0	1	1.7285510288741655
86623.64470064016	2000.0	2312.3077902737778	0.0	0	0.0	2935.9524909139873	1	0	1	1.7285510288741655
87763.10769277415	2000.0	2172.844798139792	0.0	0	0.0	2935.9524909139873	1	0	1	1.7285510288741655
88629.79238331002	2000.0	2306.16010760393	0.0	0	0.0	2935.9524909139873	1	0	1	1.7285510288741655
89771.84979032326	2000.0	2164.1027005906963	0.0	0	0.0	2935.9524909139873	1	0	1	1.7285510288741655
90726.02495422178	2000.0	2209.9275366921784	0.0	0	0.0	2935.9524909139873	1	0	1	1.7285510288741655
92298.07601518053	2000.0	1637.8764757334166	0.0	0	0.0	2935.9524909139873	1	0	1	1.7285510288741655
93671.24481999145	2000.0	1264.7076709224805	0.0	0	0.0	2935.9524909139873	1	0	1	1.7285510288741655
94238.36576830354	1000.0	1697.5867226103892	0.0	0	0.0	2935.9524909139873	1	0	1	0.342256667754275
94810.95922923801	1000.0	2124.9932616759197	0.0	0	0.0	2935.9524909139873	1	0	1	1.03540384831422
95200.0	1000.0	2735.952490913923	0.0	0	19.402697739642463	2935.9524909139873	1	0	1	1.03540384831422
96200.0	1000.0	2735.9524909139323	0.0	0	427.0273661510291	2935.9524909139873	1	0	1	1.03540384831422
97200.0	1000.0	2735.9524909139204	0.0	0	591.6127774814231	2935.9524909139727	1	0	1	1.0354038483142227
98200.0	1000.0	2735.95249091392	0.0	0	445.2476399973093	2935.9524909139727	1	0	1	1.0354038483142227
99200.0	1000.0	2735.9524909139045	0.0	0	548.2031934542756	2935.9524909139727	1	0	1	1.0354038483142227
100200.0	2000.0	2735.9524909139022	0.0	0	500.03819819203636	2935.952490913958	1	0	1	1.035403848314225
101200.0	2000.0	2735.9524909138936	0.0	0	215.81009242581786	2935.952490913958	1	0	1	1.7285510288741701
102200.0	2000.0	2735.952490913908	0.0	0	416.62919574549596	2935.952490913958	1	0	1	1.7285510288741701
103208.18141277024	2000.0	2727.7710781436613	0.0	0	0.0	2935.952490913958	1	0	1	1.7285510288741701
104200.0	2000.0	2735.9524909138995	0.0	0	58.783902382681845	2935.952490913958	1	0	1	1.7285510288741701
105200.0	2000.0	2735.952490913916	0.0	0	253.4335412414075	2935.952490913958	1	0	1	1.7285510288741701
106367.86769662394	2000.0	2568.084794289964	0.0	0	0.0	2935.952490913958	1	0	1	1.7285510288741701
107216.48647927558	2000.0	2719.46601163832	0.0	0	0.0	2935.952490913958	1	0	1	1.7285510288741701
108664.20675545081	2000.0	2271.7457354631	0.0	0	0.0	2935.952490913958	1	0	1	1.7285510288741701
109730.51497766958	2000.0	2205.4375132443333	0.0	0	0.0	2935.952490913958	1	0	1	1.7285510288741701
111144.25350067783	2000.0	1791.6989902360565	0.0	0	0.0	2935.9524909139436	1	0	1	1.7285510288741726
112057.0577185032	2000.0	1878.8947724106724	0.0	0	0.0	2935.9524909139436	1	0	1	1.7285510288741726
112704.61961082066	2000.0	2231.3328800931945	0.0	0	0.0	2935.9524909139436	1	0	1	1.7285510288741726
113267.10644223908	2000.0	2668.8460486747786	0.0	0	0.0	2935.9524909139436	1	0	1	1.7285510288741726
114200.0	2000.0	2735.952490913846	0.0	0	288.08414921173244	2935.9524909139436	1	0	1	1.7285510288741726
115306.15628662492	2000.0	2629.7962042889244	0.0	0	0.0	2935.9524909139436	1	0	1	1.7285510288741726
116276.06246924176	2000.0	2659.8900216720845	0.0	0	0.0	2935.9524909139436	1	0	1	1.7285510288741726
117200.0	1000.0	2735.952490913832	0.0	0	161.8492156045686	2935.9524909139436	1	0	1	0.34225666775428243
118200.0	1000.0	2735.952490913839	0.0	0	91.62193336359633	2935.9524909139436	1	0	1	1.0354038483142276
119200.0	1000.0	2735.9524909138304	0.0	0	252.38571011640306	2935.9524909139436	1	0	1	1.0354038483142276
120200.0	1000.0	2735.952490913824	0.0	0	342.4109910372499	2935.9524909139436	1	0	1	1.0354038483142276
121200.0	1000.0	2735.952490913842	0.0	0	164.8568359764904	2935.952490913958	1	0	1	1.0354038483142252
122200.0	1000.0	2735.9524909138395	0.0	0	281.8913612486358	2935.952490913958	1	0	1	1.0354038483142252
123200.0	1000.0	2735.9524909138413	0.0	0	410.6403564803186	2935.9524909139727	1	0	1	1.0354038483142227
124200.0	1000.0	2735.9524909138486	0.0	0	409.70802235705196	2935.9524909139727	1	0	1	1.0354038483142227
125200.0	1000.0	2735.9524909138636	0.0	0	257.4298168384994	2935.9524909139873	1	0	1	1.03540384831422
126200.0	1000.0	2735.9524909138595	0.0	0	191.35067314370826	2935.9524909139873	1	0	1	1.03540384831422
127200.0	1000.0	2735.952490913882	0.0	0	252.9268841772864	2935.952490914002	1	0	1	1.0354038483142176
128200.0	1000.0	2735.952490913888	0.0	0	313.80209834937705	2935.952490914002	1	0	1	1.0354038483142176
129200.0	1000.0	2735.952490913892	0.0	0	403.01490281261795	2935.952490914002	1	0	1	1.0354038483142176
130200.0	1000.0	2735.9524909138945	0.0	0	452.0399870593683	2935.952490914002	1	0	1	1.0354038483142176
131200.0	1000.0	2735.9524909138936	0.0	0	627.2486893222376	2935.952490914002	1	0	1	1.0354038483142176
132200.0	1000.0	2735.9524909139127	0.0	0	669.3376628291444	2935.9524909140164	1	0	1	1.035403848314216
133200.0	1000.0	2735.9524909139327	0.0	0	752.4249613815628	2935.952490914031	1	0	1	1.0354038483142147
134200.0	1000.0	2735.9524909139272	0.0	0	851.757525112509	2935.952490914002	1	0	1	1.035403848314216
135200.0	2000.0	2735.952490913895	0.0	0	605.3183438184205	2935.952490914002	1	0	1	1.0354038483142176
136200.0	2000.0	2735.952490913879	0.0	0	347.6198937202862	2935.952490914031	1	0	1	1.728551028874158
137200.0	2000.0	2735.9524909138895	0.0	0	346.0789387463301	2935.952490914031	1	0	1	1.728551028874158
138200.0	3000.0	2735.9524909139245	0.0	0	90.53863557291334	2935.952490914031	1	0	1	1.7285510288741581
139633.29060869807	3000.0	2302.6618822158703	0.0	0	0.0	2935.952490914031	1	0	1	2.1340161369823227
140348.7507814635	3000.0	2587.2017094504617	0.0	0	0.0	2935.952490914031	1	0	1	2.1340161369823227
141491.47640772056	3000.0	2444.476083193366	0.0	0	0.0	2935.952490914002	1	0	1	2.1340161369823276
142338.26206967817	3000.0	2597.6904212357485	0.0	0	0.0	2935.952490914002	1	0	1	2.1340161369823276
143252.83760908103	3000.0	2683.114881832905	0.0	0	0.0	2935.952490914031	1	0	1	2.1340161369823227
144490.0362677433	3000.0	2445.916223170623	0.0	0	0.0	2935.952490914002	1	0	1	2.1340161369823276
145994.1953189305	3000.0	1941.7571719834455	0.0	0	0.0	2935.952490914002	1	0	1	2.1340161369823276
146926.87510052102	3000.0	2009.0773903929262	0.0	0	0.0	2935.952490914002	1	0	1	2.1340161369823276
147814.5296045557	3000.0	2121.4228863582666	0.0	0	0.0	2935.952490914002	1	0	1	2.1340161369823276
148531.11973934795	3000.0	2404.832751565998	0.0	0	0.0	2935.952490914002	1	0	1	2.1340161369823276
149200.0	3000.0	2735.9524909139504	0.0	0	147.21541037186398	2935.952490914002	1	0	1	2.1340161369823276
150200.0	3000.0	2735.952490913991	0.0	0	136.22051425970858	2935.952490914002	1	0	1	2.1340161369823276
151200.0	3000.0	2735.952490914002	0.0	0	166.13259827063303	2935.952490914002	1	0	1	2.1340161369823276
152200.0	3000.0	2735.9524909140214	0.0	0	26.583019157435047	2935.952490914031	1	0	1	2.1340161369823227
153200.0	3000.0	2735.952490914021	0.0	0	54.87266814475879	2935.95249091406	1	0	1	2.1340161369823187
154497.28290798434	3000.0	2438.6695829296536	0.0	0	0.0	2935.95249091406	1	0	1	2.134016136982318
156486.6669196849	3000.0	1449.285571229092	0.0	0	0.0	2935.952490914089	1	0	1	2.1340161369823147
158447.33747758484	3000.0	488.6150133291551	0.0	0	0.0	2935.952490914089	1	0	1	2.1340161369823125
160246.26474947325	2000.0	200.0	510.31225855924254	0	0.0	3446.264749473339	1	0	1	-1.8373838942430494
161434.5987086399	2000.0	285.0869977181927	273.4209568848506	0	0.0	3719.685706358112	1	0	1	-0.1045812578104246
162787.71741714334	2000.0	351.50351184373994	419.5352226289698	0	0.0	4139.220928987052	1	0	1	-1.1486499411584288
163849.4846242747	2000.0	500.7714175975236	211.03511288513778	0	0.0	4350.25604187217	1	0	1	-0.0037744292767734056
164208.06750662936	1000.0	1142.1885352428264	0.0	0	0.0	4350.2560418721405	1	0	1	-0.12385811308581163
164694.99697035918	1000.0	1606.566125140042	0.0	0	0.0	4301.563095499208	1	0	2	0.18922512984645717
165001.68144445488	1000.0	2269.2132036347675	0.0	0	0.0	4270.894648089656	1	0	2	0.40728409801394716
165390.22605531372	1000.0	2841.814131690022	0.0	0	0.0	4232.040187003731	1	0	2	0.4257057345888195
165705.1377826181	1000.0	3495.411231655189	0.0	0	0.0	4200.549014273274	1	0	2	0.44293750979375135
166232.46114810844	2000.0	3915.3555296158333	0.0	0	0.0	4147.816677724244	1	0	2	0.4650794562502544
167200.0	2000.0	3851.0627925351246	0.0	0	487.1021267005999	4051.0627925350564	1	0	2	1.1909524296532408
168321.92491047105	2000.0	3616.9453910170237	0.0	0	0.0	3938.870301488001	1	0	2	1.2416835231848253
169232.27828027646	2000.0	3615.5566842310823	0.0	0	0.0	3847.834964507463	1	0	2	1.2825379476920424
170200.0	2000.0	3551.0627925352005	0.0	0	72.36065885022981	3751.0627925351146	1	0	2	1.3163220065855596
171200.0	2000.0	3451.0627925351587	0.0	0	359.2012228045205	3651.0627925351146	1	0	2	1.3464505898961023
172200.0	3000.0	3351.0627925351614	0.0	0	350.22143425038666	3551.0627925351146	1	0	2	1.3776217737223702
173200.0	3000.0	3251.062792535178	0.0	0	324.7745173604926	3451.0627925351146	1	0	2	1.8121840969855754
174249.76146138532	3000.0	3096.325185011319	0.0	0	0.0	3346.0866463965795	1	0	2	1.840053039042905
176541.65189287093	3000.0	1575.2457103771833	0.0	0	0.0	3116.8976032480423	1	0	2	1.8856734517451859
178089.08114378803	2000.0	873.0735343683839	0.0	0	0.0	2962.1546781563375	1	0	2	1.110864629349859
179565.55809756092	2000.0	396.59658059549974	0.0	0	0.0	2962.1546781563375	1	0	1	1.5240299338903038
180934.83808717274	2000.0	284.4763165046296	257.1597255209584	0	0.0	3219.314403677272	1	0	1	0.1305446940444911
181749.15446612574	2000.0	610.8679807320794	140.70804318044367	0	0.0	3360.022446857736	1	0	1	0.7963244938643415
182704.0468329305	2000.0	655.9756139272955	0.0	0	0.0	3360.022446857736	1	0	1	1.6405727529470036
183228.26513031687	1000.0	1131.757316540909	0.0	0	0.0	3360.022446857707	1	0	1	0.2542783918271204
183887.5573685671	1000.0	1472.4650782906754	0.0	0	0.0	3360.022446857678	1	0	1	0.9474255723870729
184590.1222469317	1000.0	1769.900199926034	0.0	0	0.0	3360.022446857649	1	0	1	0.94742557238708
185066.68897218007	1000.0	2293.333474677674	0.0	0	0.0	3360.022446857649	1	0	1	0.94742557238708
185806.54122214692	1000.0	2553.4812247108366	0.0	0	0.0	3360.022446857678	1	0	1	0.9474255723870786
186784.6717220806	1000.0	2575.3507247771904	0.0	0	0.0	3360.022446857678	1	0	1	0.9474255723870685
187527.68522651587	1000.0	2832.33722034191	0.0	0	0.0	3360.022446857678	1	0	1	0.9474255723870729
188200.0	1000.0	3160.0224468577962	0.0	0	172.06477948755492	3360.022446857678	1	0	1	0.9474255723870729
189200.0	1000.0	3160.0224468578103	0.0	0	563.1562562386971	3360.022446857678	1	0	1	0.9474255723870729
190200.0	1000.0	3160.022446857833	0.0	0	521.3964254692546	3360.022446857707	1	0	1	0.9474255723870656
191200.0	1000.0	3160.0224468578535	0.0	0	661.7015263682988	3360.022446857736	1	0	1	0.9474255723870584
192200.0	1000.0	3160.022446857876	0.0	0	675.8607437483442	3360.022446857736	1	0	1	0.9474255723870584
193200.0	1000.0	3160.0224468578645	0.0	0	663.0602933161426	3360.022446857736	1	0	1	0.9474255723870584
194200.0	2000.0	3160.0224468578635	0.0	0	211.84370206278982	3360.022446857736	1	0	1	0.9474255723870584
195200.0	2000.0	3160.0224468578535	0.0	0	28.05142160068499	3360.022446857736	1	0	1	1.6405727529470036
196246.48698792176	2000.0	3113.535458936115	0.0	0	0.0	3360.022446857736	1	0	1	1.6405727529470036
197200.0	2000.0	3160.0224468578785	0.0	0	7.71260655549122	3360.0224468577653	1	0	1	1.6405727529469962
198314.44892155222	2000.0	3045.5735253056523	0.0	0	0.0	3360.0224468577653	1	0	1	1.6405727529469962
199200.0	2000.0	3160.022446857869	0.0	0	175.7477374948212	3360.022446857736	1	0	1	1.6405727529470036
200200.0	2000.0	3160.022446857869	0.0	0	287.88068493502215	3360.022446857707	1	0	1	1.640572752947009
201200.0	2000.0	3160.0224468578667	0.0	0	488.663138245407	3360.0224468577653	1	0	1	1.6405727529469991
202200.0	2000.0	3160.022446857844	0.0	0	480.0007256179233	3360.0224468577653	1	0	1	1.6405727529469962
203200.0	2000.0	3160.022446857879	0.0	0	365.8527523036173	3360.0224468577653	1	0	1	1.6405727529469962
204446.9985210967	2000.0	2913.023925761185	0.0	0	0.0	3360.0224468577944	1	0	1	1.640572752946989
205231.83413121587	2000.0	3128.1883156420304	0.0	0	0.0	3360.0224468577944	1	0	1	1.640572752946989
207063.94912410097	2000.0	2296.073322756924	0.0	0	0.0	3360.0224468577944	1	0	1	1.640572752946989
208844.69837686332	2000.0	1515.3240699945477	0.0	0	0.0	3360.0224468577653	1	0	1	1.6405727529469918
209891.16825075523	2000.0	1468.8541961026285	0.0	0	0.0	3360.022446857736	1	0	1	1.6405727529470036
211038.41033114845	2000.0	1321.6121157094324	0.0	0	0.0	3360.0224468577653	1	0	1	1.6405727529469991
211845.8774728724	2000.0	1514.1449739855027	0.0	0	0.0	3360.0224468578235	1	0	1	1.6405727529469845
212715.62261470736	2000.0	1644.3998321505678	0.0	0	0.0	3360.0224468578526	1	0	1	1.6405727529469742
213297.77339851423	2000.0	2062.249048343694	0.0	0	0.0	3360.0224468578526	1	0	1	1.6405727529469742
214290.00174895537	2000.0	2070.0206979025484	0.0	0	0.0	3360.0224468578817	1	0	1	1.6405727529469674
215053.29013943442	1000.0	2306.732307423508	0.0	0	0.0	3360.0224468578817	1	0	1	0.2542783918270771
215758.76523772915	1000.0	2601.2572091287884	0.0	0	0.0	3360.0224468578817	1	0	1	0.9474255723870265
216312.00026888837	1000.0	3048.0221779695707	0.0	0	0.0	3360.0224468578526	1	0	1	0.9474255723870294
217200.0	1000.0	3160.0224468579177	0.0	0	155.19182072940748	3360.0224468578526	1	0	1	0.9474255723870294
218200.0	1000.0	3160.022446857905	0.0	0	283.39229494158644	3360.0224468578235	1	0	1	0.9474255723870367
219200.0	1000.0	3160.0224468578795	0.0	0	437.9355926749122	3360.0224468578235	1	0	1	0.9474255723870367
220200.0	1000.0	3160.0224468578563	0.0	0	459.25907167672995	3360.0224468578526	1	0	1	0.9474255723870294
221200.0	1000.0	3160.022446857854	0.0	0	407.7538709336368	3360.0224468578526	1	0	1	0.9474255723870266
222200.0	1000.0	3160.022446857876	0.0	0	430.106319624756	3360.0224468578526	1	0	1	0.9474255723870294
223200.0	1000.0	3160.0224468578604	0.0	0	457.9964343002357	3360.0224468577944	1	0	1	0.9474255723870411
224200.0	1000.0	3160.022446857887	0.0	0	464.01968114305055	3360.0224468577944	1	0	1	0.9474255723870438
225200.0	1000.0	3160.022446857882	0.0	0	558.0414091905404	3360.0224468577653	1	0	1	0.9474255723870512
226200.0	2000.0	3160.022446857891	0.0	0	283.48186411501956	3360.0224468577653	1	0	1	0.947425572387051
227200.0	2000.0	3160.0224468579017	0.0	0	320.23130514731747	3360.0224468577653	1	0	1	1.6405727529469962
228545.99586133938	2000.0	2814.0265855185185	0.0	0	0.0	3360.0224468577653	1	0	1	1.6405727529469962
229425.23612699745	2000.0	2934.7863198604477	0.0	0	0.0	3360.022446857736	1	0	1	1.6405727529470036
230604.61301430926	2000.0	2755.4094325486485	0.0	0	0.0	3360.0224468577653	1	0	1	1.6405727529469962
231528.05990794708	2000.0	2831.962538910839	0.0	0	0.0	3360.022446857736	1	0	1	1.6405727529470036
232207.16819023583	2000.0	3152.8542566220876	0.0	0	0.0	3360.022446857736	1	0	1	1.6405727529470036
233200.0	2000.0	3160.0224468578954	0.0	0	46.64368713600561	3360.022446857736	1	0	1	1.6405727529470036
234200.0	2000.0	3160.0224468578717	0.0	0	229.60028238146333	3360.022446857736	1	0	1	1.6405727529470036
235412.84387403823	2000.0	2947.1785728196623	0.0	0	0.0	3360.022446857707	1	0	1	1.640572752947009
236437.614835009	2000.0	2922.4076118489147	0.0	0	0.0	3360.022446857707	1	0	1	1.6405727529470107
237200.0	2000.0	3160.022446857929	0.0	0	19.62350288950256	3360.022446857707	1	0	1	1.6405727529470107
238200.0	2000.0	3160.0224468579236	0.0	0	250.47253210513736	3360.022446857736	1	0	1	1.6405727529470064
239254.92892502807	2000.0	3105.0935218298514	0.0	0	0.0	3360.022446857707	1	0	1	1.640572752947009
240770.78361139467	2000.0	2589.2388354632685	0.0	0	0.0	3360.022446857707	1	0	1	1.6405727529470107
242597.59897404126	2000.0	1762.4234728166996	0.0	0	0.0	3360.022446857736	1	0	1	1.6405727529470036
243169.0144419842	1000.0	2191.0080048737354	0.0	0	0.0	3360.022446857736	1	0	1	0.2542783918271132
243548.90669083482	1000.0	2811.1157560231445	0.0	0	0.0	3360.022446857736	1	0	1	0.9474255723870584
244200.0	1000.0	3160.0224468579745	0.0	0	213.824803560914	3360.022446857736	1	0	1	0.9474255723870584
245200.0	1000.0	3160.02244685797	0.0	0	506.470852933242	3360.022446857736	1	0	1	0.9474255723870584
246200.0	1000.0	3160.0224468579836	0.0	0	641.3522128790501	3360.022446857736	1	0	1	0.9474255723870584
247200.0	2000.0	3160.022446857955	0.0	0	120.32667504582787	3360.022446857707	1	0	1	0.9474255723870655
248200.0	2000.0	3160.0224468579595	0.0	0	423.375370630878	3360.022446857736	1	0	1	1.6405727529470036
249200.0	2000.0	3160.0224468579636	0.0	0	368.4228540106851	3360.022446857736	1	0	1	1.6405727529470036
250200.0	2000.0	3160.0224468579972	0.0	0	443.49150643558824	3360.0224468577944	1	0	1	1.640572752946992
251200.0	2000.0	3160.02244685799	0.0	0	360.1549745706434	3360.0224468577653	1	0	1	1.6405727529469931
252271.42036604235	2000.0	3088.602080815623	0.0	0	0.0	3360.0224468577653	1	0	1	1.6405727529469962
253200.0	2000.0	3160.022446857987	0.0	0	239.83047632849775	3360.0224468577653	1	0	1	1.6405727529469962
254200.0	2000.0	3160.022446857991	0.0	0	351.2659135047579	3360.0224468577944	1	0	1	1.640572752946989
255200.0	2000.0	3160.02244685801	0.0	0	360.5633979556733	3360.0224468578526	1	0	1	1.6405727529469774
256200.0	2000.0	3160.022446857996	0.0	0	261.87753666751087	3360.0224468578235	1	0	1	1.6405727529469818
257632.92239533132	2000.0	2727.1000515266887	0.0	0	0.0	3360.0224468578526	1	0	1	1.6405727529469742
258554.43833789913	2000.0	2805.5841089589053	0.0	0	0.0	3360.0224468578526	1	0	1	1.6405727529469742
259627.2927994286	2000.0	2732.7296474294512	0.0	0	0.0	3360.0224468578526	1	0	1	1.6405727529469742
260792.7770455658	2000.0	2567.2454012922626	0.0	0	0.0	3360.0224468578526	1	0	1	1.6405727529469742
261665.96228339	2000.0	2694.0601634680866	0.0	0	0.0	3360.0224468578235	1	0	1	1.6405727529469758
262631.9387321342	2000.0	2728.0837147239063	0.0	0	0.0	3360.0224468578526	1	0	1	1.640572752946973
263725.9382594879	2000.0	2634.084187370147	0.0	0	0.0	3360.0224468578235	1	0	1	1.640572752946979
265048.6593903569	2000.0	2311.3630565011936	0.0	0	0.0	3360.0224468578817	1	0	1	1.6405727529469787
265833.38815186924	1000.0	2526.634294988834	0.0	0	0.0	3360.0224468578817	1	0	1	0.2542783918270771
266816.10035550885	1000.0	2543.9220913492263	0.0	0	0.0	3360.0224468578817	1	0	1	0.9474255723870223
267945.27777694585	1000.0	2414.744669912273	0.0	0	0.0	3360.02244685794	1	0	1	0.9474255723870136
268678.0314878711	1000.0	2681.99095898707	0.0	0	0.0	3360.022446857998	1	0	1	0.9474255723869933
269539.2036302243	1000.0	2820.8188166338387	0.0	0	0.0	3360.022446857998	1	0	1	0.9474255723869933
270200.0	1000.0	3160.022446858082	0.0	0	172.25864832062507	3360.022446857998	1	0	1	0.9474255723869933
271200.0	1000.0	3160.0224468580304	0.0	0	247.68423046718817	3360.02244685794	1	0	1	0.9474255723870078
272200.0	1000.0	3160.022446858089	0.0	0	312.1878245942062	3360.02244685794	1	0	1	0.9474255723870078
273200.0	1000.0	3160.0224468581287	0.0	0	529.1479883217253	3360.02244685794	1	0	1	0.9474255723870078
274200.0	1000.0	3160.0224468581514	0.0	0	263.493059497443	3360.02244685794	1	0	1	0.9474255723870078
275200.0	1000.0	3160.0224468581555	0.0	0	37.106558140483685	3360.0224468578817	1	0	1	0.9474255723870223
276200.0	1000.0	3160.0224468581614	0.0	0	29.82441766897682	3360.0224468578817	1	0	1	0.9474255723870223
277200.0	1000.0	3160.0224468581787	0.0	0	277.5790548471268	3360.02244685794	1	0	1	0.9474255723870078
278200.0	1000.0	3160.022446858168	0.0	0	571.6409901387524	3360.02244685794	1	0	1	0.9474255723870078
279200.0	1000.0	3160.0224468581378	0.0	0	564.0098442892195	3360.0224468578817	1	0	1	0.9474255723870223
280200.0	1000.0	3160.0224468581905	0.0	0	585.9299948564731	3360.02244685794	1	0	1	0.9474255723870078
281200.0	1000.0	3160.0224468581196	0.0	0	663.952126530814	3360.02244685794	1	0	1	0.9474255723870078
282200.0	1000.0	3160.02244685809	0.0	0	771.8897088090889	3360.0224468578817	1	0	1	0.9474255723870223
283200.0	1000.0	3160.022446858085	0.0	0	776.7807920141495	3360.02244685794	1	0	1	0.9474255723870078
284200.0	2000.0	3160.022446858089	0.0	0	467.76624116761377	3360.02244685794	1	0	1	0.9474255723870018
285200.0	2000.0	3160.0224468580864	0.0	0	434.9773001472349	3360.0224468578817	1	0	1	1.6405727529469674
286200.0	2000.0	3160.022446858104	0.0	0	420.77057178056566	3360.02244685794	1	0	1	1.6405727529469585
287200.0	3000.0	3160.0224468580564	0.0	0	171.12354839185718	3360.0224468578817	1	0	1	1.6405727529469676
288200.0	3000.0	3160.0224468581187	0.0	0	23.03073491487885	3360.02244685794	1	0	1	2.046037861055118
289200.0	3000.0	3160.0224468581414	0.0	0	85.68894779210677	3360.022446857998	1	0	1	2.046037861055103
290200.0	3000.0	3160.0224468581137	0.0	0	92.09627804352203	3360.02244685794	1	0	1	2.046037861055115
291400.7784470875	3000.0	2959.2439997705383	0.0	0	0.0	3360.02244685794	1	0	1	2.046037861055118
292431.99846321665	3000.0	2928.0239836413666	0.0	0	0.0	3360.02244685794	1	0	1	2.046037861055118
293552.03057104244	3000.0	2807.9918758155595	0.0	0	0.0	3360.02244685794	1	0	1	2.046037861055118
294535.9245782799	3000.0	2824.097868578039	0.0	0	0.0	3360.02244685794	1	0	1	2.046037861055118
295574.47800292907	3000.0	2785.544443928896	0.0	0	0.0	3360.02244685794	1	0	1	2.046037861055118
296542.90915882203	3000.0	2817.1132880359464	0.0	0	0.0	3360.02244685794	1	0	1	2.046037861055118
297200.0	3000.0	3160.022446857968	0.0	0	8.990703223447781	3360.0224468578817	1	0	1	2.046037861055132
298200.0	3000.0	3160.022446857923	0.0	0	131.47435096499976	3360.0224468578817	1	0	1	2.046037861055132
299200.0	3000.0	3160.0224468578726	0.0	0	293.9622911462793	3360.0224468578817	1	0	1	2.046037861055132
300200.0	3000.0	3160.022446857896	0.0	0	351.28761690843385	3360.0224468578817	1	0	1	2.046037861055132
2.47	2.53	2.9	2.27	1.44	1.25	1.46	1.47	1.56	1.2	1.76	2.36	2.97	3.65	4.26	2.92	2.02	2.5	3.19	3.83	4.31	4.38	2.4	1.55	1.51	1.34	1.26	1.34	1.47	1.91	2.18	1.48	1.9	2.15	1.05	1.48	2.04	2.69	3.23	3.04	3.36	3.82	2.73	1.96	1.63	1.91	2.1	2.77	3.31	3.82	3.56	1.37	2.11	1.9	1.11	1.17	1.48	1.97	1.98	2.21	2.92	3.23	1.55	1.58	1.49	1.76	2.29	2.69	2.33	1.67	2.2	2.42	2.43	1.86	2.64	2.61	1.38	2.41	2.07	2.53	2.46	2.9	2.12	1.56	1.98	2.22	2.32	1.6	1.85	1.34	1.56	2.25	2.26	2.56	2.43	2.95	3.43	3.07	3.36	2.14	2.54	3.13	2.48	2.31	2.2	1.67	2.41	1.75	1.8	2.41	2.84	1.88	1.34	1.66	1.09	0.89	1.39	1.54	1.68	1.85	2.36	2.24	0.83	1.09	1.27	1.84	2.4	3.01	3.7	5.87	8.44	4.37	4.34	3.24	3.9	3.46	1.93	3.73	2.94	3.43	4.05	2.92	2.53	3.09	3.68	4.24	5.03	4.48	3.73	2.18	2.47	2.53	2.9	2.27	1.44	1.25	1.46	1.47	1.56	1.2	1.76	2.36	2.97	3.65	4.26	2.92	2.02	2.5	3.19	3.83	4.31	4.38	2.4	1.55	1.51	1.34	1.26	1.34	1.47	1.91	2.18	1.48	1.9	2.15	1.05	1.48	2.04	2.69	3.23	3.04	3.36	3.82	2.73	1.96	1.63	1.91	2.1	2.77	3.31	3.82	3.56	1.37	2.11	1.9	1.11	1.17	1.48	1.97	1.98	2.21	2.92	3.23	1.55	1.58	1.49	1.76	2.29	2.69	2.33	1.67	2.2	2.42	2.43	1.86	2.64	2.61	1.38	2.41	2.07	2.53	2.46	2.9	2.12	1.56	1.98	2.22	2.32	1.6	1.85	1.34	1.56	2.25	2.26	2.56	2.43	2.95	3.43	3.07	3.36	2.14	2.54	3.13	2.48	2.31	2.2	1.67	2.41	1.75	1.8	2.41	2.84	1.88	1.34	1.66	1.09	0.89	1.39	1.54	1.68	1.85	2.36	2.24	0.83	1.09	1.27	1.84	2.4	3.01	3.7	5.87	8.44	4.37	4.34	3.24	3.9	3.46	1.93	3.73	2.94	3.43	4.05	2.92	2.53	3.09	3.68	4.24	5.03	4.48	3.73	2.18	2.47	2.53	2.9
1.0	2.0	3.0	4.0	5.0	6.0	7.0	8.0	9.0	10.0	11.0	12.0	13.0	14.0	15.0	16.0	17.0	18.0	19.0	20.0	21.0	22.0	23.0	24.0	25.0	26.0	27.0	28.0	29.0	30.0	31.0	32.0	33.0	34.0	35.0	36.0	37.0	38.0	39.0	40.0	41.0	42.0	43.0	44.0	45.0	46.0	47.0	48.0	49.0	50.0	51.0	52.0	53.0	54.0	55.0	56.0	57.0	58.0	59.0	60.0	61.0	62.0	63.0	64.0	65.0	66.0	67.0	68.0	69.0	70.0	71.0	72.0	73.0	74.0	75.0	76.0	77.0	78.0	79.0	80.0	81.0	82.0	83.0	84.0	85.0	86.0	87.0	88.0	89.0	90.0	91.0	92.0	93.0	94.0	95.0	96.0	97.0	98.0	99.0	100.0	101.0	102.0	103.0	104.0	105.0	106.0	107.0	108.0	109.0	110.0	111.0	112.0	113.0	114.0	115.0	116.0	117.0	118.0	119.0	120.0	121.0	122.0	123.0	124.0	125.0	126.0	127.0	128.0	129.0	130.0	131.0	132.0	133.0	134.0	135.0	136.0	137.0	138.0	139.0	140.0	141.0	142.0	143.0	144.0	145.0	146.0	147.0	148.0	149.0	149.0	150.0	151.0	152.0	153.0	154.0	155.0	156.0	157.0	158.0	159.0	160.0	161.0	162.0	163.0	164.0	165.0	166.0	167.0	168.0	169.0	170.0	171.0	172.0	173.0	174.0	175.0	176.0	177.0	178.0	179.0	180.0	181.0	182.0	183.0	184.0	185.0	186.0	187.0	188.0	189.0	190.0	191.0	192.0	193.0	194.0	195.0	196.0	197.0	198.0	199.0	200.0	201.0	202.0	203.0	204.0	205.0	206.0	207.0	208.0	209.0	210.0	211.0	212.0	213.0	214.0	215.0	216.0	217.0	218.0	219.0	220.0	221.0	222.0	223.0	224.0	225.0	226.0	227.0	228.0	229.0	230.0	231.0	232.0	233.0	234.0	235.0	236.0	237.0	238.0	239.0	240.0	241.0	242.0	243.0	244.0	245.0	246.0	247.0	248.0	249.0	250.0	251.0	252.0	253.0	254.0	255.0	256.0	257.0	258.0	259.0	260.0	261.0	262.0	263.0	264.0	265.0	266.0	267.0	268.0	269.0	270.0	271.0	272.0	273.0	274.0	275.0	276.0	277.0	278.0	279.0	280.0	281.0	282.0	283.0	284.0	285.0	286.0	287.0	288.0	289.0	290.0	291.0	292.0	293.0	294.0	295.0	296.0	297.0	298.0	298.0	299.0	300.0	301.0
2660.864564949323
