3019.7773823929133	300.0	2000.0	188.4629932608888	0	0.0	3019.7773823929133	1	0	1	-1.307045941756896
3256.499003978662	300.0	2763.278378414251	0.0	0	0.0	3019.7773823929133	1	0	1	-0.18341906375021474
4200.0	300.0	2819.777382392913	0.0	0	759.0503552335049	3019.777382392913	1	0	1	-0.18341906375021472
5200.0	300.0	2719.7773823929138	0.0	0	731.844279783214	2919.7773823929133	1	0	2	-0.5727387341235548
6200.0	500.0	2719.7773823929133	0.0	0	602.477444394528	2919.777382392913	1	0	1	-0.3658313648872928
7200.0	500.0	2719.7773823929133	0.0	0	674.6424745762906	2919.777382392913	1	0	1	0.34499425887869833
8200.0	500.0	2719.7773823929124	0.0	0	584.0616318842531	2919.777382392913	1	0	1	0.34499425887869833
9200.0	500.0	2719.777382392913	0.0	0	570.6735622555152	2919.7773823929138	1	0	1	0.3449942588786983
10200.0	1000.0	2719.7773823929124	0.0	0	267.7839208825444	2919.7773823929138	1	0	1	0.3449942588786982
11200.0	1000.0	2619.7773823929124	0.0	0	236.34951790747255	2819.777382392913	1	0	2	0.6485179134249273
12200.0	1000.0	2619.7773823929124	0.0	0	341.79137581217765	2819.777382392911	1	0	1	0.8541960905361318
13200.0	1000.0	2619.7773823929106	0.0	0	235.4866729753121	2819.777382392911	1	0	1	1.054196090536132
14200.0	1000.0	2619.7773823929115	0.0	0	517.5812998957608	2819.777382392909	1	0	1	1.0541960905361323
15200.0	1000.0	2619.777382392909	0.0	0	389.5534725486468	2819.777382392911	1	0	1	1.054196090536132
16231.10343065777	1000.0	2588.6739517351384	0.0	0	0.0	2819.777382392911	1	0	1	1.054196090536132
17200.0	1000.0	2619.77738239291	0.0	0	53.97582732117007	2819.777382392913	1	0	1	1.0541960905361318
18200.0	1000.0	2619.777382392908	0.0	0	474.3472766861305	2819.777382392909	1	0	1	1.0541960905361318
19200.0	1000.0	2619.777382392909	0.0	0	200.99251045583514	2819.777382392911	1	0	1	1.0541960905361325
20230.46495933136	1000.0	2589.312423061551	0.0	0	0.0	2819.777382392913	1	0	1	1.0541960905361316
21200.0	1000.0	2619.777382392913	0.0	0	339.4921926170937	2819.7773823929165	1	0	1	1.0541960905361312
22200.0	1000.0	2619.7773823929138	0.0	0	335.9415345402922	2819.7773823929165	1	0	1	1.0541960905361312
23200.0	1000.0	2619.7773823929197	0.0	0	164.18902746682215	2819.7773823929165	1	0	1	1.0541960905361312
24223.114842171617	1000.0	2596.662540221303	0.0	0	0.0	2819.7773823929165	1	0	1	1.0541960905361312
25200.0	1000.0	2619.7773823929215	0.0	0	252.34465762020045	2819.7773823929165	1	0	1	1.0541960905361312
26200.0	1000.0	2619.7773823929238	0.0	0	160.86112055855483	2819.77738239292	1	0	1	1.0541960905361305
27354.488654461296	1000.0	2465.288727931627	0.0	0	0.0	2819.77738239292	1	0	1	1.0541960905361305
28228.35794432092	1000.0	2591.419438072002	0.0	0	0.0	2819.77738239292	1	0	1	1.0541960905361305
29200.0	1000.0	2619.7773823929206	0.0	0	254.82908929433324	2819.77738239292	1	0	1	1.0541960905361305
30200.0	1000.0	2619.7773823929215	0.0	0	333.5316802273519	2819.7773823929165	1	0	1	1.0541960905361312
31200.0	1000.0	2619.7773823929215	0.0	0	517.437382024691	2819.7773823929165	1	0	1	1.0541960905361312
32200.0	1000.0	2619.7773823929247	0.0	0	168.63907236042724	2819.77738239292	1	0	1	1.0541960905361305
33200.0	1000.0	2519.777382392923	0.0	0	184.2357329451479	2719.7773823929238	1	0	2	0.6641511996411201
34200.0	1000.0	2519.777382392918	0.0	0	208.23487913331337	2719.77738239292	1	0	1	0.8688395489888783
35200.0	1000.0	2519.777382392921	0.0	0	445.425138347513	2719.7773823929274	1	0	1	1.0688395489888782
36200.0	1000.0	2519.7773823929197	0.0	0	241.34255054495588	2719.7773823929238	1	0	1	1.0688395489888782
37200.0	1000.0	2519.7773823929174	0.0	0	113.07851798060437	2719.7773823929238	1	0	1	1.0688395489888782
38200.0	1000.0	2419.7773823929197	0.0	0	104.29838989524433	2619.777382392931	1	0	2	0.6784987857691608
39200.0	1000.0	2419.7773823929188	0.0	0	412.1684572971062	2619.7773823929238	1	0	1	0.8821860693914568
40200.0	1000.0	2419.777382392924	0.0	0	349.99909918787307	2619.7773823929238	1	0	1	1.0821860693914571
41200.0	1000.0	2419.777382392931	0.0	0	410.92867362569814	2619.7773823929238	1	0	1	1.0821860693914571
42200.0	1000.0	2419.7773823929324	0.0	0	496.24112663185224	2619.777382392931	1	0	1	1.082186069391456
43200.0	1000.0	2419.7773823929388	0.0	0	582.3590105664407	2619.777382392931	1	0	1	1.082186069391456
44200.0	1000.0	2419.7773823929365	0.0	0	382.2662370145117	2619.7773823929383	1	0	1	1.0821860693914551
45200.0	1000.0	2419.7773823929347	0.0	0	486.02303446388396	2619.777382392931	1	0	1	1.082186069391456
46200.0	1000.0	2419.7773823929338	0.0	0	602.7260831693056	2619.777382392931	1	0	1	1.082186069391456
47200.0	1000.0	2419.777382392937	0.0	0	522.2754206722748	2619.777382392931	1	0	1	1.082186069391456
48200.0	1000.0	2319.7773823929383	0.0	0	500.18908127050236	2519.777382392931	1	0	2	0.6896974564901015
49200.0	1000.0	2319.7773823929324	0.0	0	545.2850073439622	2519.777382392931	1	0	1	0.8943423928603701
50200.0	1000.0	2319.777382392929	0.0	0	592.0760321968701	2519.777382392931	1	0	1	1.0943423928603704
51200.0	1000.0	2319.77738239293	0.0	0	247.1240286805114	2519.777382392931	1	0	1	1.0943423928603704
52200.0	1000.0	2319.777382392923	0.0	0	371.10599151288625	2519.777382392931	1	0	1	1.0943423928603704
53200.0	1000.0	2319.77738239293	0.0	0	589.6334889552309	2519.7773823929383	1	0	1	1.0943423928603695
54200.0	1000.0	2319.777382392924	0.0	0	544.1237908392723	2519.7773823929383	1	0	1	1.0943423928603695
55200.0	1000.0	2319.777382392926	0.0	0	412.30682047004666	2519.777382392931	1	0	1	1.0943423928603704
56200.0	1000.0	2319.7773823929274	0.0	0	370.05423152886215	2519.7773823929383	1	0	1	1.0943423928603695
57200.0	1000.0	2319.777382392929	0.0	0	288.4998003248256	2519.7773823929383	1	0	1	1.0943423928603695
58200.0	1000.0	2319.7773823929274	0.0	0	537.591668593428	2519.7773823929383	1	0	1	1.0943423928603695
59200.0	1000.0	2319.7773823929224	0.0	0	685.7137392341392	2519.7773823929383	1	0	1	1.0943423928603695
60200.0	1000.0	2319.7773823929256	0.0	0	644.4527466205109	2519.7773823929383	1	0	1	1.0943423928603695
61200.0	1000.0	2319.777382392928	0.0	0	652.6957577933572	2519.7773823929383	1	0	1	1.0943423928603695
62200.0	1000.0	2319.777382392926	0.0	0	352.22410394578765	2519.7773823929456	1	0	1	1.0943423928603686
63200.0	1000.0	2319.777382392926	0.0	0	244.10854325541004	2519.7773823929456	1	0	1	1.0943423928603686
64200.0	1000.0	2319.777382392919	0.0	0	450.8780162154726	2519.7773823929456	1	0	1	1.0943423928603686
65200.0	1000.0	2319.7773823929183	0.0	0	445.59474211193447	2519.7773823929456	1	0	1	1.0943423928603686
66200.0	1000.0	2319.777382392911	0.0	0	632.3974896118307	2519.7773823929383	1	0	1	1.094342392860369
67200.0	1000.0	2219.7773823929174	0.0	0	607.7181460068823	2419.7773823929383	1	0	2	0.701065178375698
68200.0	1000.0	2119.777382392938	0.0	0	476.9361932183674	2319.7773823929456	1	0	2	0.9115851870113335
69200.0	1000.0	2119.7773823929465	0.0	0	7.966077586286701	2319.7773823929456	1	0	1	0.9154749498316478
70200.0	1000.0	2119.7773823929538	0.0	0	298.73733543246635	2319.77738239296	1	0	1	1.1154749498316465
71200.0	1000.0	2119.777382392952	0.0	0	85.84743865170458	2319.77738239296	1	0	1	1.1154749498316465
72200.0	1000.0	2119.7773823929642	0.0	0	443.3955536471476	2319.7773823929747	1	0	1	1.1154749498316452
73200.0	1000.0	2119.777382392965	0.0	0	575.3602639480378	2319.7773823929747	1	0	1	1.1154749498316452
74200.0	1000.0	2119.7773823929683	0.0	0	629.5247501547128	2319.7773823929747	1	0	1	1.1154749498316452
75200.0	1000.0	2119.777382392959	0.0	0	287.1143786884495	2319.7773823929747	1	0	1	1.1154749498316452
76200.0	1000.0	2119.777382392976	0.0	0	415.35429728392046	2319.7773823929747	1	0	1	1.1154749498316452
77200.0	1000.0	2119.777382392984	0.0	0	567.8593958145939	2319.7773823929747	1	0	1	1.1154749498316452
78200.0	1000.0	2119.7773823929856	0.0	0	358.4068600042083	2319.77738239296	1	0	1	1.1154749498316465
79200.0	1000.0	2119.777382392981	0.0	0	168.2912924746779	2319.7773823929456	1	0	1	1.1154749498316479
80200.0	1000.0	2119.7773823929892	0.0	0	408.27213863171346	2319.7773823929456	1	0	1	1.1154749498316479
81200.0	1000.0	2119.7773823929833	0.0	0	551.4760657418228	2319.7773823929456	1	0	1	1.1154749498316479
82200.0	1000.0	2119.7773823929806	0.0	0	132.55646046818583	2319.77738239296	1	0	1	1.1154749498316465
83200.0	1000.0	2119.7773823929783	0.0	0	115.10461649147328	2319.77738239296	1	0	1	1.1154749498316465
84200.0	1000.0	2119.7773823929983	0.0	0	417.33369949509506	2319.7773823929747	1	0	1	1.1154749498316452
85200.0	1000.0	2119.777382392994	0.0	0	406.92709411085525	2319.7773823929747	1	0	1	1.1154749498316452
86200.0	1000.0	2119.777382393001	0.0	0	668.0323899385985	2319.7773823929892	1	0	1	1.1154749498316439
87200.0	1000.0	2119.777382393	0.0	0	603.268167648901	2319.7773823929892	1	0	1	1.1154749498316439
88200.0	1000.0	2119.7773823929906	0.0	0	413.43621883650485	2319.7773823929892	1	0	1	1.1154749498316439
89965.9562704926	2000.0	1353.8211119003793	0.0	0	0.0	2319.7773823929892	1	0	1	1.1154749498316439
91343.28542376483	2000.0	976.4919586281526	0.0	0	0.0	2319.7773823929892	1	0	1	1.8086221303915888
92739.89911434044	2000.0	579.878268052523	0.0	0	0.0	2319.7773823929892	1	0	1	1.8086221303915888
94043.3868059858	2000.0	352.133345064036	75.74276865687773	0	0.0	2395.520151049859	1	0	1	1.3466288345645703
95325.70487114415	2000.0	294.8763381458793	225.06105824016652	0	0.0	2620.5812092900305	1	0	1	0.42486450073945625
95939.85132998884	1000.0	713.9015559336368	33.171676632460276	0	0.0	2653.752885922484	1	0	1	0.18561296691326534
96348.47860202301	1000.0	1305.2742838994848	0.0	0	0.0	2653.752885922484	1	0	1	1.0777902072679721
96738.9851837364	1000.0	1914.767702186101	0.0	0	0.0	2653.7528859224985	1	0	1	1.0777902072679701
97236.46383375971	1000.0	2417.289052162764	0.0	0	0.0	2653.7528859224985	1	0	1	1.0777902072679701
98200.0	1000.0	2453.75288592249	0.0	0	170.66378916880058	2653.7528859224985	1	0	1	1.0777902072679701
99200.0	1000.0	2453.7528859224835	0.0	0	26.232966025578207	2653.7528859224985	1	0	1	1.0777902072679701
100309.21938042212	1000.0	2344.5335055003666	0.0	0	0.0	2653.7528859224985	1	0	1	1.0777902072679701
101200.0	1000.0	2453.7528859224767	0.0	0	249.66423461840895	2653.7528859224985	1	0	1	1.0777902072679701
102200.0	1000.0	2453.752885922471	0.0	0	300.66758543255855	2653.7528859224985	1	0	1	1.0777902072679701
103200.0	1000.0	2453.7528859224576	0.0	0	252.16494532061915	2653.752885922484	1	0	1	1.0777902072679721
104200.0	1000.0	2453.7528859224653	0.0	0	541.5720984951622	2653.752885922484	1	0	1	1.0777902072679721
105200.0	1000.0	2453.7528859224567	0.0	0	372.7421933014848	2653.752885922484	1	0	1	1.0777902072679721
106200.0	1000.0	2453.7528859224512	0.0	0	434.34563721189625	2653.7528859224694	1	0	1	1.0777902072679741
107200.0	1000.0	2453.7528859224503	0.0	0	289.97551854538324	2653.7528859224694	1	0	1	1.0777902072679741
108200.0	1000.0	2453.75288592245	0.0	0	433.9014898589521	2653.7528859224694	1	0	1	1.0777902072679741
109200.0	1000.0	2453.7528859224417	0.0	0	594.1257496208855	2653.7528859224694	1	0	1	1.0777902072679741
110200.0	1000.0	2453.75288592244	0.0	0	507.067681614295	2653.752885922484	1	0	1	1.0777902072679721
111200.0	1000.0	2453.7528859224412	0.0	0	405.27236329202424	2653.752885922484	1	0	1	1.0777902072679721
112236.694289037	1000.0	2417.058596885449	0.0	0	0.0	2653.752885922484	1	0	1	1.0777902072679721
113226.99206121368	1000.0	2426.7608247087683	0.0	0	0.0	2653.752885922484	1	0	1	1.0777902072679721
114200.0	1000.0	2453.752885922443	0.0	0	139.03434550573002	2653.752885922484	1	0	1	1.0777902072679721
115200.0	1000.0	2453.752885922453	0.0	0	408.8425022181618	2653.752885922484	1	0	1	1.0777902072679721
116200.0	1000.0	2453.7528859224653	0.0	0	334.3363866676227	2653.752885922484	1	0	1	1.0777902072679721
117200.0	1000.0	2453.7528859224612	0.0	0	548.1749399826949	2653.7528859224985	1	0	1	1.0777902072679701
118200.0	1000.0	2453.7528859224594	0.0	0	525.5384768839722	2653.7528859224985	1	0	1	1.0777902072679701
119200.0	1000.0	2453.7528859224512	0.0	0	537.8305192330299	2653.7528859224985	1	0	1	1.0777902072679701
120200.0	1000.0	2453.7528859224453	0.0	0	404.65542434820964	2653.7528859224985	1	0	1	1.0777902072679701
121200.0	1000.0	2453.752885922447	0.0	0	511.8860499166476	2653.7528859224985	1	0	1	1.0777902072679701
122200.0	1000.0	2453.752885922432	0.0	0	32.86397812933137	2653.7528859224985	1	0	1	1.0777902072679701
123200.0	1000.0	2453.7528859224294	0.0	0	5.03574407803535	2653.752885922484	1	0	1	1.0777902072679721
124386.37735068309	1000.0	2267.375535239352	0.0	0	0.0	2653.752885922484	1	0	1	1.0777902072679721
125426.45403853776	1000.0	2227.29884738469	0.0	0	0.0	2653.752885922484	1	0	1	1.0777902072679721
126200.0	1000.0	2453.7528859224394	0.0	0	89.80444691659068	2653.7528859224694	1	0	1	1.0777902072679741
127200.0	1000.0	2453.752885922452	0.0	0	280.24871804569557	2653.752885922455	1	0	1	1.077790207267976
128342.94784306183	1000.0	2310.805042860623	0.0	0	0.0	2653.7528859224403	1	0	1	1.077790207267978
129200.0	1000.0	2453.7528859224476	0.0	0	155.4625561948924	2653.752885922426	1	0	1	1.0777902072679797
130200.0	1000.0	2453.7528859224467	0.0	0	116.32076785994286	2653.7528859224403	1	0	1	1.077790207267978
131200.0	1000.0	2453.752885922451	0.0	0	167.55953093396965	2653.7528859224403	1	0	1	1.077790207267978
132200.0	1000.0	2453.7528859224276	0.0	0	247.66213114609127	2653.7528859224403	1	0	1	1.0777902072679781
133200.0	1000.0	2453.7528859224176	0.0	0	208.65782239640248	2653.7528859224403	1	0	1	1.0777902072679781
134264.8984160228	1000.0	2388.85446989963	0.0	0	0.0	2653.7528859224403	1	0	1	1.077790207267978
135200.0	1000.0	2453.7528859224385	0.0	0	332.1505003021739	2653.7528859224403	1	0	1	1.077790207267978
136250.2738326925	1000.0	2403.479053229944	0.0	0	0.0	2653.7528859224403	1	0	1	1.077790207267978
137221.31608741503	1000.0	2432.436798507421	0.0	0	0.0	2653.7528859224403	1	0	1	1.077790207267978
138200.0	1000.0	2453.7528859224717	0.0	0	321.8753255191259	2653.7528859224403	1	0	1	1.077790207267978
139200.0	1000.0	2453.7528859225035	0.0	0	140.89386551696225	2653.7528859224403	1	0	1	1.077790207267978
140200.0	1000.0	2453.7528859224876	0.0	0	263.3474327807198	2653.7528859224403	1	0	1	1.077790207267978
141200.0	1000.0	2453.752885922504	0.0	0	374.7501987340802	2653.752885922411	1	0	1	1.0777902072679817
142200.0	1000.0	2453.7528859225076	0.0	0	185.15784341984545	2653.752885922411	1	0	1	1.0777902072679817
143303.87562055426	1000.0	2349.877265368235	0.0	0	0.0	2653.752885922411	1	0	1	1.0777902072679817
144801.56305612778	1000.0	1852.1898297946789	0.0	0	0.0	2653.752885922382	1	0	1	1.0777902072679855
145538.76402681172	1000.0	2114.9888591107083	0.0	0	0.0	2653.752885922382	1	0	1	1.0777902072679855
146207.1671318285	1000.0	2446.5857540939455	0.0	0	0.0	2653.752885922382	1	0	1	1.0777902072679855
147200.0	1000.0	2453.752885922485	0.0	0	439.23437663086224	2653.752885922411	1	0	1	1.0777902072679817
148200.0	1000.0	2453.7528859224954	0.0	0	421.9164971532591	2653.752885922411	1	0	1	1.0777902072679817
149200.0	1000.0	2453.7528859224813	0.0	0	666.3108604079171	2653.752885922411	1	0	1	1.0777902072679817
150200.0	1000.0	2453.7528859225285	0.0	0	496.32983174180845	2653.7528859224403	1	0	1	1.077790207267978
151200.0	1000.0	2453.75288592252	0.0	0	428.71041153228725	2653.752885922411	1	0	1	1.0777902072679817
152200.0	1000.0	2453.7528859225226	0.0	0	485.59660929095116	2653.7528859224403	1	0	1	1.077790207267978
153200.0	1000.0	2453.752885922534	0.0	0	406.7454954642453	2653.752885922411	1	0	1	1.0777902072679801
154200.0	1000.0	2453.7528859225367	0.0	0	399.8068387193489	2653.752885922411	1	0	1	1.0777902072679817
155200.0	1000.0	2453.7528859225336	0.0	0	269.5260320684756	2653.752885922411	1	0	1	1.0777902072679817
156200.0	1000.0	2453.75288592252	0.0	0	436.76036442429177	2653.7528859224403	1	0	1	1.077790207267978
157200.0	1000.0	2453.7528859225154	0.0	0	130.9428696896648	2653.7528859224403	1	0	1	1.077790207267978
158200.0	1000.0	2453.752885922526	0.0	0	116.58157403158839	2653.7528859224694	1	0	1	1.0777902072679741
159200.0	1000.0	2453.752885922528	0.0	0	538.9342375787382	2653.7528859224403	1	0	1	1.077790207267978
160200.0	1000.0	2453.7528859225135	0.0	0	113.94578432373237	2653.752885922382	1	0	1	1.0777902072679848
161200.0	1000.0	2453.7528859224976	0.0	0	325.0065926934476	2653.752885922382	1	0	1	1.0777902072679855
162200.0	1000.0	2453.7528859224653	0.0	0	432.60428685345687	2653.752885922382	1	0	1	1.0777902072679855
163200.0	1000.0	2453.752885922471	0.0	0	569.843086457171	2653.752885922382	1	0	1	1.0777902072679855
164200.0	1000.0	2453.752885922486	0.0	0	347.6401171280595	2653.752885922411	1	0	1	1.0777902072679832
165200.0	1000.0	2453.7528859224867	0.0	0	398.33627872826764	2653.7528859224403	1	0	1	1.077790207267978
166200.0	1000.0	2453.752885922495	0.0	0	221.6221378283517	2653.7528859224694	1	0	1	1.0777902072679748
167200.0	1000.0	2453.752885922483	0.0	0	422.0745690539188	2653.7528859224694	1	0	1	1.0777902072679741
168200.0	1000.0	2453.75288592246	0.0	0	178.69134785438655	2653.7528859224694	1	0	1	1.0777902072679741
169200.0	1000.0	2453.752885922463	0.0	0	200.23363509762567	2653.7528859224694	1	0	1	1.0777902072679741
170200.0	1000.0	2453.7528859224603	0.0	0	170.45011384558165	2653.7528859224985	1	0	1	1.077790207267971
171200.0	1000.0	2453.7528859224476	0.0	0	142.7129232660227	2653.7528859224985	1	0	1	1.0777902072679701
172200.0	1000.0	2453.7528859224426	0.0	0	14.504078991827555	2653.7528859224985	1	0	1	1.0777902072679701
173312.5189469383	1000.0	2341.23393898414	0.0	0	0.0	2653.7528859224985	1	0	1	1.0777902072679701
174215.2496215331	1000.0	2438.503264389357	0.0	0	0.0	2653.7528859225276	1	0	1	1.0777902072679664
175200.0	1000.0	2453.752885922429	0.0	0	299.820785646647	2653.7528859224694	1	0	1	1.0777902072679724
176200.0	1000.0	2453.752885922442	0.0	0	264.07416654608096	2653.7528859225276	1	0	1	1.077790207267968
177200.0	1000.0	2453.752885922421	0.0	0	152.8571006054408	2653.7528859225276	1	0	1	1.0777902072679664
178222.44029353283	1000.0	2431.312592389553	0.0	0	0.0	2653.7528859225276	1	0	1	1.0777902072679664
179200.0	1000.0	2453.752885922367	0.0	0	222.94083040810074	2653.7528859225567	1	0	1	1.0777902072679626
180200.0	1000.0	2453.7528859223667	0.0	0	375.12431169240153	2653.7528859225567	1	0	1	1.0777902072679626
181200.0	1000.0	2453.7528859223976	0.0	0	120.01988950243685	2653.752885922586	1	0	1	1.0777902072679588
182200.0	1000.0	2453.7528859224267	0.0	0	62.815399753599195	2653.752885922586	1	0	1	1.0777902072679597
183200.0	1000.0	2453.7528859224367	0.0	0	132.5561539696937	2653.752885922586	1	0	1	1.0777902072679588
184200.0	1000.0	2453.752885922435	0.0	0	368.7017175431247	2653.752885922586	1	0	1	1.0777902072679588
185200.0	1000.0	2453.7528859224335	0.0	0	305.24927071866114	2653.7528859225567	1	0	1	1.077790207267961
186200.0	1000.0	2453.7528859224076	0.0	0	113.49258423014544	2653.7528859225567	1	0	1	1.0777902072679626
187200.0	1000.0	2453.7528859224085	0.0	0	160.31503348136903	2653.7528859225567	1	0	1	1.0777902072679626
188200.0	1000.0	2453.752885922422	0.0	0	359.38407696996	2653.752885922586	1	0	1	1.0777902072679588
189200.0	1000.0	2453.752885922426	0.0	0	299.37849704548717	2653.752885922586	1	0	1	1.0777902072679588
190200.0	1000.0	2453.752885922397	0.0	0	192.74920244599343	2653.7528859225567	1	0	1	1.0777902072679617
191200.0	1000.0	2453.752885922409	0.0	0	567.8357834029594	2653.7528859225567	1	0	1	1.0777902072679626
192200.0	1000.0	2453.752885922447	0.0	0	396.70409140194533	2653.752885922586	1	0	1	1.0777902072679604
193200.0	1000.0	2453.752885922443	0.0	0	617.432654823584	2653.752885922586	1	0	1	1.0777902072679588
194200.0	1000.0	2453.7528859224385	0.0	0	575.8498606091307	2653.752885922586	1	0	1	1.0777902072679588
195200.0	1000.0	2453.752885922449	0.0	0	443.6743793486967	2653.752885922586	1	0	1	1.0777902072679588
196200.0	1000.0	2453.7528859224285	0.0	0	517.1392583923589	2653.7528859225567	1	0	1	1.0777902072679626
197200.0	1000.0	2453.7528859224462	0.0	0	453.2083687426348	2653.752885922586	1	0	1	1.0777902072679588
198200.0	1000.0	2453.7528859224576	0.0	0	567.094677571702	2653.752885922586	1	0	1	1.0777902072679588
199200.0	1000.0	2453.752885922503	0.0	0	523.2620850940002	2653.752885922586	1	0	1	1.0777902072679588
200200.0	1000.0	2453.752885922504	0.0	0	27.37861980427988	2653.752885922615	1	0	1	1.0777902072679548
201200.0	1000.0	2453.7528859225135	0.0	0	382.7983881024702	2653.752885922615	1	0	1	1.0777902072679548
202200.0	1000.0	2453.7528859225367	0.0	0	317.8391016415262	2653.752885922615	1	0	1	1.0777902072679548
203200.0	1000.0	2453.752885922531	0.0	0	377.7221543342748	2653.752885922644	1	0	1	1.077790207267951
204200.0	1000.0	2453.7528859225354	0.0	0	342.05107801134	2653.752885922644	1	0	1	1.077790207267951
205200.0	1000.0	2453.7528859225185	0.0	0	512.1346595606592	2653.752885922644	1	0	1	1.077790207267951
206200.0	1000.0	2353.752885922517	0.0	0	439.8830323224829	2553.752885922615	1	0	2	0.6856005404484883
207200.0	1000.0	2353.752885922522	0.0	0	388.18264958128566	2553.752885922644	1	0	1	0.8903393940082132
208200.0	1000.0	2353.7528859225217	0.0	0	697.6264124063018	2553.752885922644	1	0	1	1.0903393940082133
209200.0	1000.0	2353.752885922534	0.0	0	645.5223729627323	2553.752885922615	1	0	1	1.0903393940082169
210200.0	1000.0	2353.752885922549	0.0	0	475.211409262527	2553.752885922615	1	0	1	1.0903393940082169
211200.0	1000.0	2353.752885922531	0.0	0	457.3208365847531	2553.752885922615	1	0	1	1.0903393940082169
212200.0	1000.0	2353.752885922513	0.0	0	313.48003873127163	2553.752885922586	1	0	1	1.0903393940082196
213200.0	1000.0	2353.7528859225113	0.0	0	609.9361372041458	2553.752885922615	1	0	1	1.0903393940082169
214200.0	1000.0	2353.7528859225267	0.0	0	348.87412360921735	2553.752885922644	1	0	1	1.0903393940082133
215200.0	1000.0	2353.7528859225263	0.0	0	597.7905175453343	2553.752885922644	1	0	1	1.0903393940082133
216200.0	1000.0	2353.7528859225185	0.0	0	458.5781320151291	2553.752885922644	1	0	1	1.0903393940082133
217200.0	1000.0	2353.7528859225213	0.0	0	344.81272644599085	2553.752885922644	1	0	1	1.0903393940082133
218200.0	1000.0	2353.752885922512	0.0	0	268.7530275667377	2553.752885922673	1	0	1	1.0903393940082111
219200.0	1000.0	2353.7528859225404	0.0	0	178.2027214418049	2553.752885922673	1	0	1	1.0903393940082098
220200.0	1000.0	2353.7528859225554	0.0	0	109.59496206630138	2553.7528859227023	1	0	1	1.0903393940082065
221200.0	1000.0	2353.75288592257	0.0	0	266.7990187733667	2553.7528859227023	1	0	1	1.0903393940082065
222200.0	1000.0	2353.7528859225313	0.0	0	619.360578386928	2553.752885922673	1	0	1	1.0903393940082098
223200.0	1000.0	2353.752885922516	0.0	0	479.8232255007024	2553.752885922673	1	0	1	1.0903393940082098
224200.0	1000.0	2353.752885922508	0.0	0	326.6502834868734	2553.752885922673	1	0	1	1.0903393940082098
225200.0	1000.0	2353.7528859225026	0.0	0	271.15615814138437	2553.752885922673	1	0	1	1.0903393940082098
226200.0	1000.0	2353.752885922504	0.0	0	420.06675136322156	2553.752885922673	1	0	1	1.0903393940082098
227200.0	1000.0	2353.752885922491	0.0	0	503.83128249741276	2553.752885922673	1	0	1	1.0903393940082098
228200.0	1000.0	2353.7528859224694	0.0	0	376.2760070459044	2553.7528859227023	1	0	1	1.0903393940082078
229200.0	1000.0	2353.752885922492	0.0	0	295.93752111383947	2553.7528859227023	1	0	1	1.0903393940082065
230200.0	1000.0	2353.7528859224976	0.0	0	434.48782088563894	2553.7528859227023	1	0	1	1.0903393940082078
231200.0	1000.0	2353.7528859224744	0.0	0	282.641665478528	2553.7528859227023	1	0	1	1.0903393940082065
232200.0	1000.0	2353.7528859224794	0.0	0	227.0793859057885	2553.7528859227023	1	0	1	1.0903393940082065
233200.0	1000.0	2253.752885922489	0.0	0	500.1236676700646	2453.7528859227314	1	0	2	0.6974072782861683
234200.0	1000.0	2253.7528859224976	0.0	0	497.32667846017284	2453.7528859227314	1	0	1	0.9017648222586777
235200.0	1000.0	2253.7528859224803	0.0	0	575.7310861331061	2453.7528859227314	1	0	1	1.1017648222586778
236200.0	1000.0	2253.7528859224817	0.0	0	685.0361340008676	2453.7528859227314	1	0	1	1.1017648222586778
237200.0	1000.0	2253.752885922483	0.0	0	417.84010707976995	2453.7528859227314	1	0	1	1.1017648222586778
238200.0	1000.0	2253.7528859225054	0.0	0	198.98051327563007	2453.7528859227314	1	0	1	1.1017648222586778
239200.0	1000.0	2253.7528859225094	0.0	0	425.5481631089642	2453.7528859227023	1	0	1	1.101764822258681
240200.0	1000.0	2253.752885922474	0.0	0	370.1224715952412	2453.7528859227023	1	0	1	1.101764822258681
241200.0	1000.0	2253.7528859224517	0.0	0	433.58929313663975	2453.7528859227023	1	0	1	1.101764822258681
242200.0	1000.0	2253.752885922426	0.0	0	394.4910477634403	2453.752885922673	1	0	1	1.1017648222586842
243200.0	1000.0	2253.7528859224326	0.0	0	351.0610503445496	2453.752885922673	1	0	1	1.1017648222586842
244200.0	1000.0	2253.752885922439	0.0	0	464.2567125353962	2453.752885922673	1	0	1	1.1017648222586842
245200.0	1000.0	2253.7528859224094	0.0	0	583.0723773750069	2453.752885922673	1	0	1	1.1017648222586842
246200.0	1000.0	2253.752885922387	0.0	0	620.3093327108072	2453.752885922673	1	0	1	1.1017648222586842
247200.0	1000.0	2253.752885922355	0.0	0	245.6785325667879	2453.752885922644	1	0	1	1.1017648222586875
248200.23364122846	1000.0	2253.5192446938863	0.0	0	0.0	2453.752885922644	1	0	1	1.1017648222586875
249200.0	1000.0	2253.752885922333	0.0	0	64.38555740748416	2453.752885922644	1	0	1	1.1017648222586875
250200.0	1000.0	2253.7528859223585	0.0	0	126.3513245395443	2453.752885922644	1	0	1	1.1017648222586875
251200.0	1000.0	2253.752885922378	0.0	0	216.353547176579	2453.752885922673	1	0	1	1.1017648222586855
252200.0	1000.0	2253.7528859223894	0.0	0	371.8532361063699	2453.752885922673	1	0	1	1.1017648222586842
253200.0	1000.0	2253.7528859223953	0.0	0	365.21310858547804	2453.752885922673	1	0	1	1.1017648222586842
254200.0	1000.0	2253.752885922383	0.0	0	583.630302164529	2453.752885922673	1	0	1	1.1017648222586842
255200.0	1000.0	2253.752885922357	0.0	0	576.7752161910757	2453.752885922673	1	0	1	1.1017648222586842
256200.0	1000.0	2253.752885922315	0.0	0	291.5267450789106	2453.752885922673	1	0	1	1.1017648222586842
257200.0	1000.0	2253.7528859223394	0.0	0	442.31864195357775	2453.752885922673	1	0	1	1.1017648222586842
258200.0	1000.0	2253.7528859223185	0.0	0	609.4765602906409	2453.752885922673	1	0	1	1.1017648222586842
259200.0	1000.0	2253.7528859223335	0.0	0	509.9567368889402	2453.7528859227023	1	0	1	1.101764822258681
260200.0	1000.0	2253.752885922356	0.0	0	345.9773495089612	2453.7528859227314	1	0	1	1.1017648222586778
261200.0	1000.0	2253.7528859223594	0.0	0	349.21633142477367	2453.7528859227314	1	0	1	1.1017648222586778
262229.4543224243	1000.0	2224.298563498072	0.0	0	0.0	2453.7528859227605	1	0	1	1.1017648222586773
263200.0	1000.0	2253.7528859223403	0.0	0	261.0218780899886	2453.7528859227314	1	0	1	1.1017648222586773
264200.0	1000.0	2253.752885922296	0.0	0	242.67291289800778	2453.752885922673	1	0	1	1.1017648222586798
265200.0	1000.0	2253.7528859222843	0.0	0	600.119195227453	2453.752885922673	1	0	1	1.1017648222586842
266200.0	1000.0	2253.7528859223194	0.0	0	372.47935464879265	2453.7528859227896	1	0	1	1.1017648222586742
267200.0	1000.0	2253.7528859223517	0.0	0	461.6770462287823	2453.7528859227896	1	0	1	1.1017648222586716
268200.0	1000.0	2253.7528859223166	0.0	0	627.3428792673512	2453.7528859227896	1	0	1	1.1017648222586716
269200.0	1000.0	2253.752885922333	0.0	0	497.6339357137331	2453.7528859227896	1	0	1	1.1017648222586716
270200.0	1000.0	2253.752885922323	0.0	0	578.0065061189234	2453.7528859227896	1	0	1	1.1017648222586716
271200.0	1000.0	2253.7528859223585	0.0	0	205.39478125883033	2453.7528859227314	1	0	1	1.1017648222586778
272200.0	1000.0	2253.7528859223257	0.0	0	96.6626473008073	2453.7528859227314	1	0	1	1.1017648222586778
273200.0	1000.0	2253.7528859223667	0.0	0	147.93498820875539	2453.7528859227896	1	0	1	1.1017648222586716
274343.9713828885	1000.0	2109.7815030338456	0.0	0	0.0	2453.7528859227896	1	0	1	1.1017648222586716
275204.0568130126	1000.0	2249.6960729097186	0.0	0	0.0	2453.752885922848	1	0	1	1.1017648222586653
276200.0	1000.0	2253.752885922309	0.0	0	65.98429996491177	2453.752885922848	1	0	1	1.1017648222586653
277200.0	1000.0	2253.7528859222575	0.0	0	58.87390913965646	2453.7528859227896	1	0	1	1.1017648222586691
278200.0	1000.0	2253.7528859222502	0.0	0	150.8141947411932	2453.7528859227314	1	0	1	1.1017648222586778
279200.0	1000.0	2253.7528859221775	0.0	0	356.0580543350661	2453.752885922615	1	0	1	1.101764822258688
280200.0	1000.0	2253.75288592214	0.0	0	168.57990660500946	2453.752885922615	1	0	1	1.1017648222586907
281200.0	1000.0	2253.7528859220906	0.0	0	214.1134256006335	2453.7528859225567	1	0	1	1.101764822258697
282201.8392224902	1000.0	2251.9136634319107	0.0	0	0.0	2453.752885922615	1	0	1	1.1017648222586907
283200.0	1000.0	2253.7528859221393	0.0	0	221.399615984119	2453.7528859225567	1	0	1	1.101764822258697
284200.0	1000.0	2253.752885922173	0.0	0	73.75729403807782	2453.752885922615	1	0	1	1.1017648222586907
285334.043335192	1000.0	2119.7095507301706	0.0	0	0.0	2453.7528859225567	1	0	1	1.101764822258697
286200.0	1000.0	2253.752885922125	0.0	0	168.99708641855977	2453.7528859224985	1	0	1	1.1017648222587033
287200.0	1000.0	2253.7528859221097	0.0	0	436.63287754310295	2453.7528859224403	1	0	1	1.101764822258707
288200.0	1000.0	2253.7528859220392	0.0	0	389.7482506352826	2453.7528859224985	1	0	1	1.1017648222587058
289200.0	1000.0	2253.7528859220333	0.0	0	460.38082544354256	2453.7528859224985	1	0	1	1.1017648222587033
290200.0	1000.0	2253.752885922019	0.0	0	464.99847863288596	2453.7528859224985	1	0	1	1.1017648222587033
291200.0	1000.0	2253.752885922046	0.0	0	86.17041949927807	2453.7528859224403	1	0	1	1.1017648222587084
292440.94059038593	1000.0	2012.8122955361189	0.0	0	0.0	2453.7528859224403	1	0	1	1.1017648222587098
293929.8740112157	1000.0	1523.8788747063822	0.0	0	0.0	2453.7528859224403	1	0	1	1.1017648222587098
294726.08622337657	1000.0	1727.6666625454889	0.0	0	0.0	2453.7528859224403	1	0	1	1.1017648222587098
295361.51343388	1000.0	2092.2394520420803	0.0	0	0.0	2453.7528859224985	1	0	1	1.1017648222587033
296200.0	1000.0	2253.752885922085	0.0	0	412.0865832042764	2453.7528859225567	1	0	1	1.1017648222586995
297200.0	1000.0	2253.75288592208	0.0	0	420.668003567087	2453.752885922615	1	0	1	1.1017648222586907
298200.0	1000.0	2253.752885922116	0.0	0	498.9017732440261	2453.752885922615	1	0	1	1.1017648222586907
299200.0	1000.0	2253.752885922188	0.0	0	362.731205277727	2453.7528859227314	1	0	1	1.1017648222586804
300200.0	1000.0	2253.752885922213	0.0	0	420.8460432550055	2453.7528859227314	1	0	1	1.1017648222586778
1.89	1.47	1.56	1.92	1.56	1.26	1.68	1.56	1.32	1.54	2.2	2.21	1.49	1.2	1.66	1.52	1.62	1.16	1.41	1.17	1.08	1.11	1.38	1.17	1.19	1.09	1.26	1.61	1.42	1.3	1.34	1.55	1.96	1.1	1.16	1.68	1.9	1.49	1.91	2.24	2.22	2.26	2.43	2.46	1.95	2.2	2.86	1.58	1.16	1.95	2.0	2.07	2.22	1.83	1.87	2.4	3.17	2.78	1.8	1.36	2.24	1.81	2.47	2.68	1.89	1.34	0.98	1.27	1.63	2.11	2.36	2.24	1.34	2.07	1.76	1.37	1.88	2.15	2.12	0.87	1.95	2.14	2.68	3.28	2.8	1.26	1.26	1.8	2.06	1.26	2.06	2.02	1.84	2.58	2.04	1.18	1.19	0.81	1.91	1.51	1.71	2.11	2.31	1.84	2.13	2.43	2.04	2.11	1.3	1.32	1.33	1.39	1.98	2.04	2.47	2.95	2.21	2.62	1.48	0.73	1.19	1.09	1.08	1.15	1.51	0.98	1.41	1.3	1.7	1.14	1.03	1.45	1.39	0.97	1.4	1.61	1.48	1.75	1.7	1.27	0.66	0.79	1.3	1.9	1.97	2.42	2.41	1.81	2.13	3.32	1.89	1.47	1.56	1.92	1.56	1.26	1.68	1.56	1.32	1.54	2.2	2.21	1.49	1.2	1.66	1.52	1.62	1.16	1.41	1.17	1.08	1.11	1.38	1.17	1.19	1.09	1.26	1.61	1.42	1.3	1.34	1.55	1.96	1.1	1.16	1.68	1.9	1.49	1.91	2.24	2.22	2.26	2.43	2.46	1.95	2.2	2.86	1.58	1.16	1.95	2.0	2.07	2.22	1.83	1.87	2.4	3.17	2.78	1.8	1.36	2.24	1.81	2.47	2.68	1.89	1.34	0.98	1.27	1.63	2.11	2.36	2.24	1.34	2.07	1.76	1.37	1.88	2.15	2.12	0.87	1.95	2.14	2.68	3.28	2.8	1.26	1.26	1.8	2.06	1.26	2.06	2.02	1.84	2.58	2.04	1.18	1.19	0.81	1.91	1.51	1.71	2.11	2.31	1.84	2.13	2.43	2.04	2.11	1.3	1.32	1.33	1.39	1.98	2.04	2.47	2.95	2.21	2.62	1.48	0.73	1.19	1.09	1.08	1.15	1.51	0.98	1.41	1.3	1.7	1.14	1.03	1.45	1.39	0.97	1.4	1.61	1.48	1.75	1.7	1.27	0.66	0.79	1.3	1.9	1.97	2.42	2.41	1.81	2.13	3.32	1.89	1.47
1.0	2.0	3.0	4.0	5.0	6.0	7.0	8.0	9.0	10.0	11.0	12.0	13.0	14.0	15.0	16.0	17.0	18.0	19.0	20.0	21.0	22.0	23.0	24.0	25.0	26.0	27.0	28.0	29.0	30.0	31.0	32.0	33.0	34.0	35.0	36.0	37.0	38.0	39.0	40.0	41.0	42.0	43.0	44.0	45.0	46.0	47.0	48.0	49.0	50.0	51.0	52.0	53.0	54.0	55.0	56.0	57.0	58.0	59.0	60.0	61.0	62.0	63.0	64.0	65.0	66.0	67.0	68.0	69.0	70.0	71.0	72.0	73.0	74.0	75.0	76.0	77.0	78.0	79.0	80.0	81.0	82.0	83.0	84.0	85.0	86.0	87.0	88.0	89.0	90.0	91.0	92.0	93.0	94.0	95.0	96.0	97.0	98.0	99.0	100.0	101.0	102.0	103.0	104.0	105.0	106.0	107.0	108.0	109.0	110.0	111.0	112.0	113.0	114.0	115.0	116.0	117.0	118.0	119.0	120.0	121.0	122.0	123.0	124.0	125.0	126.0	127.0	128.0	129.0	130.0	131.0	132.0	133.0	134.0	135.0	136.0	137.0	138.0	139.0	140.0	141.0	142.0	143.0	144.0	145.0	146.0	147.0	148.0	149.0	149.0	150.0	151.0	152.0	153.0	154.0	155.0	156.0	157.0	158.0	159.0	160.0	161.0	162.0	163.0	164.0	165.0	166.0	167.0	168.0	169.0	170.0	171.0	172.0	173.0	174.0	175.0	176.0	177.0	178.0	179.0	180.0	181.0	182.0	183.0	184.0	185.0	186.0	187.0	188.0	189.0	190.0	191.0	192.0	193.0	194.0	195.0	196.0	197.0	198.0	199.0	200.0	201.0	202.0	203.0	204.0	205.0	206.0	207.0	208.0	209.0	210.0	211.0	212.0	213.0	214.0	215.0	216.0	217.0	218.0	219.0	220.0	221.0	222.0	223.0	224.0	225.0	226.0	227.0	228.0	229.0	230.0	231.0	232.0	233.0	234.0	235.0	236.0	237.0	238.0	239.0	240.0	241.0	242.0	243.0	244.0	245.0	246.0	247.0	248.0	249.0	250.0	251.0	252.0	253.0	254.0	255.0	256.0	257.0	258.0	259.0	260.0	261.0	262.0	263.0	264.0	265.0	266.0	267.0	268.0	269.0	270.0	271.0	272.0	273.0	274.0	275.0	276.0	277.0	278.0	279.0	280.0	281.0	282.0	283.0	284.0	285.0	286.0	287.0	288.0	289.0	290.0	291.0	292.0	293.0	294.0	295.0	296.0	297.0	298.0	298.0	299.0	300.0
2667.3966019914237
