4581.838873518916	300.0	2000.0	261.0763079509561	0	0.0	4581.838873518916	1	0	1	-2.29669286918603
4822.663490443065	300.0	2735.0929213834365	0.0	0	0.0	4557.756411826501	1	0	2	-1.1582905803015735
5130.79830186344	300.0	3396.144628821023	0.0	0	0.0	4526.942930684463	1	0	2	-0.939586820251658
5364.442136703303	300.0	4139.136410497174	0.0	0	0.0	4503.578547200476	1	0	2	-0.9249423213193354
6200.0	500.0	4220.022760870806	0.0	0	495.73886391177984	4420.022760870805	1	0	2	-0.8947992059952801
7200.0	500.0	4120.022760870805	0.0	0	478.7368265056857	4320.022760870805	1	0	2	-0.3286620575382253
8200.0	500.0	4020.022760870805	0.0	0	329.30215208504796	4220.022760870805	1	0	2	-0.2749181778332618
9200.0	500.0	3920.022760870805	0.0	0	88.07428614190758	4120.022760870805	1	0	2	-0.22179813069824666
10200.0	500.0	3820.0227608708037	0.0	0	558.3614972292344	4020.0227608708037	1	0	2	-0.18163881567008267
11324.511802069526	1000.0	3583.0597785943264	0.0	0	0.0	3907.571580663852	1	0	2	-0.1292411349122575
12427.306966406462	1000.0	3369.9850978237	0.0	0	0.0	3797.2920642301615	1	0	2	0.6056888472803235
13417.39225206763	1000.0	3280.8912835964175	0.0	0	0.0	3698.28353566405	1	0	2	0.6416477983460253
14200.0	1000.0	3420.0227608708087	0.0	0	70.52722610077399	3620.022760870812	1	0	2	0.667408139302457
15200.0	1000.0	3320.0227608708065	0.0	0	272.08472416727454	3520.02276087081	1	0	2	0.6944545901112861
16200.0	1000.0	3220.0227608708083	0.0	0	169.4902272167801	3420.0227608708137	1	0	2	0.7233237999279547
17200.0	1000.0	3120.02276087081	0.0	0	297.4140854318466	3320.0227608708174	1	0	2	0.748312104997909
18200.0	1000.0	3020.0227608708087	0.0	0	663.7209793417824	3220.0227608708155	1	0	2	0.7711623906078549
19200.0	1000.0	2920.022760870808	0.0	0	163.74529235883165	3120.0227608708155	1	0	2	0.7946767039859373
20200.0	1000.0	2820.022760870807	0.0	0	434.6164043573335	3020.022760870812	1	0	2	0.8132880612266691
21254.36247371807	1000.0	2660.224039780928	0.0	0	0.0	2914.5865134990017	1	0	2	0.8339337541484209
22200.0	1000.0	2620.0227608708046	0.0	0	39.87516088087068	2820.0227608708083	1	0	2	0.8502799417034383
23200.0	1000.0	2520.0227608708037	0.0	0	441.44520114794796	2720.0227608708083	1	0	2	0.8632366048811684
24200.0	1000.0	2420.0227608708005	0.0	0	523.3145703621522	2620.0227608708046	1	0	2	0.8770329071491769
25200.0	1000.0	2320.022760870797	0.0	0	436.88891497695295	2520.022760870801	1	0	2	0.8897472583616374
26200.0	1000.0	2220.0227608707924	0.0	0	456.7168831541567	2420.0227608707937	1	0	2	0.9011614346689174
27200.0	1000.0	2120.0227608707924	0.0	0	126.68705086817863	2320.0227608707937	1	0	2	0.9123015773794502
28200.0	1000.0	2020.022760870788	0.0	0	119.39707177972377	2220.0227608707864	1	0	2	0.9219312339952078
29200.0	1000.0	1920.0227608707844	0.0	0	319.95421099119994	2120.022760870779	1	0	2	0.9298972408394254
30200.0	1000.0	1820.022760870782	0.0	0	467.94429427948126	2020.0227608707755	1	0	2	0.9376491183003206
31200.0	1000.0	1720.022760870782	0.0	0	579.0855210442678	1920.0227608707755	1	0	2	0.9446650007302791
32200.0	1000.0	1620.0227608707826	0.0	0	12.531947314313584	1820.0227608707792	1	0	2	0.9520595215489717
33200.0	1000.0	1520.0227608707808	0.0	0	366.4207794869071	1720.0227608707683	1	0	2	0.957152066473332
34200.0	1000.0	1420.0227608707862	0.0	0	532.0018209057744	1620.0227608707755	1	0	2	0.9624117423927571
35200.0	1000.0	1320.022760870783	0.0	0	276.96262510817905	1520.0227608707792	1	0	2	0.967387661418513
36654.1350281342	1000.0	720.4742299231597	0.0	0	0.0	1374.6092580573677	1	0	2	0.9740316936210666
37312.16599647234	1000.0	996.6401647512068	0.0	0	0.0	1308.8061612235397	1	0	2	0.9768646640049398
38200.0	1000.0	1108.8061612235397	0.0	0	118.40493258639617	1308.8061612235397	1	0	1	0.9774941095124279
39708.36046296137	1000.0	600.4456982621733	0.0	0	0.0	1308.8061612235397	1	0	1	1.177494109512428
40960.947530366924	1000.0	420.258601033878	72.39997017726284	0	0.0	1381.2061314008024	1	0	1	0.7403901737941146
41505.35673812939	1000.0	875.8493932714052	0.0	0	0.0	1381.2061314008024	1	0	1	1.1747899948576916
42200.0	1000.0	1181.2061314007985	0.0	0	128.3499260648896	1381.2061314008097	1	0	1	1.1747899948576914
43200.0	1000.0	1181.206131400798	0.0	0	459.1922622147031	1381.2061314008097	1	0	1	1.1747899948576914
44200.0	1000.0	1181.2061314007976	0.0	0	474.3130964850716	1381.2061314008097	1	0	1	1.1747899948576914
45252.96596129803	1000.0	1128.2401701027693	0.0	0	0.0	1381.2061314008097	1	0	1	1.1747899948576914
46200.0	1000.0	1181.206131400806	0.0	0	11.480131140335288	1381.2061314008024	1	0	1	1.1747899948576916
47200.0	1000.0	1181.206131400806	0.0	0	352.2413879656233	1381.2061314008024	1	0	1	1.1747899948576916
48200.0	1000.0	1181.2061314008013	0.0	0	343.53263422271266	1381.2061314007951	1	0	1	1.1747899948576919
49200.0	1000.0	1181.2061314008029	0.0	0	271.02069645853044	1381.2061314007879	1	0	1	1.174789994857692
50347.188711456685	1000.0	1034.0174199441221	0.0	0	0.0	1381.2061314007951	1	0	1	1.1747899948576919
51268.6532669852	1000.0	1112.5528644156022	0.0	0	0.0	1381.2061314007879	1	0	1	1.174789994857692
52200.0	1000.0	1181.2061314008097	0.0	0	131.45760908902594	1381.2061314007951	1	0	1	1.1747899948576919
53200.0	1000.0	1181.2061314008056	0.0	0	292.9006435887204	1381.2061314007951	1	0	1	1.1747899948576919
54200.0	1000.0	1181.2061314008038	0.0	0	243.8319942804228	1381.2061314007951	1	0	1	1.1747899948576919
55200.0	1000.0	1181.2061314008	0.0	0	373.6686049782511	1381.2061314007951	1	0	1	1.1747899948576919
56200.0	1000.0	1181.206131400801	0.0	0	503.80785991488665	1381.2061314007951	1	0	1	1.1747899948576919
57200.0	1000.0	1181.2061314007972	0.0	0	410.94926396606024	1381.2061314007951	1	0	1	1.1747899948576919
58200.0	1000.0	1181.2061314007976	0.0	0	403.8556222367188	1381.2061314008024	1	0	1	1.1747899948576916
59200.0	1000.0	1181.2061314007979	0.0	0	309.9854936289412	1381.2061314008024	1	0	1	1.1747899948576916
60200.0	1000.0	1181.206131400799	0.0	0	488.9978600342729	1381.2061314007951	1	0	1	1.1747899948576919
61200.0	1000.0	1181.2061314007988	0.0	0	468.2446099727822	1381.2061314007951	1	0	1	1.1747899948576919
62200.0	1000.0	1181.206131400803	0.0	0	185.20951172854257	1381.2061314007951	1	0	1	1.1747899948576919
63200.0	1000.0	1181.2061314008051	0.0	0	109.42790745762613	1381.2061314007951	1	0	1	1.1747899948576919
64200.0	1000.0	1181.2061314008063	0.0	0	468.2132257318299	1381.2061314007951	1	0	1	1.1747899948576919
65200.0	1000.0	1181.2061314007972	0.0	0	89.17234090728743	1381.2061314007951	1	0	1	1.1747899948576919
66200.0	1000.0	1181.206131400796	0.0	0	367.831083611527	1381.2061314008024	1	0	1	1.1747899948576916
67200.0	1000.0	1181.206131400797	0.0	0	98.01990395132452	1381.2061314008024	1	0	1	1.1747899948576916
68200.0	1000.0	1181.206131400801	0.0	0	168.68258484451508	1381.206131400817	1	0	1	1.174789994857691
69200.0	1000.0	1181.2061314008233	0.0	0	394.8355181552615	1381.2061314008315	1	0	1	1.1747899948576905
70200.0	1000.0	1181.2061314008183	0.0	0	159.90390907284745	1381.2061314008315	1	0	1	1.1747899948576905
71200.0	1000.0	1181.2061314008254	0.0	0	201.35976262840268	1381.2061314008315	1	0	1	1.1747899948576905
72200.0	1000.0	1181.2061314008404	0.0	0	262.2182809264923	1381.206131400846	1	0	1	1.1747899948576899
73200.0	1000.0	1181.206131400834	0.0	0	489.8978150302428	1381.2061314008315	1	0	1	1.1747899948576905
74200.0	1000.0	1181.2061314008272	0.0	0	275.2676371250127	1381.2061314008315	1	0	1	1.1747899948576905
75200.0	1000.0	1181.2061314008242	0.0	0	313.42722948861774	1381.206131400817	1	0	1	1.174789994857691
76200.0	1000.0	1181.2061314008133	0.0	0	594.7011766842625	1381.206131400817	1	0	1	1.174789994857691
77200.0	1000.0	1181.2061314007992	0.0	0	541.2033870944433	1381.2061314008024	1	0	1	1.1747899948576916
78200.0	1000.0	1181.20613140079	0.0	0	65.85228368756361	1381.2061314008024	1	0	1	1.1747899948576916
79200.0	1000.0	1181.2061314007908	0.0	0	500.8530897704477	1381.206131400817	1	0	1	1.174789994857691
80200.0	1000.0	1181.206131400787	0.0	0	566.6780610930582	1381.2061314008315	1	0	1	1.1747899948576905
81200.0	1000.0	1181.2061314007872	0.0	0	546.8920862863597	1381.206131400846	1	0	1	1.1747899948576899
82200.0	1000.0	1181.2061314007938	0.0	0	228.86926483979914	1381.206131400846	1	0	1	1.1747899948576899
83200.0	1000.0	1181.2061314008026	0.0	0	464.0839189229155	1381.206131400846	1	0	1	1.1747899948576899
84200.0	1000.0	1181.2061314008092	0.0	0	48.4286011478398	1381.206131400846	1	0	1	1.1747899948576899
85200.0	1000.0	1181.2061314008224	0.0	0	103.92463510540256	1381.206131400846	1	0	1	1.1747899948576899
86200.0	1000.0	1181.2061314008256	0.0	0	538.0465508548659	1381.206131400846	1	0	1	1.1747899948576899
87200.0	1000.0	1181.2061314008301	0.0	0	606.6239912096789	1381.206131400846	1	0	1	1.1747899948576899
88200.0	1000.0	1181.2061314008338	0.0	0	403.5571444287925	1381.2061314008606	1	0	1	1.1747899948576894
89200.0	1000.0	1181.2061314008415	0.0	0	365.09308320660784	1381.206131400846	1	0	1	1.1747899948576899
90200.0	1000.0	1181.2061314008336	0.0	0	313.0519877376646	1381.2061314008315	1	0	1	1.1747899948576905
91200.0	1000.0	1181.2061314008342	0.0	0	300.19776912161615	1381.206131400846	1	0	1	1.1747899948576899
92200.0	1000.0	1181.2061314008347	0.0	0	191.6936486766208	1381.206131400846	1	0	1	1.1747899948576899
93200.0	1000.0	1181.2061314008363	0.0	0	408.44983245684125	1381.2061314008606	1	0	1	1.1747899948576894
94259.48791949335	1000.0	1121.7182119074862	0.0	0	0.0	1381.2061314008752	1	0	1	1.1747899948576888
95200.0	1000.0	1181.206131400837	0.0	0	273.37371040809376	1381.2061314008752	1	0	1	1.1747899948576888
96322.2118715812	1000.0	1058.9942598196335	0.0	0	0.0	1381.2061314008752	1	0	1	1.1747899948576888
97308.60267158867	1000.0	1072.6034598121573	0.0	0	0.0	1381.2061314008752	1	0	1	1.1747899948576888
98272.55163522463	1000.0	1108.6544961761983	0.0	0	0.0	1381.2061314008752	1	0	1	1.1747899948576888
99275.0199179679	1000.0	1106.1862134329335	0.0	0	0.0	1381.2061314008752	1	0	1	1.1747899948576888
100200.0	1000.0	1181.2061314008245	0.0	0	199.91464572960103	1381.2061314008606	1	0	1	1.1747899948576894
101200.0	1000.0	1181.2061314008156	0.0	0	190.20857415955106	1381.206131400846	1	0	1	1.1747899948576899
102200.0	1000.0	1181.2061314008397	0.0	0	426.93322294644895	1381.2061314008606	1	0	1	1.1747899948576894
103200.0	1000.0	1181.2061314008301	0.0	0	352.9719340898737	1381.2061314008606	1	0	1	1.1747899948576894
104200.0	1000.0	1181.206131400828	0.0	0	132.6729144553683	1381.2061314008606	1	0	1	1.1747899948576894
105200.0	1000.0	1181.206131400841	0.0	0	441.5806616454647	1381.2061314008606	1	0	1	1.1747899948576894
106200.0	1000.0	1181.2061314008447	0.0	0	385.008219974683	1381.2061314008606	1	0	1	1.1747899948576894
107200.0	1000.0	1181.2061314008615	0.0	0	507.5704814071505	1381.2061314008606	1	0	1	1.1747899948576894
108200.0	1000.0	1181.2061314008606	0.0	0	499.60805370689195	1381.2061314008606	1	0	1	1.1747899948576894
109200.0	1000.0	1181.206131400857	0.0	0	461.02013799322594	1381.2061314008606	1	0	1	1.1747899948576894
110200.0	1000.0	1181.2061314008524	0.0	0	546.6914920975833	1381.2061314008606	1	0	1	1.1747899948576894
111372.49786932714	1000.0	1008.7082620737123	0.0	0	0.0	1381.206131400846	1	0	1	1.1747899948576899
112200.0	1000.0	1181.2061314008579	0.0	0	15.573950596473878	1381.2061314008606	1	0	1	1.1747899948576894
113200.0	1000.0	1181.2061314008454	0.0	0	374.2322156581795	1381.2061314008606	1	0	1	1.1747899948576894
114200.0	1000.0	1181.2061314008404	0.0	0	291.82804323051823	1381.2061314008606	1	0	1	1.1747899948576894
115200.0	1000.0	1181.2061314008495	0.0	0	249.99952118005604	1381.2061314008752	1	0	1	1.1747899948576888
116200.0	1000.0	1181.2061314008427	0.0	0	403.2484493782249	1381.2061314008752	1	0	1	1.1747899948576888
117200.0	1000.0	1181.2061314008392	0.0	0	207.2978692896868	1381.2061314008606	1	0	1	1.1747899948576894
118200.0	1000.0	1181.2061314008404	0.0	0	296.86526486539515	1381.2061314008606	1	0	1	1.1747899948576894
119200.0	1000.0	1181.206131400837	0.0	0	445.31183101364877	1381.2061314008606	1	0	1	1.1747899948576894
120200.0	1000.0	1181.2061314008467	0.0	0	510.00615926821774	1381.2061314008606	1	0	1	1.1747899948576894
121200.0	1000.0	1181.2061314008527	0.0	0	170.4033534713526	1381.2061314008752	1	0	1	1.1747899948576888
122200.0	1000.0	1181.2061314008483	0.0	0	384.4361038563802	1381.2061314008606	1	0	1	1.1747899948576894
123200.0	1000.0	1181.2061314008433	0.0	0	86.97222267754842	1381.2061314008606	1	0	1	1.1747899948576894
124200.0	1000.0	1181.2061314008483	0.0	0	486.75461509550223	1381.2061314008606	1	0	1	1.1747899948576894
125200.0	1000.0	1181.2061314008545	0.0	0	244.13668485495145	1381.2061314008606	1	0	1	1.1747899948576894
126200.0	1000.0	1181.2061314008738	0.0	0	274.9082144705317	1381.2061314008752	1	0	1	1.1747899948576888
127200.0	1000.0	1181.2061314008772	0.0	0	143.60649990620732	1381.2061314008752	1	0	1	1.1747899948576888
128200.0	1000.0	1181.2061314008638	0.0	0	238.15588773122	1381.2061314008606	1	0	1	1.1747899948576894
129200.0	1000.0	1181.2061314008624	0.0	0	511.1407499420311	1381.2061314008606	1	0	1	1.1747899948576894
130200.0	1000.0	1181.2061314008688	0.0	0	591.50702645602	1381.2061314008606	1	0	1	1.1747899948576894
131200.0	1000.0	1181.2061314008713	0.0	0	216.93607425330265	1381.2061314008606	1	0	1	1.1747899948576899
132200.0	1000.0	1181.2061314008572	0.0	0	314.8816897115612	1381.206131400846	1	0	1	1.1747899948576899
133200.0	1000.0	1181.2061314008763	0.0	0	356.33230476194876	1381.2061314008606	1	0	1	1.1747899948576894
134200.0	1000.0	1181.2061314008638	0.0	0	591.5263910808717	1381.2061314008315	1	0	1	1.1747899948576905
135200.0	1000.0	1181.2061314008752	0.0	0	643.5486555086682	1381.2061314008315	1	0	1	1.1747899948576905
136200.0	1000.0	1181.2061314009122	0.0	0	322.94374884458375	1381.2061314008606	1	0	1	1.1747899948576894
137200.0	1000.0	1181.2061314009004	0.0	0	377.91563307121396	1381.2061314008606	1	0	1	1.1747899948576894
138200.0	1000.0	1181.2061314009093	0.0	0	393.198374362255	1381.2061314008606	1	0	1	1.1747899948576894
139200.0	1000.0	1181.2061314009493	0.0	0	105.61577314286842	1381.2061314008897	1	0	1	1.1747899948576883
140200.0	1000.0	1181.2061314009493	0.0	0	289.33271091611823	1381.2061314008897	1	0	1	1.1747899948576883
141200.0	1000.0	1181.2061314009595	0.0	0	317.1341037735401	1381.2061314008897	1	0	1	1.1747899948576883
142200.0	1000.0	1181.2061314009572	0.0	0	518.4195333125535	1381.2061314009188	1	0	1	1.174789994857687
143200.0	1000.0	1181.2061314009923	0.0	0	203.75346967269434	1381.2061314009188	1	0	1	1.174789994857687
144200.0	1000.0	1181.2061314010098	0.0	0	36.09474073135061	1381.2061314009188	1	0	1	1.174789994857687
145200.0	1000.0	1181.2061314010066	0.0	0	566.895715535793	1381.2061314009188	1	0	1	1.174789994857687
146200.0	1000.0	1181.20613140101	0.0	0	494.1500080084952	1381.2061314009188	1	0	1	1.174789994857687
147200.0	1000.0	1181.2061314009984	0.0	0	84.66048217145726	1381.2061314009188	1	0	1	1.174789994857687
148413.10098893815	1000.0	968.105142462822	0.0	0	0.0	1381.2061314009188	1	0	1	1.174789994857687
149323.77123315822	1000.0	1057.4348982427496	0.0	0	0.0	1381.2061314009188	1	0	1	1.174789994857687
150200.0	1000.0	1181.206131400942	0.0	0	245.4574425291794	1381.2061314009188	1	0	1	1.174789994857687
151200.0	1000.0	1181.2061314009393	0.0	0	530.2994911044079	1381.2061314009188	1	0	1	1.174789994857687
152200.0	1000.0	1181.2061314009413	0.0	0	652.0865265205503	1381.2061314009188	1	0	1	1.174789994857687
153200.0	1000.0	1181.206131400939	0.0	0	707.6090071004292	1381.2061314009188	1	0	1	1.174789994857687
154200.0	1000.0	1181.2061314009518	0.0	0	196.4040706542146	1381.2061314009188	1	0	1	1.1747899948576863
155200.0	1000.0	1181.2061314009488	0.0	0	262.80429626328987	1381.2061314009188	1	0	1	1.174789994857687
156200.0	1000.0	1181.2061314009534	0.0	0	62.87271001012414	1381.2061314008897	1	0	1	1.1747899948576883
158172.68677430126	1000.0	221.1423392347411	12.622982135042378	0	0.0	1393.8291135359905	1	0	1	1.0988555267551214
159032.5268446139	1000.0	562.3036413208351	201.00137239874908	0	0.0	1594.8304859347409	1	0	1	-0.04041155045521619
160321.7963324858	1000.0	313.88479658285	40.85064313391854	0	0.0	1635.68112906866	1	0	1	0.9185055604518563
161212.19393998475	1000.0	541.0871296878097	117.59994060390437	0	0.0	1753.28106967255	1	0	1	0.45182687554323514
162328.9495504138	1000.0	424.3315192587514	0.0	0	0.0	1753.28106967255	1	0	1	1.1574265191666613
163037.99660690504	1000.0	715.284462767457	0.0	0	0.0	1753.281069672521	1	0	1	1.157426519166663
163792.87903536172	1000.0	960.4020343107593	0.0	0	0.0	1753.281069672521	1	0	1	1.157426519166663
164570.59568737654	1000.0	1182.6853822959297	0.0	0	0.0	1753.28106967255	1	0	1	1.1574265191666613
165203.67205139427	1000.0	1549.6090182782125	0.0	0	0.0	1753.28106967255	1	0	1	1.1574265191666613
166200.0	1000.0	1553.2810696724828	0.0	0	415.584226547915	1753.2810696725792	1	0	1	1.1574265191666597
167200.0	1000.0	1553.2810696724468	0.0	0	631.3135680319101	1753.28106967255	1	0	1	1.1574265191666613
168200.0	1000.0	1553.2810696724596	0.0	0	347.1494696632435	1753.2810696725792	1	0	1	1.1574265191666597
169200.0	1000.0	1553.2810696724825	0.0	0	160.26657146349316	1753.2810696725792	1	0	1	1.1574265191666597
170200.0	1000.0	1553.2810696724987	0.0	0	304.38694785922416	1753.2810696725792	1	0	1	1.1574265191666597
171242.08543586062	1000.0	1511.1956338119046	0.0	0	0.0	1753.2810696726083	1	0	1	1.1574265191666582
172200.0	1000.0	1553.2810696725398	0.0	0	254.59233780854265	1753.2810696726374	1	0	1	1.1574265191666564
173200.0	1000.0	1553.28106967258	0.0	0	325.1245651062345	1753.2810696726665	1	0	1	1.157426519166655
174200.0	1000.0	1553.281069672564	0.0	0	459.6962914172327	1753.2810696726665	1	0	1	1.157426519166655
175200.0	1000.0	1553.2810696725842	0.0	0	478.49012776007294	1753.2810696726665	1	0	1	1.157426519166655
176200.0	1000.0	1553.281069672598	0.0	0	316.4664770937525	1753.2810696726665	1	0	1	1.157426519166655
177200.38143905214	1000.0	1552.899630620464	0.0	0	0.0	1753.2810696726665	1	0	1	1.157426519166655
178200.0	1000.0	1553.2810696726135	0.0	0	409.1896394693176	1753.2810696726956	1	0	1	1.1574265191666533
179200.0	1000.0	1553.2810696726037	0.0	0	496.248518191569	1753.2810696726956	1	0	1	1.1574265191666533
180200.0	1000.0	1553.2810696726158	0.0	0	409.1554063792282	1753.2810696726956	1	0	1	1.1574265191666533
181200.0	1000.0	1553.281069672612	0.0	0	56.8621419367264	1753.2810696726956	1	0	1	1.1574265191666533
182200.0	1000.0	1553.2810696725958	0.0	0	328.40533491177484	1753.2810696726956	1	0	1	1.1574265191666533
183200.0	1000.0	1553.2810696725899	0.0	0	470.43535124498885	1753.2810696726956	1	0	1	1.1574265191666533
184200.0	1000.0	1553.2810696725955	0.0	0	207.36633227707352	1753.2810696726956	1	0	1	1.1574265191666533
185497.40403162886	1000.0	1255.8770380437134	0.0	0	0.0	1753.2810696726956	1	0	1	1.1574265191666533
186221.84179738737	1000.0	1531.43927228521	0.0	0	0.0	1753.2810696726665	1	0	1	1.157426519166654
187203.0391134593	1000.0	1550.241956213265	0.0	0	0.0	1753.2810696726374	1	0	1	1.1574265191666553
188200.0	1000.0	1553.2810696725771	0.0	0	116.23297164961696	1753.2810696726665	1	0	1	1.1574265191666562
189681.04087733114	1000.0	1072.2401923414393	0.0	0	0.0	1753.2810696726374	1	0	1	1.1574265191666562
190582.8764775239	1000.0	1170.4045921486768	0.0	0	0.0	1753.2810696726374	1	0	1	1.1574265191666564
191397.91443333492	1000.0	1355.3666363376728	0.0	0	0.0	1753.2810696726374	1	0	1	1.1574265191666564
192200.0	1000.0	1553.281069672599	0.0	0	254.5209006148798	1753.2810696726665	1	0	1	1.157426519166655
193200.0	1000.0	1553.2810696726212	0.0	0	268.8367879157886	1753.2810696726374	1	0	1	1.1574265191666553
194200.0	1000.0	1553.2810696726308	0.0	0	212.71500819496578	1753.2810696726083	1	0	1	1.1574265191666582
195200.0	1000.0	1553.2810696726335	0.0	0	232.67639549123123	1753.2810696726083	1	0	1	1.1574265191666582
196200.0	1000.0	1553.2810696726635	0.0	0	366.3027763516584	1753.2810696726083	1	0	1	1.1574265191666582
197200.0	1000.0	1553.2810696726867	0.0	0	227.02678537732572	1753.2810696726083	1	0	1	1.1574265191666582
198264.93536115205	1000.0	1488.3457085206287	0.0	0	0.0	1753.2810696726083	1	0	1	1.1574265191666582
199200.0	1000.0	1553.2810696726692	0.0	0	35.771382628096035	1753.2810696726083	1	0	1	1.1574265191666582
200238.19303725773	1000.0	1515.0880324149355	0.0	0	0.0	1753.2810696726083	1	0	1	1.1574265191666582
201200.0	1000.0	1553.2810696726597	0.0	0	92.50446790811839	1753.2810696726083	1	0	1	1.1574265191666582
202200.0	1000.0	1553.2810696726383	0.0	0	231.71686467251857	1753.2810696726083	1	0	1	1.1574265191666582
203200.0	1000.0	1553.281069672646	0.0	0	248.7385474847979	1753.2810696726083	1	0	1	1.1574265191666582
204200.0	1000.0	1553.2810696726328	0.0	0	457.62186405967805	1753.2810696726083	1	0	1	1.1574265191666582
205200.0	1000.0	1553.2810696726021	0.0	0	457.1339732587512	1753.2810696726083	1	0	1	1.1574265191666582
206200.0	1000.0	1553.2810696725905	0.0	0	445.9629871455836	1753.2810696725792	1	0	1	1.1574265191666597
207200.0	1000.0	1553.281069672593	0.0	0	67.22737724162289	1753.2810696725792	1	0	1	1.1574265191666597
208200.0	1000.0	1553.281069672584	0.0	0	328.5146417610813	1753.28106967255	1	0	1	1.1574265191666613
209200.0	1000.0	1553.281069672615	0.0	0	574.7998700719909	1753.28106967255	1	0	1	1.1574265191666613
210200.0	1000.0	1553.2810696726126	0.0	0	183.9934069882729	1753.2810696725792	1	0	1	1.1574265191666597
211200.0	1000.0	1553.2810696726021	0.0	0	350.8181239653204	1753.2810696725792	1	0	1	1.1574265191666597
212200.0	1000.0	1553.2810696726187	0.0	0	7.918124337855261	1753.2810696725792	1	0	1	1.1574265191666597
213200.0	1000.0	1553.2810696725928	0.0	0	507.60649653794826	1753.2810696725792	1	0	1	1.1574265191666597
214200.0	1000.0	1553.281069672574	0.0	0	197.70566701499047	1753.28106967255	1	0	1	1.1574265191666613
215200.0	1000.0	1553.2810696725671	0.0	0	427.3038162236626	1753.28106967255	1	0	1	1.1574265191666613
216200.0	1000.0	1553.2810696725433	0.0	0	35.59694506597589	1753.281069672521	1	0	1	1.157426519166663
217200.0	1000.0	1553.2810696725512	0.0	0	328.771235418797	1753.281069672521	1	0	1	1.157426519166663
218200.0	1000.0	1553.28106967255	0.0	0	378.4105592149426	1753.281069672521	1	0	1	1.157426519166663
219200.0	1000.0	1553.2810696725596	0.0	0	167.47296941329842	1753.2810696724919	1	0	1	1.1574265191666646
220200.0	1000.0	1553.2810696725508	0.0	0	292.7722077828075	1753.2810696724919	1	0	1	1.1574265191666646
221200.0	1000.0	1553.2810696725514	0.0	0	314.6422803385067	1753.2810696724919	1	0	1	1.1574265191666646
222200.0	1000.0	1553.2810696725517	0.0	0	326.3538867504394	1753.2810696724919	1	0	1	1.1574265191666646
223200.0	1000.0	1553.2810696725403	0.0	0	259.70472958195023	1753.2810696724919	1	0	1	1.1574265191666646
224200.0	1000.0	1553.2810696725242	0.0	0	242.7010197394411	1753.2810696724919	1	0	1	1.1574265191666646
225200.0	1000.0	1553.2810696725358	0.0	0	411.9517066886474	1753.281069672521	1	0	1	1.157426519166663
226200.0	1000.0	1553.2810696725178	0.0	0	467.5489080712723	1753.281069672521	1	0	1	1.157426519166663
227200.0	1000.0	1553.281069672504	0.0	0	311.4623621786304	1753.281069672521	1	0	1	1.157426519166663
228200.0	1000.0	1553.2810696724787	0.0	0	360.75444906388293	1753.281069672521	1	0	1	1.157426519166663
229200.0	1000.0	1553.281069672464	0.0	0	340.00450207607355	1753.281069672521	1	0	1	1.1574265191666642
230200.0	1000.0	1553.2810696724466	0.0	0	533.8716413415095	1753.2810696724919	1	0	1	1.1574265191666646
231200.0	1000.0	1553.2810696724275	0.0	0	450.8754501786607	1753.2810696724919	1	0	1	1.1574265191666646
232200.0	1000.0	1553.2810696724466	0.0	0	624.1981495452055	1753.2810696724919	1	0	1	1.1574265191666646
233236.3863592771	1000.0	1516.89471039536	0.0	0	0.0	1753.2810696724919	1	0	1	1.1574265191666646
234200.0	1000.0	1553.281069672495	0.0	0	40.52510482791695	1753.2810696724919	1	0	1	1.1574265191666646
235200.0	1000.0	1553.281069672476	0.0	0	542.7481898443366	1753.2810696724628	1	0	1	1.1574265191666662
236200.0	1000.0	1553.2810696724557	0.0	0	505.3082602111681	1753.2810696724628	1	0	1	1.1574265191666662
237200.0	1000.0	1553.2810696724464	0.0	0	303.8396506491699	1753.2810696724337	1	0	1	1.1574265191666666
238200.0	1000.0	1553.2810696724619	0.0	0	242.53562293871073	1753.2810696724337	1	0	1	1.157426519166668
239200.0	1000.0	1553.2810696724462	0.0	0	284.9943057774217	1753.2810696724337	1	0	1	1.157426519166668
240200.0	1000.0	1553.2810696724518	0.0	0	409.7941463733732	1753.2810696724337	1	0	1	1.157426519166668
241200.0	1000.0	1553.2810696724803	0.0	0	335.5977264038229	1753.2810696724337	1	0	1	1.157426519166668
242200.0	1000.0	1553.2810696724666	0.0	0	317.25036835990613	1753.2810696724337	1	0	1	1.157426519166668
243200.0	1000.0	1553.2810696724507	0.0	0	80.04559529034304	1753.2810696724046	1	0	1	1.1574265191666695
244200.0	1000.0	1553.2810696724562	0.0	0	565.808325674996	1753.2810696724046	1	0	1	1.1574265191666695
245441.97599772247	1000.0	1311.3050719499947	0.0	0	0.0	1753.2810696724046	1	0	1	1.1574265191666695
246903.25414362142	1000.0	850.0269260510598	0.0	0	0.0	1753.2810696724337	1	0	1	1.157426519166668
248089.72721703153	1000.0	663.5538526409821	0.0	0	0.0	1753.2810696724919	1	0	1	1.157426519166666
249033.17714898055	1000.0	720.1039206919731	0.0	0	0.0	1753.2810696724919	1	0	1	1.1574265191666646
249830.60035142032	1000.0	922.6807182522007	0.0	0	0.0	1753.2810696724919	1	0	1	1.1574265191666646
250295.88970870338	1000.0	1457.3913609691383	0.0	0	0.0	1753.2810696724919	1	0	1	1.1574265191666646
251200.0	1000.0	1553.2810696725364	0.0	0	421.67362574121216	1753.2810696724919	1	0	1	1.1574265191666646
252200.0	1000.0	1553.2810696725087	0.0	0	379.4180644049193	1753.2810696724628	1	0	1	1.1574265191666662
253200.0	1000.0	1553.2810696725144	0.0	0	391.8144361231243	1753.2810696724919	1	0	1	1.1574265191666646
254200.0	1000.0	1553.2810696725096	0.0	0	530.9342145346163	1753.2810696724919	1	0	1	1.1574265191666646
255200.0	1000.0	1553.2810696724919	0.0	0	430.0944517442258	1753.2810696724919	1	0	1	1.1574265191666646
256200.0	1000.0	1553.2810696725044	0.0	0	479.9447714657872	1753.2810696724919	1	0	1	1.1574265191666646
257200.0	1000.0	1553.2810696724982	0.0	0	272.05433513756725	1753.2810696724919	1	0	1	1.1574265191666633
258200.0	1000.0	1553.2810696724507	0.0	0	423.8076053512632	1753.2810696724919	1	0	1	1.1574265191666646
259200.0	1000.0	1553.281069672454	0.0	0	303.5677899433358	1753.2810696724628	1	0	1	1.1574265191666662
260200.0	1000.0	1553.2810696724616	0.0	0	87.80063753761351	1753.2810696724919	1	0	1	1.157426519166666
261200.0	1000.0	1553.2810696724603	0.0	0	288.91037779988255	1753.2810696724919	1	0	1	1.1574265191666646
262200.0	1000.0	1553.2810696725207	0.0	0	506.24228761382983	1753.281069672521	1	0	1	1.157426519166663
263200.0	1000.0	1553.2810696724857	0.0	0	314.93271085992455	1753.281069672521	1	0	1	1.157426519166663
264200.0	1000.0	1553.2810696724898	0.0	0	180.85427286376944	1753.28106967255	1	0	1	1.1574265191666622
265200.0	1000.0	1553.281069672549	0.0	0	410.46340760291787	1753.28106967255	1	0	1	1.1574265191666613
266200.0	1000.0	1553.2810696725342	0.0	0	297.478369718825	1753.28106967255	1	0	1	1.157426519166664
267200.0	1000.0	1553.2810696724973	0.0	0	135.92368627060205	1753.2810696724919	1	0	1	1.157426519166662
268200.0	1000.0	1553.281069672525	0.0	0	408.9894028521376	1753.28106967255	1	0	1	1.1574265191666613
269200.0	1000.0	1553.2810696725714	0.0	0	495.7882988504716	1753.28106967255	1	0	1	1.1574265191666613
270200.0	1000.0	1553.281069672601	0.0	0	242.6810616509174	1753.2810696726083	1	0	1	1.1574265191666606
271200.0	1000.0	1553.2810696725692	0.0	0	194.59879638481652	1753.2810696726083	1	0	1	1.1574265191666582
272200.0	1000.0	1553.2810696725096	0.0	0	249.48603381874273	1753.2810696726083	1	0	1	1.1574265191666582
273200.0	1000.0	1553.28106967248	0.0	0	489.4982828091015	1753.2810696726083	1	0	1	1.1574265191666582
274200.0	1000.0	1553.2810696724573	0.0	0	417.0356422464247	1753.2810696726083	1	0	1	1.1574265191666582
275200.0	1000.0	1553.2810696724046	0.0	0	421.8926930493326	1753.2810696726083	1	0	1	1.1574265191666582
276200.0	1000.0	1553.281069672344	0.0	0	307.1854804723407	1753.2810696726665	1	0	1	1.157426519166655
277200.0	1000.0	1553.2810696723707	0.0	0	202.64293561159866	1753.2810696726665	1	0	1	1.157426519166655
278200.0	1000.0	1553.2810696723511	0.0	0	503.99286416574614	1753.2810696726665	1	0	1	1.157426519166655
279200.0	1000.0	1553.2810696723616	0.0	0	484.40001023747027	1753.2810696726665	1	0	1	1.157426519166655
280200.0	1000.0	1553.2810696723395	0.0	0	264.5858734943322	1753.2810696727247	1	0	1	1.1574265191666515
281200.0	1000.0	1553.2810696723077	0.0	0	314.9291730392724	1753.2810696727247	1	0	1	1.1574265191666515
282200.0	1000.0	1553.2810696723336	0.0	0	465.5985442909878	1753.2810696727247	1	0	1	1.1574265191666515
283200.0	1000.0	1553.2810696723195	0.0	0	338.49237364326837	1753.2810696726665	1	0	1	1.157426519166655
284200.0	1000.0	1553.2810696723175	0.0	0	517.7844824749045	1753.2810696726083	1	0	1	1.1574265191666582
285200.0	1000.0	1553.2810696723157	0.0	0	400.3612685939297	1753.2810696726083	1	0	1	1.1574265191666582
286200.0	1000.0	1553.2810696723577	0.0	0	292.1211334670079	1753.2810696726083	1	0	1	1.1574265191666582
287200.0	1000.0	1553.2810696723589	0.0	0	304.8754906359827	1753.2810696726083	1	0	1	1.1574265191666582
288200.0	1000.0	1553.281069672342	0.0	0	52.50538255443098	1753.2810696726083	1	0	1	1.1574265191666582
289200.0	1000.0	1553.2810696722977	0.0	0	96.84151139535243	1753.2810696726083	1	0	1	1.1574265191666582
290200.0	1000.0	1553.281069672253	0.0	0	319.44522496539867	1753.2810696726665	1	0	1	1.1574265191666575
291200.0	1000.0	1553.2810696722809	0.0	0	380.16902737220516	1753.2810696726665	1	0	1	1.157426519166655
292200.0	1000.0	1553.2810696722174	0.0	0	64.85681847756496	1753.2810696726083	1	0	1	1.1574265191666555
293200.0	1000.0	1553.2810696721972	0.0	0	24.889463598723523	1753.2810696726083	1	0	1	1.1574265191666582
294200.0	1000.0	1553.2810696721926	0.0	0	613.6137939831824	1753.2810696726083	1	0	1	1.1574265191666582
295200.0	1000.0	1553.2810696721544	0.0	0	445.3887831377797	1753.2810696726083	1	0	1	1.1574265191666582
296200.0	1000.0	1553.2810696721099	0.0	0	257.48988624388585	1753.2810696726083	1	0	1	1.1574265191666582
297200.0	1000.0	1553.2810696720985	0.0	0	157.78329098498216	1753.2810696726083	1	0	1	1.1574265191666582
298292.1481296809	1000.0	1461.1329399911635	0.0	0	0.0	1753.2810696726665	1	0	1	1.1574265191666562
299200.0	1000.0	1553.281069672055	0.0	0	276.2627596803941	1753.2810696727247	1	0	1	1.1574265191666515
300200.0	1000.0	1553.2810696720169	0.0	0	409.59869245428126	1753.2810696727247	1	0	1	1.1574265191666515
1.31	1.73	1.36	0.6	0.7	1.17	1.02	1.09	1.23	1.25	1.47	1.47	1.81	2.57	1.55	1.56	1.38	1.01	1.4	1.8	1.98	1.55	1.41	1.05	1.32	1.59	1.88	1.15	1.26	1.82	1.42	0.65	1.26	1.41	0.95	0.7	0.87	1.59	1.68	1.83	1.2	1.19	1.55	1.47	1.27	1.0	1.27	1.27	1.46	1.49	1.99	2.54	1.96	1.33	1.85	2.46	1.56	1.31	1.04	1.66	1.38	1.46	1.02	1.22	1.6	1.08	1.61	1.18	1.95	1.83	1.73	2.32	1.75	1.49	1.8	1.9	2.26	1.86	2.19	1.27	1.19	2.07	2.39	1.81	1.49	1.81	1.91	1.45	1.42	1.18	1.81	1.08	0.87	0.8	1.14	1.23	1.69	1.89	2.06	1.54	1.69	1.9	2.21	1.97	1.97	1.75	0.85	1.53	1.99	1.42	1.34	1.52	1.41	1.42	1.81	2.15	1.63	1.38	1.47	1.81	1.44	1.41	1.42	1.61	2.07	2.73	1.55	1.42	1.89	1.93	2.58	1.6	1.24	1.53	1.34	1.17	1.66	1.99	0.96	0.7	2.15	2.28	1.34	0.94	1.1	1.7	2.33	2.7	3.36	1.03	1.31	1.73	1.36	0.6	0.7	1.17	1.02	1.09	1.23	1.25	1.47	1.47	1.81	2.57	1.55	1.56	1.38	1.01	1.4	1.8	1.98	1.55	1.41	1.05	1.32	1.59	1.88	1.15	1.26	1.82	1.42	0.65	1.26	1.41	0.95	0.7	0.87	1.59	1.68	1.83	1.2	1.19	1.55	1.47	1.27	1.0	1.27	1.27	1.46	1.49	1.99	2.54	1.96	1.33	1.85	2.46	1.56	1.31	1.04	1.66	1.38	1.46	1.02	1.22	1.6	1.08	1.61	1.18	1.95	1.83	1.73	2.32	1.75	1.49	1.8	1.9	2.26	1.86	2.19	1.27	1.19	2.07	2.39	1.81	1.49	1.81	1.91	1.45	1.42	1.18	1.81	1.08	0.87	0.8	1.14	1.23	1.69	1.89	2.06	1.54	1.69	1.9	2.21	1.97	1.97	1.75	0.85	1.53	1.99	1.42	1.34	1.52	1.41	1.42	1.81	2.15	1.63	1.38	1.47	1.81	1.44	1.41	1.42	1.61	2.07	2.73	1.55	1.42	1.89	1.93	2.58	1.6	1.24	1.53	1.34	1.17	1.66	1.99	0.96	0.7	2.15	2.28	1.34	0.94	1.1	1.7	2.33	2.7	3.36	1.03
1.0	2.0	3.0	4.0	5.0	6.0	7.0	8.0	9.0	10.0	11.0	12.0	13.0	14.0	15.0	16.0	17.0	18.0	19.0	20.0	21.0	22.0	23.0	24.0	25.0	26.0	27.0	28.0	29.0	30.0	31.0	32.0	33.0	34.0	35.0	36.0	37.0	38.0	39.0	40.0	41.0	42.0	43.0	44.0	45.0	46.0	47.0	48.0	49.0	50.0	51.0	52.0	53.0	54.0	55.0	56.0	57.0	58.0	59.0	60.0	61.0	62.0	63.0	64.0	65.0	66.0	67.0	68.0	69.0	70.0	71.0	72.0	73.0	74.0	75.0	76.0	77.0	78.0	79.0	80.0	81.0	82.0	83.0	84.0	85.0	86.0	87.0	88.0	89.0	90.0	91.0	92.0	93.0	94.0	95.0	96.0	97.0	98.0	99.0	100.0	101.0	102.0	103.0	104.0	105.0	106.0	107.0	108.0	109.0	110.0	111.0	112.0	113.0	114.0	115.0	116.0	117.0	118.0	119.0	120.0	121.0	122.0	123.0	124.0	125.0	126.0	127.0	128.0	129.0	130.0	131.0	132.0	133.0	134.0	135.0	136.0	137.0	138.0	139.0	140.0	141.0	142.0	143.0	144.0	145.0	146.0	147.0	148.0	149.0	149.0	150.0	151.0	152.0	153.0	154.0	155.0	156.0	157.0	158.0	159.0	160.0	161.0	162.0	163.0	164.0	165.0	166.0	167.0	168.0	169.0	170.0	171.0	172.0	173.0	174.0	175.0	176.0	177.0	178.0	179.0	180.0	181.0	182.0	183.0	184.0	185.0	186.0	187.0	188.0	189.0	190.0	191.0	192.0	193.0	194.0	195.0	196.0	197.0	198.0	199.0	200.0	201.0	202.0	203.0	204.0	205.0	206.0	207.0	208.0	209.0	210.0	211.0	212.0	213.0	214.0	215.0	216.0	217.0	218.0	219.0	220.0	221.0	222.0	223.0	224.0	225.0	226.0	227.0	228.0	229.0	230.0	231.0	232.0	233.0	234.0	235.0	236.0	237.0	238.0	239.0	240.0	241.0	242.0	243.0	244.0	245.0	246.0	247.0	248.0	249.0	250.0	251.0	252.0	253.0	254.0	255.0	256.0	257.0	258.0	259.0	260.0	261.0	262.0	263.0	264.0	265.0	266.0	267.0	268.0	269.0	270.0	271.0	272.0	273.0	274.0	275.0	276.0	277.0	278.0	279.0	280.0	281.0	282.0	283.0	284.0	285.0	286.0	287.0	288.0	289.0	290.0	291.0	292.0	293.0	294.0	295.0	296.0	297.0	298.0	298.0
4082.355362812287
