5561.362315068856	300.0	2000.0	261.9003960134541	0	0.0	5561.362315068856	1	0	1	-3.07661668155776
5941.5972485463735	500.0	2581.741573174731	0.0	0	0.0	5523.338821721104	1	0	2	-1.9308288413643666
6181.083920062957	500.0	3318.3062345064886	0.0	0	0.0	5499.390154569444	1	0	2	-1.1938136614339991
6392.015184519575	500.0	4086.2818436042094	0.0	0	0.0	5478.297028123784	1	0	2	-1.173523563428061
6664.647796237768	500.0	4786.3859707141955	0.0	0	0.0	5451.033766951963	1	0	2	-1.1498865695215508
7200.0	500.0	5197.49854657574	0.0	0	283.6722469915294	5397.49854657574	1	0	2	-1.1187929703381732
8200.0	500.0	5097.49854657574	0.0	0	563.6989642304688	5297.49854657574	1	0	2	-1.0397003830243985
9200.0	500.0	4997.498546575742	0.0	0	732.526107455009	5197.498546575743	1	0	2	-0.9518237999590964
10200.0	1000.0	4897.498546575742	0.0	0	361.9806549478817	5097.498546575743	1	0	2	-0.8652638285884324
11200.0	1000.0	4797.498546575742	0.0	0	336.65563584772826	4997.498546575743	1	0	2	-0.08897568220297752
12200.0	1000.0	4697.49854657574	0.0	0	526.1107026713089	4897.498546575741	1	0	2	-0.012880132625384039
13200.0	1000.0	4597.498546575739	0.0	0	483.34123790179547	4797.49854657574	1	0	2	0.06147778816868224
14200.0	1000.0	4497.498546575741	0.0	0	495.7218103784762	4697.498546575742	1	0	2	0.13253486503801232
15200.0	1000.0	4397.498546575739	0.0	0	466.4098780451477	4597.498546575745	1	0	2	0.19931509384955995
16200.0	1000.0	4297.498546575737	0.0	0	639.6154309412541	4497.498546575745	1	0	2	0.26137075797132026
17200.0	1000.0	4197.498546575734	0.0	0	569.711474973592	4397.498546575742	1	0	2	0.3208191524359654
18200.0	1000.0	4097.498546575733	0.0	0	550.3911805360585	4297.498546575742	1	0	2	0.37632207171830656
19200.0	1000.0	3997.498546575728	0.0	0	566.5017788345285	4197.498546575738	1	0	2	0.4280485283832117
20441.731146252743	2000.0	3631.5942856977117	0.0	0	0.0	4073.325431950463	1	0	2	0.49303731593798317
21211.8275469079	2000.0	3784.488244977037	0.0	0	0.0	3996.3157918849465	1	0	2	1.2237906873349305
22200.0	2000.0	3697.4985465757313	0.0	0	350.51108537325854	3897.498546575742	1	0	2	1.2568781329324497
23200.0	2000.0	3597.498546575728	0.0	0	20.123799538421736	3797.498546575742	1	0	2	1.2990094782389887
24200.0	2000.0	3497.4985465757263	0.0	0	341.99973902489364	3697.498546575742	1	0	2	1.330611316806706
25396.213724288507	2000.0	3181.6634498583685	0.0	0	0.0	3577.877174146888	1	0	2	1.3687804985552765
27317.446177794634	2000.0	2068.3077510016305	0.0	0	0.0	3385.7539287962754	1	0	2	1.4206789738484134
28802.781226823663	2000.0	1434.4391970697013	0.0	0	0.0	3237.22042389337	1	0	2	1.4623625546451922
29665.23278403189	1000.0	1485.742484140652	0.0	0	0.0	3150.9752681725513	1	0	2	0.097356930846347
30481.257423318588	1000.0	1588.115380925282	0.0	0	0.0	3069.372804243878	1	0	2	0.8074193383105323
31372.006631977103	1000.0	1697.3661722667628	0.0	0	0.0	3069.3728042438815	1	0	1	0.8112226878982947
32617.406351739817	1000.0	1451.966452504051	0.0	0	0.0	3069.3728042438815	1	0	1	1.0112226878982948
33556.32529737606	1000.0	1513.0475068678027	0.0	0	0.0	3069.3728042438743	1	0	1	1.0112226878982957
34278.17685213913	1000.0	1791.195952104743	0.0	0	0.0	3069.372804243885	1	0	1	1.011222687898295
34867.29637362966	1000.0	2202.076430614212	0.0	0	0.0	3069.372804243885	1	0	1	1.0112226878982946
35283.92448669381	1000.0	2785.4483175500627	0.0	0	0.0	3069.372804243889	1	0	1	1.0112226878982933
36200.0	1000.0	2869.372804243872	0.0	0	461.7577437025102	3069.372804243889	1	0	1	1.0112226878982928
37200.0	1000.0	2869.3728042438715	0.0	0	478.7855067784403	3069.372804243896	1	0	1	1.011222687898292
38200.0	1000.0	2869.372804243868	0.0	0	338.4058009975706	3069.372804243896	1	0	1	1.011222687898292
39200.0	1000.0	2869.372804243863	0.0	0	187.97479759664566	3069.372804243896	1	0	1	1.011222687898292
40200.0	1000.0	2869.372804243867	0.0	0	480.78223713717307	3069.372804243896	1	0	1	1.011222687898292
41200.0	1000.0	2869.37280424387	0.0	0	336.3070429331128	3069.3728042439034	1	0	1	1.0112226878982906
42200.0	1000.0	2869.372804243874	0.0	0	487.65952602768084	3069.3728042439034	1	0	1	1.0112226878982906
43200.0	1000.0	2869.3728042438775	0.0	0	638.6588735884579	3069.3728042439107	1	0	1	1.0112226878982893
44200.0	1000.0	2869.372804243875	0.0	0	541.7094940153911	3069.3728042439034	1	0	1	1.0112226878982906
45200.0	1000.0	2869.3728042438765	0.0	0	554.7088993018479	3069.3728042439107	1	0	1	1.0112226878982893
46301.110580621	1000.0	2768.262223622874	0.0	0	0.0	3069.3728042439107	1	0	1	1.0112226878982893
47200.0	1000.0	2869.372804243879	0.0	0	122.68602909212495	3069.3728042439107	1	0	1	1.0112226878982893
48200.0	1000.0	2869.372804243877	0.0	0	417.1873217530883	3069.3728042439107	1	0	1	1.0112226878982893
49200.0	1000.0	2869.37280424387	0.0	0	50.3797893515366	3069.3728042439034	1	0	1	1.0112226878982906
50200.0	1000.0	2869.372804243873	0.0	0	156.62316426366306	3069.3728042439034	1	0	1	1.0112226878982906
51200.0	1000.0	2869.372804243874	0.0	0	340.2395025485166	3069.372804243896	1	0	1	1.011222687898292
52200.0	1000.0	2869.3728042438834	0.0	0	457.29583005432505	3069.372804243896	1	0	1	1.011222687898292
53200.0	1000.0	2869.3728042438725	0.0	0	604.6125861371984	3069.372804243896	1	0	1	1.011222687898292
54200.0	1000.0	2869.3728042438765	0.0	0	354.4010389770483	3069.372804243896	1	0	1	1.011222687898292
55200.0	1000.0	2869.3728042438775	0.0	0	480.2865853026815	3069.372804243896	1	0	1	1.011222687898292
56200.0	1000.0	2869.372804243882	0.0	0	615.6465814399489	3069.372804243896	1	0	1	1.011222687898292
57200.0	1000.0	2869.372804243886	0.0	0	453.5172910453839	3069.3728042439034	1	0	1	1.0112226878982906
58200.0	1000.0	2869.3728042438856	0.0	0	219.05068136593036	3069.3728042439034	1	0	1	1.0112226878982906
59200.0	1000.0	2869.372804243891	0.0	0	301.0529390042648	3069.3728042439034	1	0	1	1.0112226878982906
60600.062828650574	1000.0	2469.3099755933204	0.0	0	0.0	3069.3728042439034	1	0	1	1.0112226878982906
61354.66720654048	1000.0	2714.705597703413	0.0	0	0.0	3069.3728042439034	1	0	1	1.0112226878982906
62200.0	1000.0	2869.3728042438875	0.0	0	243.95053022994398	3069.3728042439107	1	0	1	1.0112226878982893
63200.0	1000.0	2869.372804243887	0.0	0	317.58620962987334	3069.3728042439107	1	0	1	1.0112226878982893
64200.0	1000.0	2869.3728042438893	0.0	0	142.45422203814087	3069.372804243918	1	0	1	1.0112226878982877
65200.0	1000.0	2869.372804243884	0.0	0	241.69408282310906	3069.372804243918	1	0	1	1.0112226878982877
66200.0	1000.0	2869.372804243892	0.0	0	129.82277817695285	3069.3728042439325	1	0	1	1.0112226878982868
67200.0	1000.0	2869.3728042438925	0.0	0	508.93700191404787	3069.3728042439398	1	0	1	1.0112226878982842
68200.0	1000.0	2869.37280424389	0.0	0	196.31248254362436	3069.3728042439325	1	0	1	1.011222687898286
69200.0	1000.0	2869.3728042439116	0.0	0	240.3694789542933	3069.372804243947	1	0	1	1.0112226878982824
70200.0	1000.0	2869.3728042439016	0.0	0	204.02174929139437	3069.372804243947	1	0	1	1.0112226878982822
71200.0	1000.0	2869.3728042438956	0.0	0	59.24769900145475	3069.372804243947	1	0	1	1.0112226878982822
72200.0	1000.0	2869.372804243888	0.0	0	275.26810537063284	3069.372804243947	1	0	1	1.0112226878982822
73200.0	1000.0	2869.372804243905	0.0	0	345.47022315145296	3069.3728042439325	1	0	1	1.011222687898285
74200.0	1000.0	2869.3728042439107	0.0	0	314.1731527477823	3069.3728042439325	1	0	1	1.011222687898285
75200.0	1000.0	2869.3728042439066	0.0	0	438.010329266137	3069.372804243918	1	0	1	1.0112226878982877
76200.0	1000.0	2869.3728042439075	0.0	0	407.42224895318213	3069.372804243918	1	0	1	1.0112226878982877
77200.0	1000.0	2869.3728042439257	0.0	0	648.5813409565744	3069.372804243918	1	0	1	1.0112226878982877
78200.0	1000.0	2869.3728042439097	0.0	0	413.13803315848054	3069.372804243918	1	0	1	1.0112226878982877
79200.0	1000.0	2869.372804243904	0.0	0	287.94566853354627	3069.372804243918	1	0	1	1.0112226878982877
80200.0	1000.0	2869.3728042438966	0.0	0	287.90730591227475	3069.372804243918	1	0	1	1.0112226878982877
81200.0	1000.0	2869.3728042438856	0.0	0	250.79123051735223	3069.3728042439034	1	0	1	1.0112226878982906
82200.0	1000.0	2869.3728042438865	0.0	0	414.184035451879	3069.3728042439034	1	0	1	1.0112226878982906
83200.0	1000.0	2869.372804243874	0.0	0	308.99618674383964	3069.3728042439034	1	0	1	1.0112226878982906
84200.0	1000.0	2869.3728042438597	0.0	0	38.621592383729876	3069.3728042439034	1	0	1	1.0112226878982906
85200.0	1000.0	2869.3728042438674	0.0	0	338.5830515134003	3069.3728042439034	1	0	1	1.0112226878982906
86200.0	1000.0	2869.372804243864	0.0	0	568.1463071015605	3069.372804243889	1	0	1	1.0112226878982935
87200.0	1000.0	2869.372804243858	0.0	0	384.24083352564776	3069.3728042438743	1	0	1	1.0112226878982962
88200.0	1000.0	2869.372804243854	0.0	0	547.9058700220194	3069.372804243889	1	0	1	1.0112226878982935
89200.0	1000.0	2869.3728042438747	0.0	0	357.27171091949276	3069.372804243889	1	0	1	1.0112226878982935
90200.0	1000.0	2869.3728042438747	0.0	0	492.5286990819295	3069.372804243889	1	0	1	1.0112226878982935
91200.0	1000.0	2869.372804243884	0.0	0	271.5213088286255	3069.372804243889	1	0	1	1.0112226878982935
92200.0	1000.0	2869.372804243897	0.0	0	413.8405865095847	3069.3728042439034	1	0	1	1.0112226878982906
93200.0	1000.0	2869.3728042438956	0.0	0	229.7260499070835	3069.3728042439034	1	0	1	1.0112226878982906
94200.0	1000.0	2869.3728042438966	0.0	0	268.43162167845	3069.3728042439034	1	0	1	1.0112226878982906
95200.0	1000.0	2869.372804243885	0.0	0	393.7503344883444	3069.3728042439034	1	0	1	1.0112226878982906
96283.15546918484	1000.0	2786.2173350590474	0.0	0	0.0	3069.3728042439034	1	0	1	1.0112226878982906
97200.0	1000.0	2869.372804243897	0.0	0	210.6576299412991	3069.3728042439034	1	0	1	1.0112226878982906
98232.76297736238	1000.0	2836.6098268815226	0.0	0	0.0	3069.3728042439034	1	0	1	1.0112226878982906
99200.0	1000.0	2869.3728042438975	0.0	0	49.427950697776396	3069.3728042439034	1	0	1	1.0112226878982906
100200.0	1000.0	2869.3728042438897	0.0	0	43.9378721776593	3069.3728042439034	1	0	1	1.0112226878982906
101200.0	1000.0	2869.3728042438956	0.0	0	113.53517882406595	3069.3728042439034	1	0	1	1.0112226878982906
102200.0	1000.0	2869.3728042438984	0.0	0	290.280318133955	3069.3728042439034	1	0	1	1.0112226878982906
103200.0	1000.0	2869.3728042439043	0.0	0	210.74731507748947	3069.3728042439034	1	0	1	1.0112226878982906
104200.0	1000.0	2869.37280424389	0.0	0	268.3096907891886	3069.372804243889	1	0	1	1.0112226878982935
105200.0	1000.0	2869.3728042438925	0.0	0	118.29180674630334	3069.372804243889	1	0	1	1.0112226878982935
106200.0	1000.0	2869.3728042438884	0.0	0	189.33052214483905	3069.372804243889	1	0	1	1.0112226878982935
107200.0	1000.0	2869.3728042438715	0.0	0	185.59447741111217	3069.372804243889	1	0	1	1.0112226878982935
108200.0	1000.0	2869.372804243867	0.0	0	82.02465961818234	3069.372804243889	1	0	1	1.0112226878982935
109270.86944429728	1000.0	2798.5033599465696	0.0	0	0.0	3069.3728042438743	1	0	1	1.0112226878982962
110511.0366837068	1000.0	2558.336120537051	0.0	0	0.0	3069.3728042438743	1	0	1	1.0112226878982962
111381.50441853075	1000.0	2687.868385713099	0.0	0	0.0	3069.3728042438743	1	0	1	1.0112226878982962
112200.0	1000.0	2869.3728042438593	0.0	0	137.72298030419915	3069.3728042438743	1	0	1	1.0112226878982962
113200.0	1000.0	2869.372804243861	0.0	0	438.23799907194916	3069.3728042438743	1	0	1	1.0112226878982962
114200.0	1000.0	2869.3728042438643	0.0	0	498.71654310359736	3069.3728042438743	1	0	1	1.0112226878982962
115200.0	1000.0	2869.372804243876	0.0	0	253.95861455451814	3069.3728042438743	1	0	1	1.0112226878982962
116200.0	1000.0	2869.3728042438815	0.0	0	310.0825645185105	3069.3728042438743	1	0	1	1.0112226878982962
117200.0	1000.0	2869.372804243898	0.0	0	102.71690793578455	3069.3728042438743	1	0	1	1.0112226878982962
118200.0	1000.0	2869.372804243913	0.0	0	293.4523089052527	3069.372804243889	1	0	1	1.0112226878982935
119200.0	1000.0	2869.3728042439125	0.0	0	363.35450313305773	3069.3728042439034	1	0	1	1.0112226878982906
120200.0	1000.0	2869.372804243926	0.0	0	582.5602189727069	3069.372804243918	1	0	1	1.0112226878982877
121200.0	1000.0	2869.3728042439366	0.0	0	694.3434867751639	3069.3728042439325	1	0	1	1.011222687898285
122200.0	1000.0	2869.372804243953	0.0	0	351.2176912732539	3069.372804243947	1	0	1	1.0112226878982822
123200.0	1000.0	2869.372804243959	0.0	0	569.7149752831901	3069.3728042439616	1	0	1	1.0112226878982793
124200.0	1000.0	2869.3728042439357	0.0	0	548.8249933579209	3069.3728042439616	1	0	1	1.0112226878982793
125200.0	1000.0	2869.372804243933	0.0	0	554.562081198892	3069.372804243947	1	0	1	1.0112226878982822
126200.0	1000.0	2869.372804243931	0.0	0	298.79306345315126	3069.3728042439325	1	0	1	1.011222687898285
127200.0	1000.0	2869.3728042439434	0.0	0	461.58184618021187	3069.372804243947	1	0	1	1.0112226878982822
128252.64888101512	2000.0	2816.7239232288152	0.0	0	0.0	3069.3728042439325	1	0	1	1.0112226878982848
129200.0	1000.0	2869.372804243936	0.0	0	192.82227288188005	3069.372804243947	1	0	1	0.318075507338337
130200.0	1000.0	2869.3728042439366	0.0	0	381.75601692036435	3069.372804243947	1	0	1	1.0112226878982822
131200.0	1000.0	2869.3728042439284	0.0	0	316.3374269371707	3069.3728042439325	1	0	1	1.011222687898285
132200.0	1000.0	2869.372804243959	0.0	0	236.33734369688318	3069.372804243976	1	0	1	1.0112226878982806
133200.0	1000.0	2869.3728042439516	0.0	0	396.21394686345593	3069.3728042439616	1	0	1	1.0112226878982777
134200.0	1000.0	2869.372804243958	0.0	0	316.3534877303173	3069.3728042439907	1	0	1	1.0112226878982777
135200.0	1000.0	2869.372804243929	0.0	0	559.8477927171334	3069.3728042439907	1	0	1	1.011222687898274
136200.0	1000.0	2869.3728042439766	0.0	0	494.8284056617413	3069.3728042439907	1	0	1	1.011222687898274
137200.0	1000.0	2869.3728042439247	0.0	0	498.19602199466317	3069.3728042439907	1	0	1	1.011222687898274
138200.0	1000.0	2869.372804243929	0.0	0	532.3345940543513	3069.3728042439907	1	0	1	1.011222687898274
139200.0	1000.0	2869.372804243905	0.0	0	552.7303214572312	3069.3728042439616	1	0	1	1.0112226878982793
140200.0	1000.0	2869.3728042438793	0.0	0	286.23909186798846	3069.3728042439325	1	0	1	1.011222687898285
141200.0	1000.0	2869.372804243867	0.0	0	454.1316703123448	3069.3728042439325	1	0	1	1.011222687898285
142200.0	1000.0	2869.372804243871	0.0	0	198.46732051266008	3069.3728042439325	1	0	1	1.011222687898285
143200.0	1000.0	2869.372804243873	0.0	0	396.06343254094827	3069.3728042439616	1	0	1	1.0112226878982793
144200.0	1000.0	2869.372804243909	0.0	0	231.22113728983095	3069.3728042439907	1	0	1	1.011222687898274
145200.0	1000.0	2869.3728042439016	0.0	0	145.35131326294504	3069.37280424402	1	0	1	1.0112226878982682
146200.0	1000.0	2869.3728042439116	0.0	0	456.5257854020165	3069.37280424402	1	0	1	1.0112226878982682
147200.0	1000.0	2869.372804243904	0.0	0	612.3914329599647	3069.37280424402	1	0	1	1.0112226878982682
148200.0	1000.0	2869.372804243911	0.0	0	692.1768639496586	3069.3728042439907	1	0	1	1.011222687898274
149200.0	1000.0	2869.3728042438734	0.0	0	723.9441575689416	3069.3728042439616	1	0	1	1.0112226878982793
150200.0	1000.0	2869.3728042438584	0.0	0	606.0066564017325	3069.3728042439616	1	0	1	1.0112226878982793
151200.0	2000.0	2869.372804243851	0.0	0	182.7690991507843	3069.3728042439616	1	0	1	1.0112226878982793
152263.06837433344	2000.0	2806.3044299104254	0.0	0	0.0	3069.3728042439616	1	0	1	1.7043698684582245
153200.0	2000.0	2869.372804243876	0.0	0	294.51417561018025	3069.3728042439616	1	0	1	1.7043698684582245
154431.13757669093	2000.0	2638.2352275529597	0.0	0	0.0	3069.3728042439616	1	0	1	1.7043698684582245
155586.5120079299	2000.0	2482.8607963139657	0.0	0	0.0	3069.3728042439616	1	0	1	1.7043698684582245
156898.99242405954	2000.0	2170.380380184327	0.0	0	0.0	3069.3728042439325	1	0	1	1.70436986845823
157974.33662406044	2000.0	2095.0361801834715	0.0	0	0.0	3069.3728042439616	1	0	1	1.7043698684582245
158934.11728403805	2000.0	2135.2555202058884	0.0	0	0.0	3069.3728042439616	1	0	1	1.7043698684582245
160400.3553220419	2000.0	1669.0174822020183	0.0	0	0.0	3069.3728042439907	1	0	1	1.704369868458219
160990.47427278163	1000.0	2078.8985314622546	0.0	0	0.0	3069.3728042439907	1	0	1	0.3180755073383287
161434.91959724852	1000.0	2634.4532069953593	0.0	0	0.0	3069.3728042439907	1	0	1	1.011222687898274
162200.0	1000.0	2869.3728042439016	0.0	0	71.43111847050022	3069.3728042439907	1	0	1	1.011222687898274
163200.0	1000.0	2869.372804243884	0.0	0	598.7828720260877	3069.3728042439907	1	0	1	1.011222687898274
164200.0	1000.0	2869.3728042438715	0.0	0	584.6008711798058	3069.3728042439907	1	0	1	1.011222687898274
165200.0	1000.0	2869.372804243873	0.0	0	616.3049722550204	3069.3728042439907	1	0	1	1.011222687898274
166200.0	1000.0	2869.372804243847	0.0	0	573.5967291672714	3069.3728042439616	1	0	1	1.0112226878982793
167200.0	1000.0	2869.37280424382	0.0	0	542.5719317617186	3069.3728042439616	1	0	1	1.0112226878982793
168200.0	2000.0	2869.3728042438343	0.0	0	204.0057238652662	3069.3728042439907	1	0	1	1.0112226878982737
169200.0	2000.0	2869.3728042438534	0.0	0	137.93069793542963	3069.3728042439907	1	0	1	1.704369868458219
170200.0	2000.0	2869.372804243834	0.0	0	257.86445519319386	3069.3728042439907	1	0	1	1.704369868458219
171248.40555690456	2000.0	2820.9672473392434	0.0	0	0.0	3069.3728042439907	1	0	1	1.704369868458219
172200.0	2000.0	2869.372804243799	0.0	0	8.796499779535225	3069.3728042439907	1	0	1	1.704369868458219
173200.0	2000.0	2869.372804243773	0.0	0	243.45321564059122	3069.3728042439616	1	0	1	1.7043698684582245
174674.41650544445	2000.0	2394.956298799306	0.0	0	0.0	3069.3728042439616	1	0	1	1.7043698684582245
175830.7706854082	2000.0	2238.6021188355426	0.0	0	0.0	3069.3728042439616	1	0	1	1.7043698684582245
177770.31894570406	2000.0	1299.0538585396841	0.0	0	0.0	3069.3728042439325	1	0	1	1.704369868458229
179397.95320560914	2000.0	671.4195986346137	0.0	0	0.0	3069.3728042439616	1	0	1	1.7043698684582278
179954.11672791248	1000.0	1115.2560763312758	0.0	0	0.0	3069.3728042439616	1	0	1	0.31807550733833423
181081.52064886026	1000.0	987.852155383479	0.0	0	0.0	3069.3728042439616	1	0	1	1.0112226878982793
181913.55686192526	1000.0	1155.815942318482	0.0	0	0.0	3069.3728042439616	1	0	1	1.0112226878982793
182919.6911923139	1000.0	1149.6816119298278	0.0	0	0.0	3069.3728042439616	1	0	1	1.0112226878982793
183472.28005942254	1000.0	1597.092744821224	0.0	0	0.0	3069.3728042439616	1	0	1	1.0112226878982793
184059.0543299037	1000.0	2010.3184743400689	0.0	0	0.0	3069.3728042439325	1	0	1	1.011222687898285
184558.81657400983	1000.0	2510.5562302339267	0.0	0	0.0	3069.3728042439325	1	0	1	1.011222687898285
185200.0	1000.0	2869.372804243782	0.0	0	136.43893744933303	3069.3728042439616	1	0	1	1.0112226878982793
186200.0	1000.0	2869.3728042437833	0.0	0	182.5678466509562	3069.3728042439325	1	0	1	1.011222687898285
187200.0	1000.0	2869.3728042437842	0.0	0	419.6173362529953	3069.3728042439325	1	0	1	1.011222687898285
188200.0	1000.0	2869.372804243789	0.0	0	185.87913953026873	3069.3728042439325	1	0	1	1.011222687898285
189200.0	1000.0	2869.372804243806	0.0	0	228.80612314728205	3069.3728042439325	1	0	1	1.011222687898285
190200.0	1000.0	2869.3728042438183	0.0	0	610.7945770708029	3069.3728042439325	1	0	1	1.011222687898285
191200.0	1000.0	2869.37280424384	0.0	0	435.5651096293295	3069.3728042439325	1	0	1	1.011222687898285
192200.0	1000.0	2869.372804243834	0.0	0	497.82970987138106	3069.3728042439325	1	0	1	1.011222687898285
193200.0	1000.0	2869.372804243829	0.0	0	574.6982759963139	3069.3728042439325	1	0	1	1.011222687898285
194200.0	1000.0	2869.372804243855	0.0	0	305.851991612406	3069.3728042439325	1	0	1	1.011222687898285
195200.0	1000.0	2869.372804243864	0.0	0	195.49787903710967	3069.3728042439325	1	0	1	1.011222687898285
196200.0	1000.0	2869.372804243875	0.0	0	80.4193240494642	3069.3728042439325	1	0	1	1.011222687898285
197200.0	1000.0	2869.3728042438875	0.0	0	273.0906777791097	3069.3728042439034	1	0	1	1.0112226878982906
198430.88074560795	1000.0	2638.4920586359685	0.0	0	0.0	3069.3728042439325	1	0	1	1.011222687898285
199200.0	1000.0	2869.3728042439407	0.0	0	143.55277255966212	3069.3728042439325	1	0	1	1.011222687898285
200200.0	1000.0	2869.3728042439525	0.0	0	567.6708129059698	3069.3728042439325	1	0	1	1.011222687898285
201200.0	1000.0	2869.372804243925	0.0	0	395.1170176027226	3069.3728042439325	1	0	1	1.011222687898285
202200.0	1000.0	2869.3728042439143	0.0	0	324.9176565193047	3069.3728042439616	1	0	1	1.0112226878982793
203200.0	1000.0	2869.3728042438975	0.0	0	515.7020634788205	3069.3728042439616	1	0	1	1.0112226878982793
204200.0	1000.0	2869.37280424389	0.0	0	613.1353090984921	3069.3728042439616	1	0	1	1.0112226878982793
205200.0	1000.0	2869.3728042438797	0.0	0	668.2851069824828	3069.3728042439616	1	0	1	1.0112226878982793
206200.0	1000.0	2869.372804243876	0.0	0	454.4327322160534	3069.3728042439616	1	0	1	1.0112226878982793
207200.0	1000.0	2869.372804243867	0.0	0	94.7832191165362	3069.3728042439616	1	0	1	1.0112226878982793
208500.47461259007	1000.0	2568.898191653774	0.0	0	0.0	3069.3728042439616	1	0	1	1.0112226878982793
209382.32009257725	1000.0	2687.0527116665676	0.0	0	0.0	3069.3728042439616	1	0	1	1.0112226878982793
210200.0	1000.0	2869.3728042438006	0.0	0	127.32827520702267	3069.3728042439325	1	0	1	1.0112226878982817
211200.0	1000.0	2869.372804243792	0.0	0	395.35408316220855	3069.3728042439325	1	0	1	1.011222687898285
212200.0	1000.0	2869.372804243828	0.0	0	93.6043094752531	3069.3728042439325	1	0	1	1.011222687898285
213200.0	1000.0	2869.3728042437933	0.0	0	402.22542774205795	3069.3728042439325	1	0	1	1.011222687898285
214200.0	1000.0	2869.372804243779	0.0	0	455.64720406819833	3069.3728042439034	1	0	1	1.0112226878982906
215200.0	1000.0	2869.3728042437983	0.0	0	289.34638696195907	3069.3728042439034	1	0	1	1.0112226878982906
216200.0	1000.0	2869.372804243812	0.0	0	254.07464217121014	3069.3728042439034	1	0	1	1.0112226878982906
217200.0	1000.0	2869.3728042437924	0.0	0	313.4081892275135	3069.3728042438743	1	0	1	1.0112226878982962
218200.0	1000.0	2869.3728042438142	0.0	0	77.25176688999636	3069.3728042439034	1	0	1	1.0112226878982906
219200.0	1000.0	2869.372804243799	0.0	0	121.26911327012931	3069.3728042439034	1	0	1	1.0112226878982906
220200.0	1000.0	2869.372804243785	0.0	0	225.27040096826386	3069.3728042439034	1	0	1	1.0112226878982906
221200.0	1000.0	2869.3728042437892	0.0	0	300.71312168371514	3069.3728042439034	1	0	1	1.0112226878982906
222200.0	1000.0	2869.372804243777	0.0	0	382.5325662056566	3069.3728042439034	1	0	1	1.0112226878982906
223200.0	1000.0	2869.37280424378	0.0	0	226.57730977414758	3069.3728042439034	1	0	1	1.0112226878982906
224200.0	1000.0	2869.3728042437906	0.0	0	383.9701317216386	3069.3728042438743	1	0	1	1.0112226878982962
225200.0	1000.0	2869.3728042437756	0.0	0	329.89225691900356	3069.3728042438743	1	0	1	1.0112226878982962
226200.0	1000.0	2869.372804243793	0.0	0	617.8149525995832	3069.3728042438743	1	0	1	1.0112226878982962
227200.0	1000.0	2869.3728042437683	0.0	0	541.2542390245362	3069.3728042438743	1	0	1	1.0112226878982962
228200.0	1000.0	2869.3728042437856	0.0	0	410.96121594283613	3069.3728042438743	1	0	1	1.0112226878982962
229200.0	1000.0	2869.3728042438065	0.0	0	276.2545529236959	3069.3728042438743	1	0	1	1.0112226878982962
230200.0	1000.0	2869.372804243821	0.0	0	342.05707303388044	3069.3728042438743	1	0	1	1.0112226878982962
231200.0	1000.0	2869.372804243835	0.0	0	496.62093060079496	3069.3728042438743	1	0	1	1.0112226878982962
232200.0	1000.0	2869.3728042438242	0.0	0	318.7870521134755	3069.372804243845	1	0	1	1.011222687898302
233200.0	1000.0	2869.3728042438324	0.0	0	341.4555856920779	3069.372804243845	1	0	1	1.011222687898302
234200.0	1000.0	2869.372804243856	0.0	0	305.18519087843015	3069.372804243845	1	0	1	1.011222687898302
235200.0	1000.0	2869.3728042438356	0.0	0	567.1646034409932	3069.372804243845	1	0	1	1.011222687898302
236200.0	1000.0	2869.3728042437942	0.0	0	218.03789853103808	3069.372804243845	1	0	1	1.011222687898302
237200.0	1000.0	2869.372804243805	0.0	0	302.3755116312241	3069.372804243845	1	0	1	1.011222687898302
238200.0	1000.0	2869.3728042437797	0.0	0	426.6566507741518	3069.372804243845	1	0	1	1.011222687898302
239200.0	1000.0	2869.372804243795	0.0	0	394.84804438450374	3069.372804243845	1	0	1	1.011222687898302
240200.0	1000.0	2869.372804243767	0.0	0	29.207530125742778	3069.372804243845	1	0	1	1.011222687898302
241200.0	1000.0	2869.372804243794	0.0	0	272.93133921633125	3069.372804243845	1	0	1	1.011222687898302
242200.0	1000.0	2869.3728042437906	0.0	0	495.78207207951345	3069.372804243845	1	0	1	1.011222687898302
243200.0	1000.0	2869.3728042437965	0.0	0	259.08700033079367	3069.372804243845	1	0	1	1.011222687898302
244200.0	1000.0	2869.3728042437483	0.0	0	478.1166182135348	3069.372804243845	1	0	1	1.011222687898302
245200.0	1000.0	2869.3728042437356	0.0	0	153.886186182237	3069.372804243816	1	0	1	1.0112226878983075
246200.0	1000.0	2869.372804243727	0.0	0	262.33401549761766	3069.372804243816	1	0	1	1.0112226878983075
247200.0	1000.0	2869.3728042437333	0.0	0	249.44225165375974	3069.372804243816	1	0	1	1.0112226878983075
248327.50158005906	1000.0	2741.871224184671	0.0	0	0.0	3069.372804243787	1	0	1	1.011222687898313
249239.32365537976	1000.0	2830.049148863947	0.0	0	0.0	3069.372804243787	1	0	1	1.011222687898313
250200.0	1000.0	2869.3728042437097	0.0	0	117.12044193796464	3069.372804243816	1	0	1	1.0112226878983108
251200.0	1000.0	2869.3728042437015	0.0	0	477.1985528744117	3069.372804243816	1	0	1	1.0112226878983075
252200.0	1000.0	2869.3728042436965	0.0	0	164.75284642193583	3069.372804243816	1	0	1	1.0112226878983075
253200.0	1000.0	2869.372804243712	0.0	0	197.33710516011342	3069.372804243816	1	0	1	1.0112226878983075
254200.0	1000.0	2869.372804243713	0.0	0	230.61043758667074	3069.372804243816	1	0	1	1.0112226878983075
255299.887841227	1000.0	2769.4849630167214	0.0	0	0.0	3069.372804243787	1	0	1	1.0112226878983108
256200.0	1000.0	2869.372804243774	0.0	0	69.40103970115888	3069.372804243787	1	0	1	1.011222687898313
257200.0	1000.0	2869.3728042437933	0.0	0	110.46965769532835	3069.372804243787	1	0	1	1.011222687898313
258200.0	1000.0	2869.372804243769	0.0	0	88.25503871502588	3069.372804243787	1	0	1	1.011222687898313
259259.99576751163	1000.0	2809.377036732138	0.0	0	0.0	3069.372804243816	1	0	1	1.0112226878983097
260324.7631417221	1000.0	2744.6096625216546	0.0	0	0.0	3069.372804243787	1	0	1	1.011222687898313
261200.0	1000.0	2869.3728042437324	0.0	0	82.63941024636733	3069.372804243758	1	0	1	1.0112226878983186
262200.0	1000.0	2869.3728042437506	0.0	0	536.8222253357235	3069.372804243758	1	0	1	1.0112226878983186
263200.0	1000.0	2869.372804243733	0.0	0	408.62639361893525	3069.3728042437288	1	0	1	1.011222687898322
264200.0	1000.0	2869.372804243755	0.0	0	136.78866030310746	3069.3728042437288	1	0	1	1.0112226878983264
265200.0	1000.0	2869.372804243782	0.0	0	105.5773201911361	3069.372804243758	1	0	1	1.0112226878983275
266200.0	1000.0	2869.37280424386	0.0	0	128.24935992644168	3069.372804243816	1	0	1	1.0112226878983075
267200.0	1000.0	2869.3728042437797	0.0	0	319.3792193844565	3069.372804243758	1	0	1	1.0112226878983186
268200.0	1000.0	2869.3728042437933	0.0	0	515.125165565114	3069.372804243758	1	0	1	1.0112226878983186
269200.0	1000.0	2869.372804243829	0.0	0	608.1383212015498	3069.372804243816	1	0	1	1.0112226878983075
270200.0	1000.0	2869.3728042438433	0.0	0	625.470422505925	3069.372804243816	1	0	1	1.0112226878983075
271200.0	1000.0	2869.3728042438115	0.0	0	393.7155037211487	3069.372804243758	1	0	1	1.0112226878983186
272200.0	1000.0	2869.3728042438497	0.0	0	548.7206185046816	3069.372804243758	1	0	1	1.0112226878983186
273200.0	1000.0	2869.372804243825	0.0	0	585.6984388746205	3069.372804243758	1	0	1	1.0112226878983186
274200.0	1000.0	2869.3728042438374	0.0	0	597.6569207732682	3069.372804243758	1	0	1	1.0112226878983186
275200.0	1000.0	2869.3728042438092	0.0	0	413.70609800081	3069.372804243758	1	0	1	1.0112226878983186
276200.0	1000.0	2869.372804243816	0.0	0	370.8042125974898	3069.372804243816	1	0	1	1.0112226878983075
277272.22357631155	2000.0	2797.1492279322842	0.0	0	0.0	3069.3728042438743	1	0	1	1.0112226878983028
278200.0	1000.0	2869.372804243814	0.0	0	415.07806284877006	3069.3728042438743	1	0	1	0.3180755073383511
279200.0	1000.0	2869.3728042438047	0.0	0	121.3716184500372	3069.3728042439325	1	0	1	1.011222687898285
280200.0	1000.0	2869.372804243755	0.0	0	125.56366321275709	3069.3728042438743	1	0	1	1.0112226878982962
281200.0	1000.0	2869.372804243702	0.0	0	221.26156455924502	3069.3728042438743	1	0	1	1.0112226878982962
282200.0	1000.0	2869.3728042437415	0.0	0	464.6829927653889	3069.3728042438743	1	0	1	1.0112226878982962
283200.0	1000.0	2869.372804243773	0.0	0	456.9848087754217	3069.3728042438743	1	0	1	1.0112226878982962
284200.0	1000.0	2869.3728042437847	0.0	0	320.753856368945	3069.3728042438743	1	0	1	1.0112226878982962
285200.0	1000.0	2869.3728042437933	0.0	0	538.3242568439455	3069.3728042438743	1	0	1	1.0112226878982962
286200.0	1000.0	2869.3728042438283	0.0	0	668.1418755463674	3069.3728042439325	1	0	1	1.011222687898285
287200.0	1000.0	2869.3728042438165	0.0	0	652.6550314812339	3069.3728042439325	1	0	1	1.011222687898285
288200.0	1000.0	2869.372804243819	0.0	0	537.9241428379901	3069.3728042438743	1	0	1	1.0112226878982962
289200.0	1000.0	2869.3728042438556	0.0	0	164.44607167475624	3069.3728042438743	1	0	1	1.0112226878982962
290200.0	1000.0	2869.3728042438456	0.0	0	504.1477131983265	3069.3728042438743	1	0	1	1.0112226878982962
291200.0	1000.0	2869.372804243894	0.0	0	305.09937067562714	3069.3728042438743	1	0	1	1.0112226878982962
292200.0	1000.0	2869.372804243839	0.0	0	433.7020151518518	3069.372804243816	1	0	1	1.0112226878983075
293200.0	1000.0	2869.372804243873	0.0	0	526.2937300947378	3069.372804243816	1	0	1	1.0112226878983075
294200.0	1000.0	2869.372804243928	0.0	0	364.8450208414579	3069.372804243816	1	0	1	1.0112226878983075
295200.0	1000.0	2869.3728042439147	0.0	0	579.4691885464708	3069.3728042438743	1	0	1	1.0112226878982962
296200.0	1000.0	2869.3728042438947	0.0	0	690.7939528221614	3069.3728042438743	1	0	1	1.0112226878982962
297200.0	1000.0	2869.372804243895	0.0	0	661.0289340864983	3069.3728042438743	1	0	1	1.0112226878982962
298200.0	1000.0	2869.3728042439516	0.0	0	619.283855749527	3069.3728042438743	1	0	1	1.0112226878982962
299200.0	1000.0	2869.3728042439407	0.0	0	389.14006170176435	3069.3728042438743	1	0	1	1.0112226878982962
300435.2102352183	2000.0	2634.162569025655	0.0	0	0.0	3069.3728042438743	1	0	1	1.0112226878982962
1.47	2.04	1.58	1.71	2.09	1.6	1.7	1.88	2.41	2.54	2.66	2.24	2.3	2.33	2.05	2.4	2.54	2.68	2.8	2.21	1.36	1.47	1.04	1.45	1.63	1.71	1.01	1.03	1.37	1.88	2.29	1.55	1.75	1.63	1.75	2.07	2.26	2.58	2.63	1.93	1.1	1.38	2.07	0.88	1.56	1.98	1.99	2.08	1.89	2.21	2.69	2.73	1.53	1.16	0.82	1.12	1.74	1.48	1.39	1.48	1.51	1.64	1.45	1.6	1.07	1.14	1.78	1.86	1.47	1.47	1.95	2.43	2.06	1.32	1.76	1.81	2.0	1.26	1.2	1.4	1.9	1.7	1.83	2.2	1.78	1.3	1.48	1.78	1.62	1.73	1.12	1.04	1.22	1.04	1.36	0.9	1.59	1.48	1.56	1.04	1.12	1.26	1.58	1.1	1.01	1.09	1.39	1.83	2.27	1.26	1.16	1.36	1.99	2.05	2.26	2.75	2.1	2.28	2.2	2.28	1.62	1.76	1.85	1.84	1.45	1.4	1.39	1.58	1.56	1.92	2.27	2.92	3.06	2.7	1.66	1.53	1.61	1.99	1.81	1.47	2.07	2.73	3.34	3.7	2.33	1.84	2.32	2.85	2.11	1.03	1.47	2.04	1.58	1.71	2.09	1.6	1.7	1.88	2.41	2.54	2.66	2.24	2.3	2.33	2.05	2.4	2.54	2.68	2.8	2.21	1.36	1.47	1.04	1.45	1.63	1.71	1.01	1.03	1.37	1.88	2.29	1.55	1.75	1.63	1.75	2.07	2.26	2.58	2.63	1.93	1.1	1.38	2.07	0.88	1.56	1.98	1.99	2.08	1.89	2.21	2.69	2.73	1.53	1.16	0.82	1.12	1.74	1.48	1.39	1.48	1.51	1.64	1.45	1.6	1.07	1.14	1.78	1.86	1.47	1.47	1.95	2.43	2.06	1.32	1.76	1.81	2.0	1.26	1.2	1.4	1.9	1.7	1.83	2.2	1.78	1.3	1.48	1.78	1.62	1.73	1.12	1.04	1.22	1.04	1.36	0.9	1.59	1.48	1.56	1.04	1.12	1.26	1.58	1.1	1.01	1.09	1.39	1.83	2.27	1.26	1.16	1.36	1.99	2.05	2.26	2.75	2.1	2.28	2.2	2.28	1.62	1.76	1.85	1.84	1.45	1.4	1.39	1.58	1.56	1.92	2.27	2.92	3.06	2.7	1.66	1.53	1.61	1.99	1.81	1.47	2.07	2.73	3.34	3.7	2.33	1.84	2.32	2.85	2.11	1.03	1.47
1.0	2.0	3.0	4.0	5.0	6.0	7.0	8.0	9.0	10.0	11.0	12.0	13.0	14.0	15.0	16.0	17.0	18.0	19.0	20.0	21.0	22.0	23.0	24.0	25.0	26.0	27.0	28.0	29.0	30.0	31.0	32.0	33.0	34.0	35.0	36.0	37.0	38.0	39.0	40.0	41.0	42.0	43.0	44.0	45.0	46.0	47.0	48.0	49.0	50.0	51.0	52.0	53.0	54.0	55.0	56.0	57.0	58.0	59.0	60.0	61.0	62.0	63.0	64.0	65.0	66.0	67.0	68.0	69.0	70.0	71.0	72.0	73.0	74.0	75.0	76.0	77.0	78.0	79.0	80.0	81.0	82.0	83.0	84.0	85.0	86.0	87.0	88.0	89.0	90.0	91.0	92.0	93.0	94.0	95.0	96.0	97.0	98.0	99.0	100.0	101.0	102.0	103.0	104.0	105.0	106.0	107.0	108.0	109.0	110.0	111.0	112.0	113.0	114.0	115.0	116.0	117.0	118.0	119.0	120.0	121.0	122.0	123.0	124.0	125.0	126.0	127.0	128.0	129.0	130.0	131.0	132.0	133.0	134.0	135.0	136.0	137.0	138.0	139.0	140.0	141.0	142.0	143.0	144.0	145.0	146.0	147.0	148.0	149.0	149.0	150.0	151.0	152.0	153.0	154.0	155.0	156.0	157.0	158.0	159.0	160.0	161.0	162.0	163.0	164.0	165.0	166.0	167.0	168.0	169.0	170.0	171.0	172.0	173.0	174.0	175.0	176.0	177.0	178.0	179.0	180.0	181.0	182.0	183.0	184.0	185.0	186.0	187.0	188.0	189.0	190.0	191.0	192.0	193.0	194.0	195.0	196.0	197.0	198.0	199.0	200.0	201.0	202.0	203.0	204.0	205.0	206.0	207.0	208.0	209.0	210.0	211.0	212.0	213.0	214.0	215.0	216.0	217.0	218.0	219.0	220.0	221.0	222.0	223.0	224.0	225.0	226.0	227.0	228.0	229.0	230.0	231.0	232.0	233.0	234.0	235.0	236.0	237.0	238.0	239.0	240.0	241.0	242.0	243.0	244.0	245.0	246.0	247.0	248.0	249.0	250.0	251.0	252.0	253.0	254.0	255.0	256.0	257.0	258.0	259.0	260.0	261.0	262.0	263.0	264.0	265.0	266.0	267.0	268.0	269.0	270.0	271.0	272.0	273.0	274.0	275.0	276.0	277.0	278.0	279.0	280.0	281.0	282.0	283.0	284.0	285.0	286.0	287.0	288.0	289.0	290.0	291.0	292.0	293.0	294.0	295.0	296.0	297.0	298.0	298.0	299.0
4998.4951358032395
