5936.1993475934205	300.0	2000.0	199.27990544129298	0	0.0	5936.1993475934205	1	0	1	-3.078775133534409
6190.766869517776	500.0	2719.975725883208	0.0	0	0.0	5910.742595400984	1	0	2	-2.3069181274592316
6484.382084073909	500.0	3396.998989871462	0.0	0	0.0	5881.381073945372	1	0	2	-1.56752546740343
6745.69606475888	500.0	4109.5536111179945	0.0	0	0.0	5855.249675876876	1	0	2	-1.5401858525470122
6908.2925069106395	500.0	4930.697524751058	0.0	0	0.0	5838.9900316616995	1	0	2	-1.5221580803572687
7200.0	500.0	5609.819282352761	0.0	0	73.60589571420405	5809.8192823527625	1	0	2	-1.5002328582444295
8200.0	500.0	5509.819282352761	0.0	0	777.907434609584	5709.819282352763	1	0	2	-1.4304489540783816
9200.0	1000.0	5409.8192823527625	0.0	0	543.264445623252	5609.819282352764	1	0	2	-1.3323796045469605
10200.0	1000.0	5309.819282352762	0.0	0	397.151865939888	5509.819282352763	1	0	2	-0.5419083723191307
11200.0	2000.0	5209.819282352761	0.0	0	8.534453708683941	5409.8192823527625	1	0	2	-0.43751701232442125
12200.0	2000.0	5109.819282352759	0.0	0	195.8364632419998	5309.819282352761	1	0	2	0.34022066638441323
13467.296133302518	2000.0	4715.793535719987	0.0	0	0.0	5183.089669022505	1	0	2	0.4495332506501679
14610.211115588812	2000.0	4458.587055205061	0.0	0	0.0	5068.798170793874	1	0	2	0.554127014307471
15372.282993488594	2000.0	4620.3079895153	0.0	0	0.0	4992.590983003896	1	0	2	0.6220274356418056
16449.48520856179	2000.0	4435.385552934783	0.0	0	0.0	4884.870761496575	1	0	2	0.7010916867199654
17337.026175122923	2000.0	4459.090489717538	0.0	0	0.0	4796.116664840463	1	0	2	0.7667404683561387
18200.0	2000.0	4509.819282352751	0.0	0	176.04068471781648	4709.819282352755	1	0	2	0.8226293473724494
19200.0	1000.0	4409.8192823527515	0.0	0	270.46688341632034	4609.819282352755	1	0	2	-0.5024690618462817
20215.294154664793	1000.0	4292.995712221475	0.0	0	0.0	4508.289866886271	1	0	2	0.26538049361159755
21200.0	1000.0	4209.819282352748	0.0	0	243.29513505071736	4409.819282352753	1	0	2	0.31755515915901344
22200.0	1000.0	4109.81928235275	0.0	0	535.5756286583746	4309.81928235275	1	0	2	0.37011199908606796
23200.0	1000.0	4009.8192823527456	0.0	0	556.4477801784997	4209.819282352746	1	0	2	0.4220413819807271
24200.0	1000.0	3909.8192823527475	0.0	0	640.7336373240105	4109.819282352746	1	0	2	0.47031978437437655
25200.0	1000.0	3809.8192823527456	0.0	0	584.1769581340959	4009.8192823527424	1	0	2	0.5155976923846396
26200.0	1000.0	3709.819282352745	0.0	0	481.8326035125501	3909.8192823527424	1	0	2	0.5578050963174364
27200.0	1000.0	3609.8192823527475	0.0	0	355.30464535685314	3809.819282352746	1	0	2	0.5977694088936032
28200.0	1000.0	3509.8192823527506	0.0	0	387.47134056012874	3709.8192823527534	1	0	2	0.6332008536381533
29200.0	1000.0	3409.8192823527493	0.0	0	418.3304602316239	3609.8192823527497	1	0	2	0.6662641501182116
30200.0	1000.0	3309.819282352753	0.0	0	548.1266432930352	3509.8192823527497	1	0	2	0.6962823826363204
31200.0	1000.0	3209.819282352756	0.0	0	304.4257296878204	3409.8192823527497	1	0	2	0.7247030558080323
32505.740675926245	1000.0	2773.504538833892	0.0	0	0.0	3279.245214760129	1	0	2	0.7567835710810256
33553.82790718785	1000.0	2620.6085844461254	0.0	0	0.0	3174.436491633969	1	0	2	0.7840463353412389
34200.0	1000.0	2909.8192823527615	0.0	0	123.8133697770827	3109.8192823527534	1	0	2	0.7985251351163976
35200.0	1000.0	2809.819282352755	0.0	0	480.21428177658527	3009.8192823527497	1	0	2	0.8152186098666014
36200.0	1000.0	2709.8192823527543	0.0	0	289.02167543268297	2909.8192823527424	1	0	2	0.8333420365159118
37200.0	1000.0	2609.8192823527475	0.0	0	149.65188519572257	2809.819282352735	1	0	2	0.8503926544260603
38200.0	1000.0	2509.819282352738	0.0	0	256.97642813927087	2709.8192823527206	1	0	2	0.8653349941764731
39200.0	1000.0	2409.819282352739	0.0	0	374.4184863569026	2609.8192823527133	1	0	2	0.8786565816887225
40200.0	1000.0	2309.8192823527306	0.0	0	574.3338618718117	2509.819282352706	1	0	2	0.8908469139656889
41200.0	1000.0	2209.8192823527193	0.0	0	444.74679508184636	2409.8192823526915	1	0	2	0.9023663840631226
42200.0	1000.0	2109.819282352717	0.0	0	465.1156036992834	2309.8192823526915	1	0	2	0.9127047930711654
43200.0	1000.0	2009.8192823527197	0.0	0	657.208232340563	2209.819282352706	1	0	2	0.9219357783055663
44200.0	1000.0	1909.8192823527272	0.0	0	398.898866277108	2109.8192823527133	1	0	2	0.9306207869070133
45200.0	1000.0	1809.8192823527206	0.0	0	584.1471766366303	2009.819282352706	1	0	2	0.9382930013199151
46200.0	1000.0	1709.8192823527183	0.0	0	594.4933215996789	1909.8192823527206	1	0	2	0.9453659871102356
47200.0	1000.0	1609.8192823527238	0.0	0	640.7782852027667	1809.819282352728	1	0	2	0.9517716287243486
48200.0	2000.0	1509.8192823527322	0.0	0	166.66282725809288	1709.819282352728	1	0	2	0.9579641455747645
49200.0	2000.0	1409.819282352732	0.0	0	245.07602564350236	1609.8192823527352	1	0	2	1.6562541168359906
50249.83243886939	2000.0	1255.0035995963974	0.0	0	0.0	1504.8360384657863	1	0	2	1.6616864624926164
51563.62605899095	2000.0	809.8306174626642	0.0	0	0.0	1373.456676453614	1	0	2	1.6667409198215235
52372.35660377708	2000.0	920.2270181979272	0.0	0	0.0	1292.5836219750126	1	0	2	1.6705111489267446
53303.72108529426	2000.0	988.8625366807394	0.0	0	0.0	1292.5836219750126	1	0	1	1.6712212944416636
54200.0	2000.0	1092.5836219749913	0.0	0	14.329505677742418	1292.5836219750054	1	0	1	1.871221294441664
55200.0	2000.0	1092.58362197499	0.0	0	9.311348145929514	1292.5836219750054	1	0	1	1.871221294441664
56200.0	2000.0	1092.5836219749904	0.0	0	158.23126826121006	1292.5836219750054	1	0	1	1.871221294441664
57200.0	2000.0	1092.5836219749958	0.0	0	259.169549942133	1292.583621974998	1	0	1	1.8712212944416642
58200.0	2000.0	1092.5836219749897	0.0	0	10.151303815160645	1292.583621974998	1	0	1	1.8712212944416642
59214.01437632733	2000.0	1078.5692456476572	0.0	0	0.0	1292.583621974998	1	0	1	1.8712212944416642
60368.42656728593	2000.0	924.1570546890553	0.0	0	0.0	1292.5836219749908	1	0	1	1.8712212944416646
61684.89097664171	2000.0	607.6926453332806	0.0	0	0.0	1292.5836219749908	1	0	1	1.8712212944416646
63218.25680286965	2000.0	211.64819973478984	137.32138062944193	0	0.0	1429.9050026044351	1	0	1	1.04216121635664
64170.08056572482	1000.0	590.5025067853551	330.67806990572956	0	0.0	1760.5830725101696	1	0	1	-1.5201968127302017
64674.62277148313	1000.0	1085.9603010270412	0.0	0	0.0	1760.5830725101696	1	0	1	1.1570187872641213
65200.0	1000.0	1560.5830725101766	0.0	0	106.69310412471532	1760.5830725101769	1	0	1	1.1570187872641209
66200.0	1000.0	1560.5830725101828	0.0	0	619.1405760039197	1760.5830725101914	1	0	1	1.1570187872641204
67200.0	1000.0	1560.583072510183	0.0	0	670.4330115081975	1760.5830725101841	1	0	1	1.1570187872641204
68200.0	1000.0	1560.5830725101785	0.0	0	687.8843210123887	1760.5830725101696	1	0	1	1.1570187872641213
69200.0	1000.0	1560.5830725101869	0.0	0	779.9514225354069	1760.5830725101696	1	0	1	1.1570187872641213
70200.0	1000.0	1560.5830725101982	0.0	0	766.5464661905135	1760.5830725101696	1	0	1	1.1570187872641213
71200.0	2000.0	1560.5830725101964	0.0	0	398.5505065887555	1760.5830725101696	1	0	1	1.1570187872641213
72200.0	2000.0	1560.5830725101969	0.0	0	194.14290151985188	1760.5830725101696	1	0	1	1.8501659678240665
73200.0	2000.0	1560.5830725101994	0.0	0	349.941635933239	1760.5830725101696	1	0	1	1.8501659678240665
74200.0	2000.0	1560.583072510211	0.0	0	405.66536229454505	1760.5830725101696	1	0	1	1.8501659678240665
75200.0	2000.0	1560.5830725101875	0.0	0	402.0442656737141	1760.583072510155	1	0	1	1.8501659678240672
76200.0	2000.0	1560.5830725101923	0.0	0	213.905873338299	1760.5830725101696	1	0	1	1.8501659678240665
77200.0	3000.0	1560.5830725101919	0.0	0	99.77352966101898	1760.5830725101696	1	0	1	1.8501659678240667
78552.69354373091	3000.0	1207.8895287792932	0.0	0	0.0	1760.5830725101696	1	0	1	2.2556310759322313
80453.43112470393	2000.0	307.15194780627763	0.0	0	0.0	1760.5830725101696	1	0	1	1.444700859715902
81724.51732105977	2000.0	346.72741069565467	310.6616592452094	0	0.0	2071.244731755389	1	0	1	-0.034114537060858985
82843.5407769946	2000.0	456.82053012783877	229.11657536700153	0	0.0	2300.361307122381	1	0	1	0.4357689060162957
83672.95596260046	2000.0	627.4053445219895	0.0	0	0.0	2300.361307122381	1	0	1	1.810468358218305
84405.93543620441	2000.0	894.4258709180607	0.0	0	0.0	2300.361307122381	1	0	1	1.810468358218305
85295.09916822544	2000.0	1005.2621388970481	0.0	0	0.0	2300.3613071223954	1	0	1	1.8104683582183037
85935.47801485346	2000.0	1364.8832922690235	0.0	0	0.0	2300.3613071223954	1	0	1	1.8104683582183037
86799.84142226563	2000.0	1500.5198848568684	0.0	0	0.0	2300.36130712241	1	0	1	1.8104683582183023
87393.47003115219	2000.0	1906.8912759703032	0.0	0	0.0	2300.3613071223954	1	0	1	1.8104683582183037
88200.0	2000.0	2100.3613071224754	0.0	0	273.3112052052311	2300.3613071223954	1	0	1	1.8104683582183037
89200.0	2000.0	2100.361307122468	0.0	0	456.83990889560664	2300.3613071223954	1	0	1	1.8104683582183037
90200.0	2000.0	2100.361307122467	0.0	0	187.0030236004677	2300.3613071223954	1	0	1	1.8104683582183037
91200.0	2000.0	2100.361307122455	0.0	0	91.39415590256976	2300.361307122381	1	0	1	1.810468358218305
92200.0	2000.0	2100.3613071224386	0.0	0	324.90568997280207	2300.361307122381	1	0	1	1.810468358218305
93200.0	2000.0	2100.3613071224286	0.0	0	153.85254611425626	2300.361307122381	1	0	1	1.810468358218305
94200.0	2000.0	2100.3613071224363	0.0	0	106.66874829938752	2300.361307122381	1	0	1	1.810468358218305
95200.0	2000.0	2100.3613071224427	0.0	0	389.64433685432596	2300.361307122381	1	0	1	1.810468358218305
96200.0	2000.0	2100.3613071224436	0.0	0	277.59794060810236	2300.3613071223663	1	0	1	1.8104683582183065
97200.0	2000.0	2100.361307122458	0.0	0	352.70263910884387	2300.3613071223663	1	0	1	1.8104683582183065
98200.0	2000.0	2100.361307122461	0.0	0	177.05851471223286	2300.361307122381	1	0	1	1.810468358218305
99200.0	2000.0	2100.3613071224654	0.0	0	216.74138690714608	2300.361307122381	1	0	1	1.810468358218305
100337.63314016287	2000.0	1962.728166959584	0.0	0	0.0	2300.3613071223663	1	0	1	1.8104683582183065
101732.9599070687	2000.0	1567.40140005375	0.0	0	0.0	2300.3613071223663	1	0	1	1.8104683582183065
103395.55316074668	2000.0	904.8081463757725	0.0	0	0.0	2300.3613071223663	1	0	1	1.8104683582183065
104271.08877015511	2000.0	1029.272536967336	0.0	0	0.0	2300.3613071223663	1	0	1	1.8104683582183065
104927.27669017656	1000.0	1373.0846169458805	0.0	0	0.0	2300.3613071223663	1	0	1	0.4241739970984162
105340.55918426649	1000.0	1959.80212285594	0.0	0	0.0	2300.3613071223663	1	0	1	1.1173211776583614
106200.0	1000.0	2100.3613071224227	0.0	0	426.3063134226686	2300.361307122381	1	0	1	1.11732117765836
107200.0	1000.0	2100.361307122422	0.0	0	575.8941961344099	2300.3613071223663	1	0	1	1.1173211776583614
108200.0	1000.0	2100.361307122426	0.0	0	648.1747381883906	2300.3613071223663	1	0	1	1.1173211776583614
109200.0	2000.0	2100.3613071224404	0.0	0	401.5241133072268	2300.3613071223517	1	0	1	1.1173211776583627
110200.0	2000.0	2100.3613071224345	0.0	0	246.80067785122083	2300.3613071223517	1	0	1	1.8104683582183079
111200.0	2000.0	2100.3613071224154	0.0	0	159.08197369425034	2300.3613071223517	1	0	1	1.8104683582183079
112200.0	2000.0	2100.3613071224054	0.0	0	157.98714046111854	2300.361307122337	1	0	1	1.8104683582183088
113200.0	2000.0	2100.361307122419	0.0	0	196.9881678904785	2300.361307122337	1	0	1	1.8104683582183092
114408.15254614697	2000.0	1892.208760975456	0.0	0	0.0	2300.3613071223517	1	0	1	1.8104683582183079
115440.29486708393	2000.0	1860.0664400385094	0.0	0	0.0	2300.3613071223517	1	0	1	1.8104683582183079
116200.0	2000.0	2100.3613071224404	0.0	0	34.17956609860994	2300.3613071223517	1	0	1	1.8104683582183079
117200.0	2000.0	2100.3613071224363	0.0	0	249.46589644692722	2300.3613071223517	1	0	1	1.8104683582183079
118200.0	2000.0	2100.361307122431	0.0	0	455.8029326051619	2300.3613071223517	1	0	1	1.8104683582183079
119200.0	2000.0	2100.3613071224336	0.0	0	446.30757353207446	2300.3613071223517	1	0	1	1.8104683582183079
120200.0	2000.0	2100.3613071224418	0.0	0	178.37619183603965	2300.361307122337	1	0	1	1.8104683582183092
121274.53235650499	2000.0	2025.8289506174535	0.0	0	0.0	2300.361307122337	1	0	1	1.8104683582183092
122385.61542183941	2000.0	1914.7458852830368	0.0	0	0.0	2300.361307122337	1	0	1	1.8104683582183092
123806.77696156719	2000.0	1493.5843455552485	0.0	0	0.0	2300.3613071223226	1	0	1	1.8104683582183108
124845.41536196013	2000.0	1454.945945162302	0.0	0	0.0	2300.3613071223226	1	0	1	1.8104683582183108
125635.21130456221	2000.0	1665.1500025602024	0.0	0	0.0	2300.361307122308	1	0	1	1.810468358218312
126466.61132512016	2000.0	1833.7499820022547	0.0	0	0.0	2300.361307122308	1	0	1	1.810468358218312
127200.0	2000.0	2100.361307122408	0.0	0	64.06062675025896	2300.361307122308	1	0	1	1.810468358218312
128231.23737290791	2000.0	2069.123934214509	0.0	0	0.0	2300.361307122308	1	0	1	1.810468358218312
129228.60354037954	2000.0	2071.75776674288	0.0	0	0.0	2300.361307122308	1	0	1	1.810468358218312
130368.82927548146	2000.0	1931.5320316409495	0.0	0	0.0	2300.361307122308	1	0	1	1.810468358218312
131601.0488505578	2000.0	1699.3124565646208	0.0	0	0.0	2300.361307122308	1	0	1	1.8104683582183128
132793.5328184364	2000.0	1506.8284886860151	0.0	0	0.0	2300.3613071222935	1	0	1	1.8104683582183136
133848.562124769	2000.0	1451.7991823533855	0.0	0	0.0	2300.361307122308	1	0	1	1.8104683582183132
134598.5331616993	2000.0	1701.8281454230807	0.0	0	0.0	2300.361307122308	1	0	1	1.810468358218312
135492.55666082524	2000.0	1807.804646297133	0.0	0	0.0	2300.361307122308	1	0	1	1.810468358218312
136207.4428617658	2000.0	2092.9184453565667	0.0	0	0.0	2300.361307122308	1	0	1	1.810468358218312
137239.64772473762	2000.0	2060.7135823847702	0.0	0	0.0	2300.361307122308	1	0	1	1.810468358218312
138200.0	1000.0	2100.3613071223817	0.0	0	416.34689992127824	2300.361307122308	1	0	1	0.42417399709842174
139200.0	1000.0	2100.3613071223876	0.0	0	329.18234252068214	2300.361307122308	1	0	1	1.117321177658367
140200.0	1000.0	2100.361307122368	0.0	0	271.1306643484568	2300.361307122308	1	0	1	1.117321177658367
141200.0	1000.0	2100.361307122372	0.0	0	414.0135924637725	2300.361307122308	1	0	1	1.117321177658367
142344.924068643	2000.0	1955.4372384793896	0.0	0	0.0	2300.361307122308	1	0	1	1.117321177658367
143679.68758726944	2000.0	1620.67371985299	0.0	0	0.0	2300.361307122308	1	0	1	1.810468358218312
144325.42354050488	1000.0	1974.937766617547	0.0	0	0.0	2300.361307122308	1	0	1	0.42417399709842174
145200.0	1000.0	2100.3613071224254	0.0	0	476.2264201401558	2300.361307122279	1	0	1	1.1173211776583696
146200.0	1000.0	2100.361307122432	0.0	0	547.5373146939091	2300.361307122279	1	0	1	1.1173211776583696
147200.0	1000.0	2100.361307122398	0.0	0	443.81276644649915	2300.361307122279	1	0	1	1.1173211776583696
148200.0	1000.0	2100.3613071224154	0.0	0	347.1527267739002	2300.361307122279	1	0	1	1.1173211776583696
149200.0	1000.0	2100.361307122434	0.0	0	430.56799827024224	2300.361307122279	1	0	1	1.1173211776583696
150200.0	1000.0	2100.3613071224236	0.0	0	276.1242226405884	2300.361307122279	1	0	1	1.1173211776583696
151200.0	1000.0	2100.3613071224263	0.0	0	536.8196693305508	2300.361307122279	1	0	1	1.1173211776583696
152200.0	1000.0	2100.3613071224217	0.0	0	253.56313434190815	2300.361307122279	1	0	1	1.1173211776583696
153330.3278102373	1000.0	1970.033496885129	0.0	0	0.0	2300.361307122279	1	0	1	1.1173211776583696
154237.1862503301	1000.0	2063.175056792329	0.0	0	0.0	2300.361307122279	1	0	1	1.1173211776583696
155200.0	1000.0	2100.361307122419	0.0	0	341.6515383821679	2300.361307122279	1	0	1	1.1173211776583696
156200.0	1000.0	2100.361307122421	0.0	0	543.2353477219585	2300.361307122279	1	0	1	1.1173211776583696
157200.0	1000.0	2100.3613071224336	0.0	0	541.1081114094704	2300.361307122279	1	0	1	1.1173211776583696
158200.0	1000.0	2100.361307122422	0.0	0	491.93940077594016	2300.361307122279	1	0	1	1.1173211776583696
159200.0	1000.0	2100.3613071223867	0.0	0	448.8361320894619	2300.36130712225	1	0	1	1.1173211776583718
160200.0	1000.0	2100.3613071224127	0.0	0	342.36467648867983	2300.361307122279	1	0	1	1.11732117765837
161200.0	1000.0	2100.361307122434	0.0	0	560.5014439846855	2300.361307122308	1	0	1	1.117321177658367
162200.0	1000.0	2100.3613071224377	0.0	0	400.3191223896283	2300.361307122308	1	0	1	1.117321177658367
163209.35645661553	1000.0	2091.004850506895	0.0	0	0.0	2300.361307122308	1	0	1	1.117321177658367
164200.0	1000.0	2100.3613071224204	0.0	0	370.6897106223623	2300.361307122308	1	0	1	1.117321177658367
165200.0	1000.0	2100.361307122424	0.0	0	397.42676001027576	2300.361307122308	1	0	1	1.117321177658367
166200.0	1000.0	2100.361307122425	0.0	0	581.9986753705307	2300.361307122279	1	0	1	1.1173211776583696
167200.0	1000.0	2100.36130712242	0.0	0	634.4171212939837	2300.361307122279	1	0	1	1.1173211776583696
168200.0	1000.0	2100.3613071224363	0.0	0	116.0261117759801	2300.361307122279	1	0	1	1.1173211776583696
169200.0	1000.0	2100.361307122443	0.0	0	175.65301681813435	2300.361307122308	1	0	1	1.117321177658367
170200.0	1000.0	2100.3613071224927	0.0	0	173.83029137348058	2300.361307122337	1	0	1	1.117321177658364
171200.0	1000.0	2100.361307122497	0.0	0	552.2072877514875	2300.361307122337	1	0	1	1.117321177658364
172200.0	1000.0	2100.361307122498	0.0	0	558.6338098707784	2300.361307122337	1	0	1	1.117321177658364
173200.0	1000.0	2100.361307122507	0.0	0	581.663369034999	2300.361307122337	1	0	1	1.117321177658364
174200.0	1000.0	2100.3613071224654	0.0	0	492.9555311994045	2300.361307122337	1	0	1	1.117321177658364
175200.0	1000.0	2100.361307122481	0.0	0	155.0090301685268	2300.361307122337	1	0	1	1.117321177658364
176200.0	1000.0	2100.36130712249	0.0	0	103.12233036948601	2300.361307122337	1	0	1	1.117321177658364
177200.0	1000.0	2100.3613071224718	0.0	0	418.3101532346918	2300.361307122337	1	0	1	1.117321177658364
178200.0	1000.0	2100.3613071224827	0.0	0	339.5506501016498	2300.361307122337	1	0	1	1.117321177658364
179200.0	1000.0	2100.3613071224745	0.0	0	380.9631544237782	2300.361307122337	1	0	1	1.117321177658364
180200.0	1000.0	2100.3613071224963	0.0	0	536.1694624546508	2300.3613071223663	1	0	1	1.1173211776583614
181426.3427708272	1000.0	1874.0185362952986	0.0	0	0.0	2300.3613071223663	1	0	1	1.1173211776583614
182470.53242667404	1000.0	1829.828880448485	0.0	0	0.0	2300.3613071223663	1	0	1	1.1173211776583614
183200.0	1000.0	2100.361307122483	0.0	0	82.12225635818322	2300.3613071223663	1	0	1	1.1173211776583614
184200.0	1000.0	2100.3613071224654	0.0	0	307.54587372322567	2300.3613071223663	1	0	1	1.1173211776583614
185200.0	1000.0	2100.361307122437	0.0	0	426.73464517333196	2300.361307122337	1	0	1	1.117321177658364
186247.9132381291	1000.0	2052.4480689933293	0.0	0	0.0	2300.3613071223663	1	0	1	1.1173211776583614
187200.0	1000.0	2100.361307122458	0.0	0	220.19839439788484	2300.3613071223954	1	0	1	1.1173211776583587
188200.0	1000.0	2100.3613071224545	0.0	0	297.789606726059	2300.3613071224245	1	0	1	1.1173211776583558
189200.0	1000.0	2100.36130712246	0.0	0	375.2178339365346	2300.3613071224827	1	0	1	1.117321177658351
190200.0	1000.0	2100.361307122446	0.0	0	641.4094545505068	2300.3613071224827	1	0	1	1.1173211776583505
191200.0	1000.0	2100.3613071224654	0.0	0	605.1477183109382	2300.3613071224827	1	0	1	1.1173211776583505
192200.0	1000.0	2100.3613071224336	0.0	0	653.7416310333938	2300.3613071224827	1	0	1	1.1173211776583505
193200.0	1000.0	2100.3613071224117	0.0	0	484.6631307260832	2300.3613071224827	1	0	1	1.1173211776583505
194200.0	1000.0	2100.361307122407	0.0	0	485.6575019264419	2300.3613071224827	1	0	1	1.1173211776583505
195200.0	1000.0	2100.361307122409	0.0	0	429.34898396377685	2300.3613071224827	1	0	1	1.1173211776583505
196200.0	1000.0	2100.3613071224227	0.0	0	515.0695295510523	2300.3613071224827	1	0	1	1.1173211776583505
197200.0	2000.0	2100.361307122457	0.0	0	263.7721538945625	2300.3613071224827	1	0	1	1.1173211776583505
198200.0	2000.0	2100.3613071224595	0.0	0	202.20484976124135	2300.3613071224827	1	0	1	1.8104683582182957
199245.9275738689	2000.0	2054.433733253599	0.0	0	0.0	2300.3613071224827	1	0	1	1.8104683582182957
200200.0	2000.0	2100.3613071224627	0.0	0	54.44858056327212	2300.3613071224827	1	0	1	1.8104683582182957
201571.8089785243	2000.0	1728.5523285981742	0.0	0	0.0	2300.3613071224827	1	0	1	1.8104683582182957
202930.265470455	2000.0	1370.0958366674722	0.0	0	0.0	2300.3613071224827	1	0	1	1.8104683582182957
204004.8333194874	2000.0	1295.5279876350696	0.0	0	0.0	2300.361307122512	1	0	1	1.810468358218293
204950.19270273033	2000.0	1350.1686043921345	0.0	0	0.0	2300.361307122541	1	0	1	1.81046835821829
205500.85796122524	2000.0	1799.5033458972568	0.0	0	0.0	2300.361307122541	1	0	1	1.81046835821829
206200.0	2000.0	2100.361307122498	0.0	0	99.56905580501189	2300.361307122512	1	0	1	1.810468358218293
207200.0	2000.0	2100.3613071224963	0.0	0	95.87281754930154	2300.361307122512	1	0	1	1.810468358218293
208438.11800246657	2000.0	1862.243304655972	0.0	0	0.0	2300.361307122512	1	0	1	1.810468358218293
209203.5506532896	2000.0	2096.8106538329166	0.0	0	0.0	2300.361307122512	1	0	1	1.810468358218293
210370.96027248687	2000.0	1929.4010346355985	0.0	0	0.0	2300.361307122512	1	0	1	1.810468358218293
212720.96040819975	2000.0	579.400898922699	0.0	0	0.0	2300.3613071224536	1	0	1	1.810468358218297
213860.78384890288	2000.0	483.7513406348669	44.17388241530216	0	0.0	2344.535189537739	1	0	1	1.5411746979775067
214738.9167100571	2000.0	605.6184794806263	0.0	0	0.0	2344.535189537739	1	0	1	1.8062179924693207
215722.35297692782	2000.0	622.1822126098817	0.0	0	0.0	2344.535189537739	1	0	1	1.8062179924693207
216363.65927739744	2000.0	980.8759121402413	0.0	0	0.0	2344.53518953771	1	0	1	1.8062179924693234
216880.21515973797	2000.0	1464.3200297997105	0.0	0	0.0	2344.5351895376807	1	0	1	1.8062179924693265
217436.85591070694	2000.0	1907.679278830764	0.0	0	0.0	2344.5351895376807	1	0	1	1.8062179924693265
218200.0	2000.0	2144.53518953771	0.0	0	205.48047730865073	2344.5351895376516	1	0	1	1.8062179924693291
219200.0	2000.0	2144.5351895376966	0.0	0	492.7622290858708	2344.5351895376516	1	0	1	1.8062179924693291
220200.0	2000.0	2144.5351895376684	0.0	0	335.75607535539893	2344.5351895376225	1	0	1	1.806217992469332
221412.40887177936	2000.0	1932.126317758286	0.0	0	0.0	2344.5351895376225	1	0	1	1.806217992469332
222237.15697323333	2000.0	2107.3782163043543	0.0	0	0.0	2344.5351895376516	1	0	1	1.8062179924693291
223334.8626053948	3000.0	2009.6725841428938	0.0	0	0.0	2344.5351895376516	1	0	1	1.8062179924693293
224200.0	3000.0	2144.53518953769	0.0	0	204.34262487874366	2344.5351895376516	1	0	1	2.2116831005774937
225200.0	3000.0	2144.535189537676	0.0	0	185.1146743952704	2344.5351895376516	1	0	1	2.2116831005774937
226200.0	3000.0	2144.5351895376816	0.0	0	35.833021627156995	2344.5351895376516	1	0	1	2.2116831005774937
227306.51844004652	3000.0	2038.0167494911525	0.0	0	0.0	2344.5351895376516	1	0	1	2.2116831005774937
228324.61803102764	2000.0	2019.9171585100457	0.0	0	0.0	2344.5351895376225	1	0	1	1.4007528843611674
229901.2559837194	2000.0	1443.2792058183056	0.0	0	0.0	2344.5351895375934	1	0	1	1.806217992469335
231416.73815509042	2000.0	927.7970344472386	0.0	0	0.0	2344.5351895375643	1	0	1	1.8062179924693378
232367.70270915623	2000.0	976.8324803814387	0.0	0	0.0	2344.5351895375934	1	0	1	1.806217992469335
233369.0586671344	2000.0	975.4765224033065	0.0	0	0.0	2344.5351895376225	1	0	1	1.806217992469332
234406.02353026628	2000.0	938.5116592714437	0.0	0	0.0	2344.5351895376516	1	0	1	1.8062179924693291
235114.8283601963	2000.0	1229.706829341459	0.0	0	0.0	2344.5351895376516	1	0	1	1.8062179924693291
235749.2079184378	2000.0	1595.327271099894	0.0	0	0.0	2344.5351895376225	1	0	1	1.806217992469332
236204.6714569975	2000.0	2139.863732540206	0.0	0	0.0	2344.5351895376225	1	0	1	1.806217992469332
237200.0	2000.0	2144.535189537702	0.0	0	515.4593692619528	2344.5351895376516	1	0	1	1.8062179924693291
238200.0	2000.0	2144.535189537738	0.0	0	576.7816798905842	2344.5351895376516	1	0	1	1.8062179924693291
239200.0	2000.0	2144.5351895377444	0.0	0	285.55436423173524	2344.5351895376807	1	0	1	1.8062179924693271
240313.34385061983	2000.0	2031.1913389179335	0.0	0	0.0	2344.5351895376807	1	0	1	1.8062179924693265
241456.8091050364	2000.0	1887.7260845013811	0.0	0	0.0	2344.5351895376807	1	0	1	1.8062179924693265
242259.7981532291	2000.0	2084.7370363086898	0.0	0	0.0	2344.5351895376807	1	0	1	1.8062179924693265
243200.0	2000.0	2144.5351895377817	0.0	0	164.90161674431874	2344.5351895376516	1	0	1	1.8062179924693291
244200.0	2000.0	2144.5351895377353	0.0	0	337.63944777319557	2344.5351895376225	1	0	1	1.8062179924693316
245200.0	2000.0	2144.535189537743	0.0	0	442.26053940091515	2344.5351895376516	1	0	1	1.8062179924693296
246200.0	2000.0	2144.535189537748	0.0	0	140.08836214168696	2344.5351895376516	1	0	1	1.8062179924693291
247200.0	2000.0	2144.5351895377325	0.0	0	279.05704621458426	2344.5351895376516	1	0	1	1.8062179924693291
248222.1555930342	2000.0	2122.379596503574	0.0	0	0.0	2344.5351895376807	1	0	1	1.8062179924693265
249227.39776781522	2000.0	2117.137421722501	0.0	0	0.0	2344.5351895376516	1	0	1	1.8062179924693291
250200.0	2000.0	2144.5351895377335	0.0	0	80.96383385194349	2344.5351895376516	1	0	1	1.8062179924693291
251702.96547900865	2000.0	1641.5697105291129	0.0	0	0.0	2344.5351895376807	1	0	1	1.8062179924693265
253349.54439493985	2000.0	994.9907945979254	0.0	0	0.0	2344.5351895376807	1	0	1	1.8062179924693265
253833.60108351236	1000.0	1510.9341060253907	0.0	0	0.0	2344.5351895376516	1	0	1	0.4199236313494389
254200.0	1000.0	2144.535189537738	0.0	0	4.793347003229428	2344.5351895376516	1	0	1	1.1130708119093842
255200.0	1000.0	2144.5351895377307	0.0	0	672.6764154056145	2344.5351895376516	1	0	1	1.1130708119093842
256200.0	1000.0	2144.535189537758	0.0	0	665.2754520564631	2344.5351895376807	1	0	1	1.113070811909381
257200.0	1000.0	2144.5351895377717	0.0	0	722.6959315229615	2344.5351895376807	1	0	1	1.113070811909381
258200.0	2000.0	2144.5351895377516	0.0	0	193.4473659543146	2344.5351895376516	1	0	1	1.113070811909384
259200.0	2000.0	2144.535189537749	0.0	0	407.80755820765626	2344.5351895376516	1	0	1	1.8062179924693291
260200.0	2000.0	2144.535189537714	0.0	0	446.22794112286647	2344.5351895376516	1	0	1	1.8062179924693291
261200.0	2000.0	2144.5351895377134	0.0	0	213.70713372985483	2344.5351895376807	1	0	1	1.8062179924693265
262200.0	2000.0	2144.5351895377134	0.0	0	233.73805142223136	2344.5351895376807	1	0	1	1.8062179924693265
263200.0	2000.0	2144.5351895377134	0.0	0	286.0334981069318	2344.53518953771	1	0	1	1.806217992469323
264580.74591907195	2000.0	1763.7892704656997	0.0	0	0.0	2344.5351895376225	1	0	1	1.8062179924693298
265367.68726211175	2000.0	1976.8479274259157	0.0	0	0.0	2344.5351895376807	1	0	1	1.8062179924693265
266200.0	2000.0	2144.535189537649	0.0	0	285.9755803361768	2344.535189537739	1	0	1	1.8062179924693207
267200.0	2000.0	2144.535189537711	0.0	0	438.7496256957529	2344.535189537739	1	0	1	1.8062179924693207
268200.0	2000.0	2144.5351895377353	0.0	0	374.9053481943556	2344.535189537739	1	0	1	1.8062179924693207
269462.51668839034	2000.0	1882.0185011473823	0.0	0	0.0	2344.535189537797	1	0	1	1.8062179924693147
270241.6997535622	2000.0	2102.835435975533	0.0	0	0.0	2344.5351895378553	1	0	1	1.8062179924693091
271200.0	2000.0	2144.535189537742	0.0	0	34.47990730864694	2344.5351895378553	1	0	1	1.8062179924693091
272393.0505560267	2000.0	1951.4846335110124	0.0	0	0.0	2344.5351895379135	1	0	1	1.8062179924693034
273548.2048355987	2000.0	1796.3303539389872	0.0	0	0.0	2344.5351895379135	1	0	1	1.8062179924693034
274252.8961047035	2000.0	2091.6390848342303	0.0	0	0.0	2344.5351895379135	1	0	1	1.8062179924693034
275200.0	2000.0	2144.535189537736	0.0	0	308.2871939042234	2344.5351895379135	1	0	1	1.8062179924693034
276200.0	2000.0	2144.5351895377116	0.0	0	238.57885176385753	2344.5351895379135	1	0	1	1.8062179924693034
277200.0	2000.0	2144.535189537689	0.0	0	390.99534791940823	2344.5351895378553	1	0	1	1.8062179924693091
278200.0	2000.0	2144.5351895376884	0.0	0	37.070690473832656	2344.5351895378553	1	0	1	1.8062179924693091
279277.4511654373	2000.0	2067.0840241004694	0.0	0	0.0	2344.5351895378553	1	0	1	1.8062179924693091
280856.9767220207	2000.0	1487.5584675170487	0.0	0	0.0	2344.5351895378553	1	0	1	1.8062179924693091
281674.68854194053	2000.0	1669.8466475971777	0.0	0	0.0	2344.5351895379135	1	0	1	1.806217992469307
282603.60827710875	2000.0	1740.9269124290238	0.0	0	0.0	2344.5351895379135	1	0	1	1.8062179924693034
283628.3944837841	2000.0	1716.1407057536667	0.0	0	0.0	2344.5351895379717	1	0	1	1.8062179924692978
284459.2895493282	2000.0	1885.2456402095083	0.0	0	0.0	2344.5351895379717	1	0	1	1.8062179924692978
285234.58723402227	2000.0	2109.9479555154458	0.0	0	0.0	2344.5351895379717	1	0	1	1.8062179924692978
286491.23006019485	2000.0	1853.3051293429337	0.0	0	0.0	2344.5351895379717	1	0	1	1.8062179924692978
287721.45515344356	2000.0	1623.080036094229	0.0	0	0.0	2344.5351895379135	1	0	1	1.8062179924693034
288272.9128431405	1000.0	2071.622346397323	0.0	0	0.0	2344.5351895379135	1	0	1	0.4199236313494131
289200.0	1000.0	2144.535189537839	0.0	0	398.94211167504545	2344.5351895379717	1	0	1	1.1130708119093526
290200.0	1000.0	2144.535189537846	0.0	0	400.22784048045287	2344.5351895379717	1	0	1	1.1130708119093526
291200.0	2000.0	2144.5351895378462	0.0	0	313.4793894806062	2344.5351895379717	1	0	1	1.1130708119093526
292200.0	2000.0	2144.53518953787	0.0	0	164.12295653048204	2344.5351895379135	1	0	1	1.8062179924693023
293200.0	1000.0	2144.5351895378876	0.0	0	218.71871441585245	2344.5351895379717	1	0	1	0.4199236313494074
294200.0	1000.0	2144.5351895378576	0.0	0	542.7812713503954	2344.5351895379717	1	0	1	1.1130708119093526
295200.0	1000.0	2144.535189537818	0.0	0	558.377587866562	2344.5351895379135	1	0	1	1.1130708119093582
296200.0	1000.0	2144.5351895378517	0.0	0	591.5684585595154	2344.5351895379135	1	0	1	1.1130708119093582
297200.0	1000.0	2144.535189537896	0.0	0	140.9575825445936	2344.5351895379717	1	0	1	1.1130708119093538
298200.0	1000.0	2144.5351895378844	0.0	0	155.46526349964552	2344.5351895379717	1	0	1	1.1130708119093526
299200.0	1000.0	2144.5351895379235	0.0	0	377.26379981206264	2344.5351895379717	1	0	1	1.1130708119093526
300200.0	1000.0	2144.5351895379863	0.0	0	570.7624554707436	2344.5351895379717	1	0	1	1.1130708119093526
2.21	2.92	2.81	2.2	2.06	1.99	2.2	1.38	1.37	2.06	2.71	2.5	2.33	0.92	1.25	1.8	2.32	2.99	3.52	1.73	1.36	1.61	1.51	1.61	1.96	1.55	0.61	1.23	1.49	1.93	1.4	1.18	1.54	2.07	2.32	2.48	2.87	2.73	1.82	2.06	2.61	2.81	2.57	2.62	2.29	1.52	2.04	1.78	2.15	2.51	3.17	3.26	2.31	1.9	2.21	1.46	1.07	1.1	1.62	2.26	2.58	3.36	3.9	5.0	5.31	2.06	2.07	2.76	3.35	3.54	3.36	2.46	2.65	1.58	1.12	1.48	1.71	2.11	2.64	2.5	3.13	3.67	4.34	3.48	2.33	2.56	2.25	2.73	2.71	2.88	3.06	1.9	2.48	2.11	1.55	1.87	1.42	1.42	1.78	2.35	2.95	3.63	3.32	2.57	2.77	2.95	2.98	3.44	1.66	1.9	2.46	3.2	3.7	2.56	1.7	2.17	1.68	1.68	2.42	2.93	2.8	2.81	2.27	2.03	1.58	1.59	2.04	2.33	2.43	2.61	2.19	1.83	2.04	1.73	1.93	2.2	2.37	1.56	1.95	2.27	2.69	2.07	1.24	1.53	2.02	1.54	1.04	1.14	1.4	1.31	2.21	2.92	2.81	2.2	2.06	1.99	2.2	1.38	1.37	2.06	2.71	2.5	2.33	0.92	1.25	1.8	2.32	2.99	3.52	1.73	1.36	1.61	1.51	1.61	1.96	1.55	0.61	1.23	1.49	1.93	1.4	1.18	1.54	2.07	2.32	2.48	2.87	2.73	1.82	2.06	2.61	2.81	2.57	2.62	2.29	1.52	2.04	1.78	2.15	2.51	3.17	3.26	2.31	1.9	2.21	1.46	1.07	1.1	1.62	2.26	2.58	3.36	3.9	5.0	5.31	2.06	2.07	2.76	3.35	3.54	3.36	2.46	2.65	1.58	1.12	1.48	1.71	2.11	2.64	2.5	3.13	3.67	4.34	3.48	2.33	2.56	2.25	2.73	2.71	2.88	3.06	1.9	2.48	2.11	1.55	1.87	1.42	1.42	1.78	2.35	2.95	3.63	3.32	2.57	2.77	2.95	2.98	3.44	1.66	1.9	2.46	3.2	3.7	2.56	1.7	2.17	1.68	1.68	2.42	2.93	2.8	2.81	2.27	2.03	1.58	1.59	2.04	2.33	2.43	2.61	2.19	1.83	2.04	1.73	1.93	2.2	2.37	1.56	1.95	2.27	2.69	2.07	1.24	1.53	2.02	1.54	1.04	1.14
1.0	2.0	3.0	4.0	5.0	6.0	7.0	8.0	9.0	10.0	11.0	12.0	13.0	14.0	15.0	16.0	17.0	18.0	19.0	20.0	21.0	22.0	23.0	24.0	25.0	26.0	27.0	28.0	29.0	30.0	31.0	32.0	33.0	34.0	35.0	36.0	37.0	38.0	39.0	40.0	41.0	42.0	43.0	44.0	45.0	46.0	47.0	48.0	49.0	50.0	51.0	52.0	53.0	54.0	55.0	56.0	57.0	58.0	59.0	60.0	61.0	62.0	63.0	64.0	65.0	66.0	67.0	68.0	69.0	70.0	71.0	72.0	73.0	74.0	75.0	76.0	77.0	78.0	79.0	80.0	81.0	82.0	83.0	84.0	85.0	86.0	87.0	88.0	89.0	90.0	91.0	92.0	93.0	94.0	95.0	96.0	97.0	98.0	99.0	100.0	101.0	102.0	103.0	104.0	105.0	106.0	107.0	108.0	109.0	110.0	111.0	112.0	113.0	114.0	115.0	116.0	117.0	118.0	119.0	120.0	121.0	122.0	123.0	124.0	125.0	126.0	127.0	128.0	129.0	130.0	131.0	132.0	133.0	134.0	135.0	136.0	137.0	138.0	139.0	140.0	141.0	142.0	143.0	144.0	145.0	146.0	147.0	148.0	149.0	149.0	150.0	151.0	152.0	153.0	154.0	155.0	156.0	157.0	158.0	159.0	160.0	161.0	162.0	163.0	164.0	165.0	166.0	167.0	168.0	169.0	170.0	171.0	172.0	173.0	174.0	175.0	176.0	177.0	178.0	179.0	180.0	181.0	182.0	183.0	184.0	185.0	186.0	187.0	188.0	189.0	190.0	191.0	192.0	193.0	194.0	195.0	196.0	197.0	198.0	199.0	200.0	201.0	202.0	203.0	204.0	205.0	206.0	207.0	208.0	209.0	210.0	211.0	212.0	213.0	214.0	215.0	216.0	217.0	218.0	219.0	220.0	221.0	222.0	223.0	224.0	225.0	226.0	227.0	228.0	229.0	230.0	231.0	232.0	233.0	234.0	235.0	236.0	237.0	238.0	239.0	240.0	241.0	242.0	243.0	244.0	245.0	246.0	247.0	248.0	249.0	250.0	251.0	252.0	253.0	254.0	255.0	256.0	257.0	258.0	259.0	260.0	261.0	262.0	263.0	264.0	265.0	266.0	267.0	268.0	269.0	270.0	271.0	272.0	273.0	274.0	275.0	276.0	277.0	278.0	279.0	280.0	281.0	282.0	283.0	284.0	285.0	286.0	287.0	288.0	289.0	290.0	291.0	292.0	293.0	294.0	295.0	296.0	297.0
5541.1491619832395
