3341.7465292945044	300.0	2000.0	140.69626566866373	0	0.0	3341.7465292945044	1	0	1	-1.0893612065263727
3439.438346660379	300.0	2902.3081826341254	0.0	0	0.0	3341.7465292945044	1	0	1	-0.25203802677188075
4200.0	300.0	3141.7465292945044	0.0	0	611.1294836054581	3341.746529294505	1	0	1	-0.2520380267718808
5200.0	500.0	3141.746529294505	0.0	0	854.8159334448401	3341.746529294505	1	0	1	-0.2520380267718809
6200.0	500.0	3141.746529294505	0.0	0	659.0294079687365	3341.746529294505	1	0	1	0.2587875969941099
7200.0	500.0	3141.7465292945044	0.0	0	534.5733830725048	3341.7465292945044	1	0	1	0.2587875969941099
8200.0	500.0	3141.7465292945035	0.0	0	627.4005188787305	3341.7465292945044	1	0	1	0.25878759699410997
9200.0	1000.0	3141.7465292945044	0.0	0	523.2336090650351	3341.7465292945053	1	0	1	0.25878759699411014
10200.0	1000.0	3141.7465292945026	0.0	0	523.7912123081642	3341.7465292945035	1	0	1	0.9519347775540556
11200.0	2000.0	3141.7465292945017	0.0	0	197.32424733289008	3341.7465292945026	1	0	1	0.9519347775540561
12200.0	2000.0	3141.746529294503	0.0	0	435.24263001870713	3341.7465292945017	1	0	1	1.6450819581140013
13901.360540186814	2000.0	2440.3859891076886	0.0	0	0.0	3341.7465292945017	1	0	1	1.6450819581140013
15586.23976512037	2000.0	1755.5067641741311	0.0	0	0.0	3341.7465292945017	1	0	1	1.6450819581140013
16930.24283756677	2000.0	1411.5036917277348	0.0	0	0.0	3341.7465292945053	1	0	1	1.6450819581140008
17631.09412068269	2000.0	1710.652408611818	0.0	0	0.0	3341.746529294509	1	0	1	1.6450819581139997
18559.551596691083	2000.0	1782.1949326034203	0.0	0	0.0	3341.7465292945035	1	0	1	1.6450819581140002
19205.391092350386	2000.0	2136.355436944117	0.0	0	0.0	3341.7465292945053	1	0	1	1.6450819581140008
19746.62104640682	2000.0	2595.1254828876804	0.0	0	0.0	3341.7465292945017	1	0	1	1.6450819581140008
20326.306961435545	2000.0	3015.4395678589567	0.0	0	0.0	3341.7465292945017	1	0	1	1.6450819581140013
21200.0	2000.0	3141.746529294501	0.0	0	328.05901475766586	3341.746529294498	1	0	1	1.645081958114002
22200.0	2000.0	3141.7465292945008	0.0	0	181.1584920169953	3341.746529294498	1	0	1	1.645081958114002
23200.0	2000.0	3141.746529294504	0.0	0	293.5191973517867	3341.746529294498	1	0	1	1.645081958114002
24200.0	2000.0	3141.746529294507	0.0	0	235.1507557484656	3341.7465292945017	1	0	1	1.6450819581140013
25200.0	2000.0	3141.7465292945085	0.0	0	73.77635518437819	3341.7465292945017	1	0	1	1.6450819581140013
26557.676310864837	2000.0	2784.070218429674	0.0	0	0.0	3341.7465292945017	1	0	1	1.6450819581140013
27515.8839507794	2000.0	2825.8625785151103	0.0	0	0.0	3341.7465292945017	1	0	1	1.6450819581140013
28669.55136048683	2000.0	2672.1951688076792	0.0	0	0.0	3341.7465292945017	1	0	1	1.6450819581140013
29620.823869784384	2000.0	2625.79540858037	0.0	0	0.0	3246.619278364753	1	0	2	1.2622443319859191
30357.722919129483	2000.0	2888.8963592352725	0.0	0	0.0	3246.6192783647566	1	0	1	1.467426463800558
31200.0	2000.0	3046.619278364751	0.0	0	255.69094075174144	3246.6192783647566	1	0	1	1.6674264638005583
32200.0	2000.0	3046.6192783647502	0.0	0	598.2780117027469	3246.6192783647566	1	0	1	1.6674264638005583
33200.0	2000.0	3046.619278364757	0.0	0	416.0612755309048	3246.6192783647602	1	0	1	1.6674264638005578
34318.132223173365	2000.0	2928.4870551913914	0.0	0	0.0	3246.6192783647566	1	0	1	1.6674264638005574
35200.0	2000.0	3046.6192783647575	0.0	0	70.43644838534965	3246.6192783647602	1	0	1	1.667426463800557
36200.0	2000.0	3046.6192783647593	0.0	0	180.64156877582718	3246.6192783647566	1	0	1	1.6674264638005574
37200.0	2000.0	3046.6192783647534	0.0	0	63.124669097604055	3246.6192783647566	1	0	1	1.6674264638005583
38200.0	2000.0	3046.6192783647493	0.0	0	238.9356708428313	3246.6192783647566	1	0	1	1.6674264638005583
39200.0	2000.0	3046.6192783647502	0.0	0	226.000010934491	3246.6192783647566	1	0	1	1.6674264638005583
40293.37387286246	2000.0	2953.245405502284	0.0	0	0.0	3246.6192783647566	1	0	1	1.6674264638005583
41200.0	2000.0	3046.619278364748	0.0	0	26.974836279630836	3246.6192783647566	1	0	1	1.6674264638005583
42225.48263579118	2000.0	3021.13664257356	0.0	0	0.0	3246.6192783647566	1	0	1	1.6674264638005583
43200.0	2000.0	3046.6192783647393	0.0	0	205.094396450957	3246.6192783647566	1	0	1	1.6674264638005583
44238.77249488472	2000.0	3007.8467834800217	0.0	0	0.0	3246.6192783647566	1	0	1	1.6674264638005583
45543.40439604631	2000.0	2703.214882318428	0.0	0	0.0	3246.6192783647566	1	0	1	1.6674264638005583
46200.0	2000.0	3046.6192783647484	0.0	0	38.10027808718587	3246.6192783647566	1	0	1	1.6674264638005583
47200.0	2000.0	3046.6192783647475	0.0	0	400.7932788035687	3246.6192783647566	1	0	1	1.6674264638005583
48200.0	2000.0	3046.619278364752	0.0	0	557.1737333463971	3246.6192783647566	1	0	1	1.6674264638005583
49200.0	2000.0	3046.619278364756	0.0	0	524.1205197937306	3246.6192783647566	1	0	1	1.6674264638005583
50200.0	2000.0	3046.6192783647543	0.0	0	537.7243694810386	3246.6192783647566	1	0	1	1.6674264638005583
51356.11242109825	2000.0	2890.5068572665023	0.0	0	0.0	3246.6192783647493	1	0	1	1.6674264638005596
52200.0	2000.0	3046.6192783647593	0.0	0	206.40164721946348	3246.6192783647493	1	0	1	1.6674264638005596
53200.0	2000.0	2946.6192783647552	0.0	0	232.941232585923	3146.6192783647566	1	0	2	1.2817130461950867
54200.0	2000.0	2946.6192783647552	0.0	0	197.70299977820105	3146.6192783647566	1	0	1	1.4889831723902123
55200.0	2000.0	2946.6192783647653	0.0	0	143.70595349289215	3146.6192783647566	1	0	1	1.6889831723902125
56243.6200481485	2000.0	2902.9992302162646	0.0	0	0.0	3146.6192783647566	1	0	1	1.6889831723902125
57291.97458743033	2000.0	2854.64469093443	0.0	0	0.0	3146.619278364764	1	0	1	1.688983172390211
58200.0	2000.0	2946.619278364763	0.0	0	199.11315267822647	3146.619278364764	1	0	1	1.688983172390211
59200.0	2000.0	2946.619278364769	0.0	0	306.4289201649808	3146.619278364764	1	0	1	1.688983172390211
60200.0	2000.0	2946.6192783647653	0.0	0	262.5646752152679	3146.619278364764	1	0	1	1.688983172390211
61200.0	2000.0	2946.6192783647707	0.0	0	246.27273529451486	3146.6192783647566	1	0	1	1.6889831723902125
62200.0	2000.0	2946.619278364777	0.0	0	74.71924185442185	3146.619278364764	1	0	1	1.688983172390211
63200.0	2000.0	2946.6192783647784	0.0	0	70.85118754662835	3146.619278364764	1	0	1	1.688983172390211
64254.15751568322	2000.0	2892.4617626815543	0.0	0	0.0	3146.619278364764	1	0	1	1.688983172390211
65200.0	2000.0	2946.6192783647743	0.0	0	221.33678790143313	3146.619278364771	1	0	1	1.6889831723902093
66200.0	2000.0	2946.6192783647793	0.0	0	390.51308366438025	3146.6192783647857	1	0	1	1.6889831723902076
67200.0	2000.0	2946.6192783647875	0.0	0	178.38442230604414	3146.619278364793	1	0	1	1.688983172390206
68200.0	2000.0	2946.6192783647775	0.0	0	97.99158995180915	3146.6192783647784	1	0	1	1.6889831723902067
69388.42653959185	2000.0	2758.1927387729384	0.0	0	0.0	3146.6192783647857	1	0	1	1.6889831723902062
70609.14742198806	2000.0	2537.4718563767246	0.0	0	0.0	3146.6192783647857	1	0	1	1.6889831723902062
71992.81314175921	2000.0	2015.4395646284543	0.0	0	0.0	3008.252706387677	1	0	2	1.3100124862048472
72768.14098669996	2000.0	2240.111719687703	0.0	0	0.0	3008.252706387677	1	0	1	1.5158100835964063
73404.79049084727	2000.0	2603.4622155404036	0.0	0	0.0	3008.252706387677	1	0	1	1.7158100835964065
74200.0	2000.0	2808.2527063876737	0.0	0	301.92393878476287	3008.2527063876623	1	0	1	1.7158100835964094
75200.0	2000.0	2808.2527063876596	0.0	0	484.94947400243836	3008.252706387648	1	0	1	1.7158100835964119
76266.05938781644	2000.0	2742.193318571214	0.0	0	0.0	3008.252706387648	1	0	1	1.7158100835964119
77310.0248083132	2000.0	2698.2278980744513	0.0	0	0.0	3008.252706387648	1	0	1	1.7158100835964119
78540.59939321036	2000.0	2467.6533131773094	0.0	0	0.0	3008.252706387648	1	0	1	1.7158100835964119
79451.7427063642	2000.0	2556.5100000234675	0.0	0	0.0	3008.252706387648	1	0	1	1.7158100835964119
80200.0	2000.0	2808.252706387661	0.0	0	87.01270419756474	3008.252706387648	1	0	1	1.7158100835964119
81696.0169249353	2000.0	2312.235781452353	0.0	0	0.0	3008.252706387648	1	0	1	1.7158100835964119
82812.7522936058	2000.0	2195.5004127818756	0.0	0	0.0	3008.252706387648	1	0	1	1.7158100835964119
84133.3033428672	2000.0	1874.9493635204726	0.0	0	0.0	3008.252706387648	1	0	1	1.7158100835964119
84947.2380773088	2000.0	2061.014629078878	0.0	0	0.0	3008.252706387648	1	0	1	1.7158100835964119
85908.37035894985	2000.0	2003.769119273723	0.0	0	0.0	2912.1394782235293	1	0	2	1.3286313382689356
86840.61899070085	2000.0	2071.520487522713	0.0	0	0.0	2912.1394782235293	1	0	1	1.5325673450316388
87410.36561156661	2000.0	2501.7738666569653	0.0	0	0.0	2912.139478223544	1	0	1	1.7325673450316366
88221.58267203892	2000.0	2690.5568061846648	0.0	0	0.0	2912.1394782235584	1	0	1	1.7325673450316343
89200.0	2000.0	2712.139478223567	0.0	0	243.94582558167167	2912.1394782235584	1	0	1	1.7325673450316343
