5350.29567909705	300.0	2000.0	580.3124808741959	0	0.0	5350.29567909705	1	0	1	-4.733978277236272
5819.254819253625	300.0	2531.0408598434256	0.0	0	0.0	5350.29567909705	1	0	1	-1.3623341914864402
6383.942303759041	500.0	2909.884626887468	0.0	0	0.0	5293.82693064651	1	0	2	-1.7270023275680506
6994.869448362032	300.0	3237.864767824179	0.0	0	0.0	5232.734216186211	1	0	2	-1.982392943991527
7656.817938116674	500.0	3509.7214290940733	0.0	0	0.0	5166.539367210747	1	0	2	-1.416464545028051
8376.357163368906	500.0	3718.2282813166166	0.0	0	0.0	5094.585444685523	1	0	2	-0.8453432718428713
9085.221822997679	500.0	3938.477155724966	0.0	0	0.0	5023.698978722645	1	0	2	-0.788310892548493
9916.762667872981	500.0	4023.7822263621333	0.0	0	0.0	4940.544894235115	1	0	2	-0.7253424945125913
10613.22361673289	500.0	4257.675182616233	0.0	0	0.0	4870.898799349124	1	0	2	-0.6683991096547086
11200.0	500.0	4612.221161022412	0.0	0	159.4687787437506	4812.221161022413	1	0	2	-0.6305048636414472
12200.0	500.0	4512.22116102241	0.0	0	333.8550445969395	4712.221161022411	1	0	2	-0.5702618803688234
13200.0	500.0	4412.221161022413	0.0	0	508.23263392641456	4612.221161022413	1	0	2	-0.5038388951106221
14200.0	500.0	4312.221161022413	0.0	0	604.5540405630309	4512.221161022415	1	0	2	-0.4408111404731378
15200.0	500.0	4212.221161022416	0.0	0	497.9435178260919	4412.221161022417	1	0	2	-0.3802983592072516
16200.0	500.0	4112.221161022416	0.0	0	377.9301640491685	4312.221161022415	1	0	2	-0.32376081450232747
17200.0	500.0	4012.2211610224176	0.0	0	501.42212543437927	4212.221161022413	1	0	2	-0.2723368569683003
18200.0	500.0	3912.2211610224167	0.0	0	268.6357608990984	4112.221161022411	1	0	2	-0.22188647115300797
19200.0	500.0	3812.221161022415	0.0	0	525.7960625351989	4012.2211610224094	1	0	2	-0.178286276882994
20200.0	500.0	3712.221161022412	0.0	0	402.4697168713574	3912.2211610224094	1	0	2	-0.13576812609771893
21200.0	500.0	3612.221161022412	0.0	0	377.8509189852739	3812.2211610224076	1	0	2	-0.09682268147230345
22200.0	500.0	3512.2211610224135	0.0	0	466.9008636601611	3712.2211610224113	1	0	2	-0.061049555276475403
23200.0	500.0	3412.221161022414	0.0	0	512.5216195745743	3612.2211610224113	1	0	2	-0.028032981004227284
24200.0	500.0	3312.2211610224167	0.0	0	213.34200127697477	3512.2211610224113	1	0	2	0.003624126740077671
25200.0	500.0	3212.2211610224176	0.0	0	610.2180901631073	3412.2211610224076	1	0	2	0.030320665674183678
26200.0	500.0	3112.221161022415	0.0	0	623.700147004467	3312.221161022404	1	0	2	0.0561544687180611
27505.15328354852	1000.0	2676.552549119041	0.0	0	0.0	3181.7058326675506	1	0	2	0.0891416178849691
28200.0	500.0	2912.221161022411	0.0	0	54.96372115864142	3112.2211610224003	1	0	2	-0.5874664591079606
29240.157549073137	1000.0	2768.0478570419564	0.0	0	0.0	3008.2054061150848	1	0	2	0.12487046073175356
30200.0	1000.0	2712.2211610224026	0.0	0	430.59218601297107	2912.2211610224003	1	0	2	0.8329750982146973
31200.0	1000.0	2612.2211610224017	0.0	0	625.129189506697	2812.2211610224003	1	0	2	0.8490999682339702
32200.0	1000.0	2512.2211610224	0.0	0	431.0740631994595	2712.221161022404	1	0	2	0.8644770846964688
33200.0	1000.0	2412.221161022406	0.0	0	151.07573239161138	2612.2211610224113	1	0	2	0.87874154324082
34200.0	1000.0	2312.2211610224117	0.0	0	49.564528606082604	2512.221161022415	1	0	2	0.8919825456550221
35200.0	1000.0	2212.2211610224026	0.0	0	303.1991440238344	2412.221161022404	1	0	2	0.902251036523612
36505.73263417769	1000.0	1775.9152634269417	0.0	0	0.0	2281.6478976046346	1	0	2	0.9156947833192255
37444.92160461836	1000.0	1742.8073959422097	0.0	0	0.0	2187.7290005605682	1	0	2	0.9254173102544735
38585.98016348408	1000.0	1487.6429811899106	0.0	0	0.0	2073.623144673991	1	0	2	0.9342983493893532
39604.3155049766	1000.0	1469.3076396973834	0.0	0	0.0	2073.623144673991	1	0	1	0.936528064964487
40578.79739449832	1000.0	1494.8257501756648	0.0	0	0.0	2073.623144673991	1	0	1	1.1365280649644873
41468.765098782584	1000.0	1604.8580458914016	0.0	0	0.0	2073.6231446739985	1	0	1	1.1365280649644867
42584.46227737057	1000.0	1489.1608673034104	0.0	0	0.0	2073.623144673991	1	0	1	1.1365280649644873
43511.45081982842	500.0	1562.1723248455605	0.0	0	0.0	2073.623144673984	1	0	1	-0.24976629615540313
44200.0	500.0	1873.6231446739753	0.0	0	182.51679530714318	2073.623144673984	1	0	1	0.4433808844045423
45200.0	500.0	1873.6231446739866	0.0	0	397.3597820205687	2073.623144673984	1	0	1	0.4433808844045423
46200.0	500.0	1873.6231446739882	0.0	0	341.8052650612808	2073.623144673984	1	0	1	0.4433808844045423
47200.0	500.0	1873.6231446739928	0.0	0	239.2854724591889	2073.623144673984	1	0	1	0.4433808844045423
48200.0	500.0	1873.6231446740019	0.0	0	632.230732133532	2073.623144673991	1	0	1	0.44338088440454176
49253.381874781655	500.0	1820.2412698923467	0.0	0	0.0	2073.623144673991	1	0	1	0.44338088440454176
50200.0	500.0	1873.6231446739944	0.0	0	201.32815187157394	2073.623144673991	1	0	1	0.44338088440454176
51200.0	500.0	1873.6231446739907	0.0	0	372.25431608488	2073.623144673991	1	0	1	0.44338088440454176
52200.0	500.0	1873.6231446739935	0.0	0	372.170836590165	2073.623144673991	1	0	1	0.44338088440454176
53200.0	500.0	1873.6231446739932	0.0	0	503.8599951326469	2073.623144673991	1	0	1	0.44338088440454176
54200.0	500.0	1873.6231446739998	0.0	0	415.2475657139148	2073.623144673991	1	0	1	0.44338088440454176
55200.0	500.0	1873.623144673996	0.0	0	460.99796670412616	2073.623144673984	1	0	1	0.4433808844045423
56200.0	500.0	1873.6231446739998	0.0	0	5.408598827016249	2073.623144673991	1	0	1	0.44338088440454176
57200.0	500.0	1873.6231446740062	0.0	0	277.8264608776735	2073.623144673991	1	0	1	0.44338088440454176
58200.0	500.0	1873.6231446740053	0.0	0	483.91471120795177	2073.623144673991	1	0	1	0.44338088440454176
59200.0	500.0	1873.6231446739982	0.0	0	536.6229687126252	2073.623144673991	1	0	1	0.44338088440454176
60200.0	500.0	1873.6231446740005	0.0	0	507.4175019050235	2073.623144673991	1	0	1	0.44338088440454176
61200.0	500.0	1873.6231446740012	0.0	0	595.0427285909464	2073.623144673991	1	0	1	0.44338088440454176
62200.0	500.0	1873.6231446740092	0.0	0	601.7442335375599	2073.623144673991	1	0	1	0.44338088440454176
63200.0	500.0	1873.6231446740105	0.0	0	330.24623327729205	2073.623144673991	1	0	1	0.44338088440454176
64200.0	500.0	1873.6231446740144	0.0	0	455.89867652951216	2073.623144673991	1	0	1	0.44338088440454176
65200.0	500.0	1873.623144674015	0.0	0	588.0013730046703	2073.623144673984	1	0	1	0.4433808844045423
66200.0	500.0	1873.6231446740173	0.0	0	459.3737171912653	2073.6231446739985	1	0	1	0.443380884404542
67200.0	1000.0	1873.6231446740278	0.0	0	254.12348111935717	2073.623144674013	1	0	1	0.4433808844045408
68200.0	1000.0	1873.6231446740385	0.0	0	34.29740228543233	2073.623144674013	1	0	1	1.1365280649644856
69200.0	1000.0	1873.6231446740342	0.0	0	397.0899351615226	2073.623144674013	1	0	1	1.1365280649644856
70235.70849498354	1000.0	1837.9146496904996	0.0	0	0.0	2073.623144674013	1	0	1	1.1365280649644856
71391.09963470005	1000.0	1682.5235099739812	0.0	0	0.0	2073.6231446739985	1	0	1	1.1365280649644867
72759.58593393624	1000.0	1314.0372107377848	0.0	0	0.0	2073.623144674013	1	0	1	1.1365280649644856
73720.05816420539	1000.0	1353.564980468629	0.0	0	0.0	2073.623144674013	1	0	1	1.1365280649644856
74700.47628118962	1000.0	1373.146863484376	0.0	0	0.0	2073.6231446739985	1	0	1	1.1365280649644858
75359.24425331937	1000.0	1714.378891354626	0.0	0	0.0	2073.6231446739985	1	0	1	1.1365280649644867
76200.0	1000.0	1873.6231446739944	0.0	0	263.02690231002634	2073.6231446739985	1	0	1	1.1365280649644867
77200.0	1000.0	1873.6231446739832	0.0	0	438.8663398675417	2073.623144673984	1	0	1	1.1365280649644878
78200.0	1000.0	1873.623144673981	0.0	0	390.122925775373	2073.623144673984	1	0	1	1.1365280649644878
79443.3897920486	1000.0	1630.2333526253824	0.0	0	0.0	2073.623144673984	1	0	1	1.1365280649644878
80389.77808190766	1000.0	1683.8450627663178	0.0	0	0.0	2073.623144673984	1	0	1	1.1365280649644878
81309.49355650699	1000.0	1764.1295881669778	0.0	0	0.0	2073.6231446739694	1	0	1	1.1365280649644889
82200.0	1000.0	1873.623144673971	0.0	0	118.1630529906979	2073.6231446739694	1	0	1	1.1365280649644889
83257.76251012142	1000.0	1815.8606345525413	0.0	0	0.0	2073.623144673955	1	0	1	1.13652806496449
84568.51491782196	1000.0	1505.1082268520079	0.0	0	0.0	2073.623144673955	1	0	1	1.13652806496449
86425.20041474678	1000.0	648.4227299271915	0.0	0	0.0	2073.623144673955	1	0	1	1.13652806496449
87755.44474185849	1000.0	353.86184877406265	35.68344595858753	0	0.0	2109.30659063255	1	0	1	0.9196742253189237
88293.2333914367	500.0	816.0731991958406	0.0	0	0.0	2109.30659063255	1	0	1	-0.2525194600494418
89049.9286419466	500.0	1059.377948685954	0.0	0	0.0	2109.30659063255	1	0	1	0.4406277205105035
90020.6120427059	500.0	1088.6945479266328	0.0	0	0.0	2109.30659063255	1	0	1	0.4406277205105035
91242.12425548775	500.0	867.1823351447844	0.0	0	0.0	2109.30659063255	1	0	1	0.4406277205105035
91794.73745523753	500.0	1314.5691353950112	0.0	0	0.0	2109.3065906325646	1	0	1	0.44062772051050225
92690.74593198871	500.0	1418.5606586438441	0.0	0	0.0	2109.306590632579	1	0	1	0.44062772051050114
93262.10464675576	500.0	1847.201943876799	0.0	0	0.0	2109.306590632579	1	0	1	0.44062772051050114
94200.0	500.0	1909.306590632541	0.0	0	609.6079238063394	2109.3065906325646	1	0	1	0.44062772051050225
95200.0	500.0	1909.306590632551	0.0	0	597.3505971084669	2109.3065906325646	1	0	1	0.44062772051050225
96200.0	500.0	1909.3065906325664	0.0	0	565.0735573049606	2109.3065906325646	1	0	1	0.44062772051050225
97200.0	500.0	1909.306590632557	0.0	0	118.77311105783156	2109.3065906325646	1	0	1	0.44062772051050225
98200.0	500.0	1909.3065906325596	0.0	0	459.73709848956787	2109.3065906325646	1	0	1	0.44062772051050225
99200.0	500.0	1909.3065906325523	0.0	0	426.570578421728	2109.3065906325646	1	0	1	0.44062772051050225
100200.0	500.0	1909.306590632551	0.0	0	331.3217719444074	2109.3065906325646	1	0	1	0.44062772051050225
101200.0	500.0	1909.3065906325337	0.0	0	305.41567955279606	2109.30659063255	1	0	1	0.4406277205105035
102200.0	500.0	1909.3065906325294	0.0	0	95.55317074130289	2109.3065906325355	1	0	1	0.4406277205105046
103200.0	500.0	1909.3065906325412	0.0	0	334.19120424540597	2109.3065906325355	1	0	1	0.4406277205105046
104200.0	500.0	1909.30659063253	0.0	0	504.7474954587087	2109.3065906325355	1	0	1	0.4406277205105046
105200.0	500.0	1909.3065906325223	0.0	0	605.728844449186	2109.3065906325355	1	0	1	0.4406277205105046
106200.0	500.0	1909.3065906325282	0.0	0	346.2184570784011	2109.30659063255	1	0	1	0.4406277205105035
107200.0	500.0	1909.3065906325292	0.0	0	233.14733757876093	2109.30659063255	1	0	1	0.4406277205105035
108200.0	500.0	1909.306590632513	0.0	0	70.09432515309891	2109.30659063255	1	0	1	0.4406277205105035
109200.0	500.0	1909.3065906325194	0.0	0	58.334923216185416	2109.3065906325646	1	0	1	0.44062772051050225
110200.0	500.0	1909.3065906325214	0.0	0	293.5907463729527	2109.3065906325646	1	0	1	0.44062772051050225
111200.0	500.0	1909.306590632535	0.0	0	548.8068463519157	2109.3065906325646	1	0	1	0.44062772051050225
112200.0	500.0	1909.3065906325423	0.0	0	276.8797625975567	2109.3065906325646	1	0	1	0.44062772051050225
113200.0	500.0	1909.3065906325248	0.0	0	328.12663589611475	2109.30659063255	1	0	1	0.4406277205105035
114200.0	500.0	1909.306590632502	0.0	0	413.7441605051281	2109.30659063255	1	0	1	0.4406277205105035
115386.34619760753	500.0	1722.9603930249682	0.0	0	0.0	2109.30659063255	1	0	1	0.4406277205105035
116332.84971433184	500.0	1776.4568763006719	0.0	0	0.0	2109.30659063255	1	0	1	0.4406277205105035
117200.0	500.0	1909.3065906325076	0.0	0	113.2359688255383	2109.3065906325355	1	0	1	0.4406277205105046
118200.0	500.0	1909.3065906324996	0.0	0	586.8669270823448	2109.3065906325355	1	0	1	0.4406277205105046
119200.0	500.0	1909.3065906324937	0.0	0	578.0595973051823	2109.3065906325355	1	0	1	0.4406277205105046
120200.0	500.0	1909.3065906325032	0.0	0	661.2500230336445	2109.3065906325355	1	0	1	0.4406277205105046
121200.0	500.0	1909.3065906325028	0.0	0	517.8176053520583	2109.3065906325355	1	0	1	0.4406277205105046
122200.0	500.0	1909.3065906324975	0.0	0	182.43549194713705	2109.306590632521	1	0	1	0.44062772051050575
123200.0	500.0	1909.3065906324725	0.0	0	15.874390137774753	2109.306590632521	1	0	1	0.44062772051050575
124200.0	500.0	1909.3065906324719	0.0	0	531.7267045022309	2109.306590632521	1	0	1	0.44062772051050575
125200.0	500.0	1909.3065906324662	0.0	0	351.02283038223686	2109.306590632521	1	0	1	0.44062772051050575
126200.0	500.0	1909.306590632461	0.0	0	478.36841008214105	2109.306590632521	1	0	1	0.44062772051050575
127200.0	500.0	1909.3065906324716	0.0	0	456.03018362134753	2109.306590632521	1	0	1	0.44062772051050575
128200.0	500.0	1909.306590632476	0.0	0	706.0315884158044	2109.306590632521	1	0	1	0.44062772051050575
129200.0	500.0	1909.3065906324705	0.0	0	658.5491624868882	2109.306590632521	1	0	1	0.44062772051050575
130200.0	500.0	1909.306590632446	0.0	0	531.1045459832239	2109.3065906325064	1	0	1	0.44062772051050686
131200.0	500.0	1909.3065906324543	0.0	0	389.4206573191186	2109.3065906325064	1	0	1	0.44062772051050686
132200.0	500.0	1909.3065906324618	0.0	0	550.4023792575463	2109.306590632521	1	0	1	0.4406277205105069
133200.0	500.0	1909.306590632471	0.0	0	334.71289170501404	2109.3065906325355	1	0	1	0.4406277205105057
134347.49532149165	1000.0	1761.8112691408205	0.0	0	0.0	2109.3065906324773	1	0	1	0.44062772051050786
135202.49847732164	1000.0	1906.8081133108494	0.0	0	0.0	2109.3065906325064	1	0	1	1.1337749010704523
136345.69345656325	1000.0	1763.6131340692307	0.0	0	0.0	2109.3065906325064	1	0	1	1.1337749010704523
137783.22512382007	1000.0	1326.081466812419	0.0	0	0.0	2109.3065906325064	1	0	1	1.1337749010704523
138557.9427336615	1000.0	1551.363856970996	0.0	0	0.0	2109.3065906325064	1	0	1	1.1337749010704523
139436.1602260964	1000.0	1673.146364536105	0.0	0	0.0	2109.3065906325064	1	0	1	1.1337749010704523
140221.2281223553	1000.0	1888.0784682771684	0.0	0	0.0	2109.3065906325064	1	0	1	1.1337749010704523
141200.0	1000.0	1909.3065906324955	0.0	0	115.88282197125955	2109.3065906325064	1	0	1	1.1337749010704523
142721.591011812	1000.0	1387.7155788204561	0.0	0	0.0	2109.3065906325355	1	0	1	1.13377490107045
143872.87306060246	1000.0	1236.433530029989	0.0	0	0.0	2109.3065906325355	1	0	1	1.13377490107045
145136.28043875555	1000.0	973.0261518768797	0.0	0	0.0	2109.3065906325355	1	0	1	1.13377490107045
146788.14278350663	1000.0	321.1638071257807	0.0	0	0.0	2109.3065906325064	1	0	1	1.1337749010704523
147796.4162730257	500.0	475.7372787375092	162.84696113079093	0	0.0	2272.1535517631855	1	0	1	-1.2434328115289108
148701.9021243745	500.0	593.1504609281565	22.89903353942738	0	0.0	2295.0525853026193	1	0	1	0.287278679821524
149721.57681825536	500.0	573.4757670473246	0.0	0	0.0	2295.0525853026484	1	0	1	0.42467288105808554
150557.90807425365	500.0	737.144511049044	0.0	0	0.0	2295.0525853026484	1	0	1	0.42467288105808554
151502.7970678907	500.0	792.2555174119595	0.0	0	0.0	2295.0525853026193	1	0	1	0.42467288105808826
152137.27534208097	500.0	1157.7772432216975	0.0	0	0.0	2295.0525853026193	1	0	1	0.42467288105808826
152711.1036366014	500.0	1583.9489487012693	0.0	0	0.0	2295.0525853026484	1	0	1	0.42467288105808554
153664.56358453495	500.0	1630.4890007676925	0.0	0	0.0	2295.0525853026484	1	0	1	0.42467288105808554
154373.37775563446	500.0	1921.6748296681815	0.0	0	0.0	2295.0525853026193	1	0	1	0.4246728810580872
155200.0	500.0	2095.0525853026325	0.0	0	297.1136856431258	2295.0525853026193	1	0	1	0.42467288105808826
156200.0	500.0	2095.052585302623	0.0	0	29.138872983894544	2295.0525853026193	1	0	1	0.42467288105808826
157200.0	500.0	2095.052585302639	0.0	0	235.53268022634438	2295.0525853026193	1	0	1	0.42467288105808826
158200.0	500.0	2095.0525853026193	0.0	0	409.2178408204927	2295.0525853026193	1	0	1	0.42467288105808826
159200.0	500.0	2095.0525853026247	0.0	0	496.3964261476067	2295.05258530259	1	0	1	0.42467288105809103
160200.0	500.0	2095.0525853026193	0.0	0	489.7440214951639	2295.05258530259	1	0	1	0.42467288105809103
161200.0	500.0	2095.0525853026165	0.0	0	528.1684127865883	2295.05258530259	1	0	1	0.42467288105809103
162200.0	500.0	2095.052585302634	0.0	0	524.9700046592916	2295.05258530259	1	0	1	0.42467288105809103
163200.0	500.0	2095.052585302621	0.0	0	575.7585836490325	2295.05258530259	1	0	1	0.42467288105809103
164200.0	500.0	2095.0525853026093	0.0	0	502.21945573727135	2295.05258530259	1	0	1	0.42467288105809103
165200.0	500.0	2095.0525853025983	0.0	0	491.5781631533464	2295.052585302561	1	0	1	0.42467288105809364
166200.0	500.0	2095.05258530259	0.0	0	578.1333637820499	2295.052585302561	1	0	1	0.42467288105809364
167200.0	500.0	2095.052585302603	0.0	0	221.63186840814888	2295.052585302561	1	0	1	0.42467288105809364
168200.0	500.0	2095.0525853026174	0.0	0	284.0781445929315	2295.05258530259	1	0	1	0.42467288105809103
169200.0	500.0	2095.0525853026056	0.0	0	560.5160920847557	2295.05258530259	1	0	1	0.42467288105809103
170200.0	500.0	2095.052585302632	0.0	0	587.8450037814619	2295.05258530259	1	0	1	0.42467288105809103
171200.0	500.0	2095.0525853025865	0.0	0	577.1324617965729	2295.05258530259	1	0	1	0.42467288105809103
172200.0	500.0	2095.052585302581	0.0	0	550.2201152647613	2295.05258530259	1	0	1	0.42467288105809103
173200.0	500.0	2095.05258530258	0.0	0	469.5602074715134	2295.05258530259	1	0	1	0.42467288105809103
174200.0	500.0	2095.052585302593	0.0	0	653.8521438575408	2295.05258530259	1	0	1	0.42467288105809103
175200.0	500.0	2095.0525853025724	0.0	0	472.1219207115355	2295.05258530259	1	0	1	0.42467288105809103
176200.0	1000.0	2095.0525853025365	0.0	0	11.904069375275867	2295.052585302561	1	0	1	0.4246728810580938
177200.0	500.0	2095.0525853025556	0.0	0	443.9879039088555	2295.052585302561	1	0	1	-0.26847429950185187
178200.0	500.0	2095.0525853025624	0.0	0	436.8718461820099	2295.052585302532	1	0	1	0.4246728810580964
179200.0	1000.0	2095.052585302583	0.0	0	498.8096411912411	2295.052585302561	1	0	1	0.4246728810580938
180200.0	1000.0	2095.0525853025856	0.0	0	424.6397327063023	2295.052585302561	1	0	1	1.1178200616180392
181200.0	1000.0	2095.0525853026143	0.0	0	532.3404376045219	2295.05258530259	1	0	1	1.1178200616180365
182200.0	1000.0	2095.0525853026284	0.0	0	46.32783098859363	2295.0525853026193	1	0	1	1.1178200616180338
183200.0	1000.0	2095.05258530267	0.0	0	52.09339021157939	2295.0525853026193	1	0	1	1.1178200616180338
184200.0	1000.0	2095.052585302674	0.0	0	206.24264500004938	2295.0525853026193	1	0	1	1.1178200616180338
185200.0	1000.0	2095.0525853026747	0.0	0	293.9658178446407	2295.0525853026193	1	0	1	1.1178200616180338
186675.7668170715	1000.0	1619.2857682311624	0.0	0	0.0	2295.05258530259	1	0	1	1.1178200616180354
188100.98076849064	1000.0	1194.0718168120243	0.0	0	0.0	2295.052585302561	1	0	1	1.1178200616180392
189413.56997665335	1000.0	881.4826086492975	0.0	0	0.0	2295.052585302561	1	0	1	1.1178200616180392
190265.90671396017	1000.0	1029.1458713424713	0.0	0	0.0	2295.052585302532	1	0	1	1.117820061618042
191001.01587366464	1000.0	1294.0367116379684	0.0	0	0.0	2295.052585302503	1	0	1	1.1178200616180447
192226.28063305613	1000.0	1068.771952246491	0.0	0	0.0	2295.052585302503	1	0	1	1.1178200616180447
192992.65615676853	500.0	1302.3964285340865	0.0	0	0.0	2295.0525853024737	1	0	1	-0.26847429950184354
193497.43866200984	500.0	1797.613923292748	0.0	0	0.0	2295.0525853024737	1	0	1	0.4246728810581019
194265.37988555923	500.0	2029.6726997433386	0.0	0	0.0	2295.0525853024737	1	0	1	0.4246728810581019
195200.0	500.0	2095.052585302583	0.0	0	9.78477772831684	2295.0525853024737	1	0	1	0.4246728810581019
196200.0	500.0	2095.0525853025774	0.0	0	431.56705070490716	2295.0525853024737	1	0	1	0.4246728810581019
197200.0	500.0	2095.0525853025893	0.0	0	465.3068171244231	2295.0525853024737	1	0	1	0.4246728810581019
198292.73330230179	500.0	2002.3192830007774	0.0	0	0.0	2295.0525853024737	1	0	1	0.4246728810581019
199200.0	500.0	2095.0525853025565	0.0	0	283.8399318217125	2295.0525853024737	1	0	1	0.4246728810581019
200200.0	500.0	2095.052585302562	0.0	0	488.5686358498351	2295.0525853024737	1	0	1	0.4246728810581019
201200.0	500.0	2095.052585302563	0.0	0	220.52088614008971	2295.0525853024737	1	0	1	0.4246728810581019
202200.0	500.0	2095.052585302554	0.0	0	569.0116070132353	2295.0525853024737	1	0	1	0.4246728810581019
203200.0	500.0	2095.052585302565	0.0	0	490.6071308912069	2295.052585302503	1	0	1	0.42467288105809914
204200.0	500.0	2095.052585302562	0.0	0	339.0652508494968	2295.052585302503	1	0	1	0.42467288105809914
205238.65005122416	500.0	2056.4025340784056	0.0	0	0.0	2295.0525853024737	1	0	1	0.4246728810581019
206200.0	500.0	2095.052585302533	0.0	0	396.95477555747493	2295.0525853024737	1	0	1	0.4246728810581019
207200.0	500.0	2095.0525853025456	0.0	0	543.4723799691128	2295.0525853024737	1	0	1	0.4246728810581019
208200.0	500.0	2095.0525853025506	0.0	0	506.68149037854164	2295.0525853024737	1	0	1	0.4246728810581019
209200.0	500.0	2095.052585302565	0.0	0	630.895176269114	2295.0525853024737	1	0	1	0.4246728810581019
210200.0	500.0	2095.05258530258	0.0	0	607.4246688097192	2295.052585302503	1	0	1	0.42467288105809914
211200.0	500.0	2095.0525853026083	0.0	0	442.6250460111187	2295.052585302503	1	0	1	0.42467288105809914
212200.0	500.0	2095.0525853026147	0.0	0	499.27824338161736	2295.052585302532	1	0	1	0.4246728810580964
213200.0	500.0	2095.052585302611	0.0	0	314.0178376994736	2295.052585302532	1	0	1	0.4246728810580964
214200.0	500.0	2095.0525853026493	0.0	0	324.2008098302467	2295.052585302532	1	0	1	0.4246728810580964
215200.0	500.0	2095.052585302632	0.0	0	640.2271364765766	2295.052585302532	1	0	1	0.4246728810580964
216200.0	1000.0	2095.0525853026475	0.0	0	197.4000367700064	2295.052585302532	1	0	1	0.4246728810580966
217200.0	1000.0	2095.052585302635	0.0	0	4.906950793316355	2295.052585302532	1	0	1	1.117820061618042
218200.0	1000.0	2095.052585302631	0.0	0	238.60791651031468	2295.052585302532	1	0	1	1.117820061618042
219290.29944102096	1000.0	2004.7531442816537	0.0	0	0.0	2295.052585302503	1	0	1	1.1178200616180425
220206.5306472723	1000.0	2088.5219380303106	0.0	0	0.0	2295.0525853024737	1	0	1	1.1178200616180474
221521.07711151085	1000.0	1773.975473791776	0.0	0	0.0	2295.052585302503	1	0	1	1.1178200616180447
223071.77255617466	1000.0	1223.2800291279646	0.0	0	0.0	2295.0525853024737	1	0	1	1.1178200616180474
224218.28822534118	1000.0	1076.7643599614557	0.0	0	0.0	2295.0525853024737	1	0	1	1.1178200616180474
225029.73270556366	1000.0	1265.319879738955	0.0	0	0.0	2295.0525853024737	1	0	1	1.1178200616180474
225710.1110431134	1000.0	1584.941542189245	0.0	0	0.0	2295.0525853024737	1	0	1	1.1178200616180474
226307.2334635125	1000.0	1987.8191217901676	0.0	0	0.0	2295.0525853024737	1	0	1	1.1178200616180474
227332.62466492492	1000.0	1962.4279203777605	0.0	0	0.0	2295.0525853024737	1	0	1	1.1178200616180474
228472.23647454413	1000.0	1822.8161107585288	0.0	0	0.0	2295.0525853024737	1	0	1	1.1178200616180474
229809.3511269839	1000.0	1485.701458318741	0.0	0	0.0	2295.0525853024737	1	0	1	1.1178200616180474
230682.86960098852	1000.0	1612.1829843141243	0.0	0	0.0	2295.052585302503	1	0	1	1.1178200616180447
231507.850512872	1000.0	1787.2020724306442	0.0	0	0.0	2295.052585302503	1	0	1	1.1178200616180447
232648.95475480272	1000.0	1646.097830499953	0.0	0	0.0	2295.052585302532	1	0	1	1.1178200616180427
233716.8305092698	1000.0	1578.2220760328523	0.0	0	0.0	2295.052585302532	1	0	1	1.117820061618042
235635.2325326563	1000.0	659.8200526463637	0.0	0	0.0	2295.052585302532	1	0	1	1.117820061618042
236588.49057902303	1000.0	706.5620062796211	0.0	0	0.0	2295.052585302532	1	0	1	1.117820061618042
237057.44497818957	500.0	1237.607607113082	0.0	0	0.0	2295.052585302532	1	0	1	-0.2684742995018491
238013.31199781713	500.0	1281.7405874855292	0.0	0	0.0	2295.052585302532	1	0	1	0.4246728810580964
238883.14778933095	500.0	1411.9047959716663	0.0	0	0.0	2295.052585302532	1	0	1	0.4246728810580964
240188.6349846337	500.0	1106.417600668915	0.0	0	0.0	2295.052585302532	1	0	1	0.4246728810580964
240804.17265394193	500.0	1490.8799313606971	0.0	0	0.0	2295.052585302532	1	0	1	0.4246728810580964
241323.7498265368	500.0	1971.302758765822	0.0	0	0.0	2295.052585302561	1	0	1	0.42467288105809364
242200.0	500.0	2095.052585302644	0.0	0	164.70657126576407	2295.052585302561	1	0	1	0.42467288105809364
243200.0	500.0	2095.0525853026784	0.0	0	709.3461534884409	2295.052585302561	1	0	1	0.42467288105809364
244200.0	500.0	2095.052585302684	0.0	0	683.6706505972543	2295.052585302561	1	0	1	0.42467288105809364
245200.0	500.0	2095.0525853026575	0.0	0	457.16356541222194	2295.052585302561	1	0	1	0.42467288105809364
246200.0	500.0	2095.0525853026284	0.0	0	406.5650027722295	2295.052585302561	1	0	1	0.42467288105809364
247200.0	500.0	2095.052585302622	0.0	0	462.8678714095149	2295.052585302561	1	0	1	0.42467288105809364
248200.0	500.0	2095.0525853026093	0.0	0	381.6548731648363	2295.052585302561	1	0	1	0.42467288105809364
249200.0	500.0	2095.052585302634	0.0	0	410.6540018891683	2295.052585302561	1	0	1	0.42467288105809364
250200.0	500.0	2095.0525853026393	0.0	0	385.04749904284836	2295.052585302532	1	0	1	0.4246728810580964
251200.0	500.0	2095.052585302602	0.0	0	363.3863606695377	2295.052585302503	1	0	1	0.42467288105809914
252200.0	500.0	2095.0525853026043	0.0	0	442.9654676914215	2295.052585302532	1	0	1	0.4246728810580964
253200.0	500.0	2095.052585302614	0.0	0	326.2725612137583	2295.052585302532	1	0	1	0.4246728810580964
254200.0	500.0	2095.052585302628	0.0	0	460.3261371048866	2295.052585302532	1	0	1	0.4246728810580964
255200.0	500.0	2095.052585302611	0.0	0	276.3226377829269	2295.052585302532	1	0	1	0.4246728810580964
256200.0	500.0	2095.0525853026074	0.0	0	359.68045327282744	2295.052585302532	1	0	1	0.4246728810580964
257200.0	500.0	2095.052585302594	0.0	0	383.44164891092805	2295.052585302532	1	0	1	0.4246728810580964
258200.0	500.0	2095.0525853026074	0.0	0	261.91476995361154	2295.052585302532	1	0	1	0.4246728810580964
259200.0	500.0	2095.0525853026156	0.0	0	231.41362728909007	2295.052585302532	1	0	1	0.4246728810580964
260200.0	500.0	2095.052585302637	0.0	0	491.677912084735	2295.052585302561	1	0	1	0.42467288105809364
261200.0	500.0	2095.052585302643	0.0	0	241.88927155124838	2295.05258530259	1	0	1	0.42467288105809103
262200.0	500.0	2095.05258530261	0.0	0	437.25721981498646	2295.05258530259	1	0	1	0.42467288105809103
263200.0	500.0	2095.052585302624	0.0	0	324.79824186401675	2295.0525853026484	1	0	1	0.42467288105808715
264200.0	500.0	2095.052585302579	0.0	0	192.40798830572749	2295.05258530259	1	0	1	0.4246728810580872
265373.0256812746	500.0	1922.0269040279616	0.0	0	0.0	2295.0525853026193	1	0	1	0.42467288105808826
266200.0	500.0	2095.0525853025383	0.0	0	71.93738914903952	2295.0525853026193	1	0	1	0.42467288105808826
267200.0	500.0	2095.0525853025297	0.0	0	476.7992811561562	2295.0525853026193	1	0	1	0.42467288105808826
268200.0	500.0	2095.0525853024974	0.0	0	612.8462097135489	2295.0525853026193	1	0	1	0.42467288105808826
269200.0	500.0	2095.0525853024346	0.0	0	681.1132114966749	2295.0525853026193	1	0	1	0.42467288105808826
270200.0	500.0	2095.0525853023846	0.0	0	466.2394470795407	2295.0525853026193	1	0	1	0.42467288105808826
271264.8538907543	500.0	2030.1986945481851	0.0	0	0.0	2295.0525853026193	1	0	1	0.42467288105808826
272200.0	500.0	2095.0525853025283	0.0	0	246.12775412685005	2295.0525853026193	1	0	1	0.42467288105808826
273200.0	500.0	2095.052585302451	0.0	0	462.9567578542046	2295.0525853026193	1	0	1	0.42467288105808826
274200.0	500.0	2095.0525853024474	0.0	0	383.01878689671867	2295.0525853026193	1	0	1	0.42467288105808826
275200.0	500.0	2095.0525853023964	0.0	0	644.3138630508911	2295.052585302561	1	0	1	0.42467288105809364
276200.0	500.0	2095.052585302421	0.0	0	559.7948840504396	2295.0525853026193	1	0	1	0.42467288105808826
277200.0	500.0	2095.0525853023805	0.0	0	706.181509226677	2295.0525853026193	1	0	1	0.42467288105808826
278200.0	500.0	2095.0525853023864	0.0	0	605.2245806781575	2295.0525853026193	1	0	1	0.42467288105808826
279200.0	500.0	2095.0525853024164	0.0	0	698.3282564049587	2295.0525853026193	1	0	1	0.42467288105808826
280200.0	500.0	2095.0525853023955	0.0	0	320.68386585399276	2295.0525853026193	1	0	1	0.42467288105808826
281200.0	500.0	2095.0525853024046	0.0	0	406.83363476995146	2295.0525853026193	1	0	1	0.42467288105808826
282200.0	500.0	2095.052585302403	0.0	0	344.91100106883096	2295.0525853026193	1	0	1	0.42467288105808826
283454.1662156084	1000.0	1840.8863696939657	0.0	0	0.0	2295.052585302561	1	0	1	0.42467288105809164
284200.0	1000.0	2095.052585302307	0.0	0	99.26376238861121	2295.052585302561	1	0	1	1.1178200616180392
285200.0	1000.0	2095.0525853023546	0.0	0	232.9339246150921	2295.052585302561	1	0	1	1.1178200616180392
286504.0517764544	1000.0	1791.0008088479747	0.0	0	0.0	2295.052585302561	1	0	1	1.1178200616180392
287473.8104683952	1000.0	1821.2421169072309	0.0	0	0.0	2295.0525853026775	1	0	1	1.1178200616180305
288213.9952097883	1000.0	2081.057375514056	0.0	0	0.0	2295.0525853026775	1	0	1	1.1178200616180283
289408.17612053157	1000.0	1886.8764647707542	0.0	0	0.0	2295.0525853026193	1	0	1	1.1178200616180338
290453.6973981251	1000.0	1841.355187177292	0.0	0	0.0	2295.0525853026775	1	0	1	1.1178200616180316
291702.2596409772	1000.0	1592.7929443251508	0.0	0	0.0	2295.0525853026775	1	0	1	1.1178200616180283
293036.093877684	1000.0	1258.95870761836	0.0	0	0.0	2295.0525853026775	1	0	1	1.1178200616180283
294422.39473611047	1000.0	872.6578491918749	0.0	0	0.0	2295.0525853026775	1	0	1	1.1178200616180283
295442.63138512644	500.0	852.4212001758816	0.0	0	0.0	2295.052585302561	1	0	1	-0.26847429950185386
296258.7051841063	500.0	1036.3474011959993	0.0	0	0.0	2295.052585302503	1	0	1	0.42467288105809475
297264.79646166624	500.0	1030.2561236361075	0.0	0	0.0	2295.052585302561	1	0	1	0.4246728810580981
298028.04096763616	500.0	1267.011617666192	0.0	0	0.0	2295.052585302503	1	0	1	0.42467288105809914
299043.0457721358	500.0	1252.0068131665855	0.0	0	0.0	2295.052585302503	1	0	1	0.42467288105809914
299883.3733063758	500.0	1411.67927892653	0.0	0	0.0	2295.052585302503	1	0	1	0.42467288105809914
300735.09716648277	500.0	1559.9554188195973	0.0	0	0.0	2295.052585302503	1	0	1	0.42467288105809914
0.58	0.87	0.63	0.67	0.76	0.81	1.03	0.88	1.32	1.09	1.11	0.81	1.14	0.86	0.9	1.07	1.11	1.24	1.24	0.85	1.24	1.18	0.8	1.01	1.26	1.74	2.19	2.21	1.41	1.1	1.3	1.08	0.88	0.87	0.82	1.07	0.95	1.09	0.57	0.9	0.92	0.71	0.9	1.2	0.58	0.74	0.78	0.88	0.95	1.03	1.0	0.63	0.94	0.96	1.12	1.05	1.08	1.29	1.03	1.03	1.0	1.16	1.26	0.89	1.61	1.14	1.2	0.81	0.86	0.87	1.21	1.52	2.05	1.34	1.12	0.81	0.96	1.22	0.92	1.11	0.8	0.52	0.78	0.85	0.68	0.65	0.5	0.81	0.76	1.7	1.32	1.18	0.66	0.73	0.85	0.93	0.86	0.78	1.01	1.0	1.03	0.93	0.8	0.69	0.7	0.89	0.86	0.87	0.95	0.9	0.61	0.37	0.72	1.24	1.19	1.33	1.12	0.66	0.59	0.9	0.74	1.27	1.29	1.51	1.81	1.51	0.98	1.04	1.03	0.9	1.2	0.97	0.8	1.12	1.2	1.05	1.24	0.97	0.8	0.92	1.0	0.57	0.66	0.56	0.72	0.6	0.64	0.64	0.75	0.75	0.58	0.87	0.63	0.67	0.76	0.81	1.03	0.88	1.32	1.09	1.11	0.81	1.14	0.86	0.9	1.07	1.11	1.24	1.24	0.85	1.24	1.18	0.8	1.01	1.26	1.74	2.19	2.21	1.41	1.1	1.3	1.08	0.88	0.87	0.82	1.07	0.95	1.09	0.57	0.9	0.92	0.71	0.9	1.2	0.58	0.74	0.78	0.88	0.95	1.03	1.0	0.63	0.94	0.96	1.12	1.05	1.08	1.29	1.03	1.03	1.0	1.16	1.26	0.89	1.61	1.14	1.2	0.81	0.86	0.87	1.21	1.52	2.05	1.34	1.12	0.81	0.96	1.22	0.92	1.11	0.8	0.52	0.78	0.85	0.68	0.65	0.5	0.81	0.76	1.7	1.32	1.18	0.66	0.73	0.85	0.93	0.86	0.78	1.01	1.0	1.03	0.93	0.8	0.69	0.7	0.89	0.86	0.87	0.95	0.9	0.61	0.37	0.72	1.24	1.19	1.33	1.12	0.66	0.59	0.9	0.74	1.27	1.29	1.51	1.81	1.51	0.98	1.04	1.03	0.9	1.2	0.97	0.8	1.12	1.2	1.05	1.24	0.97	0.8	0.92	1.0	0.57	0.66	0.56	0.72	0.6	0.64	0.64	0.75	0.75	0.58
1.0	2.0	3.0	4.0	5.0	6.0	7.0	8.0	9.0	10.0	11.0	12.0	13.0	14.0	15.0	16.0	17.0	18.0	19.0	20.0	21.0	22.0	23.0	24.0	25.0	26.0	27.0	28.0	29.0	30.0	31.0	32.0	33.0	34.0	35.0	36.0	37.0	38.0	39.0	40.0	41.0	42.0	43.0	44.0	45.0	46.0	47.0	48.0	49.0	50.0	51.0	52.0	53.0	54.0	55.0	56.0	57.0	58.0	59.0	60.0	61.0	62.0	63.0	64.0	65.0	66.0	67.0	68.0	69.0	70.0	71.0	72.0	73.0	74.0	75.0	76.0	77.0	78.0	79.0	80.0	81.0	82.0	83.0	84.0	85.0	86.0	87.0	88.0	89.0	90.0	91.0	92.0	93.0	94.0	95.0	96.0	97.0	98.0	99.0	100.0	101.0	102.0	103.0	104.0	105.0	106.0	107.0	108.0	109.0	110.0	111.0	112.0	113.0	114.0	115.0	116.0	117.0	118.0	119.0	120.0	121.0	122.0	123.0	124.0	125.0	126.0	127.0	128.0	129.0	130.0	131.0	132.0	133.0	134.0	135.0	136.0	137.0	138.0	139.0	140.0	141.0	142.0	143.0	144.0	145.0	146.0	147.0	148.0	149.0	149.0	150.0	151.0	152.0	153.0	154.0	155.0	156.0	157.0	158.0	159.0	160.0	161.0	162.0	163.0	164.0	165.0	166.0	167.0	168.0	169.0	170.0	171.0	172.0	173.0	174.0	175.0	176.0	177.0	178.0	179.0	180.0	181.0	182.0	183.0	184.0	185.0	186.0	187.0	188.0	189.0	190.0	191.0	192.0	193.0	194.0	195.0	196.0	197.0	198.0	199.0	200.0	201.0	202.0	203.0	204.0	205.0	206.0	207.0	208.0	209.0	210.0	211.0	212.0	213.0	214.0	215.0	216.0	217.0	218.0	219.0	220.0	221.0	222.0	223.0	224.0	225.0	226.0	227.0	228.0	229.0	230.0	231.0	232.0	233.0	234.0	235.0	236.0	237.0	238.0	239.0	240.0	241.0	242.0	243.0	244.0	245.0	246.0	247.0	248.0	249.0	250.0	251.0	252.0	253.0	254.0	255.0	256.0	257.0	258.0	259.0	260.0	261.0	262.0	263.0	264.0	265.0	266.0	267.0	268.0	269.0	270.0	271.0	272.0	273.0	274.0	275.0	276.0	277.0	278.0	279.0	280.0	281.0	282.0	283.0	284.0	285.0	286.0	287.0	288.0	289.0	290.0	291.0	292.0	293.0	294.0	295.0	296.0	297.0	298.0	298.0	299.0
4181.901314774395
