6050.072854748761	300.0	2000.0	333.6948036309441	0	0.0	6050.072854748761	1	0	1	-3.958380838735934
6290.784991893092	300.0	2759.2878628556687	0.0	0	0.0	6050.0728547487615	1	0	1	-2.0401719024774874
6556.690849075111	300.0	3493.3820056736495	0.0	0	0.0	6050.0728547487615	1	0	1	-2.0401719024774874
6866.299664306075	500.0	4152.812308919589	0.0	0	0.0	6019.111973225665	1	0	2	-2.4167928867304527
7124.3933900227985	300.0	4868.909210631195	0.0	0	0.0	5993.302600653993	1	0	2	-2.6997732848264393
7442.440137726692	500.0	5519.057788156912	0.0	0	0.0	5961.497925883604	1	0	2	-2.1582378343363544
8200.0	1000.0	5685.741939656272	0.0	0	297.5538638141652	5885.741939656272	1	0	2	-1.596931281581869
9200.0	500.0	5585.74193965627	0.0	0	757.9703054521051	5785.741939656271	1	0	2	-2.19864712045458
10200.0	1000.0	5485.741939656272	0.0	0	511.47887352103317	5685.741939656272	1	0	2	-1.4058894293806907
11200.0	2000.0	5385.741939656271	0.0	0	77.7774666478108	5585.741939656271	1	0	2	-0.6085460586365561
12954.270775672028	3000.0	4456.044086417039	0.0	0	0.0	5410.314862089067	1	0	2	0.23316418771164726
15506.768743305809	3000.0	2648.2963220198812	0.0	0	0.0	5155.065065325689	1	0	2	0.8590352134584519
17448.440654067774	3000.0	1512.4572201817227	0.0	0	0.0	4960.897874249496	1	0	2	1.0268432877698057
19465.229769746795	3000.0	293.98919293479764	0.0	0	0.0	4759.218962681591	1	0	2	1.1780836689290974
20428.133319884324	1000.0	423.89407696799395	171.90799016770939	0	0.0	4852.027396852316	1	0	2	-2.098826700065193
20971.819221874204	1000.0	825.8395847791261	0.0	0	0.0	4797.658806653328	1	0	2	0.08045675021944029
21800.561641348424	1000.0	914.2229233574875	0.0	0	0.0	4714.784564705911	1	0	2	0.1291857893718564
22736.87920303738	1000.0	884.2736054996365	0.0	0	0.0	4621.1528085370155	1	0	2	0.1973327349601201
23723.0087521657	1000.0	799.5311014584855	0.0	0	0.0	4522.539853624181	1	0	2	0.25482372023070854
24485.236316217277	1000.0	961.0807810017541	0.0	0	0.0	4446.317097219031	1	0	2	0.3039379300386177
25332.96343837682	1000.0	1113.353658842212	0.0	0	0.0	4446.317097219031	1	0	1	0.3156433811881497
26346.21268822295	1000.0	998.7794840114711	0.0	0	0.0	4344.992172234419	1	0	2	0.1586828252043291
27251.05629039184	1000.0	1003.4515216256893	0.0	0	0.0	4254.507812017528	1	0	2	0.4075252248583246
27845.406649056946	1000.0	1349.6661270940745	0.0	0	0.0	4195.072776151021	1	0	2	0.4420796976956751
28495.41195225518	1000.0	1634.6602935760125	0.0	0	0.0	4130.0722458311975	1	0	2	0.47156484851282415
29380.772913987377	1000.0	1660.7632356705985	0.0	0	0.0	4041.5361496579753	1	0	2	0.5093394770609798
29856.902881614107	1000.0	2137.020271281197	0.0	0	0.0	3993.923152895306	1	0	2	0.5347583651716955
30507.366545900622	1000.0	2421.510240566034	0.0	0	0.0	3928.876786466655	1	0	2	0.5591140451198573
31181.705719450067	1000.0	2679.7371496616406	0.0	0	0.0	3861.4428691117027	1	0	2	0.5857512147187511
31929.07790341036	1000.0	2857.627747305313	0.0	0	0.0	3786.705650715674	1	0	2	0.6123750884740884
32612.67331899773	1000.0	3105.6727901592126	0.0	0	0.0	3718.3461091569443	1	0	2	0.6379458422589723
33229.044446792126	1000.0	3427.664549585385	0.0	0	0.0	3656.7089963775143	1	0	2	0.6583781508655531
34200.0	1000.0	3359.6134410567247	0.0	0	324.59811121253733	3559.6134410567247	1	0	2	0.6818975146473205
35200.0	1000.0	3259.613441056724	0.0	0	173.11912676135398	3459.6134410567247	1	0	2	0.7124084192901408
36200.0	1000.0	3159.6134410567247	0.0	0	208.81702363748627	3359.6134410567247	1	0	2	0.7391429371159723
37200.0	1000.0	3159.6134410567274	0.0	0	472.5825350365558	3359.613441056732	1	0	1	0.747527270199269
38200.0	1000.0	3159.6134410567233	0.0	0	347.8267077111159	3359.613441056732	1	0	1	0.9475272701992692
39200.0	1000.0	3159.6134410567283	0.0	0	582.339929614609	3359.613441056732	1	0	1	0.9475272701992692
40200.0	1000.0	3159.6134410567347	0.0	0	376.428795809712	3359.613441056732	1	0	1	0.9475272701992692
41200.0	1000.0	3159.613441056737	0.0	0	509.02342312232213	3359.6134410567392	1	0	1	0.9475272701992674
42200.0	1000.0	3059.613441056732	0.0	0	504.0286272519079	3259.6134410567392	1	0	2	0.5621321647483405
43200.0	1000.0	2959.613441056737	0.0	0	456.79868582745985	3159.6134410567392	1	0	2	0.7849353632554993
44200.0	1000.0	2859.6134410567447	0.0	0	468.8202017273434	3059.6134410567465	1	0	2	0.8055160275167399
45200.0	1000.0	2759.6134410567533	0.0	0	389.2445838710919	2959.6134410567684	1	0	2	0.8245262556106658
46200.0	1000.0	2759.6134410567533	0.0	0	493.2548399946172	2959.6134410567684	1	0	1	0.8313259670569784
47200.0	1000.0	2759.6134410567515	0.0	0	469.42861909363273	2959.6134410567684	1	0	1	1.0313259670569785
48200.0	1000.0	2659.6134410567506	0.0	0	169.86518669978977	2859.6134410567684	1	0	2	0.6422904653002439
49200.0	1000.0	2659.61344105675	0.0	0	136.44603495539195	2859.6134410567756	1	0	1	0.8479762963649116
50200.0	1000.0	2659.6134410567474	0.0	0	471.3674254206344	2859.6134410567684	1	0	1	1.0479762963649129
51200.0	1000.0	2659.613441056748	0.0	0	453.6834867627549	2859.6134410567684	1	0	1	1.0479762963649129
52200.0	1000.0	2659.6134410567443	0.0	0	477.30655365446	2859.6134410567684	1	0	1	1.0479762963649129
53200.0	1000.0	2559.613441056741	0.0	0	317.5297283242471	2759.6134410567684	1	0	2	0.6576721597736082
54200.0	1000.0	2459.613441056733	0.0	0	195.12483583039284	2659.613441056754	1	0	2	0.8723091264129749
55200.0	1000.0	2459.6134410567347	0.0	0	294.7638709035309	2659.613441056754	1	0	1	0.8770177645038457
56200.0	1000.0	2459.6134410567283	0.0	0	401.4104444547702	2659.613441056754	1	0	1	1.077017764503846
57200.0	1000.0	2459.6134410567292	0.0	0	532.289819737387	2659.613441056754	1	0	1	1.077017764503846
58200.0	1000.0	2459.6134410567256	0.0	0	544.5534782913164	2659.613441056754	1	0	1	1.077017764503846
59200.0	1000.0	2459.613441056721	0.0	0	456.82683491002535	2659.613441056754	1	0	1	1.077017764503846
60200.0	1000.0	2459.6134410567242	0.0	0	516.1552493394338	2659.613441056754	1	0	1	1.077017764503846
61200.0	1000.0	2459.6134410567233	0.0	0	517.7448194121098	2659.613441056754	1	0	1	1.077017764503846
62200.0	1000.0	2459.613441056719	0.0	0	583.5148264414747	2659.613441056754	1	0	1	1.077017764503846
63249.72784890359	1000.0	2409.8855921531313	0.0	0	0.0	2659.613441056754	1	0	1	1.077017764503846
64610.10709747507	1000.0	2049.5063435816487	0.0	0	0.0	2659.6134410567465	1	0	1	1.0770177645038468
65403.441070590685	1000.0	2256.1723704660326	0.0	0	0.0	2659.6134410567392	1	0	1	1.077017764503848
66200.0	1000.0	2459.6134410567265	0.0	0	134.94157716116752	2659.6134410567465	1	0	1	1.077017764503847
67200.0	1000.0	2459.6134410567324	0.0	0	405.50057818809	2659.613441056754	1	0	1	1.0770177645038463
68200.0	1000.0	2459.6134410567474	0.0	0	83.28751506844128	2659.613441056761	1	0	1	1.0770177645038461
69200.0	1000.0	2459.6134410567383	0.0	0	206.35695048050547	2659.6134410567756	1	0	1	1.077017764503843
70200.0	1000.0	2459.61344105673	0.0	0	284.0342421322275	2659.6134410567756	1	0	1	1.077017764503843
71200.0	1000.0	2459.6134410567315	0.0	0	432.00179808937537	2659.61344105679	1	0	1	1.0770177645038412
72200.0	1000.0	2459.6134410567347	0.0	0	614.333486217467	2659.61344105679	1	0	1	1.0770177645038412
73200.0	1000.0	2459.6134410567456	0.0	0	594.4053391047346	2659.61344105679	1	0	1	1.0770177645038412
74200.0	1000.0	2459.6134410567433	0.0	0	547.3743421862018	2659.61344105679	1	0	1	1.0770177645038412
75200.0	1000.0	2459.6134410567447	0.0	0	411.4504727560852	2659.61344105679	1	0	1	1.0770177645038412
76200.0	1000.0	2459.6134410567524	0.0	0	520.7428963899874	2659.61344105679	1	0	1	1.0770177645038412
77200.0	1000.0	2459.6134410567615	0.0	0	526.3318680930824	2659.61344105679	1	0	1	1.0770177645038412
78200.0	1000.0	2459.613441056757	0.0	0	108.92116993226227	2659.6134410568047	1	0	1	1.0770177645038408
79200.0	1000.0	2459.6134410567606	0.0	0	157.88106278741907	2659.61344105679	1	0	1	1.0770177645038412
80200.0	1000.0	2459.613441056762	0.0	0	375.7689152196981	2659.61344105679	1	0	1	1.0770177645038412
81200.0	1000.0	2459.613441056744	0.0	0	467.50451161473757	2659.61344105679	1	0	1	1.0770177645038412
82200.0	1000.0	2459.613441056742	0.0	0	535.6108008951705	2659.61344105679	1	0	1	1.0770177645038412
83200.0	1000.0	2359.613441056742	0.0	0	606.0113665261597	2559.613441056761	1	0	2	0.6846901934645734
84200.0	1000.0	2359.6134410567515	0.0	0	669.3399900921504	2559.613441056761	1	0	1	0.8896358985736956
85200.0	1000.0	2359.6134410567483	0.0	0	292.1699580034183	2559.6134410567465	1	0	1	1.0896358985736976
86200.0	1000.0	2359.6134410567506	0.0	0	483.2192764293868	2559.6134410567465	1	0	1	1.0896358985736976
87200.0	1000.0	2359.6134410567483	0.0	0	463.49748000137333	2559.6134410567465	1	0	1	1.0896358985736976
88200.0	1000.0	2359.613441056758	0.0	0	435.1814462034672	2559.6134410567465	1	0	1	1.0896358985736976
89329.34495127629	1000.0	2230.2684897804593	0.0	0	0.0	2559.6134410567465	1	0	1	1.0896358985736976
90200.0	1000.0	2359.613441056742	0.0	0	7.449536729342071	2559.6134410567465	1	0	1	1.0896358985736976
91200.0	1000.0	2359.6134410567383	0.0	0	312.940482113132	2559.6134410567465	1	0	1	1.0896358985736976
92200.0	1000.0	2359.613441056721	0.0	0	72.78945855786151	2559.6134410567465	1	0	1	1.0896358985736976
93200.0	1000.0	2359.6134410567206	0.0	0	89.03037146027782	2559.6134410567465	1	0	1	1.0896358985736976
94200.0	1000.0	2359.613441056722	0.0	0	471.10749030308216	2559.6134410567465	1	0	1	1.0896358985736976
95200.0	1000.0	2359.6134410567133	0.0	0	547.3877441183431	2559.6134410567465	1	0	1	1.0896358985736976
96200.0	1000.0	2359.6134410567183	0.0	0	605.1833714740496	2559.6134410567465	1	0	1	1.0896358985736976
97200.0	1000.0	2259.6134410567406	0.0	0	665.1657237325999	2459.6134410567756	1	0	2	0.6966155164509638
98200.0	1000.0	2259.6134410567397	0.0	0	606.1302936555439	2459.613441056761	1	0	1	0.9011245046910592
99200.0	1000.0	2259.6134410567215	0.0	0	631.2718797581329	2459.613441056761	1	0	1	1.1011245046910594
100200.0	1000.0	2259.61344105674	0.0	0	148.2295191213343	2459.6134410567756	1	0	1	1.1011245046910576
101505.07483836853	1000.0	1954.53860268821	0.0	0	0.0	2459.61344105679	1	0	1	1.101124504691056
102200.0	1000.0	2259.613441056747	0.0	0	28.669233575230464	2459.61344105679	1	0	1	1.101124504691056
103200.0	1000.0	2259.613441056736	0.0	0	448.7918073037872	2459.61344105679	1	0	1	1.101124504691056
104200.0	1000.0	2259.613441056743	0.0	0	218.23720098295598	2459.61344105679	1	0	1	1.101124504691056
105391.4699893969	1000.0	2068.1434516598447	0.0	0	0.0	2459.61344105679	1	0	1	1.101124504691056
106423.50788493438	1000.0	2036.1055561223604	0.0	0	0.0	2459.6134410568047	1	0	1	1.1011245046910545
107303.73862173608	1000.0	2155.874819320662	0.0	0	0.0	2459.6134410568047	1	0	1	1.1011245046910545
108200.0	1000.0	2259.613441056735	0.0	0	69.71386798589083	2459.61344105679	1	0	1	1.101124504691056
109746.726863066	1000.0	1712.8865779907374	0.0	0	0.0	2459.61344105679	1	0	1	1.101124504691056
110792.90799325978	1000.0	1666.7054477969527	0.0	0	0.0	2459.6134410568047	1	0	1	1.1011245046910545
111473.4713008263	1000.0	1986.142140230436	0.0	0	0.0	2459.6134410568047	1	0	1	1.1011245046910545
112200.0	1000.0	2259.613441056751	0.0	0	260.22087229373574	2459.6134410568193	1	0	1	1.101124504691053
113200.0	1000.0	2259.613441056757	0.0	0	559.0920392988337	2459.6134410568193	1	0	1	1.101124504691053
114200.0	1000.0	2259.613441056766	0.0	0	573.7008498575015	2459.6134410568193	1	0	1	1.101124504691053
115663.42747642627	1000.0	1796.1859646304922	0.0	0	0.0	2459.6134410568047	1	0	1	1.1011245046910545
116333.46532474003	1000.0	2126.148116316728	0.0	0	0.0	2459.6134410568047	1	0	1	1.1011245046910545
117200.0	1000.0	2259.613441056755	0.0	0	300.7118939867796	2459.6134410568047	1	0	1	1.1011245046910545
118200.0	1000.0	2259.6134410567474	0.0	0	390.1651031782385	2459.6134410568047	1	0	1	1.1011245046910545
119200.0	1000.0	2259.6134410567493	0.0	0	565.423586240111	2459.6134410568047	1	0	1	1.1011245046910545
120200.0	1000.0	2259.613441056755	0.0	0	445.68928317744576	2459.6134410568047	1	0	1	1.1011245046910545
121200.0	1000.0	2259.6134410567665	0.0	0	496.65475039256853	2459.6134410568193	1	0	1	1.101124504691053
122200.0	1000.0	2259.613441056751	0.0	0	638.9187089679617	2459.6134410568193	1	0	1	1.101124504691053
123200.0	1000.0	2259.613441056736	0.0	0	643.8802903858013	2459.6134410568047	1	0	1	1.1011245046910545
124200.0	1000.0	2259.6134410567447	0.0	0	382.89012957974046	2459.6134410568047	1	0	1	1.1011245046910545
125200.0	1000.0	2259.6134410567483	0.0	0	642.3581280746585	2459.6134410568047	1	0	1	1.1011245046910545
126200.0	1000.0	2259.6134410567506	0.0	0	643.2952303206548	2459.6134410568047	1	0	1	1.1011245046910545
127200.0	1000.0	2259.6134410567447	0.0	0	579.8562149677455	2459.6134410568047	1	0	1	1.1011245046910545
129228.34942313287	2000.0	1028.429075610589	0.0	0	0.0	2256.7784987435007	1	0	2	0.7160446817927226
130879.10531774382	2000.0	377.67318099963177	0.0	0	0.0	2256.7784987435007	1	0	1	1.6144903324252147
131765.74854661056	2000.0	530.6166920567192	39.58673992385104	0	0.0	2296.365238667335	1	0	1	1.573323681327363
132985.27573796417	2000.0	382.1080734357098	71.01857273258061	0	0.0	2367.3838113998936	1	0	1	1.3778370955317556
134920.85009716533	2000.0	200.0	753.4662857654492	0	0.0	3120.8500971653266	1	0	1	-2.764996106198528
136548.08335029226	1000.0	312.1582836073864	739.391536734286	0	0.0	3860.2416338996554	1	0	1	-4.329112589837821
137510.09986696867	1000.0	557.1497771546697	207.00801022368023	0	0.0	4067.249644123367	1	0	1	-0.5339706432690985
138219.07016867131	1000.0	777.2824452817372	0.0	0	0.0	3996.3526139530877	1	0	2	0.33120268863030516
138902.86230054588	1000.0	1025.111100219723	0.0	0	0.0	3927.9734007656225	1	0	2	0.5595774677257748
139469.52601586925	1000.0	1401.7810133639994	0.0	0	0.0	3871.307029233256	1	0	2	0.5828095698505773
140316.61962740216	1000.0	1469.9780406777672	0.0	0	0.0	3786.5976680799504	1	0	2	0.6120947546011299
140722.07515360654	1000.0	2023.976961852985	0.0	0	0.0	3746.052115459519	1	0	2	0.6304815832406889
141329.92785479594	1000.0	2355.3389905446384	0.0	0	0.0	3685.2668453405495	1	0	2	0.6492877662771985
141688.29528952678	1000.0	2961.1348123407233	0.0	0	0.0	3649.4301018675033	1	0	2	0.663021035036799
142200.0	1000.0	3398.259630820154	0.0	0	193.614871828584	3598.259630820132	1	0	2	0.6746311277163929
143200.0	1000.0	3298.259630820178	0.0	0	602.9383445986896	3498.259630820161	1	0	2	0.6995217032066132
144200.0	1000.0	3198.2596308201814	0.0	0	516.6875367358443	3398.259630820219	1	0	2	0.7274283930184325
145200.0	1000.0	3198.259630820184	0.0	0	549.6190988618764	3398.259630820219	1	0	1	0.7377573085612216
146200.0	1000.0	3198.2596308202133	0.0	0	552.6559214685112	3398.2596308202483	1	0	1	0.9377573085612141
147200.0	1000.0	3098.2596308202146	0.0	0	551.49347349038	3298.259630820219	1	0	2	0.5528844869291925
149641.05881770246	2000.0	1657.2008131177452	0.0	0	0.0	3298.259630820219	1	0	1	0.7623803412402843
151449.0839995769	2000.0	849.1756312433187	0.0	0	0.0	3298.259630820219	1	0	1	1.6555275218002297
152206.63544284002	1000.0	1091.6241879801953	0.0	0	0.0	3298.259630820219	1	0	1	0.26923316068033953
152878.7897827683	1000.0	1419.46984805192	0.0	0	0.0	3298.259630820219	1	0	1	0.9623803412402847
153580.75241055415	1000.0	1717.5072202660947	0.0	0	0.0	3298.259630820219	1	0	1	0.9623803412402847
154391.11894091024	1000.0	1907.1406899099584	0.0	0	0.0	3298.259630820219	1	0	1	0.9623803412402847
155391.51810846583	1000.0	1906.7415223543646	0.0	0	0.0	3298.259630820219	1	0	1	0.9623803412402847
156367.93655912537	1000.0	1930.3230716948117	0.0	0	0.0	3298.259630820219	1	0	1	0.9623803412402847
156809.23320797816	1000.0	2489.026422841974	0.0	0	0.0	3298.259630820219	1	0	1	0.9623803412402847
157552.93868302743	1000.0	2670.950400287762	0.0	0	0.0	3223.8890833153273	1	0	2	0.5754599923302387
158228.2785488963	1000.0	2995.610534418883	0.0	0	0.0	3223.8890833153273	1	0	1	0.779347969868346
159200.0	1000.0	2926.7169382048323	0.0	0	468.105066671822	3126.716938204976	1	0	2	0.5919367589685852
160200.0	1000.0	2926.7169382048396	0.0	0	571.1084385480208	3126.716938204976	1	0	1	0.7999025368109615
161200.0	1000.0	2826.7169382048187	0.0	0	362.0129883387999	3026.716938204947	1	0	2	0.6121780159333943
162200.0	1000.0	2826.7169382048023	0.0	0	350.14811475621536	3026.716938204947	1	0	1	0.819273079490833
163200.0	1000.0	2826.7169382047673	0.0	0	365.25140633725096	3026.716938204918	1	0	1	1.0192730794908385
164200.0	1000.0	2826.7169382047528	0.0	0	22.527807443519123	3026.716938204918	1	0	1	1.0192730794908385
165200.0	1000.0	2826.7169382047523	0.0	0	299.73398605099646	3026.7169382048887	1	0	1	1.0192730794908438
166200.0	1000.0	2826.716938204743	0.0	0	528.0896343733475	3026.7169382048887	1	0	1	1.0192730794908438
167200.0	1000.0	2826.7169382047246	0.0	0	388.1320081645099	3026.7169382048887	1	0	1	1.0192730794908438
168200.0	1000.0	2826.716938204706	0.0	0	442.65678622640553	3026.716938204918	1	0	1	1.0192730794908385
169200.0	1000.0	2826.7169382047155	0.0	0	397.35640857866383	3026.716938204918	1	0	1	1.0192730794908385
170200.0	1000.0	2826.7169382047427	0.0	0	405.224096927559	3026.716938204918	1	0	1	1.0192730794908385
171423.70361837748	1000.0	2603.01331982724	0.0	0	0.0	3026.7169382048887	1	0	1	1.0192730794908396
172219.15232635775	1000.0	2807.5646118469726	0.0	0	0.0	3026.7169382048887	1	0	1	1.0192730794908438
173200.0	1000.0	2826.7169382047273	0.0	0	399.1919271584193	3026.7169382048887	1	0	1	1.0192730794908438
174200.0	1000.0	2826.7169382047277	0.0	0	311.5860417751828	3026.7169382048887	1	0	1	1.0192730794908438
175200.0	1000.0	2726.716938204703	0.0	0	71.01937784833717	2926.7169382048887	1	0	2	0.6316464876590685
176200.0	1000.0	2726.716938204708	0.0	0	52.554186357272556	2926.7169382048887	1	0	1	0.8369718811342687
177200.0	1000.0	2626.7169382047164	0.0	0	395.7321495519427	2826.716938204947	1	0	2	0.6472181070683538
178200.0	1000.0	2626.7169382047027	0.0	0	406.2108428266074	2826.716938204918	1	0	1	0.8531288966148252
179200.0	1000.0	2626.7169382046764	0.0	0	276.67168710386613	2826.716938204918	1	0	1	1.0531288966148253
180200.0	1000.0	2626.7169382046595	0.0	0	262.13509271273506	2826.716938204918	1	0	1	1.0531288966148253
181200.0	1000.0	2626.7169382046477	0.0	0	96.67971551400842	2826.716938204918	1	0	1	1.0531288966148253
182200.0	1000.0	2626.716938204664	0.0	0	500.40917437005555	2826.716938204918	1	0	1	1.0531288966148253
183200.0	1000.0	2626.7169382046623	0.0	0	142.69973735825624	2826.716938204918	1	0	1	1.0531288966148253
184200.0	1000.0	2526.71693820465	0.0	0	109.1948075509863	2726.716938204947	1	0	2	0.6629656264579671
185200.0	1000.0	2526.7169382046695	0.0	0	384.5739895312581	2726.716938204976	1	0	1	0.8678665090745143
186200.0	1000.0	2526.716938204684	0.0	0	331.65002289097174	2726.716938205005	1	0	1	1.0678665090745105
187200.0	1000.0	2526.716938204695	0.0	0	567.5387082392117	2726.716938205005	1	0	1	1.0678665090745105
188200.0	1000.0	2426.716938204657	0.0	0	486.628379032627	2626.716938205005	1	0	2	0.6761659865097148
189200.0	1000.0	2426.7169382046714	0.0	0	610.5580431901326	2626.716938205005	1	0	1	0.8812994988622598
190200.0	1000.0	2426.7169382046955	0.0	0	591.9540989378293	2626.716938205005	1	0	1	1.08129949886226
191200.0	1000.0	2426.716938204697	0.0	0	294.06757330329856	2626.716938205005	1	0	1	1.08129949886226
192200.0	1000.0	2426.7169382047273	0.0	0	529.4802211347851	2626.716938205005	1	0	1	1.08129949886226
193200.0	1000.0	2426.7169382047164	0.0	0	567.9467177228944	2626.716938204976	1	0	1	1.0812994988622637
194200.0	1000.0	2426.7169382047277	0.0	0	536.1693899786624	2626.716938204976	1	0	1	1.0812994988622637
195200.0	1000.0	2426.7169382047523	0.0	0	416.91340571577894	2626.716938205005	1	0	1	1.08129949886226
196200.0	1000.0	2426.7169382047223	0.0	0	501.4981935803371	2626.716938205005	1	0	1	1.08129949886226
197200.0	1000.0	2426.7169382047064	0.0	0	314.5503407167853	2626.716938205005	1	0	1	1.08129949886226
198200.0	1000.0	2426.716938204653	0.0	0	168.76844823829015	2626.716938205005	1	0	1	1.08129949886226
199200.0	1000.0	2426.716938204659	0.0	0	291.6507053929381	2626.716938205005	1	0	1	1.08129949886226
200200.0	1000.0	2426.7169382046727	0.0	0	276.8304869810818	2626.716938205005	1	0	1	1.08129949886226
201200.0	1000.0	2426.7169382046695	0.0	0	339.66028986722813	2626.716938205005	1	0	1	1.08129949886226
202200.0	1000.0	2426.7169382046804	0.0	0	413.59103903736104	2626.716938205005	1	0	1	1.08129949886226
203200.0	1000.0	2426.7169382046513	0.0	0	284.6863686135621	2626.716938205005	1	0	1	1.08129949886226
204200.0	1000.0	2426.71693820467	0.0	0	265.34102120497846	2626.716938205005	1	0	1	1.08129949886226
205200.0	1000.0	2426.7169382046864	0.0	0	516.0400406796834	2626.7169382050342	1	0	1	1.0812994988622562
206200.0	1000.0	2426.716938204689	0.0	0	501.610874891252	2626.7169382050342	1	0	1	1.0812994988622562
207200.0	1000.0	2426.7169382046964	0.0	0	576.7714500699949	2626.7169382050342	1	0	1	1.0812994988622562
208200.0	1000.0	2426.7169382047223	0.0	0	616.3117114307242	2626.7169382050342	1	0	1	1.0812994988622562
209200.0	1000.0	2426.7169382047446	0.0	0	469.2992788038391	2626.7169382050342	1	0	1	1.0812994988622562
210200.0	1000.0	2426.7169382047277	0.0	0	553.7653131216648	2626.716938205005	1	0	1	1.08129949886226
211200.0	1000.0	2426.716938204755	0.0	0	471.2085362983926	2626.716938205005	1	0	1	1.08129949886226
212200.0	1000.0	2426.7169382047373	0.0	0	166.79024117841618	2626.7169382050342	1	0	1	1.0812994988622562
213200.0	1000.0	2426.7169382047205	0.0	0	45.44779631966958	2626.7169382050633	1	0	1	1.0812994988622526
214200.0	1000.0	2426.7169382046986	0.0	0	151.8498070582864	2626.7169382050633	1	0	1	1.0812994988622526
215200.0	1000.0	2426.7169382047396	0.0	0	454.11896624523797	2626.7169382050633	1	0	1	1.0812994988622526
216200.0	1000.0	2426.716938204713	0.0	0	326.5657963899139	2626.7169382050633	1	0	1	1.0812994988622526
217200.0	1000.0	2426.716938204688	0.0	0	298.1835510546516	2626.7169382050924	1	0	1	1.0812994988622489
218200.0	1000.0	2426.7169382046654	0.0	0	440.0610508641985	2626.7169382050633	1	0	1	1.0812994988622526
219200.0	1000.0	2426.716938204666	0.0	0	548.7936696527468	2626.7169382050633	1	0	1	1.0812994988622526
220200.0	1000.0	2426.7169382046563	0.0	0	518.4030087380379	2626.7169382050342	1	0	1	1.0812994988622562
221200.0	1000.0	2426.7169382046686	0.0	0	446.03246227517957	2626.7169382050342	1	0	1	1.0812994988622562
222200.0	1000.0	2426.716938204656	0.0	0	397.91694776370423	2626.7169382050342	1	0	1	1.0812994988622562
223200.0	1000.0	2426.7169382046636	0.0	0	443.1352952665475	2626.7169382050633	1	0	1	1.0812994988622526
224200.0	1000.0	2426.7169382046745	0.0	0	493.18371071162983	2626.7169382050633	1	0	1	1.0812994988622526
225200.0	1000.0	2426.7169382046727	0.0	0	237.35792816980393	2626.7169382050924	1	0	1	1.0812994988622489
226200.0	1000.0	2426.7169382047023	0.0	0	441.58988946385216	2626.7169382050924	1	0	1	1.0812994988622489
227200.0	1000.0	2426.716938204668	0.0	0	264.95200233513606	2626.7169382050924	1	0	1	1.0812994988622489
228200.0	1000.0	2426.7169382046773	0.0	0	211.04541235385113	2626.7169382050924	1	0	1	1.0812994988622489
229200.0	1000.0	2426.7169382046695	0.0	0	484.0233552371792	2626.7169382050924	1	0	1	1.0812994988622489
230200.0	1000.0	2426.716938204665	0.0	0	493.7690343254071	2626.7169382050924	1	0	1	1.0812994988622489
231200.0	1000.0	2326.7169382046895	0.0	0	666.0472224531986	2526.7169382050924	1	0	2	0.6887325601712628
232200.0	1000.0	2326.716938204657	0.0	0	708.087553174264	2526.7169382050924	1	0	1	0.8935351237789961
233200.0	1000.0	2326.716938204652	0.0	0	662.3768374231586	2526.7169382050924	1	0	1	1.0935351237789963
234200.0	1000.0	2326.71693820465	0.0	0	374.90541668844526	2526.7169382050924	1	0	1	1.0935351237789963
235200.0	1000.0	2326.7169382046677	0.0	0	427.22490268878755	2526.7169382050924	1	0	1	1.0935351237789963
236200.0	1000.0	2326.716938204687	0.0	0	537.2315534189111	2526.7169382050924	1	0	1	1.0935351237789963
237200.0	1000.0	2326.716938204687	0.0	0	462.8335015675111	2526.7169382050633	1	0	1	1.0935351237789996
238200.0	1000.0	2326.716938204706	0.0	0	264.69536296479055	2526.7169382050633	1	0	1	1.0935351237789996
239200.0	1000.0	2326.7169382047146	0.0	0	235.8474060902372	2526.7169382050342	1	0	1	1.0935351237790032
240200.0	1000.0	2326.7169382047496	0.0	0	549.407614799944	2526.716938205005	1	0	1	1.0935351237790063
241200.0	1000.0	2326.7169382047387	0.0	0	408.2172446518962	2526.716938205005	1	0	1	1.0935351237790063
242200.0	1000.0	2326.716938204769	0.0	0	57.16381812051986	2526.716938205005	1	0	1	1.0935351237790063
243200.0	1000.0	2326.7169382047855	0.0	0	396.80802549544023	2526.716938205005	1	0	1	1.0935351237790063
244200.0	1000.0	2326.7169382047855	0.0	0	411.4120804425329	2526.716938205005	1	0	1	1.0935351237790063
245200.0	1000.0	2326.716938204798	0.0	0	443.66801081658923	2526.716938204976	1	0	1	1.0935351237790099
246200.0	1000.0	2326.7169382047837	0.0	0	595.0229358181241	2526.716938204947	1	0	1	1.0935351237790132
247200.0	1000.0	2326.716938204804	0.0	0	627.5297036032716	2526.716938204918	1	0	1	1.0935351237790167
248200.0	1000.0	2326.7169382048123	0.0	0	646.1139910163183	2526.716938204947	1	0	1	1.0935351237790132
249200.0	1000.0	2226.716938204825	0.0	0	170.2757345812861	2426.716938204947	1	0	2	0.7003399417288513
250708.99885296967	1000.0	1717.7180852351723	0.0	0	0.0	2426.716938204947	1	0	1	0.9046732868268464
251442.8766176404	1000.0	1983.8403205644136	0.0	0	0.0	2426.716938204976	1	0	1	1.1046732868268454
252200.0	1000.0	2226.716938204841	0.0	0	141.54430066220812	2426.716938204976	1	0	1	1.1046732868268434
253200.0	1000.0	2226.7169382048614	0.0	0	198.7831571358256	2426.716938205005	1	0	1	1.1046732868268403
254488.23074259103	1000.0	1938.4861956138275	0.0	0	0.0	2426.716938205005	1	0	1	1.1046732868268403
255368.60316243503	1000.0	2058.1137757697907	0.0	0	0.0	2426.716938205005	1	0	1	1.1046732868268403
256325.13657848808	1000.0	2101.5803597167514	0.0	0	0.0	2426.716938205005	1	0	1	1.1046732868268403
257298.5970800443	1000.0	2128.119858160513	0.0	0	0.0	2426.716938204976	1	0	1	1.1046732868268434
258926.35324296565	1000.0	1500.3636952391919	0.0	0	0.0	2426.716938204947	1	0	1	1.1046732868268458
259774.30451371046	1000.0	1652.4124244943653	0.0	0	0.0	2426.716938204947	1	0	1	1.1046732868268467
260355.64643594553	1000.0	2071.0705022592892	0.0	0	0.0	2426.716938204947	1	0	1	1.1046732868268467
261200.0	1000.0	2226.7169382048423	0.0	0	310.03441014987766	2426.716938204947	1	0	1	1.1046732868268467
262200.0	1000.0	2226.7169382048573	0.0	0	336.4636192161415	2426.716938204976	1	0	1	1.1046732868268434
263200.0	1000.0	2226.7169382048032	0.0	0	484.7676073492039	2426.7169382048887	1	0	1	1.104673286826851
264639.57237804483	1000.0	1787.1445601599694	0.0	0	0.0	2426.7169382048887	1	0	1	1.1046732868268527
265268.5369194126	1000.0	2158.1800187922167	0.0	0	0.0	2426.7169382048887	1	0	1	1.1046732868268527
266200.0	1000.0	2226.716938204866	0.0	0	97.07735274458537	2426.716938204947	1	0	1	1.1046732868268467
267200.0	1000.0	2226.716938204829	0.0	0	387.7219173735939	2426.716938204947	1	0	1	1.1046732868268467
268200.0	1000.0	2226.716938204832	0.0	0	635.9750616421225	2426.716938204947	1	0	1	1.1046732868268467
269200.0	1000.0	2226.7169382048182	0.0	0	548.8367006555782	2426.716938204947	1	0	1	1.1046732868268467
270200.0	1000.0	2226.7169382048833	0.0	0	456.67534742789576	2426.716938205005	1	0	1	1.1046732868268403
271200.0	1000.0	2226.7169382048723	0.0	0	604.429479130602	2426.716938204947	1	0	1	1.1046732868268467
272200.0	1000.0	2226.716938204919	0.0	0	629.9673639566754	2426.716938204947	1	0	1	1.1046732868268467
273200.0	1000.0	2226.716938205002	0.0	0	636.4832227084553	2426.716938204947	1	0	1	1.1046732868268467
274200.0	2000.0	2126.716938204995	0.0	0	365.03854133404093	2326.716938204947	1	0	2	0.7110973243107641
275200.0	1000.0	2126.716938205078	0.0	0	706.4563885554671	2326.716938204947	1	0	1	0.22165959033596835
276200.0	1000.0	2126.716938205089	0.0	0	628.0615679923794	2326.7169382048887	1	0	1	1.1148067708959195
277200.0	1000.0	2126.7169382051484	0.0	0	197.35529404657427	2326.716938204947	1	0	1	1.1148067708959137
278200.0	1000.0	2126.7169382051675	0.0	0	309.5968047158676	2326.716938205005	1	0	1	1.1148067708959082
279200.0	1000.0	2126.716938205206	0.0	0	62.16028394550085	2326.716938205005	1	0	1	1.1148067708959082
280200.0	1000.0	2126.716938205172	0.0	0	540.2349635346327	2326.716938205005	1	0	1	1.1148067708959082
281200.0	1000.0	2126.7169382051175	0.0	0	480.841958004341	2326.716938205005	1	0	1	1.1148067708959082
282200.0	1000.0	2126.71693820513	0.0	0	511.9581933814916	2326.716938205005	1	0	1	1.1148067708959082
283200.0	1000.0	2126.7169382051943	0.0	0	259.4546711752773	2326.716938205005	1	0	1	1.1148067708959082
284773.4848327965	1000.0	1553.232105408683	0.0	0	0.0	2326.7169382050633	1	0	1	1.1148067708959024
285922.32931990584	1000.0	1404.38761829936	0.0	0	0.0	2326.7169382051216	1	0	1	1.1148067708958969
286796.49833970226	1000.0	1530.2185985029603	0.0	0	0.0	2326.7169382051798	1	0	1	1.1148067708958913
287561.29290497676	1000.0	1765.424033228464	0.0	0	0.0	2326.716938205238	1	0	1	1.1148067708958855
288200.0	1000.0	2126.716938205205	0.0	0	127.42519605410052	2326.716938205238	1	0	1	1.1148067708958855
289200.0	1000.0	2126.716938205233	0.0	0	444.8188622742309	2326.716938205296	1	0	1	1.11480677089588
290200.0	1000.0	2126.7169382051466	0.0	0	387.1989451821428	2326.716938205296	1	0	1	1.11480677089588
291200.0	1000.0	2126.7169382051247	0.0	0	522.5868130918243	2326.716938205296	1	0	1	1.11480677089588
292200.0	1000.0	2126.716938205111	0.0	0	591.8442395097809	2326.716938205296	1	0	1	1.11480677089588
293200.0	1000.0	2126.716938205069	0.0	0	589.4713592133485	2326.716938205238	1	0	1	1.1148067708958855
294200.0	1000.0	2026.7169382050665	0.0	0	428.82989223703044	2226.716938205238	1	0	2	0.720530453389586
295200.0	1000.0	2026.716938205068	0.0	0	371.9815296547022	2226.716938205238	1	0	1	0.9240215228714289
296200.0	1000.0	2026.7169382050256	0.0	0	420.549227978976	2226.716938205238	1	0	1	1.1240215228714292
297200.0	1000.0	1926.7169382050438	0.0	0	454.4536426649429	2126.716938205238	1	0	2	0.7291549925362117
298517.20824462624	1000.0	1609.5086935787997	0.0	0	0.0	2126.7169382051798	1	0	1	0.932396972444509
299444.5417149663	1000.0	1682.1752232387541	0.0	0	0.0	2126.7169382051798	1	0	1	1.132396972444512
300323.16527867614	1000.0	1803.5516595288393	0.0	0	0.0	2126.7169382051798	1	0	1	1.132396972444512
1.27	1.31	1.78	2.0	2.46	1.62	1.71	1.34	1.36	1.37	1.93	1.88	1.76	1.66	1.26	1.39	0.8	1.37	1.52	1.45	1.34	1.11	1.52	1.45	1.75	1.61	1.42	1.9	1.44	1.07	1.44	1.84	1.99	2.04	2.12	2.41	1.68	1.99	2.0	2.27	2.31	1.91	1.56	1.64	1.61	1.62	1.91	2.11	1.53	1.55	1.89	1.75	1.91	2.17	2.49	2.72	1.69	0.9	0.94	1.32	1.83	1.9	1.32	1.75	1.8	2.14	2.33	2.18	2.0	1.89	1.65	1.85	1.36	1.49	1.91	2.51	3.24	3.1	2.42	1.75	1.97	1.77	1.44	1.15	1.63	2.02	1.24	1.34	1.9	2.04	2.34	2.85	3.48	3.56	0.98	0.67	1.22	1.84	1.39	0.9	1.07	1.37	1.12	0.65	0.79	1.34	1.97	2.03	2.02	0.58	1.55	1.59	2.2	2.32	1.91	2.35	3.09	2.91	2.05	2.68	3.2	3.39	1.16	1.11	1.49	2.09	2.13	2.34	1.59	0.5	0.65	1.2	1.74	1.66	1.39	2.06	2.58	2.91	2.34	2.19	2.15	2.18	1.17	0.72	0.97	0.94	1.44	1.1	1.09	2.76	1.27	1.31	1.78	2.0	2.46	1.62	1.71	1.34	1.36	1.37	1.93	1.88	1.76	1.66	1.26	1.39	0.8	1.37	1.52	1.45	1.34	1.11	1.52	1.45	1.75	1.61	1.42	1.9	1.44	1.07	1.44	1.84	1.99	2.04	2.12	2.41	1.68	1.99	2.0	2.27	2.31	1.91	1.56	1.64	1.61	1.62	1.91	2.11	1.53	1.55	1.89	1.75	1.91	2.17	2.49	2.72	1.69	0.9	0.94	1.32	1.83	1.9	1.32	1.75	1.8	2.14	2.33	2.18	2.0	1.89	1.65	1.85	1.36	1.49	1.91	2.51	3.24	3.1	2.42	1.75	1.97	1.77	1.44	1.15	1.63	2.02	1.24	1.34	1.9	2.04	2.34	2.85	3.48	3.56	0.98	0.67	1.22	1.84	1.39	0.9	1.07	1.37	1.12	0.65	0.79	1.34	1.97	2.03	2.02	0.58	1.55	1.59	2.2	2.32	1.91	2.35	3.09	2.91	2.05	2.68	3.2	3.39	1.16	1.11	1.49	2.09	2.13	2.34	1.59	0.5	0.65	1.2	1.74	1.66	1.39	2.06	2.58	2.91	2.34	2.19	2.15	2.18	1.17	0.72	0.97	0.94	1.44	1.1
1.0	2.0	3.0	4.0	5.0	6.0	7.0	8.0	9.0	10.0	11.0	12.0	13.0	14.0	15.0	16.0	17.0	18.0	19.0	20.0	21.0	22.0	23.0	24.0	25.0	26.0	27.0	28.0	29.0	30.0	31.0	32.0	33.0	34.0	35.0	36.0	37.0	38.0	39.0	40.0	41.0	42.0	43.0	44.0	45.0	46.0	47.0	48.0	49.0	50.0	51.0	52.0	53.0	54.0	55.0	56.0	57.0	58.0	59.0	60.0	61.0	62.0	63.0	64.0	65.0	66.0	67.0	68.0	69.0	70.0	71.0	72.0	73.0	74.0	75.0	76.0	77.0	78.0	79.0	80.0	81.0	82.0	83.0	84.0	85.0	86.0	87.0	88.0	89.0	90.0	91.0	92.0	93.0	94.0	95.0	96.0	97.0	98.0	99.0	100.0	101.0	102.0	103.0	104.0	105.0	106.0	107.0	108.0	109.0	110.0	111.0	112.0	113.0	114.0	115.0	116.0	117.0	118.0	119.0	120.0	121.0	122.0	123.0	124.0	125.0	126.0	127.0	128.0	129.0	130.0	131.0	132.0	133.0	134.0	135.0	136.0	137.0	138.0	139.0	140.0	141.0	142.0	143.0	144.0	145.0	146.0	147.0	148.0	149.0	149.0	150.0	151.0	152.0	153.0	154.0	155.0	156.0	157.0	158.0	159.0	160.0	161.0	162.0	163.0	164.0	165.0	166.0	167.0	168.0	169.0	170.0	171.0	172.0	173.0	174.0	175.0	176.0	177.0	178.0	179.0	180.0	181.0	182.0	183.0	184.0	185.0	186.0	187.0	188.0	189.0	190.0	191.0	192.0	193.0	194.0	195.0	196.0	197.0	198.0	199.0	200.0	201.0	202.0	203.0	204.0	205.0	206.0	207.0	208.0	209.0	210.0	211.0	212.0	213.0	214.0	215.0	216.0	217.0	218.0	219.0	220.0	221.0	222.0	223.0	224.0	225.0	226.0	227.0	228.0	229.0	230.0	231.0	232.0	233.0	234.0	235.0	236.0	237.0	238.0	239.0	240.0	241.0	242.0	243.0	244.0	245.0	246.0	247.0	248.0	249.0	250.0	251.0	252.0	253.0	254.0	255.0	256.0	257.0	258.0	259.0	260.0	261.0	262.0	263.0	264.0	265.0	266.0	267.0	268.0	269.0	270.0	271.0	272.0	273.0	274.0	275.0	276.0	277.0	278.0	279.0	280.0	281.0	282.0	283.0	284.0	285.0	286.0	287.0	288.0	289.0	290.0	291.0	292.0	293.0	294.0	295.0	296.0	297.0
5365.604491351524
