5989.583065069461	300.0	2000.0	252.91948094801668	0	0.0	5989.583065069461	1	0	1	-3.437158600802025
6262.617641130991	300.0	2726.96542393847	0.0	0	0.0	5989.583065069461	1	0	1	-1.9796926666392325
7088.632899963786	1000.0	2818.3486392223936	0.0	0	0.0	5906.981539186179	1	0	2	-2.320790579860276
8533.414102933297	1000.0	2373.5674362528807	0.0	0	0.0	5906.9815391861775	1	0	1	-0.8931852539276932
8858.330310910786	300.0	3048.6512282753906	0.0	0	0.0	5906.981539186176	1	0	1	-3.1011308625795633
9616.751295392463	1000.0	3214.3881453455447	0.0	0	0.0	5831.139440738008	1	0	2	-2.239302198382864
10266.256428206772	1000.0	3499.932499249803	0.0	0	0.0	5766.188927456576	1	0	2	-0.7689036147868404
11491.34593801699	1000.0	3152.3340384585636	0.0	0	0.0	5643.679976475552	1	0	2	-0.6669524400158011
12351.557778964263	1000.0	3206.1010134165635	0.0	0	0.0	5557.658792380826	1	0	2	-0.5730834463244104
13757.576442613274	1000.0	2659.480483402653	0.0	0	0.0	5417.056926015925	1	0	2	-0.441480659444688
14711.202990816346	1000.0	2610.4912803792736	0.0	0	0.0	5321.694271195616	1	0	2	-0.35328866153482824
15672.509108045322	1000.0	2553.0545514273986	0.0	0	0.0	5225.563659472718	1	0	2	-0.2742477153692659
16901.864063987417	1000.0	2200.7640998910947	0.0	0	0.0	5102.628163878508	1	0	2	-0.1684710541905524
17991.263692423952	1000.0	2002.4245086109051	0.0	0	0.0	4993.688201034853	1	0	2	-0.07669512981016188
18786.247603024825	1000.0	2127.942206949947	0.0	0	0.0	4914.189809974765	1	0	2	-0.01049599540288404
19410.49472155525	1000.0	2441.2703765664805	0.0	0	0.0	4851.765098121725	1	0	2	0.03942492867842895
20172.50729767299	1000.0	2603.056542836962	0.0	0	0.0	4775.563840509947	1	0	2	0.0908963387371855
21009.265669339507	1000.0	2682.6223340037914	0.0	0	0.0	4691.888003343291	1	0	2	0.14867666252496373
21837.452515507153	1000.0	2854.43548783614	0.0	0	0.0	4691.888003343291	1	0	1	0.16265150937452288
22962.296354026195	1000.0	2617.1072654652003	0.0	0	0.0	4579.403619491393	1	0	2	0.01552289167297738
24311.034305219848	1000.0	2133.4955191521813	0.0	0	0.0	4444.529824372024	1	0	2	0.29733332307668814
25856.374491149487	1000.0	1433.6213146295818	0.0	0	0.0	4289.995805779061	1	0	2	0.38509117340819154
26517.454191445337	1000.0	1706.4336443041473	0.0	0	0.0	4223.887835749476	1	0	2	0.42682431038067686
27728.38860098372	1000.0	1374.4057938119233	0.0	0	0.0	4102.794394795634	1	0	2	0.47664680817243205
28961.549282623	1000.0	1017.9290440087163	0.0	0	0.0	3979.47832663171	1	0	2	0.5313818699454728
30745.98921967506	1000.0	200.0	131.77716977140895	0	0.0	3945.989219675059	1	0	2	-0.2119471738839635
31451.111820198395	500.0	595.2493253394928	155.34925992287555	0	0.0	4046.361145537885	1	0	2	-1.8090547733364972
32162.975250376	500.0	812.1995521441318	0.0	0	0.0	3975.1748025201305	1	0	2	-0.15306638677498147
32592.490583734794	500.0	1339.7326854494547	0.0	0	0.0	3932.223269184251	1	0	2	-0.13123785572172364
32865.1134248249	500.0	2039.8475602503383	0.0	0	0.0	3904.960985075242	1	0	2	-0.1202596021362598
33255.30666687717	500.0	2610.6349939928295	0.0	0	0.0	3865.941660870005	1	0	2	-0.10603223344851806
33676.846693763124	500.0	3146.940964418278	0.0	0	0.0	3823.7876581814053	1	0	2	-0.09121148926445312
34473.46940350499	1000.0	3270.655983702222	0.0	0	0.0	3744.1253872072193	1	0	2	-0.06648577873565062
35311.49442436516	1000.0	3348.828460756021	0.0	0	0.0	3660.322885121186	1	0	2	0.6552996095591612
36410.80118076014	1000.0	3139.5910287215484	0.0	0	0.0	3550.3922094816953	1	0	2	0.6877388435176965
37492.85603967548	1000.0	2949.3306839146794	0.0	0	0.0	3442.186723590152	1	0	2	0.7187296784569648
38666.16898043002	1000.0	2776.0177431601373	0.0	0	0.0	3442.186723590152	1	0	1	0.7262499654130561
39732.78605795525	1000.0	2709.4006656349015	0.0	0	0.0	3442.186723590152	1	0	1	0.9262499654130563
40881.8998146927	1000.0	2560.286908897451	0.0	0	0.0	3442.186723590152	1	0	1	0.9262499654130563
41798.11445337229	1000.0	2644.072270217852	0.0	0	0.0	3442.186723590152	1	0	1	0.9262499654130563
43219.364878153196	1000.0	2222.8218454369435	0.0	0	0.0	3442.186723590159	1	0	1	0.9262499654130543
44378.87963284297	1000.0	2063.3070907471697	0.0	0	0.0	3442.186723590159	1	0	1	0.9262499654130543
45463.90626394974	1000.0	1869.7777965297184	0.0	0	0.0	3333.684060479485	1	0	2	0.5474869386472007
46221.534096682226	1000.0	2036.3871805239826	0.0	0	0.0	3257.921277206231	1	0	2	0.7672831101176296
47744.3942834506	1000.0	1513.5269937556122	0.0	0	0.0	3257.9212772062237	1	0	1	0.7717209922424264
48870.37381597979	1000.0	1387.547461226428	0.0	0	0.0	3257.9212772062237	1	0	1	0.9717209922424266
50057.31977457823	1000.0	1200.6015026279879	0.0	0	0.0	3257.9212772062237	1	0	1	0.9717209922424266
51234.25943162338	1000.0	905.967879878319	0.0	0	0.0	3140.2273115017015	1	0	2	0.5905200250918783
52002.9867106821	500.0	1137.2406008196074	0.0	0	0.0	3140.2273115017015	1	0	1	-0.5891444539132534
52823.925943611466	500.0	1316.301367890234	0.0	0	0.0	3140.227311501694	1	0	1	0.3040027266466936
53674.210268107985	500.0	1466.0170433937103	0.0	0	0.0	3140.227311501694	1	0	1	0.3040027266466936
54341.879288955155	500.0	1798.3480225465487	0.0	0	0.0	3140.227311501694	1	0	1	0.3040027266466936
55141.14467440381	500.0	1999.0826370978891	0.0	0	0.0	3140.227311501694	1	0	1	0.3040027266466936
55793.891600209754	500.0	2346.33571129194	0.0	0	0.0	3140.227311501694	1	0	1	0.3040027266466936
56300.29268626927	500.0	2839.9346252324335	0.0	0	0.0	3140.227311501694	1	0	1	0.3040027266466936
57694.438202047844	500.0	2445.7891094538545	0.0	0	0.0	3140.227311501694	1	0	1	0.3040027266466936
58675.84714804804	500.0	2464.380163453657	0.0	0	0.0	3140.227311501694	1	0	1	0.3040027266466936
59200.0	500.0	2940.2273115016937	0.0	0	7.927193884956068	3140.227311501694	1	0	1	0.3040027266466936
60200.0	500.0	2940.2273115016897	0.0	0	390.2188676222795	3140.227311501694	1	0	1	0.3040027266466936
61200.0	500.0	2940.2273115016787	0.0	0	292.61680505637923	3140.227311501694	1	0	1	0.3040027266466936
62200.0	500.0	2940.2273115016856	0.0	0	483.13506744110055	3140.227311501694	1	0	1	0.3040027266466936
63200.0	500.0	2940.227311501693	0.0	0	543.2152832591455	3140.227311501694	1	0	1	0.3040027266466936
64200.0	500.0	2940.227311501692	0.0	0	646.8863713256942	3140.227311501694	1	0	1	0.3040027266466936
65200.0	500.0	2940.227311501689	0.0	0	646.3616572750616	3140.227311501694	1	0	1	0.3040027266466936
66200.0	500.0	2940.227311501686	0.0	0	588.3934974672666	3140.227311501687	1	0	1	0.3040027266466939
67200.0	500.0	2940.227311501701	0.0	0	502.96409892415977	3140.227311501694	1	0	1	0.30400272664669387
68200.0	500.0	2840.2273115017088	0.0	0	410.7774725515774	3040.227311501694	1	0	2	-0.08369415429994365
69200.0	1000.0	2840.2273115017156	0.0	0	230.47655709266837	3040.227311501687	1	0	1	0.12360949964018098
70200.0	1000.0	2840.227311501713	0.0	0	327.388513029553	3040.2273115016724	1	0	1	1.0167566802001293
71200.0	1000.0	2740.2273115017306	0.0	0	277.19950242561754	2940.2273115016724	1	0	2	0.628103784332557
72778.11583721884	1000.0	2162.111474282896	0.0	0	0.0	2940.2273115016724	1	0	1	0.8346735815792727
75017.61562585687	1000.0	922.6116856448816	0.0	0	0.0	2940.2273115016724	1	0	1	1.034673581579273
76974.31511215314	1000.0	305.62566477193025	339.71346542331946	0	0.0	3279.9407769250683	1	0	1	-1.0675752245555572
77520.47343770394	500.0	759.4673392211361	0.0	0	0.0	3279.9407769250683	1	0	1	-0.41963119366301715
78020.50618241621	500.0	1259.4345945088708	0.0	0	0.0	3279.9407769250683	1	0	1	0.27351598689692813
78590.12977449829	500.0	1689.8110024268096	0.0	0	0.0	3279.9407769250683	1	0	1	0.27351598689692813
79237.38433227973	500.0	2042.556444645365	0.0	0	0.0	3279.9407769250683	1	0	1	0.27351598689692813
79915.50580384764	500.0	2296.622825920648	0.0	0	0.0	3212.1286297682673	1	0	2	-0.11544994230961682
80491.63480915096	500.0	2720.493820617328	0.0	0	0.0	3212.1286297682673	1	0	1	0.08878366046955016
81200.0	500.0	3012.12862976828	0.0	0	391.6951628941315	3212.1286297682527	1	0	1	0.2887836604695535
82200.0	500.0	3012.1286297682923	0.0	0	529.8992188217817	3212.1286297682527	1	0	1	0.2887836604695535
83200.0	500.0	3012.1286297682827	0.0	0	459.466270073739	3212.1286297682527	1	0	1	0.2887836604695535
84200.0	500.0	3012.1286297682914	0.0	0	519.6334881545336	3212.1286297682527	1	0	1	0.2887836604695535
85200.0	500.0	3012.1286297682714	0.0	0	260.6414841069927	3212.1286297682527	1	0	1	0.2887836604695535
86200.0	500.0	3012.128629768281	0.0	0	514.5681564194383	3212.1286297682527	1	0	1	0.2887836604695535
87200.0	500.0	3012.12862976829	0.0	0	342.2012891422637	3212.1286297682527	1	0	1	0.2887836604695535
88200.0	500.0	3012.1286297683023	0.0	0	499.37784667413507	3212.1286297682673	1	0	1	0.28878366046955034
89200.0	500.0	2912.128629768287	0.0	0	593.8453658703365	3112.128629768238	1	0	2	-0.0984774530592322
90200.0	500.0	2912.128629768281	0.0	0	604.9763942627469	3112.128629768238	1	0	1	0.10969055012777956
91200.0	500.0	2912.128629768293	0.0	0	713.0527071377437	3112.128629768238	1	0	1	0.30969055012777974
92200.0	500.0	2912.128629768298	0.0	0	617.8780695714377	3112.128629768238	1	0	1	0.30969055012777974
93200.0	1000.0	2912.1286297683164	0.0	0	140.64514384465292	3112.128629768238	1	0	1	0.3096905501277798
94200.0	1000.0	2912.1286297683127	0.0	0	139.4874654589512	3112.128629768238	1	0	1	1.0028377306877252
95200.0	1000.0	2912.128629768312	0.0	0	144.85013697581599	3112.128629768238	1	0	1	1.0028377306877252
96268.3043795132	1000.0	2843.8242502551316	0.0	0	0.0	3112.1286297682527	1	0	1	1.0028377306877223
97200.0	1000.0	2912.128629768311	0.0	0	59.74362325544644	3112.128629768238	1	0	1	1.0028377306877252
98200.0	1000.0	2912.128629768309	0.0	0	115.19034128442581	3112.128629768238	1	0	1	1.0028377306877252
99437.10843218282	1000.0	2675.0201975854793	0.0	0	0.0	3112.1286297682236	1	0	1	1.002837730687728
100431.23207321852	1000.0	2680.8965565497824	0.0	0	0.0	3112.1286297682236	1	0	1	1.002837730687728
101394.16970574095	1000.0	2717.958924027373	0.0	0	0.0	3112.128629768238	1	0	1	1.0028377306877252
102714.84772883049	1000.0	2397.280900937841	0.0	0	0.0	3112.128629768238	1	0	1	1.0028377306877252
103707.27710867042	1000.0	2305.6085831139117	0.0	0	0.0	3012.885691784235	1	0	2	0.6176714046146707
104222.26087410905	1000.0	2790.624817675289	0.0	0	0.0	3012.885691784235	1	0	1	0.821817647771615
105200.0	1000.0	2812.885691784355	0.0	0	172.82270223072555	3012.885691784235	1	0	1	1.0218176477716152
106200.0	1000.0	2812.8856917843614	0.0	0	119.99990708842233	3012.885691784235	1	0	1	1.0218176477716152
107576.26149058383	1000.0	2436.6242012005296	0.0	0	0.0	3012.885691784235	1	0	1	1.0218176477716152
108733.4004736889	1000.0	2279.485218095443	0.0	0	0.0	3012.885691784235	1	0	1	1.0218176477716152
109555.8687802482	1000.0	2457.016911536144	0.0	0	0.0	3012.885691784235	1	0	1	1.0218176477716152
110489.31353971666	1000.0	2523.572152067696	0.0	0	0.0	3012.8856917842495	1	0	1	1.0218176477716125
111550.02121491707	1000.0	2462.864476867269	0.0	0	0.0	3012.8856917842495	1	0	1	1.0218176477716125
112856.64498074706	1000.0	2156.2407110372706	0.0	0	0.0	3012.8856917842495	1	0	1	1.0218176477716125
113529.62982368126	1000.0	2483.255868103081	0.0	0	0.0	3012.8856917842495	1	0	1	1.0218176477716125
114387.8782092653	1000.0	2539.1826439606334	0.0	0	0.0	2927.060853225834	1	0	2	0.6332306837791412
115425.82353389122	1000.0	2501.2373193347094	0.0	0	0.0	2927.060853225834	1	0	1	0.8369137267287601
116200.0	1000.0	2727.060853225943	0.0	0	175.5634448126075	2927.0608532258484	1	0	1	1.0369137267287578
117380.57232810062	1000.0	2546.48852512532	0.0	0	0.0	2927.060853225863	1	0	1	1.0369137267287554
118365.79245323954	1000.0	2561.268399986399	0.0	0	0.0	2927.060853225863	1	0	1	1.0369137267287554
119323.29755103578	1000.0	2603.763302190158	0.0	0	0.0	2927.060853225863	1	0	1	1.0369137267287554
120334.99460599314	1000.0	2592.066247232801	0.0	0	0.0	2927.060853225863	1	0	1	1.0369137267287554
121271.4846059075	1000.0	2655.5762473184436	0.0	0	0.0	2927.060853225863	1	0	1	1.0369137267287554
122483.94224648058	1000.0	2443.1186067453605	0.0	0	0.0	2927.060853225863	1	0	1	1.0369137267287554
123488.49271957488	1000.0	2438.5681336510793	0.0	0	0.0	2927.060853225863	1	0	1	1.0369137267287554
124309.22417461983	1000.0	2617.836678606117	0.0	0	0.0	2927.060853225863	1	0	1	1.0369137267287554
125200.0	1000.0	2727.060853225952	0.0	0	301.0499211025308	2927.060853225863	1	0	1	1.0369137267287554
126200.0	1000.0	2627.0608532259553	0.0	0	116.60462950276269	2827.0608532258775	1	0	2	0.6482185915793763
127200.0	1000.0	2627.0608532259616	0.0	0	465.6173226076062	2827.0608532258775	1	0	1	0.8530758305571501
128200.0	1000.0	2627.0608532259625	0.0	0	221.6814504632057	2827.060853225863	1	0	1	1.0530758305571526
129200.0	1000.0	2627.060853225943	0.0	0	238.05628450136282	2827.0608532258484	1	0	1	1.0530758305571548
130367.66192767932	1000.0	2459.3989255466204	0.0	0	0.0	2827.0608532258484	1	0	1	1.0530758305571548
131369.30326648513	1000.0	2457.75758674082	0.0	0	0.0	2827.060853225863	1	0	1	1.053075830557154
132204.75672885973	1000.0	2622.304124366207	0.0	0	0.0	2827.060853225863	1	0	1	1.0530758305571526
133368.73277491616	1000.0	2458.328078309781	0.0	0	0.0	2827.0608532258775	1	0	1	1.0530758305571508
134396.69557947872	1000.0	2430.365273747212	0.0	0	0.0	2827.0608532258775	1	0	1	1.0530758305571504
135712.1292137255	1000.0	2114.931639500419	0.0	0	0.0	2827.0608532258775	1	0	1	1.0530758305571504
137004.6761901613	1000.0	1822.3846630646244	0.0	0	0.0	2827.0608532258775	1	0	1	1.0530758305571504
138661.8715256198	1000.0	1165.1893276061217	0.0	0	0.0	2827.0608532258775	1	0	1	1.0530758305571504
139681.70793925686	1000.0	1145.3529139690263	0.0	0	0.0	2827.0608532258775	1	0	1	1.0530758305571504
141118.93617305422	1000.0	708.1246801716418	0.0	0	0.0	2827.0608532258484	1	0	1	1.0530758305571548
141669.67956013817	500.0	1157.3812930876827	0.0	0	0.0	2827.0608532258484	1	0	1	-0.3332185305627361
142370.65435787942	500.0	1456.406495346437	0.0	0	0.0	2827.0608532258484	1	0	1	0.35992864999720925
142919.8326815191	500.0	1907.2281717067785	0.0	0	0.0	2827.0608532258484	1	0	1	0.35992864999720925
143408.39036031385	500.0	2418.67049291205	0.0	0	0.0	2827.0608532258484	1	0	1	0.35992864999720925
144267.58375239323	500.0	2559.47710083267	0.0	0	0.0	2827.0608532258484	1	0	1	0.35992864999720925
145200.0	500.0	2627.0608532259125	0.0	0	378.7618286923389	2827.0608532258484	1	0	1	0.35992864999720925
146200.0	500.0	2627.060853225936	0.0	0	515.4115783933375	2827.0608532258484	1	0	1	0.35992864999720925
147200.0	500.0	2627.060853225951	0.0	0	598.4418575587915	2827.0608532258484	1	0	1	0.35992864999720925
148200.0	500.0	2627.0608532259726	0.0	0	353.37808024982223	2827.0608532258775	1	0	1	0.3599286499972048
149200.0	500.0	2627.060853225967	0.0	0	409.95876105799107	2827.0608532258775	1	0	1	0.3599286499972048
150200.0	500.0	2627.060853226001	0.0	0	467.852507286967	2827.0608532258775	1	0	1	0.3599286499972048
151200.0	500.0	2627.060853226015	0.0	0	551.4222053776612	2827.0608532258775	1	0	1	0.3599286499972048
152200.0	500.0	2527.0608532259807	0.0	0	434.7324382563529	2727.0608532258484	1	0	2	-0.031117093241742014
153268.33394770668	500.0	2458.7269055193306	0.0	0	0.0	2727.0608532258484	1	0	1	0.17467094295630514
154200.0	500.0	2527.060853225988	0.0	0	118.7564562438929	2727.0608532258484	1	0	1	0.3746709429563053
155200.0	500.0	2527.0608532259967	0.0	0	442.18399777723243	2727.0608532258484	1	0	1	0.3746709429563053
156200.0	500.0	2527.060853226038	0.0	0	518.8004476969072	2727.0608532258484	1	0	1	0.3746709429563053
157200.0	500.0	2527.0608532260226	0.0	0	324.6285141367698	2727.0608532258484	1	0	1	0.3746709429563053
158200.0	500.0	2527.0608532260135	0.0	0	574.666851809161	2727.0608532258484	1	0	1	0.3746709429563053
159200.0	500.0	2527.0608532260353	0.0	0	646.3719206562382	2727.0608532258484	1	0	1	0.3746709429563053
160200.0	500.0	2527.0608532260253	0.0	0	423.490988216392	2727.0608532258484	1	0	1	0.3746709429563053
161200.0	500.0	2527.0608532260194	0.0	0	556.8101175202755	2727.0608532258484	1	0	1	0.3746709429563053
162200.0	500.0	2527.060853226013	0.0	0	185.91848835878773	2727.0608532258193	1	0	1	0.3746709429563094
163200.0	500.0	2527.060853226015	0.0	0	356.5989612536505	2727.0608532258484	1	0	1	0.3746709429563053
164200.0	500.0	2527.060853226007	0.0	0	596.8876733480138	2727.0608532258775	1	0	1	0.3746709429563021
165200.0	500.0	2527.060853226022	0.0	0	436.8189540228923	2727.0608532258775	1	0	1	0.3746709429563012
166200.0	500.0	2527.0608532260126	0.0	0	302.4484057392983	2727.0608532258775	1	0	1	0.3746709429563012
167200.0	500.0	2527.060853226022	0.0	0	593.9967698412074	2727.0608532258775	1	0	1	0.3746709429563012
168200.0	500.0	2527.0608532260558	0.0	0	507.718748419662	2727.0608532258775	1	0	1	0.3746709429563012
169200.0	500.0	2527.0608532260594	0.0	0	605.0550152545038	2727.0608532258775	1	0	1	0.3746709429563012
170200.0	500.0	2527.0608532260867	0.0	0	461.3130534119264	2727.0608532258484	1	0	1	0.3746709429563053
171200.0	1000.0	2427.0608532261126	0.0	0	127.82824739115313	2627.0608532259066	1	0	2	-0.016058942708006174
172809.01604366145	1000.0	1818.0448095646466	0.0	0	0.0	2627.0608532259066	1	0	1	0.881255412021198
173985.31280395377	1000.0	1641.74804927236	0.0	0	0.0	2627.0608532259066	1	0	1	1.0812554120211981
174940.30741177674	1000.0	1686.753441449396	0.0	0	0.0	2627.0608532259066	1	0	1	1.0812554120211981
176101.01843946325	1000.0	1526.0424137628813	0.0	0	0.0	2627.0608532259066	1	0	1	1.0812554120211981
176861.39258428957	1000.0	1689.6308544539324	0.0	0	0.0	2551.0234387432865	1	0	2	0.688212906157625
177922.61463855652	1000.0	1628.4088001869588	0.0	0	0.0	2551.0234387432865	1	0	1	0.8906657163575887
179133.75060798335	1000.0	1417.2728307601426	0.0	0	0.0	2551.0234387432865	1	0	1	1.0906657163575888
180722.2441942282	1000.0	828.7792445153166	0.0	0	0.0	2551.0234387432574	1	0	1	1.0906657163575904
181230.67861787186	500.0	1320.344820871623	0.0	0	0.0	2551.0234387432283	1	0	1	-0.29562864476229483
181636.8184865832	500.0	1914.2049521602937	0.0	0	0.0	2551.0234387432283	1	0	1	0.39751853579765045
182200.0	500.0	2351.0234387435003	0.0	0	304.85111583807156	2551.0234387432574	1	0	1	0.3975185357976469
183200.0	500.0	2351.0234387435075	0.0	0	603.9231797709654	2551.0234387432283	1	0	1	0.39751853579764973
184200.0	500.0	2351.0234387435316	0.0	0	663.7523216095869	2551.0234387432283	1	0	1	0.39751853579765045
185200.0	500.0	2351.0234387435503	0.0	0	617.6364999456855	2551.0234387432283	1	0	1	0.39751853579765045
186200.0	1000.0	2351.0234387435476	0.0	0	76.7239440412668	2551.0234387432574	1	0	1	0.39751853579764707
187491.03577021335	1000.0	2059.987668530207	0.0	0	0.0	2551.0234387432574	1	0	1	1.0906657163575924
188577.6326537374	1000.0	1973.3907850061503	0.0	0	0.0	2551.0234387432574	1	0	1	1.0906657163575924
189253.85091100915	1000.0	2297.1725277344094	0.0	0	0.0	2551.0234387432283	1	0	1	1.090665716357596
190713.85584775291	1000.0	1837.16759099068	0.0	0	0.0	2551.0234387432574	1	0	1	1.0906657163575944
192483.13134386868	1000.0	1067.8920948749155	0.0	0	0.0	2551.0234387432574	1	0	1	1.0906657163575924
193655.1663479493	1000.0	895.8570907943332	0.0	0	0.0	2551.0234387432865	1	0	1	1.0906657163575888
194396.6438840482	1000.0	1154.3795546954648	0.0	0	0.0	2551.0234387432865	1	0	1	1.0906657163575888
195019.43439338575	1000.0	1531.5890453579318	0.0	0	0.0	2551.0234387433156	1	0	1	1.0906657163575855
196298.72654312386	1000.0	1252.2968956198426	0.0	0	0.0	2551.0234387432865	1	0	1	1.0906657163575888
197757.18096130627	1000.0	793.8424774374685	0.0	0	0.0	2551.0234387432865	1	0	1	1.0906657163575888
198525.14662553289	500.0	1025.8768132108607	0.0	0	0.0	2551.0234387432865	1	0	1	-0.2956286447623019
199142.3845091413	500.0	1408.6389296024306	0.0	0	0.0	2551.0234387432865	1	0	1	0.3975185357976435
199730.8917753678	500.0	1820.131663375918	0.0	0	0.0	2551.0234387432865	1	0	1	0.3975185357976435
200340.1077069444	500.0	2210.9157317993204	0.0	0	0.0	2551.0234387432865	1	0	1	0.3975185357976435
201200.0	500.0	2351.0234387437163	0.0	0	142.17351229587803	2551.0234387432865	1	0	1	0.3975185357976435
202200.0	500.0	2351.0234387437054	0.0	0	185.63461298550828	2551.0234387432574	1	0	1	0.3975185357976469
203200.0	500.0	2351.0234387437113	0.0	0	176.11695226604934	2551.0234387432574	1	0	1	0.3975185357976469
204200.0	500.0	2351.02343874373	0.0	0	367.71312357953866	2551.0234387432865	1	0	1	0.3975185357976435
205200.0	500.0	2351.023438743751	0.0	0	519.339713435329	2551.0234387432574	1	0	1	0.3975185357976469
206627.29859686474	500.0	1923.7248418789834	0.0	0	0.0	2551.0234387432574	1	0	1	0.3975185357976469
207254.48267808574	500.0	2296.5407606579683	0.0	0	0.0	2551.0234387432574	1	0	1	0.3975185357976469
208200.0	500.0	2351.0234387437363	0.0	0	362.8457868823607	2551.0234387432865	1	0	1	0.3975185357976435
209200.0	500.0	2351.0234387437204	0.0	0	468.43664723762777	2551.0234387432865	1	0	1	0.3975185357976435
210200.0	500.0	2351.0234387437126	0.0	0	164.57827637676382	2551.0234387432865	1	0	1	0.3975185357976435
211200.0	500.0	2351.023438743689	0.0	0	297.38611758491606	2551.0234387432865	1	0	1	0.3975185357976435
212200.0	500.0	2351.023438743702	0.0	0	467.0050081064401	2551.0234387432865	1	0	1	0.3975185357976435
213200.0	500.0	2351.023438743698	0.0	0	701.6640466249664	2551.0234387432574	1	0	1	0.3975185357976462
214200.0	500.0	2351.0234387437145	0.0	0	717.7120213545859	2551.0234387432574	1	0	1	0.3975185357976469
215200.0	500.0	2351.0234387437054	0.0	0	495.2487202071643	2551.0234387432865	1	0	1	0.3975185357976442
216200.0	500.0	2351.023438743709	0.0	0	566.3655578744365	2551.0234387432865	1	0	1	0.3975185357976435
217200.0	500.0	2351.0234387436917	0.0	0	571.9666003134625	2551.0234387432865	1	0	1	0.3975185357976435
218200.0	500.0	2351.023438743718	0.0	0	519.7720420403057	2551.0234387433156	1	0	1	0.39751853579763996
219200.0	1000.0	2251.023438743732	0.0	0	169.10796139063314	2451.0234387433447	1	0	2	0.00546395000212746
220200.0	1000.0	2251.023438743736	0.0	0	255.08118163904874	2451.0234387433447	1	0	1	0.9020618317180674
221820.93656872597	1000.0	1630.086870017775	0.0	0	0.0	2451.0234387433447	1	0	1	1.1020618317180677
223342.35061430128	1000.0	1108.6728244424792	0.0	0	0.0	2451.0234387433447	1	0	1	1.1020618317180677
224315.26660003792	500.0	1135.7568387058593	0.0	0	0.0	2451.0234387433447	1	0	1	-0.2842325294018233
225476.57902318475	500.0	974.4444155590334	0.0	0	0.0	2451.023438743374	1	0	1	0.408914651158119
226011.7630032779	500.0	1439.2604354658724	0.0	0	0.0	2451.023438743374	1	0	1	0.408914651158119
226664.94655608546	500.0	1786.076882658328	0.0	0	0.0	2451.023438743374	1	0	1	0.408914651158119
227200.0	500.0	2251.0234387438386	0.0	0	6.485378547135042	2451.023438743374	1	0	1	0.408914651158119
228200.0	500.0	2251.0234387438345	0.0	0	578.5005041377153	2451.023438743374	1	0	1	0.408914651158119
229200.0	500.0	2251.023438743808	0.0	0	611.7031829356856	2451.023438743374	1	0	1	0.408914651158119
230200.0	500.0	2251.0234387437545	0.0	0	460.92062509208336	2451.0234387433447	1	0	1	0.4089146511581221
231200.0	500.0	2251.023438743714	0.0	0	637.9942187841807	2451.0234387433156	1	0	1	0.4089146511581253
232200.0	500.0	2251.0234387437235	0.0	0	575.9566313919495	2451.0234387433156	1	0	1	0.4089146511581253
233200.0	500.0	2251.0234387437267	0.0	0	446.1238867213833	2451.0234387433156	1	0	1	0.4089146511581253
234200.0	500.0	2251.023438743706	0.0	0	403.8377726348408	2451.0234387433156	1	0	1	0.4089146511581253
235200.0	500.0	2251.023438743706	0.0	0	565.1033876668662	2451.0234387433156	1	0	1	0.4089146511581253
236200.0	500.0	2251.0234387437176	0.0	0	449.4591245834599	2451.0234387433447	1	0	1	0.4089146511581221
237200.0	500.0	2251.0234387437395	0.0	0	331.097741745034	2451.0234387433156	1	0	1	0.4089146511581253
238200.0	500.0	2251.023438743717	0.0	0	518.1830915982719	2451.0234387433156	1	0	1	0.4089146511581253
239200.0	500.0	2251.0234387437176	0.0	0	649.4161509443657	2451.0234387433156	1	0	1	0.4089146511581253
240200.0	500.0	2251.023438743723	0.0	0	549.5161119811528	2451.0234387432865	1	0	1	0.4089146511581285
241200.0	500.0	2251.023438743734	0.0	0	548.8588500350306	2451.0234387432574	1	0	1	0.4089146511581316
242200.0	500.0	2251.023438743766	0.0	0	595.5540050914278	2451.0234387432865	1	0	1	0.4089146511581291
243200.0	1000.0	2251.0234387437986	0.0	0	229.71316627727356	2451.0234387432865	1	0	1	0.4089146511581285
244238.1951636605	1000.0	2212.828275083314	0.0	0	0.0	2451.0234387432865	1	0	1	1.102061831718074
245530.62685485554	1000.0	1920.3965838882941	0.0	0	0.0	2451.0234387432865	1	0	1	1.102061831718074
246275.32387336175	1000.0	2175.6995653820577	0.0	0	0.0	2451.0234387432865	1	0	1	1.102061831718074
247213.74519115628	1000.0	2237.2782475875288	0.0	0	0.0	2451.0234387432865	1	0	1	1.102061831718074
248200.0	1000.0	2251.0234387438127	0.0	0	257.4317187559791	2451.0234387432574	1	0	1	1.102061831718077
249456.96348097525	1000.0	1994.0599577685505	0.0	0	0.0	2451.023438743199	1	0	1	1.1020618317180808
250260.28616645417	1000.0	2190.73727228962	0.0	0	0.0	2451.023438743199	1	0	1	1.1020618317180835
251481.33726270602	1000.0	1969.6861760377783	0.0	0	0.0	2451.0234387432283	1	0	1	1.1020618317180801
252437.75042639172	1000.0	2013.2730123521023	0.0	0	0.0	2451.0234387432574	1	0	1	1.1020618317180797
253200.0	500.0	2251.0234387438177	0.0	0	430.639201466518	2451.0234387432865	1	0	1	-0.2842325294018168
254200.0	500.0	2251.0234387438104	0.0	0	731.4309055925987	2451.0234387432865	1	0	1	0.4089146511581285
255200.0	500.0	2251.0234387437968	0.0	0	297.4629354150966	2451.0234387432574	1	0	1	0.4089146511581316
256200.0	500.0	2251.0234387437863	0.0	0	353.68516977207037	2451.0234387432574	1	0	1	0.4089146511581316
257200.0	500.0	2251.02343874376	0.0	0	517.031877790112	2451.0234387432574	1	0	1	0.4089146511581316
258200.0	500.0	2251.0234387437795	0.0	0	335.8546724523185	2451.0234387432574	1	0	1	0.4089146511581316
259200.0	500.0	2251.023438743783	0.0	0	421.5626158309169	2451.0234387432574	1	0	1	0.4089146511581316
260200.0	500.0	2251.0234387438086	0.0	0	442.23188046287396	2451.0234387432865	1	0	1	0.4089146511581285
261200.0	500.0	2251.0234387437827	0.0	0	481.9224535850226	2451.0234387432865	1	0	1	0.4089146511581285
262200.0	500.0	2251.0234387437954	0.0	0	338.1664872265246	2451.0234387433156	1	0	1	0.4089146511581253
263200.0	500.0	2251.023438743778	0.0	0	490.1690024890122	2451.0234387432865	1	0	1	0.4089146511581259
264200.0	500.0	2251.023438743744	0.0	0	521.5544110943447	2451.0234387432865	1	0	1	0.4089146511581291
265200.0	500.0	2251.0234387437595	0.0	0	547.5544473392074	2451.0234387432574	1	0	1	0.4089146511581322
266200.0	500.0	2251.0234387437263	0.0	0	608.9109171010787	2451.0234387432574	1	0	1	0.4089146511581316
267200.0	500.0	2251.0234387437245	0.0	0	512.4096963281045	2451.023438743199	1	0	1	0.4089146511581379
268200.0	500.0	2251.0234387437004	0.0	0	534.0987622311804	2451.023438743199	1	0	1	0.4089146511581379
269200.0	500.0	2251.0234387436844	0.0	0	570.4488261904335	2451.0234387432574	1	0	1	0.4089146511581328
270200.0	500.0	2251.0234387436385	0.0	0	515.6468808983918	2451.0234387432574	1	0	1	0.4089146511581316
271200.0	500.0	2251.0234387436385	0.0	0	283.3110449972446	2451.0234387433156	1	0	1	0.4089146511581253
272471.2049710144	1000.0	1979.8184677292766	0.0	0	0.0	2451.0234387432574	1	0	1	0.40891465115813164
273300.2130528053	1000.0	2150.8103859383928	0.0	0	0.0	2451.0234387432574	1	0	1	1.102061831718077
274208.01389656414	1000.0	2243.009542179522	0.0	0	0.0	2451.0234387432574	1	0	1	1.102061831718077
275200.0	1000.0	2251.0234387437026	0.0	0	330.0150543630589	2451.0234387433156	1	0	1	1.1020618317180708
276200.0	1000.0	2251.0234387437304	0.0	0	119.47762998891994	2451.0234387432574	1	0	1	1.102061831718077
277304.6870519143	1000.0	2146.336386829504	0.0	0	0.0	2451.0234387432574	1	0	1	1.102061831718077
278200.0	1000.0	2251.0234387437386	0.0	0	115.88649587018881	2451.0234387433156	1	0	1	1.1020618317180708
279200.0	1000.0	2251.023438743759	0.0	0	35.968265613599215	2451.0234387433156	1	0	1	1.1020618317180708
280206.2992229486	1000.0	2244.7242157951077	0.0	0	0.0	2451.0234387433156	1	0	1	1.1020618317180708
281200.0	1000.0	2251.0234387437285	0.0	0	45.04490022396203	2451.023438743374	1	0	1	1.1020618317180644
282200.0	1000.0	2251.02343874375	0.0	0	170.68199820187874	2451.023438743432	1	0	1	1.102061831718058
283575.1194026593	1000.0	1875.9040360844472	0.0	0	0.0	2451.0234387434903	1	0	1	1.1020618317180568
284739.01828699315	1000.0	1712.0051517506051	0.0	0	0.0	2451.0234387435485	1	0	1	1.102061831718048
285672.2137288313	1000.0	1778.8097099124889	0.0	0	0.0	2451.0234387435485	1	0	1	1.1020618317180455
286761.7932887238	1000.0	1689.2301500200065	0.0	0	0.0	2451.0234387436067	1	0	1	1.102061831718043
287913.11236036086	1000.0	1537.91107838294	0.0	0	0.0	2451.0234387436067	1	0	1	1.1020618317180393
289006.09022956836	1000.0	1444.933209175419	0.0	0	0.0	2451.0234387436067	1	0	1	1.1020618317180393
290634.68306075846	1000.0	816.3403779853277	0.0	0	0.0	2451.023438743665	1	0	1	1.1020618317180328
291644.2758120347	1000.0	806.7476267090898	0.0	0	0.0	2451.023438743665	1	0	1	1.1020618317180328
293083.09796998405	1000.0	367.9254687597355	0.0	0	0.0	2451.023438743723	1	0	1	1.102061831718029
293724.5463962737	500.0	741.667393661793	15.1903511917116	0	0.0	2466.2137899353984	1	0	1	-0.3770373626382172
294332.8078494652	500.0	1133.405940470253	0.0	0	0.0	2466.2137899353984	1	0	1	0.40725192507199776
294731.81268403825	500.0	1734.4011058972656	0.0	0	0.0	2466.2137899353984	1	0	1	0.40725192507199776
295200.0	500.0	2266.2137899355466	0.0	0	134.74250543123344	2466.2137899354566	1	0	1	0.4072519250719913
296200.0	500.0	2266.21378993554	0.0	0	581.8491385889356	2466.2137899354566	1	0	1	0.4072519250719913
297200.0	500.0	2266.213789935551	0.0	0	425.4374132237281	2466.2137899354566	1	0	1	0.4072519250719913
298200.0	500.0	2266.213789935613	0.0	0	353.78054362221155	2466.2137899354566	1	0	1	0.4072519250719913
299200.0	500.0	2266.2137899356303	0.0	0	162.51438787189545	2466.2137899354566	1	0	1	0.4072519250719913
300200.0	500.0	2266.213789935596	0.0	0	390.6958985630772	2466.2137899354566	1	0	1	0.4072519250719913
1.14	0.95	0.89	1.22	1.45	0.79	1.09	0.61	1.17	1.42	0.81	1.0	1.24	1.22	1.01	0.92	0.9	0.71	0.73	0.74	1.15	1.16	1.04	0.89	0.68	0.73	0.95	1.78	1.52	0.94	1.14	0.75	0.65	1.18	1.26	0.86	0.81	0.75	0.95	1.18	1.4	0.73	0.63	0.83	0.98	0.89	0.75	0.7	0.75	0.74	1.0	0.38	0.6	0.98	1.24	0.73	0.81	1.39	2.05	1.68	0.82	1.02	0.96	1.31	1.82	1.37	0.65	0.64	0.46	0.57	0.44	0.94	0.94	1.11	0.91	1.31	1.4	0.96	0.73	0.85	1.3	0.89	1.12	1.29	1.51	1.46	1.67	1.4	1.15	0.97	0.81	1.36	1.49	0.94	0.88	1.22	0.83	1.24	1.58	1.56	0.78	0.72	0.9	1.0	1.07	0.83	0.82	1.1	1.14	1.17	1.6	1.07	1.16	1.37	1.29	1.19	0.57	0.83	1.16	1.47	1.4	1.46	1.11	1.34	1.08	0.86	1.22	1.12	0.97	0.97	1.12	0.89	0.59	0.74	0.86	0.8	0.98	0.93	0.7	1.03	1.19	0.95	0.61	0.66	0.76	1.15	0.59	0.46	0.67	1.05	1.14	0.95	0.89	1.22	1.45	0.79	1.09	0.61	1.17	1.42	0.81	1.0	1.24	1.22	1.01	0.92	0.9	0.71	0.73	0.74	1.15	1.16	1.04	0.89	0.68	0.73	0.95	1.78	1.52	0.94	1.14	0.75	0.65	1.18	1.26	0.86	0.81	0.75	0.95	1.18	1.4	0.73	0.63	0.83	0.98	0.89	0.75	0.7	0.75	0.74	1.0	0.38	0.6	0.98	1.24	0.73	0.81	1.39	2.05	1.68	0.82	1.02	0.96	1.31	1.82	1.37	0.65	0.64	0.46	0.57	0.44	0.94	0.94	1.11	0.91	1.31	1.4	0.96	0.73	0.85	1.3	0.89	1.12	1.29	1.51	1.46	1.67	1.4	1.15	0.97	0.81	1.36	1.49	0.94	0.88	1.22	0.83	1.24	1.58	1.56	0.78	0.72	0.9	1.0	1.07	0.83	0.82	1.1	1.14	1.17	1.6	1.07	1.16	1.37	1.29	1.19	0.57	0.83	1.16	1.47	1.4	1.46	1.11	1.34	1.08	0.86	1.22	1.12	0.97	0.97	1.12	0.89	0.59	0.74	0.86	0.8	0.98	0.93	0.7	1.03	1.19	0.95	0.61	0.66	0.76	1.15	0.59	0.46	0.67	1.05
1.0	2.0	3.0	4.0	5.0	6.0	7.0	8.0	9.0	10.0	11.0	12.0	13.0	14.0	15.0	16.0	17.0	18.0	19.0	20.0	21.0	22.0	23.0	24.0	25.0	26.0	27.0	28.0	29.0	30.0	31.0	32.0	33.0	34.0	35.0	36.0	37.0	38.0	39.0	40.0	41.0	42.0	43.0	44.0	45.0	46.0	47.0	48.0	49.0	50.0	51.0	52.0	53.0	54.0	55.0	56.0	57.0	58.0	59.0	60.0	61.0	62.0	63.0	64.0	65.0	66.0	67.0	68.0	69.0	70.0	71.0	72.0	73.0	74.0	75.0	76.0	77.0	78.0	79.0	80.0	81.0	82.0	83.0	84.0	85.0	86.0	87.0	88.0	89.0	90.0	91.0	92.0	93.0	94.0	95.0	96.0	97.0	98.0	99.0	100.0	101.0	102.0	103.0	104.0	105.0	106.0	107.0	108.0	109.0	110.0	111.0	112.0	113.0	114.0	115.0	116.0	117.0	118.0	119.0	120.0	121.0	122.0	123.0	124.0	125.0	126.0	127.0	128.0	129.0	130.0	131.0	132.0	133.0	134.0	135.0	136.0	137.0	138.0	139.0	140.0	141.0	142.0	143.0	144.0	145.0	146.0	147.0	148.0	149.0	149.0	150.0	151.0	152.0	153.0	154.0	155.0	156.0	157.0	158.0	159.0	160.0	161.0	162.0	163.0	164.0	165.0	166.0	167.0	168.0	169.0	170.0	171.0	172.0	173.0	174.0	175.0	176.0	177.0	178.0	179.0	180.0	181.0	182.0	183.0	184.0	185.0	186.0	187.0	188.0	189.0	190.0	191.0	192.0	193.0	194.0	195.0	196.0	197.0	198.0	199.0	200.0	201.0	202.0	203.0	204.0	205.0	206.0	207.0	208.0	209.0	210.0	211.0	212.0	213.0	214.0	215.0	216.0	217.0	218.0	219.0	220.0	221.0	222.0	223.0	224.0	225.0	226.0	227.0	228.0	229.0	230.0	231.0	232.0	233.0	234.0	235.0	236.0	237.0	238.0	239.0	240.0	241.0	242.0	243.0	244.0	245.0	246.0	247.0	248.0	249.0	250.0	251.0	252.0	253.0	254.0	255.0	256.0	257.0	258.0	259.0	260.0	261.0	262.0	263.0	264.0	265.0	266.0	267.0	268.0	269.0	270.0	271.0	272.0	273.0	274.0	275.0	276.0	277.0	278.0	279.0	280.0	281.0	282.0	283.0	284.0	285.0	286.0	287.0	288.0	289.0	290.0	291.0	292.0	293.0	294.0	295.0	296.0	297.0	298.0	298.0
5431.175504538681
