4676.124448668933	300.0	2000.0	177.56688497982228	0	0.0	4676.124448668933	1	0	1	-1.8699308690350636
4861.226689295234	300.0	2796.387535311068	0.0	0	0.0	4657.614224606302	1	0	2	-1.2211507753687216
5107.165943598986	500.0	3525.8543555769415	0.0	0	0.0	4633.020299175927	1	0	2	-1.0063600457902706
5327.343337147821	500.0	4283.659222673225	0.0	0	0.0	4611.002559821045	1	0	2	-0.48062765152514936
6200.0	500.0	4323.736893535828	0.0	0	651.8233699401562	4523.736893535827	1	0	2	-0.44736546736554106
7200.0	500.0	4223.736893535828	0.0	0	810.8209398795389	4423.736893535828	1	0	2	-0.3877511160152839
8200.0	1000.0	4123.736893535829	0.0	0	688.2452887145828	4323.736893535828	1	0	2	-0.33132772821385303
9200.0	1000.0	4023.7368935358268	0.0	0	718.6533047820267	4223.736893535826	1	0	2	0.4145677383299127
10228.912213446865	2000.0	3891.9334587442736	0.0	0	0.0	4120.845672191139	1	0	2	0.4716624002763761
11949.302614680631	3000.0	2999.5040173871307	0.0	0	0.0	3948.80663206776	1	0	2	1.2272612492840678
13696.94951967262	3000.0	2077.0924218959435	0.0	0	0.0	3774.041941568561	1	0	2	1.707959248138948
14812.04704435036	3000.0	1850.4851447504288	0.0	0	0.0	3662.532189100788	1	0	2	1.7520751997721666
16001.568689038726	3000.0	1542.0113355932247	0.0	0	0.0	3543.5800246319504	1	0	2	1.7879208650059415
16678.707561764055	2000.0	1864.8724628678983	0.0	0	0.0	3543.580024631954	1	0	1	0.9856640310609552
17444.51330714831	2000.0	2099.0667174836403	0.0	0	0.0	3543.580024631954	1	0	1	1.59112913916912
18021.09519335679	2000.0	2522.484831275166	0.0	0	0.0	3543.5800246319595	1	0	1	1.5911291391691187
18488.56612855949	2000.0	3055.0138960724626	0.0	0	0.0	3543.5800246319595	1	0	1	1.5911291391691178
19200.0	2000.0	3343.580024631949	0.0	0	57.047288933037635	3543.5800246319577	1	0	1	1.5911291391691187
20200.0	3000.0	3243.580024631944	0.0	0	85.12281304706994	3443.580024631956	1	0	2	1.2106887603814016
21200.0	3000.0	3143.5800246319445	0.0	0	453.75507491429016	3343.580024631956	1	0	2	1.840411330064497
22200.0	3000.0	3043.5800246319413	0.0	0	252.72617383858233	3243.580024631956	1	0	2	1.8654040925183581
23432.62351892414	3000.0	2810.9565057077994	0.0	0	0.0	3243.580024631956	1	0	1	1.8735751999073889
24641.570889217943	3000.0	2602.0091354139995	0.0	0	0.0	3243.580024631956	1	0	1	2.073575199907389
25626.876563537193	3000.0	2518.1728936628224	0.0	0	0.0	3145.0494572000243	1	0	2	1.6896658363683148
26583.675500160003	3000.0	2561.3739570400116	0.0	0	0.0	3145.0494572000243	1	0	1	1.8947716624368764
28373.491654212736	3000.0	1771.557802987276	0.0	0	0.0	3145.0494572000243	1	0	1	2.0947716624368766
29457.21738185753	3000.0	1687.8320753424894	0.0	0	0.0	3145.0494572000243	1	0	1	2.0947716624368766
30572.223075274407	3000.0	1461.325812583924	0.0	0	0.0	3033.5488878583383	1	0	2	1.7101497265715961
32618.627214059037	3000.0	414.92167379929583	0.0	0	0.0	3033.5488878583383	1	0	1	1.916616703996084
33395.81465881465	2000.0	580.4030431247802	18.534144142410128	0	0.0	2976.217701939433	1	0	2	0.8015464754914673
33983.810285573236	2000.0	992.407416366195	0.0	0	0.0	2976.2177019394403	1	0	1	1.5215586418984355
34508.13441673999	2000.0	1468.0832851994476	0.0	0	0.0	2976.217701939444	1	0	1	1.7215586418984343
35082.15635922202	2000.0	1894.0613427174114	0.0	0	0.0	2976.2177019394367	1	0	1	1.7215586418984352
35798.57758835399	2000.0	2177.6401135854385	0.0	0	0.0	2976.2177019394367	1	0	1	1.7215586418984354
36286.20455486155	2000.0	2690.0131470778842	0.0	0	0.0	2976.2177019394367	1	0	1	1.7215586418984354
37200.0	2000.0	2776.21770193943	0.0	0	188.38076024744805	2976.2177019394367	1	0	1	1.7215586418984354
38200.0	2000.0	2776.217701939425	0.0	0	79.16964775363158	2976.2177019394367	1	0	1	1.7215586418984354
39200.0	2000.0	2776.2177019394203	0.0	0	321.58768128164957	2976.2177019394367	1	0	1	1.7215586418984354
40494.122634817795	3000.0	2482.0950671216287	0.0	0	0.0	2976.217701939444	1	0	1	1.7215586418984343
42482.885335147635	3000.0	1493.3323667917925	0.0	0	0.0	2976.217701939444	1	0	1	2.127023750006599
44211.597084089764	3000.0	764.6206178496687	0.0	0	0.0	2976.217701939444	1	0	1	2.127023750006599
45549.63581122421	3000.0	426.58189071522565	0.0	0	0.0	2976.217701939444	1	0	1	2.127023750006599
46281.68180881803	2000.0	694.5358931214091	0.0	0	0.0	2976.217701939451	1	0	1	1.3160935337902682
46791.293563081614	2000.0	1184.9241388578253	0.0	0	0.0	2976.217701939451	1	0	1	1.7215586418984328
47271.819883678	2000.0	1704.3978182614444	0.0	0	0.0	2976.2177019394585	1	0	1	1.7215586418984312
47900.194805585386	2000.0	2076.0228963540576	0.0	0	0.0	2976.2177019394585	1	0	1	1.7215586418984312
48791.96007658271	3000.0	2184.257625356723	0.0	0	0.0	2976.217701939451	1	0	1	1.721558641898433
50482.296297392284	3000.0	1493.9214045471547	0.0	0	0.0	2976.217701939451	1	0	1	2.1270237500065976
51836.53618932018	3000.0	1139.681512619257	0.0	0	0.0	2976.217701939451	1	0	1	2.1270237500065976
53241.9781851244	3000.0	593.6953172346177	0.0	0	0.0	2835.67350235903	1	0	2	1.7436840307738013
54838.91422499091	2000.0	340.5049113209378	343.74563395283747	0	0.0	3179.4191363118516	1	0	1	-0.984258432568857
55866.12104362605	2000.0	487.4154681152081	174.1173754293992	0	0.0	3353.5365117412584	1	0	1	0.5974769636163755
56520.20413352312	2000.0	833.3323782181426	0.0	0	0.0	3353.5365117412584	1	0	1	1.6421812161927707
57146.9868178663	2000.0	1206.5496938749534	0.0	0	0.0	3353.536511741251	1	0	1	1.6421812161927727
58177.30553913387	2000.0	1176.2309726073852	0.0	0	0.0	3353.536511741251	1	0	1	1.6421812161927727
59889.82825462419	2000.0	463.70825711707306	0.0	0	0.0	3353.5365117412584	1	0	1	1.6421812161927707
60580.05379784341	1000.0	773.482713897852	0.0	0	0.0	3353.5365117412584	1	0	1	0.25588685507288056
61219.51959169202	1000.0	1134.0169200492287	0.0	0	0.0	3353.536511741251	1	0	1	0.9490340356328275
62009.84410526241	2000.0	1343.6924064788357	0.0	0	0.0	3353.536511741251	1	0	1	0.9490340356328275
62582.77917137748	1000.0	1770.7573403637725	0.0	0	0.0	3353.536511741251	1	0	1	0.25588685507288234
63009.889027937876	1000.0	2343.6474838033764	0.0	0	0.0	3353.536511741251	1	0	1	0.9490340356328275
63403.37889162198	1000.0	2910.808633750855	0.0	0	0.0	3314.187525372836	1	0	2	0.556502306765452
64200.0	1000.0	3034.5254145350386	0.0	0	438.9797852773481	3234.525414535048	1	0	2	0.76888689256224
65200.0	2000.0	2934.525414535037	0.0	0	489.6178970046094	3134.525414535048	1	0	2	0.7900881109744395
66200.0	2000.0	2834.525414535021	0.0	0	184.71648448442284	3034.5254145350336	1	0	2	1.5041147879332613
67200.0	2000.0	2834.5254145350336	0.0	0	125.41118031082442	3034.5254145350555	1	0	1	1.510969619390514
68449.03795964015	2000.0	2460.5836589308674	0.0	0	0.0	2909.6216185710364	1	0	2	1.3270523482878245
69554.88500121204	2000.0	2354.736617358975	0.0	0	0.0	2909.6216185710364	1	0	1	1.5329869311053088
70589.95812100793	2000.0	2216.156185583498	0.0	0	0.0	2806.1143065914657	1	0	2	1.3451601696633806
71290.25344626713	2000.0	2515.8608603243	0.0	0	0.0	2806.1143065914657	1	0	1	1.549424619882911
72200.0	2000.0	2606.114306591424	0.0	0	217.597925946553	2806.1143065914657	1	0	1	1.749424619882911
73200.0	2000.0	2606.1143065914193	0.0	0	45.69916090386687	2806.1143065914657	1	0	1	1.749424619882911
75540.1851633194	2000.0	1265.9291432720208	0.0	0	0.0	2806.1143065914657	1	0	1	1.749424619882911
76555.97612503263	2000.0	1250.1381815587938	0.0	0	0.0	2806.1143065914657	1	0	1	1.749424619882911
77208.38175160554	1000.0	1597.732554985869	0.0	0	0.0	2806.1143065914657	1	0	1	0.36313025876302096
77754.98910409259	1000.0	2051.125202498816	0.0	0	0.0	2806.1143065914657	1	0	1	1.0562774393229661
78200.0	1000.0	2561.613217000652	0.0	0	51.52632166171679	2761.6132170007186	1	0	2	0.6608984493488593
79200.0	1000.0	2461.613217000659	0.0	0	575.4111725368712	2661.6132170007186	1	0	2	0.8713059444087966
80200.0	1000.0	2461.6132170006535	0.0	0	641.5787862010184	2661.6132170007186	1	0	1	0.8767532200731353
81200.0	1000.0	2461.613217000667	0.0	0	552.8369419949158	2661.6132170007186	1	0	1	1.0767532200731353
82200.0	1000.0	2461.6132170006617	0.0	0	599.3349542212381	2661.613217000704	1	0	1	1.0767532200731373
83200.0	1000.0	2361.613217000676	0.0	0	360.10519140986435	2561.6132170007186	1	0	2	0.6847427533857382
84200.0	1000.0	2361.6132170006713	0.0	0	419.16967505490175	2561.613217000733	1	0	1	0.8893949611033131
85200.0	1000.0	2361.613217000674	0.0	0	555.6467424797447	2561.613217000733	1	0	1	1.0893949611033134
86200.0	1000.0	2361.6132170006767	0.0	0	573.1908046604367	2561.613217000733	1	0	1	1.0893949611033134
87200.0	1000.0	2361.6132170006817	0.0	0	671.9110845260875	2561.613217000733	1	0	1	1.0893949611033134
88200.0	2000.0	2361.613217000672	0.0	0	193.81770454171055	2561.6132170007186	1	0	1	1.0893949611033151
89946.89569335339	3000.0	1614.7175236473017	0.0	0	0.0	2561.6132170007186	1	0	1	1.7825421416632605
92059.02086546115	3000.0	502.5923515395489	0.0	0	0.0	2561.6132170007186	1	0	1	2.188007249771425
93570.10759825424	2000.0	213.41540104114236	221.90978229468058	0	0.0	2783.5229992953828	1	0	1	0.020644306206639818
94708.81098317882	2000.0	429.21355057501927	354.5015344584373	0	0.0	3138.0245337538217	1	0	1	-0.4362610538958353
95510.79649632696	2000.0	627.2280374268894	0.0	0	0.0	3138.0245337538217	1	0	1	1.6907481528547887
96416.46393718815	2000.0	721.5605965657024	0.0	0	0.0	3138.0245337538217	1	0	1	1.6907481528547887
97033.41899368183	2000.0	1104.6055400720268	0.0	0	0.0	3138.0245337538217	1	0	1	1.6907481528547887
97857.06133850988	2000.0	1280.963195243968	0.0	0	0.0	3138.0245337538217	1	0	1	1.6907481528547887
98988.60351886397	2000.0	1036.2667968544747	0.0	0	0.0	3024.870315718421	1	0	2	1.3068375699893129
101158.96884011406	2000.0	200.0	334.0985243956146	0	0.0	3358.96884011403	1	0	1	-0.5252472538727255
102015.21255055815	1000.0	569.5230393559154	225.7667498000068	0	0.0	3584.7355899140675	1	0	1	-1.1619487440999943
102725.37890565718	1000.0	859.3566842568728	0.0	0	0.0	3584.7355899140675	1	0	1	0.8857989352599921
103214.71324657489	1000.0	1321.0889092473958	0.0	0	0.0	3535.8021558223118	1	0	2	0.4967122898244158
103787.98506562818	1000.0	1690.4899082887673	0.0	0	0.0	3478.474973916964	1	0	2	0.7125166616190737
104281.68753347099	1000.0	2147.4171936616654	0.0	0	0.0	3429.104727132668	1	0	2	0.7266501039616207
104685.88467226372	1000.0	2743.2200548689484	0.0	0	0.0	3429.1047271326825	1	0	1	0.729722484760154
105231.91090236034	1000.0	3142.5912017626997	0.0	0	0.0	3374.502104123065	1	0	2	0.5405161461322993
106200.0	1000.0	3174.5021041230393	0.0	0	304.3633089209761	3374.502104123065	1	0	1	0.7438019435540695
107200.0	1000.0	3174.502104123037	0.0	0	272.44657826235925	3374.502104123065	1	0	1	0.9438019435540697
108200.0	1000.0	3174.502104123046	0.0	0	272.248871273594	3374.502104123065	1	0	1	0.9438019435540697
109200.0	1000.0	3174.502104123053	0.0	0	281.27346848689194	3374.502104123065	1	0	1	0.9438019435540697
110200.0	1000.0	3174.502104123042	0.0	0	314.21160844163387	3374.5021041230793	1	0	1	0.9438019435540662
111200.0	1000.0	3074.502104123044	0.0	0	490.22828735721123	3274.5021041230793	1	0	2	0.5587032761932518
113012.83541569387	2000.0	2080.3831468597637	0.0	0	0.0	3093.2185625536804	1	0	2	0.7971222354949314
113720.36956362816	1000.0	2372.848998925488	0.0	0	0.0	3093.2185625536804	1	0	1	0.11343872148467199
114209.08088753287	1000.0	2884.1376750207774	0.0	0	0.0	3093.2185625536804	1	0	1	1.0065859020446173
115200.0	1000.0	2893.218562553645	0.0	0	339.17129887525516	3093.2185625536804	1	0	1	1.0065859020446173
116200.0	1000.0	2893.2185625536454	0.0	0	515.1825576348492	3093.218562553695	1	0	1	1.0065859020446144
117200.0	1000.0	2893.2185625536395	0.0	0	649.7763063645107	3093.2185625536804	1	0	1	1.0065859020446173
118200.0	1000.0	2893.2185625536367	0.0	0	731.0675343604526	3093.218562553666	1	0	1	1.0065859020446202
119200.0	1000.0	2793.218562553641	0.0	0	712.0307837597356	2993.2185625536804	1	0	2	0.6179987387952074
120200.0	1000.0	2693.218562553641	0.0	0	452.97025845038297	2893.2185625536804	1	0	2	0.8358299314959327
121200.0	1000.0	2693.2185625536436	0.0	0	273.40475942102785	2893.218562553666	1	0	1	0.842549727396263
122200.0	1000.0	2693.2185625536454	0.0	0	392.8933815538185	2893.218562553666	1	0	1	1.0425497273962632
123200.0	1000.0	2693.218562553625	0.0	0	302.1506154951203	2893.218562553666	1	0	1	1.0425497273962632
124200.0	1000.0	2693.218562553629	0.0	0	314.0309672529838	2893.218562553666	1	0	1	1.0425497273962632
125200.0	1000.0	2693.2185625536367	0.0	0	349.8436768616666	2893.218562553666	1	0	1	1.0425497273962632
126286.66344094618	1000.0	2606.5551216074405	0.0	0	0.0	2893.218562553666	1	0	1	1.0425497273962632
127207.6735099006	1000.0	2685.5450526530267	0.0	0	0.0	2893.218562553666	1	0	1	1.0425497273962632
128200.0	1000.0	2693.218562553628	0.0	0	194.7760875926906	2893.218562553666	1	0	1	1.0425497273962632
129200.0	1000.0	2693.21856255363	0.0	0	223.2343308311829	2893.218562553666	1	0	1	1.0425497273962632
130200.0	1000.0	2693.218562553636	0.0	0	564.9128302539466	2893.218562553666	1	0	1	1.0425497273962632
131200.0	1000.0	2593.2185625536163	0.0	0	604.2663122673839	2793.218562553666	1	0	2	0.6520936134611293
132200.0	1000.0	2493.218562553632	0.0	0	603.1679405517352	2693.218562553695	1	0	2	0.8668967247912175
133200.0	1000.0	2493.2185625536686	0.0	0	558.1357345286233	2693.218562553753	1	0	1	0.8725061873963815
134200.0	1000.0	2493.218562553633	0.0	0	491.7115506756236	2693.218562553724	1	0	1	1.0725061873963821
135200.0	1000.0	2493.218562553638	0.0	0	534.6722631980083	2693.218562553753	1	0	1	1.0725061873963784
136200.0	1000.0	2493.2185625536304	0.0	0	478.1819277551549	2693.218562553753	1	0	1	1.0725061873963784
137200.0	1000.0	2493.218562553621	0.0	0	442.57360959923244	2693.218562553753	1	0	1	1.0725061873963784
138200.0	1000.0	2493.218562553604	0.0	0	160.30610471585533	2693.218562553753	1	0	1	1.0725061873963784
139200.0	1000.0	2493.2185625535926	0.0	0	548.6585708627244	2693.218562553724	1	0	1	1.0725061873963824
140200.0	1000.0	2493.2185625536104	0.0	0	336.1843665347842	2693.218562553724	1	0	1	1.0725061873963824
141209.76792888585	1000.0	2483.450633667751	0.0	0	0.0	2693.218562553724	1	0	1	1.0725061873963824
142610.53092694463	1000.0	2082.6876356089724	0.0	0	0.0	2693.218562553724	1	0	1	1.0725061873963824
143720.9265969582	1000.0	1972.291965595405	0.0	0	0.0	2693.218562553695	1	0	1	1.0725061873963864
144696.85554408486	1000.0	1996.3630184687227	0.0	0	0.0	2693.218562553666	1	0	1	1.0725061873963904
145563.98585693885	1000.0	2129.2327056147606	0.0	0	0.0	2693.218562553666	1	0	1	1.0725061873963904
146200.0	1000.0	2493.2185625536254	0.0	0	47.00249999688822	2693.218562553666	1	0	1	1.0725061873963904
147200.0	1000.0	2493.218562553642	0.0	0	590.9621296890255	2693.218562553666	1	0	1	1.0725061873963904
148200.0	1000.0	2493.2185625536413	0.0	0	525.5818606453249	2693.218562553666	1	0	1	1.0725061873963904
149200.0	1000.0	2493.2185625536376	0.0	0	97.48149033574737	2693.218562553666	1	0	1	1.0725061873963904
150200.0	1000.0	2493.21856255366	0.0	0	371.98476753680734	2693.218562553666	1	0	1	1.0725061873963904
151200.0	1000.0	2493.2185625536727	0.0	0	500.0638976773771	2693.218562553666	1	0	1	1.0725061873963904
152200.0	1000.0	2493.218562553652	0.0	0	402.77852395756054	2693.218562553666	1	0	1	1.0725061873963904
153200.0	1000.0	2493.2185625536395	0.0	0	200.1607676477579	2693.218562553666	1	0	1	1.0725061873963904
154200.0	1000.0	2493.2185625536517	0.0	0	591.0700516888173	2693.218562553666	1	0	1	1.0725061873963904
155200.0	1000.0	2493.218562553703	0.0	0	645.5856619242404	2693.218562553695	1	0	1	1.0725061873963864
156200.0	1000.0	2493.218562553701	0.0	0	575.6843099242833	2693.218562553695	1	0	1	1.0725061873963864
157200.0	1000.0	2493.218562553699	0.0	0	666.3780924154853	2693.218562553695	1	0	1	1.0725061873963864
158200.0	1000.0	2493.2185625537068	0.0	0	523.8572331453615	2693.218562553695	1	0	1	1.0725061873963864
159200.0	1000.0	2493.218562553712	0.0	0	600.8858295251266	2693.218562553695	1	0	1	1.0725061873963864
160200.0	1000.0	2493.2185625536995	0.0	0	487.64570134610403	2693.218562553695	1	0	1	1.0725061873963864
161200.0	1000.0	2493.2185625536836	0.0	0	389.97672319834237	2693.218562553695	1	0	1	1.0725061873963864
162200.0	1000.0	2493.2185625536813	0.0	0	186.9475198754808	2693.218562553695	1	0	1	1.0725061873963864
163200.0	1000.0	2493.2185625536595	0.0	0	384.7909904953558	2693.218562553695	1	0	1	1.0725061873963864
164200.0	1000.0	2493.218562553651	0.0	0	560.980213754432	2693.218562553695	1	0	1	1.0725061873963864
165200.0	1000.0	2493.2185625536135	0.0	0	619.2482374148967	2693.218562553695	1	0	1	1.0725061873963864
166200.0	1000.0	2493.218562553618	0.0	0	685.8464399800578	2693.218562553695	1	0	1	1.0725061873963864
167200.0	1000.0	2493.2185625536104	0.0	0	746.3227226486488	2693.218562553695	1	0	1	1.0725061873963864
168200.0	1000.0	2493.2185625535894	0.0	0	667.7444587530044	2693.218562553695	1	0	1	1.0725061873963864
169200.0	2000.0	2493.2185625536144	0.0	0	376.4481620727456	2693.218562553724	1	0	1	1.0725061873963821
170200.0	2000.0	2493.218562553622	0.0	0	618.8818850293756	2693.218562553724	1	0	1	1.7656533679563275
171200.0	3000.0	2493.218562553595	0.0	0	268.4844521910709	2693.218562553695	1	0	1	1.7656533679563318
172381.18484973218	3000.0	2312.033712821413	0.0	0	0.0	2693.218562553666	1	0	1	2.1711184760645
173405.99562796738	2000.0	2287.2229345862042	0.0	0	0.0	2693.218562553666	1	0	1	1.360188259848171
174242.26349647477	2000.0	2450.955066078808	0.0	0	0.0	2693.218562553666	1	0	1	1.7656533679563355
175200.0	2000.0	2493.2185625535703	0.0	0	194.02888122398872	2693.218562553666	1	0	1	1.7656533679563355
176278.14590503232	3000.0	2415.0726575212625	0.0	0	0.0	2693.218562553695	1	0	1	1.7656533679563318
178232.27758183226	3000.0	1460.9409807212905	0.0	0	0.0	2693.218562553666	1	0	1	2.1711184760644993
179617.6622670582	3000.0	1075.5562954953714	0.0	0	0.0	2693.218562553695	1	0	1	2.171118476064496
180968.1403728057	2000.0	725.0781897478336	0.0	0	0.0	2693.218562553695	1	0	1	1.360188259848167
181942.27564311665	2000.0	750.942919436873	0.0	0	0.0	2693.218562553695	1	0	1	1.7656533679563315
182644.58599076173	2000.0	1048.632571791832	0.0	0	0.0	2693.218562553724	1	0	1	1.7656533679563284
183378.50911155704	2000.0	1241.317138916944	0.0	0	0.0	2619.826250474114	1	0	2	1.3729432954467093
183960.48734578906	2000.0	1659.3389046849084	0.0	0	0.0	2619.826250474114	1	0	1	1.5753270268255095
184694.96403998538	2000.0	1924.8622104885824	0.0	0	0.0	2619.826250474085	1	0	1	1.7753270268255124
185294.38723571235	2000.0	2325.4390147616186	0.0	0	0.0	2619.826250474056	1	0	1	1.775327026825517
186200.0	2000.0	2419.8262504739673	0.0	0	67.14790956984507	2619.826250474027	1	0	1	1.7753270268255206
187200.0	2000.0	2419.8262504739664	0.0	0	311.3341196391848	2619.826250474056	1	0	1	1.775327026825517
188836.86373204307	3000.0	1782.962518430878	0.0	0	0.0	2619.826250474056	1	0	1	1.7753270268255186
190130.8664014885	3000.0	1488.959848985438	0.0	0	0.0	2619.826250474085	1	0	1	2.1807921349336783
192321.56401331944	3000.0	298.2622371545233	0.0	0	0.0	2619.826250474085	1	0	1	2.1807921349336783
193469.9687523938	2000.0	408.3327924344511	258.47529435428095	0	0.0	2878.3015448283986	1	0	1	-0.2181905390087016
194397.29225889538	2000.0	501.0050618374265	19.99577590458165	0	0.0	2898.2973207329924	1	0	1	1.6148875192725518
195034.51537051873	2000.0	863.7819502140808	0.0	0	0.0	2898.2973207329924	1	0	1	1.7348621747000381
195539.70294631904	2000.0	1358.5943744137633	0.0	0	0.0	2898.2973207329924	1	0	1	1.7348621747000381
196210.74347209078	2000.0	1687.5538486420096	0.0	0	0.0	2898.2973207329924	1	0	1	1.7348621747000381
196683.87746515236	2000.0	2214.419855580417	0.0	0	0.0	2898.2973207329633	1	0	1	1.7348621747000428
197775.66936963456	3000.0	2122.627951098221	0.0	0	0.0	2898.2973207329633	1	0	1	1.734862174700043
199549.41355130626	3000.0	1171.5093512593319	0.0	0	0.0	2720.9229025657696	1	0	2	1.758889107582989
200487.0514594172	2000.0	1233.8714431484207	0.0	0	0.0	2720.9229025657696	1	0	1	1.1563614318449555
201574.61520079273	2000.0	1146.3077017728765	0.0	0	0.0	2720.9229025657405	1	0	1	1.761826539953124
202718.04981914043	2000.0	1002.8730834251604	0.0	0	0.0	2720.9229025657114	1	0	1	1.7618265399531308
203720.33706226098	2000.0	1000.5858403046037	0.0	0	0.0	2720.9229025656823	1	0	1	1.7618265399531343
204537.52333975822	2000.0	1183.3995628073517	0.0	0	0.0	2720.9229025656823	1	0	1	1.761826539953135
205447.02195650348	2000.0	1273.900946062113	0.0	0	0.0	2720.9229025657114	1	0	1	1.761826539953134
206260.83643448976	2000.0	1460.0864680758257	0.0	0	0.0	2720.9229025657114	1	0	1	1.7618265399531308
207099.65882349337	2000.0	1621.2640790721973	0.0	0	0.0	2720.9229025656823	1	0	1	1.761826539953135
208349.19032244393	2000.0	1371.7325801216318	0.0	0	0.0	2720.922902565653	1	0	1	1.7618265399531388
210368.85579084358	2000.0	352.06711172198595	0.0	0	0.0	2720.922902565624	1	0	1	1.7618265399531396
210904.60933056235	1000.0	816.3135720032296	0.0	0	0.0	2720.922902565595	1	0	1	0.37553217883325674
211500.4740069447	1000.0	1220.4488956208625	0.0	0	0.0	2720.922902565595	1	0	1	1.0686793593932018
211835.02431693985	1000.0	1885.8985856257427	0.0	0	0.0	2720.922902565566	1	0	1	1.068679359393206
212299.18253804935	1000.0	2421.740364516258	0.0	0	0.0	2720.922902565595	1	0	1	1.0686793593932018
213200.0	1000.0	2520.9229025656477	0.0	0	602.4252911526128	2720.922902565595	1	0	1	1.0686793593932018
214200.0	1000.0	2520.9229025656573	0.0	0	627.2689844355918	2720.922902565624	1	0	1	1.0686793593931978
215200.0	1000.0	2520.9229025656596	0.0	0	605.7309468682797	2720.922902565624	1	0	1	1.0686793593931978
216200.0	1000.0	2420.922902565677	0.0	0	521.7104083965532	2620.922902565653	1	0	2	0.6769106518015922
217200.0	1000.0	2420.922902565683	0.0	0	475.4907274999423	2620.922902565653	1	0	1	0.8820401179082771
218200.0	1000.0	2420.922902565695	0.0	0	521.142649229063	2620.922902565653	1	0	1	1.0820401179082773
219200.0	1000.0	2420.9229025656928	0.0	0	399.0026990248007	2620.922902565653	1	0	1	1.0820401179082773
220200.0	1000.0	2420.922902565668	0.0	0	598.9797837165534	2620.922902565653	1	0	1	1.0820401179082773
221200.0	1000.0	2420.922902565681	0.0	0	513.3707439243153	2620.922902565653	1	0	1	1.0820401179082773
222200.0	2000.0	2420.922902565664	0.0	0	102.88871481519891	2620.922902565653	1	0	1	1.0820401179082773
223496.58366046264	2000.0	2124.339242103065	0.0	0	0.0	2620.922902565624	1	0	1	1.775187298468226
224845.70541733125	2000.0	1775.2174852344679	0.0	0	0.0	2620.922902565624	1	0	1	1.775187298468226
226138.95371515673	2000.0	1481.9691874089845	0.0	0	0.0	2620.922902565624	1	0	1	1.775187298468226
227339.86864676213	2000.0	1281.0542558035959	0.0	0	0.0	2620.922902565624	1	0	1	1.775187298468226
228072.15941220152	2000.0	1548.7634903642256	0.0	0	0.0	2620.922902565624	1	0	1	1.775187298468226
229043.85986584466	2000.0	1577.063036721091	0.0	0	0.0	2620.922902565624	1	0	1	1.775187298468226
229618.64849461854	2000.0	2002.2744079472109	0.0	0	0.0	2620.922902565624	1	0	1	1.775187298468226
230249.52076214083	2000.0	2371.402140424917	0.0	0	0.0	2620.922902565624	1	0	1	1.775187298468226
231200.0	2000.0	2420.9229025657437	0.0	0	215.01158498623408	2620.922902565595	1	0	1	1.77518729846823
232402.60626787128	2000.0	2218.3166346944827	0.0	0	0.0	2620.922902565595	1	0	1	1.77518729846823
233255.3186507233	2000.0	2365.604251842454	0.0	0	0.0	2620.922902565595	1	0	1	1.77518729846823
234200.0	2000.0	2420.9229025657346	0.0	0	136.74935786839342	2620.922902565595	1	0	1	1.77518729846823
235200.0	2000.0	2420.922902565738	0.0	0	439.54666767892195	2620.922902565595	1	0	1	1.77518729846823
236200.0	2000.0	2420.9229025657405	0.0	0	384.5062500562344	2620.922902565566	1	0	1	1.7751872984682335
237200.0	2000.0	2420.922902565742	0.0	0	320.4933060653566	2620.922902565537	1	0	1	1.775187298468237
238494.6184407272	2000.0	2126.3044618385434	0.0	0	0.0	2620.922902565537	1	0	1	1.775187298468237
240381.40579432645	2000.0	1239.5171082393208	0.0	0	0.0	2620.922902565537	1	0	1	1.7751872984682364
241407.61955246102	2000.0	1213.3033501047648	0.0	0	0.0	2620.922902565537	1	0	1	1.775187298468237
242773.65373393998	2000.0	847.2691686258026	0.0	0	0.0	2620.922902565537	1	0	1	1.775187298468237
243782.79034903768	2000.0	838.1325535281301	0.0	0	0.0	2620.922902565537	1	0	1	1.775187298468237
244696.95150560307	2000.0	923.9713969627635	0.0	0	0.0	2620.922902565566	1	0	1	1.7751872984682335
245237.86807582423	1000.0	1383.0548267415797	0.0	0	0.0	2620.922902565566	1	0	1	0.3888929373483432
245673.8161452219	1000.0	1947.1067573438702	0.0	0	0.0	2620.922902565566	1	0	1	1.0820401179082884
246200.0	1000.0	2420.9229025657787	0.0	0	11.57650863318122	2620.922902565566	1	0	1	1.0820401179082884
247200.0	1000.0	2420.9229025657723	0.0	0	368.3149839368416	2620.922902565537	1	0	1	1.0820401179082921
248200.0	1000.0	2420.9229025657787	0.0	0	435.93723716575187	2620.922902565537	1	0	1	1.0820401179082921
249200.0	1000.0	2320.922902565777	0.0	0	156.20460505218944	2520.9229025655077	1	0	2	0.6901519649764642
250414.0245761911	1000.0	2106.8983263746995	0.0	0	0.0	2520.922902565537	1	0	1	0.8942094987100193
251200.0	1000.0	2320.922902565777	0.0	0	219.20861939305905	2520.922902565537	1	0	1	1.0942094987100195
252200.0	1000.0	2320.9229025657655	0.0	0	541.7104079960554	2520.9229025655077	1	0	1	1.0942094987100228
253200.0	1000.0	2320.9229025657423	0.0	0	421.3813595600659	2520.9229025655077	1	0	1	1.0942094987100228
254200.0	1000.0	2320.9229025657273	0.0	0	606.1416926820821	2520.9229025655077	1	0	1	1.0942094987100228
255200.0	1000.0	2320.922902565725	0.0	0	99.21346381312469	2520.922902565537	1	0	1	1.0942094987100195
256200.0	1000.0	2320.9229025657123	0.0	0	127.80581787135452	2520.922902565537	1	0	1	1.0942094987100195
257200.0	1000.0	2320.9229025657296	0.0	0	417.6394415930845	2520.922902565537	1	0	1	1.0942094987100195
258200.0	1000.0	2320.922902565742	0.0	0	348.9334723854263	2520.922902565537	1	0	1	1.0942094987100195
259200.0	1000.0	2320.9229025657773	0.0	0	317.407327236695	2520.922902565566	1	0	1	1.0942094987100162
260200.0	1000.0	2320.9229025657733	0.0	0	275.8269501332543	2520.922902565537	1	0	1	1.0942094987100195
261200.0	1000.0	2320.9229025657555	0.0	0	59.32537147589028	2520.922902565537	1	0	1	1.0942094987100195
262200.0	1000.0	2320.92290256573	0.0	0	255.33849504074897	2520.9229025655077	1	0	1	1.0942094987100228
263200.0	1000.0	2320.922902565767	0.0	0	232.3171084545902	2520.922902565537	1	0	1	1.0942094987100202
264200.0	1000.0	2320.922902565708	0.0	0	560.1634456071188	2520.9229025654495	1	0	1	1.094209498710025
265200.0	1000.0	2320.922902565751	0.0	0	507.0249978216016	2520.9229025654495	1	0	1	1.0942094987100277
266200.0	1000.0	2320.9229025657196	0.0	0	643.4971135800006	2520.9229025654495	1	0	1	1.0942094987100297
267200.0	2000.0	2320.9229025656964	0.0	0	414.72321419778746	2520.9229025654495	1	0	1	1.0942094987100297
268200.0	2000.0	2320.922902565662	0.0	0	243.8459940770408	2520.9229025654495	1	0	1	1.7873566792699749
269836.8260059568	2000.0	1684.0968966088644	0.0	0	0.0	2520.9229025654495	1	0	1	1.7873566792699749
271944.68475527497	2000.0	576.2381472907921	0.0	0	0.0	2520.9229025655077	1	0	1	1.787356679269968
273183.15562953555	2000.0	415.4146653163675	77.64739228617248	0	0.0	2598.57029485167	1	0	1	1.3121228727954115
275030.99082841905	2000.0	200.0	632.4205335670692	0	0.0	3230.990828418813	1	0	1	-2.0917339903550265
276102.10549846565	1000.0	409.3141163956765	280.4287864422786	0	0.0	3511.419614861312	1	0	1	-1.4685071025859489
276878.34423179406	1000.0	633.0753830672634	0.0	0	0.0	3511.41961486137	1	0	1	0.9072127966276518
277801.59387626627	1000.0	617.5007741478315	0.0	0	0.0	3419.094650414132	1	0	2	0.5271990613023814
278365.980983072	1000.0	1053.1136673421022	0.0	0	0.0	3419.094650414132	1	0	1	0.7323533936839075
278832.9423583988	1000.0	1539.4561544826345	0.0	0	0.0	3372.398512881424	1	0	2	0.5411690663530834
279257.0040263296	1000.0	2072.988319758648	0.0	0	0.0	3329.9923460882274	1	0	2	0.7523068234415118
279760.24623095605	1000.0	2519.4218946695723	0.0	0	0.0	3279.6681256255833	1	0	2	0.7640406250907508
280237.18072190566	1000.0	2994.793954624933	0.0	0	0.0	3231.974676530517	1	0	2	0.774770697127265
281200.0	1000.0	2935.6927487210965	0.0	0	487.0419970843359	3135.6927487210487	1	0	2	0.7899854681107702
282200.0	2000.0	2835.692748721039	0.0	0	140.70736731850775	3035.6927487210487	1	0	2	0.8111987838633791
283421.4784997526	2000.0	2614.214248968478	0.0	0	0.0	3035.6927487210487	1	0	1	1.5107518753392108
284640.69508889614	2000.0	2394.997659824852	0.0	0	0.0	3035.6927487209905	1	0	1	1.7107518753392217
285910.26478755777	2000.0	2125.427961163206	0.0	0	0.0	3035.6927487209323	1	0	1	1.7107518753392326
287132.0134479062	2000.0	1903.6793008148284	0.0	0	0.0	3035.6927487209323	1	0	1	1.7107518753392326
288576.76142514776	2000.0	1314.456525848998	0.0	0	0.0	2891.21795099671	1	0	2	1.329773677478696
290257.2831390161	2000.0	633.9348119807214	0.0	0	0.0	2891.21795099671	1	0	1	1.5360246613266995
291818.78378497314	1000.0	207.87337282906435	135.43920680540072	0	0.0	3026.6571578021976	1	0	1	-0.4828195967111996
293060.01253451227	1000.0	396.4671453885953	429.82252209866243	0	0.0	3456.479679900862	1	0	1	-1.6565238511833154
294010.1459456656	1000.0	499.7981543731247	134.9797829574575	0	0.0	3509.9441000387887	1	0	2	-0.308744147016512
294573.1090499893	1000.0	936.835050049479	0.0	0	0.0	3509.944100038847	1	0	1	0.7076303157755948
295260.0848917649	1000.0	1249.8592082738412	0.0	0	0.0	3509.944100038847	1	0	1	0.9076303157755949
295836.1011568546	1000.0	1673.8429431841655	0.0	0	0.0	3509.944100038847	1	0	1	0.9076303157755949
296497.0701570368	1000.0	2012.8739430019402	0.0	0	0.0	3509.9441000387887	1	0	1	0.9076303157756115
297145.2491045769	1000.0	2299.877100707961	0.0	0	0.0	3445.126205284905	1	0	2	0.5207973879519637
297990.9061980224	1000.0	2369.6542979178903	0.0	0	0.0	3360.5604959403863	1	0	2	0.7418071197460949
298642.21260815725	1000.0	2718.3478877830294	0.0	0	0.0	3360.5604959403863	1	0	1	0.7472917335075258
299403.0115611137	1000.0	2957.5489348265733	0.0	0	0.0	3360.5604959404445	1	0	1	0.947291733507523
300231.26069185516	1000.0	3129.299804085146	0.0	0	0.0	3360.5604959404445	1	0	1	0.9472917335075115
2.61	2.46	2.95	3.32	2.75	2.31	2.72	1.4	1.61	2.15	2.81	3.37	3.5	3.43	4.0	4.4	4.91	4.61	2.51	2.1	2.34	2.88	2.86	1.83	2.41	2.65	1.65	2.1	2.76	3.32	3.31	3.34	3.13	2.54	2.31	2.37	2.22	1.85	1.87	2.34	2.85	3.45	3.98	4.15	2.77	1.66	1.95	2.07	1.7	1.27	1.99	2.53	2.46	2.51	0.88	1.01	1.63	2.15	2.91	3.46	3.45	2.37	2.56	1.96	1.51	2.22	2.28	2.46	2.02	1.0	1.07	1.49	1.84	2.28	2.26	2.64	3.39	2.1	2.0	2.62	3.21	3.53	3.53	2.53	1.6	1.33	1.01	2.18	1.55	1.96	1.96	2.28	2.59	1.63	1.41	1.04	1.12	1.58	2.09	2.42	1.95	1.34	1.49	1.66	1.95	1.66	1.68	1.36	1.58	1.64	2.13	2.7	3.42	4.03	2.9	1.41	1.22	1.25	1.39	1.77	1.41	1.05	0.93	1.27	1.76	2.37	2.86	2.32	1.7	1.67	2.13	2.43	1.98	1.6	1.83	1.77	1.07	0.75	0.87	0.95	1.39	2.06	2.27	1.63	1.33	1.84	1.46	1.62	1.63	2.35	2.61	2.46	2.95	3.32	2.75	2.31	2.72	1.4	1.61	2.15	2.81	3.37	3.5	3.43	4.0	4.4	4.91	4.61	2.51	2.1	2.34	2.88	2.86	1.83	2.41	2.65	1.65	2.1	2.76	3.32	3.31	3.34	3.13	2.54	2.31	2.37	2.22	1.85	1.87	2.34	2.85	3.45	3.98	4.15	2.77	1.66	1.95	2.07	1.7	1.27	1.99	2.53	2.46	2.51	0.88	1.01	1.63	2.15	2.91	3.46	3.45	2.37	2.56	1.96	1.51	2.22	2.28	2.46	2.02	1.0	1.07	1.49	1.84	2.28	2.26	2.64	3.39	2.1	2.0	2.62	3.21	3.53	3.53	2.53	1.6	1.33	1.01	2.18	1.55	1.96	1.96	2.28	2.59	1.63	1.41	1.04	1.12	1.58	2.09	2.42	1.95	1.34	1.49	1.66	1.95	1.66	1.68	1.36	1.58	1.64	2.13	2.7	3.42	4.03	2.9	1.41	1.22	1.25	1.39	1.77	1.41	1.05	0.93	1.27	1.76	2.37	2.86	2.32	1.7	1.67	2.13	2.43	1.98	1.6	1.83	1.77	1.07	0.75	0.87	0.95	1.39	2.06	2.27	1.63	1.33	1.84	1.46	1.62	1.63	2.35	2.61
1.0	2.0	3.0	4.0	5.0	6.0	7.0	8.0	9.0	10.0	11.0	12.0	13.0	14.0	15.0	16.0	17.0	18.0	19.0	20.0	21.0	22.0	23.0	24.0	25.0	26.0	27.0	28.0	29.0	30.0	31.0	32.0	33.0	34.0	35.0	36.0	37.0	38.0	39.0	40.0	41.0	42.0	43.0	44.0	45.0	46.0	47.0	48.0	49.0	50.0	51.0	52.0	53.0	54.0	55.0	56.0	57.0	58.0	59.0	60.0	61.0	62.0	63.0	64.0	65.0	66.0	67.0	68.0	69.0	70.0	71.0	72.0	73.0	74.0	75.0	76.0	77.0	78.0	79.0	80.0	81.0	82.0	83.0	84.0	85.0	86.0	87.0	88.0	89.0	90.0	91.0	92.0	93.0	94.0	95.0	96.0	97.0	98.0	99.0	100.0	101.0	102.0	103.0	104.0	105.0	106.0	107.0	108.0	109.0	110.0	111.0	112.0	113.0	114.0	115.0	116.0	117.0	118.0	119.0	120.0	121.0	122.0	123.0	124.0	125.0	126.0	127.0	128.0	129.0	130.0	131.0	132.0	133.0	134.0	135.0	136.0	137.0	138.0	139.0	140.0	141.0	142.0	143.0	144.0	145.0	146.0	147.0	148.0	149.0	149.0	150.0	151.0	152.0	153.0	154.0	155.0	156.0	157.0	158.0	159.0	160.0	161.0	162.0	163.0	164.0	165.0	166.0	167.0	168.0	169.0	170.0	171.0	172.0	173.0	174.0	175.0	176.0	177.0	178.0	179.0	180.0	181.0	182.0	183.0	184.0	185.0	186.0	187.0	188.0	189.0	190.0	191.0	192.0	193.0	194.0	195.0	196.0	197.0	198.0	199.0	200.0	201.0	202.0	203.0	204.0	205.0	206.0	207.0	208.0	209.0	210.0	211.0	212.0	213.0	214.0	215.0	216.0	217.0	218.0	219.0	220.0	221.0	222.0	223.0	224.0	225.0	226.0	227.0	228.0	229.0	230.0	231.0	232.0	233.0	234.0	235.0	236.0	237.0	238.0	239.0	240.0	241.0	242.0	243.0	244.0	245.0	246.0	247.0	248.0	249.0	250.0	251.0	252.0	253.0	254.0	255.0	256.0	257.0	258.0	259.0	260.0	261.0	262.0	263.0	264.0	265.0	266.0	267.0	268.0	269.0	270.0	271.0	272.0	273.0	274.0	275.0	276.0	277.0	278.0	279.0	280.0	281.0	282.0	283.0	284.0	285.0	286.0	287.0	288.0	289.0	290.0	291.0	292.0	293.0	294.0	295.0	296.0	297.0	298.0	298.0	299.0
4363.322379971042
