3525.200720574112	300.0	2000.0	278.02784042740586	0	0.0	3525.200720574112	1	0	1	-1.9519517809542286
3760.1839325789556	300.0	2741.5184667946714	0.0	0	0.0	3501.7023993736275	1	0	2	-0.6954905016969404
4220.8093685306885	300.0	3280.893030842938	0.0	0	0.0	3501.7023993736275	1	0	1	-0.49401995037962443
5200.0	300.0	3301.702399373626	0.0	0	647.0111533467252	3501.7023993736275	1	0	1	-0.2940199503796242
6200.0	500.0	3201.7023993736257	0.0	0	445.7467405678226	3401.702399373627	1	0	2	-0.6771620809532768
7200.0	500.0	3101.7023993736243	0.0	0	444.3887877744928	3301.7023993736257	1	0	2	0.059024540767238294
8200.0	500.0	3001.702399373625	0.0	0	502.32093975614407	3201.7023993736248	1	0	2	0.08239412693542923
9200.0	500.0	3001.702399373624	0.0	0	640.3295693292439	3201.702399373623	1	0	1	0.09105115755392208
10200.0	500.0	3001.702399373625	0.0	0	404.63920433139356	3201.702399373623	1	0	1	0.2910511575539224
11200.0	500.0	3001.7023993736275	0.0	0	350.32005408458645	3201.7023993736266	1	0	1	0.29105115755392214
12200.0	500.0	3001.7023993736266	0.0	0	263.2851717005815	3201.7023993736257	1	0	1	0.29105115755392197
13200.0	500.0	3001.702399373625	0.0	0	254.25944666200303	3201.7023993736257	1	0	1	0.29105115755392197
14468.43633579624	500.0	2733.2660635773873	0.0	0	0.0	3201.7023993736257	1	0	1	0.29105115755392197
15206.576332263088	500.0	2921.3120674638526	0.0	0	0.0	3127.888399726942	1	0	2	-0.09764998729791056
16200.0	500.0	2828.546032953251	0.0	0	152.42013910666537	3028.5460329532507	1	0	2	0.12024458552934787
17200.0	500.0	2828.5460329532493	0.0	0	226.08315630001016	3028.546032953249	1	0	1	0.12578701013479568
18200.0	500.0	2828.5460329532557	0.0	0	381.8367767496311	3028.546032953258	1	0	1	0.32578701013479516
19200.0	500.0	2828.546032953256	0.0	0	345.34286137377785	3028.546032953258	1	0	1	0.32578701013479433
20200.0	500.0	2828.5460329532575	0.0	0	468.93826143065235	3028.546032953258	1	0	1	0.3257870101347945
21200.0	500.0	2828.5460329532552	0.0	0	306.53670335054267	3028.546032953258	1	0	1	0.3257870101347945
22200.0	500.0	2828.546032953256	0.0	0	473.25413849532924	3028.546032953258	1	0	1	0.3257870101347945
23200.0	500.0	2828.5460329532566	0.0	0	72.97652558743721	3028.546032953258	1	0	1	0.3257870101347945
24200.0	500.0	2828.5460329532584	0.0	0	161.70375312847682	3028.5460329532616	1	0	1	0.32578701013479383
25200.0	500.0	2828.546032953258	0.0	0	247.1482949848396	3028.5460329532616	1	0	1	0.32578701013479383
26200.0	500.0	2728.546032953259	0.0	0	276.65483070651317	2928.546032953258	1	0	2	-0.06270593349112025
27200.0	500.0	2628.546032953257	0.0	0	221.9774370629566	2828.5460329532507	1	0	2	0.15435522831582243
28200.0	500.0	2628.5460329532634	0.0	0	514.8819919393572	2828.5460329532507	1	0	1	0.15969929407174877
29200.0	500.0	2628.5460329532625	0.0	0	649.5227568917398	2828.5460329532507	1	0	1	0.35969929407174894
30200.0	500.0	2628.5460329532625	0.0	0	672.2360578043335	2828.5460329532507	1	0	1	0.35969929407174894
31200.0	500.0	2628.5460329532643	0.0	0	419.1104830996628	2828.5460329532507	1	0	1	0.35969929407174894
32200.0	500.0	2628.546032953265	0.0	0	341.7955763198006	2828.5460329532507	1	0	1	0.35969929407174894
33200.0	500.0	2628.546032953256	0.0	0	442.2590709940996	2828.5460329532434	1	0	1	0.3596992940717493
34200.0	500.0	2628.5460329532575	0.0	0	359.6474113888398	2828.5460329532434	1	0	1	0.35969929407175
35200.0	500.0	2628.546032953252	0.0	0	297.32896865894145	2828.54603295324	1	0	1	0.3596992940717501
36200.0	500.0	2528.546032953259	0.0	0	531.5647739665656	2728.5460329532507	1	0	2	-0.031148489950745303
37200.0	500.0	2428.5460329532557	0.0	0	431.7493876858498	2628.5460329532434	1	0	2	0.18287018382578518
38200.0	500.0	2428.546032953264	0.0	0	340.49988570917776	2628.5460329532507	1	0	1	0.18791768200191689
39200.0	500.0	2428.5460329532575	0.0	0	445.2878726204435	2628.5460329532507	1	0	1	0.38791768200191706
40200.0	500.0	2428.5460329532525	0.0	0	472.7881728253269	2628.5460329532507	1	0	1	0.38791768200191706
41200.0	500.0	2428.5460329532584	0.0	0	448.9497525063416	2628.546032953258	1	0	1	0.3879176820019162
42200.0	500.0	2428.5460329532643	0.0	0	296.2576844422365	2628.5460329532652	1	0	1	0.3879176820019153
43200.0	500.0	2428.546032953271	0.0	0	558.6660201419727	2628.5460329532652	1	0	1	0.3879176820019153
44200.0	500.0	2428.5460329532734	0.0	0	510.5551399365286	2628.5460329532652	1	0	1	0.3879176820019153
45200.0	500.0	2428.546032953278	0.0	0	491.28164959487185	2628.5460329532652	1	0	1	0.3879176820019153
46200.0	500.0	2428.5460329532793	0.0	0	557.4784829290365	2628.5460329532652	1	0	1	0.3879176820019153
47200.0	500.0	2428.5460329532775	0.0	0	516.6315733258671	2628.5460329532652	1	0	1	0.3879176820019153
48200.0	500.0	2428.546032953274	0.0	0	505.58298703705077	2628.546032953258	1	0	1	0.3879176820019162
49200.0	500.0	2428.5460329532702	0.0	0	151.76568445638986	2628.546032953258	1	0	1	0.3879176820019162
50200.0	500.0	2428.5460329532716	0.0	0	499.78720005858486	2628.546032953258	1	0	1	0.3879176820019162
51200.0	500.0	2428.5460329532725	0.0	0	519.5033731555595	2628.546032953258	1	0	1	0.3879176820019162
52200.0	500.0	2428.546032953273	0.0	0	644.7127005631773	2628.5460329532652	1	0	1	0.3879176820019153
53200.0	500.0	2428.5460329532775	0.0	0	577.3118467533059	2628.5460329532652	1	0	1	0.3879176820019153
54200.0	500.0	2428.5460329532757	0.0	0	446.8448213009251	2628.5460329532652	1	0	1	0.3879176820019153
55200.0	500.0	2428.546032953279	0.0	0	264.36939184791845	2628.5460329532652	1	0	1	0.3879176820019153
56200.0	500.0	2328.546032953273	0.0	0	444.5760610037469	2528.5460329532652	1	0	2	-0.004453662480233975
57200.0	500.0	2228.5460329532793	0.0	0	416.5238330902139	2428.5460329532725	1	0	2	0.20717547759502847
58200.0	500.0	2228.5460329532752	0.0	0	405.1255358650669	2428.5460329532725	1	0	1	0.2113316711614649
59200.0	500.0	2228.54603295327	0.0	0	614.2347145519598	2428.5460329532725	1	0	1	0.4113316711614651
60200.0	500.0	2228.5460329532616	0.0	0	550.5837002390181	2428.5460329532725	1	0	1	0.4113316711614651
61200.0	500.0	2228.546032953263	0.0	0	405.8146053864839	2428.5460329532725	1	0	1	0.4113316711614651
62228.82126618018	1000.0	2199.72476677308	0.0	0	0.0	2428.5460329532725	1	0	1	0.4113316711614651
63200.0	1000.0	2228.546032953269	0.0	0	423.6658865600839	2428.5460329532725	1	0	1	1.1044788517214106
64200.0	1000.0	2228.5460329532743	0.0	0	191.26835456403205	2428.5460329532725	1	0	1	1.1044788517214106
65249.39896240745	1000.0	2179.1470705458205	0.0	0	0.0	2428.5460329532725	1	0	1	1.1044788517214106
66644.81072903701	1000.0	1783.735303916251	0.0	0	0.0	2428.5460329532652	1	0	1	1.104478851721411
67509.57612123576	1000.0	1918.9699117175046	0.0	0	0.0	2428.5460329532725	1	0	1	1.1044788517214106
68200.0	1000.0	2228.5460329532502	0.0	0	23.933546193424263	2428.5460329532652	1	0	1	1.104478851721411
69200.0	1000.0	2228.5460329532616	0.0	0	299.5148535559565	2428.5460329532652	1	0	1	1.1044788517214112
70200.0	1000.0	2228.546032953257	0.0	0	99.84699884743895	2428.5460329532652	1	0	1	1.1044788517214112
71209.39594341275	1000.0	2219.1500895405234	0.0	0	0.0	2428.5460329532652	1	0	1	1.1044788517214112
72496.84330407307	1000.0	1931.7027288801855	0.0	0	0.0	2428.5460329532652	1	0	1	1.1044788517214112
73831.4221228466	1000.0	1597.1239101066433	0.0	0	0.0	2428.5460329532652	1	0	1	1.1044788517214112
75058.47385807034	1000.0	1370.0721748829094	0.0	0	0.0	2428.5460329532652	1	0	1	1.1044788517214112
76066.63754085012	1000.0	1361.9084921031322	0.0	0	0.0	2428.5460329532652	1	0	1	1.1044788517214112
76858.01082999665	1000.0	1570.5352029565902	0.0	0	0.0	2428.5460329532507	1	0	1	1.1044788517214128
77603.82007951786	1000.0	1824.7259534353818	0.0	0	0.0	2428.5460329532507	1	0	1	1.1044788517214128
78417.4068189809	1000.0	2011.1392139723314	0.0	0	0.0	2428.5460329532507	1	0	1	1.1044788517214128
79200.0	1000.0	2228.5460329532307	0.0	0	262.4916419769579	2428.5460329532507	1	0	1	1.1044788517214128
80272.42296720263	1000.0	2156.123065750601	0.0	0	0.0	2428.546032953236	1	0	1	1.1044788517214144
81499.16892428693	1000.0	1929.377108666287	0.0	0	0.0	2428.546032953236	1	0	1	1.1044788517214144
82238.93556246473	1000.0	2189.6104704884738	0.0	0	0.0	2428.546032953236	1	0	1	1.1044788517214144
83200.0	1000.0	2228.5460329532066	0.0	0	257.07202622957993	2428.5460329532216	1	0	1	1.104478851721416
84200.0	1000.0	2228.5460329531975	0.0	0	178.88920032867463	2428.546032953207	1	0	1	1.1044788517214175
85200.0	1000.0	2228.546032953186	0.0	0	159.10304145718692	2428.546032953207	1	0	1	1.1044788517214175
86200.0	1000.0	2228.546032953193	0.0	0	49.06444215965166	2428.546032953207	1	0	1	1.1044788517214175
87200.0	1000.0	2228.546032953201	0.0	0	230.5375731765962	2428.546032953207	1	0	1	1.1044788517214175
88200.0	1000.0	2228.5460329532034	0.0	0	153.04554404669034	2428.5460329531925	1	0	1	1.104478851721419
89200.0	1000.0	2228.5460329532057	0.0	0	210.28946627040568	2428.5460329531925	1	0	1	1.104478851721419
90541.52759415252	1000.0	1887.0184388006971	0.0	0	0.0	2428.5460329531925	1	0	1	1.104478851721419
92030.10133842907	1000.0	1398.4446945241516	0.0	0	0.0	2428.5460329531925	1	0	1	1.104478851721419
92941.47894417432	1000.0	1487.0670887788988	0.0	0	0.0	2428.5460329531925	1	0	1	1.104478851721419
94336.7159941581	1000.0	1091.830038795129	0.0	0	0.0	2428.5460329531925	1	0	1	1.104478851721419
96314.30708358684	1000.0	200.0	85.7610506336193	0	0.0	2514.3070835867984	1	0	1	0.5878376049563282
97098.15373494299	500.0	646.2106443700252	230.0572957261619	0	0.0	2744.3643793129595	1	0	1	-1.7012744643084678
97855.55901263977	500.0	888.8053666732322	0.0	0	0.0	2744.364379312974	1	0	1	0.37221649060844686
98400.2070850952	500.0	1344.1572942177943	0.0	0	0.0	2744.3643793129595	1	0	1	0.37221649060844897
98977.67531276359	500.0	1766.689066549401	0.0	0	0.0	2744.3643793129595	1	0	1	0.37221649060844897
99394.89007276848	500.0	2349.47430654449	0.0	0	0.0	2744.3643793129595	1	0	1	0.37221649060844897
100200.0	500.0	2544.3643793129663	0.0	0	353.69976277826936	2744.3643793129595	1	0	1	0.37221649060844897
101200.0	500.0	2544.3643793129827	0.0	0	532.3813419906073	2744.3643793129595	1	0	1	0.37221649060844897
102200.0	500.0	2444.3643793129686	0.0	0	596.263455186272	2644.3643793129595	1	0	2	-0.019454431445967785
103200.0	500.0	2444.364379312961	0.0	0	331.42422156163957	2644.3643793129595	1	0	1	0.1858717063391841
104200.0	500.0	2444.364379312946	0.0	0	102.25118743134954	2644.364379312945	1	0	1	0.38587170633918616
105200.0	500.0	2444.3643793129454	0.0	0	566.4600114670466	2644.364379312945	1	0	1	0.38587170633918616
106200.0	500.0	2444.3643793129563	0.0	0	285.51317070682126	2644.364379312945	1	0	1	0.38587170633918616
107200.0	500.0	2444.364379312959	0.0	0	145.1401802698383	2644.3643793129595	1	0	1	0.3858717063391843
108200.0	500.0	2444.364379312967	0.0	0	428.9224061635614	2644.3643793129595	1	0	1	0.3858717063391843
109200.0	500.0	2444.3643793129913	0.0	0	523.4542731903348	2644.3643793129595	1	0	1	0.3858717063391843
110200.0	500.0	2444.36437931299	0.0	0	210.57267847651383	2644.3643793129595	1	0	1	0.3858717063391843
111200.0	500.0	2444.3643793129845	0.0	0	425.72747822511883	2644.3643793129595	1	0	1	0.3858717063391843
112200.0	500.0	2444.364379312987	0.0	0	490.6075273349561	2644.364379312974	1	0	1	0.38587170633918244
113200.0	500.0	2444.3643793130036	0.0	0	220.84923907200573	2644.364379312974	1	0	1	0.38587170633918244
114200.0	500.0	2444.364379313007	0.0	0	434.3159560138738	2644.364379312974	1	0	1	0.38587170633918244
115200.0	500.0	2444.364379313029	0.0	0	615.7235039639781	2644.364379312974	1	0	1	0.38587170633918244
116200.0	500.0	2444.3643793130473	0.0	0	523.3069497393735	2644.364379312974	1	0	1	0.38587170633918244
117200.0	500.0	2444.36437931304	0.0	0	348.05253834524774	2644.364379312974	1	0	1	0.38587170633918244
118200.0	500.0	2444.364379313048	0.0	0	370.7819438637962	2644.3643793129595	1	0	1	0.3858717063391843
119200.0	500.0	2444.3643793130564	0.0	0	504.80721355538117	2644.3643793129595	1	0	1	0.3858717063391843
120200.0	500.0	2444.36437931304	0.0	0	284.65077463573834	2644.3643793129595	1	0	1	0.3858717063391843
121200.0	500.0	2444.3643793130495	0.0	0	322.89421181648504	2644.3643793129595	1	0	1	0.3858717063391843
122200.0	500.0	2444.3643793130514	0.0	0	282.34045790736855	2644.3643793129595	1	0	1	0.3858717063391843
123200.0	500.0	2444.364379313051	0.0	0	381.08236963643867	2644.364379312945	1	0	1	0.38587170633918616
124200.0	500.0	2444.3643793130827	0.0	0	557.7558979492896	2644.3643793129595	1	0	1	0.3858717063391843
125200.0	500.0	2444.364379313076	0.0	0	463.04862716502976	2644.364379312945	1	0	1	0.38587170633918616
126200.0	500.0	2444.3643793130746	0.0	0	140.81125085618987	2644.3643793129595	1	0	1	0.3858717063391843
127200.0	500.0	2444.3643793130736	0.0	0	399.67984978624736	2644.3643793129595	1	0	1	0.3858717063391843
128200.0	500.0	2444.3643793130677	0.0	0	388.6505592037429	2644.3643793129595	1	0	1	0.3858717063391843
129200.0	500.0	2444.364379313078	0.0	0	634.4852669782413	2644.3643793129595	1	0	1	0.3858717063391843
130200.0	500.0	2444.3643793130977	0.0	0	575.1715650426049	2644.3643793129595	1	0	1	0.3858717063391843
131200.0	500.0	2444.3643793130814	0.0	0	420.1720492281456	2644.3643793129595	1	0	1	0.3858717063391843
132200.0	500.0	2444.364379313049	0.0	0	310.9821361392678	2644.364379312916	1	0	1	0.3858717063391862
133200.0	500.0	2444.364379313028	0.0	0	489.3626041553216	2644.3643793129013	1	0	1	0.38587170633918966
134200.0	500.0	2444.3643793130727	0.0	0	212.5342401751841	2644.3643793129304	1	0	1	0.3858717063391885
135200.0	500.0	2444.364379313084	0.0	0	502.01074836426415	2644.3643793129595	1	0	1	0.3858717063391843
136200.0	500.0	2444.3643793131046	0.0	0	649.180638691847	2644.3643793129595	1	0	1	0.3858717063391843
137200.0	500.0	2444.364379313129	0.0	0	502.27009620013996	2644.3643793129886	1	0	1	0.38587170633918055
138200.0	500.0	2444.3643793131296	0.0	0	392.7256314328406	2644.3643793129886	1	0	1	0.38587170633918055
139200.0	500.0	2444.3643793131237	0.0	0	495.37403693716624	2644.3643793129886	1	0	1	0.38587170633918055
140200.0	500.0	2444.364379313108	0.0	0	225.09088954425533	2644.3643793129886	1	0	1	0.38587170633918055
141200.0	500.0	2444.3643793131	0.0	0	471.3228764256637	2644.3643793129595	1	0	1	0.3858717063391843
142200.0	500.0	2444.3643793131264	0.0	0	369.444849807478	2644.3643793129886	1	0	1	0.38587170633918055
143200.0	500.0	2444.364379313127	0.0	0	271.71807044226443	2644.3643793129886	1	0	1	0.38587170633918055
144200.0	500.0	2444.3643793131696	0.0	0	226.65687460455229	2644.3643793129886	1	0	1	0.38587170633918055
145207.5803507466	500.0	2436.7840285665566	0.0	0	15.498548408417264	2644.3643793129886	1	0	1	0.38587170633918055
146684.96014845558	1000.0	1959.4042308575545	0.0	0	0.0	2644.3643793129595	1	0	1	0.38587170633918444
147306.7469638921	500.0	2337.6174154210316	0.0	0	0.0	2644.3643793129595	1	0	1	-0.3072754742207612
148200.0	500.0	2444.3643793131005	0.0	0	377.5134789061849	2644.3643793129595	1	0	1	0.3858717063391843
149200.0	500.0	2444.364379313092	0.0	0	595.301513203216	2644.3643793129595	1	0	1	0.3858717063391843
150200.0	500.0	2444.3643793130987	0.0	0	517.4787971694022	2644.3643793129886	1	0	1	0.38587170633918055
151200.0	500.0	2444.364379313049	0.0	0	579.3771519589063	2644.3643793129886	1	0	1	0.38587170633918055
152200.0	500.0	2444.3643793130464	0.0	0	751.4969585693034	2644.3643793130177	1	0	1	0.3858717063391767
153200.0	500.0	2444.3643793130327	0.0	0	605.6466606582107	2644.3643793130177	1	0	1	0.3858717063391767
154200.0	500.0	2444.3643793130095	0.0	0	519.9559311120829	2644.3643793129886	1	0	1	0.38587170633918055
155200.0	500.0	2444.364379313031	0.0	0	654.6471055773436	2644.3643793129886	1	0	1	0.38587170633918055
156200.0	500.0	2444.3643793130173	0.0	0	398.8125731860637	2644.3643793129886	1	0	1	0.38587170633918055
157200.0	500.0	2444.3643793130154	0.0	0	561.4140706286707	2644.3643793129886	1	0	1	0.38587170633918055
158200.0	500.0	2444.3643793130095	0.0	0	523.3593005147995	2644.3643793129886	1	0	1	0.38587170633918055
159205.4491116355	1000.0	2438.915267677533	0.0	0	0.0	2644.3643793130177	1	0	1	0.3858717063391767
160322.67025173866	1000.0	2321.6941275743534	0.0	0	0.0	2644.364379313047	1	0	1	1.0790188868991184
161323.2535479811	1000.0	2321.110831331951	0.0	0	0.0	2644.364379313047	1	0	1	1.0790188868991184
162200.0	500.0	2444.364379313034	0.0	0	378.99607621962787	2644.364379313047	1	0	1	-0.3072754742207723
163253.98742926941	500.0	2390.376950043617	0.0	0	0.0	2644.364379313047	1	0	1	0.385871706339173
164415.39420536972	500.0	2228.970173943331	0.0	0	0.0	2644.364379313047	1	0	1	0.385871706339173
165200.0	500.0	2444.364379313062	0.0	0	144.49855821678648	2644.364379313047	1	0	1	0.385871706339173
166200.0	500.0	2444.3643793130855	0.0	0	235.47715149528813	2644.364379313047	1	0	1	0.385871706339173
167200.0	500.0	2444.364379313074	0.0	0	198.64871508962824	2644.364379313047	1	0	1	0.385871706339173
168200.0	500.0	2444.364379313085	0.0	0	75.03825629653875	2644.364379313047	1	0	1	0.385871706339173
169200.0	500.0	2444.3643793131027	0.0	0	439.7513585493725	2644.364379313047	1	0	1	0.385871706339173
170200.0	500.0	2444.3643793130927	0.0	0	586.735285445815	2644.364379313047	1	0	1	0.385871706339173
171200.0	500.0	2444.364379313056	0.0	0	266.2002888735733	2644.364379313047	1	0	1	0.385871706339173
172215.9739493017	500.0	2428.3904300113595	0.0	0	0.0	2644.364379313047	1	0	1	0.385871706339173
173200.0	500.0	2444.36437931305	0.0	0	87.26200714128208	2644.3643793130177	1	0	1	0.3858717063391745
174200.0	500.0	2444.3643793130145	0.0	0	463.64350292339805	2644.3643793129886	1	0	1	0.38587170633918055
175200.0	500.0	2444.3643793130245	0.0	0	349.2105261553079	2644.3643793129886	1	0	1	0.38587170633918055
176200.0	500.0	2444.3643793130213	0.0	0	553.361410488782	2644.3643793129886	1	0	1	0.38587170633918055
177200.0	500.0	2444.364379313015	0.0	0	281.818403452693	2644.3643793129886	1	0	1	0.38587170633918055
178200.0	500.0	2444.364379313007	0.0	0	584.8987246364122	2644.3643793129886	1	0	1	0.38587170633918055
179200.0	500.0	2444.364379313005	0.0	0	635.5991522171535	2644.3643793129595	1	0	1	0.3858717063391843
180200.0	500.0	2444.364379313001	0.0	0	515.2295986428799	2644.3643793129595	1	0	1	0.3858717063391843
181200.0	500.0	2444.3643793129854	0.0	0	525.3410065435164	2644.3643793129595	1	0	1	0.3858717063391843
182200.0	500.0	2444.36437931296	0.0	0	479.6813855016371	2644.3643793129595	1	0	1	0.3858717063391843
183200.0	500.0	2444.36437931297	0.0	0	444.2081025860971	2644.3643793129595	1	0	1	0.3858717063391843
184200.0	500.0	2444.3643793130063	0.0	0	547.8343730007764	2644.3643793129886	1	0	1	0.38587170633918055
185200.0	500.0	2444.3643793130127	0.0	0	451.15040896684513	2644.3643793129886	1	0	1	0.38587170633918055
186200.0	500.0	2444.364379313019	0.0	0	311.38175459759077	2644.3643793129595	1	0	1	0.3858717063391843
187200.0	500.0	2444.3643793130027	0.0	0	332.32181952294195	2644.3643793129595	1	0	1	0.3858717063391843
188200.0	500.0	2444.3643793129927	0.0	0	382.1949560775247	2644.3643793129595	1	0	1	0.3858717063391843
189200.0	500.0	2444.3643793129922	0.0	0	546.7022596767638	2644.3643793129595	1	0	1	0.3858717063391843
190200.0	500.0	2444.364379313017	0.0	0	271.8401160579233	2644.3643793129595	1	0	1	0.3858717063391843
191200.0	500.0	2444.364379313017	0.0	0	298.1233997232048	2644.3643793129595	1	0	1	0.3858717063391843
192200.0	500.0	2444.3643793129754	0.0	0	509.7757565267966	2644.3643793129304	1	0	1	0.3858717063391881
193200.0	500.0	2444.3643793129804	0.0	0	581.1551583136315	2644.3643793129304	1	0	1	0.3858717063391881
194200.0	500.0	2444.364379312997	0.0	0	513.4517343927873	2644.3643793129304	1	0	1	0.3858717063391881
195200.0	500.0	2444.3643793130045	0.0	0	530.828881515743	2644.3643793129304	1	0	1	0.3858717063391881
196200.0	500.0	2444.3643793130354	0.0	0	441.0341359805898	2644.3643793129304	1	0	1	0.3858717063391881
197362.02724320602	1000.0	2166.134411786372	0.0	0	0.0	2528.161654992262	1	0	2	-0.004592963779902093
198677.1831564809	1000.0	1850.9784985114952	0.0	0	0.0	2528.161654992291	1	0	1	0.8933663985957058
199598.37120850012	1000.0	1929.7904464922524	0.0	0	0.0	2528.161654992262	1	0	1	1.0933663985957094
200775.03008105696	1000.0	1753.1315739354388	0.0	0	0.0	2528.161654992262	1	0	1	1.0933663985957094
201826.32403614486	1000.0	1701.8376188475552	0.0	0	0.0	2528.161654992262	1	0	1	1.0933663985957094
202571.0477974579	1000.0	1957.1138575345233	0.0	0	0.0	2528.161654992262	1	0	1	1.0933663985957094
203714.97566690072	1000.0	1813.1859880917207	0.0	0	0.0	2528.161654992262	1	0	1	1.0933663985957094
204747.6879535361	1000.0	1780.4737014563339	0.0	0	0.0	2528.161654992291	1	0	1	1.0933663985957058
205990.99405797722	1000.0	1537.1675970152169	0.0	0	0.0	2528.161654992262	1	0	1	1.0933663985957094
206820.33330161023	1000.0	1707.8283533822196	0.0	0	0.0	2528.161654992262	1	0	1	1.0933663985957094
207570.52249447216	1000.0	1957.6391605203146	0.0	0	0.0	2528.161654992262	1	0	1	1.0933663985957094
208607.8305283739	1000.0	1920.331126618587	0.0	0	0.0	2528.161654992262	1	0	1	1.0933663985957094
209490.60879317782	1000.0	2037.5528618146786	0.0	0	0.0	2528.161654992233	1	0	1	1.0933663985957127
211061.55580337657	1000.0	1466.6058516159083	0.0	0	0.0	2528.161654992233	1	0	1	1.0933663985957127
211812.99067166372	1000.0	1715.1709833287532	0.0	0	0.0	2528.1616549922037	1	0	1	1.0933663985957163
212553.16138010475	1000.0	1975.0002748877298	0.0	0	0.0	2528.1616549921746	1	0	1	1.0933663985957196
213549.3347797481	1000.0	1978.8268752443596	0.0	0	0.0	2528.1616549922037	1	0	1	1.0933663985957163
214558.773519549	1000.0	1969.3881354434632	0.0	0	0.0	2528.1616549921746	1	0	1	1.0933663985957196
215792.96586919183	1000.0	1735.1957858006322	0.0	0	0.0	2528.1616549921746	1	0	1	1.0933663985957196
216633.43410657407	1000.0	1894.727548418393	0.0	0	0.0	2528.1616549921746	1	0	1	1.0933663985957196
217442.82771686016	1000.0	2085.3339381322694	0.0	0	0.0	2528.1616549921746	1	0	1	1.0933663985957196
218424.79145079275	1000.0	2103.3702041996626	0.0	0	0.0	2528.1616549921746	1	0	1	1.0933663985957196
219491.3308181185	1000.0	2036.8308368739383	0.0	0	0.0	2528.1616549921746	1	0	1	1.0933663985957196
220407.7395056092	1000.0	2120.4221493832124	0.0	0	0.0	2528.1616549921455	1	0	1	1.0933663985957223
221639.3383263457	1000.0	1888.8233286467084	0.0	0	0.0	2528.1616549921455	1	0	1	1.093366398595723
222912.79255053552	1000.0	1615.3691044569102	0.0	0	0.0	2528.1616549921455	1	0	1	1.093366398595723
223938.70732973603	1000.0	1589.454325256429	0.0	0	0.0	2528.1616549921455	1	0	1	1.093366398595723
225250.89637485286	1000.0	1277.265280139626	0.0	0	0.0	2528.1616549921746	1	0	1	1.093366398595721
226193.22559573237	1000.0	1334.9360592601354	0.0	0	0.0	2528.1616549921746	1	0	1	1.0933663985957196
226752.775731534	1000.0	1775.385923458513	0.0	0	0.0	2528.1616549921746	1	0	1	1.0933663985957196
227300.77715189187	1000.0	2227.384503100645	0.0	0	0.0	2528.1616549921746	1	0	1	1.0933663985957196
228200.0	1000.0	2328.1616549925293	0.0	0	304.35074481207994	2528.1616549921746	1	0	1	1.0933663985957196
229330.77675640731	1000.0	2197.3848985851982	0.0	0	0.0	2528.1616549921455	1	0	1	1.093366398595723
230368.264324242	1000.0	2159.8973307505275	0.0	0	0.0	2528.1616549921455	1	0	1	1.093366398595723
231307.33742316582	1000.0	2220.8242318267153	0.0	0	0.0	2528.1616549921455	1	0	1	1.093366398595723
232200.0	1000.0	2328.161654992545	0.0	0	79.84492553837481	2528.1616549921455	1	0	1	1.093366398595723
233200.0	1000.0	2328.161654992532	0.0	0	348.82827634672867	2528.1616549921455	1	0	1	1.093366398595723
234200.0	1000.0	2328.1616549925225	0.0	0	380.46113381703617	2528.1616549921164	1	0	1	1.0933663985957263
235200.0	1000.0	2328.1616549925475	0.0	0	159.0718252400111	2528.1616549921164	1	0	1	1.0933663985957263
236200.0	1000.0	2328.161654992551	0.0	0	290.7798178801313	2528.1616549921164	1	0	1	1.0933663985957263
237200.0	1000.0	2328.1616549925516	0.0	0	62.210095112008275	2528.1616549921455	1	0	1	1.093366398595723
238200.0	1000.0	2328.1616549925297	0.0	0	195.15321628650418	2528.1616549921164	1	0	1	1.0933663985957243
239728.3748157294	1000.0	1799.7868392631206	0.0	0	0.0	2528.1616549920873	1	0	1	1.0933663985957298
241335.81867755344	1000.0	1192.3429774390588	0.0	0	0.0	2528.1616549921164	1	0	1	1.0933663985957263
241998.08799563724	1000.0	1530.0736593552567	0.0	0	0.0	2528.1616549921164	1	0	1	1.0933663985957263
242703.34341656178	1000.0	1824.8182384307186	0.0	0	0.0	2528.1616549921164	1	0	1	1.0933663985957263
244170.28304103386	1000.0	1357.878613958657	0.0	0	0.0	2528.1616549921164	1	0	1	1.0933663985957263
246375.7999738695	1000.0	200.0	47.638318876962586	0	0.0	2575.799973869114	1	0	1	0.8059161225092615
247031.60284594056	500.0	669.7441129665831	125.54698503766275	0	0.0	2701.346958906797	1	0	1	-1.068182681595797
247555.0641657107	500.0	1146.282793196423	0.0	0	0.0	2701.3469589068263	1	0	1	0.3782464091901183
248202.29553185406	500.0	1499.0514270530507	0.0	0	0.0	2701.3469589068263	1	0	1	0.3782464091901183
248710.8391311433	500.0	1990.5078277638117	0.0	0	0.0	2701.3469589068263	1	0	1	0.3782464091901183
249281.02244763813	500.0	2420.324511268947	0.0	0	0.0	2701.3469589068554	1	0	1	0.3782464091901144
250200.0	500.0	2501.3469589070733	0.0	0	431.56409364621504	2701.3469589068554	1	0	1	0.3782464091901144
251200.0	500.0	2501.3469589070264	0.0	0	529.4056893904344	2701.3469589068554	1	0	1	0.3782464091901144
252200.0	500.0	2501.346958907014	0.0	0	241.50099719138234	2701.3469589068263	1	0	1	0.3782464091901183
253200.0	500.0	2501.3469589070132	0.0	0	124.4355995177466	2701.3469589068263	1	0	1	0.3782464091901183
254200.0	500.0	2501.3469589069846	0.0	0	269.19450270713423	2701.3469589068263	1	0	1	0.3782464091901183
255200.0	500.0	2401.346958906975	0.0	0	421.28232477989513	2601.3469589068263	1	0	2	-0.013601676932337894
256200.0	500.0	2401.3469589069578	0.0	0	312.1926869027375	2601.3469589068263	1	0	1	0.1913657683208395
257200.0	500.0	2401.3469589069723	0.0	0	423.52118575791246	2601.3469589068263	1	0	1	0.3913657683208397
258200.0	500.0	2401.346958906952	0.0	0	505.5381023835507	2601.346958906797	1	0	1	0.39136576832084335
259200.0	500.0	2401.346958906956	0.0	0	422.7268114119943	2601.346958906797	1	0	1	0.39136576832084335
260200.0	500.0	2401.346958906936	0.0	0	455.4649361364136	2601.346958906797	1	0	1	0.39136576832084335
261200.0	500.0	2401.346958906927	0.0	0	482.7824037138489	2601.346958906797	1	0	1	0.39136576832084335
262200.0	500.0	2401.346958906957	0.0	0	200.33298635063693	2601.346958906797	1	0	1	0.39136576832084335
263200.0	500.0	2401.3469589068636	0.0	0	487.28292139671976	2601.346958906681	1	0	1	0.3913657683208514
264200.0	500.0	2401.3469589068545	0.0	0	558.2653042870224	2601.346958906681	1	0	1	0.3913657683208558
265200.0	500.0	2401.3469589068663	0.0	0	484.11104701133445	2601.346958906681	1	0	1	0.39136576832085795
266200.0	500.0	2401.3469589068295	0.0	0	340.1398489892599	2601.346958906681	1	0	1	0.39136576832085795
267200.0	500.0	2401.3469589069164	0.0	0	246.40236898238072	2601.346958906681	1	0	1	0.39136576832085795
268200.0	500.0	2401.3469589068973	0.0	0	352.75371449859813	2601.346958906681	1	0	1	0.39136576832085795
269200.0	500.0	2301.3469589069064	0.0	0	314.97538396774326	2501.346958906739	1	0	2	-0.0011429498141764943
270200.0	500.0	2301.346958906878	0.0	0	187.70556375716114	2501.346958906681	1	0	1	0.20331379594101218
271200.0	500.0	2301.3469589069255	0.0	0	160.1864849056583	2501.346958906681	1	0	1	0.40331379594101635
272200.0	500.0	2301.3469589068677	0.0	0	205.59097031294368	2501.346958906681	1	0	1	0.40331379594101635
273200.0	500.0	2301.3469589068823	0.0	0	406.1941675134585	2501.346958906739	1	0	1	0.4033137959410097
274200.0	500.0	2301.3469589068045	0.0	0	524.1466484399862	2501.346958906739	1	0	1	0.4033137959410097
275200.0	500.0	2301.346958906766	0.0	0	99.70491530158324	2501.346958906681	1	0	1	0.40331379594101635
276200.0	500.0	2301.3469589067745	0.0	0	508.145756132144	2501.346958906681	1	0	1	0.40331379594101635
277200.0	500.0	2301.34695890672	0.0	0	379.5452537367237	2501.346958906681	1	0	1	0.40331379594101635
278200.0	500.0	2301.346958906674	0.0	0	411.45095635560574	2501.346958906681	1	0	1	0.40331379594101635
279200.0	500.0	2301.346958906681	0.0	0	647.5568521413952	2501.3469589066226	1	0	1	0.403313795941023
280200.0	500.0	2301.346958906622	0.0	0	458.6417978454847	2501.3469589065644	1	0	1	0.4033137959410296
281200.0	500.0	2301.346958906631	0.0	0	238.12100275181	2501.3469589065644	1	0	1	0.4033137959410296
282200.0	500.0	2301.34695890666	0.0	0	457.75862986175343	2501.3469589066226	1	0	1	0.403313795941023
283200.0	500.0	2301.3469589066253	0.0	0	126.82782519148896	2501.346958906506	1	0	1	0.4033137959410323
284200.0	500.0	2301.3469589066262	0.0	0	585.5983982757316	2501.346958906506	1	0	1	0.4033137959410363
285200.0	500.0	2301.3469589066276	0.0	0	661.1559668899863	2501.346958906506	1	0	1	0.4033137959410363
286200.0	500.0	2301.346958906665	0.0	0	662.6521022232482	2501.346958906506	1	0	1	0.4033137959410363
287200.0	500.0	2301.3469589066576	0.0	0	594.08328476717	2501.346958906506	1	0	1	0.4033137959410363
288200.0	500.0	2301.3469589066576	0.0	0	421.6015348525252	2501.346958906506	1	0	1	0.4033137959410363
289200.0	500.0	2301.3469589066763	0.0	0	196.6963342127856	2501.346958906506	1	0	1	0.4033137959410363
290200.0	500.0	2301.3469589066804	0.0	0	374.04453222826123	2501.346958906506	1	0	1	0.4033137959410363
291200.0	500.0	2301.346958906631	0.0	0	72.70738714083564	2501.346958906506	1	0	1	0.4033137959410363
292200.0	500.0	2301.346958906568	0.0	0	350.35017439507646	2501.346958906506	1	0	1	0.4033137959410363
293200.0	500.0	2301.3469589065885	0.0	0	426.08718426321866	2501.346958906506	1	0	1	0.4033137959410363
294200.0	500.0	2301.3469589065785	0.0	0	192.61792798078386	2501.346958906506	1	0	1	0.4033137959410363
295403.7043369869	500.0	2097.6426219196555	0.0	0	0.0	2501.346958906506	1	0	1	0.4033137959410363
296200.0	500.0	2301.346958906492	0.0	0	85.82488060474861	2501.346958906448	1	0	1	0.40331379594104294
297200.0	500.0	2301.346958906479	0.0	0	561.2741667873343	2501.34695890639	1	0	1	0.40331379594104955
298200.0	500.0	2301.3469589064107	0.0	0	611.9579961512936	2501.34695890639	1	0	1	0.40331379594104955
299200.0	500.0	2301.3469589063707	0.0	0	562.3511182560469	2501.34695890639	1	0	1	0.40331379594104955
300200.0	500.0	2301.3469589064007	0.0	0	532.6848081173957	2501.34695890639	1	0	1	0.40331379594104955
1.12	0.82	1.2	1.17	0.98	1.15	0.9	0.95	0.63	1.07	0.45	0.57	0.53	0.8	0.81	0.71	0.85	0.95	1.0	0.43	0.71	0.72	0.97	0.89	0.83	1.16	1.42	0.9	1.03	1.04	0.97	0.94	0.81	1.01	1.01	0.92	1.12	0.78	0.76	1.1	1.18	0.83	1.2	1.12	1.38	0.65	0.93	0.89	1.11	1.27	1.2	0.94	0.7	1.0	1.1	1.42	1.22	1.01	0.59	1.49	1.51	1.12	0.92	0.82	1.45	1.37	1.19	1.11	0.92	1.02	0.79	1.09	0.89	1.38	1.52	1.7	1.29	1.12	1.07	1.1	1.17	1.41	1.38	1.14	1.46	1.12	0.89	0.72	0.73	1.18	1.16	0.63	0.54	0.54	0.76	0.86	1.09	1.01	1.04	0.9	0.68	0.93	1.07	0.69	0.9	1.11	0.82	1.07	0.89	0.75	1.01	1.49	0.97	0.78	0.74	0.94	0.92	0.67	0.64	0.72	0.9	1.14	0.56	1.0	0.95	1.11	1.45	0.87	0.87	0.9	0.66	0.92	1.33	1.36	1.0	1.03	0.81	0.76	0.68	0.93	0.81	0.75	0.41	0.7	1.16	1.41	1.19	1.32	1.99	0.86	1.12	0.82	1.2	1.17	0.98	1.15	0.9	0.95	0.63	1.07	0.45	0.57	0.53	0.8	0.81	0.71	0.85	0.95	1.0	0.43	0.71	0.72	0.97	0.89	0.83	1.16	1.42	0.9	1.03	1.04	0.97	0.94	0.81	1.01	1.01	0.92	1.12	0.78	0.76	1.1	1.18	0.83	1.2	1.12	1.38	0.65	0.93	0.89	1.11	1.27	1.2	0.94	0.7	1.0	1.1	1.42	1.22	1.01	0.59	1.49	1.51	1.12	0.92	0.82	1.45	1.37	1.19	1.11	0.92	1.02	0.79	1.09	0.89	1.38	1.52	1.7	1.29	1.12	1.07	1.1	1.17	1.41	1.38	1.14	1.46	1.12	0.89	0.72	0.73	1.18	1.16	0.63	0.54	0.54	0.76	0.86	1.09	1.01	1.04	0.9	0.68	0.93	1.07	0.69	0.9	1.11	0.82	1.07	0.89	0.75	1.01	1.49	0.97	0.78	0.74	0.94	0.92	0.67	0.64	0.72	0.9	1.14	0.56	1.0	0.95	1.11	1.45	0.87	0.87	0.9	0.66	0.92	1.33	1.36	1.0	1.03	0.81	0.76	0.68	0.93	0.81	0.75	0.41	0.7	1.16	1.41	1.19	1.32	1.99	0.86	1.12	0.82
1.0	2.0	3.0	4.0	5.0	6.0	7.0	8.0	9.0	10.0	11.0	12.0	13.0	14.0	15.0	16.0	17.0	18.0	19.0	20.0	21.0	22.0	23.0	24.0	25.0	26.0	27.0	28.0	29.0	30.0	31.0	32.0	33.0	34.0	35.0	36.0	37.0	38.0	39.0	40.0	41.0	42.0	43.0	44.0	45.0	46.0	47.0	48.0	49.0	50.0	51.0	52.0	53.0	54.0	55.0	56.0	57.0	58.0	59.0	60.0	61.0	62.0	63.0	64.0	65.0	66.0	67.0	68.0	69.0	70.0	71.0	72.0	73.0	74.0	75.0	76.0	77.0	78.0	79.0	80.0	81.0	82.0	83.0	84.0	85.0	86.0	87.0	88.0	89.0	90.0	91.0	92.0	93.0	94.0	95.0	96.0	97.0	98.0	99.0	100.0	101.0	102.0	103.0	104.0	105.0	106.0	107.0	108.0	109.0	110.0	111.0	112.0	113.0	114.0	115.0	116.0	117.0	118.0	119.0	120.0	121.0	122.0	123.0	124.0	125.0	126.0	127.0	128.0	129.0	130.0	131.0	132.0	133.0	134.0	135.0	136.0	137.0	138.0	139.0	140.0	141.0	142.0	143.0	144.0	145.0	146.0	147.0	148.0	149.0	149.0	150.0	151.0	152.0	153.0	154.0	155.0	156.0	157.0	158.0	159.0	160.0	161.0	162.0	163.0	164.0	165.0	166.0	167.0	168.0	169.0	170.0	171.0	172.0	173.0	174.0	175.0	176.0	177.0	178.0	179.0	180.0	181.0	182.0	183.0	184.0	185.0	186.0	187.0	188.0	189.0	190.0	191.0	192.0	193.0	194.0	195.0	196.0	197.0	198.0	199.0	200.0	201.0	202.0	203.0	204.0	205.0	206.0	207.0	208.0	209.0	210.0	211.0	212.0	213.0	214.0	215.0	216.0	217.0	218.0	219.0	220.0	221.0	222.0	223.0	224.0	225.0	226.0	227.0	228.0	229.0	230.0	231.0	232.0	233.0	234.0	235.0	236.0	237.0	238.0	239.0	240.0	241.0	242.0	243.0	244.0	245.0	246.0	247.0	248.0	249.0	250.0	251.0	252.0	253.0	254.0	255.0	256.0	257.0	258.0	259.0	260.0	261.0	262.0	263.0	264.0	265.0	266.0	267.0	268.0	269.0	270.0	271.0	272.0	273.0	274.0	275.0	276.0	277.0	278.0	279.0	280.0	281.0	282.0	283.0	284.0	285.0	286.0	287.0	288.0	289.0	290.0	291.0	292.0	293.0	294.0	295.0	296.0	297.0	298.0	298.0	299.0	300.0
2897.476591713662
