5644.07992114825	300.0	2000.0	193.29786638831092	0	0.0	5644.07992114825	1	0	1	-2.755282511630991
5915.3787708174905	500.0	2701.571265363835	0.0	0	0.0	5616.950036181326	1	0	2	-2.017755954508413
6165.102805136586	500.0	3426.874827612831	0.0	0	0.0	5591.977632749416	1	0	2	-1.2819227143034597
6398.688209900814	500.0	4169.930882372178	0.0	0	0.0	5568.619092272992	1	0	2	-1.2594294759257854
6700.275907151095	500.0	4838.184415396868	0.0	0	0.0	5538.460322547963	1	0	2	-1.2327527111368337
7200.0	1000.0	5288.487913263072	0.0	0	14.592939100330113	5488.487913263072	1	0	2	-1.1913489117144338
8200.0	2000.0	5188.487913263073	0.0	0	75.68078584586056	5388.487913263073	1	0	2	-0.4192746050407956
9202.985524595106	2000.0	5085.203836208455	0.0	0	0.0	5288.189360803562	1	0	2	0.3659203451086337
10330.186236788546	3000.0	4845.283052795667	0.0	0	0.0	5175.4692895842145	1	0	2	0.4644122126559469
11294.786238118464	3000.0	4784.223051332756	0.0	0	0.0	5079.009289451222	1	0	2	0.9532754562441598
12357.864707468962	3000.0	4614.836735047208	0.0	0	0.0	4972.7014425161715	1	0	2	1.0352088521815754
14728.063129571176	3000.0	3007.6184707347725	0.0	0	0.0	4735.681600305947	1	0	2	1.198251471350945
16214.182170558393	3000.0	2372.8875256488345	0.0	0	0.0	4587.069696207227	1	0	2	1.3046751013639897
17177.841997242504	3000.0	2312.861716296313	0.0	0	0.0	4490.703713538816	1	0	2	1.3742595298121323
18334.487149982346	2000.0	2156.2165635564734	0.0	0	0.0	4490.703713538818	1	0	1	0.5773729418930158
19198.043678129758	2000.0	2206.3043825943196	0.0	0	0.0	4404.348060724076	1	0	2	0.8194574462034665
20223.40752018787	2000.0	2078.404156330399	0.0	0	0.0	4301.811676518268	1	0	2	1.0734603854973734
21101.16466654375	2000.0	2112.871295338932	0.0	0	0.0	4214.035961882681	1	0	2	1.1214574799431123
21855.784680200315	2000.0	2282.789280316714	0.0	0	0.0	4138.573960517027	1	0	2	1.1602837393216516
22729.564062028785	2000.0	2321.631960305399	0.0	0	0.0	4051.196022334181	1	0	2	1.1990987097505739
23612.1252825365	2000.0	2350.8146177469152	0.0	0	0.0	3962.9399002834143	1	0	2	1.2349388584479823
24760.622636129807	2000.0	2087.4675287942764	0.0	0	0.0	3848.0901649240805	1	0	2	1.279273297053293
25397.195542923706	2000.0	2387.23733132099	0.0	0	0.0	3784.4328742446887	1	0	2	1.3081966810521293
26636.032093310176	3000.0	2024.5171258958762	0.0	0	0.0	3660.5492192060483	1	0	2	1.3438853978245344
27889.575908884795	2000.0	1645.6189287637937	0.0	0	0.0	3535.1948376485852	1	0	2	0.9768028469667998
29284.367908897842	2000.0	1250.8269287507485	0.0	0	0.0	3535.194837648589	1	0	1	1.3935600961040242
30167.558266106036	2000.0	1279.3175358217359	0.0	0	0.0	3446.87580192777	1	0	2	1.2119319555433279
30865.376403695474	2000.0	1581.499398232296	0.0	0	0.0	3446.87580192777	1	0	1	1.4181429610187826
31556.452697713976	2000.0	1890.423104213797	0.0	0	0.0	3446.87580192777	1	0	1	1.6181429610187827
32223.95901557815	2000.0	2222.91678634962	0.0	0	0.0	3446.87580192777	1	0	1	1.6181429610187827
32775.01886557917	2000.0	2671.8569363486013	0.0	0	0.0	3446.87580192777	1	0	1	1.6181429610187827
34501.88746139997	3000.0	1772.3014809457222	0.0	0	0.0	3274.1889423456923	1	0	2	1.2462612687654326
35983.2340218846	3000.0	1290.9549204610958	0.0	0	0.0	3274.1889423456923	1	0	1	1.8666060822888215
37188.32746440213	2000.0	1085.8614779435654	0.0	0	0.0	3274.1889423456887	1	0	1	1.255675866072493
38220.26641549079	2000.0	1053.922526854911	0.0	0	0.0	3274.188942345696	1	0	1	1.661140974180656
39398.3684235841	2000.0	875.8205187616053	0.0	0	0.0	3274.1889423457033	1	0	1	1.6611409741806544
40452.33154682461	2000.0	821.857395521098	0.0	0	0.0	3274.1889423457033	1	0	1	1.6611409741806544
42401.33521969014	2000.0	272.7819809673132	399.9282583117527	0	0.0	3674.117200657456	1	0	1	-0.8095599903467131
42848.225257002	1000.0	825.8919436554582	0.0	0	0.0	3674.117200657456	1	0	1	0.16470842088734616
43371.487430659654	1000.0	1302.629769997802	0.0	0	0.0	3674.117200657456	1	0	1	0.8578556014472913
43841.09555762185	1000.0	1833.021643035601	0.0	0	0.0	3674.117200657456	1	0	1	0.8578556014472913
44241.40773778765	1000.0	2432.709462869799	0.0	0	0.0	3674.117200657456	1	0	1	0.8578556014472913
44652.37081030817	1000.0	3021.7463903492853	0.0	0	0.0	3674.117200657456	1	0	1	0.8578556014472913
45200.0	1000.0	3419.354281688269	0.0	0	145.6066284008266	3619.354281688269	1	0	2	0.4684959018837138
46200.0	2000.0	3319.3542816882714	0.0	0	417.5538956980381	3519.354281688269	1	0	2	0.6936976976913676
47200.0	2000.0	3319.3542816882737	0.0	0	14.325622454751283	3519.354281688262	1	0	1	1.3981057806886588
48200.0	2000.0	3319.3542816882737	0.0	0	404.35777585136384	3519.354281688269	1	0	1	1.598105780688657
51217.46889563689	3000.0	1301.8853860513864	0.0	0	0.0	3519.354281688269	1	0	1	1.5981057806886572
53385.43270314456	2000.0	200.0	66.0784214562768	0	0.0	3585.4327031445428	1	0	1	0.788567430602344
54312.37032976439	1000.0	546.4175833404041	273.3552099602313	0	0.0	3858.787913104774	1	0	1	-1.5400362649694535
54800.05015364817	1000.0	1058.7377594566315	0.0	0	0.0	3858.787913104774	1	0	1	0.7932421753518795
55507.081640195924	1000.0	1351.7062729088784	0.0	0	0.0	3858.787913104774	1	0	1	0.7932421753518795
56238.586836351904	1000.0	1620.2010767528895	0.0	0	0.0	3858.787913104774	1	0	1	0.7932421753518795
56619.09762690164	1000.0	2239.6902862031516	0.0	0	0.0	3858.787913104774	1	0	1	0.7932421753518795
57127.282739827824	1000.0	2680.686661984355	0.0	0	0.0	3807.9694018121663	1	0	2	0.4074323361521894
57586.24808291662	1000.0	3175.8247845866726	0.0	0	0.0	3762.0728675032806	1	0	2	0.6242006820596945
58200.0	1000.0	3500.697675794947	0.0	0	281.92575320525066	3700.6976757949233	1	0	2	0.6396682118825352
59200.0	1000.0	3400.6976757949524	0.0	0	607.8210866019435	3600.697675794938	1	0	2	0.668518475348684
60200.0	1000.0	3400.6976757949565	0.0	0	549.3590231949565	3600.697675794938	1	0	1	0.6809596440131843
61200.0	1000.0	3400.697675794952	0.0	0	670.00287862189	3600.697675794938	1	0	1	0.8809596440131845
62200.0	2000.0	3300.6976757949546	0.0	0	519.2805334744189	3500.697675794945	1	0	2	0.49903258285140467
63200.0	3000.0	3200.697675794955	0.0	0	236.65576656036865	3400.697675794938	1	0	2	1.421019074493934
64200.0	3000.0	3100.6976757949524	0.0	0	368.16597885547526	3300.697675794945	1	0	2	1.8513654457348043
65200.0	3000.0	3000.697675794949	0.0	0	153.40617930774897	3200.697675794938	1	0	2	1.8756834937853113
66200.0	3000.0	2900.6976757949574	0.0	0	47.38383669551695	3100.697675794945	1	0	2	1.8978903172498178
67533.85239354902	3000.0	2433.46004289105	0.0	0	0.0	2967.312436440072	1	0	2	1.9229177226770244
68257.03011767985	3000.0	2710.2823187602203	0.0	0	0.0	2967.312436440079	1	0	1	1.9285923324537628
69256.44479663535	3000.0	2710.8676398047264	0.0	0	0.0	2967.3124364400865	1	0	1	2.128592332453762
70578.96937801572	3000.0	2388.343058424356	0.0	0	0.0	2967.312436440101	1	0	1	2.12859233245376
71852.99869290975	3000.0	2114.3137435303315	0.0	0	0.0	2967.312436440101	1	0	1	2.12859233245376
73508.79607772465	3000.0	1458.516358715423	0.0	0	0.0	2967.3124364400865	1	0	1	2.128592332453762
74812.43360674709	3000.0	1154.8788296929833	0.0	0	0.0	2967.3124364400865	1	0	1	2.128592332453762
75834.37728365591	3000.0	1132.9351527841413	0.0	0	0.0	2967.312436440072	1	0	1	2.128592332453765
76912.4218164132	3000.0	1054.8906200268493	0.0	0	0.0	2967.312436440072	1	0	1	2.128592332453765
77870.92792529955	2000.0	1096.3845111405099	0.0	0	0.0	2967.3124364400574	1	0	1	1.3176621162374382
78754.67621952663	2000.0	1212.6362169134181	0.0	0	0.0	2967.3124364400574	1	0	1	1.7231272243456028
80283.50679361563	2000.0	683.8056428244399	0.0	0	0.0	2967.312436440072	1	0	1	1.7231272243456002
81368.42466563947	2000.0	598.8877708005954	0.0	0	0.0	2967.312436440072	1	0	1	1.7231272243456002
82333.39070982045	2000.0	633.9217266196181	0.0	0	0.0	2967.3124364400574	1	0	1	1.7231272243456028
82989.99855696513	2000.0	977.3138794749514	0.0	0	0.0	2967.3124364400574	1	0	1	1.7231272243456028
83734.35168378243	2000.0	1232.9607526576556	0.0	0	0.0	2967.312436440072	1	0	1	1.7231272243456002
84737.12590182632	2000.0	1230.1865346137672	0.0	0	0.0	2967.312436440072	1	0	1	1.7231272243456002
85511.53541553604	2000.0	1455.7770209040568	0.0	0	0.0	2967.3124364400865	1	0	1	1.7231272243455975
86237.97910430025	2000.0	1729.333332139859	0.0	0	0.0	2967.312436440101	1	0	1	1.723127224345595
86823.72939618384	2000.0	2143.5830402562624	0.0	0	0.0	2967.312436440101	1	0	1	1.723127224345595
88454.09447586082	3000.0	1513.2179605792787	0.0	0	0.0	2967.312436440101	1	0	1	1.7231272243455953
90209.14818973135	2000.0	758.1642467087547	0.0	0	0.0	2967.312436440101	1	0	1	1.3176621162374305
91970.01470551763	2000.0	234.53916747558284	237.2414365531238	0	0.0	3204.5538729932305	1	0	1	0.2537099007273773
92463.06701246709	1000.0	767.2410365221136	25.754175995968893	0	0.0	3230.308048989202	1	0	1	0.13025462283117029
93008.27035113201	1000.0	1222.0376978571921	0.0	0	0.0	3230.308048989202	1	0	1	0.9779268593669288
93432.59357288697	1000.0	1797.7144761022278	0.0	0	0.0	3230.308048989202	1	0	1	0.9779268593669288
93880.16486779803	1000.0	2350.143181191176	0.0	0	0.0	3230.308048989202	1	0	1	0.9779268593669288
94387.53099969523	1000.0	2842.777049293968	0.0	0	0.0	3230.308048989202	1	0	1	0.9779268593669288
95200.0	2000.0	2949.0611489587154	0.0	0	65.60821604162629	3149.0611489587172	1	0	2	0.5905777674553897
96847.25086393327	2000.0	2301.810285025452	0.0	0	0.0	3149.0611489587172	1	0	1	1.4884792491219545
98201.60710739766	2000.0	1947.454041561047	0.0	0	0.0	3149.0611489587172	1	0	1	1.6884792491219547
99000.16483795029	2000.0	2148.896311008426	0.0	0	0.0	3149.0611489587172	1	0	1	1.6884792491219547
100172.00124502649	2000.0	1977.0599039322262	0.0	0	0.0	3149.0611489587172	1	0	1	1.6884792491219547
101394.25379078723	2000.0	1754.8073581714816	0.0	0	0.0	3149.0611489587172	1	0	1	1.6884792491219547
102148.96346086859	2000.0	2000.0976880901076	0.0	0	0.0	3149.0611489587172	1	0	1	1.6884792491219547
102922.22861809008	2000.0	2226.83253086861	0.0	0	0.0	3149.0611489587027	1	0	1	1.6884792491219578
103602.14422090675	2000.0	2546.9169280519386	0.0	0	0.0	3149.0611489587027	1	0	1	1.6884792491219578
104965.20206158377	2000.0	2183.859087374908	0.0	0	0.0	3149.061148958688	1	0	1	1.688479249121961
106195.02523258295	2000.0	1954.0359163757128	0.0	0	0.0	3149.061148958688	1	0	1	1.688479249121961
107330.18229465451	2000.0	1818.878854304139	0.0	0	0.0	3149.061148958688	1	0	1	1.688479249121961
108263.42089052168	2000.0	1792.3163988502413	0.0	0	0.0	3055.7372893719585	1	0	2	1.30223248583513
109056.10163699974	2000.0	1999.6356523721777	0.0	0	0.0	3055.7372893719585	1	0	1	1.5069769838334643
109699.78808915791	2000.0	2355.949200214014	0.0	0	0.0	3055.7372893719585	1	0	1	1.7069769838334645
110321.84547689639	2000.0	2733.891812475554	0.0	0	0.0	3055.737289371944	1	0	1	1.7069769838334672
111200.0	2000.0	2855.737289371939	0.0	0	146.64551760518225	3055.737289371944	1	0	1	1.7069769838334672
112200.0	3000.0	2855.7372893719557	0.0	0	395.819215275289	3055.737289371944	1	0	1	1.7069769838334674
115131.94056358229	3000.0	923.7967257896748	0.0	0	0.0	3055.7372893719585	1	0	1	2.112442091941629
116279.23857869848	2000.0	776.4987106734774	0.0	0	0.0	3055.7372893719876	1	0	1	1.3015118757252966
117122.51245888263	2000.0	933.2248304893301	0.0	0	0.0	3055.7372893719876	1	0	1	1.7069769838334592
117864.22120675725	2000.0	1191.5160826147064	0.0	0	0.0	3055.737289372002	1	0	1	1.706976983833456
118717.34471521537	2000.0	1338.3925741565881	0.0	0	0.0	3055.7372893719876	1	0	1	1.7069769838334592
119685.06551820056	2000.0	1370.6717711714055	0.0	0	0.0	3055.7372893719876	1	0	1	1.7069769838334592
120741.85217215981	2000.0	1313.8851172121394	0.0	0	0.0	3055.7372893719876	1	0	1	1.7069769838334592
122081.97138283674	2000.0	973.7659065352191	0.0	0	0.0	3055.7372893719876	1	0	1	1.7069769838334592
122817.16800819268	2000.0	1238.569281179292	0.0	0	0.0	3055.737289372002	1	0	1	1.706976983833456
123562.96577174998	2000.0	1492.771517621994	0.0	0	0.0	3055.7372893720167	1	0	1	1.7069769838334534
124212.78255181314	2000.0	1842.9547375588322	0.0	0	0.0	3055.7372893720167	1	0	1	1.7069769838334534
124771.12755986176	2000.0	2284.6097295101945	0.0	0	0.0	3055.7372893720167	1	0	1	1.7069769838334534
125384.30602037557	2000.0	2671.4312689963817	0.0	0	0.0	3055.7372893720167	1	0	1	1.7069769838334534
126200.0	2000.0	2774.167891409517	0.0	0	265.34960741968825	2974.1678914095683	1	0	2	1.316049478589981
127200.0	2000.0	2774.1678914095055	0.0	0	455.25179734073754	2974.1678914095537	1	0	1	1.521920821649593
128200.0	3000.0	2774.1678914095132	0.0	0	105.8710700054362	2974.1678914095537	1	0	1	1.7219208216495934
129200.0	3000.0	2774.167891409526	0.0	0	227.0617271879164	2974.1678914095683	1	0	1	2.127385929757755
130200.0	3000.0	2774.1678914095273	0.0	0	219.5026430250291	2974.1678914095683	1	0	1	2.127385929757755
131636.0249356814	3000.0	2338.14295572813	0.0	0	0.0	2974.167891409583	1	0	1	2.1273859297577538
132970.568090758	3000.0	2003.5998006515265	0.0	0	0.0	2974.167891409583	1	0	1	2.1273859297577515
133963.64104969695	3000.0	2010.5268417125753	0.0	0	0.0	2974.167891409583	1	0	1	2.127385929757753
135057.39470065042	3000.0	1916.7731907591183	0.0	0	0.0	2974.1678914095974	1	0	1	2.12738592975775
136050.3288589333	3000.0	1923.8390324762368	0.0	0	0.0	2974.1678914095974	1	0	1	2.12738592975775
138376.13730925537	3000.0	598.0305821541704	0.0	0	0.0	2974.1678914096265	1	0	1	2.127385929757745
139607.0347019294	2000.0	367.13318948014955	0.0	0	0.0	2974.1678914096265	1	0	1	1.3164557135414157
141479.563957388	2000.0	200.0	705.3960659784553	0	0.0	3679.563957387989	1	0	1	-2.6658399428424837
141966.09978547867	1000.0	752.0178256043513	38.55365369502462	0	0.0	3718.1176110830274	1	0	1	-0.08114424770080281
142619.24302805078	1000.0	1098.874583032285	0.0	0	0.0	3718.1176110830274	1	0	1	0.8433248550292902
143407.05553499341	1000.0	1311.062076089671	0.0	0	0.0	3718.1176110830274	1	0	1	0.8433248550292902
143924.08019488474	1000.0	1794.0374161983466	0.0	0	0.0	3718.1176110830274	1	0	1	0.8433248550292902
144579.98159596478	1000.0	2138.136015118315	0.0	0	0.0	3718.1176110830274	1	0	1	0.8433248550292902
145437.67697681658	1000.0	2280.4406342665166	0.0	0	0.0	3718.1176110830274	1	0	1	0.8433248550292902
146458.89259435618	1000.0	2259.225016726952	0.0	0	0.0	3718.1176110830274	1	0	1	0.8433248550292902
147329.18835784993	1000.0	2388.9292532332242	0.0	0	0.0	3718.1176110829983	1	0	1	0.8433248550292999
147857.34005817064	1000.0	2807.962382880456	0.0	0	0.0	3665.302441050939	1	0	2	0.4566129096714987
148824.65232406402	1000.0	2743.9188903976997	0.0	0	0.0	3568.5712144615827	1	0	2	0.6815283410293393
149759.51602926737	1000.0	2809.055185194345	0.0	0	0.0	3568.5712144615827	1	0	1	0.6906341886716425
150814.51835378585	1000.0	2754.052860675887	0.0	0	0.0	3568.5712144615827	1	0	1	0.8906341886716427
151385.86648403323	1000.0	3125.5699174037336	0.0	0	0.0	3511.4364014367748	1	0	2	0.5034731951157705
152200.0	1000.0	3230.023049840323	0.0	0	172.3357112512458	3430.0230498401797	1	0	2	0.7214099156652333
153200.0	1000.0	3230.0230498403075	0.0	0	394.50932787466445	3430.0230498401797	1	0	1	0.7294799917181988
154200.0	1000.0	3130.02304984034	0.0	0	576.2363316693518	3330.0230498401797	1	0	2	0.5449736572671261
155200.0	1000.0	3130.0230498403475	0.0	0	635.0103892294865	3330.0230498401506	1	0	1	0.7547898377504231
156200.0	1000.0	3130.0230498403785	0.0	0	566.7749014434812	3330.0230498401797	1	0	1	0.9547898377504163
157200.0	1000.0	3130.023049840358	0.0	0	472.7284013282042	3330.0230498401797	1	0	1	0.9547898377504163
158200.0	1000.0	3030.0230498403835	0.0	0	600.6884893583483	3230.0230498401797	1	0	2	0.5688986428271289
159200.0	2000.0	3030.0230498403776	0.0	0	200.0039736914623	3230.0230498401797	1	0	1	0.7779901269075506
160200.0	2000.0	3030.023049840399	0.0	0	353.03775231557665	3230.0230498401506	1	0	1	1.6711373074675024
161200.0	2000.0	3030.023049840392	0.0	0	106.67655857294449	3230.0230498401215	1	0	1	1.671137307467509
162507.15236701324	2000.0	2722.8706828271197	0.0	0	0.0	3230.0230498401506	1	0	1	1.6711373074675024
163576.66752286578	2000.0	2653.3555269745775	0.0	0	0.0	3230.0230498401506	1	0	1	1.6711373074675024
164796.45810958656	2000.0	2433.564940253822	0.0	0	0.0	3230.0230498401506	1	0	1	1.6711373074675024
165927.5339256839	2000.0	2302.4891241564924	0.0	0	0.0	3230.0230498401506	1	0	1	1.6711373074675024
166836.94030246622	2000.0	2302.1421096959702	0.0	0	0.0	3139.0824121619225	1	0	2	1.2856579528529335
167837.57798287834	2000.0	2301.5044292838734	0.0	0	0.0	3139.0824121619225	1	0	1	1.4905316405755566
169194.98137933947	2000.0	1944.1010328227555	0.0	0	0.0	3139.0824121619225	1	0	1	1.6905316405755568
169849.266158518	2000.0	2289.816253644234	0.0	0	0.0	3139.0824121619517	1	0	1	1.690531640575551
170796.82181623075	2000.0	2342.2605959315083	0.0	0	0.0	3139.0824121619808	1	0	1	1.690531640575545
171546.31291744485	2000.0	2592.769494717398	0.0	0	0.0	3139.08241216201	1	0	1	1.6905316405755402
172429.10283632492	2000.0	2709.9795758373402	0.0	0	0.0	3139.08241216201	1	0	1	1.6905316405755388
173239.09257760295	2000.0	2899.989834559322	0.0	0	0.0	3139.0824121619808	1	0	1	1.690531640575545
174234.46739384645	2000.0	2904.6150183158165	0.0	0	0.0	3139.0824121619808	1	0	1	1.690531640575545
175200.0	2000.0	2939.0824121622404	0.0	0	213.23974578507477	3139.0824121619808	1	0	1	1.690531640575545
176509.87246583536	2000.0	2629.2099463268487	0.0	0	0.0	3139.0824121619808	1	0	1	1.690531640575545
178052.59729941696	3000.0	2086.4851127452175	0.0	0	0.0	3139.0824121619517	1	0	1	1.6905316405755508
178850.24903365286	2000.0	2288.8333785093173	0.0	0	0.0	3139.0824121619517	1	0	1	1.2850665324673864
179452.74194255672	2000.0	2686.3404696054467	0.0	0	0.0	3139.0824121619517	1	0	1	1.690531640575551
180292.84144400523	2000.0	2846.240968156965	0.0	0	0.0	3139.0824121619517	1	0	1	1.690531640575551
181200.0	3000.0	2848.3665565626743	0.0	0	289.39826365048066	3048.366556562425	1	0	2	1.3016714087450378
182200.0	3000.0	2748.366556562651	0.0	0	236.72230531155947	2948.366556562396	1	0	2	1.9257321635877536
183984.2531821929	3000.0	1964.1133743697653	0.0	0	0.0	2948.366556562367	1	0	1	1.93188756389017
186152.0320571005	3000.0	796.3344994621534	0.0	0	0.0	2948.366556562367	1	0	1	2.131887563890169
187093.71137352535	2000.0	854.6551830373259	0.0	0	0.0	2948.366556562396	1	0	1	1.3209573476738354
187815.29810622655	2000.0	1133.068450336144	0.0	0	0.0	2948.366556562367	1	0	1	1.7264224557820054
189543.95539423512	2000.0	404.4111623275502	0.0	0	0.0	2948.366556562338	1	0	1	1.7264224557820105
191305.47737184775	2000.0	217.3646128083757	574.4754280934297	0	0.0	3522.8419846561446	1	0	1	-1.8339851354821395
191829.1889625239	1000.0	718.7154544678767	25.062432335681564	0	0.0	3547.9044169918343	1	0	1	0.05319976938945331
192232.9231305353	1000.0	1314.981286456523	0.0	0	0.0	3547.9044169918343	1	0	1	0.8967215439634878
192656.0654290607	1000.0	1891.8389879310866	0.0	0	0.0	3547.9044169918343	1	0	1	0.8967215439634878
192972.489144206	1000.0	2575.4152727857922	0.0	0	0.0	3547.9044169918343	1	0	1	0.8967215439634878
193299.0986066659	1000.0	3248.8058103258636	0.0	0	0.0	3547.9044169918343	1	0	1	0.8967215439634878
194200.0	1000.0	3257.814277658401	0.0	0	495.43004544390715	3457.814277658472	1	0	2	0.5115402399115883
195200.0	1000.0	3157.814277658391	0.0	0	636.5257353646739	3357.8142776584136	1	0	2	0.737783164797819
196200.0	1000.0	3157.8142776583813	0.0	0	453.51330319128465	3357.8142776583845	1	0	1	0.747974197742223
197200.0	2000.0	3157.814277658381	0.0	0	402.15287414746126	3357.8142776583845	1	0	1	0.9479741977422231
198200.0	2000.0	3157.814277658386	0.0	0	19.407899133046158	3357.8142776583845	1	0	1	1.6411213783021683
201418.27343066782	2000.0	939.5408469905549	0.0	0	0.0	3357.8142776583845	1	0	1	1.6411213783021683
202867.63999065943	2000.0	490.1742869989513	0.0	0	0.0	3357.8142776583845	1	0	1	1.6411213783021683
203474.39342274467	1000.0	883.4208549136865	0.0	0	0.0	3357.8142776583554	1	0	1	0.25482701718228373
203977.79324067244	1000.0	1380.0210369858978	0.0	0	0.0	3357.8142776583263	1	0	1	0.9479741977422376
204608.37666542543	1000.0	1749.437612232907	0.0	0	0.0	3357.814277658297	1	0	1	0.947974197742245
205175.35374973394	1000.0	2182.4605279243915	0.0	0	0.0	3357.814277658297	1	0	1	0.947974197742245
205539.42840063103	1000.0	2818.3858770273023	0.0	0	0.0	3357.814277658297	1	0	1	0.947974197742245
206200.0	1000.0	3157.8142776583627	0.0	0	259.3089952446171	3357.814277658297	1	0	1	0.947974197742245
207200.0	1000.0	3157.8142776584104	0.0	0	629.6175004919351	3357.814277658297	1	0	1	0.947974197742245
208200.0	1000.0	3157.8142776583977	0.0	0	626.6750427651859	3357.814277658297	1	0	1	0.947974197742245
209200.0	1000.0	3157.81427765838	0.0	0	614.7112557385699	3357.814277658297	1	0	1	0.947974197742245
210200.0	1000.0	3157.814277658415	0.0	0	550.1936028914351	3357.814277658297	1	0	1	0.947974197742245
211200.0	1000.0	3157.8142776584264	0.0	0	605.1122244044964	3357.814277658297	1	0	1	0.947974197742245
212200.0	2000.0	3057.8142776584095	0.0	0	366.65446287347004	3257.814277658239	1	0	2	0.5630111286038725
213200.0	2000.0	3057.814277658386	0.0	0	410.62110427350854	3257.814277658239	1	0	1	1.464892512351659
214200.0	3000.0	3057.8142776583877	0.0	0	227.8039044329489	3257.814277658239	1	0	1	1.6648925123516594
215200.0	3000.0	3057.8142776583927	0.0	0	11.484327104553813	3257.81427765821	1	0	1	2.0703576204598306
216200.0	3000.0	3057.8142776584014	0.0	0	188.48398515483132	3257.814277658181	1	0	1	2.0703576204598373
217200.0	3000.0	2957.814277658393	0.0	0	60.37062289050664	3157.8142776581517	1	0	2	1.686193169531164
218200.0	3000.0	2857.8142776583863	0.0	0	143.09777546447003	3057.814277658181	1	0	2	1.9057986739120194
219903.1692835682	3000.0	2154.6449940901985	0.0	0	0.0	3057.814277658181	1	0	1	1.9120470324670835
221273.1952444107	3000.0	1784.6190332476979	0.0	0	0.0	3057.8142776581517	1	0	1	2.112047032467089
222880.7422708279	3000.0	1177.0720068304538	0.0	0	0.0	3057.8142776581517	1	0	1	2.1120470324670872
223803.5372365749	3000.0	1254.2770410834662	0.0	0	0.0	3057.8142776581517	1	0	1	2.112047032467089
224638.0629617668	3000.0	1419.7513158915544	0.0	0	0.0	3057.8142776581226	1	0	1	2.112047032467095
225737.42822298317	3000.0	1320.3860546751514	0.0	0	0.0	3057.8142776580935	1	0	1	2.1120470324670992
226496.67868193798	3000.0	1561.1355957203582	0.0	0	0.0	3057.8142776580935	1	0	1	2.1120470324671006
228307.7890068402	3000.0	750.0252708181031	0.0	0	0.0	3057.8142776580935	1	0	1	2.1120470324671006
229700.61228395038	2000.0	404.90217906098337	47.700185353037796	0	0.0	3105.514463011117	1	0	1	1.0056369098493811
230760.82014955327	2000.0	526.3096630401966	181.61534958208912	0	0.0	3287.1298125934554	1	0	1	0.5684456849300028
231542.87880548512	2000.0	744.25100710834	0.0	0	0.0	3287.1298125934554	1	0	1	1.6581377824225376
232120.3457786841	2000.0	1166.7840339093614	0.0	0	0.0	3287.1298125934554	1	0	1	1.6581377824225376
233204.98739658916	2000.0	1082.1424160043007	0.0	0	0.0	3287.1298125934554	1	0	1	1.6581377824225376
234226.54370190026	2000.0	1060.5861106931977	0.0	0	0.0	3287.1298125934263	1	0	1	1.6581377824225443
235169.17460638197	2000.0	1117.955206211479	0.0	0	0.0	3287.1298125934263	1	0	1	1.6581377824225443
235919.21520559787	2000.0	1367.914606995583	0.0	0	0.0	3287.1298125934263	1	0	1	1.6581377824225443
236557.7222593995	2000.0	1729.407553193944	0.0	0	0.0	3287.129812593397	1	0	1	1.6581377824225512
237253.64382525926	2000.0	2033.485987334171	0.0	0	0.0	3287.129812593397	1	0	1	1.6581377824225512
239049.7884569931	2000.0	1237.3413556003745	0.0	0	0.0	3287.129812593397	1	0	1	1.6581377824225512
240326.41076382686	2000.0	960.7190487666152	0.0	0	0.0	3287.129812593397	1	0	1	1.6581377824225512
241578.64820342523	2000.0	708.4816091682253	0.0	0	0.0	3287.129812593397	1	0	1	1.6581377824225512
242720.33630784403	2000.0	566.7935047494076	0.0	0	0.0	3287.129812593368	1	0	1	1.6581377824225565
243122.07722570334	1000.0	1165.0525868900816	0.0	0	0.0	3287.129812593368	1	0	1	0.2718434213026678
243585.7341001328	1000.0	1701.3957124606118	0.0	0	0.0	3287.129812593339	1	0	1	0.9649906018626198
244103.8103836772	1000.0	2183.3194289162343	0.0	0	0.0	3287.129812593339	1	0	1	0.9649906018626198
244994.6793669538	1000.0	2292.450445639612	0.0	0	0.0	3287.12981259331	1	0	1	0.9649906018626265
245825.6299578629	1000.0	2378.404795639597	0.0	0	0.0	3204.034753502405	1	0	2	0.579142361763654
246399.2337852469	1000.0	2804.8009682556035	0.0	0	0.0	3204.034753502405	1	0	1	0.7836929121798122
247200.0	1000.0	2923.9581320271654	0.0	0	5.473477551800897	3123.958132027037	1	0	2	0.5963104026811599
248200.0	1000.0	2923.958132027161	0.0	0	273.93453038154985	3123.958132027037	1	0	1	0.8004605513529667
249200.0	1000.0	2923.958132027174	0.0	0	541.3906196933531	3123.958132027008	1	0	1	1.0004605513529727
250200.0	1000.0	2923.95813202717	0.0	0	400.48681280369055	3123.958132027037	1	0	1	1.0004605513529667
251200.0	1000.0	2923.958132027165	0.0	0	468.2883730016765	3123.958132027037	1	0	1	1.0004605513529667
252200.0	1000.0	2923.958132027122	0.0	0	518.9308779949206	3123.958132027008	1	0	1	1.0004605513529727
253200.0	1000.0	2823.9581320271245	0.0	0	519.2737455965835	3023.9581320270663	1	0	2	0.6123210866824053
254200.0	1000.0	2823.9581320271177	0.0	0	238.49151361820986	3023.9581320270663	1	0	1	0.8197831649138729
255449.1666537649	2000.0	2574.7914782622097	0.0	0	0.0	3023.958132027037	1	0	1	1.0197831649138753
256449.76163865367	2000.0	2574.196493373432	0.0	0	0.0	3023.958132027037	1	0	1	1.7129303454738238
257200.0	2000.0	2823.9581320271186	0.0	0	106.14573073424981	3023.9581320270663	1	0	1	1.712930345473818
258200.0	2000.0	2823.9581320270654	0.0	0	441.5393442395434	3023.9581320270663	1	0	1	1.712930345473818
259200.0	2000.0	2823.958132027069	0.0	0	524.264825382008	3023.9581320270663	1	0	1	1.712930345473818
260200.0	2000.0	2823.958132027106	0.0	0	242.40231839890475	3023.958132027037	1	0	1	1.7129303454738238
261200.0	2000.0	2823.958132027126	0.0	0	513.6416309188062	3023.958132027037	1	0	1	1.7129303454738238
263973.1244898638	3000.0	1050.8336421632998	0.0	0	0.0	3023.958132027008	1	0	1	1.7129303454738247
265307.87390799046	2000.0	716.0842240365826	0.0	0	0.0	3023.95813202695	1	0	1	1.3074652373656752
266285.07464186545	2000.0	738.8834901616203	0.0	0	0.0	3023.9581320268917	1	0	1	1.7129303454738505
266979.43744551507	2000.0	1044.5206865119835	0.0	0	0.0	3023.9581320268335	1	0	1	1.7129303454738611
267863.2035889015	2000.0	1160.754543125579	0.0	0	0.0	3023.9581320268335	1	0	1	1.7129303454738611
268674.5548429116	2000.0	1349.4032891154516	0.0	0	0.0	3023.9581320268335	1	0	1	1.7129303454738611
269599.0900562716	2000.0	1424.8680757555326	0.0	0	0.0	3023.9581320268917	1	0	1	1.712930345473855
270451.2468605664	2000.0	1572.7112714607877	0.0	0	0.0	3023.95813202695	1	0	1	1.712930345473846
271188.4470413072	2000.0	1835.5110907199062	0.0	0	0.0	3023.95813202695	1	0	1	1.7129303454738398
271836.47322203784	2000.0	2187.4849099893054	0.0	0	0.0	3023.9581320268917	1	0	1	1.7129303454738505
272563.1347721974	2000.0	2460.823359829764	0.0	0	0.0	3023.9581320268917	1	0	1	1.7129303454738505
273200.0	2000.0	2823.9581320271077	0.0	0	37.42959112318931	3023.9581320268917	1	0	1	1.7129303454738505
274200.0	2000.0	2823.9581320270804	0.0	0	326.50283903820673	3023.95813202695	1	0	1	1.7129303454738398
275200.0	2000.0	2823.9581320270904	0.0	0	230.93674582138192	3023.95813202695	1	0	1	1.7129303454738398
276200.0	2000.0	2823.9581320270936	0.0	0	511.97881514322944	3023.95813202695	1	0	1	1.7129303454738398
277200.0	2000.0	2823.9581320271272	0.0	0	500.93899913225323	3023.95813202695	1	0	1	1.7129303454738398
278200.0	3000.0	2823.9581320271536	0.0	0	216.2265475015156	3023.958132027008	1	0	1	1.7129303454738292
279459.10054674395	3000.0	2564.8575852831927	0.0	0	0.0	3023.958132027008	1	0	1	2.1183954535819938
280992.976952662	3000.0	2030.981179365209	0.0	0	0.0	3023.9581320271245	1	0	1	2.1183954535819742
281981.64201305056	3000.0	2042.316118976606	0.0	0	0.0	3023.9581320270663	1	0	1	2.118395453581983
282815.66587415227	3000.0	2208.2922578749203	0.0	0	0.0	3023.9581320271245	1	0	1	2.118395453581972
283777.1696537992	3000.0	2246.788478228006	0.0	0	0.0	3023.9581320271245	1	0	1	2.118395453581972
284920.9016890767	3000.0	2103.0564429505575	0.0	0	0.0	3023.9581320271245	1	0	1	2.118395453581972
287258.3863203466	3000.0	765.571811680622	0.0	0	0.0	3023.9581320271245	1	0	1	2.118395453581972
289242.3714328912	2000.0	200.0	418.41330086393964	0	0.0	3442.3714328910573	1	0	1	-1.272009390918403
290556.22338761174	2000.0	338.9274841401052	452.77943886072154	0	0.0	3895.1508717517136	1	0	1	-1.244171772543067
291534.9188236712	2000.0	481.3111678536194	121.07911977300637	0	0.0	4016.2299915247713	1	0	1	0.6968656540279066
292178.18060973316	1000.0	773.7232031854182	0.0	0	0.0	3951.903812918579	1	0	2	-0.3426761042482405
292903.45486284746	1000.0	1048.4489500711086	0.0	0	0.0	3951.903812918579	1	0	1	0.5568837274513833
293671.62419172213	1000.0	1280.2796211964087	0.0	0	0.0	3951.903812918521	1	0	1	0.7568837274514071
294424.61688068195	1000.0	1451.9876633406218	0.0	0	0.0	3876.604544022586	1	0	2	0.3794439456413629
295266.0730542869	1000.0	1610.5314897356936	0.0	0	0.0	3876.604544022586	1	0	1	0.5864888333507634
296007.6735340638	1000.0	1868.931009958783	0.0	0	0.0	3876.604544022586	1	0	1	0.7864888333507636
296868.57094627345	1000.0	1921.9438565281034	0.0	0	0.0	3790.5148028015974	1	0	2	0.41099357917499824
298056.4837992287	1000.0	1615.2397182773107	0.0	0	0.0	3671.723517506034	1	0	2	0.6474434300731586
298845.88035806536	1000.0	1825.8431594406215	0.0	0	0.0	3671.723517506034	1	0	1	0.6586311629668349
299546.74670491	1000.0	2054.8901779115727	0.0	0	0.0	3601.63688282168	1	0	2	0.4759890571889174
300416.7999931874	1000.0	2097.831560806311	0.0	0	0.0	3514.6315539938514	1	0	2	0.7005393257186923
300957.866006964	1000.0	2502.658945652019	0.0	0	0.0	3460.524952616135	1	0	2	0.7176936702741988
2.14	1.91	1.91	2.42	2.98	3.15	2.17	1.22	1.63	2.06	2.33	2.34	2.26	1.91	1.81	2.32	2.92	3.09	2.07	2.5	3.09	2.15	1.41	1.99	2.78	3.22	3.81	3.9	1.77	1.37	1.98	1.85	2.37	2.07	1.54	1.16	0.9	2.35	2.97	2.95	2.77	2.48	3.13	2.06	0.83	0.89	0.71	1.15	1.15	1.73	1.71	2.32	2.5	2.46	3.13	3.08	3.29	3.65	4.08	4.83	3.73	2.84	3.43	3.28	2.59	1.95	2.19	2.48	2.44	2.86	3.5	3.72	2.2	2.02	1.48	2.15	2.78	3.39	2.46	2.27	2.51	3.06	2.36	1.38	0.95	1.3	1.88	2.4	2.47	2.12	1.26	1.42	1.25	1.95	1.99	2.05	2.65	3.1	2.41	1.45	1.91	2.46	2.99	3.53	3.45	3.67	3.92	1.56	0.97	1.47	1.66	2.27	2.85	2.65	2.06	1.82	2.12	2.66	2.73	3.1	3.5	3.92	3.74	4.17	3.2	2.44	2.22	2.68	3.29	3.8	3.38	1.36	0.95	1.25	1.17	1.55	1.63	1.38	1.59	1.15	1.3	1.1	1.48	0.95	0.96	1.49	2.09	2.1	2.63	2.71	2.14	1.91	1.91	2.42	2.98	3.15	2.17	1.22	1.63	2.06	2.33	2.34	2.26	1.91	1.81	2.32	2.92	3.09	2.07	2.5	3.09	2.15	1.41	1.99	2.78	3.22	3.81	3.9	1.77	1.37	1.98	1.85	2.37	2.07	1.54	1.16	0.9	2.35	2.97	2.95	2.77	2.48	3.13	2.06	0.83	0.89	0.71	1.15	1.15	1.73	1.71	2.32	2.5	2.46	3.13	3.08	3.29	3.65	4.08	4.83	3.73	2.84	3.43	3.28	2.59	1.95	2.19	2.48	2.44	2.86	3.5	3.72	2.2	2.02	1.48	2.15	2.78	3.39	2.46	2.27	2.51	3.06	2.36	1.38	0.95	1.3	1.88	2.4	2.47	2.12	1.26	1.42	1.25	1.95	1.99	2.05	2.65	3.1	2.41	1.45	1.91	2.46	2.99	3.53	3.45	3.67	3.92	1.56	0.97	1.47	1.66	2.27	2.85	2.65	2.06	1.82	2.12	2.66	2.73	3.1	3.5	3.92	3.74	4.17	3.2	2.44	2.22	2.68	3.29	3.8	3.38	1.36	0.95	1.25	1.17	1.55	1.63	1.38	1.59	1.15	1.3	1.1	1.48	0.95	0.96	1.49	2.09	2.1	2.63	2.71	2.14
1.0	2.0	3.0	4.0	5.0	6.0	7.0	8.0	9.0	10.0	11.0	12.0	13.0	14.0	15.0	16.0	17.0	18.0	19.0	20.0	21.0	22.0	23.0	24.0	25.0	26.0	27.0	28.0	29.0	30.0	31.0	32.0	33.0	34.0	35.0	36.0	37.0	38.0	39.0	40.0	41.0	42.0	43.0	44.0	45.0	46.0	47.0	48.0	49.0	50.0	51.0	52.0	53.0	54.0	55.0	56.0	57.0	58.0	59.0	60.0	61.0	62.0	63.0	64.0	65.0	66.0	67.0	68.0	69.0	70.0	71.0	72.0	73.0	74.0	75.0	76.0	77.0	78.0	79.0	80.0	81.0	82.0	83.0	84.0	85.0	86.0	87.0	88.0	89.0	90.0	91.0	92.0	93.0	94.0	95.0	96.0	97.0	98.0	99.0	100.0	101.0	102.0	103.0	104.0	105.0	106.0	107.0	108.0	109.0	110.0	111.0	112.0	113.0	114.0	115.0	116.0	117.0	118.0	119.0	120.0	121.0	122.0	123.0	124.0	125.0	126.0	127.0	128.0	129.0	130.0	131.0	132.0	133.0	134.0	135.0	136.0	137.0	138.0	139.0	140.0	141.0	142.0	143.0	144.0	145.0	146.0	147.0	148.0	149.0	149.0	150.0	151.0	152.0	153.0	154.0	155.0	156.0	157.0	158.0	159.0	160.0	161.0	162.0	163.0	164.0	165.0	166.0	167.0	168.0	169.0	170.0	171.0	172.0	173.0	174.0	175.0	176.0	177.0	178.0	179.0	180.0	181.0	182.0	183.0	184.0	185.0	186.0	187.0	188.0	189.0	190.0	191.0	192.0	193.0	194.0	195.0	196.0	197.0	198.0	199.0	200.0	201.0	202.0	203.0	204.0	205.0	206.0	207.0	208.0	209.0	210.0	211.0	212.0	213.0	214.0	215.0	216.0	217.0	218.0	219.0	220.0	221.0	222.0	223.0	224.0	225.0	226.0	227.0	228.0	229.0	230.0	231.0	232.0	233.0	234.0	235.0	236.0	237.0	238.0	239.0	240.0	241.0	242.0	243.0	244.0	245.0	246.0	247.0	248.0	249.0	250.0	251.0	252.0	253.0	254.0	255.0	256.0	257.0	258.0	259.0	260.0	261.0	262.0	263.0	264.0	265.0	266.0	267.0	268.0	269.0	270.0	271.0	272.0	273.0	274.0	275.0	276.0	277.0	278.0	279.0	280.0	281.0	282.0	283.0	284.0	285.0	286.0	287.0	288.0	289.0	290.0	291.0	292.0	293.0	294.0	295.0	296.0	297.0	298.0	298.0	299.0
5268.994954656605
