4175.701214526167	300.0	2000.0	372.1201821562693	0	0.0	4175.701214526167	1	0	1	-2.7352729924304753
4528.74510374374	300.0	2611.6517218606705	0.0	0	0.0	4140.396825604411	1	0	2	-0.9332834261764402
4832.921839164172	300.0	3277.0573128981964	0.0	0	0.0	4109.979152062368	1	0	2	-0.7182660384786788
5292.656482184549	500.0	3771.349205575781	0.0	0	0.0	4064.0056877603292	1	0	2	-0.6993710505339421
6200.0	500.0	3773.271335978784	0.0	0	438.82449400033966	3973.271335978784	1	0	2	-0.1604712710815921
7200.0	500.0	3673.271335978785	0.0	0	554.9609925232098	3873.271335978785	1	0	2	-0.12083118352699532
8200.0	500.0	3573.2713359787836	0.0	0	464.4807310967735	3773.271335978784	1	0	2	-0.08319420149650121
9200.0	500.0	3473.2713359787845	0.0	0	98.49998413381945	3673.271335978786	1	0	2	-0.044783410269925356
10477.64923831981	1000.0	3067.857173826994	0.0	0	0.0	3545.506412146804	1	0	2	-0.004902307003563089
11200.0	1000.0	3273.271335978785	0.0	0	87.98627988898988	3473.271335978786	1	0	2	0.7114831142304612
12200.0	1000.0	3173.271335978785	0.0	0	332.79288770769745	3373.271335978785	1	0	2	0.7344515607161128
13200.0	1000.0	3073.2713359787863	0.0	0	349.17892835824205	3273.271335978785	1	0	2	0.7589197303872313
14200.0	1000.0	2973.2713359787867	0.0	0	202.43285838170414	3173.271335978785	1	0	2	0.7827394863141152
15200.0	1000.0	2873.2713359787886	0.0	0	47.027190698378035	3073.2713359787867	1	0	2	0.8048229250300563
16200.0	1000.0	2873.271335978787	0.0	0	107.46367762593945	3073.2713359787867	1	0	1	0.8104713934760034
17200.0	1000.0	2873.2713359787867	0.0	0	219.29442269472565	3073.2713359787867	1	0	1	1.0104713934760035
18200.0	1000.0	2873.2713359787867	0.0	0	278.4902034779079	3073.2713359787886	1	0	1	1.0104713934760035
19449.168057520066	1000.0	2624.103278458723	0.0	0	0.0	3073.2713359787886	1	0	1	1.0104713934760032
20830.543041376004	1000.0	2104.5907962171923	0.0	0	0.0	2935.133837593192	1	0	2	0.6287731928387641
22132.901635590515	1000.0	1802.2322020026809	0.0	0	0.0	2935.1338375931955	1	0	1	0.8355433746392598
23514.314428659996	1000.0	1420.8194089332028	0.0	0	0.0	2935.133837593199	1	0	1	1.0355433746392593
24678.733528721223	1000.0	1256.4003088719792	0.0	0	0.0	2935.133837593199	1	0	1	1.0355433746392593
25816.557294248312	1000.0	1118.576543344891	0.0	0	0.0	2935.133837593199	1	0	1	1.0355433746392593
26925.817024661206	1000.0	1009.316812931997	0.0	0	0.0	2935.133837593199	1	0	1	1.0355433746392593
27922.0860998797	1000.0	1013.0477377135016	0.0	0	0.0	2935.133837593199	1	0	1	1.0355433746392593
28670.761861055216	1000.0	1264.371976537988	0.0	0	0.0	2935.133837593199	1	0	1	1.0355433746392593
29472.399317389212	1000.0	1462.7345202039899	0.0	0	0.0	2935.133837593199	1	0	1	1.0355433746392593
30398.59668103607	1000.0	1536.5371565571302	0.0	0	0.0	2935.1338375931955	1	0	1	1.03554337463926
31052.710200346504	1000.0	1882.423637246692	0.0	0	0.0	2935.133837593192	1	0	1	1.0355433746392606
31855.308367696623	1000.0	2079.8254698965757	0.0	0	0.0	2935.133837593192	1	0	1	1.0355433746392606
32854.339142656565	1000.0	2080.794694936633	0.0	0	0.0	2935.133837593192	1	0	1	1.0355433746392602
33877.57735668614	1000.0	2057.5564809070615	0.0	0	0.0	2935.1338375931955	1	0	1	1.0355433746392602
35073.46103464129	1000.0	1861.6728029519215	0.0	0	0.0	2935.1338375932064	1	0	1	1.0355433746392588
36470.2727160061	1000.0	1464.8611215871085	0.0	0	0.0	2935.1338375932028	1	0	1	1.0355433746392586
37131.798399465	1000.0	1803.33543812821	0.0	0	0.0	2935.1338375932028	1	0	1	1.0355433746392586
37763.248243744194	1000.0	2171.885593849015	0.0	0	0.0	2935.1338375932028	1	0	1	1.0355433746392586
38392.913484987286	1000.0	2542.2203526059234	0.0	0	0.0	2935.1338375932028	1	0	1	1.0355433746392586
39216.10086705253	1000.0	2719.032970540686	0.0	0	0.0	2935.1338375932028	1	0	1	1.0355433746392586
40250.77659387468	1000.0	2684.3572437185335	0.0	0	0.0	2935.13383759321	1	0	1	1.0355433746392575
41345.78711094849	1000.0	2589.3467266447224	0.0	0	0.0	2935.13383759321	1	0	1	1.0355433746392575
42560.16176386886	1000.0	2374.9720737243524	0.0	0	0.0	2935.13383759321	1	0	1	1.0355433746392575
43755.68161732756	1000.0	2179.452220265658	0.0	0	0.0	2935.13383759321	1	0	1	1.0355433746392575
45161.93131896645	1000.0	1773.2025186267647	0.0	0	0.0	2935.13383759321	1	0	1	1.0355433746392575
45861.12983081731	1000.0	2074.0040067759046	0.0	0	0.0	2935.13383759321	1	0	1	1.0355433746392575
46584.15653923276	1000.0	2350.977298360453	0.0	0	0.0	2935.13383759321	1	0	1	1.0355433746392575
47343.822817770815	1000.0	2591.311019822404	0.0	0	0.0	2935.13383759321	1	0	1	1.0355433746392575
49679.04928983659	1000.0	1256.0845477566297	0.0	0	0.0	2935.13383759321	1	0	1	1.0355433746392575
51567.56113005299	1000.0	367.57270754022903	0.0	0	0.0	2935.1338375932173	1	0	1	1.0355433746392562
52189.84007212853	500.0	745.2937654646947	0.0	0	0.0	2935.1338375932173	1	0	1	-0.35075098648063463
52789.739913024365	500.0	1145.3939245688548	0.0	0	0.0	2935.1338375932173	1	0	1	0.34239619407931077
53229.30254085717	500.0	1705.8312967360523	0.0	0	0.0	2935.1338375932173	1	0	1	0.34239619407931077
53751.41190483413	500.0	2183.721932759097	0.0	0	0.0	2935.1338375932246	1	0	1	0.3423961940793103
54222.47475075028	500.0	2712.6590868429357	0.0	0	0.0	2935.1338375932246	1	0	1	0.34239619407930955
55200.0	500.0	2735.1338375932287	0.0	0	321.31512682120956	2935.1338375932246	1	0	1	0.34239619407930955
56200.0	500.0	2735.133837593228	0.0	0	334.2170563175605	2935.1338375932173	1	0	1	0.34239619407931077
57200.0	500.0	2735.1338375932196	0.0	0	535.5445983763129	2935.13383759321	1	0	1	0.342396194079312
58200.0	500.0	2735.133837593209	0.0	0	635.2417500330848	2935.13383759321	1	0	1	0.342396194079312
59200.0	500.0	2735.1338375932155	0.0	0	730.7529266544079	2935.13383759321	1	0	1	0.342396194079312
60200.0	500.0	2735.1338375932246	0.0	0	557.6027590873709	2935.1338375932173	1	0	1	0.34239619407931077
61200.0	500.0	2735.1338375932287	0.0	0	485.6824072668678	2935.1338375932173	1	0	1	0.34239619407931077
62200.0	1000.0	2635.1338375932314	0.0	0	328.15814013557974	2835.133837593232	1	0	2	-0.04714232580360589
63200.0	1000.0	2635.133837593228	0.0	0	241.599093515797	2835.133837593232	1	0	1	0.8518253377651686
64200.0	1000.0	2635.133837593234	0.0	0	174.55060896384384	2835.133837593232	1	0	1	1.0518253377651687
65200.0	1000.0	2635.133837593238	0.0	0	57.48589209167403	2835.133837593232	1	0	1	1.0518253377651687
66358.23753289742	1000.0	2361.072551406081	0.0	0	0.0	2719.3100843034845	1	0	2	0.6641842343775496
67408.40890055227	1000.0	2310.90118375123	0.0	0	0.0	2719.3100843034917	1	0	1	0.8689048471172838
68439.23450274128	1000.0	2176.9930213433145	0.0	0	0.0	2616.2275240845775	1	0	2	0.6789837633427399
69556.0751835717	1000.0	2060.15234051291	0.0	0	0.0	2616.2275240845775	1	0	1	0.8826373684795241
70333.09793162726	1000.0	2283.129592457338	0.0	0	0.0	2616.2275240845775	1	0	1	1.0826373684795243
71226.02057525942	1000.0	2300.9146844619504	0.0	0	0.0	2526.9352597213438	1	0	2	0.6909590511087804
72382.13975414033	1000.0	2144.795505581029	0.0	0	0.0	2526.9352597213438	1	0	1	0.8935096411977153
73313.10127112339	1000.0	2213.833988597963	0.0	0	0.0	2526.9352597213438	1	0	1	1.0935096411977154
74689.07108892528	1000.0	1837.8641707960753	0.0	0	0.0	2526.9352597213583	1	0	1	1.0935096411977139
76583.60157864416	1000.0	943.3336810771933	0.0	0	0.0	2526.9352597213583	1	0	1	1.0935096411977139
77961.59534978252	1000.0	565.3399099388298	0.0	0	0.0	2526.9352597213583	1	0	1	1.0935096411977139
79436.36206591545	1000.0	244.21736792745304	153.6441741215551	0	0.0	2680.579433842926	1	0	1	0.15235454964235862
79966.41450627288	500.0	728.1096215794182	13.944694009378537	0	0.0	2694.5241278523026	1	0	1	-0.39763447486062176
80572.17578386675	500.0	1122.3483439855481	0.0	0	0.0	2694.5241278523026	1	0	1	0.37918086975559484
80931.4816037436	500.0	1763.0425241087069	0.0	0	0.0	2694.524127852317	1	0	1	0.37918086975559284
81402.40757281745	500.0	2292.116555034878	0.0	0	0.0	2694.524127852317	1	0	1	0.37918086975559284
82200.0	500.0	2494.524127852313	0.0	0	275.66149304078135	2694.524127852317	1	0	1	0.37918086975559284
83200.0	500.0	2494.5241278523026	0.0	0	530.0722087467875	2694.5241278523026	1	0	1	0.37918086975559484
84200.0	500.0	2494.524127852307	0.0	0	445.61085082698264	2694.5241278523026	1	0	1	0.37918086975559484
85200.0	500.0	2494.5241278523004	0.0	0	576.0211931723752	2694.524127852288	1	0	1	0.3791808697555968
86200.0	500.0	2494.524127852304	0.0	0	523.0615662839118	2694.524127852288	1	0	1	0.3791808697555968
87200.0	500.0	2494.5241278522967	0.0	0	574.2628191293625	2694.5241278523026	1	0	1	0.37918086975559484
88200.0	500.0	2494.5241278523013	0.0	0	667.2672695659421	2694.5241278523026	1	0	1	0.37918086975559484
89200.0	1000.0	2494.5241278523054	0.0	0	418.7398751331493	2694.5241278523026	1	0	1	0.37918086975559484
90200.0	1000.0	2494.524127852303	0.0	0	96.067605265358	2694.5241278523026	1	0	1	1.0723280503155403
91200.0	1000.0	2394.5241278523094	0.0	0	271.7965875916125	2594.524127852317	1	0	2	0.6808192888182446
92200.0	1000.0	2394.5241278523013	0.0	0	433.4893091121048	2594.524127852317	1	0	1	0.8853642258404687
93201.53489067375	1000.0	2292.8357481111825	0.0	0	0.0	2494.3706387849525	1	0	2	0.6939321134365499
94313.16424580965	1000.0	2181.206392975276	0.0	0	0.0	2494.3706387849525	1	0	1	0.8972533685301877
95200.0	1000.0	2294.3706387849097	0.0	0	27.488741869165096	2494.3706387849525	1	0	1	1.097253368530188
96441.67265183183	1000.0	2052.6979869530824	0.0	0	0.0	2494.3706387849525	1	0	1	1.097253368530188
98337.41010983696	1000.0	1156.9605289479582	0.0	0	0.0	2494.3706387849525	1	0	1	1.097253368530188
99138.79671711972	1000.0	1355.5739216652032	0.0	0	0.0	2494.3706387849525	1	0	1	1.097253368530188
100077.98879498501	1000.0	1416.381843799928	0.0	0	0.0	2494.3706387849525	1	0	1	1.097253368530188
101321.228826658	1000.0	1173.1418121269494	0.0	0	0.0	2494.3706387849525	1	0	1	1.097253368530188
102468.74233461563	1000.0	1025.6283041693227	0.0	0	0.0	2494.3706387849525	1	0	1	1.097253368530188
103326.6137110527	1000.0	1167.756927732251	0.0	0	0.0	2494.3706387849525	1	0	1	1.097253368530188
104018.08992123566	1000.0	1476.2807175493087	0.0	0	0.0	2494.3706387849525	1	0	1	1.097253368530188
104747.31272190447	1000.0	1747.057916880494	0.0	0	0.0	2494.370638784967	1	0	1	1.0972533685301862
106311.61624089743	1000.0	1182.7543978875237	0.0	0	0.0	2494.3706387849525	1	0	1	1.097253368530188
107938.15675444402	1000.0	556.2138843409329	0.0	0	0.0	2494.3706387849525	1	0	1	1.097253368530188
109358.43400794068	1000.0	330.63174007808857	194.69510923381048	0	0.0	2689.0657480187656	1	0	1	-0.09509927479556388
109963.90575623579	500.0	725.1599917829799	0.0	0	0.0	2689.0657480187656	1	0	1	-0.3132229805125919
110649.97248991113	500.0	1039.0932581076534	0.0	0	0.0	2689.0657480187656	1	0	1	0.3799242000473535
111081.51760216786	500.0	1607.5481458509253	0.0	0	0.0	2689.0657480187656	1	0	1	0.3799242000473535
111646.89453793384	500.0	2042.171210084951	0.0	0	0.0	2689.0657480187656	1	0	1	0.3799242000473535
112200.0	500.0	2489.0657480187915	0.0	0	51.34658508980647	2689.0657480187656	1	0	1	0.3799242000473535
113200.0	500.0	2489.0657480187806	0.0	0	460.59705188235966	2689.0657480187656	1	0	1	0.3799242000473535
114200.0	500.0	2489.065748018785	0.0	0	475.1500752089196	2689.0657480187656	1	0	1	0.3799242000473535
115200.0	500.0	2489.065748018794	0.0	0	529.1774009077635	2689.06574801878	1	0	1	0.37992420004735156
116200.0	500.0	2489.0657480187892	0.0	0	344.551741729505	2689.06574801878	1	0	1	0.37992420004735156
117200.0	500.0	2489.065748018798	0.0	0	275.0354604159511	2689.06574801878	1	0	1	0.37992420004735156
118200.0	500.0	2389.065748018808	0.0	0	291.3019156677183	2589.0657480187947	1	0	2	-0.011772772591790992
119200.0	500.0	2389.065748018821	0.0	0	300.22533404229034	2589.0657480187947	1	0	1	0.1928941788390997
120200.0	500.0	2389.0657480188142	0.0	0	336.97222540884104	2589.0657480188092	1	0	1	0.39289417883909805
121200.0	500.0	2389.065748018833	0.0	0	381.65170014000614	2589.0657480188092	1	0	1	0.39289417883909805
122200.0	500.0	2389.0657480188374	0.0	0	492.1017115362629	2589.0657480188092	1	0	1	0.39289417883909805
123200.0	500.0	2389.0657480188465	0.0	0	339.3332227997744	2589.0657480188092	1	0	1	0.39289417883909805
124200.0	500.0	2389.065748018859	0.0	0	85.25601881711918	2589.0657480187947	1	0	1	0.3928941788390999
125200.0	500.0	2389.065748018875	0.0	0	504.7887672819634	2589.0657480187947	1	0	1	0.3928941788390999
126200.0	500.0	2389.0657480188916	0.0	0	571.0574846301897	2589.0657480187947	1	0	1	0.3928941788390999
127200.0	500.0	2389.0657480188897	0.0	0	423.08710846089525	2589.0657480187947	1	0	1	0.3928941788390999
128200.0	500.0	2389.0657480188784	0.0	0	564.0188388091046	2589.0657480187947	1	0	1	0.3928941788390999
129200.0	500.0	2389.0657480188706	0.0	0	316.5610007510404	2589.0657480187947	1	0	1	0.3928941788390999
130200.0	500.0	2389.0657480188725	0.0	0	343.69107545065344	2589.0657480187947	1	0	1	0.3928941788390999
131200.0	500.0	2389.0657480188647	0.0	0	502.10206018011377	2589.0657480187947	1	0	1	0.3928941788390999
132200.0	500.0	2389.065748018825	0.0	0	625.5652438370453	2589.065748018751	1	0	1	0.39289417883910455
133200.0	500.0	2389.065748018842	0.0	0	505.22315920930123	2589.0657480187656	1	0	1	0.39289417883910416
134200.0	500.0	2389.065748018834	0.0	0	440.68349294245127	2589.0657480187656	1	0	1	0.3928941788391034
135200.0	500.0	2389.0657480188406	0.0	0	185.3861099758651	2589.0657480187656	1	0	1	0.3928941788391034
136200.0	500.0	2389.065748018836	0.0	0	109.22332210052991	2589.0657480187656	1	0	1	0.3928941788391034
137283.28829604885	500.0	2305.777451969958	0.0	0	0.0	2589.0657480187656	1	0	1	0.3928941788391034
138200.0	500.0	2389.065748018802	0.0	0	179.7305546970456	2589.0657480187656	1	0	1	0.3928941788391034
139200.0	500.0	2389.0657480188283	0.0	0	35.020151081640506	2589.0657480187656	1	0	1	0.3928941788391034
140200.0	500.0	2389.065748018839	0.0	0	402.8616889003606	2589.0657480187656	1	0	1	0.3928941788391034
141200.0	500.0	2389.0657480188024	0.0	0	30.64626944574411	2589.0657480187656	1	0	1	0.3928941788391034
142200.0	500.0	2389.065748018796	0.0	0	227.70628330964246	2589.0657480187656	1	0	1	0.3928941788391034
143200.0	500.0	2389.0657480187724	0.0	0	263.60307399751036	2589.0657480187365	1	0	1	0.3928941788391071
144200.0	500.0	2389.0657480187806	0.0	0	410.49076481035445	2589.0657480187365	1	0	1	0.3928941788391071
145200.0	500.0	2389.0657480187933	0.0	0	504.6717796380108	2589.0657480187365	1	0	1	0.3928941788391071
146200.0	500.0	2389.06574801882	0.0	0	492.17406579866656	2589.0657480187365	1	0	1	0.3928941788391071
147200.0	500.0	2389.0657480188215	0.0	0	592.0163782577438	2589.0657480187365	1	0	1	0.3928941788391071
148200.0	500.0	2389.0657480188484	0.0	0	552.0559664691682	2589.0657480187365	1	0	1	0.3928941788391071
149200.0	500.0	2389.0657480188675	0.0	0	315.79537588133826	2589.0657480187365	1	0	1	0.3928941788391071
150200.0	500.0	2389.065748018879	0.0	0	315.7798049063131	2589.0657480187365	1	0	1	0.3928941788391071
151200.0	500.0	2389.065748018857	0.0	0	497.16196972024045	2589.0657480187365	1	0	1	0.3928941788391071
152200.0	500.0	2389.065748018849	0.0	0	204.99335083857295	2589.0657480187656	1	0	1	0.3928941788391034
153200.0	500.0	2389.0657480188565	0.0	0	519.8923753660347	2589.0657480187656	1	0	1	0.3928941788391034
154200.0	500.0	2389.0657480188565	0.0	0	522.8367859328864	2589.0657480187656	1	0	1	0.3928941788391034
155200.0	500.0	2389.065748018826	0.0	0	619.5987458614691	2589.0657480187656	1	0	1	0.3928941788391034
156200.0	500.0	2389.0657480188615	0.0	0	667.4726839574869	2589.0657480187656	1	0	1	0.3928941788391034
157200.0	500.0	2389.065748018869	0.0	0	382.19499492421164	2589.0657480187656	1	0	1	0.3928941788391034
158200.0	500.0	2389.0657480188775	0.0	0	405.2957135827455	2589.0657480187365	1	0	1	0.3928941788391071
159200.0	500.0	2389.0657480188884	0.0	0	249.7425350631238	2589.0657480187365	1	0	1	0.3928941788391071
160200.0	500.0	2389.065748018901	0.0	0	598.5628670762817	2589.0657480187947	1	0	1	0.3928941788391006
161200.0	500.0	2389.065748018913	0.0	0	666.1964676456118	2589.0657480187947	1	0	1	0.3928941788390999
162200.0	500.0	2389.065748018908	0.0	0	663.5157267441973	2589.0657480187947	1	0	1	0.3928941788390999
163200.0	500.0	2389.0657480189298	0.0	0	569.6664291144116	2589.0657480187947	1	0	1	0.3928941788390999
164200.0	500.0	2389.065748018925	0.0	0	519.409908854519	2589.065748018824	1	0	1	0.3928941788390963
165200.0	500.0	2389.06574801893	0.0	0	620.3489764902333	2589.0657480187947	1	0	1	0.3928941788390999
166200.0	500.0	2389.0657480189416	0.0	0	570.5671897491266	2589.0657480187656	1	0	1	0.3928941788391034
167200.0	500.0	2389.0657480189293	0.0	0	530.2098225871159	2589.0657480187656	1	0	1	0.3928941788391034
168466.28814150838	1000.0	2122.777606510557	0.0	0	0.0	2589.0657480187947	1	0	1	0.39289417883909994
169424.24955236068	1000.0	2164.8161956582608	0.0	0	0.0	2589.0657480187947	1	0	1	1.0860413593990454
170943.069752541	1000.0	1645.9959954779517	0.0	0	0.0	2589.0657480187947	1	0	1	1.0860413593990454
171759.5315836991	1000.0	1829.5341643198415	0.0	0	0.0	2589.065748018824	1	0	1	1.086041359399043
172754.4051831662	1000.0	1834.660564852748	0.0	0	0.0	2589.065748018824	1	0	1	1.0860413593990417
174287.00287507585	1000.0	1302.0628729431478	0.0	0	0.0	2589.065748018824	1	0	1	1.0860413593990417
175490.4924263005	1000.0	1098.573321718495	0.0	0	0.0	2589.065748018882	1	0	1	1.0860413593990375
176482.21847067092	1000.0	1106.847277348109	0.0	0	0.0	2589.065748018911	1	0	1	1.086041359399034
177131.0655533168	1000.0	1458.0001947022408	0.0	0	0.0	2589.065748018882	1	0	1	1.0860413593990346
178321.26082183668	1000.0	1267.8049261823076	0.0	0	0.0	2589.065748018882	1	0	1	1.0860413593990346
179200.12083789145	1000.0	1388.9449101275118	0.0	0	0.0	2589.065748018882	1	0	1	1.0860413593990346
179971.72640622393	1000.0	1617.3393417950613	0.0	0	0.0	2589.065748018882	1	0	1	1.0860413593990346
180817.71823524463	1000.0	1771.3475127743727	0.0	0	0.0	2589.065748018882	1	0	1	1.0860413593990346
181945.3399548659	1000.0	1643.7257931530996	0.0	0	0.0	2589.065748018882	1	0	1	1.0860413593990346
183487.8893068336	1000.0	1101.17644118538	0.0	0	0.0	2589.065748018882	1	0	1	1.0860413593990317
184705.57421731701	1000.0	883.4915307019535	0.0	0	0.0	2589.065748018882	1	0	1	1.0860413593990346
185589.90036786933	1000.0	999.1653801496539	0.0	0	0.0	2589.065748018882	1	0	1	1.0860413593990346
186250.72088544365	1000.0	1338.3448625753138	0.0	0	0.0	2589.065748018882	1	0	1	1.0860413593990346
187143.55742734342	1000.0	1445.5083206755123	0.0	0	0.0	2589.065748018882	1	0	1	1.0860413593990346
187897.2213497382	1000.0	1691.8443982807216	0.0	0	0.0	2589.065748018853	1	0	1	1.0860413593990381
188927.22109445863	1000.0	1661.8446535602902	0.0	0	0.0	2589.065748018882	1	0	1	1.0860413593990346
190280.76785052376	1000.0	1308.2978974951805	0.0	0	0.0	2589.065748018882	1	0	1	1.0860413593990346
191610.48187715086	1000.0	978.5838708680421	0.0	0	0.0	2589.065748018882	1	0	1	1.0860413593990323
193045.95517933997	1000.0	543.1105686789488	0.0	0	0.0	2589.065748018882	1	0	1	1.0860413593990346
193595.3602328952	500.0	993.7055151237412	0.0	0	0.0	2589.065748018882	1	0	1	-0.3002530017208563
194267.0738274524	500.0	1321.991920566555	0.0	0	0.0	2589.065748018882	1	0	1	0.39289417883908906
194692.884914459	500.0	1896.1808335599685	0.0	0	0.0	2589.065748018853	1	0	1	0.3928941788390927
195254.52210431662	500.0	2334.543643702342	0.0	0	0.0	2589.065748018853	1	0	1	0.3928941788390927
196200.0	500.0	2389.0657480189648	0.0	0	608.7658415072365	2589.065748018853	1	0	1	0.3928941788390927
197200.0	500.0	2389.065748018927	0.0	0	342.6096452503407	2589.065748018824	1	0	1	0.3928941788390963
198410.4125558792	500.0	2178.6531921397636	0.0	0	0.0	2589.065748018824	1	0	1	0.3928941788390963
199223.83976953296	500.0	2365.225978485997	0.0	0	0.0	2589.065748018853	1	0	1	0.3928941788390927
200301.88424611755	500.0	2179.377054242924	0.0	0	0.0	2481.2613003603765	1	0	2	0.0021682951267854855
201200.0	500.0	2281.2613003604984	0.0	0	83.0078579656547	2481.2613003604056	1	0	1	0.20558117670718037
202200.0	500.0	2281.261300360506	0.0	0	455.77418502012733	2481.2613003604056	1	0	1	0.4055811767071805
203200.0	500.0	2281.2613003604943	0.0	0	559.0208603933279	2481.2613003604056	1	0	1	0.4055811767071805
204200.0	500.0	2281.2613003605034	0.0	0	513.5233528790413	2481.2613003604056	1	0	1	0.4055811767071805
205200.0	500.0	2281.2613003604874	0.0	0	349.8363669234968	2481.2613003603765	1	0	1	0.40558117670718374
206200.0	500.0	2281.2613003605034	0.0	0	475.03604161937255	2481.2613003603765	1	0	1	0.40558117670718374
207200.0	500.0	2281.2613003604883	0.0	0	602.8680091181304	2481.2613003603474	1	0	1	0.4055811767071871
208200.0	500.0	2281.2613003605093	0.0	0	548.2761331481743	2481.2613003603183	1	0	1	0.40558117670718963
209200.0	500.0	2281.261300360509	0.0	0	529.7927751265233	2481.2613003603183	1	0	1	0.4055811767071903
210200.0	500.0	2281.261300360519	0.0	0	482.2896641039697	2481.2613003603183	1	0	1	0.4055811767071903
211200.0	500.0	2281.2613003605243	0.0	0	460.1287938694586	2481.261300360289	1	0	1	0.4055811767071935
212200.0	500.0	2281.261300360537	0.0	0	534.6150319226726	2481.261300360289	1	0	1	0.4055811767071935
213200.0	500.0	2281.2613003605275	0.0	0	672.6830738470308	2481.261300360289	1	0	1	0.4055811767071935
214200.0	500.0	2281.261300360536	0.0	0	481.82602845854126	2481.261300360289	1	0	1	0.4055811767071935
215200.0	500.0	2281.2613003604974	0.0	0	345.2158735631674	2481.26130036026	1	0	1	0.4055811767071968
216246.04206948273	1000.0	2235.2192308777776	0.0	0	0.0	2481.261300360289	1	0	1	0.4055811767071936
217200.0	1000.0	2281.261300360485	0.0	0	121.58100634993752	2481.261300360289	1	0	1	1.098728357267139
218249.7223387179	1000.0	2231.5389616425723	0.0	0	0.0	2481.26130036026	1	0	1	1.0987283572671422
219200.0	1000.0	2281.2613003604547	0.0	0	130.9068454701628	2481.261300360231	1	0	1	1.0987283572671456
220200.0	1000.0	2281.2613003604365	0.0	0	218.00173771640402	2481.261300360202	1	0	1	1.0987283572671487
221462.72138882877	1000.0	2018.5399115316798	0.0	0	0.0	2481.261300360202	1	0	1	1.0987283572671487
222230.66409052114	1000.0	2250.597209839321	0.0	0	0.0	2481.2613003601728	1	0	1	1.098728357267152
223668.10215074188	1000.0	1813.1591496185529	0.0	0	0.0	2481.2613003601728	1	0	1	1.098728357267152
225086.80234949195	1000.0	1394.458950868497	0.0	0	0.0	2481.2613003601728	1	0	1	1.098728357267152
226681.4533413742	1000.0	799.8079589862268	0.0	0	0.0	2481.2613003601437	1	0	1	1.0987283572671553
227429.04412101384	500.0	1052.2171793465682	0.0	0	0.0	2481.2613003601145	1	0	1	-0.28756600385273223
227957.1013127754	500.0	1524.1599875849633	0.0	0	0.0	2481.2613003601145	1	0	1	0.4055811767072131
228669.19067019015	500.0	1812.0706301702173	0.0	0	0.0	2481.2613003601145	1	0	1	0.4055811767072131
229462.39712422603	500.0	2018.8641761343622	0.0	0	0.0	2481.2613003601437	1	0	1	0.40558117670721244
230200.0	500.0	2281.261300360409	0.0	0	275.55450364996796	2481.2613003601437	1	0	1	0.40558117670720983
231200.0	500.0	2281.2613003604533	0.0	0	516.9839601991989	2481.2613003601437	1	0	1	0.40558117670720983
232200.0	500.0	2281.2613003604406	0.0	0	408.2525435038551	2481.2613003601437	1	0	1	0.40558117670720983
233200.0	500.0	2281.261300360454	0.0	0	588.0598958847695	2481.2613003601728	1	0	1	0.40558117670720717
234200.0	500.0	2281.261300360439	0.0	0	641.7797439008427	2481.2613003601728	1	0	1	0.40558117670720656
235200.0	500.0	2281.26130036041	0.0	0	497.83686534530716	2481.2613003601728	1	0	1	0.40558117670720656
236200.0	500.0	2281.2613003604033	0.0	0	536.7260111561336	2481.2613003601728	1	0	1	0.40558117670720656
237200.0	500.0	2281.261300360418	0.0	0	650.0939654006797	2481.261300360202	1	0	1	0.4055811767072033
238200.0	1000.0	2281.261300360407	0.0	0	378.6929355612083	2481.261300360202	1	0	1	0.4055811767072034
239200.0	1000.0	2281.2613003604183	0.0	0	222.30700331844855	2481.261300360202	1	0	1	1.0987283572671487
240200.0	1000.0	2281.261300360416	0.0	0	255.9636836447753	2481.261300360231	1	0	1	1.0987283572671456
241200.0	1000.0	2281.2613003603883	0.0	0	43.58561064890819	2481.261300360231	1	0	1	1.0987283572671456
242200.0	1000.0	2281.261300360389	0.0	0	52.406572268373566	2481.261300360231	1	0	1	1.0987283572671456
243280.89728673184	1000.0	2200.3640136285694	0.0	0	0.0	2481.261300360231	1	0	1	1.0987283572671456
244313.14413001726	1000.0	2168.1171703431564	0.0	0	0.0	2481.261300360231	1	0	1	1.0987283572671456
245279.19609187669	1000.0	2202.065208483755	0.0	0	0.0	2481.26130036026	1	0	1	1.0987283572671422
246640.74971123345	1000.0	1840.5115891270095	0.0	0	0.0	2481.261300360289	1	0	1	1.098728357267141
247726.42380782106	1000.0	1754.837492539406	0.0	0	0.0	2481.261300360289	1	0	1	1.098728357267139
248646.78481039146	1000.0	1834.4764899689794	0.0	0	0.0	2481.261300360289	1	0	1	1.098728357267139
249354.16075140316	1000.0	2127.1005489573026	0.0	0	0.0	2481.261300360289	1	0	1	1.098728357267139
250513.12872528227	1000.0	1968.1325750781775	0.0	0	0.0	2481.26130036026	1	0	1	1.0987283572671422
251685.37854195322	1000.0	1795.8827584072465	0.0	0	0.0	2481.261300360289	1	0	1	1.098728357267141
252758.24295821815	1000.0	1723.0183421423044	0.0	0	0.0	2481.26130036026	1	0	1	1.098728357267141
253651.9975658179	1000.0	1829.2637345425615	0.0	0	0.0	2481.26130036026	1	0	1	1.0987283572671422
254528.87803772464	1000.0	1952.3832626358387	0.0	0	0.0	2481.26130036026	1	0	1	1.0987283572671422
256109.71193586467	1000.0	1371.5493644957994	0.0	0	0.0	2481.261300360289	1	0	1	1.098728357267139
256972.11120829958	500.0	1509.1500920609126	0.0	0	0.0	2481.26130036026	1	0	1	-0.2875660038527485
257898.42827636923	500.0	1582.8330239912755	0.0	0	0.0	2481.26130036026	1	0	1	0.4055811767071968
258545.3254769724	500.0	1935.9358233881658	0.0	0	0.0	2481.2613003603183	1	0	1	0.40558117670719285
259288.4776811874	500.0	2192.7836191731803	0.0	0	0.0	2481.2613003603183	1	0	1	0.4055811767071903
260200.0	500.0	2281.261300360582	0.0	0	266.53345718837227	2481.2613003603183	1	0	1	0.4055811767071903
261200.0	500.0	2281.2613003606084	0.0	0	597.5659241792746	2481.2613003603474	1	0	1	0.40558117670718774
262200.0	500.0	2281.261300360603	0.0	0	253.431575782859	2481.2613003603474	1	0	1	0.4055811767071871
263200.0	500.0	2281.2613003605948	0.0	0	266.8525598644046	2481.261300360289	1	0	1	0.40558117670719224
264200.0	500.0	2281.261300360585	0.0	0	457.2710885789711	2481.26130036026	1	0	1	0.40558117670719485
265200.0	500.0	2281.261300360602	0.0	0	286.02189250662923	2481.26130036026	1	0	1	0.4055811767071981
266200.0	500.0	2281.2613003605884	0.0	0	254.7034091122914	2481.261300360202	1	0	1	0.4055811767072033
267200.0	500.0	2281.261300360546	0.0	0	319.6786775458022	2481.261300360202	1	0	1	0.4055811767072033
268200.0	500.0	2281.2613003605675	0.0	0	85.19465860608034	2481.261300360202	1	0	1	0.4055811767072033
269200.0	500.0	2281.2613003605256	0.0	0	442.26647720549954	2481.261300360202	1	0	1	0.4055811767072033
270200.0	500.0	2281.261300360529	0.0	0	386.00762550445506	2481.26130036026	1	0	1	0.4055811767071968
271200.0	500.0	2281.2613003605265	0.0	0	534.8403931682114	2481.26130036026	1	0	1	0.4055811767071968
272200.0	500.0	2281.2613003605657	0.0	0	526.8311027792515	2481.26130036026	1	0	1	0.4055811767071968
273200.0	500.0	2281.2613003605634	0.0	0	417.2725911270827	2481.26130036026	1	0	1	0.4055811767071968
274200.0	500.0	2281.2613003605115	0.0	0	359.04881428106455	2481.26130036026	1	0	1	0.4055811767071968
275200.0	500.0	2281.26130036054	0.0	0	505.8489240568015	2481.26130036026	1	0	1	0.4055811767071968
276200.0	500.0	2281.2613003604924	0.0	0	534.1808543273946	2481.26130036026	1	0	1	0.4055811767071968
277200.0	500.0	2281.2613003605247	0.0	0	381.8672254845151	2481.2613003603183	1	0	1	0.4055811767071903
278200.0	500.0	2281.261300360598	0.0	0	85.42894237756263	2481.2613003603765	1	0	1	0.40558117670718374
279200.0	500.0	2281.261300360548	0.0	0	257.68164909334155	2481.2613003604347	1	0	1	0.4055811767071773
280200.0	500.0	2281.2613003604883	0.0	0	374.9998191627092	2481.261300360493	1	0	1	0.40558117670717075
281200.0	500.0	2281.2613003605134	0.0	0	548.4838347334298	2481.261300360551	1	0	1	0.4055811767071656
282200.0	500.0	2281.2613003605034	0.0	0	166.40515824453905	2481.261300360493	1	0	1	0.40558117670717075
283200.0	500.0	2281.261300360458	0.0	0	183.360276886262	2481.261300360493	1	0	1	0.40558117670717075
284200.0	500.0	2281.2613003604133	0.0	0	346.01330414484255	2481.261300360551	1	0	1	0.40558117670716426
285200.0	500.0	2281.2613003603788	0.0	0	227.17853101959918	2481.2613003606093	1	0	1	0.40558117670715776
286200.0	500.0	2281.261300360334	0.0	0	352.6015325341723	2481.2613003606093	1	0	1	0.40558117670715776
287200.0	500.0	2281.261300360315	0.0	0	144.0284217520384	2481.2613003606093	1	0	1	0.40558117670715776
288200.0	500.0	2281.2613003603187	0.0	0	257.5325945118093	2481.2613003606093	1	0	1	0.40558117670715776
289200.0	500.0	2281.2613003603815	0.0	0	192.00599224603502	2481.2613003606093	1	0	1	0.40558117670715776
290200.0	500.0	2281.261300360327	0.0	0	451.47994780546287	2481.261300360551	1	0	1	0.405581176707163
291200.0	500.0	2281.2613003602632	0.0	0	176.45429876999697	2481.261300360493	1	0	1	0.40558117670717075
292200.0	500.0	2281.2613003602974	0.0	0	237.08126119885128	2481.261300360551	1	0	1	0.40558117670716426
293200.0	500.0	2281.2613003602974	0.0	0	425.81307960901177	2481.261300360551	1	0	1	0.40558117670716426
294200.0	500.0	2281.2613003603296	0.0	0	327.2857070553	2481.261300360551	1	0	1	0.40558117670716426
295200.0	500.0	2281.2613003603674	0.0	0	524.7510319598368	2481.2613003606093	1	0	1	0.40558117670715776
296200.0	500.0	2281.261300360383	0.0	0	561.37765554816	2481.2613003606675	1	0	1	0.40558117670715127
297200.0	500.0	2281.261300360389	0.0	0	533.4423119266285	2481.2613003606675	1	0	1	0.40558117670715127
298200.0	500.0	2181.2613003603524	0.0	0	393.7644782869611	2381.2613003607257	1	0	2	0.01219147963690373
299200.0	500.0	2181.26130036041	0.0	0	478.6466730523389	2381.2613003607257	1	0	1	0.21625157240188958
300200.0	500.0	2181.2613003603333	0.0	0	427.146730523149	2381.2613003607257	1	0	1	0.41625157240188976
1.07	1.04	1.38	1.16	0.6	0.78	0.97	1.58	1.73	1.14	1.07	1.12	1.22	1.49	1.05	0.98	0.89	0.67	1.17	0.96	0.82	0.87	0.86	1.02	1.24	1.07	1.27	1.3	1.12	1.08	0.74	0.81	0.93	1.17	1.49	1.29	1.08	0.94	0.74	1.0	0.78	0.98	1.24	1.69	0.61	0.41	0.73	0.59	0.7	0.9	1.11	1.08	0.92	1.55	1.53	1.74	0.82	1.04	1.29	1.7	1.39	1.24	0.98	1.09	1.33	1.17	1.3	1.22	1.0	1.0	0.86	0.76	0.66	0.75	0.9	0.86	0.78	1.29	1.22	1.1	1.15	1.26	1.32	1.54	1.42	1.83	1.16	1.41	1.4	1.2	1.11	1.05	0.96	0.57	0.74	1.24	1.19	1.01	1.03	1.05	1.37	1.04	0.75	0.73	0.59	0.76	0.68	1.1	1.12	0.8	0.93	1.1	0.58	0.89	0.72	0.51	1.01	1.1	1.0	0.73	0.76	0.92	1.02	0.94	1.2	0.59	0.97	1.07	1.1	0.67	0.72	0.64	0.8	0.57	0.5	0.76	0.88	0.66	0.7	0.59	0.89	0.83	1.31	1.45	1.1	0.78	0.75	0.95	0.8	1.29	1.07	1.04	1.38	1.16	0.6	0.78	0.97	1.58	1.73	1.14	1.07	1.12	1.22	1.49	1.05	0.98	0.89	0.67	1.17	0.96	0.82	0.87	0.86	1.02	1.24	1.07	1.27	1.3	1.12	1.08	0.74	0.81	0.93	1.17	1.49	1.29	1.08	0.94	0.74	1.0	0.78	0.98	1.24	1.69	0.61	0.41	0.73	0.59	0.7	0.9	1.11	1.08	0.92	1.55	1.53	1.74	0.82	1.04	1.29	1.7	1.39	1.24	0.98	1.09	1.33	1.17	1.3	1.22	1.0	1.0	0.86	0.76	0.66	0.75	0.9	0.86	0.78	1.29	1.22	1.1	1.15	1.26	1.32	1.54	1.42	1.83	1.16	1.41	1.4	1.2	1.11	1.05	0.96	0.57	0.74	1.24	1.19	1.01	1.03	1.05	1.37	1.04	0.75	0.73	0.59	0.76	0.68	1.1	1.12	0.8	0.93	1.1	0.58	0.89	0.72	0.51	1.01	1.1	1.0	0.73	0.76	0.92	1.02	0.94	1.2	0.59	0.97	1.07	1.1	0.67	0.72	0.64	0.8	0.57	0.5	0.76	0.88	0.66	0.7	0.59	0.89	0.83	1.31	1.45	1.1	0.78	0.75	0.95	0.8	1.29	1.07
1.0	2.0	3.0	4.0	5.0	6.0	7.0	8.0	9.0	10.0	11.0	12.0	13.0	14.0	15.0	16.0	17.0	18.0	19.0	20.0	21.0	22.0	23.0	24.0	25.0	26.0	27.0	28.0	29.0	30.0	31.0	32.0	33.0	34.0	35.0	36.0	37.0	38.0	39.0	40.0	41.0	42.0	43.0	44.0	45.0	46.0	47.0	48.0	49.0	50.0	51.0	52.0	53.0	54.0	55.0	56.0	57.0	58.0	59.0	60.0	61.0	62.0	63.0	64.0	65.0	66.0	67.0	68.0	69.0	70.0	71.0	72.0	73.0	74.0	75.0	76.0	77.0	78.0	79.0	80.0	81.0	82.0	83.0	84.0	85.0	86.0	87.0	88.0	89.0	90.0	91.0	92.0	93.0	94.0	95.0	96.0	97.0	98.0	99.0	100.0	101.0	102.0	103.0	104.0	105.0	106.0	107.0	108.0	109.0	110.0	111.0	112.0	113.0	114.0	115.0	116.0	117.0	118.0	119.0	120.0	121.0	122.0	123.0	124.0	125.0	126.0	127.0	128.0	129.0	130.0	131.0	132.0	133.0	134.0	135.0	136.0	137.0	138.0	139.0	140.0	141.0	142.0	143.0	144.0	145.0	146.0	147.0	148.0	149.0	149.0	150.0	151.0	152.0	153.0	154.0	155.0	156.0	157.0	158.0	159.0	160.0	161.0	162.0	163.0	164.0	165.0	166.0	167.0	168.0	169.0	170.0	171.0	172.0	173.0	174.0	175.0	176.0	177.0	178.0	179.0	180.0	181.0	182.0	183.0	184.0	185.0	186.0	187.0	188.0	189.0	190.0	191.0	192.0	193.0	194.0	195.0	196.0	197.0	198.0	199.0	200.0	201.0	202.0	203.0	204.0	205.0	206.0	207.0	208.0	209.0	210.0	211.0	212.0	213.0	214.0	215.0	216.0	217.0	218.0	219.0	220.0	221.0	222.0	223.0	224.0	225.0	226.0	227.0	228.0	229.0	230.0	231.0	232.0	233.0	234.0	235.0	236.0	237.0	238.0	239.0	240.0	241.0	242.0	243.0	244.0	245.0	246.0	247.0	248.0	249.0	250.0	251.0	252.0	253.0	254.0	255.0	256.0	257.0	258.0	259.0	260.0	261.0	262.0	263.0	264.0	265.0	266.0	267.0	268.0	269.0	270.0	271.0	272.0	273.0	274.0	275.0	276.0	277.0	278.0	279.0	280.0	281.0	282.0	283.0	284.0	285.0	286.0	287.0	288.0	289.0	290.0	291.0	292.0	293.0	294.0	295.0	296.0	297.0	298.0	298.0	299.0
3460.171553936839
