5521.840778691658	300.0	2000.0	489.64410649251704	0	0.0	5521.840778691658	1	0	1	-4.320871194930118
6484.081830091358	300.0	1941.5348434603295	0.0	0	0.0	5425.616673551687	1	0	2	-1.8504272516647464
6922.479399339479	300.0	2459.297517287397	0.0	0	0.0	5381.776916626876	1	0	2	-1.6004011277889025
7395.094058681742	300.0	2939.4213920109073	0.0	0	0.0	5334.51545069265	1	0	2	-1.557778105404681
7966.546114802167	300.0	3310.8241302784395	0.0	0	0.0	5277.370245080607	1	0	2	-1.5112211448336696
8428.769160426047	300.0	3802.37878009217	0.0	0	0.0	5231.147940518217	1	0	2	-1.46656348406552
9131.637932903157	500.0	4029.223130367349	0.0	0	0.0	5160.861063270506	1	0	2	-1.4116064813054203
10085.063011274917	500.0	3980.455544158412	0.0	0	0.0	5065.5185554333275	1	0	2	-0.828638933653443
11032.546111623693	500.0	3938.2241337747582	0.0	0	0.0	4970.770245398451	1	0	2	-0.7513987534608118
11926.881588333332	500.0	3954.4551093941554	0.0	0	0.0	4881.336697727487	1	0	2	-0.6794987912907742
12439.141309384682	500.0	4390.96941623767	0.0	0	0.0	4830.110725622353	1	0	2	-0.6363468363128086
13200.0	500.0	4554.02485656082	0.0	0	287.8998245609	4754.02485656082	1	0	2	-0.5955643681226871
14200.0	500.0	4454.024856560821	0.0	0	364.92288199681025	4654.02485656082	1	0	2	-0.5305439215634196
15200.0	500.0	4354.024856560822	0.0	0	512.0405528671399	4554.024856560822	1	0	2	-0.4662390692558745
16200.0	500.0	4254.0248565608235	0.0	0	278.47638493730847	4454.024856560822	1	0	2	-0.4035475898548194
17200.0	500.0	4154.024856560816	0.0	0	254.56277592840706	4354.024856560814	1	0	2	-0.345525023295074
18200.0	500.0	4054.024856560812	0.0	0	319.5165280210276	4254.024856560811	1	0	2	-0.2919455863506498
19200.0	500.0	3954.024856560812	0.0	0	200.04007789257594	4154.024856560811	1	0	2	-0.24125975102733
20200.0	500.0	3854.024856560818	0.0	0	57.76075809535905	4054.0248565608163	1	0	2	-0.1926094170246366
21200.0	500.0	3754.024856560817	0.0	0	316.544086765527	3954.0248565608163	1	0	2	-0.15205087084499852
22200.0	500.0	3654.024856560819	0.0	0	246.4684868294098	3854.0248565608163	1	0	2	-0.11178995731474632
23200.0	500.0	3554.0248565608235	0.0	0	492.3381422535713	3754.0248565608235	1	0	2	-0.07578589918519149
24200.0	500.0	3454.0248565608235	0.0	0	533.6875956693038	3654.02485656082	1	0	2	-0.04159052106821823
25200.0	500.0	3354.0248565608226	0.0	0	342.9234115660729	3554.0248565608163	1	0	2	-0.00947875133923199
26200.0	500.0	3254.0248565608167	0.0	0	433.1052099221233	3454.0248565608053	1	0	2	0.01940691407486795
27200.0	500.0	3154.0248565608154	0.0	0	517.5300498661418	3354.024856560798	1	0	2	0.045870874468159684
28200.0	500.0	3054.02485656082	0.0	0	482.0069066783726	3254.024856560798	1	0	2	0.07063877705983247
29200.0	500.0	2954.024856560823	0.0	0	506.27734330000385	3154.024856560798	1	0	2	0.09284307050284435
30200.0	500.0	2854.024856560822	0.0	0	605.7980393798643	3054.0248565608017	1	0	2	0.11330576979081439
31200.0	1000.0	2754.0248565608204	0.0	0	254.53161938267294	2954.024856560798	1	0	2	0.13285644451181094
32673.867984138204	1000.0	2132.770074008795	0.0	0	0.0	2806.638058146971	1	0	2	0.8522654624779096
33200.0	1000.0	2554.024856560823	0.0	0	36.63658856057009	2754.0248565607944	1	0	2	0.8618755103976905
34302.263763702875	1000.0	2341.5347164876644	0.0	0	0.0	2643.7984801905113	1	0	2	0.8752091331644308
35245.909154520916	1000.0	2303.524786587816	0.0	0	0.0	2549.4339411087058	1	0	2	0.887688827513151
36955.995452551615	1000.0	1422.4298587540502	0.0	0	0.0	2378.42531130564	1	0	2	0.9052015738865089
38091.5875776228	1000.0	1173.2785211757503	0.0	0	0.0	2264.8660987985277	1	0	2	0.9180295570171129
39092.91817452612	1000.0	1071.8148645820954	0.0	0	0.0	2164.733039108207	1	0	2	0.9272135961717484
39910.71255453384	1000.0	1254.0204845743842	0.0	0	0.0	2164.733039108207	1	0	1	0.9293070474619074
40598.61933802824	1000.0	1566.113701079987	0.0	0	0.0	2164.733039108214	1	0	1	1.129307047461907
41508.059458299635	1000.0	1656.6735808085882	0.0	0	0.0	2164.733039108214	1	0	1	1.129307047461907
42708.62142613477	1000.0	1456.1116129734428	0.0	0	0.0	2164.733039108207	1	0	1	1.1293070474619076
44363.11462880081	1000.0	801.6184103074016	0.0	0	0.0	2164.733039108214	1	0	1	1.129307047461907
45337.05612857593	500.0	827.6769105322855	0.0	0	0.0	2164.7330391082214	1	0	1	-0.2569873136579844
45924.164229138456	500.0	1240.568809969766	0.0	0	0.0	2164.7330391082214	1	0	1	0.4361598669019609
46631.00598765542	500.0	1533.727051452798	0.0	0	0.0	2164.733039108214	1	0	1	0.4361598669019615
47200.0	500.0	1964.733039108217	0.0	0	54.222847541750525	2164.733039108207	1	0	1	0.43615986690196207
48200.0	500.0	1964.7330391082119	0.0	0	471.122191245704	2164.733039108207	1	0	1	0.43615986690196207
49200.0	500.0	1964.7330391082096	0.0	0	487.8010864225216	2164.733039108207	1	0	1	0.43615986690196207
50200.0	500.0	1964.7330391082114	0.0	0	380.58523702702223	2164.733039108207	1	0	1	0.43615986690196207
51200.0	500.0	1964.7330391082078	0.0	0	426.0722646905124	2164.733039108207	1	0	1	0.43615986690196207
52200.0	500.0	1964.7330391082014	0.0	0	350.61050675094157	2164.733039108207	1	0	1	0.43615986690196207
53200.0	500.0	1964.7330391082078	0.0	0	365.5139324430129	2164.733039108207	1	0	1	0.43615986690196207
54200.0	500.0	1964.733039108206	0.0	0	418.1923921561829	2164.733039108207	1	0	1	0.43615986690196207
55200.0	500.0	1964.7330391082069	0.0	0	356.887828088642	2164.733039108207	1	0	1	0.43615986690196207
56200.0	500.0	1964.7330391082096	0.0	0	477.7582743191524	2164.733039108207	1	0	1	0.43615986690196207
57200.0	500.0	1964.733039108216	0.0	0	557.467267675027	2164.733039108214	1	0	1	0.4361598669019615
58200.0	500.0	1964.7330391082123	0.0	0	422.65159240562207	2164.733039108214	1	0	1	0.4361598669019615
59200.0	500.0	1964.733039108216	0.0	0	600.0646771269894	2164.733039108214	1	0	1	0.4361598669019615
60200.0	500.0	1964.7330391082214	0.0	0	478.04188760860416	2164.733039108207	1	0	1	0.43615986690196207
61200.0	500.0	1964.733039108225	0.0	0	507.1591277438856	2164.733039108207	1	0	1	0.43615986690196207
62200.0	500.0	1964.7330391082205	0.0	0	560.3059539228198	2164.733039108207	1	0	1	0.43615986690196207
63200.0	500.0	1964.733039108215	0.0	0	554.045531848591	2164.733039108207	1	0	1	0.43615986690196207
64200.0	500.0	1964.7330391082132	0.0	0	435.4644144473641	2164.733039108207	1	0	1	0.43615986690196207
65200.0	500.0	1964.7330391082069	0.0	0	451.39133854364627	2164.733039108207	1	0	1	0.43615986690196207
66200.0	500.0	1964.7330391082028	0.0	0	404.0329935666523	2164.733039108207	1	0	1	0.43615986690196235
67200.0	500.0	1964.7330391081973	0.0	0	304.7746706079488	2164.7330391081996	1	0	1	0.4361598669019624
68200.0	500.0	1964.7330391081878	0.0	0	321.9174882315856	2164.7330391081923	1	0	1	0.43615986690196323
69200.0	500.0	1964.7330391081741	0.0	0	267.9118034619605	2164.7330391081778	1	0	1	0.4361598669019645
70200.0	500.0	1964.7330391081641	0.0	0	316.95176526150317	2164.7330391081778	1	0	1	0.4361598669019645
71200.0	500.0	1964.7330391081769	0.0	0	577.0844106262812	2164.7330391081778	1	0	1	0.4361598669019645
72200.0	500.0	1964.7330391081632	0.0	0	226.2631314000464	2164.7330391081778	1	0	1	0.4361598669019645
73200.0	500.0	1964.7330391081578	0.0	0	209.28317186271306	2164.7330391081778	1	0	1	0.4361598669019645
74200.0	500.0	1964.7330391081614	0.0	0	371.0466288174939	2164.7330391081778	1	0	1	0.4361598669019645
75200.0	500.0	1964.733039108155	0.0	0	605.462989693493	2164.7330391081778	1	0	1	0.4361598669019645
76200.0	500.0	1964.7330391081678	0.0	0	571.2101440890983	2164.7330391081778	1	0	1	0.4361598669019645
77200.0	500.0	1964.7330391081541	0.0	0	522.7350753745704	2164.7330391081778	1	0	1	0.4361598669019645
78200.0	500.0	1964.733039108165	0.0	0	501.0016251519701	2164.733039108163	1	0	1	0.4361598669019657
79200.0	500.0	1964.733039108166	0.0	0	250.54099562845659	2164.733039108163	1	0	1	0.4361598669019657
80640.27369719621	500.0	1524.4593419119485	0.0	0	0.0	2164.733039108163	1	0	1	0.4361598669019657
81555.84147032723	500.0	1608.8915687809235	0.0	0	0.0	2164.733039108163	1	0	1	0.4361598669019657
82200.0	500.0	1964.7330391081591	0.0	0	7.2130201320687775	2164.733039108163	1	0	1	0.4361598669019657
83200.0	500.0	1964.7330391081787	0.0	0	183.3459244400583	2164.7330391081778	1	0	1	0.4361598669019645
84200.0	500.0	1964.7330391081728	0.0	0	371.7905053425784	2164.7330391081778	1	0	1	0.4361598669019645
85200.0	500.0	1964.7330391081796	0.0	0	547.2587768146623	2164.7330391081778	1	0	1	0.4361598669019645
86200.0	500.0	1964.7330391081778	0.0	0	402.40737115791126	2164.7330391081778	1	0	1	0.4361598669019645
87200.0	500.0	1964.7330391081805	0.0	0	297.50597858607944	2164.7330391081778	1	0	1	0.4361598669019645
88200.0	500.0	1964.7330391081755	0.0	0	55.67404207591608	2164.7330391081778	1	0	1	0.4361598669019645
89835.71652024455	500.0	1329.0165188636433	0.0	0	0.0	2164.7330391081778	1	0	1	0.4361598669019645
90833.44479168637	500.0	1331.288247421821	0.0	0	0.0	2164.7330391081923	1	0	1	0.43615986690196334
91709.56881360868	500.0	1455.164225499503	0.0	0	0.0	2164.7330391081923	1	0	1	0.43615986690196334
92905.78555961986	500.0	1258.9474794883254	0.0	0	0.0	2164.7330391081923	1	0	1	0.43615986690196334
93910.3220680429	500.0	1254.410971065298	0.0	0	0.0	2164.7330391081923	1	0	1	0.43615986690196334
94677.68027926961	500.0	1487.0527598385506	0.0	0	0.0	2164.7330391081778	1	0	1	0.4361598669019645
95609.69908509548	500.0	1555.033954012696	0.0	0	0.0	2164.7330391081923	1	0	1	0.43615986690196334
96231.00644496855	500.0	1933.7265941396342	0.0	0	0.0	2164.7330391081923	1	0	1	0.43615986690196334
97200.0	500.0	1964.7330391081719	0.0	0	39.153747553762514	2164.733039108207	1	0	1	0.43615986690196207
98200.0	500.0	1964.7330391081641	0.0	0	299.14189874487056	2164.733039108207	1	0	1	0.43615986690196207
99200.0	500.0	1964.7330391081728	0.0	0	402.7856764653261	2164.7330391082214	1	0	1	0.4361598669019609
100200.0	500.0	1964.7330391081578	0.0	0	697.0735250654689	2164.7330391082214	1	0	1	0.4361598669019609
101200.0	500.0	1964.7330391081582	0.0	0	632.3783248638792	2164.733039108236	1	0	1	0.43615986690195974
102200.0	500.0	1964.7330391081618	0.0	0	530.2815419434628	2164.733039108236	1	0	1	0.43615986690195974
103200.0	500.0	1964.7330391081596	0.0	0	559.1880122437578	2164.733039108236	1	0	1	0.43615986690195974
104200.0	500.0	1964.7330391081605	0.0	0	379.4579313274153	2164.7330391082214	1	0	1	0.4361598669019609
105200.0	500.0	1964.7330391081468	0.0	0	395.28554863578756	2164.7330391082214	1	0	1	0.4361598669019609
106200.0	500.0	1964.7330391081528	0.0	0	541.502951016606	2164.7330391082214	1	0	1	0.4361598669019609
107200.0	500.0	1964.7330391081296	0.0	0	419.759485305869	2164.733039108207	1	0	1	0.43615986690196207
108200.0	500.0	1964.7330391081223	0.0	0	500.78940214008617	2164.7330391082214	1	0	1	0.4361598669019609
109200.0	500.0	1964.7330391081318	0.0	0	238.65590847737622	2164.7330391082214	1	0	1	0.4361598669019609
110200.0	500.0	1964.7330391081346	0.0	0	628.536112265545	2164.733039108236	1	0	1	0.43615986690195974
111200.0	500.0	1964.7330391081482	0.0	0	710.832709736118	2164.733039108236	1	0	1	0.43615986690195974
112200.0	500.0	1964.7330391081323	0.0	0	464.0730540624354	2164.733039108236	1	0	1	0.43615986690195974
113200.0	500.0	1964.7330391081327	0.0	0	552.9635050906654	2164.733039108236	1	0	1	0.43615986690195974
114200.0	500.0	1964.7330391081482	0.0	0	439.38862693340343	2164.7330391082505	1	0	1	0.4361598669019585
115200.0	500.0	1964.7330391081523	0.0	0	440.044131178307	2164.7330391082505	1	0	1	0.4361598669019585
116359.61258188105	1000.0	1805.1204572270838	0.0	0	0.0	2164.7330391082505	1	0	1	0.43615986690195857
117200.0	500.0	1964.7330391081305	0.0	0	170.27681069167738	2164.733039108236	1	0	1	-0.2569873136579857
118200.0	500.0	1964.7330391081496	0.0	0	139.92676512121398	2164.7330391082505	1	0	1	0.4361598669019585
119200.0	500.0	1964.7330391081523	0.0	0	353.41509533158387	2164.7330391082505	1	0	1	0.4361598669019585
120200.0	500.0	1964.7330391081414	0.0	0	495.4449935785815	2164.7330391082505	1	0	1	0.4361598669019585
121200.0	500.0	1964.7330391081468	0.0	0	585.3777893604565	2164.733039108236	1	0	1	0.43615986690195974
122200.0	500.0	1964.7330391081478	0.0	0	613.8903665028483	2164.7330391082214	1	0	1	0.4361598669019609
123302.56684629855	1000.0	1862.16619280961	0.0	0	0.0	2164.7330391082214	1	0	1	0.4361598669019609
124237.76597801069	500.0	1926.9670610974642	0.0	0	0.0	2164.7330391082214	1	0	1	-0.2569873136579844
125322.1280152975	500.0	1842.6050238106761	0.0	0	0.0	2164.7330391082214	1	0	1	0.4361598669019609
126200.0	500.0	1964.7330391081869	0.0	0	162.4214985331928	2164.733039108236	1	0	1	0.43615986690195974
127200.0	500.0	1964.7330391081823	0.0	0	264.20614799199393	2164.733039108236	1	0	1	0.43615986690195974
128200.0	500.0	1964.7330391081814	0.0	0	388.0645081894618	2164.733039108236	1	0	1	0.43615986690195974
129200.0	500.0	1964.7330391081787	0.0	0	309.0118118105165	2164.733039108236	1	0	1	0.43615986690195974
130200.0	500.0	1964.7330391081714	0.0	0	247.96744470004342	2164.733039108236	1	0	1	0.43615986690195974
131200.0	500.0	1964.7330391081764	0.0	0	357.9974166994507	2164.733039108236	1	0	1	0.43615986690195974
132200.0	500.0	1964.7330391081623	0.0	0	216.46338836665382	2164.733039108207	1	0	1	0.43615986690196135
133200.0	500.0	1964.7330391081832	0.0	0	208.9718396170938	2164.7330391082214	1	0	1	0.4361598669019611
134200.0	500.0	1964.7330391082023	0.0	0	218.69480370596284	2164.7330391082505	1	0	1	0.4361598669019585
135200.0	500.0	1964.7330391081946	0.0	0	306.38879742645076	2164.7330391082505	1	0	1	0.4361598669019585
136200.0	500.0	1964.7330391081578	0.0	0	446.68999662899296	2164.7330391082214	1	0	1	0.4361598669019609
137200.0	500.0	1964.7330391081587	0.0	0	196.1877445380669	2164.7330391082214	1	0	1	0.4361598669019609
138200.0	500.0	1964.7330391081591	0.0	0	256.79094153802725	2164.7330391082214	1	0	1	0.4361598669019609
139200.0	500.0	1964.7330391081578	0.0	0	413.9888960417884	2164.7330391082214	1	0	1	0.4361598669019609
140200.0	500.0	1964.7330391081496	0.0	0	432.990356723516	2164.7330391081923	1	0	1	0.43615986690196334
141200.0	500.0	1964.7330391081805	0.0	0	538.8764031363826	2164.7330391082214	1	0	1	0.4361598669019609
142200.0	500.0	1964.733039108175	0.0	0	276.6283576672431	2164.7330391082214	1	0	1	0.4361598669019609
143200.0	500.0	1964.733039108151	0.0	0	353.56150797882583	2164.7330391082214	1	0	1	0.4361598669019609
144200.0	500.0	1964.733039108105	0.0	0	514.1032784062554	2164.7330391082214	1	0	1	0.4361598669019609
145200.0	500.0	1964.7330391080936	0.0	0	648.9651418279973	2164.7330391082214	1	0	1	0.4361598669019609
146200.0	500.0	1964.7330391080968	0.0	0	624.4515628972149	2164.7330391082214	1	0	1	0.4361598669019609
147200.0	500.0	1964.733039108114	0.0	0	404.203940076899	2164.7330391081923	1	0	1	0.43615986690196334
148200.0	500.0	1964.7330391080986	0.0	0	191.1829549660033	2164.7330391081923	1	0	1	0.43615986690196334
149200.0	500.0	1964.7330391080664	0.0	0	328.3611376262852	2164.7330391081923	1	0	1	0.43615986690196334
150200.0	500.0	1964.7330391080468	0.0	0	335.0208969571395	2164.7330391081923	1	0	1	0.43615986690196334
151200.0	500.0	1964.733039108059	0.0	0	680.2539535659016	2164.7330391081923	1	0	1	0.43615986690196334
152200.0	500.0	1964.7330391080973	0.0	0	590.5550172426738	2164.7330391081923	1	0	1	0.43615986690196334
153200.0	1000.0	1964.7330391080568	0.0	0	22.523046317655826	2164.7330391081923	1	0	1	0.4361598669019634
155808.76038419825	1000.0	355.9726549097977	0.0	0	0.0	2164.733039108163	1	0	1	1.1293070474619098
156798.16941441013	500.0	503.36855450117844	136.80492980325653	0	0.0	2301.537968911405	1	0	1	-1.0899136800634561
157660.2049743466	500.0	641.33299456469	0.0	0	0.0	2301.537968911376	1	0	1	0.4240630793160302
158380.41133892754	500.0	921.126629983727	0.0	0	0.0	2301.537968911376	1	0	1	0.4240630793160313
159396.82074471758	500.0	904.7172241936674	0.0	0	0.0	2301.537968911376	1	0	1	0.4240630793160313
160271.87396880952	500.0	1029.6640001017277	0.0	0	0.0	2301.537968911376	1	0	1	0.4240630793160313
160879.7312865214	500.0	1421.806682389884	0.0	0	0.0	2301.537968911376	1	0	1	0.4240630793160313
161550.87547483502	500.0	1750.6624940762665	0.0	0	0.0	2301.537968911347	1	0	1	0.42406307931603243
162200.0	500.0	2101.537968911298	0.0	0	144.80383965320652	2301.537968911318	1	0	1	0.4240630793160368
163200.0	500.0	2101.5379689113342	0.0	0	528.1888246827002	2301.537968911318	1	0	1	0.4240630793160368
164200.0	500.0	2101.537968911348	0.0	0	550.725619162462	2301.537968911318	1	0	1	0.4240630793160368
165200.0	500.0	2101.537968911346	0.0	0	270.5589968819404	2301.5379689112888	1	0	1	0.4240630793160395
166200.0	500.0	2101.537968911367	0.0	0	227.08527942330693	2301.5379689112888	1	0	1	0.4240630793160395
167200.0	500.0	2101.5379689113684	0.0	0	193.80373227666132	2301.5379689112888	1	0	1	0.4240630793160395
168200.0	500.0	2101.537968911369	0.0	0	295.33227963370155	2301.5379689112888	1	0	1	0.4240630793160395
169200.0	500.0	2101.537968911409	0.0	0	342.16847989161033	2301.5379689112888	1	0	1	0.4240630793160395
170200.0	500.0	2101.537968911399	0.0	0	187.49345858642482	2301.5379689112888	1	0	1	0.4240630793160395
171200.0	500.0	2101.5379689113984	0.0	0	446.2998663210601	2301.5379689112888	1	0	1	0.4240630793160395
172200.0	500.0	2101.537968911418	0.0	0	210.0574480033829	2301.5379689112888	1	0	1	0.4240630793160395
173200.0	500.0	2101.5379689114006	0.0	0	342.82682480319636	2301.5379689112888	1	0	1	0.4240630793160395
174200.0	500.0	2101.537968911389	0.0	0	430.70978167885914	2301.5379689112888	1	0	1	0.4240630793160395
175200.0	500.0	2101.5379689113565	0.0	0	621.5112123055733	2301.5379689112597	1	0	1	0.42406307931604226
176200.0	500.0	2101.53796891134	0.0	0	599.1682008396601	2301.5379689112306	1	0	1	0.4240630793160445
177200.0	500.0	2101.5379689113183	0.0	0	613.8850576684054	2301.5379689112015	1	0	1	0.42406307931604775
178200.0	500.0	2101.5379689113424	0.0	0	560.3127192545217	2301.5379689112306	1	0	1	0.42406307931604503
179200.0	500.0	2101.5379689113533	0.0	0	716.2196138700237	2301.5379689112015	1	0	1	0.4240630793160472
180200.0	1000.0	2101.5379689113724	0.0	0	314.70331482900656	2301.5379689112306	1	0	1	0.4240630793160451
181521.857442407	1000.0	1779.680526504399	0.0	0	0.0	2301.5379689112306	1	0	1	1.1172102598759905
182274.70651129872	1000.0	2026.8314576127004	0.0	0	0.0	2301.5379689112597	1	0	1	1.1172102598759877
183200.0	1000.0	2101.5379689114015	0.0	0	65.50587180853472	2301.5379689112306	1	0	1	1.1172102598759905
184381.4745466777	1000.0	1920.0634222337185	0.0	0	0.0	2301.5379689112306	1	0	1	1.1172102598759905
185786.52747916488	1000.0	1515.0104897465617	0.0	0	0.0	2301.5379689112306	1	0	1	1.1172102598759905
186805.82121178653	1000.0	1495.7167571249413	0.0	0	0.0	2301.5379689112306	1	0	1	1.1172102598759905
187668.97229052483	1000.0	1632.5656783866173	0.0	0	0.0	2301.5379689112306	1	0	1	1.1172102598759905
188450.25092765302	1000.0	1851.2870412584632	0.0	0	0.0	2301.5379689112597	1	0	1	1.1172102598759877
189363.45014268588	1000.0	1938.0878262255792	0.0	0	0.0	2301.5379689112597	1	0	1	1.1172102598759877
190200.0	1000.0	2101.5379689114366	0.0	0	67.89071578904986	2301.5379689112597	1	0	1	1.1172102598759877
191420.97906564656	1000.0	1880.5589032648843	0.0	0	0.0	2301.5379689112597	1	0	1	1.1172102598759877
193234.6202757565	1000.0	1066.9176931549678	0.0	0	0.0	2301.5379689112888	1	0	1	1.1172102598759854
194027.0544638419	500.0	1274.483505069593	0.0	0	0.0	2301.5379689112888	1	0	1	-0.269084101243906
194646.32918262828	500.0	1655.208786283219	0.0	0	0.0	2301.5379689112888	1	0	1	0.4240630793160395
195210.71050057863	500.0	2090.827468332868	0.0	0	0.0	2301.5379689112888	1	0	1	0.4240630793160395
196200.0	500.0	2101.5379689115043	0.0	0	322.8432410887035	2301.5379689112888	1	0	1	0.4240630793160395
197200.0	500.0	2101.5379689114975	0.0	0	554.1985865224269	2301.5379689112888	1	0	1	0.4240630793160395
198200.0	500.0	2101.5379689114807	0.0	0	420.014675598999	2301.5379689112888	1	0	1	0.4240630793160395
199200.0	500.0	2101.5379689115084	0.0	0	387.96863617014606	2301.5379689112888	1	0	1	0.4240630793160395
200200.0	500.0	2101.5379689114943	0.0	0	441.2774863294617	2301.5379689112888	1	0	1	0.4240630793160395
201200.0	500.0	2101.5379689114925	0.0	0	220.8732299261901	2301.5379689112597	1	0	1	0.42406307931604226
202200.0	500.0	2101.5379689114943	0.0	0	571.9418545580411	2301.5379689112888	1	0	1	0.4240630793160395
203200.0	500.0	2101.537968911519	0.0	0	649.8380531717557	2301.537968911318	1	0	1	0.4240630793160368
204200.0	500.0	2101.537968911513	0.0	0	395.04173864837503	2301.537968911318	1	0	1	0.4240630793160368
205200.0	500.0	2101.537968911513	0.0	0	464.7233360889368	2301.5379689112888	1	0	1	0.4240630793160395
206200.0	500.0	2101.537968911527	0.0	0	472.63067326063174	2301.5379689112888	1	0	1	0.4240630793160395
207200.0	500.0	2101.537968911545	0.0	0	631.5583273186057	2301.5379689112597	1	0	1	0.42406307931604226
208200.0	500.0	2101.5379689115307	0.0	0	615.1040722714679	2301.5379689112597	1	0	1	0.42406307931604226
209200.0	500.0	2101.5379689115553	0.0	0	594.496608741727	2301.5379689112888	1	0	1	0.4240630793160395
210200.0	500.0	2101.537968911557	0.0	0	261.9465105329582	2301.5379689112597	1	0	1	0.42406307931604226
211200.0	500.0	2101.5379689115616	0.0	0	292.7197550019482	2301.5379689112888	1	0	1	0.4240630793160395
212200.0	500.0	2101.5379689115753	0.0	0	570.4411990586086	2301.537968911318	1	0	1	0.4240630793160368
213200.0	500.0	2101.5379689116025	0.0	0	527.2005401345668	2301.537968911347	1	0	1	0.42406307931603465
214200.0	500.0	2101.537968911626	0.0	0	416.1324503343785	2301.537968911347	1	0	1	0.4240630793160341
215200.0	500.0	2101.5379689116285	0.0	0	212.03597305060248	2301.537968911347	1	0	1	0.4240630793160341
216200.0	500.0	2101.5379689116276	0.0	0	342.944820877834	2301.537968911347	1	0	1	0.4240630793160341
217200.0	500.0	2101.5379689116526	0.0	0	260.27291375762434	2301.537968911347	1	0	1	0.4240630793160341
218200.0	500.0	2101.537968911645	0.0	0	353.75083954658476	2301.537968911347	1	0	1	0.4240630793160341
219200.0	500.0	2101.537968911647	0.0	0	147.1927028692735	2301.537968911347	1	0	1	0.4240630793160341
220200.0	500.0	2101.5379689116608	0.0	0	490.0184600727225	2301.537968911347	1	0	1	0.4240630793160341
221200.0	500.0	2101.5379689116558	0.0	0	562.0353253630747	2301.537968911347	1	0	1	0.42406307931603465
222200.0	500.0	2101.5379689116626	0.0	0	467.46694875051617	2301.537968911347	1	0	1	0.4240630793160341
223200.0	500.0	2101.5379689116608	0.0	0	342.03575688926503	2301.537968911318	1	0	1	0.4240630793160368
224200.0	500.0	2101.5379689116653	0.0	0	561.1907440015057	2301.537968911318	1	0	1	0.4240630793160368
225200.0	500.0	2101.537968911658	0.0	0	591.6194572365785	2301.537968911318	1	0	1	0.4240630793160368
226200.0	500.0	2101.5379689116535	0.0	0	668.1946375302796	2301.5379689112888	1	0	1	0.4240630793160395
227200.0	500.0	2101.5379689116453	0.0	0	365.71005658994545	2301.5379689112888	1	0	1	0.4240630793160395
228200.0	500.0	2101.537968911647	0.0	0	162.9432342267828	2301.5379689112888	1	0	1	0.4240630793160395
229417.94752320458	500.0	1883.5904457070978	0.0	0	0.0	2301.5379689112888	1	0	1	0.4240630793160395
230352.59470903716	500.0	1948.943259874472	0.0	0	0.0	2301.5379689112888	1	0	1	0.4240630793160395
231200.0	500.0	2101.537968911601	0.0	0	164.12122659294982	2301.5379689112888	1	0	1	0.4240630793160395
232200.0	500.0	2101.5379689115944	0.0	0	362.00436992553296	2301.5379689112888	1	0	1	0.4240630793160395
233200.0	500.0	2101.5379689116207	0.0	0	101.94580561702605	2301.5379689112888	1	0	1	0.4240630793160395
234200.0	500.0	2101.537968911611	0.0	0	570.4395475530764	2301.5379689112888	1	0	1	0.4240630793160395
235200.0	500.0	2101.5379689115966	0.0	0	578.3232150978001	2301.537968911318	1	0	1	0.4240630793160368
236200.0	500.0	2101.537968911598	0.0	0	432.3620307202218	2301.537968911318	1	0	1	0.4240630793160368
237309.69753019474	500.0	1991.8404387168798	0.0	0	0.0	2301.537968911318	1	0	1	0.4240630793160368
239069.18554493893	500.0	1232.3524239726964	0.0	0	0.0	2301.537968911318	1	0	1	0.4240630793160368
240248.93088851287	500.0	1052.60708039873	0.0	0	0.0	2301.537968911347	1	0	1	0.4240630793160341
241200.02931976513	500.0	1101.5086491464697	0.0	0	0.0	2301.537968911347	1	0	1	0.4240630793160341
241938.61283545612	500.0	1362.925133455495	0.0	0	0.0	2301.537968911376	1	0	1	0.4240630793160313
242841.0669439101	500.0	1460.471025001511	0.0	0	0.0	2301.537968911376	1	0	1	0.4240630793160313
243865.0185069874	500.0	1436.519461924204	0.0	0	0.0	2301.537968911376	1	0	1	0.4240630793160313
244756.90117696192	500.0	1544.6367919496834	0.0	0	0.0	2301.537968911376	1	0	1	0.4240630793160313
245616.57846000066	500.0	1684.9595089109243	0.0	0	0.0	2301.537968911376	1	0	1	0.4240630793160313
246401.32327826106	500.0	1900.2146906504752	0.0	0	0.0	2301.537968911347	1	0	1	0.4240630793160341
247386.07222699307	500.0	1915.4657419184496	0.0	0	0.0	2301.537968911347	1	0	1	0.4240630793160341
248200.0	500.0	2101.537968911546	0.0	0	341.0446550454071	2301.537968911347	1	0	1	0.4240630793160341
249200.0	500.0	2101.537968911512	0.0	0	608.2555659249483	2301.537968911376	1	0	1	0.4240630793160313
250200.0	500.0	2101.537968911509	0.0	0	624.6945938621648	2301.537968911376	1	0	1	0.4240630793160313
251200.0	500.0	2101.537968911526	0.0	0	428.4595777510549	2301.537968911376	1	0	1	0.4240630793160313
252200.0	500.0	2101.537968911569	0.0	0	446.8716446670296	2301.537968911405	1	0	1	0.42406307931602855
253200.0	500.0	2101.537968911566	0.0	0	603.546613463579	2301.537968911405	1	0	1	0.42406307931602855
254200.0	500.0	2101.537968911536	0.0	0	345.622464430955	2301.537968911405	1	0	1	0.42406307931602855
255200.0	500.0	2101.53796891152	0.0	0	406.0786395103205	2301.537968911405	1	0	1	0.42406307931602855
256200.0	500.0	2101.5379689115	0.0	0	444.2740841774212	2301.537968911376	1	0	1	0.4240630793160313
257200.0	500.0	2101.5379689114825	0.0	0	583.8676884039596	2301.537968911347	1	0	1	0.4240630793160341
258200.0	500.0	2101.5379689115107	0.0	0	232.77661838088534	2301.537968911347	1	0	1	0.4240630793160341
259200.0	500.0	2101.537968911492	0.0	0	597.5624483635766	2301.537968911347	1	0	1	0.4240630793160341
260200.0	500.0	2101.5379689115084	0.0	0	653.5432039053703	2301.537968911347	1	0	1	0.4240630793160341
261200.0	500.0	2101.5379689115052	0.0	0	510.7720255032473	2301.537968911405	1	0	1	0.4240630793160291
262200.0	500.0	2101.537968911513	0.0	0	561.0411395373521	2301.537968911405	1	0	1	0.42406307931602855
263200.0	500.0	2101.5379689114993	0.0	0	607.161668921297	2301.537968911405	1	0	1	0.4240630793160269
264200.0	500.0	2101.53796891154	0.0	0	343.9195440170006	2301.5379689114634	1	0	1	0.42406307931602577
265499.6972289438	1000.0	1801.840739967777	0.0	0	0.0	2301.5379689114634	1	0	1	0.42406307931602316
266200.0	500.0	2101.5379689116216	0.0	0	177.96592098817928	2301.5379689115216	1	0	1	-0.2690841012439277
267200.0	500.0	2101.537968911622	0.0	0	396.81243540806463	2301.5379689114634	1	0	1	0.42406307931602305
268200.0	500.0	2101.5379689116407	0.0	0	390.50806285301223	2301.5379689114634	1	0	1	0.42406307931602305
269200.0	500.0	2101.5379689115903	0.0	0	579.581555629673	2301.537968911405	1	0	1	0.42406307931602855
270200.0	500.0	2101.537968911563	0.0	0	711.3480792979244	2301.537968911405	1	0	1	0.42406307931602855
271200.0	500.0	2101.5379689116116	0.0	0	532.4193270697724	2301.537968911405	1	0	1	0.42406307931602855
273116.6494996465	1000.0	1184.8884692650945	0.0	0	0.0	2301.537968911405	1	0	1	0.42406307931602866
273939.6327955661	500.0	1361.905173345444	0.0	0	0.0	2301.537968911347	1	0	1	-0.2690841012439112
274784.93664169597	500.0	1516.6013272156304	0.0	0	0.0	2301.537968911347	1	0	1	0.42406307931603515
275679.24248874496	500.0	1622.295480166595	0.0	0	0.0	2301.5379689112888	1	0	1	0.42406307931603837
276316.7988914043	500.0	1984.7390775072322	0.0	0	0.0	2301.5379689112306	1	0	1	0.42406307931604503
277200.0	500.0	2101.537968911528	0.0	0	244.7842540765414	2301.5379689112306	1	0	1	0.42406307931604503
278200.0	500.0	2101.5379689115716	0.0	0	401.1027690967894	2301.5379689112888	1	0	1	0.4240630793160395
279200.0	500.0	2101.537968911583	0.0	0	180.96540915721562	2301.5379689112888	1	0	1	0.4240630793160395
280200.0	500.0	2101.5379689115966	0.0	0	467.01873232255457	2301.537968911347	1	0	1	0.4240630793160341
281200.0	500.0	2101.5379689115885	0.0	0	372.15695968834916	2301.5379689112888	1	0	1	0.4240630793160395
282200.0	500.0	2101.5379689116317	0.0	0	300.65451271657366	2301.5379689112888	1	0	1	0.4240630793160395
283200.0	500.0	2101.537968911688	0.0	0	346.712841423403	2301.5379689112888	1	0	1	0.4240630793160395
284200.0	500.0	2101.5379689116835	0.0	0	253.30911957286298	2301.5379689112888	1	0	1	0.4240630793160395
285200.0	500.0	2101.5379689116944	0.0	0	224.1564907784923	2301.5379689112888	1	0	1	0.4240630793160395
286200.0	500.0	2101.537968911732	0.0	0	360.8071847409592	2301.537968911347	1	0	1	0.4240630793160341
287200.0	500.0	2101.537968911779	0.0	0	303.4574282980175	2301.537968911347	1	0	1	0.4240630793160341
288200.0	500.0	2101.5379689117563	0.0	0	385.80794535786845	2301.5379689112888	1	0	1	0.4240630793160395
289200.0	500.0	2101.5379689116844	0.0	0	447.2039504638524	2301.5379689112888	1	0	1	0.4240630793160395
290200.0	500.0	2101.537968911669	0.0	0	263.031129688432	2301.5379689112306	1	0	1	0.42406307931604503
291200.0	500.0	2101.537968911703	0.0	0	145.32800294837216	2301.5379689112306	1	0	1	0.42406307931604503
292200.0	500.0	2101.5379689117	0.0	0	432.9663932493422	2301.5379689112306	1	0	1	0.42406307931604503
293200.0	500.0	2101.5379689116685	0.0	0	618.5971057345159	2301.5379689112306	1	0	1	0.42406307931604503
294200.0	500.0	2101.5379689117053	0.0	0	642.9897704728064	2301.5379689112306	1	0	1	0.42406307931604503
295200.0	500.0	2101.5379689117167	0.0	0	610.1653822408989	2301.5379689112306	1	0	1	0.42406307931604503
296200.0	500.0	2101.537968911704	0.0	0	563.9304207840469	2301.5379689112306	1	0	1	0.42406307931604503
297200.0	500.0	2101.5379689117144	0.0	0	389.7295543552027	2301.5379689112306	1	0	1	0.42406307931604503
298200.0	500.0	2101.5379689117917	0.0	0	390.96371160721174	2301.5379689112888	1	0	1	0.4240630793160395
299200.0	500.0	2101.5379689118026	0.0	0	478.07808058243245	2301.5379689112888	1	0	1	0.4240630793160395
300200.0	500.0	2101.537968911785	0.0	0	531.6647499470273	2301.537968911347	1	0	1	0.4240630793160341
0.56	0.28	0.61	0.67	0.75	0.66	0.65	0.78	1.09	1.02	1.16	0.75	0.56	0.7	0.74	0.64	0.89	0.91	0.87	1.01	1.04	1.05	1.02	1.4	1.38	1.68	1.23	0.54	1.66	1.08	1.03	0.73	0.82	1.01	1.04	1.51	1.47	0.72	0.6	0.86	0.68	0.95	0.94	1.37	0.89	1.02	0.66	0.83	1.11	1.27	0.87	0.87	1.08	1.24	1.56	0.96	0.73	1.04	1.22	0.76	0.96	0.68	0.67	0.9	0.73	0.83	1.26	0.82	0.75	1.22	1.73	1.64	1.29	0.74	0.56	0.43	0.58	1.01	0.76	0.81	1.04	0.98	1.0	0.53	0.34	0.45	0.56	0.59	0.51	0.56	0.7	0.76	0.5	0.64	1.11	1.63	1.16	1.02	1.22	0.83	0.73	1.03	1.24	0.76	0.98	1.61	1.42	0.64	1.29	1.1	0.86	0.82	1.03	0.75	1.0	1.31	1.63	1.29	0.67	0.57	0.54	0.63	0.94	0.98	1.01	0.63	1.01	0.75	0.7	0.76	0.81	0.69	0.94	0.83	1.09	1.14	0.74	0.75	1.03	1.26	1.37	1.15	0.83	0.65	0.85	1.05	1.81	1.48	1.05	1.1	0.56	0.28	0.61	0.67	0.75	0.66	0.65	0.78	1.09	1.02	1.16	0.75	0.56	0.7	0.74	0.64	0.89	0.91	0.87	1.01	1.04	1.05	1.02	1.4	1.38	1.68	1.23	0.54	1.66	1.08	1.03	0.73	0.82	1.01	1.04	1.51	1.47	0.72	0.6	0.86	0.68	0.95	0.94	1.37	0.89	1.02	0.66	0.83	1.11	1.27	0.87	0.87	1.08	1.24	1.56	0.96	0.73	1.04	1.22	0.76	0.96	0.68	0.67	0.9	0.73	0.83	1.26	0.82	0.75	1.22	1.73	1.64	1.29	0.74	0.56	0.43	0.58	1.01	0.76	0.81	1.04	0.98	1.0	0.53	0.34	0.45	0.56	0.59	0.51	0.56	0.7	0.76	0.5	0.64	1.11	1.63	1.16	1.02	1.22	0.83	0.73	1.03	1.24	0.76	0.98	1.61	1.42	0.64	1.29	1.1	0.86	0.82	1.03	0.75	1.0	1.31	1.63	1.29	0.67	0.57	0.54	0.63	0.94	0.98	1.01	0.63	1.01	0.75	0.7	0.76	0.81	0.69	0.94	0.83	1.09	1.14	0.74	0.75	1.03	1.26	1.37	1.15	0.83	0.65	0.85	1.05	1.81	1.48	1.05	1.1
1.0	2.0	3.0	4.0	5.0	6.0	7.0	8.0	9.0	10.0	11.0	12.0	13.0	14.0	15.0	16.0	17.0	18.0	19.0	20.0	21.0	22.0	23.0	24.0	25.0	26.0	27.0	28.0	29.0	30.0	31.0	32.0	33.0	34.0	35.0	36.0	37.0	38.0	39.0	40.0	41.0	42.0	43.0	44.0	45.0	46.0	47.0	48.0	49.0	50.0	51.0	52.0	53.0	54.0	55.0	56.0	57.0	58.0	59.0	60.0	61.0	62.0	63.0	64.0	65.0	66.0	67.0	68.0	69.0	70.0	71.0	72.0	73.0	74.0	75.0	76.0	77.0	78.0	79.0	80.0	81.0	82.0	83.0	84.0	85.0	86.0	87.0	88.0	89.0	90.0	91.0	92.0	93.0	94.0	95.0	96.0	97.0	98.0	99.0	100.0	101.0	102.0	103.0	104.0	105.0	106.0	107.0	108.0	109.0	110.0	111.0	112.0	113.0	114.0	115.0	116.0	117.0	118.0	119.0	120.0	121.0	122.0	123.0	124.0	125.0	126.0	127.0	128.0	129.0	130.0	131.0	132.0	133.0	134.0	135.0	136.0	137.0	138.0	139.0	140.0	141.0	142.0	143.0	144.0	145.0	146.0	147.0	148.0	149.0	149.0	150.0	151.0	152.0	153.0	154.0	155.0	156.0	157.0	158.0	159.0	160.0	161.0	162.0	163.0	164.0	165.0	166.0	167.0	168.0	169.0	170.0	171.0	172.0	173.0	174.0	175.0	176.0	177.0	178.0	179.0	180.0	181.0	182.0	183.0	184.0	185.0	186.0	187.0	188.0	189.0	190.0	191.0	192.0	193.0	194.0	195.0	196.0	197.0	198.0	199.0	200.0	201.0	202.0	203.0	204.0	205.0	206.0	207.0	208.0	209.0	210.0	211.0	212.0	213.0	214.0	215.0	216.0	217.0	218.0	219.0	220.0	221.0	222.0	223.0	224.0	225.0	226.0	227.0	228.0	229.0	230.0	231.0	232.0	233.0	234.0	235.0	236.0	237.0	238.0	239.0	240.0	241.0	242.0	243.0	244.0	245.0	246.0	247.0	248.0	249.0	250.0	251.0	252.0	253.0	254.0	255.0	256.0	257.0	258.0	259.0	260.0	261.0	262.0	263.0	264.0	265.0	266.0	267.0	268.0	269.0	270.0	271.0	272.0	273.0	274.0	275.0	276.0	277.0	278.0	279.0	280.0	281.0	282.0	283.0	284.0	285.0	286.0	287.0	288.0	289.0	290.0	291.0	292.0	293.0	294.0	295.0	296.0	297.0	298.0	298.0
4420.322851377565
