5404.984707417643	300.0	2000.0	206.49427900130186	0	0.0	5404.984707417643	1	0	1	-2.6098289209223995
5708.600424967156	500.0	2666.022710695536	0.0	0	0.0	5374.623135662691	1	0	2	-1.7912136060335941
5968.267974601837	300.0	3380.388406097387	0.0	0	0.0	5348.6563806992235	1	0	2	-2.0766651844972928
6421.713789814955	500.0	3881.598009362957	0.0	0	0.0	5303.311799177911	1	0	2	-1.5293720557540378
6786.625766736184	500.0	4480.194834749605	0.0	0	0.0	5266.820601485788	1	0	2	-0.9846191836823235
7200.0	500.0	5025.483178159407	0.0	0	14.659702839061538	5225.483178159406	1	0	2	-0.9521954999117933
8200.0	500.0	4925.4831781594075	0.0	0	334.40326826938326	5125.483178159406	1	0	2	-0.887652056898736
9200.0	500.0	4825.4831781594075	0.0	0	414.7918084387238	5025.483178159405	1	0	2	-0.8054310871706472
10200.0	500.0	4725.483178159407	0.0	0	501.0256212464046	4925.483178159404	1	0	2	-0.7276861891767035
11522.5084164661	1000.0	4270.723920046697	0.0	0	0.0	4793.232336512796	1	0	2	-0.6271126014697869
13011.662343537198	1000.0	3632.654600268489	0.0	0	0.0	4644.316943805687	1	0	2	0.16752731711692967
14284.37490632346	1000.0	3232.670781203599	0.0	0	0.0	4517.045687527057	1	0	2	0.2530106523327217
15337.260127198735	1000.0	3074.4970382407982	0.0	0	0.0	4411.757165439532	1	0	2	0.3196215596713261
16092.666588931395	1000.0	3243.5499303348715	0.0	0	0.0	4336.216519266265	1	0	2	0.3677648535081701
16939.532527155312	1000.0	3311.9973982885635	0.0	0	0.0	4251.5299254438705	1	0	2	0.4093935355029331
17782.43825057298	1000.0	3384.8011025291257	0.0	0	0.0	4167.239353102101	1	0	2	0.451495284863696
18789.115858510613	1000.0	3277.4557337977335	0.0	0	0.0	4066.5715923083408	1	0	2	0.4977417374819845
19548.868342282287	1000.0	3441.7280016488976	0.0	0	0.0	3990.5963439311763	1	0	2	0.5319329068828841
20789.74289650896	1000.0	3076.76599199956	0.0	0	0.0	3866.508888508517	1	0	2	0.5786135264203068
21453.87254751627	1000.0	3346.2233758915168	0.0	0	0.0	3800.095923407782	1	0	2	0.6087242764836092
22397.675893206553	1000.0	3308.039695632202	0.0	0	0.0	3705.7155888387497	1	0	2	0.6384982850933407
23505.05540741032	1000.0	3089.922230008059	0.0	0	0.0	3594.977637418375	1	0	2	0.6709115874440099
24413.723136151253	1000.0	3090.3877283930356	0.0	0	0.0	3504.1108645442837	1	0	2	0.7035406207668699
25508.501505093456	1000.0	2886.1315225566095	0.0	0	0.0	3394.633027650063	1	0	2	0.7310212587450613
26340.26093977108	1000.0	2971.1961444112244	0.0	0	0.0	3311.4570841823006	1	0	2	0.7541687497899543
27353.270607621507	1000.0	2856.885509775751	0.0	0	0.0	3210.156117397255	1	0	2	0.7754398835374613
29101.046370759384	1000.0	1934.3321703240822	0.0	0	0.0	3035.378541083457	1	0	2	0.8093172670491174
29961.687305993968	500.0	1987.627141566041	0.0	0	0.0	2949.314447560002	1	0	2	-0.5568197943721872
30692.787593047167	500.0	2183.4168258075224	0.0	0	0.0	2876.2044188546824	1	0	2	0.1491511480385369
31450.075224560474	500.0	2350.4004311428844	0.0	0	0.0	2800.4756557033506	1	0	2	0.16118572740527512
32200.0	500.0	2525.483178159406	0.0	0	44.683274052986235	2725.4831781594003	1	0	2	0.17191446687489625
33200.0	500.0	2425.4831781594053	0.0	0	313.47749178691083	2625.4831781594075	1	0	2	0.18357076507276449
34200.0	500.0	2325.4831781594094	0.0	0	500.8368632113343	2525.483178159415	1	0	2	0.19588790685734675
35200.0	500.0	2225.4831781594103	0.0	0	604.0837648914603	2425.4831781594185	1	0	2	0.20729087135296215
36200.0	500.0	2125.483178159413	0.0	0	345.29518463040586	2325.483178159411	1	0	2	0.2180210096852636
37200.0	500.0	2025.4831781594082	0.0	0	384.26396321545326	2225.483178159411	1	0	2	0.22754193450949695
38244.96804142085	500.0	1876.0183325964713	0.0	0	0.0	2120.986374017324	1	0	2	0.23767532151147308
39502.859316039205	500.0	1492.3379305162855	0.0	0	0.0	1995.1972465554936	1	0	2	0.2464241543088203
40522.67433699276	500.0	1370.5414074673774	0.0	0	0.0	1893.2157444601398	1	0	2	0.25453851862249566
41200.0	500.0	1625.4831781594132	0.0	0	75.61778451801365	1825.4831781594185	1	0	2	0.25884481283071337
42200.0	500.0	1525.4831781594155	0.0	0	497.36662775155855	1725.4831781594185	1	0	2	0.2636220437019894
43200.0	500.0	1425.4831781594148	0.0	0	429.3321697870051	1625.4831781594257	1	0	2	0.2690336097055555
44200.0	500.0	1325.4831781594096	0.0	0	160.0282170790888	1525.4831781594185	1	0	2	0.2741927832525215
45200.0	500.0	1225.483178159413	0.0	0	211.26250685485866	1425.4831781594112	1	0	2	0.278437731157966
46200.0	500.0	1125.4831781594037	0.0	0	79.43894560587796	1325.483178159404	1	0	2	0.28275038654380613
47200.0	500.0	1025.4831781593953	0.0	0	569.9103617879227	1225.4831781593966	1	0	2	0.285869310598463
48200.0	500.0	925.4831781593928	0.0	0	491.28538367820875	1125.4831781593966	1	0	2	0.28919485679650075
49200.0	500.0	925.4831781593914	0.0	0	502.77587672034133	1125.483178159404	1	0	1	0.2903926141985197
50200.0	500.0	925.4831781594012	0.0	0	625.0493445122847	1125.483178159404	1	0	1	0.49039261419851987
51200.0	500.0	925.4831781593975	0.0	0	656.5076044805755	1125.483178159404	1	0	1	0.49039261419851987
52200.0	500.0	925.4831781594023	0.0	0	608.0893722226101	1125.483178159404	1	0	1	0.49039261419851987
53200.0	500.0	925.4831781594066	0.0	0	410.3067830392756	1125.4831781594112	1	0	1	0.49039261419851965
54200.0	500.0	925.4831781594075	0.0	0	617.2074557150409	1125.483178159404	1	0	1	0.49039261419851987
55200.0	500.0	925.4831781594107	0.0	0	592.3949211481449	1125.483178159404	1	0	1	0.49039261419851987
56329.61578475222	1000.0	795.8673934071924	0.0	0	0.0	1125.4831781593966	1	0	1	0.49039261419852015
57275.13119151261	1000.0	850.351986646796	0.0	0	0.0	1125.4831781593966	1	0	1	1.1835397947584656
58200.0	1000.0	925.4831781594107	0.0	0	17.261650577827822	1125.4831781593966	1	0	1	1.1835397947584656
59200.0	1000.0	925.483178159411	0.0	0	116.88906380355184	1125.483178159404	1	0	1	1.1835397947584654
60218.67799764505	1000.0	906.8051805143642	0.0	0	0.0	1125.483178159404	1	0	1	1.1835397947584654
61200.0	1000.0	925.4831781594196	0.0	0	120.45453537212597	1125.483178159404	1	0	1	1.1835397947584654
62200.0	1000.0	925.483178159415	0.0	0	60.114758532225096	1125.4831781594112	1	0	1	1.1835397947584652
63200.0	1000.0	925.4831781594148	0.0	0	356.13033825818275	1125.483178159404	1	0	1	1.1835397947584654
64200.0	1000.0	925.4831781594116	0.0	0	179.75043699191156	1125.483178159404	1	0	1	1.1835397947584654
65200.0	1000.0	925.4831781594087	0.0	0	390.7756652391472	1125.483178159404	1	0	1	1.1835397947584654
66445.82924901336	1000.0	679.6539291460375	0.0	0	0.0	1125.483178159382	1	0	1	1.1835397947584658
67280.71887772222	1000.0	844.764300437166	0.0	0	0.0	1125.483178159382	1	0	1	1.183539794758466
68200.0	1000.0	925.4831781593875	0.0	0	205.89102328666195	1125.4831781593966	1	0	1	1.1835397947584658
69200.0	1000.0	925.4831781593913	0.0	0	168.18709895735083	1125.4831781593966	1	0	1	1.1835397947584656
70200.0	1000.0	925.4831781594007	0.0	0	310.7527155070711	1125.4831781593966	1	0	1	1.1835397947584656
71324.7912332408	1000.0	800.691944918605	0.0	0	0.0	1125.4831781593966	1	0	1	1.1835397947584656
72432.57666753538	1000.0	692.9065106240382	0.0	0	0.0	1125.4831781593966	1	0	1	1.1835397947584656
73382.53818441615	1000.0	742.9449937432862	0.0	0	0.0	1125.4831781593966	1	0	1	1.1835397947584656
74315.7968202508	1000.0	809.6863579086216	0.0	0	0.0	1125.4831781593966	1	0	1	1.1835397947584656
75200.0	1000.0	925.4831781594235	0.0	0	96.29835719018592	1125.4831781593966	1	0	1	1.1835397947584656
76404.31050543593	1000.0	721.172672723475	0.0	0	0.0	1125.4831781593966	1	0	1	1.1835397947584656
77351.44156993636	1000.0	774.0416082230659	0.0	0	0.0	1125.4831781593966	1	0	1	1.1835397947584656
78287.48123343842	1000.0	838.00194472102	0.0	0	0.0	1125.4831781593966	1	0	1	1.1835397947584656
79370.81993098525	1000.0	754.6632471742085	0.0	0	0.0	1125.4831781593966	1	0	1	1.1835397947584656
80624.66987955438	1000.0	500.8132986050788	0.0	0	0.0	1125.4831781593966	1	0	1	1.1835397947584656
81244.96384424565	500.0	880.5193339138157	0.0	0	0.0	1125.4831781593966	1	0	1	-0.2027545663614252
82200.0	500.0	925.4831781594698	0.0	0	395.26977959543	1125.4831781594112	1	0	1	0.49039261419851965
83200.0	1000.0	925.4831781594498	0.0	0	46.072121932782466	1125.4831781593966	1	0	1	0.49039261419852015
84570.68744044038	1000.0	554.7957377190769	0.0	0	0.0	1125.4831781593966	1	0	1	1.1835397947584656
85270.08526477909	500.0	855.3979133803776	0.0	0	0.0	1125.4831781593966	1	0	1	-0.2027545663614252
86200.0	500.0	925.4831781594798	0.0	0	288.59093110960384	1125.4831781593966	1	0	1	0.4903926141985201
87200.0	500.0	925.4831781594885	0.0	0	402.1722608426353	1125.4831781594112	1	0	1	0.49039261419851965
88200.0	500.0	925.4831781594908	0.0	0	654.1559086928464	1125.4831781594112	1	0	1	0.49039261419851965
89200.0	500.0	925.4831781594867	0.0	0	636.0099118841172	1125.4831781594112	1	0	1	0.49039261419851965
90200.0	500.0	925.483178159494	0.0	0	637.5083117070317	1125.4831781594112	1	0	1	0.49039261419851965
91200.0	500.0	925.483178159478	0.0	0	541.8455416967772	1125.4831781594112	1	0	1	0.49039261419851965
92200.0	500.0	925.4831781594962	0.0	0	456.9526453663857	1125.4831781594112	1	0	1	0.49039261419851965
93200.0	500.0	925.4831781594952	0.0	0	190.96515213327075	1125.4831781594112	1	0	1	0.49039261419851965
94200.0	500.0	925.4831781594944	0.0	0	230.39255164493807	1125.4831781594112	1	0	1	0.49039261419851965
95200.0	500.0	925.4831781594944	0.0	0	297.1407083122176	1125.4831781594112	1	0	1	0.49039261419851965
96200.0	500.0	925.483178159494	0.0	0	468.7915207983169	1125.4831781593966	1	0	1	0.4903926141985201
97200.0	500.0	925.4831781594748	0.0	0	654.3632712379331	1125.4831781593966	1	0	1	0.4903926141985201
98200.0	1000.0	925.4831781594712	0.0	0	281.5340821688442	1125.4831781593966	1	0	1	0.49039261419852015
99200.0	1000.0	925.4831781594795	0.0	0	289.6349217410025	1125.4831781594112	1	0	1	1.1835397947584652
100358.65519736748	1000.0	766.8279807920021	0.0	0	0.0	1125.4831781594112	1	0	1	1.1835397947584652
101200.0	500.0	925.4831781594899	0.0	0	428.71041675593005	1125.4831781593966	1	0	1	-0.2027545663614252
102200.0	500.0	925.4831781594869	0.0	0	279.06337960920064	1125.4831781593966	1	0	1	0.4903926141985201
103200.0	500.0	925.4831781594678	0.0	0	321.7795843877975	1125.4831781593966	1	0	1	0.4903926141985201
104200.0	500.0	925.4831781594539	0.0	0	306.7825687914592	1125.4831781593966	1	0	1	0.4903926141985201
105200.0	500.0	925.4831781594496	0.0	0	472.314633093265	1125.4831781593966	1	0	1	0.4903926141985201
106200.0	500.0	925.4831781594694	0.0	0	338.75258791979286	1125.4831781594112	1	0	1	0.49039261419851965
107200.0	500.0	925.4831781594714	0.0	0	492.1330141717481	1125.4831781594112	1	0	1	0.49039261419851965
108200.0	500.0	925.4831781594718	0.0	0	430.2256840005721	1125.4831781594112	1	0	1	0.49039261419851965
109200.0	500.0	925.4831781594709	0.0	0	160.2570998029696	1125.4831781594112	1	0	1	0.49039261419851965
110200.0	500.0	925.4831781594772	0.0	0	129.85002129958593	1125.4831781594112	1	0	1	0.49039261419851965
111200.0	500.0	925.483178159478	0.0	0	407.82765787511016	1125.4831781594112	1	0	1	0.49039261419851965
112200.0	500.0	925.4831781594717	0.0	0	475.57520517183	1125.4831781594112	1	0	1	0.49039261419851965
113200.0	500.0	925.4831781594837	0.0	0	356.68930115550756	1125.4831781593966	1	0	1	0.4903926141985201
114242.58531536457	500.0	882.8978627949007	0.0	0	0.0	1125.4831781593966	1	0	1	0.4903926141985201
115200.0	500.0	925.4831781594862	0.0	0	183.71533030757564	1125.4831781593966	1	0	1	0.4903926141985201
116200.0	500.0	925.4831781594721	0.0	0	394.99681326784776	1125.4831781593966	1	0	1	0.4903926141985201
117200.0	500.0	925.4831781594862	0.0	0	429.3322268397751	1125.483178159382	1	0	1	0.4903926141985205
118200.0	500.0	925.4831781594794	0.0	0	627.354459536291	1125.483178159382	1	0	1	0.4903926141985205
119200.0	500.0	925.4831781594846	0.0	0	537.0388139846618	1125.483178159382	1	0	1	0.4903926141985205
120200.0	500.0	925.4831781594949	0.0	0	569.9551086136926	1125.4831781593966	1	0	1	0.4903926141985201
121200.0	500.0	925.4831781594835	0.0	0	450.4062606086227	1125.4831781593966	1	0	1	0.4903926141985201
122200.0	500.0	925.4831781594683	0.0	0	191.52752839885943	1125.4831781593966	1	0	1	0.4903926141985201
123200.0	500.0	925.4831781594576	0.0	0	342.33425418626575	1125.483178159382	1	0	1	0.4903926141985205
124200.0	500.0	925.4831781594621	0.0	0	595.9529446492816	1125.483178159382	1	0	1	0.4903926141985205
125200.0	500.0	925.4831781594644	0.0	0	388.8477162244235	1125.4831781593675	1	0	1	0.490392614198521
126200.0	500.0	925.4831781594612	0.0	0	458.10654835411697	1125.483178159353	1	0	1	0.4903926141985214
127200.0	500.0	925.4831781594596	0.0	0	371.67627882362285	1125.4831781593675	1	0	1	0.490392614198521
128200.0	500.0	925.4831781594661	0.0	0	276.1255376464251	1125.4831781593675	1	0	1	0.490392614198521
129337.32372155509	500.0	788.1594566043809	0.0	0	0.0	1125.483178159382	1	0	1	0.4903926141985205
130205.06795584095	500.0	920.415222318524	0.0	0	0.0	1125.483178159382	1	0	1	0.4903926141985205
131230.84103728054	500.0	894.6421408789097	0.0	0	0.0	1125.4831781593675	1	0	1	0.4903926141985207
132200.0	500.0	925.4831781594421	0.0	0	176.60072492869222	1125.4831781593384	1	0	1	0.49039261419852165
133200.0	500.0	925.4831781594598	0.0	0	171.39888644614257	1125.4831781593384	1	0	1	0.4903926141985218
134225.2750497905	500.0	900.2081283689336	0.0	0	0.0	1125.4831781593675	1	0	1	0.49039261419852115
135200.0	500.0	925.4831781594285	0.0	0	396.2235939471866	1125.4831781593675	1	0	1	0.490392614198521
136200.0	500.0	925.4831781594419	0.0	0	613.3996954631002	1125.4831781593675	1	0	1	0.490392614198521
137200.0	500.0	925.4831781594337	0.0	0	583.8202190532465	1125.4831781593675	1	0	1	0.490392614198521
138200.0	500.0	925.4831781594185	0.0	0	485.37531514285365	1125.4831781593384	1	0	1	0.4903926141985218
139200.0	500.0	925.4831781593905	0.0	0	407.4035868664796	1125.4831781593384	1	0	1	0.4903926141985218
140200.0	500.0	925.4831781593928	0.0	0	395.2500961064943	1125.4831781593384	1	0	1	0.4903926141985218
141200.0	500.0	925.4831781593944	0.0	0	397.43522093078354	1125.4831781593384	1	0	1	0.4903926141985218
142200.0	500.0	925.4831781593566	0.0	0	609.491859462898	1125.4831781593384	1	0	1	0.4903926141985218
143200.0	500.0	925.4831781593602	0.0	0	515.5808178878506	1125.4831781593093	1	0	1	0.4903926141985227
144200.0	500.0	925.4831781593707	0.0	0	496.5908776576689	1125.4831781593093	1	0	1	0.4903926141985227
145200.0	500.0	925.4831781593355	0.0	0	433.4592725042312	1125.4831781593093	1	0	1	0.4903926141985227
146200.0	500.0	925.4831781593243	0.0	0	582.582401641499	1125.4831781593093	1	0	1	0.4903926141985227
147200.0	500.0	925.4831781593157	0.0	0	238.2375333722448	1125.4831781593384	1	0	1	0.4903926141985218
148200.0	500.0	925.4831781593459	0.0	0	450.17009338043863	1125.4831781593384	1	0	1	0.4903926141985218
149200.0	500.0	925.4831781593464	0.0	0	551.0721374699497	1125.4831781593384	1	0	1	0.4903926141985218
150200.0	500.0	925.4831781593211	0.0	0	367.80113261329825	1125.4831781593384	1	0	1	0.4903926141985218
151297.34765356896	1000.0	828.1355245903624	0.0	0	0.0	1125.4831781593384	1	0	1	0.490392614198522
152200.0	500.0	925.4831781593062	0.0	0	223.44934961909894	1125.4831781593093	1	0	1	-0.20275456636142275
153200.0	500.0	925.4831781592843	0.0	0	464.63209244335303	1125.4831781593093	1	0	1	0.4903926141985227
154200.0	500.0	925.4831781592934	0.0	0	365.4528007284389	1125.4831781593093	1	0	1	0.4903926141985227
155200.0	500.0	925.4831781593048	0.0	0	679.7353534044232	1125.4831781593093	1	0	1	0.4903926141985227
156200.0	500.0	925.4831781593084	0.0	0	593.7221944765479	1125.4831781593093	1	0	1	0.4903926141985227
157200.0	500.0	925.4831781592989	0.0	0	477.4425663756265	1125.4831781593093	1	0	1	0.4903926141985227
158200.0	500.0	925.4831781592766	0.0	0	304.1930587422394	1125.4831781593093	1	0	1	0.4903926141985227
159200.0	500.0	925.483178159287	0.0	0	667.4941597366414	1125.4831781593093	1	0	1	0.4903926141985227
160200.0	500.0	925.4831781592939	0.0	0	515.951076770114	1125.4831781593093	1	0	1	0.4903926141985227
161200.0	500.0	925.4831781592966	0.0	0	391.57609424291877	1125.4831781593384	1	0	1	0.4903926141985218
162200.0	500.0	925.4831781592961	0.0	0	517.5747230352135	1125.4831781593384	1	0	1	0.4903926141985218
163200.0	500.0	925.4831781592873	0.0	0	291.6480342450959	1125.4831781593384	1	0	1	0.4903926141985218
164200.0	500.0	925.4831781592779	0.0	0	364.7404107164475	1125.4831781593384	1	0	1	0.4903926141985218
165200.0	500.0	925.4831781592911	0.0	0	438.441968520754	1125.4831781593384	1	0	1	0.4903926141985218
166200.0	500.0	925.4831781592566	0.0	0	551.2211593405809	1125.4831781593675	1	0	1	0.490392614198521
167200.0	500.0	925.4831781592759	0.0	0	568.2930200930568	1125.4831781593675	1	0	1	0.490392614198521
168200.0	500.0	925.4831781592934	0.0	0	574.275863928633	1125.4831781593675	1	0	1	0.490392614198521
169200.0	500.0	925.4831781592779	0.0	0	401.9885856649489	1125.4831781593675	1	0	1	0.490392614198521
170200.0	500.0	925.4831781593234	0.0	0	554.3051513069659	1125.4831781593675	1	0	1	0.490392614198521
171200.0	500.0	925.4831781593368	0.0	0	501.45332969591254	1125.4831781593675	1	0	1	0.490392614198521
172202.79458472112	1000.0	922.6885934381899	0.0	0	58.878585598780774	1125.4831781593384	1	0	1	0.4903926141985214
173574.2298142984	1000.0	551.2533638608836	0.0	0	0.0	1125.4831781593093	1	0	1	1.1835397947584683
174775.50197350024	1000.0	370.738232168678	20.757027509651692	0	0.0	1146.2402056689607	1	0	1	1.0583665478009057
176024.3907253246	1000.0	311.747123918372	189.89764357405488	0	0.0	1336.1378492430085	1	0	1	0.037109922082397884
177335.5193751998	1000.0	318.50596566827573	317.8874916251309	0	0.0	1654.0253408681601	1	0	1	-0.7446340033101826
178135.75820892185	500.0	618.8134757786042	100.54634383238579	0	0.0	1754.5716847005242	1	0	1	-0.8322177604638881
178879.01190190806	500.0	875.5597827924021	0.0	0	0.0	1754.5716847005242	1	0	1	0.46420748309037174
179472.97460158495	500.0	1281.5970831155196	0.0	0	0.0	1754.5716847005242	1	0	1	0.46420748309037174
180342.21188924633	500.0	1412.359795454144	0.0	0	0.0	1754.5716847005242	1	0	1	0.46420748309037174
181200.0	500.0	1554.571684700499	0.0	0	129.9749290664913	1754.5716847005533	1	0	1	0.4642074830903701
182200.0	500.0	1554.5716847004867	0.0	0	476.5914434902952	1754.5716847005824	1	0	1	0.4642074830903685
183200.0	500.0	1554.5716847004662	0.0	0	511.9396049088973	1754.5716847005824	1	0	1	0.4642074830903685
184200.0	500.0	1554.5716847004603	0.0	0	576.377287073643	1754.5716847005824	1	0	1	0.4642074830903685
185200.0	500.0	1554.5716847004526	0.0	0	457.03765773095074	1754.5716847005824	1	0	1	0.4642074830903685
186200.0	500.0	1554.5716847004123	0.0	0	372.0063742613129	1754.5716847005824	1	0	1	0.4642074830903685
187200.0	500.0	1554.571684700425	0.0	0	93.93056332913693	1754.5716847006115	1	0	1	0.4642074830903669
188503.98917862977	500.0	1250.5825060706386	0.0	0	0.0	1754.5716847006115	1	0	1	0.4642074830903669
189200.0	500.0	1554.5716847004176	0.0	0	45.11424118059222	1754.5716847006115	1	0	1	0.4642074830903669
190200.0	500.0	1554.5716847004446	0.0	0	152.73235537848086	1754.5716847006115	1	0	1	0.4642074830903669
191200.0	500.0	1554.5716847004276	0.0	0	343.8820529518707	1754.5716847006115	1	0	1	0.4642074830903669
192250.8846846046	500.0	1503.6870000958436	0.0	0	0.0	1754.5716847005824	1	0	1	0.4642074830903685
193259.1907145997	500.0	1495.3809701007162	0.0	0	0.0	1754.5716847005824	1	0	1	0.4642074830903685
194219.3165367789	500.0	1535.2551479215138	0.0	0	0.0	1754.5716847005824	1	0	1	0.46420748309036786
195227.06466653192	500.0	1527.5070181684905	0.0	0	0.0	1754.5716847005533	1	0	1	0.4642074830903701
196200.0	500.0	1554.5716847003696	0.0	0	288.3870282561693	1754.5716847005533	1	0	1	0.4642074830903701
197200.0	500.0	1554.571684700375	0.0	0	539.664249953028	1754.5716847005533	1	0	1	0.4642074830903701
198200.0	500.0	1554.5716847003596	0.0	0	572.4896424388571	1754.5716847005533	1	0	1	0.4642074830903701
199200.0	500.0	1554.5716847003403	0.0	0	647.6639461143059	1754.5716847005533	1	0	1	0.4642074830903701
200200.0	500.0	1554.5716847003391	0.0	0	518.8249605338788	1754.5716847005533	1	0	1	0.4642074830903701
201200.0	500.0	1554.5716847003373	0.0	0	682.9712450381776	1754.5716847005242	1	0	1	0.46420748309037174
202200.0	500.0	1554.5716847003173	0.0	0	489.04902666498674	1754.5716847005242	1	0	1	0.46420748309037174
203200.0	500.0	1554.5716847002855	0.0	0	412.69098174147075	1754.5716847005242	1	0	1	0.46420748309037174
204200.0	500.0	1554.5716847002927	0.0	0	509.3146438415861	1754.5716847005242	1	0	1	0.46420748309037174
205200.0	1000.0	1554.5716847003014	0.0	0	29.24007714606705	1754.5716847005242	1	0	1	0.46420748309037185
206309.30746896527	1000.0	1445.2642157350383	0.0	0	0.0	1754.5716847005242	1	0	1	1.1573546636503171
207200.0	1000.0	1554.5716847003287	0.0	0	100.1304785606917	1754.5716847005242	1	0	1	1.1573546636503171
208200.0	1000.0	1554.571684700304	0.0	0	263.33180807196186	1754.5716847005242	1	0	1	1.1573546636503171
209200.0	1000.0	1554.5716847003052	0.0	0	42.06621533015277	1754.5716847005242	1	0	1	1.1573546636503171
210309.41466506812	1000.0	1445.1570196322382	0.0	0	0.0	1754.5716847005533	1	0	1	1.1573546636503158
211200.0	1000.0	1554.5716847003243	0.0	0	176.5334556036396	1754.5716847005533	1	0	1	1.1573546636503156
212200.0	1000.0	1554.5716847002914	0.0	0	181.89364828375983	1754.5716847005533	1	0	1	1.1573546636503156
213200.0	1000.0	1554.5716847002905	0.0	0	189.56486199051142	1754.5716847005533	1	0	1	1.1573546636503156
214200.0	1000.0	1554.5716847002836	0.0	0	68.06398190470645	1754.5716847005533	1	0	1	1.1573546636503156
215418.76583975655	1000.0	1335.8058449437287	0.0	0	0.0	1754.5716847005533	1	0	1	1.1573546636503156
216490.52041066284	1000.0	1264.0512740374666	0.0	0	0.0	1754.5716847005824	1	0	1	1.1573546636503138
217542.9254349546	1000.0	1211.6462497456828	0.0	0	0.0	1754.5716847005533	1	0	1	1.1573546636503156
218200.0	1000.0	1554.5716847002868	0.0	0	103.15340208940324	1754.5716847005242	1	0	1	1.1573546636503165
219280.48309227443	1000.0	1474.088592425865	0.0	0	0.0	1754.5716847005533	1	0	1	1.1573546636503163
220244.88372407932	1000.0	1509.687960620991	0.0	0	0.0	1754.5716847005533	1	0	1	1.1573546636503156
221666.02819645844	1000.0	1088.543488241865	0.0	0	0.0	1754.5716847005533	1	0	1	1.1573546636503156
222744.8360117572	1000.0	1009.7356729430925	0.0	0	0.0	1754.5716847005533	1	0	1	1.1573546636503156
223883.92313853468	1000.0	870.6485461656164	0.0	0	0.0	1754.5716847005824	1	0	1	1.1573546636503138
224748.95453622547	1000.0	1005.6171484748489	0.0	0	0.0	1754.5716847006115	1	0	1	1.1573546636503123
225610.7226802629	1000.0	1143.8490044373996	0.0	0	0.0	1754.5716847006115	1	0	1	1.1573546636503123
226769.04122808855	1000.0	985.5304566117284	0.0	0	0.0	1754.5716847006115	1	0	1	1.1573546636503123
227944.42500415698	1000.0	810.1466805433373	0.0	0	0.0	1754.5716847006406	1	0	1	1.157354663650312
229208.98621833388	1000.0	545.5854663664198	0.0	0	0.0	1754.5716847006115	1	0	1	1.1573546636503123
230022.81638573357	500.0	731.7552989667391	0.0	0	0.0	1754.5716847006406	1	0	1	-0.2289396974695801
230549.77408816808	500.0	1204.797596532242	0.0	0	0.0	1754.5716847006115	1	0	1	0.4642074830903669
231200.0	500.0	1554.5716847003218	0.0	0	156.58739963220432	1754.5716847006115	1	0	1	0.4642074830903669
232200.0	500.0	1554.5716847003207	0.0	0	611.7028369225154	1754.5716847006115	1	0	1	0.4642074830903669
233567.29101733735	1000.0	1187.2806673629848	0.0	0	0.0	1754.5716847006406	1	0	1	0.4642074830903653
234250.30230481975	500.0	1504.2693798805903	0.0	0	0.0	1754.5716847006406	1	0	1	-0.2289396974695801
235200.0	500.0	1554.5716847003735	0.0	0	295.69723000749946	1754.5716847006406	1	0	1	0.46420748309036525
236200.0	500.0	1554.5716847004023	0.0	0	143.920804623398	1754.5716847006697	1	0	1	0.46420748309036364
237200.0	500.0	1554.5716847003769	0.0	0	618.8235918893188	1754.5716847006697	1	0	1	0.46420748309036364
238200.0	500.0	1554.5716847003814	0.0	0	496.4361052219174	1754.5716847006697	1	0	1	0.46420748309036364
239200.0	500.0	1554.571684700394	0.0	0	650.6894689281762	1754.5716847006697	1	0	1	0.46420748309036364
240200.0	1000.0	1554.57168470039	0.0	0	156.98806465536472	1754.5716847006697	1	0	1	0.46420748309036364
241664.9072337175	1000.0	1089.66445098288	0.0	0	0.0	1754.5716847006406	1	0	1	1.1573546636503107
242431.08830467984	500.0	1323.4833800205486	0.0	0	0.0	1754.5716847006406	1	0	1	-0.2289396974695801
243304.9573336944	500.0	1449.6143510059842	0.0	0	0.0	1754.5716847006115	1	0	1	0.4642074830903669
244200.0	500.0	1554.5716847003605	0.0	0	177.11178319729515	1754.5716847005824	1	0	1	0.4642074830903675
245200.0	500.0	1554.571684700347	0.0	0	671.7892204705859	1754.5716847005824	1	0	1	0.4642074830903685
246200.0	500.0	1554.571684700321	0.0	0	598.8725155150169	1754.5716847005533	1	0	1	0.4642074830903701
247200.0	1000.0	1554.5716847003105	0.0	0	325.16569299492403	1754.5716847005533	1	0	1	0.4642074830903702
248200.0	1000.0	1554.571684700315	0.0	0	297.19418645999394	1754.5716847005533	1	0	1	1.1573546636503156
249315.5889482313	1000.0	1438.9827364690195	0.0	0	0.0	1754.5716847005824	1	0	1	1.1573546636503138
250200.0	500.0	1554.5716847003364	0.0	0	316.69425343658077	1754.5716847005824	1	0	1	-0.2289396974695768
251200.0	500.0	1554.5716847003566	0.0	0	300.88149841080303	1754.5716847005824	1	0	1	0.4642074830903685
252200.0	500.0	1554.5716847003578	0.0	0	301.19150478203665	1754.5716847005824	1	0	1	0.4642074830903685
253200.0	500.0	1554.571684700323	0.0	0	279.9352354652947	1754.5716847005824	1	0	1	0.4642074830903685
254200.0	500.0	1554.5716847003023	0.0	0	235.28749958399567	1754.5716847005824	1	0	1	0.4642074830903685
255200.0	500.0	1554.5716847003016	0.0	0	581.1899681540672	1754.5716847005824	1	0	1	0.4642074830903685
256200.0	500.0	1554.5716847003282	0.0	0	487.09732773620635	1754.5716847006115	1	0	1	0.4642074830903669
257200.0	500.0	1554.5716847003193	0.0	0	610.6038195896836	1754.5716847006406	1	0	1	0.46420748309036525
258200.0	500.0	1554.5716847002925	0.0	0	411.6203281614289	1754.5716847006406	1	0	1	0.46420748309036525
259200.0	500.0	1554.5716847002645	0.0	0	254.30076858613756	1754.5716847006406	1	0	1	0.46420748309036525
260200.0	500.0	1554.5716847002823	0.0	0	288.7895465835172	1754.5716847006406	1	0	1	0.46420748309036525
261200.0	500.0	1554.5716847002916	0.0	0	585.3500156906957	1754.5716847006406	1	0	1	0.46420748309036525
262200.0	500.0	1554.5716847002889	0.0	0	531.693329851114	1754.5716847006406	1	0	1	0.46420748309036525
263200.0	500.0	1554.5716847002018	0.0	0	16.475071241438854	1754.5716847005242	1	0	1	0.4642074830903691
264200.0	500.0	1554.5716847001754	0.0	0	98.82353309792234	1754.5716847005533	1	0	1	0.4642074830903704
265200.0	500.0	1554.5716847002245	0.0	0	438.5130756854196	1754.5716847005533	1	0	1	0.4642074830903701
266200.0	500.0	1554.571684700288	0.0	0	546.9038713722257	1754.5716847006115	1	0	1	0.4642074830903669
267200.0	500.0	1554.5716847002714	0.0	0	434.6549937094678	1754.5716847006115	1	0	1	0.4642074830903669
268200.0	500.0	1554.5716847002043	0.0	0	545.4682000303874	1754.5716847005533	1	0	1	0.4642074830903701
269200.0	500.0	1554.5716847001815	0.0	0	640.7007944211946	1754.5716847005533	1	0	1	0.4642074830903701
270200.0	500.0	1554.5716847002172	0.0	0	159.55509393761167	1754.5716847005533	1	0	1	0.4642074830903701
271200.0	500.0	1554.5716847002395	0.0	0	62.68300931062549	1754.5716847005533	1	0	1	0.4642074830903701
272200.0	500.0	1554.571684700227	0.0	0	407.72106371610425	1754.5716847006115	1	0	1	0.4642074830903669
273200.0	500.0	1554.5716847002539	0.0	0	547.1173341841204	1754.5716847006115	1	0	1	0.4642074830903669
274200.0	500.0	1554.5716847002777	0.0	0	525.7240503284265	1754.5716847006115	1	0	1	0.4642074830903669
275200.0	500.0	1554.5716847002955	0.0	0	457.1657949250075	1754.5716847006115	1	0	1	0.4642074830903669
276200.0	500.0	1554.5716847003278	0.0	0	481.9340711897821	1754.5716847006115	1	0	1	0.4642074830903669
277200.0	500.0	1554.5716847003685	0.0	0	159.746060539037	1754.5716847006115	1	0	1	0.4642074830903669
278245.32798333245	500.0	1509.2437013679491	0.0	0	0.0	1754.5716847006697	1	0	1	0.46420748309036364
279374.8899384743	500.0	1379.6817462261301	0.0	0	0.0	1754.5716847006697	1	0	1	0.46420748309036364
280200.0	500.0	1554.5716847004528	0.0	0	62.97640473395586	1754.571684700728	1	0	1	0.46420748309036164
281200.0	500.0	1554.5716847004871	0.0	0	198.5780027632136	1754.571684700728	1	0	1	0.46420748309036036
282200.0	500.0	1554.5716847004617	0.0	0	108.90442194766365	1754.571684700728	1	0	1	0.46420748309036036
283200.0	500.0	1554.5716847004715	0.0	0	78.13146343710832	1754.5716847008443	1	0	1	0.4642074830903552
284200.0	500.0	1554.5716847004774	0.0	0	524.7107310849824	1754.5716847008443	1	0	1	0.4642074830903539
285200.0	500.0	1554.5716847005363	0.0	0	676.0508365472197	1754.5716847008443	1	0	1	0.4642074830903539
286200.0	500.0	1554.5716847005078	0.0	0	338.68150154314935	1754.5716847008443	1	0	1	0.4642074830903539
287200.0	500.0	1554.5716847004724	0.0	0	255.12724973657168	1754.5716847008443	1	0	1	0.4642074830903539
288200.0	500.0	1554.571684700476	0.0	0	197.52011494338512	1754.5716847008443	1	0	1	0.4642074830903539
289200.0	500.0	1554.5716847004587	0.0	0	298.46829263615655	1754.5716847008443	1	0	1	0.4642074830903539
290200.0	500.0	1554.5716847004262	0.0	0	575.1301700329059	1754.5716847008443	1	0	1	0.4642074830903539
291200.0	500.0	1554.5716847004073	0.0	0	441.88419758545933	1754.5716847008443	1	0	1	0.4642074830903539
292200.0	500.0	1554.5716847003482	0.0	0	499.97480770223774	1754.5716847008443	1	0	1	0.4642074830903539
293200.0	500.0	1554.5716847003885	0.0	0	412.98703648737865	1754.5716847009026	1	0	1	0.46420748309035065
294200.0	500.0	1554.571684700366	0.0	0	569.3827219315572	1754.5716847009026	1	0	1	0.46420748309035065
295200.0	500.0	1554.5716847003932	0.0	0	416.0780013507465	1754.5716847009026	1	0	1	0.46420748309035065
296200.0	500.0	1554.5716847003441	0.0	0	539.110339047329	1754.5716847009026	1	0	1	0.46420748309035065
297200.0	500.0	1554.5716847002789	0.0	0	606.6114942898275	1754.5716847009026	1	0	1	0.46420748309035065
298200.0	500.0	1554.5716847002936	0.0	0	567.1780540811596	1754.5716847009608	1	0	1	0.46420748309034743
299200.0	500.0	1554.5716847002766	0.0	0	411.308483636647	1754.5716847009608	1	0	1	0.46420748309034743
300200.0	500.0	1554.5716847002504	0.0	0	325.32444626413053	1754.5716847009608	1	0	1	0.46420748309034743
1.41	1.51	1.02	0.98	1.37	1.03	0.79	0.89	0.96	0.98	1.02	1.24	1.22	1.34	0.97	1.14	1.42	1.29	0.66	1.04	1.0	0.98	0.61	0.61	0.78	0.66	0.82	0.97	1.16	1.3	1.05	0.93	0.57	0.61	0.45	0.8	0.81	0.69	0.58	0.53	0.57	0.92	1.08	1.14	1.19	1.26	1.74	1.12	1.19	1.26	1.22	1.04	1.01	1.04	1.12	0.87	1.24	1.2	1.07	1.3	1.1	0.93	1.03	1.52	1.42	0.97	0.83	0.8	0.97	1.19	1.01	1.24	1.12	0.95	1.02	0.71	1.14	1.12	0.87	0.93	0.82	0.76	1.2	1.27	1.83	1.19	0.72	0.85	0.73	0.83	1.32	1.38	1.46	1.54	0.92	1.0	0.8	0.82	0.75	0.82	1.08	1.0	1.18	0.76	0.76	0.86	1.29	1.22	0.52	0.64	1.15	0.85	1.23	1.54	1.24	0.83	0.61	0.83	1.34	1.14	0.93	1.18	0.67	0.52	0.64	0.42	0.64	0.5	0.52	1.02	1.54	1.08	0.86	0.87	0.59	1.11	1.04	1.14	0.97	0.9	1.11	0.87	1.03	1.55	1.0	0.89	0.92	0.72	0.73	1.16	1.41	1.51	1.02	0.98	1.37	1.03	0.79	0.89	0.96	0.98	1.02	1.24	1.22	1.34	0.97	1.14	1.42	1.29	0.66	1.04	1.0	0.98	0.61	0.61	0.78	0.66	0.82	0.97	1.16	1.3	1.05	0.93	0.57	0.61	0.45	0.8	0.81	0.69	0.58	0.53	0.57	0.92	1.08	1.14	1.19	1.26	1.74	1.12	1.19	1.26	1.22	1.04	1.01	1.04	1.12	0.87	1.24	1.2	1.07	1.3	1.1	0.93	1.03	1.52	1.42	0.97	0.83	0.8	0.97	1.19	1.01	1.24	1.12	0.95	1.02	0.71	1.14	1.12	0.87	0.93	0.82	0.76	1.2	1.27	1.83	1.19	0.72	0.85	0.73	0.83	1.32	1.38	1.46	1.54	0.92	1.0	0.8	0.82	0.75	0.82	1.08	1.0	1.18	0.76	0.76	0.86	1.29	1.22	0.52	0.64	1.15	0.85	1.23	1.54	1.24	0.83	0.61	0.83	1.34	1.14	0.93	1.18	0.67	0.52	0.64	0.42	0.64	0.5	0.52	1.02	1.54	1.08	0.86	0.87	0.59	1.11	1.04	1.14	0.97	0.9	1.11	0.87	1.03	1.55	1.0	0.89	0.92	0.72
1.0	2.0	3.0	4.0	5.0	6.0	7.0	8.0	9.0	10.0	11.0	12.0	13.0	14.0	15.0	16.0	17.0	18.0	19.0	20.0	21.0	22.0	23.0	24.0	25.0	26.0	27.0	28.0	29.0	30.0	31.0	32.0	33.0	34.0	35.0	36.0	37.0	38.0	39.0	40.0	41.0	42.0	43.0	44.0	45.0	46.0	47.0	48.0	49.0	50.0	51.0	52.0	53.0	54.0	55.0	56.0	57.0	58.0	59.0	60.0	61.0	62.0	63.0	64.0	65.0	66.0	67.0	68.0	69.0	70.0	71.0	72.0	73.0	74.0	75.0	76.0	77.0	78.0	79.0	80.0	81.0	82.0	83.0	84.0	85.0	86.0	87.0	88.0	89.0	90.0	91.0	92.0	93.0	94.0	95.0	96.0	97.0	98.0	99.0	100.0	101.0	102.0	103.0	104.0	105.0	106.0	107.0	108.0	109.0	110.0	111.0	112.0	113.0	114.0	115.0	116.0	117.0	118.0	119.0	120.0	121.0	122.0	123.0	124.0	125.0	126.0	127.0	128.0	129.0	130.0	131.0	132.0	133.0	134.0	135.0	136.0	137.0	138.0	139.0	140.0	141.0	142.0	143.0	144.0	145.0	146.0	147.0	148.0	149.0	149.0	150.0	151.0	152.0	153.0	154.0	155.0	156.0	157.0	158.0	159.0	160.0	161.0	162.0	163.0	164.0	165.0	166.0	167.0	168.0	169.0	170.0	171.0	172.0	173.0	174.0	175.0	176.0	177.0	178.0	179.0	180.0	181.0	182.0	183.0	184.0	185.0	186.0	187.0	188.0	189.0	190.0	191.0	192.0	193.0	194.0	195.0	196.0	197.0	198.0	199.0	200.0	201.0	202.0	203.0	204.0	205.0	206.0	207.0	208.0	209.0	210.0	211.0	212.0	213.0	214.0	215.0	216.0	217.0	218.0	219.0	220.0	221.0	222.0	223.0	224.0	225.0	226.0	227.0	228.0	229.0	230.0	231.0	232.0	233.0	234.0	235.0	236.0	237.0	238.0	239.0	240.0	241.0	242.0	243.0	244.0	245.0	246.0	247.0	248.0	249.0	250.0	251.0	252.0	253.0	254.0	255.0	256.0	257.0	258.0	259.0	260.0	261.0	262.0	263.0	264.0	265.0	266.0	267.0	268.0	269.0	270.0	271.0	272.0	273.0	274.0	275.0	276.0	277.0	278.0	279.0	280.0	281.0	282.0	283.0	284.0	285.0	286.0	287.0	288.0	289.0	290.0	291.0	292.0	293.0	294.0	295.0	296.0	297.0
4934.023423440568
