3306.513663589428	300.0	2000.0	214.2946157875372	0	0.0	3306.513663589428	1	0	1	-1.5179946811343634
3497.1990624740583	300.0	2809.3146011153694	0.0	0	0.0	3306.5136635894282	1	0	1	-0.24354474068576837
4200.0	300.0	3036.233569836832	0.0	0	471.8637506153773	3236.2335698368333	1	0	2	-0.6353218008809554
5200.0	300.0	2936.233569836832	0.0	0	764.4539472033875	3136.2335698368342	1	0	2	-0.41439793053059837
6200.0	500.0	2936.233569836833	0.0	0	252.24557359039682	3136.233569836835	1	0	1	-0.40600574705739295
7200.0	500.0	2936.233569836834	0.0	0	298.0645331726728	3136.233569836836	1	0	1	0.3048198767085978
8200.0	500.0	2936.233569836834	0.0	0	465.67761381256423	3136.233569836835	1	0	1	0.30481987670859784
9200.0	500.0	2936.233569836834	0.0	0	380.1627561514979	3136.233569836835	1	0	1	0.30481987670859784
10200.0	500.0	2936.2335698368333	0.0	0	608.7687855217791	3136.233569836835	1	0	1	0.3048198767085979
11200.0	500.0	2936.2335698368315	0.0	0	689.654882603716	3136.2335698368324	1	0	1	0.3048198767085984
12200.0	1000.0	2936.2335698368315	0.0	0	639.1604836833158	3136.2335698368333	1	0	1	0.3048198767085983
13200.0	1000.0	2836.2335698368324	0.0	0	625.824629310564	3036.233569836837	1	0	2	0.6098292403473562
14200.0	1000.0	2836.233569836831	0.0	0	460.3060592693073	3036.233569836837	1	0	1	0.8175037371255065
15200.0	1000.0	2836.2335698368306	0.0	0	449.17623510157136	3036.233569836835	1	0	1	1.017503737125507
16200.0	1000.0	2736.2335698368274	0.0	0	54.79106261761808	2936.2335698368333	1	0	2	0.6301697226809404
17200.0	1000.0	2736.2335698368247	0.0	0	12.107336067798315	2936.2335698368315	1	0	1	0.8353559189245783
18200.0	1000.0	2736.2335698368224	0.0	0	158.1748380099816	2936.233569836826	1	0	1	1.0353559189245793
19200.0	1000.0	2736.2335698368197	0.0	0	556.6829643134952	2936.2335698368224	1	0	1	1.0353559189245802
20200.0	1000.0	2736.233569836819	0.0	0	420.5843816314118	2936.2335698368224	1	0	1	1.0353559189245805
21200.0	1000.0	2736.233569836818	0.0	0	439.19486546675034	2936.2335698368224	1	0	1	1.0353559189245805
22200.0	1000.0	2736.233569836821	0.0	0	365.3998016107398	2936.2335698368224	1	0	1	1.0353559189245805
23233.451813838867	1000.0	2702.781755997958	0.0	0	0.0	2936.2335698368224	1	0	1	1.0353559189245805
24200.0	1000.0	2736.2335698368247	0.0	0	340.94471986027565	2936.233569836819	1	0	1	1.0353559189245811
25200.0	1000.0	2736.2335698368274	0.0	0	379.5710009644499	2936.233569836819	1	0	1	1.0353559189245811
26200.0	1000.0	2736.2335698368233	0.0	0	238.55790088700815	2936.233569836819	1	0	1	1.0353559189245811
27200.0	1000.0	2736.233569836821	0.0	0	460.0439807310395	2936.233569836819	1	0	1	1.0353559189245811
28200.0	1000.0	2736.233569836825	0.0	0	312.91220836951106	2936.233569836819	1	0	1	1.0353559189245811
29200.0	1000.0	2736.233569836822	0.0	0	617.7890908132613	2936.233569836819	1	0	1	1.0353559189245811
30200.0	1000.0	2736.233569836823	0.0	0	616.806022617573	2936.233569836819	1	0	1	1.0353559189245811
31200.0	1000.0	2636.233569836819	0.0	0	355.31042051037	2836.233569836819	1	0	2	0.6456219749042977
32236.366025875093	1000.0	2599.8675439617227	0.0	0	0.0	2836.233569836819	1	0	1	0.8516542716964806
33507.55318314924	1000.0	2328.6803866875825	0.0	0	0.0	2836.2335698368297	1	0	1	1.0516542716964794
34547.403639165226	1000.0	2288.8299306715944	0.0	0	0.0	2836.2335698368297	1	0	1	1.0516542716964787
35354.244323187304	1000.0	2481.989246649514	0.0	0	0.0	2836.2335698368297	1	0	1	1.0516542716964785
36200.0	1000.0	2636.2335698368215	0.0	0	171.1779838686416	2836.2335698368333	1	0	1	1.0516542716964785
37200.0	1000.0	2636.233569836821	0.0	0	631.2649093194705	2836.2335698368333	1	0	1	1.0516542716964785
38200.0	1000.0	2536.2335698368215	0.0	0	366.732820944002	2736.2335698368406	1	0	2	0.6608918571860316
39200.0	1000.0	2536.233569836825	0.0	0	406.8376454238605	2736.233569836848	1	0	1	0.8665219024566964
40200.0	1000.0	2536.23356983682	0.0	0	205.16242135031644	2736.233569836848	1	0	1	1.0665219024566965
41200.0	1000.0	2436.233569836822	0.0	0	348.5298379578235	2636.233569836848	1	0	2	0.6750957497716494
42200.0	1000.0	2336.233569836822	0.0	0	429.5462529112556	2536.233569836855	1	0	2	0.8877387561245942
43221.48102745273	1000.0	2314.752542384094	0.0	0	0.0	2536.233569836855	1	0	1	0.8924194715794018
44200.0	1000.0	2336.233569836835	0.0	0	206.7804003995916	2536.233569836855	1	0	1	1.092419471579402
45244.11474435153	1000.0	2292.1188254853073	0.0	0	0.0	2536.233569836855	1	0	1	1.092419471579402
46200.0	1000.0	2336.233569836833	0.0	0	103.8053659939178	2536.233569836855	1	0	1	1.092419471579402
47200.0	1000.0	2336.233569836827	0.0	0	77.55404593774438	2536.233569836855	1	0	1	1.092419471579402
48200.0	1000.0	2336.2335698368383	0.0	0	47.431688582742936	2536.233569836855	1	0	1	1.092419471579402
49200.0	1000.0	2336.2335698368383	0.0	0	446.97691091703746	2536.233569836855	1	0	1	1.092419471579402
50200.0	1000.0	2336.23356983684	0.0	0	292.3472714662712	2536.2335698368624	1	0	1	1.0924194715794011
51200.0	1000.0	2336.2335698368415	0.0	0	500.26730899153335	2536.2335698368624	1	0	1	1.0924194715794011
52200.0	1000.0	2336.2335698368465	0.0	0	117.71025161172292	2536.2335698368697	1	0	1	1.0924194715794002
53200.0	1000.0	2336.2335698368515	0.0	0	36.01945039926068	2536.233569836877	1	0	1	1.0924194715793996
54200.0	1000.0	2336.2335698368483	0.0	0	4.328305514623935	2536.2335698368697	1	0	1	1.0924194715794002
55200.0	1000.0	2336.233569836851	0.0	0	78.48540821051574	2536.233569836877	1	0	1	1.0924194715793996
56200.0	1000.0	2336.2335698368606	0.0	0	226.38865707901277	2536.2335698368843	1	0	1	1.0924194715793987
57200.0	1000.0	2336.233569836863	0.0	0	544.1395112856553	2536.2335698368843	1	0	1	1.0924194715793987
58200.0	1000.0	2336.2335698368615	0.0	0	625.8349244151541	2536.2335698368843	1	0	1	1.0924194715793987
59200.0	1000.0	2336.2335698368634	0.0	0	363.35890332391136	2536.2335698368843	1	0	1	1.0924194715793987
60487.03993400935	1000.0	2049.193635827505	0.0	0	0.0	2536.233569836877	1	0	1	1.0924194715793996
61512.80541813906	1000.0	2023.4281516977926	0.0	0	0.0	2536.233569836877	1	0	1	1.0924194715793996
62272.387333231374	1000.0	2263.846236605481	0.0	0	0.0	2536.233569836877	1	0	1	1.0924194715793996
63200.0	1000.0	2336.233569836854	0.0	0	166.36763707958016	2536.233569836877	1	0	1	1.0924194715793996
64200.0	1000.0	2336.2335698368515	0.0	0	483.7835612856725	2536.233569836877	1	0	1	1.0924194715793996
65200.0	1000.0	2336.233569836846	0.0	0	357.89947872042103	2536.233569836877	1	0	1	1.0924194715793996
66200.0	1000.0	2336.2335698368292	0.0	0	355.0294881842419	2536.233569836855	1	0	1	1.0924194715794013
67200.0	1000.0	2336.2335698368406	0.0	0	526.9458447833022	2536.2335698368624	1	0	1	1.092419471579402
68200.0	1000.0	2336.2335698368415	0.0	0	393.49283315725916	2536.233569836855	1	0	1	1.0924194715794018
69200.0	1000.0	2336.233569836846	0.0	0	352.4836287752987	2536.233569836855	1	0	1	1.092419471579402
70200.0	1000.0	2336.2335698368456	0.0	0	457.1748591036885	2536.2335698368697	1	0	1	1.0924194715794002
71425.55178569607	1000.0	2110.6817841407637	0.0	0	0.0	2536.2335698368697	1	0	1	1.0924194715794002
72200.0	1000.0	2336.2335698368383	0.0	0	80.62046386676957	2536.2335698368697	1	0	1	1.0924194715794002
73200.0	1000.0	2336.2335698368433	0.0	0	183.56907868714188	2536.233569836855	1	0	1	1.092419471579402
74200.0	1000.0	2336.233569836836	0.0	0	288.83492797837243	2536.233569836855	1	0	1	1.092419471579402
75200.0	1000.0	2336.2335698368374	0.0	0	290.2874523312785	2536.2335698368406	1	0	1	1.0924194715794038
76200.0	1000.0	2336.233569836845	0.0	0	296.3168914443813	2536.2335698368406	1	0	1	1.0924194715794038
77200.0	1000.0	2336.233569836855	0.0	0	40.93308004604478	2536.2335698368406	1	0	1	1.0924194715794038
78314.40126913118	1000.0	2221.83230070567	0.0	0	0.0	2536.2335698368406	1	0	1	1.0924194715794038
79508.64219858492	1000.0	2027.5913712519398	0.0	0	0.0	2536.2335698368406	1	0	1	1.0924194715794038
80200.0	1000.0	2336.233569836849	0.0	0	8.644645370237413	2536.233569836855	1	0	1	1.092419471579402
81200.0	1000.0	2336.233569836865	0.0	0	229.39590906357625	2536.233569836855	1	0	1	1.092419471579402
82200.0	1000.0	2336.2335698368693	0.0	0	400.9727745244454	2536.233569836855	1	0	1	1.092419471579402
83200.0	1000.0	2336.2335698368674	0.0	0	4.908392388417269	2536.233569836855	1	0	1	1.092419471579402
84516.02887747214	1000.0	2020.2046923647194	0.0	0	0.0	2536.233569836855	1	0	1	1.092419471579402
85624.4302916661	1000.0	1911.8032781707614	0.0	0	0.0	2536.233569836855	1	0	1	1.092419471579402
86395.82471417479	1000.0	2140.4088556620723	0.0	0	0.0	2536.233569836855	1	0	1	1.092419471579402
87200.0	1000.0	2336.233569836836	0.0	0	115.81877731948043	2536.2335698368406	1	0	1	1.0924194715794038
88200.0	1000.0	2336.2335698368224	0.0	0	380.34927040817274	2536.2335698368406	1	0	1	1.0924194715794038
89200.0	1000.0	2336.2335698368242	0.0	0	312.3370105231879	2536.233569836826	1	0	1	1.0924194715794056
90200.0	1000.0	2336.2335698368324	0.0	0	432.98205058212625	2536.2335698368406	1	0	1	1.0924194715794038
91200.0	1000.0	2336.2335698368365	0.0	0	247.2674368298176	2536.233569836826	1	0	1	1.0924194715794056
92200.0	1000.0	2336.233569836849	0.0	0	319.0344262080325	2536.233569836826	1	0	1	1.0924194715794056
93258.778446291	1000.0	2277.4551235458457	0.0	0	0.0	2536.2335698368406	1	0	1	1.0924194715794038
94200.0	1000.0	2336.233569836845	0.0	0	282.93259686142846	2536.2335698368406	1	0	1	1.0924194715794038
95200.0	1000.0	2336.2335698368424	0.0	0	488.7248165219644	2536.2335698368406	1	0	1	1.0924194715794038
96200.0	1000.0	2336.2335698368643	0.0	0	702.1624834207032	2536.2335698368406	1	0	1	1.0924194715794038
97200.0	1000.0	2336.233569836858	0.0	0	683.0445456338348	2536.233569836855	1	0	1	1.092419471579402
98200.0	1000.0	2336.233569836851	0.0	0	415.803736942893	2536.233569836855	1	0	1	1.092419471579402
99200.0	1000.0	2336.233569836835	0.0	0	163.79521777729678	2536.233569836855	1	0	1	1.092419471579402
100200.0	1000.0	2336.233569836832	0.0	0	218.7419435488555	2536.233569836855	1	0	1	1.092419471579402
101339.2575233851	1000.0	2196.9760464517303	0.0	0	0.0	2536.2335698368406	1	0	1	1.0924194715794038
102200.0	1000.0	2336.2335698368374	0.0	0	69.99738695695123	2536.233569836826	1	0	1	1.0924194715794056
103200.0	1000.0	2336.23356983684	0.0	0	90.52939026207605	2536.2335698368406	1	0	1	1.0924194715794038
104200.0	1000.0	2336.233569836838	0.0	0	355.1112360991101	2536.2335698368406	1	0	1	1.0924194715794038
105200.0	1000.0	2336.233569836833	0.0	0	644.2676070386951	2536.233569836855	1	0	1	1.092419471579402
106200.0	1000.0	2336.233569836832	0.0	0	286.67240993201267	2536.233569836855	1	0	1	1.092419471579402
107200.0	1000.0	2336.23356983684	0.0	0	207.3918050309876	2536.233569836855	1	0	1	1.092419471579402
108200.0	1000.0	2336.2335698368342	0.0	0	449.66553364867286	2536.233569836855	1	0	1	1.092419471579402
109357.10144791815	1000.0	2179.1321219186857	0.0	0	0.0	2536.2335698368406	1	0	1	1.0924194715794038
110361.5344888035	1000.0	2174.6990810333336	0.0	0	0.0	2536.233569836826	1	0	1	1.0924194715794056
111357.45154671177	1000.0	2178.782023125059	0.0	0	0.0	2536.233569836826	1	0	1	1.0924194715794056
112200.0	1000.0	2336.2335698368342	0.0	0	190.67272418264474	2536.233569836826	1	0	1	1.0924194715794056
113200.0	1000.0	2336.2335698368483	0.0	0	582.4339470168197	2536.233569836826	1	0	1	1.0924194715794056
114200.0	1000.0	2336.233569836855	0.0	0	324.49882682444877	2536.2335698368406	1	0	1	1.0924194715794038
115200.0	1000.0	2336.2335698368533	0.0	0	23.307455236208625	2536.2335698368406	1	0	1	1.0924194715794038
116200.0	1000.0	2336.2335698368443	0.0	0	248.67813608437427	2536.233569836826	1	0	1	1.0924194715794056
117200.0	1000.0	2336.2335698368543	0.0	0	427.8710432952357	2536.2335698368406	1	0	1	1.0924194715794038
118200.0	1000.0	2336.2335698368734	0.0	0	501.9069674783532	2536.233569836855	1	0	1	1.092419471579402
119200.0	1000.0	2336.233569836878	0.0	0	196.55612734275928	2536.233569836855	1	0	1	1.092419471579402
120200.0	1000.0	2336.2335698368906	0.0	0	407.8873220667301	2536.233569836855	1	0	1	1.092419471579402
121200.0	1000.0	2336.233569836896	0.0	0	407.19158373065875	2536.233569836855	1	0	1	1.092419471579402
122200.0	1000.0	2336.2335698368975	0.0	0	280.93670457102417	2536.233569836855	1	0	1	1.092419471579402
123200.0	1000.0	2336.233569836892	0.0	0	431.4529317317647	2536.233569836855	1	0	1	1.092419471579402
124200.0	1000.0	2336.2335698368865	0.0	0	76.172694922745	2536.233569836855	1	0	1	1.092419471579402
125200.0	1000.0	2336.2335698368847	0.0	0	260.7545412581676	2536.233569836855	1	0	1	1.092419471579402
126200.0	1000.0	2336.2335698368893	0.0	0	233.99128669746278	2536.233569836855	1	0	1	1.092419471579402
127200.0	1000.0	2336.233569836916	0.0	0	284.73382523031614	2536.2335698368697	1	0	1	1.0924194715794002
128200.0	1000.0	2336.2335698369225	0.0	0	234.56158849225903	2536.2335698368697	1	0	1	1.0924194715794002
129236.66270463882	1000.0	2195.9045947342092	0.0	0	0.0	2432.5672993729677	1	0	2	0.7012472785867772
130280.14748644753	1000.0	2152.4198129254746	0.0	0	0.0	2432.5672993729677	1	0	1	0.9040502021522177
131200.0	1000.0	2232.5672993729886	0.0	0	24.225763896247372	2432.567299372953	1	0	1	1.104050202152218
132200.0	1000.0	2232.5672993730077	0.0	0	504.21905860566767	2432.5672993729822	1	0	1	1.1040502021522172
133200.0	1000.0	2232.567299372957	0.0	0	377.5919289040903	2432.567299372924	1	0	1	1.1040502021522203
134200.0	1000.0	2232.5672993729318	0.0	0	95.57110970563372	2432.567299372924	1	0	1	1.1040502021522225
135200.0	1000.0	2232.5672993729213	0.0	0	132.1332107334165	2432.567299372924	1	0	1	1.1040502021522225
136200.0	1000.0	2232.567299372904	0.0	0	252.41215316174203	2432.567299372924	1	0	1	1.1040502021522225
137200.0	1000.0	2232.567299372881	0.0	0	367.18254449169035	2432.567299372924	1	0	1	1.1040502021522225
138312.73535096328	1000.0	2119.8319484096082	0.0	0	0.0	2432.567299372953	1	0	1	1.1040502021522194
139200.0	1000.0	2232.567299372896	0.0	0	94.57771169234184	2432.5672993729822	1	0	1	1.1040502021522163
140200.0	1000.0	2232.56729937287	0.0	0	115.05699680891121	2432.567299372953	1	0	1	1.1040502021522194
141396.68857557126	1000.0	2035.8787238015873	0.0	0	0.0	2432.567299372924	1	0	1	1.1040502021522225
142530.61017461357	1000.0	1901.9571247592448	0.0	0	0.0	2432.567299372924	1	0	1	1.1040502021522225
143200.0	1000.0	2232.5672993727844	0.0	0	43.1318983536039	2432.567299372924	1	0	1	1.1040502021522225
144200.0	1000.0	2232.5672993727885	0.0	0	160.92115176466177	2432.567299372895	1	0	1	1.1040502021522256
145200.0	1000.0	2232.5672993727894	0.0	0	169.98298860667273	2432.567299372895	1	0	1	1.1040502021522256
146200.0	1000.0	2232.5672993727894	0.0	0	179.0274281873135	2432.567299372895	1	0	1	1.1040502021522256
147200.0	1000.0	2232.567299372795	0.0	0	186.23389133327873	2432.567299372895	1	0	1	1.1040502021522256
148200.0	1000.0	2232.5672993727926	0.0	0	426.42280086516985	2432.567299372895	1	0	1	1.1040502021522256
149200.0	1000.0	2232.567299372794	0.0	0	171.5054425629496	2432.567299372895	1	0	1	1.1040502021522256
150200.0	1000.0	2232.567299372814	0.0	0	518.8678123315331	2432.567299372895	1	0	1	1.1040502021522256
151200.0	1000.0	2232.5672993728294	0.0	0	633.6433819123486	2432.567299372895	1	0	1	1.1040502021522256
152200.0	1000.0	2232.5672993727867	0.0	0	425.7262968538271	2432.567299372895	1	0	1	1.1040502021522256
153200.0	1000.0	2232.5672993727812	0.0	0	496.8713261395751	2432.567299372895	1	0	1	1.1040502021522256
154266.55926298743	1000.0	2166.008036385358	0.0	0	0.0	2432.567299372895	1	0	1	1.1040502021522256
155799.0085369465	1000.0	1633.558762426303	0.0	0	0.0	2432.567299372895	1	0	1	1.1040502021522256
157147.1953369353	1000.0	1285.371962437493	0.0	0	0.0	2432.567299372924	1	0	1	1.1040502021522225
158018.85090158504	1000.0	1413.7163977877858	0.0	0	0.0	2432.567299372953	1	0	1	1.1040502021522194
158791.40240082622	1000.0	1641.1648985466106	0.0	0	0.0	2432.567299372953	1	0	1	1.1040502021522194
159548.84981478535	1000.0	1883.7174845875018	0.0	0	0.0	2432.567299372924	1	0	1	1.1040502021522225
160200.0	1000.0	2232.567299372872	0.0	0	15.012906067393487	2432.567299372953	1	0	1	1.10405020215222
161200.0	1000.0	2232.5672993728444	0.0	0	680.9575284905732	2432.567299372953	1	0	1	1.1040502021522194
162200.0	1000.0	2232.567299372836	0.0	0	466.44383454017225	2432.567299372953	1	0	1	1.1040502021522194
163200.0	1000.0	2232.5672993727917	0.0	0	357.60784199021873	2432.567299372953	1	0	1	1.1040502021522194
164200.0	1000.0	2232.567299372775	0.0	0	406.6680829054094	2432.567299372924	1	0	1	1.1040502021522225
165200.0	1000.0	2232.5672993727694	0.0	0	16.569091038079932	2432.567299372924	1	0	1	1.1040502021522225
166200.0	1000.0	2232.567299372774	0.0	0	39.95378310515662	2432.567299372924	1	0	1	1.1040502021522225
167200.0	1000.0	2232.567299372783	0.0	0	467.02087657741504	2432.567299372953	1	0	1	1.1040502021522194
168200.0	1000.0	2232.567299372809	0.0	0	476.801380163728	2432.567299372953	1	0	1	1.1040502021522194
169200.0	1000.0	2232.5672993728226	0.0	0	331.8572453628294	2432.567299372953	1	0	1	1.1040502021522194
170200.0	1000.0	2232.5672993728112	0.0	0	162.52303535697865	2432.567299372953	1	0	1	1.1040502021522194
171200.0	1000.0	2232.5672993728012	0.0	0	341.9102215091407	2432.5672993729822	1	0	1	1.1040502021522163
172200.0	1000.0	2232.567299372816	0.0	0	311.87313596115564	2432.5672993729822	1	0	1	1.1040502021522163
173200.0	1000.0	2232.567299372813	0.0	0	333.09980653459206	2432.567299372953	1	0	1	1.1040502021522194
174200.0	1000.0	2232.5672993728085	0.0	0	266.1357870059728	2432.567299372953	1	0	1	1.1040502021522194
175200.0	1000.0	2232.567299372825	0.0	0	259.8805665280379	2432.567299372953	1	0	1	1.1040502021522194
176200.0	1000.0	2232.5672993728126	0.0	0	496.29782867227914	2432.567299372953	1	0	1	1.1040502021522194
177200.0	1000.0	2232.5672993728112	0.0	0	316.30787894438254	2432.567299372924	1	0	1	1.1040502021522225
178200.0	1000.0	2232.567299372824	0.0	0	398.3387383260706	2432.567299372924	1	0	1	1.1040502021522225
179200.0	1000.0	2232.5672993727894	0.0	0	570.254568968172	2432.567299372895	1	0	1	1.1040502021522256
180200.0	1000.0	2232.5672993728026	0.0	0	452.4552528523782	2432.567299372895	1	0	1	1.1040502021522256
181200.0	1000.0	2232.567299372818	0.0	0	267.9042052978184	2432.567299372924	1	0	1	1.1040502021522225
182375.630211926	1000.0	2056.937087446777	0.0	0	0.0	2432.567299372895	1	0	1	1.1040502021522245
183254.99251331767	1000.0	2177.574786055129	0.0	0	0.0	2432.567299372895	1	0	1	1.1040502021522256
184212.85438940124	1000.0	2219.712909971543	0.0	0	0.0	2432.567299372866	1	0	1	1.1040502021522274
185200.0	1000.0	2232.5672993727944	0.0	0	493.21775424774387	2432.567299372866	1	0	1	1.1040502021522287
186200.0	1000.0	2232.567299372798	0.0	0	528.2761202184774	2432.5672993728367	1	0	1	1.1040502021522318
187200.0	1000.0	2232.567299372775	0.0	0	575.5921660613094	2432.5672993728367	1	0	1	1.1040502021522318
188200.0	1000.0	2232.567299372776	0.0	0	385.0052724262059	2432.5672993728367	1	0	1	1.1040502021522318
189200.0	1000.0	2232.567299372763	0.0	0	497.36318706089514	2432.5672993728367	1	0	1	1.1040502021522318
190200.0	1000.0	2232.5672993727617	0.0	0	403.4728983138921	2432.5672993728367	1	0	1	1.1040502021522318
191200.0	1000.0	2232.5672993727608	0.0	0	588.2781105959148	2432.567299372866	1	0	1	1.1040502021522287
192200.0	1000.0	2232.567299372778	0.0	0	27.558255360403564	2432.567299372866	1	0	1	1.1040502021522287
193200.0	1000.0	2232.567299372794	0.0	0	297.3264972891193	2432.567299372866	1	0	1	1.1040502021522287
194200.0	1000.0	2232.5672993728135	0.0	0	10.800721221341519	2432.567299372895	1	0	1	1.1040502021522256
195331.6306674662	1000.0	2100.936631906653	0.0	0	0.0	2432.567299372895	1	0	1	1.1040502021522256
196314.52623033483	1000.0	2118.0410690380227	0.0	0	0.0	2432.567299372895	1	0	1	1.1040502021522256
197219.38825908882	1000.0	2213.17904028401	0.0	0	0.0	2432.567299372866	1	0	1	1.1040502021522287
198200.0	1000.0	2232.5672993728026	0.0	0	219.0160520906793	2432.567299372866	1	0	1	1.1040502021522287
199200.0	1000.0	2232.567299372821	0.0	0	284.67851174864336	2432.567299372866	1	0	1	1.1040502021522287
200200.0	1000.0	2232.5672993728695	0.0	0	536.7940064132272	2432.567299372866	1	0	1	1.1040502021522287
201230.73356348125	1000.0	2201.8337358916224	0.0	0	0.0	2432.567299372866	1	0	1	1.1040502021522287
202222.49572532566	1000.0	2210.0715740472224	0.0	0	0.0	2432.567299372924	1	0	1	1.1040502021522243
203493.87695355635	1000.0	1938.6903458165636	0.0	0	0.0	2432.567299372953	1	0	1	1.1040502021522194
204298.48253537895	1000.0	2134.0847639939548	0.0	0	0.0	2432.567299372953	1	0	1	1.1040502021522194
205200.0	1000.0	2232.5672993729145	0.0	0	298.92167300512665	2432.567299372953	1	0	1	1.1040502021522194
206200.0	1000.0	2232.5672993729177	0.0	0	582.7612010945741	2432.5672993729822	1	0	1	1.1040502021522163
207200.0	1000.0	2232.5672993729213	0.0	0	599.2230110298551	2432.5672993730113	1	0	1	1.1040502021522132
208200.0	1000.0	2232.5672993729304	0.0	0	414.01280963997124	2432.5672993729822	1	0	1	1.1040502021522163
209592.96367488758	1000.0	1839.6036244853192	0.0	0	0.0	2432.5672993729822	1	0	1	1.1040502021522163
210363.3963968371	1000.0	2069.1709025357723	0.0	0	0.0	2432.5672993729822	1	0	1	1.1040502021522163
211259.685751938	1000.0	2172.8815474348908	0.0	0	0.0	2432.5672993729822	1	0	1	1.1040502021522163
212256.36397255416	1000.0	2176.2033268187392	0.0	0	0.0	2432.5672993729822	1	0	1	1.1040502021522163
213200.0	1000.0	2232.5672993729104	0.0	0	377.39086052938364	2432.5672993729822	1	0	1	1.1040502021522163
214200.0	1000.0	2232.5672993729127	0.0	0	85.7014318802685	2432.5672993729822	1	0	1	1.1040502021522145
215200.0	1000.0	2232.5672993729386	0.0	0	439.3213215551805	2432.5672993729822	1	0	1	1.1040502021522163
216200.0	1000.0	2232.567299372911	0.0	0	510.4896196881309	2432.5672993729822	1	0	1	1.1040502021522163
217200.0	1000.0	2232.5672993728826	0.0	0	391.00727816243307	2432.5672993729822	1	0	1	1.1040502021522163
218200.0	1000.0	2232.5672993728895	0.0	0	312.098363172001	2432.5672993729822	1	0	1	1.1040502021522163
219200.0	1000.0	2232.567299372891	0.0	0	375.9645925538789	2432.5672993729822	1	0	1	1.1040502021522163
220244.14913182764	1000.0	2188.418167545257	0.0	0	0.0	2432.5672993730113	1	0	1	1.1040502021522145
221200.0	1000.0	2232.5672993728967	0.0	0	88.37555742496625	2432.5672993730113	1	0	1	1.1040502021522132
222200.0	1000.0	2232.5672993728904	0.0	0	315.71250985588995	2432.5672993730113	1	0	1	1.1040502021522132
223200.0	1000.0	2232.567299372883	0.0	0	184.90136865514796	2432.5672993730404	1	0	1	1.10405020215221
224200.0	1000.0	2232.5672993728735	0.0	0	82.57889065865311	2432.5672993730404	1	0	1	1.10405020215221
225200.0	1000.0	2232.56729937289	0.0	0	302.3864318023261	2432.5672993730404	1	0	1	1.10405020215221
226413.6165614096	1000.0	2018.9507379632662	0.0	0	0.0	2432.5672993730113	1	0	1	1.1040502021522118
227425.14583963226	1000.0	2007.421459740631	0.0	0	0.0	2432.5672993729822	1	0	1	1.1040502021522163
228380.15191159223	1000.0	2052.4153877806457	0.0	0	0.0	2432.567299372953	1	0	1	1.1040502021522194
229200.0	1000.0	2232.567299372876	0.0	0	18.363769501069328	2432.5672993729822	1	0	1	1.1040502021522176
230200.0	1000.0	2232.5672993728463	0.0	0	396.58305419943645	2432.567299372953	1	0	1	1.1040502021522194
231200.0	1000.0	2232.5672993728567	0.0	0	452.449069939059	2432.567299372953	1	0	1	1.1040502021522194
232499.19308139978	1000.0	1933.3742179730766	0.0	0	0.0	2432.567299372924	1	0	1	1.1040502021522218
233726.3806449376	1000.0	1706.1866544352454	0.0	0	0.0	2432.567299372953	1	0	1	1.1040502021522194
234536.69422894603	1000.0	1895.8730704268216	0.0	0	0.0	2432.567299372953	1	0	1	1.1040502021522194
235299.68924225896	1000.0	2132.8780571138823	0.0	0	0.0	2432.567299372953	1	0	1	1.1040502021522194
236200.0	1000.0	2232.567299372856	0.0	0	460.1253713190672	2432.567299372953	1	0	1	1.1040502021522194
237200.0	1000.0	2232.567299372865	0.0	0	289.34365296413307	2432.567299372924	1	0	1	1.1040502021522225
238200.0	1000.0	2232.56729937288	0.0	0	184.46264330175472	2432.567299372953	1	0	1	1.1040502021522194
239200.0	1000.0	2232.5672993728613	0.0	0	391.2537803304149	2432.567299372953	1	0	1	1.1040502021522194
240200.0	1000.0	2232.5672993728745	0.0	0	283.80251950077945	2432.567299372953	1	0	1	1.1040502021522194
241200.0	1000.0	2232.5672993728817	0.0	0	358.5643288134597	2432.567299372953	1	0	1	1.1040502021522194
242235.5275025344	1000.0	2197.0397968384814	0.0	0	0.0	2432.567299372953	1	0	1	1.1040502021522194
243200.0	1000.0	2232.567299372882	0.0	0	211.78593452103087	2432.567299372953	1	0	1	1.1040502021522194
244200.0	1000.0	2232.5672993728726	0.0	0	463.8432857459993	2432.5672993729822	1	0	1	1.1040502021522163
245200.0	1000.0	2232.567299372841	0.0	0	678.0293210684613	2432.5672993729822	1	0	1	1.1040502021522163
246200.0	1000.0	2232.567299372839	0.0	0	702.6206551130454	2432.5672993729822	1	0	1	1.1040502021522163
247200.0	1000.0	2232.567299372818	0.0	0	377.26219749380834	2432.5672993729822	1	0	1	1.1040502021522163
248200.0	1000.0	2232.5672993728203	0.0	0	129.40176084722043	2432.5672993730113	1	0	1	1.104050202152215
249200.0	1000.0	2232.5672993727926	0.0	0	170.4819693962636	2432.5672993730113	1	0	1	1.1040502021522132
250282.50222469843	1000.0	2150.0650746743427	0.0	0	0.0	2432.5672993730113	1	0	1	1.1040502021522132
251438.35824024834	1000.0	1994.2090591244291	0.0	0	0.0	2432.5672993730113	1	0	1	1.1040502021522132
252298.10337998866	1000.0	2134.463919384114	0.0	0	0.0	2432.5672993730113	1	0	1	1.1040502021522132
253200.0	1000.0	2232.5672993727667	0.0	0	469.02560734777944	2432.5672993730113	1	0	1	1.1040502021522132
254200.0	1000.0	2232.5672993727944	0.0	0	593.5289540473314	2432.5672993730113	1	0	1	1.1040502021522132
255200.0	1000.0	2232.5672993727994	0.0	0	176.3745699917199	2432.5672993730113	1	0	1	1.1040502021522132
256200.0	1000.0	2232.5672993727662	0.0	0	432.9472435503558	2432.5672993730113	1	0	1	1.1040502021522132
257200.0	1000.0	2232.567299372746	0.0	0	484.7390124425874	2432.5672993729822	1	0	1	1.1040502021522163
258355.05403789008	1000.0	2077.513261482672	0.0	0	0.0	2432.5672993729822	1	0	1	1.1040502021522163
259575.55868642018	1000.0	1857.0086129525976	0.0	0	0.0	2432.567299372953	1	0	1	1.1040502021522194
260407.71715095683	1000.0	2024.8501484159108	0.0	0	0.0	2432.567299372953	1	0	1	1.1040502021522194
261200.0	1000.0	2232.5672993727308	0.0	0	159.74442483190796	2432.567299372953	1	0	1	1.1040502021522194
262200.0	1000.0	2232.567299372711	0.0	0	469.19044615127495	2432.567299372953	1	0	1	1.1040502021522194
263200.0	1000.0	2232.5672993726625	0.0	0	432.9844763056608	2432.567299372924	1	0	1	1.1040502021522207
264200.0	1000.0	2232.56729937266	0.0	0	82.46001141873421	2432.567299372924	1	0	1	1.1040502021522238
265200.0	1000.0	2232.5672993726494	0.0	0	166.60577499202918	2432.5672993729822	1	0	1	1.10405020215222
266200.0	1000.0	2232.567299372606	0.0	0	306.63951782672666	2432.5672993729822	1	0	1	1.1040502021522163
267200.0	1000.0	2232.5672993725607	0.0	0	297.8171298248344	2432.5672993729822	1	0	1	1.1040502021522163
268200.0	1000.0	2232.5672993726125	0.0	0	511.1164441861911	2432.5672993729822	1	0	1	1.1040502021522163
269200.0	1000.0	2232.5672993725784	0.0	0	259.58089338435093	2432.5672993729822	1	0	1	1.1040502021522163
270200.0	1000.0	2232.567299372593	0.0	0	442.87369064596714	2432.5672993729822	1	0	1	1.1040502021522163
271200.0	1000.0	2232.567299372533	0.0	0	511.91541101399343	2432.5672993729822	1	0	1	1.1040502021522163
272200.0	1000.0	2232.5672993725602	0.0	0	489.04796981747495	2432.5672993730404	1	0	1	1.10405020215221
273200.0	1000.0	2232.567299372609	0.0	0	165.01815667178016	2432.5672993730986	1	0	1	1.1040502021522038
274200.0	1000.0	2232.5672993725602	0.0	0	212.99677132599754	2432.5672993730986	1	0	1	1.1040502021522038
275200.0	1000.0	2232.56729937256	0.0	0	136.8293569649686	2432.567299373157	1	0	1	1.1040502021521976
276200.0	1000.0	2232.5672993725766	0.0	0	166.68205105041852	2432.567299373215	1	0	1	1.1040502021521914
277431.3236419892	1000.0	2001.2436573834743	0.0	0	0.0	2432.5672993732733	1	0	1	1.1040502021521852
278423.58191253414	1000.0	2008.9853868385596	0.0	0	0.0	2432.5672993732733	1	0	1	1.1040502021521852
279447.53609875526	1000.0	1985.0312006174863	0.0	0	0.0	2432.5672993733315	1	0	1	1.104050202152179
280200.0	1000.0	2232.567299372766	0.0	0	87.66391666146228	2432.5672993733315	1	0	1	1.104050202152179
281200.0	1000.0	2232.5672993727453	0.0	0	374.6498052168172	2432.5672993733315	1	0	1	1.104050202152179
282200.0	1000.0	2232.5672993727358	0.0	0	515.9191611497081	2432.5672993733315	1	0	1	1.104050202152179
283200.0	1000.0	2232.5672993727444	0.0	0	261.9210111434222	2432.5672993733315	1	0	1	1.104050202152179
284200.0	1000.0	2232.56729937276	0.0	0	70.4006967554451	2432.5672993733315	1	0	1	1.104050202152179
285200.0	1000.0	2232.5672993727603	0.0	0	534.4013347990112	2432.5672993733315	1	0	1	1.104050202152179
286200.0	1000.0	2232.5672993728394	0.0	0	246.4400909357355	2432.5672993732733	1	0	1	1.1040502021521852
287200.0	1000.0	2232.567299372856	0.0	0	225.90552135533653	2432.5672993732733	1	0	1	1.1040502021521852
288381.0336078223	1000.0	2051.533691550553	0.0	0	0.0	2432.5672993732733	1	0	1	1.1040502021521852
289498.4484965578	1000.0	1934.1188028151253	0.0	0	0.0	2432.5672993732733	1	0	1	1.1040502021521852
290449.162823296	1000.0	1983.404476076922	0.0	0	0.0	2432.5672993733315	1	0	1	1.104050202152179
291407.2609505917	1000.0	2025.3063487811621	0.0	0	0.0	2432.5672993733315	1	0	1	1.104050202152179
292341.0148532285	1000.0	2091.552446144344	0.0	0	0.0	2432.5672993733897	1	0	1	1.1040502021521728
293200.0	1000.0	2232.5672993728813	0.0	0	8.256064506887924	2432.5672993733897	1	0	1	1.1040502021521728
294200.0	1000.0	2232.5672993728126	0.0	0	57.88202288217144	2432.5672993733897	1	0	1	1.1040502021521728
295200.0	1000.0	2232.567299372821	0.0	0	87.97035957686603	2432.5672993733897	1	0	1	1.1040502021521728
296200.0	1000.0	2232.5672993727967	0.0	0	203.23518988321302	2432.5672993733897	1	0	1	1.1040502021521728
297200.0	1000.0	2232.5672993728094	0.0	0	293.14879146573367	2432.567299373448	1	0	1	1.1040502021521665
298200.0	1000.0	2232.5672993728585	0.0	0	240.60475725284778	2432.567299373506	1	0	1	1.1040502021521603
299200.0	1000.0	2232.567299372846	0.0	0	500.7837126649101	2432.567299373506	1	0	1	1.1040502021521603
300200.0	1000.0	2232.5672993729117	0.0	0	463.023812959902	2432.5672993735643	1	0	1	1.104050202152154
2.15	1.25	0.96	0.68	0.95	1.08	1.47	1.76	2.5	2.78	1.87	1.47	1.31	1.25	1.55	1.81	1.6	1.41	1.71	1.26	1.46	1.53	1.26	1.55	2.0	2.09	2.64	2.17	1.05	1.15	0.88	1.15	1.73	2.18	2.25	1.45	1.59	2.04	2.33	1.18	1.53	1.42	0.98	1.41	1.27	1.63	1.88	1.84	1.26	1.3	0.97	1.31	1.76	2.19	2.31	2.42	0.89	1.08	1.05	1.12	1.58	1.15	1.46	1.76	1.95	2.0	1.58	1.01	1.12	1.56	1.17	1.33	1.44	1.02	0.89	0.72	1.1	1.52	1.83	1.16	0.95	0.93	1.34	1.9	1.91	1.37	1.76	1.85	1.26	1.07	1.48	2.09	2.75	2.9	2.29	1.44	1.29	0.89	0.95	1.2	2.09	2.42	1.74	1.53	1.93	1.32	0.76	1.27	1.64	2.34	2.24	1.17	1.55	2.04	1.76	1.68	1.97	1.34	1.88	1.58	1.45	1.58	1.49	1.68	1.17	0.88	0.85	1.15	1.62	1.78	1.38	1.39	1.83	1.37	1.12	1.18	1.03	1.07	1.04	1.12	1.64	1.54	1.25	1.81	1.41	1.56	2.35	2.53	2.27	1.9	2.15	1.25	0.96	0.68	0.95	1.08	1.47	1.76	2.5	2.78	1.87	1.47	1.31	1.25	1.55	1.81	1.6	1.41	1.71	1.26	1.46	1.53	1.26	1.55	2.0	2.09	2.64	2.17	1.05	1.15	0.88	1.15	1.73	2.18	2.25	1.45	1.59	2.04	2.33	1.18	1.53	1.42	0.98	1.41	1.27	1.63	1.88	1.84	1.26	1.3	0.97	1.31	1.76	2.19	2.31	2.42	0.89	1.08	1.05	1.12	1.58	1.15	1.46	1.76	1.95	2.0	1.58	1.01	1.12	1.56	1.17	1.33	1.44	1.02	0.89	0.72	1.1	1.52	1.83	1.16	0.95	0.93	1.34	1.9	1.91	1.37	1.76	1.85	1.26	1.07	1.48	2.09	2.75	2.9	2.29	1.44	1.29	0.89	0.95	1.2	2.09	2.42	1.74	1.53	1.93	1.32	0.76	1.27	1.64	2.34	2.24	1.17	1.55	2.04	1.76	1.68	1.97	1.34	1.88	1.58	1.45	1.58	1.49	1.68	1.17	0.88	0.85	1.15	1.62	1.78	1.38	1.39	1.83	1.37	1.12	1.18	1.03	1.07	1.04	1.12	1.64	1.54	1.25	1.81	1.41	1.56	2.35	2.53	2.27	1.9	2.15	1.25
1.0	2.0	3.0	4.0	5.0	6.0	7.0	8.0	9.0	10.0	11.0	12.0	13.0	14.0	15.0	16.0	17.0	18.0	19.0	20.0	21.0	22.0	23.0	24.0	25.0	26.0	27.0	28.0	29.0	30.0	31.0	32.0	33.0	34.0	35.0	36.0	37.0	38.0	39.0	40.0	41.0	42.0	43.0	44.0	45.0	46.0	47.0	48.0	49.0	50.0	51.0	52.0	53.0	54.0	55.0	56.0	57.0	58.0	59.0	60.0	61.0	62.0	63.0	64.0	65.0	66.0	67.0	68.0	69.0	70.0	71.0	72.0	73.0	74.0	75.0	76.0	77.0	78.0	79.0	80.0	81.0	82.0	83.0	84.0	85.0	86.0	87.0	88.0	89.0	90.0	91.0	92.0	93.0	94.0	95.0	96.0	97.0	98.0	99.0	100.0	101.0	102.0	103.0	104.0	105.0	106.0	107.0	108.0	109.0	110.0	111.0	112.0	113.0	114.0	115.0	116.0	117.0	118.0	119.0	120.0	121.0	122.0	123.0	124.0	125.0	126.0	127.0	128.0	129.0	130.0	131.0	132.0	133.0	134.0	135.0	136.0	137.0	138.0	139.0	140.0	141.0	142.0	143.0	144.0	145.0	146.0	147.0	148.0	149.0	149.0	150.0	151.0	152.0	153.0	154.0	155.0	156.0	157.0	158.0	159.0	160.0	161.0	162.0	163.0	164.0	165.0	166.0	167.0	168.0	169.0	170.0	171.0	172.0	173.0	174.0	175.0	176.0	177.0	178.0	179.0	180.0	181.0	182.0	183.0	184.0	185.0	186.0	187.0	188.0	189.0	190.0	191.0	192.0	193.0	194.0	195.0	196.0	197.0	198.0	199.0	200.0	201.0	202.0	203.0	204.0	205.0	206.0	207.0	208.0	209.0	210.0	211.0	212.0	213.0	214.0	215.0	216.0	217.0	218.0	219.0	220.0	221.0	222.0	223.0	224.0	225.0	226.0	227.0	228.0	229.0	230.0	231.0	232.0	233.0	234.0	235.0	236.0	237.0	238.0	239.0	240.0	241.0	242.0	243.0	244.0	245.0	246.0	247.0	248.0	249.0	250.0	251.0	252.0	253.0	254.0	255.0	256.0	257.0	258.0	259.0	260.0	261.0	262.0	263.0	264.0	265.0	266.0	267.0	268.0	269.0	270.0	271.0	272.0	273.0	274.0	275.0	276.0	277.0	278.0	279.0	280.0	281.0	282.0	283.0	284.0	285.0	286.0	287.0	288.0	289.0	290.0	291.0	292.0	293.0	294.0	295.0	296.0	297.0	298.0	298.0	299.0	300.0
2947.698125751719
