4657.108976871308	300.0	2000.0	137.52850768397604	0	0.0	4657.108976871308	1	0	1	-1.6249744403686313
4793.472434115088	300.0	2850.0001970318413	0.0	0	0.0	4643.472631146929	1	0	2	-1.211269146959925
4938.903020155667	500.0	3704.569610991262	0.0	0	0.0	4643.472631146929	1	0	1	-1.0093306094882937
5200.0	500.0	4417.362933162493	0.0	0	32.70009998068144	4617.362933162495	1	0	2	-0.6865042958042328
6200.0	500.0	4317.3629331624925	0.0	0	734.1070666544838	4517.362933162495	1	0	2	-0.4439859363142544
7200.0	1000.0	4217.362933162491	0.0	0	495.18394516079024	4417.362933162494	1	0	2	-0.3836634975845402
8200.0	1000.0	4117.3629331624925	0.0	0	411.94195151911754	4317.362933162494	1	0	2	0.36648182713829996
9200.0	1000.0	4017.3629331624934	0.0	0	673.2212700708387	4217.362933162495	1	0	2	0.41780774220108285
10200.0	2000.0	3917.3629331624934	0.0	0	11.456492964811332	4117.362933162495	1	0	2	0.47353628007624016
11200.0	2000.0	3817.3629331624934	0.0	0	382.38533105952774	4017.362933162495	1	0	2	1.2062881249047446
12858.585115580918	3000.0	2992.919306023486	0.0	0	0.0	3851.5044216044043	1	0	2	1.2697220872909034
14677.029487497139	3000.0	1992.6304969156415	0.0	0	0.0	3669.6599844127795	1	0	2	1.7418831471776903
16291.144877584886	2000.0	1217.1035678191192	0.0	0	0.0	3508.248445404004	1	0	2	0.9815407100078379
17861.91932523251	2000.0	489.2516754067352	0.0	0	0.0	3351.171000639244	1	0	2	1.4331300840182066
19950.95143768234	2000.0	200.0	799.7804370430927	0	0.0	4150.951437682339	1	0	1	-3.556440752910806
20637.443128849318	1000.0	680.0009631356704	213.7652940175885	0	0.0	4317.444091984988	1	0	2	-1.7966061112613356
21296.435474620335	1000.0	955.1093827875487	0.0	0	0.0	4251.544857407884	1	0	2	0.41297383417711986
21795.30307454821	1000.0	1406.355022866887	0.0	0	0.0	4201.658097415104	1	0	2	0.44020505277553557
22242.39963851014	1000.0	1914.5488025087602	0.0	0	0.0	4156.948441018907	1	0	2	0.4619073821104635
23041.996107446936	1000.0	2034.9926866782866	0.0	0	0.0	4076.9887941252273	1	0	2	0.49393126861038217
25235.82265154681	2000.0	621.7834881684273	0.0	0	0.0	3857.6061397152407	1	0	2	0.5655768493948633
26338.76611890034	1000.0	408.54567407954323	0.0	0	0.0	3747.31179297989	1	0	2	-0.0700851119899156
27070.217961190963	1000.0	603.9486475598585	0.0	0	0.0	3674.166608750831	1	0	2	0.6514157397714365
27705.4898632148	1000.0	905.1495553336392	0.0	0	0.0	3610.6394185484532	1	0	2	0.673342515303121
28387.85021269912	1000.0	1222.7892058493198	0.0	0	0.0	3610.6394185484532	1	0	1	0.6779128503768417
28923.478369556724	1000.0	1633.5982333059578	0.0	0	0.0	3557.0766028626967	1	0	2	0.4898769987105026
29580.56192277226	1000.0	1976.514680090423	0.0	0	0.0	3557.0766028627004	1	0	1	0.694032936787262
29964.220998566747	1000.0	2592.855604295936	0.0	0	0.0	3557.076602862704	1	0	1	0.894032936787261
30413.087638297813	1000.0	3099.102300591757	0.0	0	0.0	3512.189938889591	1	0	2	0.5033496122454257
31200.0	1000.0	3233.498702719351	0.0	0	123.24302174904733	3433.4987027193747	1	0	2	0.7215845839349485
32200.0	1000.0	3133.4987027193515	0.0	0	334.5431990407087	3333.4987027193747	1	0	2	0.7444294837284442
33200.0	1000.0	3133.4987027193483	0.0	0	51.598097543210315	3333.498702719371	1	0	1	0.7539464339924666
34200.0	1000.0	3133.498702719347	0.0	0	74.99417438192904	3333.4987027193674	1	0	1	0.9539464339924684
35200.0	1000.0	3033.4987027193433	0.0	0	403.02925237877935	3233.498702719364	1	0	2	0.5686906872747488
36200.0	1000.0	3033.4987027193474	0.0	0	467.08017010493495	3233.498702719364	1	0	1	0.7772174730306877
37765.10260628634	2000.0	2311.885835804372	0.0	0	0.0	3076.9884420907256	1	0	2	0.6010833178496411
39298.35795839672	2000.0	1625.3049484829544	0.0	0	0.0	2923.662906879683	1	0	2	1.5237575011707514
40202.67873944417	1000.0	1720.984167435509	0.0	0	0.0	2923.662906879683	1	0	1	0.1443403237754204
40910.33931793284	1000.0	2013.3235889468417	0.0	0	0.0	2923.662906879683	1	0	1	1.0374875043353657
41662.152208723244	1000.0	2261.5106981564336	0.0	0	0.0	2923.662906879683	1	0	1	1.0374875043353657
42393.18584062154	1000.0	2530.477066258129	0.0	0	0.0	2923.662906879683	1	0	1	1.0374875043353657
43200.0	1000.0	2723.6629068796615	0.0	0	184.89711826422717	2923.662906879683	1	0	1	1.0374875043353657
44200.0	1000.0	2723.662906879661	0.0	0	553.9953862321636	2923.662906879683	1	0	1	1.0374875043353657
45200.0	1000.0	2723.662906879666	0.0	0	484.17146306500945	2923.66290687969	1	0	1	1.0374875043353644
46200.0	1000.0	2723.6629068796715	0.0	0	278.8245808494903	2923.662906879683	1	0	1	1.0374875043353657
47200.0	1000.0	2623.6629068796706	0.0	0	352.50216092819755	2823.6629068796756	1	0	2	0.6476386304448037
48200.0	1000.0	2623.6629068796733	0.0	0	315.07398595796985	2823.662906879683	1	0	1	0.8535993977781777
49200.0	1000.0	2623.6629068796788	0.0	0	499.454516082209	2823.66290687969	1	0	1	1.0535993977781768
50200.0	1000.0	2623.6629068796824	0.0	0	411.89458530378033	2823.66290687969	1	0	1	1.0535993977781768
51200.0	1000.0	2623.662906879679	0.0	0	346.7685026812833	2823.66290687969	1	0	1	1.0535993977781768
52741.95560700153	2000.0	1927.5117391779925	0.0	0	0.0	2669.467346179539	1	0	2	0.6702468960200663
54312.24602629076	2000.0	1200.1922779598337	0.0	0	0.0	2512.438304250609	1	0	2	1.5836942439550405
54698.92579420353	1000.0	1813.512510047068	0.0	0	0.0	2512.438304250616	1	0	1	0.20204324569007906
55200.0	1000.0	2312.4383042506015	0.0	0	91.58262603160983	2512.438304250616	1	0	1	1.0951904262500243
56200.0	1000.0	2312.438304250601	0.0	0	530.5403791762001	2512.438304250609	1	0	1	1.0951904262500252
57200.0	1000.0	2312.4383042506024	0.0	0	661.7128541534767	2512.438304250609	1	0	1	1.0951904262500252
58200.0	1000.0	2312.438304250603	0.0	0	479.4286448165949	2512.438304250616	1	0	1	1.0951904262500243
59200.0	1000.0	2312.438304250595	0.0	0	411.0137697448372	2512.438304250616	1	0	1	1.0951904262500243
60662.28300333759	1000.0	1850.1553009130143	0.0	0	0.0	2512.4383042506233	1	0	1	1.0951904262500236
61917.5028787543	1000.0	1594.9354254963025	0.0	0	0.0	2512.4383042506233	1	0	1	1.0951904262500236
63170.42754040992	1000.0	1342.0107638406794	0.0	0	0.0	2512.4383042506233	1	0	1	1.0951904262500236
64010.534890453135	1000.0	1501.903413797456	0.0	0	0.0	2512.4383042506233	1	0	1	1.0951904262500236
64603.772912481545	1000.0	1908.6653917690487	0.0	0	0.0	2512.4383042506233	1	0	1	1.0951904262500236
65200.0	1000.0	2312.4383042505933	0.0	0	38.90684978610079	2512.4383042506233	1	0	1	1.0951904262500236
66200.0	1000.0	2312.4383042505838	0.0	0	363.53169564947893	2512.438304250616	1	0	1	1.0951904262500236
67200.0	1000.0	2312.43830425058	0.0	0	103.849597694556	2512.438304250609	1	0	1	1.0951904262500245
68200.0	1000.0	2312.4383042505815	0.0	0	61.88459837657865	2512.438304250609	1	0	1	1.0951904262500254
69200.0	1000.0	2312.438304250584	0.0	0	126.74471239777631	2512.438304250609	1	0	1	1.0951904262500252
70200.0	1000.0	2312.4383042505797	0.0	0	363.87345386597735	2512.438304250609	1	0	1	1.0951904262500252
71200.0	1000.0	2312.438304250584	0.0	0	286.29879479375086	2512.438304250609	1	0	1	1.0951904262500252
72200.0	1000.0	2312.4383042505924	0.0	0	378.70123070667614	2512.438304250609	1	0	1	1.0951904262500252
73200.0	1000.0	2312.438304250587	0.0	0	561.9398515719513	2512.438304250609	1	0	1	1.0951904262500252
74200.0	1000.0	2312.4383042505874	0.0	0	316.0802685974195	2512.438304250609	1	0	1	1.0951904262500252
75200.0	1000.0	2312.4383042505783	0.0	0	497.4197053104872	2512.4383042506233	1	0	1	1.0951904262500236
76200.0	1000.0	2312.438304250584	0.0	0	393.8668684841541	2512.4383042506233	1	0	1	1.0951904262500236
77200.0	1000.0	2312.4383042505697	0.0	0	540.5553289929958	2512.4383042506233	1	0	1	1.0951904262500236
78200.0	1000.0	2312.43830425057	0.0	0	121.35636631923262	2512.4383042506233	1	0	1	1.0951904262500236
79200.0	1000.0	2312.4383042505533	0.0	0	214.5806815202377	2512.4383042506233	1	0	1	1.0951904262500236
80200.0	1000.0	2312.438304250554	0.0	0	225.3546316548891	2512.438304250638	1	0	1	1.0951904262500218
81200.0	1000.0	2312.438304250558	0.0	0	59.88071687343472	2512.4383042506233	1	0	1	1.0951904262500236
82200.0	1000.0	2312.4383042505483	0.0	0	443.1728938110318	2512.438304250609	1	0	1	1.0951904262500252
83340.384625225	1000.0	2172.053679025539	0.0	0	0.0	2512.4383042506233	1	0	1	1.0951904262500236
84200.0	1000.0	2312.4383042505456	0.0	0	94.96761075724498	2512.4383042506233	1	0	1	1.0951904262500236
85200.0	1000.0	2312.438304250552	0.0	0	466.35386404530436	2512.4383042506233	1	0	1	1.0951904262500236
86200.0	1000.0	2312.4383042505456	0.0	0	435.6657419760304	2512.4383042506233	1	0	1	1.0951904262500236
87200.0	1000.0	2312.4383042505397	0.0	0	286.16984794182645	2512.4383042506233	1	0	1	1.0951904262500236
88200.0	1000.0	2312.43830425054	0.0	0	76.12689903726277	2512.4383042506233	1	0	1	1.0951904262500236
89200.0	1000.0	2312.4383042505356	0.0	0	420.7951537284098	2512.4383042506233	1	0	1	1.0951904262500236
90200.0	1000.0	2312.438304250554	0.0	0	465.4389872147585	2512.4383042506233	1	0	1	1.0951904262500236
91200.0	1000.0	2312.43830425056	0.0	0	614.463559585929	2512.4383042506233	1	0	1	1.0951904262500236
92200.0	1000.0	2312.438304250573	0.0	0	459.4044526070793	2512.4383042506233	1	0	1	1.0951904262500236
93200.0	1000.0	2312.438304250569	0.0	0	472.7235667353525	2512.438304250609	1	0	1	1.0951904262500252
94200.0	1000.0	2312.43830425058	0.0	0	557.6348716932407	2512.438304250609	1	0	1	1.0951904262500252
95200.0	1000.0	2312.438304250587	0.0	0	663.8873898546881	2512.438304250609	1	0	1	1.0951904262500252
96200.0	1000.0	2312.438304250602	0.0	0	486.42300259934564	2512.438304250609	1	0	1	1.0951904262500252
97200.0	1000.0	2312.4383042506165	0.0	0	361.99917507218197	2512.438304250609	1	0	1	1.0951904262500252
98283.05061568625	1000.0	2229.3876885643585	0.0	0	0.0	2512.438304250609	1	0	1	1.0951904262500252
99200.0	1000.0	2312.438304250612	0.0	0	365.59897187120805	2512.4383042506233	1	0	1	1.0951904262500236
100200.0	1000.0	2312.43830425063	0.0	0	214.2270315146452	2512.438304250638	1	0	1	1.0951904262500218
101200.0	1000.0	2312.438304250607	0.0	0	314.24276572342205	2512.438304250638	1	0	1	1.0951904262500218
102395.86455707475	1000.0	2116.573747175884	0.0	0	0.0	2512.4383042506524	1	0	1	1.09519042625002
103200.0	1000.0	2312.438304250639	0.0	0	375.95665817429835	2512.4383042506524	1	0	1	1.09519042625002
104200.0	1000.0	2312.438304250642	0.0	0	289.34904151847877	2512.4383042506524	1	0	1	1.09519042625002
105200.0	1000.0	2312.438304250655	0.0	0	102.01709035306703	2512.4383042506524	1	0	1	1.09519042625002
106200.0	1000.0	2312.4383042506574	0.0	0	17.17074185043748	2512.4383042506524	1	0	1	1.09519042625002
107236.22812690902	1000.0	2276.210177341638	0.0	0	0.0	2512.4383042506524	1	0	1	1.09519042625002
108200.0	1000.0	2312.4383042506547	0.0	0	123.61529300936672	2512.4383042506524	1	0	1	1.09519042625002
109477.33848110159	1000.0	1907.365975038912	0.0	0	0.0	2384.7044561405055	1	0	2	0.706148904304601
110371.73205546816	1000.0	2012.972400672339	0.0	0	0.0	2384.7044561405055	1	0	1	0.9090478867699813
111200.0	1000.0	2184.704456140505	0.0	0	197.59289710456505	2384.7044561405055	1	0	1	1.1090478867699813
112200.0	1000.0	2184.7044561405	0.0	0	394.5353748776688	2384.7044561405055	1	0	1	1.1090478867699813
113200.0	1000.0	2184.70445614052	0.0	0	467.6439253785502	2384.7044561405055	1	0	1	1.1090478867699813
114200.0	1000.0	2184.704456140518	0.0	0	252.3269330222829	2384.7044561405055	1	0	1	1.1090478867699813
115917.15545930504	1000.0	1467.5489968354802	0.0	0	0.0	2384.704456140491	1	0	1	1.109047886769983
116903.649926258	1000.0	1481.0545298825227	0.0	0	0.0	2384.704456140491	1	0	1	1.109047886769983
117472.15711491602	1000.0	1912.5473412245065	0.0	0	0.0	2384.704456140491	1	0	1	1.109047886769983
118200.0	1000.0	2184.704456140505	0.0	0	196.86304084125732	2384.7044561404764	1	0	1	1.1090478867699844
119200.0	1000.0	2184.7044561405132	0.0	0	190.82855294174806	2384.7044561404764	1	0	1	1.1090478867699844
120200.0	1000.0	2184.7044561405314	0.0	0	527.5179073799954	2384.704456140491	1	0	1	1.109047886769983
121200.0	1000.0	2184.7044561405323	0.0	0	477.1234616009315	2384.704456140491	1	0	1	1.109047886769983
122200.0	1000.0	2184.704456140512	0.0	0	517.600450908707	2384.704456140491	1	0	1	1.109047886769983
123200.0	1000.0	2184.704456140505	0.0	0	334.41475899366196	2384.704456140491	1	0	1	1.109047886769983
124200.0	1000.0	2184.7044561405055	0.0	0	402.6263576817728	2384.704456140491	1	0	1	1.109047886769983
125200.0	1000.0	2184.704456140498	0.0	0	153.22432717247284	2384.704456140491	1	0	1	1.109047886769983
126200.0	1000.0	2184.704456140495	0.0	0	460.471475811486	2384.704456140491	1	0	1	1.109047886769983
127200.0	1000.0	2184.7044561405082	0.0	0	323.5697277997824	2384.7044561405055	1	0	1	1.1090478867699813
128200.0	1000.0	2184.7044561405037	0.0	0	276.23410278542724	2384.7044561405055	1	0	1	1.1090478867699813
129200.0	1000.0	2184.7044561405096	0.0	0	325.18122339397087	2384.7044561405055	1	0	1	1.1090478867699813
130200.0	1000.0	2184.7044561405137	0.0	0	310.8032261036278	2384.7044561405055	1	0	1	1.1090478867699813
131200.0	1000.0	2184.7044561405314	0.0	0	364.63555119314697	2384.70445614052	1	0	1	1.1090478867699811
132200.0	1000.0	2184.704456140539	0.0	0	559.354501543392	2384.7044561405346	1	0	1	1.1090478867699776
133200.0	1000.0	2184.7044561405614	0.0	0	450.26760753730196	2384.7044561405637	1	0	1	1.109047886769977
134200.0	1000.0	2184.7044561405737	0.0	0	640.8399411802238	2384.7044561405783	1	0	1	1.1090478867699742
135200.0	1000.0	2184.704456140547	0.0	0	266.81616797772585	2384.7044561405783	1	0	1	1.109047886769974
136200.0	1000.0	2184.7044561405082	0.0	0	339.8729008604714	2384.7044561405783	1	0	1	1.109047886769974
137200.0	1000.0	2184.704456140507	0.0	0	220.5472708643647	2384.7044561405783	1	0	1	1.109047886769974
138200.0	1000.0	2184.704456140485	0.0	0	114.5856840107881	2384.7044561405783	1	0	1	1.109047886769974
139609.34235708034	1000.0	1775.362099060134	0.0	0	0.0	2384.7044561405783	1	0	1	1.109047886769974
140590.8528071216	1000.0	1793.8516490188601	0.0	0	0.0	2384.7044561405783	1	0	1	1.109047886769974
141280.08473259897	1000.0	2104.6197235415093	0.0	0	0.0	2384.7044561405783	1	0	1	1.109047886769974
142200.0	1000.0	2184.7044561404705	0.0	0	275.6304512571078	2384.7044561405783	1	0	1	1.109047886769974
143200.0	1000.0	2184.7044561404855	0.0	0	575.8809767484781	2384.704456140549	1	0	1	1.109047886769977
144200.0	1000.0	2184.7044561404973	0.0	0	429.2209541395132	2384.704456140549	1	0	1	1.109047886769977
145200.0	1000.0	2184.7044561404728	0.0	0	640.382973787433	2384.704456140549	1	0	1	1.109047886769977
146200.0	1000.0	2184.7044561404964	0.0	0	617.2902147688728	2384.704456140549	1	0	1	1.109047886769977
147200.0	1000.0	2184.7044561405223	0.0	0	359.0985315152211	2384.7044561405783	1	0	1	1.109047886769974
148200.0	1000.0	2184.7044561405132	0.0	0	382.5329884699604	2384.7044561405783	1	0	1	1.109047886769974
149200.0	1000.0	2184.704456140526	0.0	0	73.42975413700333	2384.7044561405783	1	0	1	1.109047886769974
150200.0	1000.0	2184.704456140522	0.0	0	295.8424973738147	2384.7044561405783	1	0	1	1.109047886769974
151200.0	1000.0	2184.704456140499	0.0	0	323.68118699244224	2384.7044561405783	1	0	1	1.109047886769974
152200.0	1000.0	2184.7044561404778	0.0	0	279.3160494926851	2384.7044561405783	1	0	1	1.109047886769974
153200.0	1000.0	2184.7044561404678	0.0	0	406.55561821363517	2384.7044561406074	1	0	1	1.1090478867699711
154200.0	1000.0	2184.70445614045	0.0	0	690.3823472375225	2384.7044561405783	1	0	1	1.109047886769974
155200.0	1000.0	2184.704456140436	0.0	0	519.668579384801	2384.7044561405783	1	0	1	1.109047886769974
156200.0	1000.0	2184.7044561404477	0.0	0	465.66654717738857	2384.7044561405783	1	0	1	1.109047886769974
157200.0	1000.0	2184.704456140443	0.0	0	531.8124392804457	2384.7044561405783	1	0	1	1.109047886769974
158200.0	1000.0	2184.7044561404537	0.0	0	585.4853669134609	2384.7044561405783	1	0	1	1.109047886769974
159200.0	1000.0	2184.7044561404714	0.0	0	649.9142778618843	2384.7044561405783	1	0	1	1.109047886769974
160200.0	1000.0	2184.7044561404823	0.0	0	563.199178983894	2384.704456140549	1	0	1	1.109047886769977
161200.0	1000.0	2184.7044561404887	0.0	0	562.3317169823858	2384.7044561405783	1	0	1	1.109047886769974
162200.0	1000.0	2184.704456140503	0.0	0	437.15492497125524	2384.7044561406074	1	0	1	1.1090478867699711
163200.0	1000.0	2184.704456140522	0.0	0	586.7535772981064	2384.7044561406074	1	0	1	1.1090478867699711
164200.0	1000.0	2184.704456140519	0.0	0	432.13765968289226	2384.7044561406074	1	0	1	1.1090478867699711
165200.0	1000.0	2184.704456140545	0.0	0	261.22315498793614	2384.7044561406074	1	0	1	1.1090478867699711
166200.0	1000.0	2184.7044561405605	0.0	0	133.15427801426267	2384.7044561406074	1	0	1	1.1090478867699711
167200.0	1000.0	2184.70445614057	0.0	0	147.13917721563485	2384.7044561406365	1	0	1	1.109047886769968
168200.0	1000.0	2184.7044561405614	0.0	0	261.96759034253773	2384.7044561406074	1	0	1	1.1090478867699711
169391.19531560867	1000.0	1993.5091405318874	0.0	0	0.0	2384.7044561406074	1	0	1	1.1090478867699711
170279.92440360514	1000.0	2104.780052535425	0.0	0	0.0	2384.7044561406365	1	0	1	1.109047886769968
171200.0	1000.0	2184.704456140569	0.0	0	321.49714178190334	2384.7044561406074	1	0	1	1.1090478867699711
172200.0	1000.0	2184.704456140559	0.0	0	267.9526617253723	2384.7044561406074	1	0	1	1.1090478867699711
173212.0944459158	1000.0	2172.6100102247674	0.0	0	0.0	2384.7044561406365	1	0	1	1.109047886769968
174225.3633382983	1000.0	2159.3411178422602	0.0	0	0.0	2384.7044561406365	1	0	1	1.109047886769968
175241.17002269198	1000.0	2143.5344334485717	0.0	0	0.0	2384.7044561406365	1	0	1	1.109047886769968
176200.0	1000.0	2184.704456140561	0.0	0	169.88721584930317	2384.7044561406365	1	0	1	1.109047886769968
177200.0	1000.0	2184.7044561405364	0.0	0	448.2546034582483	2384.7044561406365	1	0	1	1.109047886769968
178200.0	1000.0	2184.704456140548	0.0	0	474.5935308744374	2384.7044561406365	1	0	1	1.109047886769968
179200.0	1000.0	2184.7044561405482	0.0	0	529.2521273223974	2384.7044561406656	1	0	1	1.1090478867699651
180200.0	1000.0	2184.7044561405814	0.0	0	445.83503746500355	2384.7044561406947	1	0	1	1.1090478867699622
181200.0	1000.0	2184.704456140602	0.0	0	136.62741211079992	2384.7044561406947	1	0	1	1.1090478867699622
182200.0	1000.0	2184.704456140628	0.0	0	186.8224298291898	2384.704456140724	1	0	1	1.1090478867699591
183200.0	1000.0	2184.704456140618	0.0	0	216.12597280781483	2384.7044561406947	1	0	1	1.1090478867699622
184200.0	1000.0	2184.7044561405933	0.0	0	483.85666686695185	2384.7044561406947	1	0	1	1.1090478867699622
185200.0	1000.0	2184.704456140602	0.0	0	507.31325135933	2384.7044561406947	1	0	1	1.1090478867699622
186200.0	1000.0	2184.704456140605	0.0	0	528.2522677386296	2384.7044561406947	1	0	1	1.1090478867699622
187200.0	1000.0	2184.7044561405696	0.0	0	219.49854563944973	2384.7044561406947	1	0	1	1.1090478867699622
188200.0	1000.0	2184.704456140599	0.0	0	334.79492530282005	2384.7044561406947	1	0	1	1.1090478867699622
189200.0	1000.0	2184.7044561405883	0.0	0	234.42498869189876	2384.7044561406947	1	0	1	1.1090478867699622
190200.0	1000.0	2184.704456140601	0.0	0	449.235431956884	2384.7044561406947	1	0	1	1.1090478867699622
191200.0	1000.0	2184.704456140595	0.0	0	179.36189195758197	2384.7044561406656	1	0	1	1.1090478867699651
192200.0	1000.0	2184.7044561405883	0.0	0	538.7690923776245	2384.7044561406656	1	0	1	1.1090478867699651
193200.0	1000.0	2084.704456140572	0.0	0	453.69611354588415	2284.7044561406365	1	0	2	0.7151374897828547
194200.0	1000.0	2084.704456140593	0.0	0	534.434887680749	2284.7044561406656	1	0	1	0.9187853028491716
195200.0	1000.0	2084.7044561405805	0.0	0	235.80250200204318	2284.7044561406365	1	0	1	1.1187853028491743
196200.0	1000.0	2084.7044561405887	0.0	0	113.77730275306385	2284.7044561406074	1	0	1	1.118785302849177
197200.0	1000.0	2084.7044561406165	0.0	0	425.0239724476123	2284.7044561406074	1	0	1	1.118785302849177
198200.0	1000.0	2084.7044561406015	0.0	0	224.07375545307877	2284.7044561406074	1	0	1	1.118785302849177
199200.0	1000.0	2084.7044561405824	0.0	0	119.45954230194911	2284.7044561406365	1	0	1	1.1187853028491743
200200.0	1000.0	2084.7044561405532	0.0	0	316.16639919389854	2284.7044561406365	1	0	1	1.1187853028491743
201200.0	1000.0	2084.704456140533	0.0	0	51.33016741974279	2284.7044561406074	1	0	1	1.118785302849177
202200.0	1000.0	2084.7044561405423	0.0	0	275.13358155678725	2284.7044561406074	1	0	1	1.118785302849177
203200.0	1000.0	2084.7044561405173	0.0	0	206.1477626916021	2284.7044561406074	1	0	1	1.118785302849177
204200.0	1000.0	2084.70445614051	0.0	0	482.97264371984056	2284.7044561406074	1	0	1	1.118785302849177
205200.0	1000.0	2084.7044561405364	0.0	0	586.2075460508931	2284.7044561406074	1	0	1	1.118785302849177
206200.0	1000.0	2084.704456140549	0.0	0	556.7557253651321	2284.7044561406365	1	0	1	1.1187853028491743
207200.0	1000.0	2084.7044561405514	0.0	0	449.60977256597835	2284.7044561406365	1	0	1	1.1187853028491743
208323.78023072984	1000.0	1960.92422541072	0.0	0	0.0	2284.7044561406074	1	0	1	1.118785302849177
209506.6278343073	1000.0	1778.0766218332726	0.0	0	0.0	2284.7044561405783	1	0	1	1.1187853028491799
211323.17418428324	1000.0	961.5302718573228	0.0	0	0.0	2284.7044561406074	1	0	1	1.118785302849177
212765.33665392423	1000.0	519.3678022163517	0.0	0	0.0	2284.7044561406074	1	0	1	1.118785302849177
213606.2121960761	1000.0	678.49226006445	0.0	0	0.0	2284.7044561405783	1	0	1	1.1187853028491799
214181.70816899813	1000.0	1102.9962871424252	0.0	0	0.0	2284.7044561406074	1	0	1	1.118785302849177
214751.29654452225	1000.0	1533.4079116182775	0.0	0	0.0	2284.7044561406365	1	0	1	1.1187853028491743
215287.5533993175	1000.0	1997.1510568230153	0.0	0	0.0	2284.7044561406074	1	0	1	1.118785302849177
216371.5868004225	1000.0	1913.1176557180295	0.0	0	0.0	2284.7044561405783	1	0	1	1.1187853028491799
217200.0	1000.0	2084.7044561405455	0.0	0	35.348431912309024	2284.7044561405783	1	0	1	1.1187853028491799
218434.23199492268	1000.0	1850.4724612178695	0.0	0	0.0	2284.7044561405783	1	0	1	1.1187853028491777
219200.0	1000.0	2084.7044561405282	0.0	0	83.02988294599345	2284.7044561405783	1	0	1	1.1187853028491799
220200.0	1000.0	2084.70445614049	0.0	0	458.6822362305247	2284.7044561405783	1	0	1	1.1187853028491799
221200.0	1000.0	2084.704456140482	0.0	0	572.9540100604645	2284.7044561406074	1	0	1	1.118785302849177
222200.0	1000.0	2084.704456140489	0.0	0	417.62965767414425	2284.7044561406074	1	0	1	1.118785302849177
223200.0	1000.0	2084.704456140509	0.0	0	479.70108967335545	2284.7044561406074	1	0	1	1.118785302849177
224200.0	1000.0	2084.704456140503	0.0	0	634.3808901589946	2284.7044561406074	1	0	1	1.118785302849177
225200.0	1000.0	2084.704456140509	0.0	0	537.1844783154374	2284.7044561406074	1	0	1	1.118785302849177
226200.0	1000.0	2084.7044561405028	0.0	0	545.874124725844	2284.7044561406074	1	0	1	1.118785302849177
227200.0	1000.0	2084.7044561405387	0.0	0	343.2175932844402	2284.7044561406074	1	0	1	1.118785302849177
228200.0	1000.0	2084.7044561405037	0.0	0	160.58438696459052	2284.7044561405783	1	0	1	1.1187853028491799
229200.0	1000.0	2084.704456140496	0.0	0	193.51747220326797	2284.7044561405783	1	0	1	1.1187853028491799
230344.98490316627	1000.0	1939.719552974255	0.0	0	0.0	2284.7044561406074	1	0	1	1.118785302849177
231200.0	1000.0	2084.7044561405146	0.0	0	199.20234571609762	2284.7044561406365	1	0	1	1.1187853028491743
232211.63915552018	1000.0	2073.0653006203565	0.0	0	0.0	2284.7044561406656	1	0	1	1.1187853028491719
233200.0	1000.0	2084.704456140549	0.0	0	390.93694898701506	2284.7044561406947	1	0	1	1.118785302849169
234200.0	1000.0	2084.704456140523	0.0	0	437.5723092695698	2284.7044561406947	1	0	1	1.118785302849169
235200.0	1000.0	2084.7044561405182	0.0	0	357.1336562994402	2284.7044561406656	1	0	1	1.1187853028491719
236200.0	1000.0	2084.704456140531	0.0	0	405.23542469201493	2284.7044561406365	1	0	1	1.1187853028491743
237200.0	1000.0	2084.7044561405364	0.0	0	113.15766017814167	2284.7044561406656	1	0	1	1.1187853028491719
238200.0	1000.0	2084.704456140539	0.0	0	318.96361244880245	2284.7044561406656	1	0	1	1.1187853028491719
239200.0	1000.0	2084.7044561405346	0.0	0	360.4908523321792	2284.7044561406656	1	0	1	1.1187853028491719
240200.0	1000.0	2084.704456140591	0.0	0	469.1422411374806	2284.7044561406656	1	0	1	1.1187853028491719
241200.0	1000.0	2084.7044561406146	0.0	0	431.37033311644336	2284.7044561406656	1	0	1	1.1187853028491719
242200.0	1000.0	2084.704456140636	0.0	0	638.9749606524128	2284.7044561406947	1	0	1	1.118785302849169
243200.0	1000.0	2084.704456140621	0.0	0	545.0952132813691	2284.7044561406947	1	0	1	1.118785302849169
244200.0	1000.0	2084.7044561405974	0.0	0	648.5766017888673	2284.704456140724	1	0	1	1.1187853028491663
245200.0	1000.0	2084.7044561405864	0.0	0	478.93435658400995	2284.704456140724	1	0	1	1.1187853028491663
246200.0	1000.0	2084.7044561405864	0.0	0	441.9237752256158	2284.704456140724	1	0	1	1.1187853028491663
247200.0	1000.0	2084.7044561405864	0.0	0	7.9157334430201445	2284.704456140724	1	0	1	1.1187853028491663
248200.0	1000.0	2084.7044561406083	0.0	0	200.7575910325104	2284.704456140753	1	0	1	1.1187853028491637
249200.0	1000.0	2084.704456140604	0.0	0	292.069656384323	2284.704456140753	1	0	1	1.1187853028491637
250200.0	1000.0	1984.7044561406235	0.0	0	9.076478322211187	2184.704456140782	1	0	2	0.7252096169791947
251476.94453311813	1000.0	1707.7599230224862	0.0	0	0.0	2184.704456140782	1	0	1	0.9276381317906147
252200.0	1000.0	1984.704456140581	0.0	0	276.9510180982179	2184.704456140782	1	0	1	1.127638131790615
253200.0	1000.0	1984.704456140572	0.0	0	362.54778507575975	2184.704456140782	1	0	1	1.127638131790615
254200.0	1000.0	1984.7044561405964	0.0	0	190.94713718036655	2184.704456140753	1	0	1	1.1276381317906174
255303.38561151002	1000.0	1881.3188446305376	0.0	0	0.0	2184.704456140753	1	0	1	1.1276381317906174
256273.52780571187	1000.0	1911.1766504287045	0.0	0	0.0	2184.704456140753	1	0	1	1.1276381317906174
257200.0	1000.0	1984.704456140582	0.0	0	112.36855148308678	2184.704456140753	1	0	1	1.1276381317906174
258200.0	1000.0	1984.7044561405492	0.0	0	177.08385611776612	2184.704456140753	1	0	1	1.1276381317906174
259200.0	1000.0	1984.7044561405492	0.0	0	173.89046312929713	2184.704456140782	1	0	1	1.127638131790615
260200.0	1000.0	1984.7044561405328	0.0	0	448.12512165037333	2184.704456140753	1	0	1	1.1276381317906174
261200.0	1000.0	1984.7044561405119	0.0	0	378.30154152953764	2184.704456140724	1	0	1	1.12763813179062
262200.0	1000.0	1984.7044561405064	0.0	0	432.52416877736687	2184.7044561406947	1	0	1	1.1276381317906223
263259.9230437993	1000.0	1924.7814123411806	0.0	0	0.0	2184.7044561406656	1	0	1	1.1276381317906239
264651.9930093603	1000.0	1532.711446780189	0.0	0	0.0	2184.7044561406365	1	0	1	1.1276381317906268
265677.8591827186	1000.0	1506.845273421794	0.0	0	0.0	2184.7044561406365	1	0	1	1.1276381317906272
266399.8043956568	1000.0	1784.9000604836392	0.0	0	0.0	2184.7044561406947	1	0	1	1.1276381317906223
267200.0	1000.0	1984.704456140395	0.0	0	441.1761575829005	2184.7044561406947	1	0	1	1.1276381317906223
268200.0	1000.0	1984.7044561404387	0.0	0	444.7019279152737	2184.7044561406947	1	0	1	1.1276381317906223
269200.0	1000.0	1984.7044561403818	0.0	0	514.2762645418406	2184.7044561406947	1	0	1	1.1276381317906223
270200.0	1000.0	1984.7044561403673	0.0	0	572.7891647898359	2184.7044561406947	1	0	1	1.1276381317906223
271200.0	1000.0	1984.7044561403459	0.0	0	605.6966082220315	2184.7044561406947	1	0	1	1.1276381317906223
272200.0	1000.0	1984.704456140366	0.0	0	571.5679388726712	2184.7044561406365	1	0	1	1.1276381317906272
273200.0	1000.0	1984.7044561404177	0.0	0	419.1797527783201	2184.7044561406365	1	0	1	1.1276381317906272
274200.0	1000.0	1984.7044561403768	0.0	0	370.6336616151966	2184.7044561406365	1	0	1	1.1276381317906272
275200.0	1000.0	1984.7044561403504	0.0	0	130.42060712893726	2184.7044561406365	1	0	1	1.1276381317906272
276200.0	1000.0	1984.7044561403627	0.0	0	393.5328198868665	2184.7044561406365	1	0	1	1.1276381317906272
277200.0	1000.0	1984.7044561403713	0.0	0	346.0582751178881	2184.7044561406947	1	0	1	1.1276381317906223
278200.0	1000.0	1984.7044561403145	0.0	0	374.57505677227164	2184.7044561406947	1	0	1	1.1276381317906223
279200.0	1000.0	1984.7044561402909	0.0	0	414.5863495017984	2184.7044561406947	1	0	1	1.1276381317906223
280200.0	1000.0	1984.7044561403582	0.0	0	281.3308869372122	2184.7044561406947	1	0	1	1.1276381317906223
281200.0	1000.0	1984.7044561404214	0.0	0	370.588481084269	2184.7044561406947	1	0	1	1.1276381317906223
282200.0	1000.0	1984.7044561404023	0.0	0	409.6064715934335	2184.7044561406947	1	0	1	1.1276381317906223
283200.0	1000.0	1984.704456140455	0.0	0	584.6384335641051	2184.704456140753	1	0	1	1.1276381317906174
284200.0	1000.0	1984.7044561404728	0.0	0	222.07889740238898	2184.704456140811	1	0	1	1.1276381317906126
285200.0	1000.0	1984.7044561405019	0.0	0	92.55771236785222	2184.704456140811	1	0	1	1.1276381317906126
286200.0	1000.0	1984.7044561404618	0.0	0	166.7295261862455	2184.7044561408693	1	0	1	1.1276381317906075
287200.0	1000.0	1984.7044561404891	0.0	0	103.08643245464191	2184.7044561408693	1	0	1	1.1276381317906075
288265.28013347206	1000.0	1919.4243226684691	0.0	0	0.0	2184.7044561408693	1	0	1	1.1276381317906075
289200.0	1000.0	1984.7044561405091	0.0	0	202.1329841320403	2184.7044561408693	1	0	1	1.1276381317906075
290200.0	1000.0	1984.7044561404641	0.0	0	51.95318492426304	2184.7044561408693	1	0	1	1.1276381317906075
291200.0	1000.0	1984.7044561404587	0.0	0	352.072974582843	2184.7044561408693	1	0	1	1.1276381317906075
292200.0	1000.0	1984.7044561404464	0.0	0	480.66861148073804	2184.704456140811	1	0	1	1.1276381317906126
293200.0	1000.0	1984.7044561404819	0.0	0	546.8630282286904	2184.704456140811	1	0	1	1.1276381317906126
294200.0	1000.0	1984.7044561403982	0.0	0	496.7220273090643	2184.704456140753	1	0	1	1.1276381317906174
295200.0	1000.0	1984.7044561404582	0.0	0	539.3296557778958	2184.704456140753	1	0	1	1.1276381317906174
296200.0	1000.0	1984.7044561404382	0.0	0	344.3576903503272	2184.704456140753	1	0	1	1.1276381317906174
297200.0	1000.0	1984.7044561404437	0.0	0	283.9503445806331	2184.704456140811	1	0	1	1.1276381317906126
298213.66197064193	1000.0	1971.042485498555	0.0	0	0.0	2184.704456140811	1	0	1	1.1276381317906126
299200.0	1000.0	1984.7044561404564	0.0	0	259.6272063194192	2184.7044561408693	1	0	1	1.1276381317906075
300200.0	1000.0	1984.7044561404705	0.0	0	62.48990737902932	2184.7044561409275	1	0	1	1.1276381317906026
3.31	1.93	1.92	2.17	2.84	2.59	2.95	2.56	1.97	2.43	1.7	1.22	1.18	1.56	1.11	1.0	1.54	2.2	1.59	1.17	0.92	1.15	1.54	1.75	1.91	2.47	1.71	1.03	1.11	1.52	1.96	1.64	1.76	1.6	1.53	1.46	1.71	1.63	1.95	2.31	1.89	1.68	1.26	1.45	1.66	1.54	1.75	1.32	1.56	1.64	2.1	2.73	3.27	1.75	1.14	0.93	0.66	0.74	0.78	1.24	1.75	1.78	1.19	1.23	0.95	1.39	1.85	2.27	1.68	2.02	2.36	2.27	1.55	1.11	1.38	1.25	1.15	1.46	1.17	1.44	2.09	1.91	1.56	1.42	1.7	2.28	2.22	2.59	2.28	2.75	2.41	1.98	1.23	1.19	1.41	1.47	1.26	0.89	1.85	1.55	1.42	1.19	0.95	1.0	1.02	1.48	1.97	1.97	1.74	1.0	0.49	0.95	1.54	2.24	1.58	1.76	2.0	2.11	2.04	1.49	1.45	1.46	1.58	1.61	1.66	1.49	1.8	2.17	2.29	2.22	1.47	1.52	1.27	1.2	0.82	1.26	1.42	1.9	2.14	2.51	2.36	2.15	1.98	1.55	1.14	1.2	1.24	1.39	1.95	3.01	3.31	1.93	1.92	2.17	2.84	2.59	2.95	2.56	1.97	2.43	1.7	1.22	1.18	1.56	1.11	1.0	1.54	2.2	1.59	1.17	0.92	1.15	1.54	1.75	1.91	2.47	1.71	1.03	1.11	1.52	1.96	1.64	1.76	1.6	1.53	1.46	1.71	1.63	1.95	2.31	1.89	1.68	1.26	1.45	1.66	1.54	1.75	1.32	1.56	1.64	2.1	2.73	3.27	1.75	1.14	0.93	0.66	0.74	0.78	1.24	1.75	1.78	1.19	1.23	0.95	1.39	1.85	2.27	1.68	2.02	2.36	2.27	1.55	1.11	1.38	1.25	1.15	1.46	1.17	1.44	2.09	1.91	1.56	1.42	1.7	2.28	2.22	2.59	2.28	2.75	2.41	1.98	1.23	1.19	1.41	1.47	1.26	0.89	1.85	1.55	1.42	1.19	0.95	1.0	1.02	1.48	1.97	1.97	1.74	1.0	0.49	0.95	1.54	2.24	1.58	1.76	2.0	2.11	2.04	1.49	1.45	1.46	1.58	1.61	1.66	1.49	1.8	2.17	2.29	2.22	1.47	1.52	1.27	1.2	0.82	1.26	1.42	1.9	2.14	2.51	2.36	2.15	1.98	1.55	1.14	1.2	1.24	1.39	1.95	3.01
1.0	2.0	3.0	4.0	5.0	6.0	7.0	8.0	9.0	10.0	11.0	12.0	13.0	14.0	15.0	16.0	17.0	18.0	19.0	20.0	21.0	22.0	23.0	24.0	25.0	26.0	27.0	28.0	29.0	30.0	31.0	32.0	33.0	34.0	35.0	36.0	37.0	38.0	39.0	40.0	41.0	42.0	43.0	44.0	45.0	46.0	47.0	48.0	49.0	50.0	51.0	52.0	53.0	54.0	55.0	56.0	57.0	58.0	59.0	60.0	61.0	62.0	63.0	64.0	65.0	66.0	67.0	68.0	69.0	70.0	71.0	72.0	73.0	74.0	75.0	76.0	77.0	78.0	79.0	80.0	81.0	82.0	83.0	84.0	85.0	86.0	87.0	88.0	89.0	90.0	91.0	92.0	93.0	94.0	95.0	96.0	97.0	98.0	99.0	100.0	101.0	102.0	103.0	104.0	105.0	106.0	107.0	108.0	109.0	110.0	111.0	112.0	113.0	114.0	115.0	116.0	117.0	118.0	119.0	120.0	121.0	122.0	123.0	124.0	125.0	126.0	127.0	128.0	129.0	130.0	131.0	132.0	133.0	134.0	135.0	136.0	137.0	138.0	139.0	140.0	141.0	142.0	143.0	144.0	145.0	146.0	147.0	148.0	149.0	149.0	150.0	151.0	152.0	153.0	154.0	155.0	156.0	157.0	158.0	159.0	160.0	161.0	162.0	163.0	164.0	165.0	166.0	167.0	168.0	169.0	170.0	171.0	172.0	173.0	174.0	175.0	176.0	177.0	178.0	179.0	180.0	181.0	182.0	183.0	184.0	185.0	186.0	187.0	188.0	189.0	190.0	191.0	192.0	193.0	194.0	195.0	196.0	197.0	198.0	199.0	200.0	201.0	202.0	203.0	204.0	205.0	206.0	207.0	208.0	209.0	210.0	211.0	212.0	213.0	214.0	215.0	216.0	217.0	218.0	219.0	220.0	221.0	222.0	223.0	224.0	225.0	226.0	227.0	228.0	229.0	230.0	231.0	232.0	233.0	234.0	235.0	236.0	237.0	238.0	239.0	240.0	241.0	242.0	243.0	244.0	245.0	246.0	247.0	248.0	249.0	250.0	251.0	252.0	253.0	254.0	255.0	256.0	257.0	258.0	259.0	260.0	261.0	262.0	263.0	264.0	265.0	266.0	267.0	268.0	269.0	270.0	271.0	272.0	273.0	274.0	275.0	276.0	277.0	278.0	279.0	280.0	281.0	282.0	283.0	284.0	285.0	286.0	287.0	288.0	289.0	290.0	291.0	292.0	293.0	294.0	295.0	296.0	297.0	298.0	298.0
4366.484532353974
