4491.703965077395	300.0	2000.0	66.65267996882919	0	0.0	4491.703965077395	1	0	1	-1.1104311204152706
4582.167873059332	300.0	2900.489701219869	0.0	0	0.0	4482.657574279201	1	0	2	-1.1103915530562378
4675.615514054783	500.0	3797.6972961248734	0.0	0	0.0	4473.3128101796565	1	0	2	-0.9048864383827216
5200.0	500.0	4220.8743615851345	0.0	0	407.4324642990605	4420.8743615851345	1	0	2	-0.38005971118845777
6200.0	500.0	4120.874361585134	0.0	0	902.9514368865803	4320.8743615851345	1	0	2	-0.32976716783849314
7200.0	1000.0	4120.874361585133	0.0	0	803.5455217459476	4320.8743615851345	1	0	1	-0.30812901755737465
8200.0	1000.0	4020.874361585131	0.0	0	783.4777975000488	4220.8743615851345	1	0	2	0.21602460809145202
9200.0	2000.0	3920.874361585129	0.0	0	559.1202325349532	4120.874361585133	1	0	2	0.4651069561082593
10200.0	3000.0	3820.874361585129	0.0	0	468.4123941273847	4020.8743615851326	1	0	2	1.204671906056717
11568.431288635687	6000.0	3315.5999440858727	0.0	0	0.0	3884.0312327215643	1	0	2	1.6676946447604148
12603.279578673402	6000.0	3177.2668250443867	0.0	0	0.0	3780.5464037177935	1	0	2	2.4070805306438023
13760.59739010495	6000.0	2904.2172324696876	0.0	0	0.0	3664.8146225746405	1	0	2	2.442167494561867
14987.943608429523	6000.0	2554.1363923126537	0.0	0	0.0	3542.080000742182	1	0	2	2.480379552741051
16127.164131367786	6000.0	2300.9938170805644	0.0	0	0.0	3428.1579484483573	1	0	2	2.5139538514330897
17572.924020217066	6000.0	1855.2339282312814	0.0	0	0.0	3428.1579484483536	1	0	1	2.52173176119726
18444.58165414035	6000.0	1983.576294307998	0.0	0	0.0	3428.1579484483573	1	0	1	2.721731761197259
19319.78240017737	6000.0	2108.3755482709807	0.0	0	0.0	3428.157948448359	1	0	1	2.721731761197259
19988.860184198187	6000.0	2439.2977642501614	0.0	0	0.0	3428.1579484483555	1	0	1	2.721731761197259
20734.039764617617	6000.0	2694.118183830733	0.0	0	0.0	3428.1579484483555	1	0	1	2.7217317611972596
21613.778663204645	6000.0	2814.3792852437014	0.0	0	0.0	3428.1579484483555	1	0	1	2.7217317611972596
22885.088074094932	6000.0	2543.069874353416	0.0	0	0.0	3428.157948448352	1	0	1	2.721731761197261
23788.317023802487	6000.0	2639.8409246458627	0.0	0	0.0	3428.157948448352	1	0	1	2.721731761197261
24714.630225894845	6000.0	2713.527722553502	0.0	0	0.0	3428.157948448352	1	0	1	2.721731761197261
25901.88037101277	6000.0	2526.277577435574	0.0	0	0.0	3428.157948448352	1	0	1	2.721731761197261
27291.777081709733	6000.0	2136.3808667386083	0.0	0	0.0	3428.157948448352	1	0	1	2.721731761197261
28379.066688152907	6000.0	2049.091260295432	0.0	0	0.0	3428.1579484483555	1	0	1	2.7217317611972596
29584.92354200686	6000.0	1843.2344064414785	0.0	0	0.0	3428.1579484483555	1	0	1	2.7217317611972596
30751.70073918453	6000.0	1676.4572092638105	0.0	0	0.0	3428.1579484483555	1	0	1	2.7217317611972596
32030.761912678383	6000.0	1397.396035769954	0.0	0	0.0	3428.1579484483555	1	0	1	2.7217317611972596
33173.08032563448	6000.0	1140.8457815182483	0.0	0	0.0	3313.926107152747	1	0	2	2.343058095771567
33560.36939162143	3000.0	1753.5567155313	0.0	0	0.0	3313.926107152751	1	0	1	1.1641279163128118
34074.408617687775	3000.0	2239.517489464961	0.0	0	0.0	3313.9261071527544	1	0	1	2.0572750968727567
35327.24819437656	6000.0	1986.6779127761818	0.0	0	0.0	3313.926107152758	1	0	1	2.057275096872755
36476.773608447686	6000.0	1837.1524987050523	0.0	0	0.0	3313.926107152758	1	0	1	2.7504222774327003
37536.23792904897	6000.0	1777.6881781037634	0.0	0	0.0	3313.926107152758	1	0	1	2.7504222774327
38835.18636369752	6000.0	1478.739743455211	0.0	0	0.0	3313.926107152751	1	0	1	2.750422277432701
40176.93110992499	6000.0	1136.9949972277332	0.0	0	0.0	3313.926107152751	1	0	1	2.750422277432701
41266.00125536066	6000.0	1047.9248517920691	0.0	0	0.0	3313.926107152751	1	0	1	2.750422277432701
41922.07960509495	6000.0	1326.238667084351	0.0	0	0.0	3248.3182721793273	1	0	2	2.362244015928387
42762.20527537359	6000.0	1486.112996805704	0.0	0	0.0	3248.31827217932	1	0	1	2.565655795226739
43869.97894866391	6000.0	1378.339323515384	0.0	0	0.0	3248.31827217932	1	0	1	2.7656557952267393
44874.118289851715	6000.0	1374.19998232758	0.0	0	0.0	3248.31827217932	1	0	1	2.7656557952267393
45994.941440728464	6000.0	1253.3768314508402	0.0	0	0.0	3248.31827217932	1	0	1	2.7656557952267393
47453.56675305831	6000.0	794.7515191210016	0.0	0	0.0	3248.3182721793273	1	0	1	2.7656557952267375
48519.249153087774	6000.0	729.0691190915363	0.0	0	0.0	3248.3182721793273	1	0	1	2.7656557952267375
49193.705809760686	6000.0	1054.6124624186182	0.0	0	0.0	3248.3182721793346	1	0	1	2.7656557952267358
49808.458711105304	3000.0	1439.859561074005	0.0	0	0.0	3248.3182721793273	1	0	1	1.3793614341068476
51270.83797882555	6000.0	831.2423665817428	0.0	0	0.0	3102.0803454073102	1	0	2	1.6949610518524652
51797.04514805683	3000.0	1305.0351973504617	0.0	0	0.0	3102.0803454073102	1	0	1	1.210302413695952
52370.47330062037	3000.0	1731.6070447869188	0.0	0	0.0	3102.0803454073102	1	0	1	2.103449594255897
52824.28489845698	3000.0	2277.7954469503134	0.0	0	0.0	3102.0803454073102	1	0	1	2.103449594255897
53318.813492693414	3000.0	2783.2668527138817	0.0	0	0.0	3102.0803454073175	1	0	1	2.1034495942558955
54509.585059553596	6000.0	2592.4952858537017	0.0	0	0.0	3102.0803454073175	1	0	1	2.1034495942558955
55430.7916758736	6000.0	2671.2886695336956	0.0	0	0.0	3102.0803454073175	1	0	1	2.7965967748158405
56226.59511841677	6000.0	2875.4852269905323	0.0	0	0.0	3102.080345407325	1	0	1	2.7965967748158387
57200.0	6000.0	2902.0803454073002	0.0	0	214.48563742691476	3102.080345407325	1	0	1	2.7965967748158387
58334.874725910115	6000.0	2767.2056194971856	0.0	0	0.0	3102.080345407325	1	0	1	2.7965967748158387
59782.391991409844	6000.0	2319.6883539974497	0.0	0	0.0	3102.080345407325	1	0	1	2.7965967748158387
60932.65881684042	6000.0	2169.4215285668683	0.0	0	0.0	3102.0803454073175	1	0	1	2.7965967748158405
61742.359001695266	6000.0	2359.7213437120217	0.0	0	0.0	3102.0803454073175	1	0	1	2.7965967748158405
63055.55737927335	6000.0	2046.522966133944	0.0	0	0.0	3102.0803454073175	1	0	1	2.7965967748158405
64389.27371908077	6000.0	1712.8066263265157	0.0	0	0.0	3102.0803454073175	1	0	1	2.7965967748158405
65592.06764153978	6000.0	1510.012703867506	0.0	0	0.0	3102.0803454073175	1	0	1	2.796596774815842
66541.29566542763	6000.0	1560.784679979633	0.0	0	0.0	3102.080345407303	1	0	1	2.7965967748158413
67677.6286548823	6000.0	1424.4516905249795	0.0	0	0.0	3102.0803454073175	1	0	1	2.796596774815841
68925.94566581813	6000.0	1176.13467958914	0.0	0	0.0	3102.0803454073175	1	0	1	2.7965967748158413
69918.64877448937	6000.0	1183.4315709178911	0.0	0	0.0	3102.080345407303	1	0	1	2.7965967748158422
71065.48412809448	6000.0	1036.5962173127791	0.0	0	0.0	3102.080345407303	1	0	1	2.796596774815843
71969.1262213114	6000.0	1132.9541240958813	0.0	0	0.0	3102.080345407303	1	0	1	2.796596774815843
73070.79965554777	6000.0	1031.2806898595045	0.0	0	0.0	3102.0803454073175	1	0	1	2.7965967748158405
74155.36687193418	6000.0	946.713473473089	0.0	0	0.0	3102.0803454073175	1	0	1	2.7965967748158405
74973.59347682122	6000.0	1128.486868586048	0.0	0	0.0	3102.0803454073175	1	0	1	2.7965967748158405
75884.83260960378	6000.0	1217.2477358034848	0.0	0	0.0	3102.0803454073175	1	0	1	2.7965967748158405
76912.79558606059	6000.0	1189.2847593466834	0.0	0	0.0	3102.080345407332	1	0	1	2.796596774815838
77738.32751790452	6000.0	1363.752827502748	0.0	0	0.0	3102.0803454073175	1	0	1	2.7965967748158405
78550.33066211818	6000.0	1551.7496832890674	0.0	0	0.0	3102.080345407303	1	0	1	2.796596774815843
79514.68433513018	6000.0	1587.3960102770598	0.0	0	0.0	3102.080345407303	1	0	1	2.796596774815843
80101.07346730161	6000.0	2001.006878105627	0.0	0	0.0	3102.0803454073175	1	0	1	2.7965967748158405
81244.14985134226	6000.0	1857.9304940649815	0.0	0	0.0	3102.0803454073175	1	0	1	2.7965967748158405
82125.19493245747	6000.0	1976.885412949768	0.0	0	0.0	3102.0803454073175	1	0	1	2.7965967748158405
83156.72767953212	6000.0	1945.352665875097	0.0	0	0.0	3102.0803454073175	1	0	1	2.7965967748158405
84031.9556016127	6000.0	2070.1247437945112	0.0	0	0.0	3102.080345407303	1	0	1	2.796596774815843
85494.80130762592	6000.0	1607.2790377812803	0.0	0	0.0	3102.080345407303	1	0	1	2.796596774815843
86536.41860053147	6000.0	1565.6617448757318	0.0	0	0.0	3102.080345407303	1	0	1	2.796596774815843
87511.0435652399	6000.0	1591.0367801673028	0.0	0	0.0	3102.0803454072884	1	0	1	2.7965967748158462
88062.58221010215	6000.0	2039.4981353050518	0.0	0	0.0	3102.0803454072884	1	0	1	2.7965967748158462
88668.84121357113	6000.0	2433.2391318360783	0.0	0	0.0	3102.0803454072884	1	0	1	2.7965967748158462
89322.96899205023	6000.0	2779.1113533569815	0.0	0	0.0	3102.0803454072884	1	0	1	2.7965967748158462
90430.45472912672	6000.0	2671.6256162804966	0.0	0	0.0	3102.080345407274	1	0	1	2.7965967748158493
91668.57853464715	6000.0	2433.5018107600695	0.0	0	0.0	3102.080345407274	1	0	1	2.7965967748158493
92962.38793460449	6000.0	2139.692410802756	0.0	0	0.0	3102.080345407274	1	0	1	2.7965967748158493
93948.23559350403	6000.0	2153.8447519032056	0.0	0	0.0	3102.0803454072884	1	0	1	2.7965967748158462
94808.12170751339	6000.0	2293.9586378938434	0.0	0	0.0	3102.0803454072884	1	0	1	2.7965967748158462
95605.76749439091	6000.0	2496.3128510163165	0.0	0	0.0	3102.0803454072884	1	0	1	2.7965967748158462
96658.88162528379	6000.0	2443.198720123438	0.0	0	0.0	3102.080345407274	1	0	1	2.7965967748158493
98174.83162284427	6000.0	1927.2487225629432	0.0	0	0.0	3102.080345407274	1	0	1	2.7965967748158493
99797.02981532963	6000.0	1305.0505300775735	0.0	0	0.0	3102.0803454072884	1	0	1	2.7965967748158462
100617.0854731805	3000.0	1484.9948722267115	0.0	0	0.0	3102.0803454072884	1	0	1	1.4103024136959565
101111.91888303547	3000.0	1990.1614623717423	0.0	0	0.0	3102.080345407303	1	0	1	2.103449594255898
101758.5658673641	3000.0	2343.5144780431006	0.0	0	0.0	3102.080345407303	1	0	1	2.103449594255898
102527.55187554198	3000.0	2574.528469865218	0.0	0	0.0	3102.080345407303	1	0	1	2.103449594255898
103310.15164486418	3000.0	2791.9287005430283	0.0	0	0.0	3102.080345407303	1	0	1	2.103449594255898
104200.0	3000.0	2902.0803454071875	0.0	0	167.72694695187965	3102.080345407303	1	0	1	2.103449594255898
105200.0	3000.0	2902.0803454071875	0.0	0	172.81640270251955	3102.0803454073175	1	0	1	2.1034495942558955
106200.0	3000.0	2902.080345407188	0.0	0	420.71888052161376	3102.080345407303	1	0	1	2.103449594255898
107200.0	3000.0	2902.0803454071997	0.0	0	566.8497716181737	3102.080345407303	1	0	1	2.103449594255898
108200.0	3000.0	2802.0803454072125	0.0	0	373.4708752520528	3002.0803454073175	1	0	2	1.7153325537216482
109200.0	3000.0	2702.080345407228	0.0	0	609.2250507250137	2902.080345407332	1	0	2	1.9329060040421857
110648.98549781891	6000.0	2253.0948475883324	0.0	0	0.0	2902.080345407332	1	0	1	1.9397029905804657
111382.01557123844	6000.0	2520.0647741687976	0.0	0	0.0	2902.080345407332	1	0	1	2.832850171140411
112709.31389903673	6000.0	2192.7664463705023	0.0	0	0.0	2902.080345407332	1	0	1	2.832850171140411
114023.8668028361	6000.0	1878.2135425711322	0.0	0	0.0	2902.0803454073175	1	0	1	2.832850171140413
114979.05403829114	6000.0	1923.0263071160925	0.0	0	0.0	2902.0803454073175	1	0	1	2.832850171140413
116117.33398096921	6000.0	1784.7463644380136	0.0	0	0.0	2902.080345407303	1	0	1	2.8328501711404157
117135.18499150561	6000.0	1766.8953539016304	0.0	0	0.0	2902.080345407303	1	0	1	2.8328501711404157
118164.88482582897	6000.0	1737.1955195782787	0.0	0	0.0	2902.080345407303	1	0	1	2.8328501711404157
119167.95653480891	6000.0	1734.123810598341	0.0	0	0.0	2902.0803454073175	1	0	1	2.832850171140413
120044.71153361793	6000.0	1857.368811789339	0.0	0	0.0	2902.0803454073175	1	0	1	2.832850171140413
121131.83907199847	6000.0	1770.241273408805	0.0	0	0.0	2902.0803454073175	1	0	1	2.832850171140413
122018.30775363902	6000.0	1883.772591768256	0.0	0	0.0	2902.0803454073175	1	0	1	2.832850171140413
123061.08663125428	6000.0	1840.9937141530213	0.0	0	0.0	2902.0803454073175	1	0	1	2.832850171140413
123990.9416208037	6000.0	1911.1387246036047	0.0	0	0.0	2902.0803454073175	1	0	1	2.832850171140413
124912.49810278247	6000.0	1989.5822426248549	0.0	0	0.0	2902.0803454073175	1	0	1	2.832850171140413
125992.49124035193	6000.0	1909.589105055414	0.0	0	0.0	2902.080345407332	1	0	1	2.832850171140411
127157.11058966196	6000.0	1744.9697557454	0.0	0	0.0	2902.080345407332	1	0	1	2.832850171140411
127868.6879404828	6000.0	2033.3924049245338	0.0	0	0.0	2902.080345407332	1	0	1	2.832850171140411
128964.37525155224	6000.0	1937.705093855115	0.0	0	0.0	2902.080345407332	1	0	1	2.832850171140411
129951.8837624644	6000.0	1950.196582942964	0.0	0	0.0	2902.080345407332	1	0	1	2.832850171140411
130819.0213426199	6000.0	2083.059002787438	0.0	0	0.0	2902.080345407332	1	0	1	2.832850171140411
131673.4325226506	6000.0	2228.647822756745	0.0	0	0.0	2902.0803454073466	1	0	1	2.8328501711404117
132489.97730598043	6000.0	2412.1030394269233	0.0	0	0.0	2902.080345407332	1	0	1	2.83285017114041
133340.998670534	6000.0	2561.081674873301	0.0	0	0.0	2902.0803454072593	1	0	1	2.832850171140418
134301.60409424888	6000.0	2600.476251158442	0.0	0	0.0	2902.080345407274	1	0	1	2.832850171140421
135200.0	6000.0	2702.0803454073507	0.0	0	203.25619290341274	2902.080345407303	1	0	1	2.8328501711404157
136403.74824653525	6000.0	2498.332098872083	0.0	0	0.0	2902.080345407303	1	0	1	2.8328501711404157
137200.0	6000.0	2702.0803454073443	0.0	0	5.79512684236397	2902.080345407332	1	0	1	2.832850171140411
138439.52351627473	6000.0	2462.5568291326044	0.0	0	0.0	2902.080345407332	1	0	1	2.832850171140411
139358.46077976134	6000.0	2543.6195656459618	0.0	0	0.0	2902.080345407332	1	0	1	2.832850171140411
140523.4229340187	6000.0	2378.6574113886545	0.0	0	0.0	2902.080345407332	1	0	1	2.832850171140411
141410.94608252618	6000.0	2491.1342628811767	0.0	0	0.0	2902.080345407332	1	0	1	2.832850171140411
142322.168742196	6000.0	2579.911603211373	0.0	0	0.0	2902.080345407361	1	0	1	2.832850171140406
143306.04489881155	6000.0	2596.0354465958094	0.0	0	0.0	2902.080345407361	1	0	1	2.832850171140406
144883.90302744755	6000.0	2018.1773179598217	0.0	0	0.0	2902.0803454073903	1	0	1	2.8328501711404015
146272.6772265042	6000.0	1629.4031189031489	0.0	0	0.0	2902.0803454073903	1	0	1	2.8328501711404015
147434.74450877393	6000.0	1467.335836633429	0.0	0	0.0	2902.0803454073903	1	0	1	2.8328501711404015
148815.44880660422	6000.0	1086.6315388031335	0.0	0	0.0	2902.0803454073903	1	0	1	2.8328501711404015
149914.75876419997	6000.0	987.3215812073672	0.0	0	0.0	2902.0803454073903	1	0	1	2.8328501711404015
150409.8766599865	3000.0	1492.2036854208177	0.0	0	0.0	2902.080345407361	1	0	1	1.4465558100205163
150767.3080180008	3000.0	2134.772327406524	0.0	0	0.0	2902.080345407361	1	0	1	2.1397029905804614
151587.21820013443	6000.0	2314.862145272893	0.0	0	0.0	2902.080345407361	1	0	1	2.139702990580461
152200.0	6000.0	2702.0803454073503	0.0	0	58.77486436185427	2902.080345407361	1	0	1	2.832850171140406
153200.0	6000.0	2702.080345407308	0.0	0	7.023548229481094	2902.080345407361	1	0	1	2.832850171140406
154331.22476409166	6000.0	2570.855581315634	0.0	0	0.0	2902.080345407361	1	0	1	2.832850171140406
155200.0	6000.0	2702.080345407277	0.0	0	255.5412317114533	2902.080345407361	1	0	1	2.832850171140406
156583.30442184766	6000.0	2318.7759235596054	0.0	0	0.0	2902.080345407361	1	0	1	2.832850171140406
157822.53060194376	6000.0	2079.5497434635126	0.0	0	0.0	2902.0803454073903	1	0	1	2.8328501711404033
159100.4277062217	6000.0	1801.6526391855843	0.0	0	0.0	2902.0803454073903	1	0	1	2.8328501711404015
160049.33035418479	6000.0	1852.749991222519	0.0	0	0.0	2902.080345407361	1	0	1	2.832850171140406
161468.5287994661	6000.0	1433.55154594121	0.0	0	0.0	2902.080345407361	1	0	1	2.832850171140406
162304.02876668196	6000.0	1598.0515787253407	0.0	0	0.0	2902.080345407361	1	0	1	2.832850171140406
163060.3119141662	6000.0	1841.768431241071	0.0	0	0.0	2902.080345407361	1	0	1	2.832850171140406
164489.21407324003	6000.0	1412.8662721672238	0.0	0	0.0	2902.080345407332	1	0	1	2.832850171140407
165031.07777708696	3000.0	1816.8161979355928	0.0	0	0.0	2847.893975022598	1	0	2	1.0532894609187948
166045.65384389876	6000.0	1802.2401311237907	0.0	0	0.0	2847.893975022598	1	0	1	1.948442085199699
166925.03197841972	6000.0	1922.8619966028198	0.0	0	0.0	2847.893975022569	1	0	1	2.841589265759649
167824.39921793327	6000.0	2023.4947570892602	0.0	0	0.0	2847.893975022569	1	0	1	2.841589265759649
168931.78942403643	6000.0	1916.1045509861312	0.0	0	0.0	2847.893975022569	1	0	1	2.841589265759649
169785.11060821544	6000.0	2062.783366807109	0.0	0	0.0	2847.893975022569	1	0	1	2.841589265759649
170970.38401791337	6000.0	1877.50995710919	0.0	0	0.0	2847.89397502254	1	0	1	2.841589265759653
171945.37031265965	6000.0	1902.5236623629198	0.0	0	0.0	2847.89397502254	1	0	1	2.8415892657596538
173053.17034953658	6000.0	1794.7236254859586	0.0	0	0.0	2847.893975022511	1	0	1	2.841589265759658
174257.66335014554	6000.0	1590.2306248770064	0.0	0	0.0	2847.89397502254	1	0	1	2.8415892657596538
175351.3433513439	6000.0	1496.5506236786543	0.0	0	0.0	2847.89397502254	1	0	1	2.8415892657596538
176648.04186767552	6000.0	1199.8521073470545	0.0	0	0.0	2847.89397502254	1	0	1	2.8415892657596538
178110.90995844462	6000.0	736.9840165779505	0.0	0	0.0	2847.89397502254	1	0	1	2.8415892657596538
178768.15405747716	3000.0	1079.7399175453688	0.0	0	0.0	2847.893975022511	1	0	1	1.4552949046397683
179562.98074618998	3000.0	1284.9132288325945	0.0	0	0.0	2847.893975022511	1	0	1	2.1484420851997132
180161.3419814797	3000.0	1686.551993542885	0.0	0	0.0	2847.893975022511	1	0	1	2.1484420851997132
180640.61059971413	3000.0	2207.28337530843	0.0	0	0.0	2847.893975022511	1	0	1	2.1484420851997132
181232.55836317467	3000.0	2615.335611847888	0.0	0	0.0	2847.893975022511	1	0	1	2.1484420851997132
182200.0	6000.0	2647.893975022562	0.0	0	186.7002167989849	2847.893975022511	1	0	1	2.1484420851997132
183200.0	6000.0	2647.893975022577	0.0	0	336.8933778461651	2847.893975022511	1	0	1	2.841589265759658
184200.0	6000.0	2647.8939750225786	0.0	0	190.198045127152	2847.893975022511	1	0	1	2.841589265759658
185200.0	6000.0	2647.8939750225622	0.0	0	12.783014042681316	2847.893975022511	1	0	1	2.841589265759658
186853.19361303965	6000.0	1994.7003619828974	0.0	0	0.0	2847.893975022511	1	0	1	2.841589265759658
187868.8622484796	6000.0	1979.0317265429348	0.0	0	0.0	2847.893975022511	1	0	1	2.841589265759658
189182.56959444628	6000.0	1665.3243805762668	0.0	0	0.0	2847.893975022511	1	0	1	2.841589265759658
190067.81470640207	6000.0	1780.0792686204531	0.0	0	0.0	2847.893975022511	1	0	1	2.841589265759658
190841.474112755	6000.0	2006.4198622674933	0.0	0	0.0	2847.893975022511	1	0	1	2.841589265759658
191644.09841121826	6000.0	2203.7955638042713	0.0	0	0.0	2847.89397502254	1	0	1	2.8415892657596538
192706.83582321266	6000.0	2141.0581518098716	0.0	0	0.0	2847.89397502254	1	0	1	2.8415892657596538
193995.27010861537	6000.0	1852.623866407161	0.0	0	0.0	2847.89397502254	1	0	1	2.8415892657596538
195229.86817085755	6000.0	1618.0258041650095	0.0	0	0.0	2847.89397502254	1	0	1	2.8415892657596538
196400.80287524813	6000.0	1447.091099774401	0.0	0	0.0	2847.893975022511	1	0	1	2.8415892657596546
197132.19529772043	6000.0	1715.6986773021115	0.0	0	0.0	2847.893975022511	1	0	1	2.841589265759658
197953.34741945	6000.0	1894.5465555725586	0.0	0	0.0	2847.893975022511	1	0	1	2.841589265759658
199211.54685593545	6000.0	1636.3471190871087	0.0	0	0.0	2847.89397502254	1	0	1	2.8415892657596538
200677.6645638471	6000.0	1170.2294111754798	0.0	0	0.0	2847.89397502254	1	0	1	2.8415892657596538
201693.07765380485	6000.0	1154.816321217729	0.0	0	0.0	2847.89397502254	1	0	1	2.8415892657596538
202349.65231139082	6000.0	1498.2416636317475	0.0	0	0.0	2847.89397502254	1	0	1	2.8415892657596538
203861.88037677013	6000.0	986.0135982524033	0.0	0	0.0	2847.893975022511	1	0	1	2.841589265759658
204478.0422430878	3000.0	1369.8517319347334	0.0	0	0.0	2847.89397502254	1	0	1	1.4552949046397656
205003.90919352951	3000.0	1843.9847814930524	0.0	0	0.0	2847.89397502254	1	0	1	2.1484420851997084
205899.51584218253	6000.0	1948.3781328400166	0.0	0	0.0	2847.893975022569	1	0	1	2.1484420851997035
206807.57365790074	6000.0	2040.320317121846	0.0	0	0.0	2847.893975022569	1	0	1	2.841589265759649
207992.08302973513	6000.0	1855.810945287462	0.0	0	0.0	2847.893975022569	1	0	1	2.841589265759649
209205.20607615536	6000.0	1642.687898867255	0.0	0	0.0	2847.893975022598	1	0	1	2.8415892657596444
210083.4719024502	6000.0	1764.4220725724049	0.0	0	0.0	2847.893975022569	1	0	1	2.841589265759649
211149.73485494626	6000.0	1698.1591200763244	0.0	0	0.0	2847.893975022569	1	0	1	2.841589265759649
212668.31581684892	6000.0	1179.5781581736999	0.0	0	0.0	2847.893975022569	1	0	1	2.841589265759649
214083.954909602	6000.0	763.9390654206311	0.0	0	0.0	2847.893975022598	1	0	1	2.8415892657596444
214608.33584308732	3000.0	1239.5581319353134	0.0	0	0.0	2847.893975022598	1	0	1	1.4552949046397545
215078.8287688457	3000.0	1769.0652061769142	0.0	0	0.0	2847.893975022598	1	0	1	2.1484420851996995
215611.2734579193	3000.0	2183.37604819596	0.0	0	0.0	2794.649506115209	1	0	2	1.7545850863636143
216639.54529751703	6000.0	2155.1042085982267	0.0	0	0.0	2794.649506115209	1	0	1	1.9566161057514906
217397.54293057453	6000.0	2397.106575540724	0.0	0	0.0	2794.649506115209	1	0	1	2.8497632863114357
218224.68926892919	6000.0	2569.9602371860897	0.0	0	0.0	2794.649506115209	1	0	1	2.8497632863114357
219200.0	6000.0	2594.64950611525	0.0	0	11.616955641657114	2794.649506115209	1	0	1	2.8497632863114357
220200.0	6000.0	2594.6495061152523	0.0	0	125.43748926068656	2794.649506115209	1	0	1	2.8497632863114357
221200.0	6000.0	2594.649506115238	0.0	0	98.82421329512727	2794.649506115209	1	0	1	2.8497632863114357
222232.06558119348	6000.0	2562.5839249217584	0.0	0	0.0	2794.649506115209	1	0	1	2.8497632863114357
223412.80822394876	6000.0	2381.8412821664933	0.0	0	0.0	2794.649506115209	1	0	1	2.8497632863114357
224271.29215934052	6000.0	2523.3573467747337	0.0	0	0.0	2794.64950611518	1	0	1	2.84976328631144
225200.0	6000.0	2594.649506115253	0.0	0	49.807001927198144	2794.64950611518	1	0	1	2.84976328631144
226200.0	6000.0	2594.6495061152314	0.0	0	335.3589314353012	2794.64950611518	1	0	1	2.84976328631144
227200.0	6000.0	2594.6495061152523	0.0	0	67.50223229301628	2794.64950611518	1	0	1	2.84976328631144
228401.3955701429	6000.0	2393.253935972375	0.0	0	0.0	2794.649506115209	1	0	1	2.8497632863114393
229200.0	6000.0	2594.6495061152673	0.0	0	79.77332590852166	2794.64950611518	1	0	1	2.84976328631144
230200.0	6000.0	2594.6495061152946	0.0	0	137.67657065109233	2794.649506115209	1	0	1	2.8497632863114357
231305.4996710414	6000.0	2489.1498350738857	0.0	0	0.0	2794.649506115209	1	0	1	2.8497632863114357
232837.6254639674	6000.0	1957.0240421479045	0.0	0	0.0	2794.64950611518	1	0	1	2.84976328631144
234206.7510651954	6000.0	1587.8984409199295	0.0	0	0.0	2794.649506115209	1	0	1	2.8497632863114357
235689.30422319673	6000.0	1105.3452829185892	0.0	0	0.0	2794.649506115209	1	0	1	2.8497632863114357
236469.29079272668	6000.0	1325.3587133886579	0.0	0	0.0	2794.649506115209	1	0	1	2.8497632863114357
237345.10745583248	6000.0	1449.5420502828597	0.0	0	0.0	2794.649506115209	1	0	1	2.8497632863114357
238133.03356931754	6000.0	1661.615936797789	0.0	0	0.0	2794.649506115209	1	0	1	2.8497632863114357
239072.48301761138	6000.0	1722.1664885039902	0.0	0	0.0	2794.649506115209	1	0	1	2.8497632863114357
240249.7150473159	6000.0	1544.934458799473	0.0	0	0.0	2794.649506115238	1	0	1	2.8497632863114313
241358.55140185656	6000.0	1436.0981042588112	0.0	0	0.0	2794.649506115209	1	0	1	2.8497632863114357
242809.33138758806	6000.0	985.3181185272994	0.0	0	0.0	2794.649506115238	1	0	1	2.849763286311432
243916.30514757073	6000.0	878.3443585446192	0.0	0	0.0	2794.649506115209	1	0	1	2.8497632863114357
244933.63374646072	6000.0	861.0157596546537	0.0	0	0.0	2794.64950611518	1	0	1	2.84976328631144
246069.13016544512	6000.0	725.5193406702574	0.0	0	0.0	2794.649506115209	1	0	1	2.8497632863114357
247791.81486168166	6000.0	200.0	335.8489319908415	0	0.0	2991.8148616816616	1	0	2	0.41490316106603237
248361.55893428408	3000.0	715.0901265004215	84.83419910284445	0	0.0	3076.649060784519	1	0	1	0.7062782476010812
249072.97498199565	3000.0	1003.6740787888349	0.0	0	0.0	3076.649060784519	1	0	1	2.108430622778093
249711.47578884786	3000.0	1365.1732719366066	0.0	0	0.0	3076.64906078449	1	0	1	2.1084306227780987
250202.35950510475	3000.0	1874.2895556797419	0.0	0	0.0	3076.64906078449	1	0	1	2.1084306227780987
251082.12381248857	3000.0	1994.5252482959058	0.0	0	0.0	3076.64906078449	1	0	1	2.1084306227780987
251929.49296254787	3000.0	2147.1560982365972	0.0	0	0.0	3076.64906078449	1	0	1	2.1084306227780987
252414.1354272347	3000.0	2614.0493870811065	0.0	0	0.0	3028.184814315813	1	0	2	1.715165904989231
253200.0	3000.0	2749.598357039228	0.0	0	219.68465156896855	2949.598357039242	1	0	2	1.926392745054803
254203.6140644525	3000.0	2745.984292586718	0.0	0	0.0	2949.5983570392127	1	0	1	1.9316750393103943
255200.0	3000.0	2749.5983570392264	0.0	0	460.9094331547967	2949.5983570392127	1	0	1	2.1316750393103945
256200.0	3000.0	2749.5983570392027	0.0	0	422.14752553316066	2949.5983570391836	1	0	1	2.1316750393103994
257200.0	3000.0	2749.598357039191	0.0	0	389.5773598664382	2949.5983570391836	1	0	1	2.1316750393103994
258200.0	3000.0	2749.598357039162	0.0	0	430.7361058475217	2949.5983570391545	1	0	1	2.1316750393104043
259606.1972448461	6000.0	2343.4011121930725	0.0	0	0.0	2949.5983570391545	1	0	1	2.131675039310406
260551.30484761787	6000.0	2398.2935094212903	0.0	0	0.0	2949.5983570391254	1	0	1	2.8248222198703505
261891.71678298595	6000.0	2057.8815740532154	0.0	0	0.0	2949.5983570391254	1	0	1	2.824822219870354
263190.9830520578	6000.0	1758.6153049813308	0.0	0	0.0	2949.598357039067	1	0	1	2.8248222198703603
264131.5310934294	6000.0	1818.0672636097154	0.0	0	0.0	2949.5983570390963	1	0	1	2.8248222198703616
265282.38290839	6000.0	1667.2154486491152	0.0	0	0.0	2949.5983570390963	1	0	1	2.8248222198703594
266187.3655526768	6000.0	1762.2328043622995	0.0	0	0.0	2949.5983570390963	1	0	1	2.8248222198703594
266985.4366678633	6000.0	1964.1616891757706	0.0	0	0.0	2949.598357039038	1	0	1	2.824822219870369
268181.98533107457	6000.0	1767.6130259645502	0.0	0	0.0	2949.598357039038	1	0	1	2.824822219870369
268917.6392658508	6000.0	2031.9590911882829	0.0	0	0.0	2949.5983570390963	1	0	1	2.8248222198703594
269815.902613784	6000.0	2133.6957432551767	0.0	0	0.0	2949.5983570391545	1	0	1	2.824822219870353
270933.56723658886	6000.0	2016.0311204503662	0.0	0	0.0	2949.5983570391545	1	0	1	2.824822219870349
271865.41955023055	6000.0	2084.1788068087235	0.0	0	0.0	2949.5983570392127	1	0	1	2.8248222198703417
272577.75578372896	6000.0	2371.8425733102927	0.0	0	0.0	2949.5983570392127	1	0	1	2.8248222198703394
273649.42989756283	6000.0	2300.1684594763888	0.0	0	0.0	2949.5983570392127	1	0	1	2.8248222198703394
274462.5227034852	6000.0	2487.0756535540136	0.0	0	0.0	2949.5983570392127	1	0	1	2.8248222198703394
275255.61140140955	6000.0	2693.9869556296508	0.0	0	0.0	2949.5983570392127	1	0	1	2.8248222198703394
276200.0	6000.0	2749.598357039155	0.0	0	76.94777133240132	2949.5983570392127	1	0	1	2.8248222198703394
277200.0	6000.0	2749.5983570391804	0.0	0	74.448484395165	2949.5983570391545	1	0	1	2.824822219870349
278200.0	6000.0	2749.598357039126	0.0	0	291.0160279395059	2949.5983570391545	1	0	1	2.824822219870349
279301.0930535782	6000.0	2648.5053034609064	0.0	0	0.0	2949.5983570391545	1	0	1	2.824822219870349
280459.00692550733	6000.0	2490.591431531861	0.0	0	0.0	2949.5983570391545	1	0	1	2.824822219870349
281378.13431469834	6000.0	2571.464042340841	0.0	0	0.0	2949.5983570391545	1	0	1	2.824822219870349
282326.4337107006	6000.0	2623.1646463385996	0.0	0	0.0	2949.5983570391545	1	0	1	2.824822219870349
283200.0	6000.0	2749.598357039231	0.0	0	156.11951373657212	2949.5983570392127	1	0	1	2.8248222198703394
284200.0	6000.0	2749.5983570391836	0.0	0	311.6173793547787	2949.5983570391545	1	0	1	2.824822219870349
285228.5211915201	6000.0	2721.0771655190765	0.0	0	0.0	2949.5983570391545	1	0	1	2.824822219870349
286200.0	6000.0	2749.5983570391604	0.0	0	118.18581433576765	2949.5983570391545	1	0	1	2.824822219870349
287542.4949078635	6000.0	2407.1034491757155	0.0	0	0.0	2949.5983570392127	1	0	1	2.8248222198703394
288503.5071350039	6000.0	2446.0912220353684	0.0	0	0.0	2949.5983570392127	1	0	1	2.8248222198703394
289388.4823640492	6000.0	2561.115992990089	0.0	0	0.0	2949.5983570391545	1	0	1	2.824822219870349
290200.0	6000.0	2749.5983570393405	0.0	0	166.34471398120513	2949.5983570392127	1	0	1	2.8248222198703394
291200.0	6000.0	2749.5983570393632	0.0	0	145.47599507536506	2949.5983570392127	1	0	1	2.8248222198703394
292580.7561417263	6000.0	2368.842215313016	0.0	0	0.0	2949.598357039271	1	0	1	2.824822219870337
293894.80034968356	6000.0	2054.7980073557346	0.0	0	0.0	2949.598357039271	1	0	1	2.824822219870329
295110.58058786055	6000.0	1839.017769178737	0.0	0	0.0	2949.5983570392127	1	0	1	2.8248222198703394
296324.98798654944	6000.0	1624.6103704898385	0.0	0	0.0	2949.598357039271	1	0	1	2.824822219870329
297319.93756535865	6000.0	1629.6607916806147	0.0	0	0.0	2949.598357039271	1	0	1	2.824822219870329
298675.67779684777	6000.0	1273.920560191503	0.0	0	0.0	2949.598357039271	1	0	1	2.824822219870329
299433.5630486912	6000.0	1516.035308348069	0.0	0	0.0	2949.598357039329	1	0	1	2.8248222198703257
300129.6535845795	6000.0	1819.9447724597808	0.0	0	0.0	2949.598357039329	1	0	1	2.8248222198703195
300782.2167807249	6000.0	2167.3815763143793	0.0	0	0.0	2949.598357039329	1	0	1	2.8248222198703195
7.32	8.87	5.62	6.83	4.34	6.32	5.76	3.95	7.04	5.94	4.98	5.55	4.47	5.53	5.19	7.48	7.04	6.3	5.54	4.87	5.98	4.97	4.84	7.65	3.73	4.66	5.55	5.77	6.2	7.69	5.72	6.87	4.03	4.74	5.9	5.51	6.39	8.02	5.99	8.53	3.28	4.99	4.0	7.55	6.6	4.58	3.85	5.0	7.22	4.24	4.83	7.67	6.61	5.46	5.32	5.2	5.85	6.95	3.32	5.31	4.75	6.82	7.02	6.22	6.15	5.4	6.19	7.1	6.31	6.49	9.15	5.97	7.91	8.72	6.57	9.3	5.78	7.23	4.12	6.5	5.02	5.24	6.58	8.83	7.46	7.43	6.53	4.26	3.98	5.47	6.16	6.89	7.34	3.39	5.05	4.07	5.19	4.08	5.17	4.39	3.7	8.2	6.05	5.95	6.57	4.31	8.44	4.31	7.89	4.71	6.63	5.36	4.98	7.27	6.7	8.42	4.88	6.96	5.73	8.63	5.85	8.39	6.55	6.63	7.42	6.01	5.72	8.73	6.21	7.8	7.33	6.61	6.31	3.41	6.41	5.64	7.29	7.29	6.28	4.0	5.87	5.03	6.37	5.47	3.23	5.53	7.67	9.52	6.37	4.43	7.32	8.87	5.62	6.83	4.34	6.32	5.76	3.95	7.04	5.94	4.98	5.55	4.47	5.53	5.19	7.48	7.04	6.3	5.54	4.87	5.98	4.97	4.84	7.65	3.73	4.66	5.55	5.77	6.2	7.69	5.72	6.87	4.03	4.74	5.9	5.51	6.39	8.02	5.99	8.53	3.28	4.99	4.0	7.55	6.6	4.58	3.85	5.0	7.22	4.24	4.83	7.67	6.61	5.46	5.32	5.2	5.85	6.95	3.32	5.31	4.75	6.82	7.02	6.22	6.15	5.4	6.19	7.1	6.31	6.49	9.15	5.97	7.91	8.72	6.57	9.3	5.78	7.23	4.12	6.5	5.02	5.24	6.58	8.83	7.46	7.43	6.53	4.26	3.98	5.47	6.16	6.89	7.34	3.39	5.05	4.07	5.19	4.08	5.17	4.39	3.7	8.2	6.05	5.95	6.57	4.31	8.44	4.31	7.89	4.71	6.63	5.36	4.98	7.27	6.7	8.42	4.88	6.96	5.73	8.63	5.85	8.39	6.55	6.63	7.42	6.01	5.72	8.73	6.21	7.8	7.33	6.61	6.31	3.41	6.41	5.64	7.29	7.29	6.28	4.0	5.87	5.03	6.37	5.47	3.23	5.53	7.67	9.52	6.37	4.43	7.32
1.0	2.0	3.0	4.0	5.0	6.0	7.0	8.0	9.0	10.0	11.0	12.0	13.0	14.0	15.0	16.0	17.0	18.0	19.0	20.0	21.0	22.0	23.0	24.0	25.0	26.0	27.0	28.0	29.0	30.0	31.0	32.0	33.0	34.0	35.0	36.0	37.0	38.0	39.0	40.0	41.0	42.0	43.0	44.0	45.0	46.0	47.0	48.0	49.0	50.0	51.0	52.0	53.0	54.0	55.0	56.0	57.0	58.0	59.0	60.0	61.0	62.0	63.0	64.0	65.0	66.0	67.0	68.0	69.0	70.0	71.0	72.0	73.0	74.0	75.0	76.0	77.0	78.0	79.0	80.0	81.0	82.0	83.0	84.0	85.0	86.0	87.0	88.0	89.0	90.0	91.0	92.0	93.0	94.0	95.0	96.0	97.0	98.0	99.0	100.0	101.0	102.0	103.0	104.0	105.0	106.0	107.0	108.0	109.0	110.0	111.0	112.0	113.0	114.0	115.0	116.0	117.0	118.0	119.0	120.0	121.0	122.0	123.0	124.0	125.0	126.0	127.0	128.0	129.0	130.0	131.0	132.0	133.0	134.0	135.0	136.0	137.0	138.0	139.0	140.0	141.0	142.0	143.0	144.0	145.0	146.0	147.0	148.0	149.0	149.0	150.0	151.0	152.0	153.0	154.0	155.0	156.0	157.0	158.0	159.0	160.0	161.0	162.0	163.0	164.0	165.0	166.0	167.0	168.0	169.0	170.0	171.0	172.0	173.0	174.0	175.0	176.0	177.0	178.0	179.0	180.0	181.0	182.0	183.0	184.0	185.0	186.0	187.0	188.0	189.0	190.0	191.0	192.0	193.0	194.0	195.0	196.0	197.0	198.0	199.0	200.0	201.0	202.0	203.0	204.0	205.0	206.0	207.0	208.0	209.0	210.0	211.0	212.0	213.0	214.0	215.0	216.0	217.0	218.0	219.0	220.0	221.0	222.0	223.0	224.0	225.0	226.0	227.0	228.0	229.0	230.0	231.0	232.0	233.0	234.0	235.0	236.0	237.0	238.0	239.0	240.0	241.0	242.0	243.0	244.0	245.0	246.0	247.0	248.0	249.0	250.0	251.0	252.0	253.0	254.0	255.0	256.0	257.0	258.0	259.0	260.0	261.0	262.0	263.0	264.0	265.0	266.0	267.0	268.0	269.0	270.0	271.0	272.0	273.0	274.0	275.0	276.0	277.0	278.0	279.0	280.0	281.0	282.0	283.0	284.0	285.0	286.0	287.0	288.0	289.0	290.0	291.0	292.0	293.0	294.0	295.0	296.0	297.0	298.0	298.0	299.0
4356.345191159009
