3200.024263955841	300.0	2000.0	94.21084509507766	0	0.0	3200.024263955841	1	0	1	-0.7812982301878806
3291.004406966136	300.0	2909.0198569897047	0.0	0	0.0	3200.0242639558405	1	0	1	-0.21941145573899073
4200.0	300.0	3000.0242639558405	0.0	0	831.7163273314341	3200.0242639558405	1	0	1	-0.21941145573899068
5200.0	500.0	3000.0242639558396	0.0	0	816.9021599239732	3200.02426395584	1	0	1	-0.21941145573899068
6200.0	500.0	3000.02426395584	0.0	0	899.46144934309	3200.0242639558405	1	0	1	0.29141416802700015
7200.0	500.0	3000.024263955841	0.0	0	871.161970751551	3200.0242639558414	1	0	1	0.29141416802699993
8200.0	500.0	3000.02426395584	0.0	0	870.9375620889896	3200.024263955842	1	0	1	0.2914141680269997
9200.0	1000.0	3000.0242639558414	0.0	0	829.4191166746423	3200.024263955843	1	0	1	0.2914141680269996
10200.0	2000.0	3000.024263955841	0.0	0	685.972604822091	3200.024263955841	1	0	1	0.9845613485869451
11200.0	3000.0	3000.024263955843	0.0	0	209.79879611751858	3200.024263955843	1	0	1	1.6777085291468905
12200.0	3000.0	3000.0242639558423	0.0	0	298.87250394794137	3200.0242639558437	1	0	1	2.0831736372550544
13200.0	3000.0	3000.0242639558433	0.0	0	248.12560871210735	3200.0242639558437	1	0	1	2.0831736372550544
14200.0	3000.0	3000.0242639558433	0.0	0	362.9255227441281	3200.0242639558437	1	0	1	2.0831736372550544
15200.0	3000.0	3000.0242639558433	0.0	0	458.7872356399439	3200.0242639558437	1	0	1	2.0831736372550544
16200.0	3000.0	3000.024263955842	0.0	0	602.0268328119746	3200.024263955842	1	0	1	2.0831736372550553
17200.0	3000.0	3000.0242639558433	0.0	0	652.7108334623408	3200.024263955842	1	0	1	2.0831736372550553
18200.0	3000.0	3000.0242639558455	0.0	0	403.55582094284546	3200.024263955842	1	0	1	2.0831736372550553
19200.0	3000.0	3000.024263955843	0.0	0	516.2526521331965	3200.0242639558383	1	0	1	2.0831736372550558
20200.0	3000.0	3000.0242639558405	0.0	0	536.5181260355348	3200.0242639558383	1	0	1	2.083173637255056
21200.0	3000.0	3000.024263955845	0.0	0	486.96667002988397	3200.0242639558383	1	0	1	2.083173637255056
22200.0	3000.0	3000.024263955843	0.0	0	514.9026353217014	3200.0242639558383	1	0	1	2.083173637255056
23362.533058311594	6000.0	2837.4912056442454	0.0	0	0.0	3200.0242639558383	1	0	1	2.0831736372550558
24274.50017218078	6000.0	2925.524091775061	0.0	0	0.0	3200.0242639558383	1	0	1	2.7763208178150007
25490.200133286497	6000.0	2709.82413066934	0.0	0	0.0	3200.0242639558383	1	0	1	2.7763208178150007
26833.06863575344	6000.0	2366.9556282023977	0.0	0	0.0	3200.024263955842	1	0	1	2.776320817815
27582.303080514965	6000.0	2617.7211834408736	0.0	0	0.0	3200.024263955842	1	0	1	2.776320817815
28526.920338802774	6000.0	2673.103925153065	0.0	0	0.0	3200.024263955842	1	0	1	2.776320817815
29239.200414619012	6000.0	2960.8238493368276	0.0	0	0.0	3200.024263955842	1	0	1	2.776320817815
30200.0	6000.0	3000.0242639558405	0.0	0	251.49126681621783	3200.024263955842	1	0	1	2.776320817815
31458.782166804438	6000.0	2741.242097151402	0.0	0	0.0	3200.024263955842	1	0	1	2.776320817815
32367.54675023441	6000.0	2832.477513721432	0.0	0	0.0	3200.024263955842	1	0	1	2.776320817815
33366.74404532116	6000.0	2833.2802186346794	0.0	0	0.0	3200.024263955842	1	0	1	2.776320817815
34200.0	3000.0	3000.0242639558396	0.0	0	306.18162127180403	3200.0242639558383	1	0	1	1.3900264566951106
35200.0	3000.0	3000.024263955836	0.0	0	524.3603790753477	3200.0242639558346	1	0	1	2.083173637255057
36200.0	3000.0	3000.0242639558396	0.0	0	336.563655034166	3200.024263955842	1	0	1	2.0831736372550558
37284.76536709548	6000.0	2915.2588968603563	0.0	0	0.0	3200.024263955842	1	0	1	2.0831736372550553
38200.0	3000.0	3000.024263955837	0.0	0	411.9167294431245	3200.024263955842	1	0	1	1.3900264566951104
39200.0	3000.0	3000.0242639558355	0.0	0	555.9885023502356	3200.024263955842	1	0	1	2.0831736372550553
40200.0	3000.0	3000.024263955838	0.0	0	343.3267975945273	3200.0242639558346	1	0	1	2.083173637255057
41200.0	3000.0	3000.0242639558405	0.0	0	62.11283839953103	3200.0242639558346	1	0	1	2.083173637255057
42200.0	3000.0	3000.024263955839	0.0	0	422.2060232461372	3200.0242639558346	1	0	1	2.083173637255057
43200.0	3000.0	3000.024263955838	0.0	0	297.625895321813	3200.0242639558346	1	0	1	2.083173637255057
44200.0	3000.0	3000.024263955837	0.0	0	533.3789953323358	3200.0242639558346	1	0	1	2.083173637255057
45200.0	3000.0	3000.0242639558282	0.0	0	551.8560966476143	3200.0242639558346	1	0	1	2.083173637255057
46200.0	3000.0	3000.0242639558214	0.0	0	527.8665326238188	3200.0242639558273	1	0	1	2.0831736372550584
47200.0	3000.0	3000.024263955811	0.0	0	230.70227899558813	3200.02426395582	1	0	1	2.0831736372550598
48200.0	3000.0	3000.024263955802	0.0	0	258.4804979278706	3200.02426395582	1	0	1	2.0831736372550598
49200.0	3000.0	3000.024263955811	0.0	0	370.76120631528465	3200.0242639558273	1	0	1	2.0831736372550584
50200.0	3000.0	3000.0242639558087	0.0	0	469.07682980921527	3200.0242639558273	1	0	1	2.0831736372550584
51200.0	3000.0	3000.024263955805	0.0	0	468.52556813731644	3200.0242639558273	1	0	1	2.0831736372550584
52200.0	3000.0	3000.0242639558014	0.0	0	217.0714321019259	3200.0242639558273	1	0	1	2.0831736372550584
53200.0	3000.0	3000.0242639557996	0.0	0	154.83472504980455	3200.0242639558273	1	0	1	2.0831736372550584
54240.00776240404	3000.0	2960.0165015517573	0.0	0	0.0	3200.0242639558346	1	0	1	2.083173637255057
55200.0	3000.0	3000.024263955796	0.0	0	207.2683657739617	3200.0242639558273	1	0	1	2.0831736372550584
56200.0	3000.0	3000.024263955789	0.0	0	229.525798668481	3200.0242639558273	1	0	1	2.0831736372550584
57200.0	3000.0	3000.0242639557905	0.0	0	473.27556328768696	3200.0242639558273	1	0	1	2.0831736372550584
58200.0	3000.0	3000.0242639557946	0.0	0	455.67058503282897	3200.0242639558273	1	0	1	2.0831736372550584
59200.0	3000.0	3000.0242639557932	0.0	0	667.2816194890693	3200.0242639558273	1	0	1	2.0831736372550584
60200.0	3000.0	3000.024263955803	0.0	0	554.3997788022461	3200.0242639558273	1	0	1	2.0831736372550584
61200.0	3000.0	3000.0242639558073	0.0	0	251.56652237993694	3200.0242639558273	1	0	1	2.0831736372550584
62200.0	3000.0	3000.0242639558137	0.0	0	439.1363085918274	3200.0242639558346	1	0	1	2.083173637255057
63200.0	3000.0	3000.0242639558246	0.0	0	597.7446951519378	3200.024263955842	1	0	1	2.0831736372550553
64200.0	3000.0	3000.0242639558196	0.0	0	297.63879402135353	3200.024263955842	1	0	1	2.0831736372550553
65200.0	3000.0	3000.0242639558205	0.0	0	443.3115745543473	3200.024263955849	1	0	1	2.0831736372550536
66200.0	3000.0	3000.024263955814	0.0	0	612.3374446936286	3200.024263955849	1	0	1	2.083173637255053
67200.0	6000.0	3000.024263955814	0.0	0	148.831308120396	3200.024263955849	1	0	1	2.083173637255054
68357.87123321937	6000.0	2842.153030736454	0.0	0	0.0	3200.0242639558637	1	0	1	2.7763208178149954
69522.95781597872	6000.0	2677.0664479770912	0.0	0	0.0	3200.024263955871	1	0	1	2.776320817814994
70420.15533966417	6000.0	2779.8689242916507	0.0	0	0.0	3200.024263955871	1	0	1	2.776320817814994
71256.48324959369	6000.0	2943.54101436213	0.0	0	0.0	3200.0242639558564	1	0	1	2.7763208178149967
72200.0	6000.0	3000.024263955822	0.0	0	43.34359985891206	3200.0242639558564	1	0	1	2.7763208178149967
73320.89795615774	6000.0	2879.1263077980902	0.0	0	0.0	3200.0242639558564	1	0	1	2.7763208178149967
74200.0	6000.0	3000.024263955829	0.0	0	4.253760523337405	3200.0242639558564	1	0	1	2.7763208178149967
75200.0	6000.0	3000.0242639558314	0.0	0	244.32393920011236	3200.024263955842	1	0	1	2.776320817815
76200.0	6000.0	3000.024263955819	0.0	0	180.96469019219512	3200.0242639558564	1	0	1	2.7763208178149967
77230.01329930023	6000.0	2970.010964655585	0.0	0	0.0	3200.024263955871	1	0	1	2.776320817814994
78227.29366652275	6000.0	2972.730597433071	0.0	0	0.0	3200.024263955871	1	0	1	2.776320817814994
79200.0	6000.0	3000.0242639558296	0.0	0	196.10015983047197	3200.024263955871	1	0	1	2.776320817814994
80200.0	6000.0	3000.024263955819	0.0	0	302.01399476455117	3200.024263955871	1	0	1	2.776320817814994
81200.0	6000.0	3000.0242639558287	0.0	0	264.9975018813566	3200.024263955871	1	0	1	2.776320817814994
82200.0	6000.0	3000.0242639558537	0.0	0	200.15712183204596	3200.024263955871	1	0	1	2.776320817814994
83620.69846963986	6000.0	2579.3257943159883	0.0	0	0.0	3200.024263955871	1	0	1	2.776320817814994
84750.39748899228	6000.0	2449.6267749635585	0.0	0	0.0	3200.024263955871	1	0	1	2.776320817814994
85956.81682941529	6000.0	2243.207434540565	0.0	0	0.0	3200.024263955871	1	0	1	2.776320817814994
87300.1377442731	6000.0	1899.8865196827305	0.0	0	0.0	3200.024263955871	1	0	1	2.776320817814994
87920.47872549215	3000.0	2279.5455384636884	0.0	0	0.0	3200.024263955871	1	0	1	1.390026456695104
88671.19817815146	3000.0	2528.82608580438	0.0	0	0.0	3200.0242639558564	1	0	1	2.083173637255052
89318.82717023915	3000.0	2881.1970937167007	0.0	0	0.0	3200.024263955871	1	0	1	2.0831736372550487
90200.0	3000.0	3000.024263955857	0.0	0	483.68347807477403	3200.024263955871	1	0	1	2.0831736372550487
91200.0	3000.0	3000.0242639558574	0.0	0	421.8336729135335	3200.024263955871	1	0	1	2.0831736372550487
92200.0	3000.0	3000.024263955847	0.0	0	562.9020272340422	3200.0242639558564	1	0	1	2.08317363725505
93200.0	3000.0	3000.0242639558414	0.0	0	389.92837739441893	3200.0242639558564	1	0	1	2.083173637255052
94200.0	3000.0	3000.0242639558674	0.0	0	605.152200810815	3200.024263955871	1	0	1	2.0831736372550487
95200.0	3000.0	3000.02426395587	0.0	0	470.0090998623782	3200.0242639558855	1	0	1	2.0831736372550456
96200.0	3000.0	3000.024263955867	0.0	0	390.00283235016104	3200.0242639558855	1	0	1	2.0831736372550456
97200.0	3000.0	3000.02426395586	0.0	0	494.10533467982896	3200.0242639559	1	0	1	2.0831736372550425
98200.0	6000.0	3000.0242639558655	0.0	0	156.37914483946224	3200.0242639559	1	0	1	2.0831736372550425
99576.14031018136	6000.0	2623.8839537745066	0.0	0	0.0	3200.0242639559	1	0	1	2.7763208178149874
100200.0	3000.0	3000.024263955862	0.0	0	35.26089793842402	3200.0242639559	1	0	1	1.3900264566950975
101200.0	3000.0	3000.0242639558514	0.0	0	494.3282616799115	3200.0242639558855	1	0	1	2.0831736372550456
102851.0233487306	6000.0	2349.000915225245	0.0	0	0.0	3200.024263955871	1	0	1	2.083173637255049
103452.01648842281	3000.0	2748.0077755330135	0.0	0	0.0	3200.0242639558564	1	0	1	1.3900264566951068
104200.0	3000.0	3000.02426395581	0.0	0	234.9879522553383	3200.0242639558564	1	0	1	2.083173637255052
105331.47493394914	6000.0	2868.549330006661	0.0	0	0.0	3200.0242639558564	1	0	1	2.083173637255052
106200.0	6000.0	3000.024263955811	0.0	0	37.631428496169974	3200.024263955871	1	0	1	2.776320817814994
107328.52784581801	6000.0	2871.4964181377986	0.0	0	0.0	3200.024263955871	1	0	1	2.776320817814994
108232.95981327837	6000.0	2967.0644506774433	0.0	0	0.0	3200.024263955871	1	0	1	2.776320817814994
109200.0	6000.0	3000.024263955816	0.0	0	272.8651210072858	3200.024263955871	1	0	1	2.776320817814994
110200.0	6000.0	3000.024263955819	0.0	0	218.3038804842654	3200.0242639558855	1	0	1	2.7763208178149905
111309.52219805066	6000.0	2890.5020659051547	0.0	0	0.0	3200.0242639558855	1	0	1	2.7763208178149905
112200.0	6000.0	3000.0242639558273	0.0	0	71.41070505572134	3200.024263955871	1	0	1	2.776320817814994
113200.0	6000.0	3000.024263955817	0.0	0	254.70024033197842	3200.024263955871	1	0	1	2.776320817814994
114200.0	6000.0	3000.0242639558132	0.0	0	337.00494010557304	3200.0242639558564	1	0	1	2.7763208178149967
115645.76031014966	6000.0	2554.2639538061558	0.0	0	0.0	3200.0242639558564	1	0	1	2.7763208178149967
116849.22672585382	6000.0	2350.7975381019946	0.0	0	0.0	3200.0242639558564	1	0	1	2.7763208178149967
118014.43743741038	6000.0	2185.5868265454415	0.0	0	0.0	3200.0242639558564	1	0	1	2.7763208178149967
119024.4399415364	6000.0	2175.58432241943	0.0	0	0.0	3200.0242639558564	1	0	1	2.7763208178149967
119503.80536491022	3000.0	2696.218899045609	0.0	0	0.0	3200.024263955871	1	0	1	1.390026456695104
120200.0	3000.0	3000.0242639558437	0.0	0	163.48431616356538	3200.024263955871	1	0	1	2.0831736372550487
121200.0	6000.0	3000.0242639558373	0.0	0	199.73392729845364	3200.0242639558564	1	0	1	2.083173637255052
122200.0	6000.0	3000.0242639558437	0.0	0	24.403191277146107	3200.0242639558855	1	0	1	2.7763208178149923
123388.78207681757	6000.0	2811.2421871382603	0.0	0	0.0	3200.0242639558855	1	0	1	2.7763208178149905
124200.0	3000.0	3000.02426395584	0.0	0	411.6065988108312	3200.0242639559	1	0	1	1.3900264566950975
125200.0	3000.0	3000.024263955837	0.0	0	636.050018581911	3200.0242639559	1	0	1	2.0831736372550425
126200.0	6000.0	3000.0242639558337	0.0	0	54.25231872253062	3200.0242639559	1	0	1	2.0831736372550425
127725.75826220767	6000.0	2474.2660017481667	0.0	0	0.0	3200.0242639559	1	0	1	2.7763208178149874
128917.66659479775	6000.0	2282.3576691580874	0.0	0	0.0	3200.0242639559	1	0	1	2.7763208178149874
129477.31960840429	3000.0	2722.704655551541	0.0	0	0.0	3200.0242639559	1	0	1	1.3900264566950975
130200.0	3000.0	3000.0242639558314	0.0	0	19.168486068301718	3200.0242639559146	1	0	1	2.0831736372550393
131200.0	3000.0	3000.02426395584	0.0	0	361.7753454748454	3200.024263955929	1	0	1	2.083173637255039
132200.0	3000.0	3000.0242639558305	0.0	0	411.04840037759277	3200.0242639559146	1	0	1	2.083173637255039
133200.0	3000.0	3000.0242639558264	0.0	0	382.7243529254629	3200.024263955929	1	0	1	2.083173637255039
134200.0	3000.0	3000.0242639558246	0.0	0	488.97259109382867	3200.024263955929	1	0	1	2.083173637255039
135200.0	3000.0	3000.024263955832	0.0	0	451.5633027808799	3200.0242639559146	1	0	1	2.0831736372550393
136200.0	3000.0	3000.024263955847	0.0	0	449.61404617209337	3200.0242639559146	1	0	1	2.0831736372550393
137200.0	3000.0	3000.0242639558687	0.0	0	431.636118909606	3200.0242639559146	1	0	1	2.0831736372550393
138200.0	3000.0	3000.0242639558905	0.0	0	523.1936202329525	3200.0242639559146	1	0	1	2.0831736372550393
139200.0	3000.0	3000.02426395589	0.0	0	429.71708476592903	3200.0242639559146	1	0	1	2.0831736372550393
140200.0	3000.0	3000.024263955864	0.0	0	615.5279753055074	3200.0242639559146	1	0	1	2.0831736372550393
141200.0	3000.0	3000.024263955857	0.0	0	253.9218322816596	3200.0242639559146	1	0	1	2.0831736372550393
142200.0	3000.0	3000.0242639558082	0.0	0	507.0976633541868	3200.0242639559146	1	0	1	2.0831736372550393
143200.0	3000.0	3000.024263955791	0.0	0	492.74603421080974	3200.0242639559146	1	0	1	2.0831736372550393
144200.0	3000.0	3000.024263955809	0.0	0	665.0425444990105	3200.0242639559438	1	0	1	2.083173637255033
145200.0	3000.0	3000.0242639557923	0.0	0	522.1205344478367	3200.0242639559438	1	0	1	2.083173637255033
146200.0	6000.0	3000.0242639558	0.0	0	84.73740572086535	3200.0242639559438	1	0	1	2.083173637255033
147478.84366703688	6000.0	2721.180596918905	0.0	0	0.0	3200.0242639559438	1	0	1	2.7763208178149776
148713.50736183327	6000.0	2486.5169021225156	0.0	0	0.0	3200.0242639559438	1	0	1	2.7763208178149776
149663.5422860592	6000.0	2536.4819778965875	0.0	0	0.0	3200.024263955973	1	0	1	2.776320817814972
150322.17238279825	6000.0	2877.8518811575236	0.0	0	0.0	3200.024263955973	1	0	1	2.776320817814972
151528.94182598125	6000.0	2671.0824379745272	0.0	0	0.0	3200.024263955973	1	0	1	2.776320817814972
152440.9434476008	6000.0	2759.080816354972	0.0	0	0.0	3200.024263955973	1	0	1	2.776320817814972
153923.6420692348	6000.0	2276.3821947209544	0.0	0	0.0	3200.024263955973	1	0	1	2.776320817814972
155169.78517173193	6000.0	2030.2390922238337	0.0	0	0.0	3200.024263955973	1	0	1	2.776320817814972
156288.76133977692	6000.0	1911.2629241788838	0.0	0	0.0	3200.024263955973	1	0	1	2.776320817814972
157100.01171132975	6000.0	2100.012552626047	0.0	0	0.0	3200.024263955973	1	0	1	2.776320817814972
158009.43331286818	6000.0	2190.5909510876354	0.0	0	0.0	3200.024263955973	1	0	1	2.776320817814972
159136.65558334862	6000.0	2063.3686806071905	0.0	0	0.0	3200.024263955973	1	0	1	2.776320817814972
160341.1646807907	6000.0	1858.8595831650957	0.0	0	0.0	3200.024263956002	1	0	1	2.7763208178149683
160962.98672845535	3000.0	2237.0375355004426	0.0	0	0.0	3200.024263956002	1	0	1	1.3900264566950755
161620.75212206753	3000.0	2579.2721418882875	0.0	0	0.0	3200.024263956002	1	0	1	2.0831736372550207
162237.60603074433	3000.0	2962.4182332114797	0.0	0	0.0	3200.024263955973	1	0	1	2.083173637255027
163200.0	3000.0	3000.0242639557737	0.0	0	540.9837356792123	3200.0242639559438	1	0	1	2.083173637255033
164200.0	3000.0	3000.024263955807	0.0	0	373.8029307866236	3200.0242639559438	1	0	1	2.083173637255033
165200.0	3000.0	3000.0242639557955	0.0	0	427.78183662853553	3200.0242639559438	1	0	1	2.083173637255033
166200.0	3000.0	3000.024263955774	0.0	0	470.5998077629192	3200.0242639559438	1	0	1	2.083173637255033
167200.0	3000.0	3000.024263955764	0.0	0	538.684283171664	3200.0242639559438	1	0	1	2.083173637255033
168200.0	3000.0	3000.0242639557323	0.0	0	559.4809636427672	3200.024263955973	1	0	1	2.083173637255032
169200.0	3000.0	3000.024263955715	0.0	0	521.6948641390773	3200.024263955973	1	0	1	2.083173637255027
170200.0	3000.0	3000.0242639557023	0.0	0	461.65040508820675	3200.024263955973	1	0	1	2.083173637255027
171200.0	3000.0	3000.024263955721	0.0	0	565.2938219344069	3200.024263955973	1	0	1	2.083173637255027
172200.0	6000.0	3000.0242639557405	0.0	0	36.48846461021458	3200.024263955973	1	0	1	2.083173637255027
173243.66946424497	6000.0	2956.3547997107635	0.0	0	0.0	3200.024263955973	1	0	1	2.776320817814972
174200.0	6000.0	3000.0242639557587	0.0	0	233.73985665111104	3200.024263955973	1	0	1	2.776320817814972
175612.99350441198	6000.0	2587.0307595437844	0.0	0	0.0	3200.024263955973	1	0	1	2.776320817814972
176663.25453279173	6000.0	2536.7697311640136	0.0	0	0.0	3200.024263955973	1	0	1	2.776320817814972
177405.82436775175	6000.0	2794.199896203993	0.0	0	0.0	3200.024263955973	1	0	1	2.776320817814972
178361.37522039912	6000.0	2838.649043556613	0.0	0	0.0	3200.024263956002	1	0	1	2.7763208178149683
179200.0	6000.0	3000.024263955736	0.0	0	266.3016969654127	3200.024263955973	1	0	1	2.776320817814972
180200.0	6000.0	3000.024263955762	0.0	0	126.9184234465065	3200.024263955973	1	0	1	2.776320817814972
181200.0	6000.0	3000.024263955749	0.0	0	96.44999862890108	3200.024263955973	1	0	1	2.776320817814972
182547.76276034492	6000.0	2652.261503610852	0.0	0	0.0	3200.024263956002	1	0	1	2.7763208178149656
183272.5525482855	6000.0	2927.471715670275	0.0	0	0.0	3200.024263956002	1	0	1	2.776320817814963
184420.5678283575	6000.0	2779.4564355982616	0.0	0	0.0	3200.024263956031	1	0	1	2.776320817814959
185759.1704361046	6000.0	2440.8538278511614	0.0	0	0.0	3200.02426395606	1	0	1	2.7763208178149537
186963.80208082442	6000.0	2236.2221831313473	0.0	0	0.0	3200.02426395606	1	0	1	2.7763208178149528
187377.06371972573	3000.0	2822.960544230025	0.0	0	0.0	3200.024263956031	1	0	1	1.390026456695069
188200.0	3000.0	3000.024263955753	0.0	0	299.4752776668465	3200.024263956031	1	0	1	2.083173637255014
189211.88846081615	3000.0	2988.135803139604	0.0	0	0.0	3200.024263956002	1	0	1	2.0831736372550207
190200.0	3000.0	3000.0242639557214	0.0	0	125.24822801738628	3200.024263956002	1	0	1	2.0831736372550154
191200.0	3000.0	3000.024263955726	0.0	0	351.137041523878	3200.024263956002	1	0	1	2.0831736372550207
192200.0	3000.0	3000.0242639557227	0.0	0	151.08226697394275	3200.024263956002	1	0	1	2.0831736372550207
193200.0	3000.0	3000.024263955733	0.0	0	297.91279147961177	3200.024263956031	1	0	1	2.0831736372550194
194200.0	3000.0	3000.024263955755	0.0	0	258.23530556971673	3200.02426395606	1	0	1	2.0831736372550127
195200.0	3000.0	3000.0242639557487	0.0	0	515.2671638829052	3200.024263956031	1	0	1	2.083173637255014
196200.0	3000.0	3000.0242639557796	0.0	0	351.2954425026255	3200.024263956031	1	0	1	2.083173637255014
197200.0	3000.0	3000.0242639557946	0.0	0	216.87378434315906	3200.024263956031	1	0	1	2.083173637255014
198200.0	3000.0	3000.0242639557896	0.0	0	307.6724223654601	3200.024263956031	1	0	1	2.083173637255014
199200.0	3000.0	3000.024263955811	0.0	0	550.9580522791948	3200.02426395606	1	0	1	2.0831736372550083
200200.0	3000.0	3000.0242639558146	0.0	0	292.1349380693573	3200.02426395606	1	0	1	2.0831736372550083
201200.0	3000.0	3000.0242639557973	0.0	0	356.9489706034947	3200.02426395606	1	0	1	2.0831736372550083
202200.0	3000.0	3000.0242639557605	0.0	0	144.27071315670037	3200.024263956031	1	0	1	2.083173637255014
203200.0	3000.0	3000.024263955748	0.0	0	166.60923389790696	3200.024263956002	1	0	1	2.0831736372550207
204200.0	3000.0	3000.024263955755	0.0	0	432.49508900207	3200.024263956002	1	0	1	2.0831736372550256
205200.0	3000.0	3000.024263955725	0.0	0	531.782990712527	3200.024263956002	1	0	1	2.0831736372550207
206200.0	3000.0	3000.024263955767	0.0	0	360.9858401280653	3200.024263956002	1	0	1	2.0831736372550207
207200.0	3000.0	3000.024263955761	0.0	0	406.4520387405646	3200.024263956031	1	0	1	2.083173637255014
208200.0	3000.0	3000.024263955741	0.0	0	658.308970925922	3200.024263956002	1	0	1	2.0831736372550207
209200.0	3000.0	3000.024263955729	0.0	0	512.988206073438	3200.024263956002	1	0	1	2.0831736372550207
210200.0	3000.0	3000.024263955734	0.0	0	419.58542064391077	3200.024263956002	1	0	1	2.0831736372550207
211200.0	3000.0	3000.024263955732	0.0	0	632.0672517405474	3200.024263956031	1	0	1	2.0831736372550194
212200.0	3000.0	3000.0242639557387	0.0	0	503.1320232503931	3200.024263956031	1	0	1	2.083173637255014
213200.0	3000.0	3000.0242639557364	0.0	0	433.1087260974746	3200.02426395606	1	0	1	2.0831736372550083
214200.0	3000.0	3000.024263955704	0.0	0	277.2135535450943	3200.024263956002	1	0	1	2.0831736372550154
215200.0	3000.0	3000.0242639556595	0.0	0	520.7719002838421	3200.024263956002	1	0	1	2.0831736372550207
216200.0	6000.0	3000.024263955642	0.0	0	113.01393151440425	3200.024263956002	1	0	1	2.0831736372550207
217200.0	6000.0	3000.0242639556504	0.0	0	224.58735619552317	3200.024263956002	1	0	1	2.7763208178149656
218200.0	6000.0	3000.0242639556195	0.0	0	67.3003453296842	3200.024263955973	1	0	1	2.7763208178149683
219200.0	3000.0	3000.024263955632	0.0	0	602.9305387164641	3200.024263955973	1	0	1	1.390026456695082
220200.0	3000.0	3000.024263955623	0.0	0	535.5389498625882	3200.0242639559438	1	0	1	2.083173637255033
221200.0	6000.0	3000.02426395564	0.0	0	96.84842837290489	3200.024263955973	1	0	1	2.083173637255032
222531.56028967374	6000.0	2668.4639742819236	0.0	0	0.0	3200.024263955973	1	0	1	2.776320817814972
223200.0	6000.0	3000.024263955647	0.0	0	15.421962345164502	3200.024263955973	1	0	1	2.776320817814972
224200.0	6000.0	3000.024263955627	0.0	0	377.83752102055587	3200.0242639559438	1	0	1	2.776320817814973
225200.0	6000.0	3000.0242639556327	0.0	0	305.12350905130734	3200.0242639559438	1	0	1	2.7763208178149776
226605.54200288787	6000.0	2594.4822610677297	0.0	0	0.0	3200.0242639559438	1	0	1	2.7763208178149776
227713.8876904326	6000.0	2486.1365735230006	0.0	0	0.0	3200.0242639559438	1	0	1	2.7763208178149776
228492.5393893354	6000.0	2707.4848746201687	0.0	0	0.0	3200.0242639559438	1	0	1	2.7763208178149776
229586.437421456	6000.0	2613.586842499556	0.0	0	0.0	3200.0242639559438	1	0	1	2.7763208178149776
230306.2479451876	6000.0	2893.7763187679334	0.0	0	0.0	3200.0242639559438	1	0	1	2.7763208178149776
231242.96804363842	6000.0	2957.0562203171166	0.0	0	0.0	3200.0242639559438	1	0	1	2.7763208178149776
232559.48260028247	6000.0	2640.5416636730724	0.0	0	0.0	3200.0242639559438	1	0	1	2.7763208178149776
233788.97170755122	6000.0	2411.052556404351	0.0	0	0.0	3200.0242639559438	1	0	1	2.7763208178149776
234551.35479686758	6000.0	2648.6694670879792	0.0	0	0.0	3200.0242639559438	1	0	1	2.7763208178149776
235508.64977775287	6000.0	2691.3744862026588	0.0	0	0.0	3200.0242639559438	1	0	1	2.7763208178149776
236200.0	3000.0	3000.0242639555263	0.0	0	27.416553549352102	3200.0242639559438	1	0	1	1.3900264566950882
237200.0	3000.0	3000.024263955528	0.0	0	529.1578834230313	3200.0242639559438	1	0	1	2.083173637255033
238200.0	3000.0	3000.02426395553	0.0	0	331.8844425311254	3200.0242639559438	1	0	1	2.083173637255033
239200.0	3000.0	3000.0242639555213	0.0	0	581.9471704793687	3200.0242639558855	1	0	1	2.0831736372550407
240200.0	3000.0	3000.0242639555086	0.0	0	614.0644114944153	3200.0242639558855	1	0	1	2.0831736372550456
241200.0	3000.0	3000.0242639554726	0.0	0	508.6498449011997	3200.0242639558855	1	0	1	2.0831736372550456
242200.0	3000.0	3000.0242639554417	0.0	0	450.63360467526945	3200.0242639558855	1	0	1	2.0831736372550456
243200.0	3000.0	3000.02426395542	0.0	0	580.1343495988986	3200.0242639559146	1	0	1	2.0831736372550447
244200.0	3000.0	3000.0242639554126	0.0	0	489.0745184549596	3200.0242639559438	1	0	1	2.083173637255033
245200.0	3000.0	3000.0242639554426	0.0	0	425.25944982023793	3200.024263955973	1	0	1	2.083173637255032
246200.0	3000.0	3000.0242639554594	0.0	0	508.6404295510438	3200.024263955973	1	0	1	2.083173637255027
247200.0	3000.0	3000.024263955457	0.0	0	493.43112389030284	3200.0242639559438	1	0	1	2.0831736372550282
248342.67768816138	6000.0	2857.346575794066	0.0	0	0.0	3200.0242639559146	1	0	1	2.0831736372550393
249200.0	3000.0	3000.0242639554376	0.0	0	332.0902441966755	3200.0242639559146	1	0	1	1.3900264566950944
250200.0	3000.0	3000.0242639554313	0.0	0	663.2710735770233	3200.0242639558855	1	0	1	2.0831736372550456
251200.0	3000.0	3000.0242639554335	0.0	0	167.60224296472734	3200.0242639558855	1	0	1	2.0831736372550456
252200.0	3000.0	3000.0242639554012	0.0	0	521.5915917911334	3200.0242639558564	1	0	1	2.083173637255047
253200.0	3000.0	3000.0242639554563	0.0	0	466.93901109308354	3200.0242639559146	1	0	1	2.0831736372550447
254200.0	3000.0	3000.0242639554367	0.0	0	350.6986721289577	3200.0242639559146	1	0	1	2.0831736372550393
255200.0	3000.0	3000.0242639554563	0.0	0	657.5480443357374	3200.0242639559438	1	0	1	2.083173637255033
256200.0	3000.0	3000.024263955426	0.0	0	517.1550688325369	3200.0242639558855	1	0	1	2.0831736372550407
257200.0	3000.0	3000.0242639554294	0.0	0	371.6482390355086	3200.0242639558855	1	0	1	2.0831736372550456
258200.0	3000.0	3000.024263955446	0.0	0	559.9511114717461	3200.0242639558855	1	0	1	2.0831736372550456
259481.36247386978	6000.0	2718.6617900856636	0.0	0	0.0	3200.0242639559146	1	0	1	2.083173637255041
260832.27515552958	6000.0	2367.749108425886	0.0	0	0.0	3200.0242639559438	1	0	1	2.7763208178149776
261392.89727584788	3000.0	2807.1269881075937	0.0	0	0.0	3200.0242639559438	1	0	1	1.3900264566950882
262300.3981782702	6000.0	2899.6260856852577	0.0	0	0.0	3200.0242639559438	1	0	1	2.0831736372550296
263200.0	6000.0	3000.024263955474	0.0	0	101.15530583431246	3200.024263955973	1	0	1	2.7763208178149767
264200.0	6000.0	3000.02426395546	0.0	0	34.86691144609358	3200.024263955973	1	0	1	2.776320817814972
265458.79916314926	6000.0	2741.2251008061444	0.0	0	0.0	3200.0242639558855	1	0	1	2.7763208178149794
266889.5260303613	6000.0	2310.4982335941445	0.0	0	0.0	3200.0242639558855	1	0	1	2.7763208178149905
268062.75568770495	6000.0	2137.268576250528	0.0	0	0.0	3200.0242639558855	1	0	1	2.7763208178149905
268845.2150789395	6000.0	2354.80918501595	0.0	0	0.0	3200.0242639558855	1	0	1	2.7763208178149905
269775.54020238435	6000.0	2424.4840615711264	0.0	0	0.0	3200.0242639558855	1	0	1	2.7763208178149905
271122.48027048877	6000.0	2077.5439934666647	0.0	0	0.0	3200.0242639558855	1	0	1	2.7763208178149905
272437.3658551448	6000.0	1762.6584088106688	0.0	0	0.0	3200.0242639558273	1	0	1	2.7763208178150007
273240.9692803357	6000.0	1959.0549836197788	0.0	0	0.0	3200.0242639558273	1	0	1	2.7763208178150034
274193.94196984766	6000.0	2006.0822941078136	0.0	0	0.0	3200.0242639558273	1	0	1	2.7763208178150034
274688.52058404504	3000.0	2511.50367991046	0.0	0	0.0	3200.0242639558273	1	0	1	1.3900264566951133
275200.0	3000.0	3000.024263955454	0.0	0	101.83678498014342	3200.0242639558273	1	0	1	2.0831736372550584
276732.8524078472	6000.0	2467.171856108358	0.0	0	0.0	3200.0242639558273	1	0	1	2.0831736372550584
277852.8899222871	6000.0	2347.134341668419	0.0	0	0.0	3200.0242639558273	1	0	1	2.7763208178150034
278673.5167485978	3000.0	2526.507515357791	0.0	0	0.0	3200.0242639558855	1	0	1	1.3900264566951008
279389.7972770398	3000.0	2810.2269869158545	0.0	0	0.0	3200.0242639559438	1	0	1	2.083173637255033
280200.0	3000.0	3000.024263955687	0.0	0	417.8062800383195	3200.0242639559438	1	0	1	2.083173637255033
281200.0	3000.0	3000.0242639557123	0.0	0	288.3396257737768	3200.0242639559438	1	0	1	2.083173637255033
282200.0	3000.0	3000.0242639556845	0.0	0	389.5949896168895	3200.0242639558855	1	0	1	2.0831736372550456
283200.0	3000.0	3000.0242639556154	0.0	0	548.9101207838394	3200.0242639558855	1	0	1	2.0831736372550456
284200.0	3000.0	3000.0242639556577	0.0	0	391.84156731213443	3200.0242639558273	1	0	1	2.0831736372550482
285200.0	3000.0	3000.0242639556627	0.0	0	289.6365157253458	3200.024263955769	1	0	1	2.083173637255071
286200.0	3000.0	3000.024263955704	0.0	0	560.2023811379913	3200.0242639558273	1	0	1	2.0831736372550584
287200.0	3000.0	3000.024263955657	0.0	0	598.9783047342207	3200.0242639558273	1	0	1	2.0831736372550584
288200.0	3000.0	3000.024263955674	0.0	0	659.48031198635	3200.0242639558855	1	0	1	2.0831736372550456
289200.0	3000.0	3000.0242639556295	0.0	0	498.77721799042774	3200.0242639558855	1	0	1	2.0831736372550456
290200.0	3000.0	3000.0242639556654	0.0	0	383.2269616025733	3200.0242639558855	1	0	1	2.0831736372550456
291200.0	3000.0	3000.0242639555827	0.0	0	281.0602065095445	3200.0242639558855	1	0	1	2.0831736372550456
292200.0	3000.0	3000.024263955615	0.0	0	528.1291410041158	3200.0242639558855	1	0	1	2.0831736372550456
293200.0	3000.0	3000.024263955618	0.0	0	681.4392408535932	3200.0242639558855	1	0	1	2.0831736372550456
294200.0	3000.0	3000.024263955673	0.0	0	513.4179567043902	3200.0242639559438	1	0	1	2.083173637255033
295301.6516557241	6000.0	2898.3726082316157	0.0	0	0.0	3200.024263956002	1	0	1	2.083173637255028
296621.2524355569	6000.0	2578.7718283988197	0.0	0	0.0	3200.024263956002	1	0	1	2.7763208178149656
297771.91299657506	6000.0	2428.1112673806592	0.0	0	0.0	3200.02426395606	1	0	1	2.7763208178149528
298689.514565839	6000.0	2510.509698116604	0.0	0	0.0	3200.024263956002	1	0	1	2.7763208178149656
299336.0344505837	6000.0	2863.98981337197	0.0	0	0.0	3200.024263956002	1	0	1	2.7763208178149656
300658.8952307241	6000.0	2541.129033231521	0.0	0	0.0	3200.0242639559438	1	0	1	2.776320817814975
6.59	4.41	6.75	6.44	6.32	7.45	6.99	4.55	5.49	4.59	5.61	5.76	6.05	7.62	6.28	7.1	7.81	6.61	7.82	6.01	6.89	7.45	5.73	3.56	7.92	7.73	8.51	5.1	5.33	4.88	6.37	6.2	6.49	4.54	5.93	7.3	3.75	3.76	5.9	4.68	5.68	5.06	5.33	5.55	3.6	5.44	5.18	5.9	4.97	3.73	3.83	5.04	5.34	4.88	7.14	10.3	9.53	3.98	6.57	6.87	5.48	5.86	8.11	6.16	6.38	6.08	8.09	7.32	6.8	3.59	7.02	7.41	10.8	4.34	5.72	6.73	7.84	6.77	6.56	4.33	5.44	7.34	5.54	5.26	5.54	5.57	6.44	6.56	6.31	6.49	6.16	6.63	6.94	6.41	6.32	4.39	5.33	7.77	4.58	5.19	7.34	6.01	8.63	7.01	6.44	6.71	5.93	6.41	5.54	6.82	10.0	5.73	5.03	5.92	5.31	5.57	7.03	6.88	5.92	4.48	6.96	7.18	6.3	4.96	5.79	4.71	5.13	6.53	4.16	6.79	5.57	6.94	4.25	6.13	6.48	7.01	8.31	4.77	5.61	7.45	8.2	7.21	7.54	7.1	4.61	6.78	8.56	5.95	5.99	8.05	6.59	4.41	6.75	6.44	6.32	7.45	6.99	4.55	5.49	4.59	5.61	5.76	6.05	7.62	6.28	7.1	7.81	6.61	7.82	6.01	6.89	7.45	5.73	3.56	7.92	7.73	8.51	5.1	5.33	4.88	6.37	6.2	6.49	4.54	5.93	7.3	3.75	3.76	5.9	4.68	5.68	5.06	5.33	5.55	3.6	5.44	5.18	5.9	4.97	3.73	3.83	5.04	5.34	4.88	7.14	10.3	9.53	3.98	6.57	6.87	5.48	5.86	8.11	6.16	6.38	6.08	8.09	7.32	6.8	3.59	7.02	7.41	10.8	4.34	5.72	6.73	7.84	6.77	6.56	4.33	5.44	7.34	5.54	5.26	5.54	5.57	6.44	6.56	6.31	6.49	6.16	6.63	6.94	6.41	6.32	4.39	5.33	7.77	4.58	5.19	7.34	6.01	8.63	7.01	6.44	6.71	5.93	6.41	5.54	6.82	10.0	5.73	5.03	5.92	5.31	5.57	7.03	6.88	5.92	4.48	6.96	7.18	6.3	4.96	5.79	4.71	5.13	6.53	4.16	6.79	5.57	6.94	4.25	6.13	6.48	7.01	8.31	4.77	5.61	7.45	8.2	7.21	7.54	7.1	4.61	6.78	8.56	5.95	5.99	8.05	6.59	4.41	6.75
1.0	2.0	3.0	4.0	5.0	6.0	7.0	8.0	9.0	10.0	11.0	12.0	13.0	14.0	15.0	16.0	17.0	18.0	19.0	20.0	21.0	22.0	23.0	24.0	25.0	26.0	27.0	28.0	29.0	30.0	31.0	32.0	33.0	34.0	35.0	36.0	37.0	38.0	39.0	40.0	41.0	42.0	43.0	44.0	45.0	46.0	47.0	48.0	49.0	50.0	51.0	52.0	53.0	54.0	55.0	56.0	57.0	58.0	59.0	60.0	61.0	62.0	63.0	64.0	65.0	66.0	67.0	68.0	69.0	70.0	71.0	72.0	73.0	74.0	75.0	76.0	77.0	78.0	79.0	80.0	81.0	82.0	83.0	84.0	85.0	86.0	87.0	88.0	89.0	90.0	91.0	92.0	93.0	94.0	95.0	96.0	97.0	98.0	99.0	100.0	101.0	102.0	103.0	104.0	105.0	106.0	107.0	108.0	109.0	110.0	111.0	112.0	113.0	114.0	115.0	116.0	117.0	118.0	119.0	120.0	121.0	122.0	123.0	124.0	125.0	126.0	127.0	128.0	129.0	130.0	131.0	132.0	133.0	134.0	135.0	136.0	137.0	138.0	139.0	140.0	141.0	142.0	143.0	144.0	145.0	146.0	147.0	148.0	149.0	149.0	150.0	151.0	152.0	153.0	154.0	155.0	156.0	157.0	158.0	159.0	160.0	161.0	162.0	163.0	164.0	165.0	166.0	167.0	168.0	169.0	170.0	171.0	172.0	173.0	174.0	175.0	176.0	177.0	178.0	179.0	180.0	181.0	182.0	183.0	184.0	185.0	186.0	187.0	188.0	189.0	190.0	191.0	192.0	193.0	194.0	195.0	196.0	197.0	198.0	199.0	200.0	201.0	202.0	203.0	204.0	205.0	206.0	207.0	208.0	209.0	210.0	211.0	212.0	213.0	214.0	215.0	216.0	217.0	218.0	219.0	220.0	221.0	222.0	223.0	224.0	225.0	226.0	227.0	228.0	229.0	230.0	231.0	232.0	233.0	234.0	235.0	236.0	237.0	238.0	239.0	240.0	241.0	242.0	243.0	244.0	245.0	246.0	247.0	248.0	249.0	250.0	251.0	252.0	253.0	254.0	255.0	256.0	257.0	258.0	259.0	260.0	261.0	262.0	263.0	264.0	265.0	266.0	267.0	268.0	269.0	270.0	271.0	272.0	273.0	274.0	275.0	276.0	277.0	278.0	279.0	280.0	281.0	282.0	283.0	284.0	285.0	286.0	287.0	288.0	289.0	290.0	291.0	292.0	293.0	294.0	295.0	296.0	297.0	298.0	298.0	299.0	300.0	301.0
3028.1432671913153
