4359.77539537736	300.0	2000.0	93.97577133796479	0	0.0	4359.77539537736	1	0	1	-1.1954805003867905
4439.272536306474	300.0	2912.5531449779746	0.0	0	0.0	4351.825681284448	1	0	2	-1.036149222096041
4530.76047514052	300.0	3811.916412260523	0.0	0	0.0	4342.676887401042	1	0	2	-0.8313383852744586
5200.0	500.0	4075.7529349150936	0.0	0	555.8457893162522	4275.752934915095	1	0	2	-0.8141244027597931
6200.0	500.0	3975.752934915094	0.0	0	887.5258879818975	4175.7529349150955	1	0	2	-0.2545422040232826
7200.0	500.0	3875.7529349150946	0.0	0	905.2287014207532	4075.7529349150964	1	0	2	-0.20702598573265124
8200.0	500.0	3775.752934915093	0.0	0	900.5628133057344	3975.7529349150955	1	0	2	-0.16288009839216405
9200.0	1000.0	3675.7529349150936	0.0	0	838.7551032178708	3875.7529349150946	1	0	2	-0.12195599053426631
10200.0	2000.0	3575.752934915094	0.0	0	716.5623807654356	3775.7529349150955	1	0	2	0.6090510227536088
11200.0	6000.0	3475.752934915095	0.0	0	269.721231674097	3675.7529349150955	1	0	2	1.3386759717848529
12200.0	6000.0	3375.7529349150946	0.0	0	210.849449192905	3575.752934915092	1	0	2	2.4695716880699443
13200.0	6000.0	3275.7529349150955	0.0	0	325.29691589383765	3475.752934915092	1	0	2	2.4985674870369787
14200.0	6000.0	3175.7529349150964	0.0	0	245.83247898660738	3375.75293491509	1	0	2	2.5262523088336497
15402.102822416204	6000.0	2853.439830257274	0.0	0	0.0	3255.54265267347	1	0	2	2.5584969895000667
16200.0	6000.0	2975.7529349150986	0.0	0	69.22009778303618	3175.75293491509	1	0	2	2.5760441575188584
17200.0	6000.0	2875.7529349150973	0.0	0	432.67727754619773	3075.75293491509	1	0	2	2.594213704123752
18200.0	3000.0	2775.7529349151027	0.0	0	524.3879301976303	2975.7529349150936	1	0	2	1.2268934023497908
19200.0	3000.0	2675.752934915099	0.0	0	605.9056157766317	2875.752934915092	1	0	2	1.9374037195660638
20200.0	3000.0	2575.7529349150977	0.0	0	628.718275406969	2775.7529349150936	1	0	2	1.9533679250641205
21200.0	3000.0	2475.752934915095	0.0	0	577.642096417705	2675.75293491509	1	0	2	1.9680019445809782
22200.0	3000.0	2375.7529349150964	0.0	0	649.0771042208471	2575.7529349150827	1	0	2	1.981262457952806
23200.0	3000.0	2275.7529349150923	0.0	0	697.5383114432188	2475.7529349150755	1	0	2	1.9933769753408133
24200.0	3000.0	2175.7529349150905	0.0	0	815.7974185397725	2375.752934915079	1	0	2	2.0044042625636163
25200.0	3000.0	2075.7529349150923	0.0	0	561.3381101726336	2275.752934915079	1	0	2	2.0144983121446494
26200.0	3000.0	1975.752934915094	0.0	0	641.928802076327	2175.752934915079	1	0	2	2.023558466794372
27200.0	3000.0	1875.7529349150932	0.0	0	625.9102312080977	2075.7529349150827	1	0	2	2.031849362344856
28200.0	3000.0	1775.7529349150918	0.0	0	554.0165435426279	1975.7529349150827	1	0	2	2.0394078027019247
29200.0	3000.0	1675.7529349150916	0.0	0	443.30360966193257	1875.7529349150864	1	0	2	2.046321590771532
30200.0	3000.0	1575.7529349150902	0.0	0	486.42824037856553	1775.7529349150827	1	0	2	2.052512537181103
31200.0	3000.0	1475.752934915091	0.0	0	589.7957889628888	1675.7529349150827	1	0	2	2.058093640435382
32200.0	3000.0	1375.7529349150896	0.0	0	569.0777981911888	1575.752934915079	1	0	2	2.0632092539039597
33200.0	3000.0	1275.752934915088	0.0	0	782.7116395675766	1475.7529349150755	1	0	2	2.0678205504865486
34200.0	3000.0	1175.752934915085	0.0	0	638.2261795503364	1375.7529349150718	1	0	2	2.0720270338716937
35200.0	3000.0	1075.7529349150882	0.0	0	604.7908573829482	1275.752934915079	1	0	2	2.0758409414228107
36200.0	3000.0	1075.7529349150893	0.0	0	724.2252076449367	1275.7529349150864	1	0	1	2.077278462422562
37200.0	6000.0	1075.7529349150911	0.0	0	422.36940661231347	1275.7529349150936	1	0	1	2.2772784624225624
38200.0	6000.0	1075.7529349150818	0.0	0	304.10373310955765	1275.7529349150864	1	0	1	2.970425642982507
39200.0	6000.0	1075.752934915081	0.0	0	70.28942370196455	1275.7529349150936	1	0	1	2.970425642982507
40200.0	6000.0	1075.7529349150839	0.0	0	279.8105803667422	1275.752934915101	1	0	1	2.9704256429825064
41269.936107551664	6000.0	1005.8168273634165	0.0	0	0.0	1275.752934915101	1	0	1	2.9704256429825064
42200.0	6000.0	1075.7529349150802	0.0	0	201.73649230720912	1275.752934915101	1	0	1	2.9704256429825064
43200.0	6000.0	1075.752934915081	0.0	0	171.14070346245717	1275.752934915101	1	0	1	2.9704256429825064
44200.0	6000.0	1075.752934915085	0.0	0	157.66925467785768	1275.752934915101	1	0	1	2.9704256429825064
45200.0	6000.0	1075.7529349150861	0.0	0	84.79007431666832	1275.752934915101	1	0	1	2.9704256429825064
46200.0	6000.0	1075.7529349150914	0.0	0	138.14795250859606	1275.7529349151082	1	0	1	2.9704256429825064
47200.0	6000.0	1075.7529349150857	0.0	0	251.40818005350593	1275.7529349151082	1	0	1	2.9704256429825064
48200.0	6000.0	1075.7529349150864	0.0	0	427.55431097122346	1275.7529349151082	1	0	1	2.9704256429825064
49200.0	6000.0	1075.7529349150982	0.0	0	443.18968281031994	1275.7529349151155	1	0	1	2.970425642982506
50200.0	6000.0	1075.7529349150943	0.0	0	464.11566545169626	1275.7529349151155	1	0	1	2.970425642982506
51200.0	6000.0	1075.7529349150977	0.0	0	368.32379251995735	1275.7529349151155	1	0	1	2.970425642982506
52200.0	6000.0	1075.7529349150961	0.0	0	166.42849366772134	1275.7529349151155	1	0	1	2.970425642982506
53200.0	6000.0	1075.7529349150896	0.0	0	351.72608677690005	1275.7529349151155	1	0	1	2.970425642982506
54200.0	6000.0	1075.75293491509	0.0	0	79.58546258522256	1275.7529349151228	1	0	1	2.970425642982506
55200.0	6000.0	1075.7529349150836	0.0	0	26.094365083248704	1275.7529349151155	1	0	1	2.970425642982506
56200.0	6000.0	1075.7529349150811	0.0	0	368.7268900206982	1275.7529349151155	1	0	1	2.970425642982506
57200.0	6000.0	1075.7529349150855	0.0	0	47.182933003081416	1275.7529349151155	1	0	1	2.970425642982506
58200.0	6000.0	1075.7529349150843	0.0	0	187.94344330250897	1275.7529349151228	1	0	1	2.970425642982506
59210.27831091013	6000.0	1065.474624004962	0.0	0	0.0	1275.7529349151228	1	0	1	2.970425642982506
60200.0	6000.0	1075.7529349150918	0.0	0	173.88514208243578	1275.75293491513	1	0	1	2.9704256429825056
61272.23420626395	6000.0	1003.5187286511381	0.0	0	0.0	1275.75293491513	1	0	1	2.9704256429825056
62200.0	6000.0	1075.7529349150902	0.0	0	238.3995457005949	1275.75293491513	1	0	1	2.9704256429825056
63371.53793181966	6000.0	904.2150030954284	0.0	0	0.0	1275.75293491513	1	0	1	2.9704256429825056
64254.66482044239	6000.0	1021.0881144726914	0.0	0	0.0	1275.75293491513	1	0	1	2.9704256429825056
65200.0	6000.0	1075.7529349150782	0.0	0	304.9512548879211	1275.75293491513	1	0	1	2.9704256429825056
66227.18742246974	6000.0	1048.565512445346	0.0	0	0.0	1275.7529349151373	1	0	1	2.9704256429825056
67200.0	6000.0	1075.7529349150861	0.0	0	57.464087630141876	1275.7529349151446	1	0	1	2.9704256429825056
68200.0	6000.0	1075.7529349150864	0.0	0	207.02108235821652	1275.7529349151446	1	0	1	2.9704256429825056
69200.0	6000.0	1075.75293491508	0.0	0	155.9489515320456	1275.75293491513	1	0	1	2.9704256429825056
70200.0	6000.0	1075.7529349150914	0.0	0	453.7518965141353	1275.75293491513	1	0	1	2.9704256429825056
71200.0	6000.0	1075.7529349150998	0.0	0	528.7939297814446	1275.75293491513	1	0	1	2.9704256429825056
72200.0	6000.0	1075.7529349150846	0.0	0	431.1723364768113	1275.7529349151155	1	0	1	2.970425642982506
73200.0	6000.0	1075.7529349150918	0.0	0	545.3901643477147	1275.7529349151155	1	0	1	2.970425642982506
74200.0	6000.0	1075.7529349150914	0.0	0	47.599909145748825	1275.7529349151155	1	0	1	2.970425642982506
75200.0	6000.0	1075.752934915094	0.0	0	148.78141441180196	1275.752934915101	1	0	1	2.9704256429825064
76200.0	6000.0	1075.7529349150943	0.0	0	157.4076730794186	1275.7529349150864	1	0	1	2.970425642982507
77321.96860167703	6000.0	953.7843332380526	0.0	0	0.0	1275.7529349150864	1	0	1	2.970425642982507
78200.0	6000.0	1075.7529349150768	0.0	0	27.643817128409864	1275.7529349150864	1	0	1	2.970425642982507
79284.61363386296	6000.0	991.1393010521319	0.0	0	0.0	1275.7529349150864	1	0	1	2.970425642982507
80200.0	6000.0	1075.7529349150946	0.0	0	296.30962954170536	1275.7529349150864	1	0	1	2.970425642982507
81200.0	6000.0	1075.7529349150777	0.0	0	241.93762591431732	1275.7529349150864	1	0	1	2.970425642982507
82200.0	6000.0	1075.7529349150811	0.0	0	292.37296772505215	1275.7529349150864	1	0	1	2.970425642982507
83200.0	6000.0	1075.752934915095	0.0	0	320.10919178041513	1275.7529349150864	1	0	1	2.970425642982507
84200.0	6000.0	1075.7529349150882	0.0	0	50.33271060664265	1275.7529349150864	1	0	1	2.970425642982507
85200.0	6000.0	1075.7529349150882	0.0	0	354.7488505253277	1275.7529349150864	1	0	1	2.970425642982507
86200.0	6000.0	1075.7529349150923	0.0	0	397.28440172791306	1275.7529349150864	1	0	1	2.970425642982507
87259.19368435485	6000.0	1016.5592505602472	0.0	0	0.0	1275.7529349150864	1	0	1	2.970425642982507
88358.51757627304	6000.0	917.2353586420534	0.0	0	0.0	1275.752934915101	1	0	1	2.9704256429825064
89573.73524962437	6000.0	702.0176852907106	0.0	0	0.0	1275.752934915101	1	0	1	2.9704256429825064
90677.88144992014	6000.0	597.8714849949451	0.0	0	0.0	1275.7529349151155	1	0	1	2.970425642982506
91682.93982422026	6000.0	592.8131106948372	0.0	0	0.0	1275.7529349151155	1	0	1	2.970425642982506
92322.57521077647	6000.0	953.1777241386282	0.0	0	0.0	1275.7529349151155	1	0	1	2.970425642982506
93200.0	6000.0	1075.7529349150864	0.0	0	393.24078431715316	1275.7529349151155	1	0	1	2.970425642982506
94568.62508067692	6000.0	707.1278542381383	0.0	0	0.0	1275.7529349151155	1	0	1	2.970425642982506
95438.12382851508	6000.0	837.6291063999947	0.0	0	0.0	1275.7529349151155	1	0	1	2.970425642982506
96200.0	6000.0	1075.7529349150805	0.0	0	113.5511048813496	1275.75293491513	1	0	1	2.9704256429825056
97200.0	6000.0	1075.7529349150864	0.0	0	392.764724940047	1275.7529349151446	1	0	1	2.9704256429825056
98200.0	6000.0	1075.7529349150973	0.0	0	325.33069365304254	1275.7529349151446	1	0	1	2.9704256429825056
99252.80767043166	6000.0	1022.9452644834255	0.0	0	0.0	1275.75293491513	1	0	1	2.9704256429825056
100200.0	6000.0	1075.7529349150836	0.0	0	355.7085000359657	1275.7529349151446	1	0	1	2.9704256429825056
101200.0	6000.0	1075.7529349150836	0.0	0	457.22828319431574	1275.7529349151446	1	0	1	2.9704256429825056
102200.0	6000.0	1075.7529349150984	0.0	0	256.72549357371463	1275.7529349151446	1	0	1	2.9704256429825056
103200.0	6000.0	1075.7529349150882	0.0	0	112.20542865713651	1275.7529349151446	1	0	1	2.9704256429825056
104333.2283661415	6000.0	942.524568773589	0.0	0	0.0	1275.7529349151446	1	0	1	2.9704256429825056
105227.68325647392	6000.0	1048.0696784411668	0.0	0	0.0	1275.7529349151446	1	0	1	2.9704256429825056
106200.0	6000.0	1075.7529349150886	0.0	0	274.8149735859042	1275.75293491513	1	0	1	2.9704256429825056
107200.0	6000.0	1075.7529349150982	0.0	0	316.2234366221237	1275.75293491513	1	0	1	2.9704256429825056
108200.0	6000.0	1075.7529349151014	0.0	0	135.0973606644984	1275.75293491513	1	0	1	2.9704256429825056
109200.0	6000.0	1075.7529349150977	0.0	0	188.10196281825483	1275.7529349151155	1	0	1	2.970425642982506
110200.0	6000.0	1075.7529349151002	0.0	0	56.28826406945882	1275.7529349151155	1	0	1	2.970425642982506
111200.0	6000.0	1075.7529349150855	0.0	0	450.60416433244245	1275.7529349151155	1	0	1	2.970425642982506
112285.32473405632	6000.0	990.428200858773	0.0	0	0.0	1275.7529349151155	1	0	1	2.970425642982506
113209.71516956374	6000.0	1066.0377653513501	0.0	0	0.0	1275.7529349151155	1	0	1	2.970425642982506
114200.0	6000.0	1075.752934915104	0.0	0	230.57841883825313	1275.7529349151155	1	0	1	2.970425642982506
115200.0	6000.0	1075.7529349150882	0.0	0	403.03669807020924	1275.7529349151155	1	0	1	2.970425642982506
116200.0	6000.0	1075.7529349150882	0.0	0	374.3540918234212	1275.7529349151155	1	0	1	2.970425642982506
117200.0	6000.0	1075.7529349150852	0.0	0	284.58306692552287	1275.7529349151155	1	0	1	2.970425642982506
118200.0	6000.0	1075.7529349150668	0.0	0	45.65532010118477	1275.75293491513	1	0	1	2.9704256429825056
119207.69194504424	6000.0	1068.0609898708358	0.0	0	0.0	1275.75293491513	1	0	1	2.9704256429825056
120200.0	6000.0	1075.7529349150714	0.0	0	114.28952652229054	1275.7529349151155	1	0	1	2.970425642982506
121200.0	6000.0	1075.7529349150773	0.0	0	346.9781749378453	1275.752934915101	1	0	1	2.9704256429825064
122200.0	6000.0	1075.7529349150761	0.0	0	560.7067044965515	1275.752934915101	1	0	1	2.9704256429825064
123200.0	6000.0	1075.7529349150752	0.0	0	398.1217941892246	1275.752934915101	1	0	1	2.9704256429825064
124200.0	6000.0	1075.7529349150784	0.0	0	118.57913564823684	1275.7529349151155	1	0	1	2.970425642982506
125384.22965074253	6000.0	891.5232841725552	0.0	0	0.0	1275.752934915101	1	0	1	2.9704256429825064
126233.35047786258	6000.0	1042.4024570525241	0.0	0	0.0	1275.752934915101	1	0	1	2.9704256429825064
127200.0	6000.0	1075.752934915116	0.0	0	363.0473731487873	1275.752934915101	1	0	1	2.9704256429825064
128200.0	6000.0	1075.7529349151282	0.0	0	375.2833175214764	1275.7529349151155	1	0	1	2.970425642982506
129200.0	6000.0	1075.7529349151112	0.0	0	262.7926348134206	1275.752934915101	1	0	1	2.9704256429825064
130200.0	6000.0	1075.7529349151134	0.0	0	449.8021291882469	1275.7529349150864	1	0	1	2.970425642982507
131200.0	6000.0	1075.752934915119	0.0	0	50.86459219796234	1275.7529349150864	1	0	1	2.970425642982507
132200.0	6000.0	1075.7529349150877	0.0	0	145.24204654968344	1275.7529349150573	1	0	1	2.9704256429825073
133200.0	6000.0	1075.7529349150718	0.0	0	478.5851019860711	1275.7529349150427	1	0	1	2.9704256429825087
134200.0	6000.0	1075.7529349150307	0.0	0	550.9364003788796	1275.7529349150427	1	0	1	2.9704256429825087
135200.0	6000.0	1075.7529349150732	0.0	0	417.08441677939845	1275.7529349150427	1	0	1	2.9704256429825087
136200.0	6000.0	1075.7529349150923	0.0	0	4.4137812616245355	1275.7529349150718	1	0	1	2.9704256429825078
137200.0	6000.0	1075.752934915071	0.0	0	311.0136180984264	1275.7529349150718	1	0	1	2.9704256429825078
138200.0	6000.0	1075.7529349150914	0.0	0	228.6134946507227	1275.7529349150718	1	0	1	2.9704256429825078
139200.0	6000.0	1075.752934915084	0.0	0	447.77483205808676	1275.7529349150718	1	0	1	2.9704256429825078
140200.0	6000.0	1075.7529349150684	0.0	0	381.5689438180998	1275.7529349150718	1	0	1	2.9704256429825078
141250.37458220165	6000.0	1025.3783527134226	0.0	0	0.0	1275.7529349150718	1	0	1	2.9704256429825078
142200.0	6000.0	1075.7529349150948	0.0	0	235.72995109928888	1275.7529349150718	1	0	1	2.9704256429825078
143200.0	6000.0	1075.7529349151014	0.0	0	118.39299202727852	1275.7529349150718	1	0	1	2.9704256429825078
144200.0	6000.0	1075.7529349151102	0.0	0	482.95716016500955	1275.7529349150718	1	0	1	2.9704256429825078
145200.0	6000.0	1075.7529349150836	0.0	0	296.8598289625661	1275.7529349150718	1	0	1	2.9704256429825078
146200.0	6000.0	1075.7529349150518	0.0	0	472.9685985655524	1275.7529349150718	1	0	1	2.9704256429825078
147200.0	6000.0	1075.752934915069	0.0	0	517.0230199186772	1275.7529349150718	1	0	1	2.9704256429825078
148349.52470097723	6000.0	926.2282339378125	0.0	0	0.0	1275.7529349150718	1	0	1	2.9704256429825078
149208.16286519665	6000.0	1067.5900697184084	0.0	0	0.0	1275.7529349150718	1	0	1	2.9704256429825078
150200.0	6000.0	1075.7529349150768	0.0	0	284.6070624614076	1275.7529349150718	1	0	1	2.9704256429825078
151200.0	6000.0	1075.7529349150504	0.0	0	167.5349751035974	1275.7529349150718	1	0	1	2.9704256429825078
152200.0	6000.0	1075.7529349150955	0.0	0	236.2267958559387	1275.7529349150718	1	0	1	2.9704256429825078
153200.0	6000.0	1075.7529349151048	0.0	0	186.31437989484402	1275.7529349150718	1	0	1	2.9704256429825078
154200.0	6000.0	1075.7529349151002	0.0	0	94.01468816414126	1275.7529349150427	1	0	1	2.9704256429825087
155200.0	6000.0	1075.7529349150764	0.0	0	335.04215924150776	1275.7529349150427	1	0	1	2.9704256429825087
156200.0	6000.0	1075.752934915086	0.0	0	227.74563840514747	1275.7529349150718	1	0	1	2.9704256429825078
157200.0	6000.0	1075.752934915105	0.0	0	454.2009895488154	1275.752934915101	1	0	1	2.9704256429825064
158200.0	6000.0	1075.7529349151012	0.0	0	418.3210711166903	1275.752934915101	1	0	1	2.9704256429825064
159283.43213095417	6000.0	992.3208039609235	0.0	0	0.0	1275.75293491513	1	0	1	2.9704256429825064
160200.0	6000.0	1075.752934915089	0.0	0	268.3565193838731	1275.75293491513	1	0	1	2.9704256429825056
161200.0	6000.0	1075.7529349150725	0.0	0	205.80614622368012	1275.75293491513	1	0	1	2.9704256429825056
162200.0	6000.0	1075.7529349150975	0.0	0	580.195315217803	1275.7529349151591	1	0	1	2.970425642982505
163200.0	6000.0	1075.7529349150732	0.0	0	223.42807304830058	1275.75293491513	1	0	1	2.9704256429825056
164200.0	6000.0	1075.7529349150864	0.0	0	262.08381003519753	1275.75293491513	1	0	1	2.9704256429825056
165200.0	6000.0	1075.7529349151175	0.0	0	381.57545612656395	1275.75293491513	1	0	1	2.9704256429825056
166200.0	6000.0	1075.752934915106	0.0	0	387.06192790085333	1275.75293491513	1	0	1	2.9704256429825056
167200.0	6000.0	1075.7529349151182	0.0	0	39.68016905125114	1275.7529349151591	1	0	1	2.970425642982505
168221.9221533815	6000.0	1053.8307815335866	0.0	0	0.0	1275.7529349151591	1	0	1	2.970425642982505
169200.0	6000.0	1075.7529349150989	0.0	0	436.4213087116077	1275.7529349151882	1	0	1	2.9704256429825038
170200.0	6000.0	1075.7529349151223	0.0	0	420.9622097372776	1275.7529349152173	1	0	1	2.9704256429825024
171200.0	6000.0	1075.7529349150875	0.0	0	252.6733436684881	1275.7529349152173	1	0	1	2.9704256429825024
172200.0	6000.0	1075.7529349150827	0.0	0	362.1987783224322	1275.7529349152173	1	0	1	2.9704256429825024
173200.0	6000.0	1075.7529349150582	0.0	0	536.6978337865439	1275.7529349152173	1	0	1	2.9704256429825024
174200.0	6000.0	1075.7529349150432	0.0	0	504.5128048667975	1275.7529349152173	1	0	1	2.9704256429825024
175200.0	6000.0	1075.7529349150045	0.0	0	300.3769566002593	1275.7529349152173	1	0	1	2.9704256429825024
176200.0	6000.0	1075.752934915009	0.0	0	450.041863872495	1275.7529349152173	1	0	1	2.9704256429825024
177200.0	6000.0	1075.752934915034	0.0	0	64.49948396874242	1275.7529349152464	1	0	1	2.9704256429825016
178452.80541186474	6000.0	822.9475230503014	0.0	0	0.0	1275.7529349152755	1	0	1	2.9704256429825007
179377.71173890552	6000.0	898.0411960095278	0.0	0	0.0	1275.7529349152755	1	0	1	2.9704256429825007
180200.0	6000.0	1075.7529349150266	0.0	0	77.90759735376923	1275.7529349152755	1	0	1	2.9704256429825007
181200.0	6000.0	1075.7529349150245	0.0	0	486.418663207849	1275.7529349152755	1	0	1	2.9704256429825007
182200.0	6000.0	1075.7529349150316	0.0	0	388.60942327420344	1275.7529349153046	1	0	1	2.9704256429824993
183200.0	6000.0	1075.7529349150414	0.0	0	482.1785207626235	1275.7529349153046	1	0	1	2.9704256429824993
184200.0	6000.0	1075.7529349150332	0.0	0	311.9689483876573	1275.7529349153046	1	0	1	2.9704256429824993
185200.0	6000.0	1075.7529349150277	0.0	0	448.97319792359485	1275.7529349153046	1	0	1	2.9704256429824993
186200.0	6000.0	1075.752934914999	0.0	0	632.8676675427996	1275.7529349153046	1	0	1	2.9704256429824993
187200.0	6000.0	1075.7529349149763	0.0	0	422.01370632633916	1275.7529349153046	1	0	1	2.9704256429824993
188200.0	6000.0	1075.752934914974	0.0	0	249.7393803302839	1275.7529349152755	1	0	1	2.9704256429825007
189200.0	6000.0	1075.752934914974	0.0	0	246.40098906683852	1275.7529349152755	1	0	1	2.9704256429825007
190351.68322936486	6000.0	924.0697055500971	0.0	0	0.0	1275.7529349152755	1	0	1	2.9704256429825007
191341.46512901096	6000.0	934.2878059040239	0.0	0	0.0	1275.7529349153046	1	0	1	2.9704256429824993
192208.77917512992	6000.0	1066.973759785028	0.0	0	0.0	1275.7529349153046	1	0	1	2.9704256429824993
193200.0	6000.0	1075.7529349149277	0.0	0	50.5398314287595	1275.7529349152755	1	0	1	2.9704256429825007
194429.3425209886	6000.0	846.410413926315	0.0	0	0.0	1275.7529349153046	1	0	1	2.9704256429825002
195283.34085749384	6000.0	992.412077421082	0.0	0	0.0	1275.7529349152755	1	0	1	2.9704256429825007
196200.0	6000.0	1075.7529349149004	0.0	0	33.25844524099375	1275.7529349152755	1	0	1	2.9704256429825007
197200.0	6000.0	1075.7529349149177	0.0	0	370.02197721082484	1275.7529349152755	1	0	1	2.9704256429825007
198200.0	6000.0	1075.7529349148929	0.0	0	498.6548198827368	1275.7529349152755	1	0	1	2.9704256429825007
199200.0	6000.0	1075.7529349148717	0.0	0	419.43116183331585	1275.7529349152755	1	0	1	2.9704256429825007
200200.0	6000.0	1075.752934914837	0.0	0	408.455898934626	1275.7529349152755	1	0	1	2.9704256429825007
201200.0	6000.0	1075.7529349148163	0.0	0	461.894131122448	1275.7529349152755	1	0	1	2.9704256429825007
202200.0	6000.0	1075.7529349148292	0.0	0	139.683947533631	1275.7529349152464	1	0	1	2.970425642982501
203200.0	6000.0	1075.7529349148294	0.0	0	257.3690595460066	1275.7529349152755	1	0	1	2.9704256429825007
204200.0	6000.0	1075.7529349148444	0.0	0	243.12323322406155	1275.7529349153046	1	0	1	2.9704256429824993
205200.0	6000.0	1075.7529349148454	0.0	0	47.84373192771454	1275.7529349153046	1	0	1	2.9704256429824993
206276.36593406557	6000.0	999.3870008492615	0.0	0	0.0	1275.7529349152755	1	0	1	2.9704256429825007
207200.0	6000.0	1075.7529349148097	0.0	0	11.814042651618365	1275.7529349152755	1	0	1	2.9704256429825007
208319.54720405143	6000.0	956.2057308633454	0.0	0	0.0	1275.7529349152464	1	0	1	2.9704256429825007
209367.44073188375	6000.0	908.3122030310262	0.0	0	0.0	1275.7529349152464	1	0	1	2.9704256429825016
210200.0	6000.0	1075.752934914767	0.0	0	7.4697849371877965	1275.7529349152464	1	0	1	2.9704256429825016
211200.0	6000.0	1075.7529349147853	0.0	0	108.52124135100166	1275.7529349152755	1	0	1	2.9704256429825007
212423.07015539106	6000.0	852.6827795237559	0.0	0	0.0	1275.7529349152755	1	0	1	2.9704256429825007
213377.28515146987	6000.0	898.4677834449486	0.0	0	0.0	1275.7529349152464	1	0	1	2.9704256429825016
214200.0	6000.0	1075.7529349148099	0.0	0	99.77986041561235	1275.7529349152464	1	0	1	2.9704256429825016
215200.0	6000.0	1075.752934914818	0.0	0	32.684501165524125	1275.7529349152464	1	0	1	2.9704256429825016
216200.0	6000.0	1075.7529349148217	0.0	0	219.71134669106686	1275.7529349152464	1	0	1	2.9704256429825016
217200.0	6000.0	1075.752934914808	0.0	0	5.039469514100347	1275.7529349152464	1	0	1	2.9704256429825016
218200.0	6000.0	1075.7529349148224	0.0	0	240.74976945106755	1275.7529349152464	1	0	1	2.9704256429825016
219200.0	6000.0	1075.7529349148144	0.0	0	470.91009900561767	1275.7529349152464	1	0	1	2.9704256429825016
220200.0	6000.0	1075.7529349147903	0.0	0	359.98161040613195	1275.7529349152464	1	0	1	2.9704256429825016
221200.0	6000.0	1075.7529349147774	0.0	0	103.7914389865764	1275.7529349152464	1	0	1	2.9704256429825016
222200.0	6000.0	1075.7529349147903	0.0	0	582.3281316136708	1275.7529349152464	1	0	1	2.9704256429825016
223200.0	6000.0	1075.7529349148085	0.0	0	196.61925749620423	1275.7529349152464	1	0	1	2.9704256429825016
224200.0	6000.0	1075.7529349148126	0.0	0	186.75796136521967	1275.7529349152464	1	0	1	2.9704256429825016
225200.0	6000.0	1075.7529349148049	0.0	0	88.80513452520245	1275.7529349152173	1	0	1	2.9704256429825024
226663.05379710018	6000.0	612.6991378145954	0.0	0	0.0	1275.7529349152173	1	0	1	2.9704256429825033
227723.84643883025	6000.0	551.9064960845218	0.0	0	0.0	1275.7529349152464	1	0	1	2.9704256429825016
228561.18691398753	6000.0	714.5660209272711	0.0	0	0.0	1275.7529349152464	1	0	1	2.9704256429825016
229233.91970592723	6000.0	1041.833228987552	0.0	0	0.0	1275.7529349152173	1	0	1	2.9704256429825024
230200.0	6000.0	1075.7529349147696	0.0	0	219.53936716212775	1275.7529349152173	1	0	1	2.9704256429825024
231200.0	6000.0	1075.752934914742	0.0	0	81.00432714368799	1275.7529349152173	1	0	1	2.9704256429825024
232200.0	6000.0	1075.7529349147212	0.0	0	464.54299413834815	1275.7529349151882	1	0	1	2.9704256429825038
233200.0	6000.0	1075.7529349147267	0.0	0	24.54994866999914	1275.7529349151882	1	0	1	2.9704256429825038
234200.0	6000.0	1075.7529349147264	0.0	0	456.2775436208176	1275.7529349151882	1	0	1	2.9704256429825038
235200.0	6000.0	1075.752934914749	0.0	0	413.83443168352824	1275.7529349151882	1	0	1	2.9704256429825038
236669.04943814143	6000.0	606.7034967732938	0.0	0	0.0	1275.7529349151591	1	0	1	2.970425642982505
237565.74917509942	6000.0	710.0037598153151	0.0	0	0.0	1275.7529349152173	1	0	1	2.9704256429825024
238612.28313160653	6000.0	663.4698033082175	0.0	0	0.0	1275.7529349152173	1	0	1	2.9704256429825024
239690.35105387133	6000.0	585.401881043414	0.0	0	0.0	1275.7529349152173	1	0	1	2.9704256429825024
240603.0993197759	6000.0	672.6536151388193	0.0	0	0.0	1275.7529349152173	1	0	1	2.9704256429825024
241396.29662264985	6000.0	879.4563122648435	0.0	0	0.0	1275.7529349152173	1	0	1	2.9704256429825024
242200.0	6000.0	1075.7529349146798	0.0	0	220.58519747003447	1275.7529349152173	1	0	1	2.9704256429825024
243436.32302781363	6000.0	839.4299071010813	0.0	0	0.0	1275.7529349152173	1	0	1	2.9704256429825024
244597.30150424782	6000.0	678.451430666915	0.0	0	0.0	1275.7529349152173	1	0	1	2.9704256429825024
245200.0	6000.0	1075.752934914734	0.0	0	5.242501972650643	1275.7529349151882	1	0	1	2.970425642982503
246200.0	6000.0	1075.7529349147608	0.0	0	127.50435431845835	1275.7529349151882	1	0	1	2.9704256429825038
247200.0	6000.0	1075.7529349147474	0.0	0	425.44089653447736	1275.7529349151591	1	0	1	2.970425642982505
248393.70870055474	6000.0	882.0442343600344	0.0	0	0.0	1275.75293491513	1	0	1	2.9704256429825056
249200.0	6000.0	1075.7529349147567	0.0	0	204.31976809175103	1275.75293491513	1	0	1	2.9704256429825056
250200.0	6000.0	1075.7529349147749	0.0	0	327.8774248815316	1275.75293491513	1	0	1	2.9704256429825056
251200.0	6000.0	1075.7529349147467	0.0	0	314.2985456450551	1275.75293491513	1	0	1	2.9704256429825056
252200.0	6000.0	1075.752934914728	0.0	0	181.78085161020863	1275.752934915101	1	0	1	2.9704256429825064
253200.0	6000.0	1075.7529349147235	0.0	0	188.23382376908557	1275.752934915101	1	0	1	2.9704256429825064
254200.0	6000.0	1075.752934914702	0.0	0	288.56857394546387	1275.752934915101	1	0	1	2.9704256429825064
255200.0	6000.0	1075.7529349147121	0.0	0	65.48054934557877	1275.752934915101	1	0	1	2.9704256429825064
256200.0	6000.0	1075.7529349147073	0.0	0	70.4470427465858	1275.752934915101	1	0	1	2.9704256429825064
257200.0	6000.0	1075.752934914684	0.0	0	299.89490693534026	1275.752934915101	1	0	1	2.9704256429825064
258200.0	6000.0	1075.7529349147203	0.0	0	112.2917444833729	1275.752934915101	1	0	1	2.9704256429825064
259200.0	6000.0	1075.7529349147076	0.0	0	327.5851140114537	1275.752934915101	1	0	1	2.9704256429825064
260200.0	6000.0	1075.752934914682	0.0	0	563.7070303459477	1275.752934915101	1	0	1	2.9704256429825064
261436.59218801625	6000.0	839.160746898441	0.0	0	0.0	1275.7529349150718	1	0	1	2.9704256429825073
262436.0955307139	6000.0	839.6574042007701	0.0	0	0.0	1275.7529349150718	1	0	1	2.970425642982507
263416.09311475424	6000.0	859.6598201604374	0.0	0	0.0	1275.7529349150718	1	0	1	2.970425642982507
264289.0636349413	6000.0	986.689299973431	0.0	0	0.0	1275.75293491513	1	0	1	2.9704256429825056
265200.0	6000.0	1075.7529349147396	0.0	0	308.8030562084168	1275.75293491513	1	0	1	2.9704256429825056
266297.78547723946	6000.0	977.9674576752733	0.0	0	0.0	1275.7529349151882	1	0	1	2.9704256429825038
267200.0	6000.0	1075.7529349147408	0.0	0	150.55004682624713	1275.7529349152464	1	0	1	2.9704256429825016
268293.64372038026	6000.0	982.1092145344633	0.0	0	0.0	1275.7529349152464	1	0	1	2.9704256429825016
269200.0	6000.0	1075.7529349146962	0.0	0	11.558414980012458	1275.7529349152464	1	0	1	2.9704256429825016
270200.0	6000.0	1075.7529349147198	0.0	0	469.65180672804127	1275.7529349152464	1	0	1	2.9704256429825016
271200.0	6000.0	1075.752934914738	0.0	0	510.0789191154763	1275.7529349152464	1	0	1	2.9704256429825016
272200.0	6000.0	1075.7529349147194	0.0	0	414.5542269242578	1275.7529349152464	1	0	1	2.9704256429825016
273200.0	6000.0	1075.7529349147192	0.0	0	192.98371345509076	1275.7529349152464	1	0	1	2.9704256429825016
274200.0	6000.0	1075.752934914642	0.0	0	165.9236601368757	1275.7529349152464	1	0	1	2.9704256429825016
275200.0	6000.0	1075.7529349146184	0.0	0	38.24006879440276	1275.7529349152464	1	0	1	2.9704256429825016
276200.0	6000.0	1075.752934914592	0.0	0	172.632590966532	1275.7529349152464	1	0	1	2.9704256429825016
277200.0	6000.0	1075.7529349146698	0.0	0	191.89281151769683	1275.7529349152464	1	0	1	2.9704256429825016
278200.0	6000.0	1075.75293491471	0.0	0	456.73779337015003	1275.7529349153046	1	0	1	2.9704256429824993
279200.0	6000.0	1075.7529349147164	0.0	0	267.08356749190716	1275.7529349153046	1	0	1	2.9704256429824993
280200.0	6000.0	1075.752934914763	0.0	0	99.96024331997614	1275.7529349153046	1	0	1	2.9704256429824993
281200.0	6000.0	1075.7529349147599	0.0	0	388.26966146263294	1275.7529349153046	1	0	1	2.9704256429824993
282200.0	6000.0	1075.7529349147749	0.0	0	484.7305424705264	1275.7529349152464	1	0	1	2.9704256429825016
283200.0	6000.0	1075.7529349147576	0.0	0	442.94988377945265	1275.7529349152464	1	0	1	2.9704256429825016
284200.0	6000.0	1075.7529349147549	0.0	0	510.4021456639166	1275.7529349152464	1	0	1	2.9704256429825016
285225.9603776166	6000.0	1049.792557298188	0.0	0	0.0	1275.7529349152464	1	0	1	2.9704256429825016
286200.0	6000.0	1075.7529349148272	0.0	0	66.49620502867037	1275.7529349152464	1	0	1	2.9704256429825016
287200.0	6000.0	1075.752934914825	0.0	0	177.22333453857573	1275.7529349152464	1	0	1	2.9704256429825016
288200.0	6000.0	1075.7529349147912	0.0	0	167.21210678399075	1275.7529349152464	1	0	1	2.9704256429825016
289200.0	6000.0	1075.7529349147803	0.0	0	464.7182503255317	1275.7529349152464	1	0	1	2.9704256429825016
290205.7194697917	6000.0	1070.0334651230712	0.0	0	0.0	1275.7529349152464	1	0	1	2.9704256429825016
291200.0	6000.0	1075.7529349147667	0.0	0	269.5784103210317	1275.7529349152464	1	0	1	2.9704256429825016
292200.0	6000.0	1075.7529349148303	0.0	0	421.5023228843929	1275.7529349152464	1	0	1	2.9704256429825016
293200.0	6000.0	1075.7529349148176	0.0	0	499.85911139502423	1275.7529349152464	1	0	1	2.9704256429825016
294200.0	6000.0	1075.7529349148044	0.0	0	428.4762421049527	1275.7529349152464	1	0	1	2.9704256429825016
295200.0	6000.0	1075.7529349147626	0.0	0	257.060960653238	1275.7529349152464	1	0	1	2.9704256429825016
296200.0	6000.0	1075.7529349147665	0.0	0	423.18980065209325	1275.7529349152464	1	0	1	2.9704256429825016
297200.0	6000.0	1075.7529349147906	0.0	0	5.864317329658661	1275.7529349153046	1	0	1	2.9704256429824993
298200.0	6000.0	1075.7529349147462	0.0	0	96.67432972695678	1275.7529349153046	1	0	1	2.9704256429824993
299200.0	6000.0	1075.7529349147026	0.0	0	207.10904295940418	1275.7529349153046	1	0	1	2.9704256429824993
300200.0	6000.0	1075.752934914698	0.0	0	45.30815173173323	1275.7529349153046	1	0	1	2.9704256429824993
6.61	7.96	8.25	10.3	8.07	7.1	8.05	9.33	12.4	7.59	6.1	9.48	10.7	5.44	7.66	10.4	9.26	10.5	12.7	16.7	9.7	9.2	8.92	6.41	5.98	7.96	8.69	9.22	13.5	11.8	9.93	11.3	13.7	8.18	8.31	8.02	5.71	7.06	6.96	7.11	6.3	8.61	6.87	9.66	9.6	12.1	10.3	9.48	8.38	8.72	8.48	8.32	6.92	7.19	6.52	7.39	6.05	7.8	6.63	6.73	10.2	7.69	7.97	8.09	9.55	9.13	10.9	8.53	11.9	6.7	6.8	8.46	4.81	5.91	7.15	10.0	7.55	7.02	8.88	7.65	10.8	10.7	4.22	6.86	6.73	5.86	4.84	6.78	10.7	5.35	5.98	8.66	7.49	8.27	5.83	10.2	10.6	11.0	6.79	7.16	6.45	7.77	7.96	9.29	9.24	7.89	10.7	6.73	6.51	8.0	8.56	11.8	6.94	6.89	5.93	8.12	10.1	12.5	12.6	7.29	6.59	7.75	8.58	10.4	9.2	10.9	8.18	7.89	11.7	12.1	11.4	6.67	7.09	9.36	8.79	14.1	7.94	7.38	9.49	15.8	10.5	10.4	11.5	6.87	7.66	6.44	7.7	10.8	8.91	10.8	6.61	7.96	8.25	10.3	8.07	7.1	8.05	9.33	12.4	7.59	6.1	9.48	10.7	5.44	7.66	10.4	9.26	10.5	12.7	16.7	9.7	9.2	8.92	6.41	5.98	7.96	8.69	9.22	13.5	11.8	9.93	11.3	13.7	8.18	8.31	8.02	5.71	7.06	6.96	7.11	6.3	8.61	6.87	9.66	9.6	12.1	10.3	9.48	8.38	8.72	8.48	8.32	6.92	7.19	6.52	7.39	6.05	7.8	6.63	6.73	10.2	7.69	7.97	8.09	9.55	9.13	10.9	8.53	11.9	6.7	6.8	8.46	4.81	5.91	7.15	10.0	7.55	7.02	8.88	7.65	10.8	10.7	4.22	6.86	6.73	5.86	4.84	6.78	10.7	5.35	5.98	8.66	7.49	8.27	5.83	10.2	10.6	11.0	6.79	7.16	6.45	7.77	7.96	9.29	9.24	7.89	10.7	6.73	6.51	8.0	8.56	11.8	6.94	6.89	5.93	8.12	10.1	12.5	12.6	7.29	6.59	7.75	8.58	10.4	9.2	10.9	8.18	7.89	11.7	12.1	11.4	6.67	7.09	9.36	8.79	14.1	7.94	7.38	9.49	15.8	10.5	10.4	11.5	6.87	7.66	6.44	7.7	10.8	8.91	10.8
1.0	2.0	3.0	4.0	5.0	6.0	7.0	8.0	9.0	10.0	11.0	12.0	13.0	14.0	15.0	16.0	17.0	18.0	19.0	20.0	21.0	22.0	23.0	24.0	25.0	26.0	27.0	28.0	29.0	30.0	31.0	32.0	33.0	34.0	35.0	36.0	37.0	38.0	39.0	40.0	41.0	42.0	43.0	44.0	45.0	46.0	47.0	48.0	49.0	50.0	51.0	52.0	53.0	54.0	55.0	56.0	57.0	58.0	59.0	60.0	61.0	62.0	63.0	64.0	65.0	66.0	67.0	68.0	69.0	70.0	71.0	72.0	73.0	74.0	75.0	76.0	77.0	78.0	79.0	80.0	81.0	82.0	83.0	84.0	85.0	86.0	87.0	88.0	89.0	90.0	91.0	92.0	93.0	94.0	95.0	96.0	97.0	98.0	99.0	100.0	101.0	102.0	103.0	104.0	105.0	106.0	107.0	108.0	109.0	110.0	111.0	112.0	113.0	114.0	115.0	116.0	117.0	118.0	119.0	120.0	121.0	122.0	123.0	124.0	125.0	126.0	127.0	128.0	129.0	130.0	131.0	132.0	133.0	134.0	135.0	136.0	137.0	138.0	139.0	140.0	141.0	142.0	143.0	144.0	145.0	146.0	147.0	148.0	149.0	149.0	150.0	151.0	152.0	153.0	154.0	155.0	156.0	157.0	158.0	159.0	160.0	161.0	162.0	163.0	164.0	165.0	166.0	167.0	168.0	169.0	170.0	171.0	172.0	173.0	174.0	175.0	176.0	177.0	178.0	179.0	180.0	181.0	182.0	183.0	184.0	185.0	186.0	187.0	188.0	189.0	190.0	191.0	192.0	193.0	194.0	195.0	196.0	197.0	198.0	199.0	200.0	201.0	202.0	203.0	204.0	205.0	206.0	207.0	208.0	209.0	210.0	211.0	212.0	213.0	214.0	215.0	216.0	217.0	218.0	219.0	220.0	221.0	222.0	223.0	224.0	225.0	226.0	227.0	228.0	229.0	230.0	231.0	232.0	233.0	234.0	235.0	236.0	237.0	238.0	239.0	240.0	241.0	242.0	243.0	244.0	245.0	246.0	247.0	248.0	249.0	250.0	251.0	252.0	253.0	254.0	255.0	256.0	257.0	258.0	259.0	260.0	261.0	262.0	263.0	264.0	265.0	266.0	267.0	268.0	269.0	270.0	271.0	272.0	273.0	274.0	275.0	276.0	277.0	278.0	279.0	280.0	281.0	282.0	283.0	284.0	285.0	286.0	287.0	288.0	289.0	290.0	291.0	292.0	293.0	294.0	295.0	296.0	297.0	298.0	298.0
4179.540010106464
