2328.6443668728134	300.0	2000.0	58.22172198755262	0	0.0	2328.6443668728134	1	0	1	-0.4380563055785589
3200.0	300.0	2128.6443668728134	0.0	0	811.1369054764441	2328.6443668728134	1	0	1	-0.08935240039274596
4200.0	300.0	2128.6443668728134	0.0	0	909.029268048128	2328.6443668728134	1	0	1	-0.08935240039274596
5200.0	500.0	2128.6443668728157	0.0	0	922.8409465239365	2328.6443668728157	1	0	1	-0.089352400392746
6200.0	500.0	2128.6443668728166	0.0	0	892.8117868093614	2328.6443668728166	1	0	1	0.42147322337324455
7200.0	500.0	2128.644366872816	0.0	0	903.4174535671427	2328.644366872816	1	0	1	0.42147322337324455
8200.0	500.0	2128.644366872816	0.0	0	925.9870134173707	2328.644366872816	1	0	1	0.42147322337324455
9200.0	1000.0	2128.644366872816	0.0	0	864.3799150444047	2328.644366872816	1	0	1	0.42147322337324467
10200.0	3000.0	2128.644366872815	0.0	0	480.96825315362366	2328.644366872815	1	0	1	1.1146204039331902
11705.259097560804	6000.0	1623.38526931201	0.0	0	0.0	2328.644366872815	1	0	1	2.2132326926013
12982.13198235312	6000.0	1346.5123845196922	0.0	0	0.0	2328.6443668728134	1	0	1	2.906379873161245
14042.144240097221	6000.0	1286.5001267755915	0.0	0	0.0	2328.644366872815	1	0	1	2.906379873161245
14644.784323937645	6000.0	1683.8600429351698	0.0	0	0.0	2328.644366872815	1	0	1	2.906379873161245
15200.0	6000.0	2128.644366872816	0.0	0	60.21432048391034	2328.644366872815	1	0	1	2.906379873161245
16200.0	6000.0	2128.6443668728148	0.0	0	429.32614503950026	2328.644366872817	1	0	1	2.9063798731612445
17200.0	6000.0	2128.644366872816	0.0	0	440.7831985695593	2328.644366872817	1	0	1	2.9063798731612445
18200.0	6000.0	2128.6443668728148	0.0	0	137.58809553816172	2328.644366872817	1	0	1	2.9063798731612445
19200.0	6000.0	2128.6443668728148	0.0	0	572.0125161640899	2328.644366872817	1	0	1	2.9063798731612445
20200.0	6000.0	2128.6443668728175	0.0	0	201.11270647540368	2328.644366872817	1	0	1	2.9063798731612445
21200.0	6000.0	2128.644366872819	0.0	0	194.67888644645427	2328.6443668728134	1	0	1	2.906379873161245
22200.0	6000.0	2128.64436687282	0.0	0	271.5062563214524	2328.6443668728134	1	0	1	2.906379873161245
23200.0	6000.0	2128.6443668728216	0.0	0	266.87521104034386	2328.644366872817	1	0	1	2.9063798731612445
24200.0	6000.0	2128.64436687282	0.0	0	135.90724528584906	2328.644366872817	1	0	1	2.9063798731612445
25200.0	6000.0	2128.6443668728193	0.0	0	455.5187757223175	2328.644366872817	1	0	1	2.9063798731612445
26770.764879638824	6000.0	1557.879487233994	0.0	0	0.0	2328.644366872817	1	0	1	2.9063798731612445
27603.952010809746	6000.0	1724.6923560630717	0.0	0	0.0	2328.644366872817	1	0	1	2.9063798731612445
28295.279337719112	6000.0	2033.3650291537074	0.0	0	0.0	2328.644366872817	1	0	1	2.9063798731612445
29200.0	6000.0	2128.64436687282	0.0	0	264.6903440831338	2328.644366872817	1	0	1	2.9063798731612445
30200.0	6000.0	2128.6443668728207	0.0	0	421.3995929801058	2328.644366872817	1	0	1	2.9063798731612445
31260.65734620155	6000.0	2067.9870206712694	0.0	0	0.0	2328.644366872817	1	0	1	2.9063798731612445
32200.0	6000.0	2128.6443668728225	0.0	0	31.863814448668563	2328.644366872817	1	0	1	2.9063798731612445
33200.0	6000.0	2128.644366872826	0.0	0	134.39339711792127	2328.6443668728243	1	0	1	2.9063798731612445
34200.0	6000.0	2128.644366872829	0.0	0	238.1517209638041	2328.6443668728316	1	0	1	2.906379873161243
35200.0	6000.0	2128.644366872833	0.0	0	387.4759441097849	2328.6443668728316	1	0	1	2.906379873161243
36207.62012696659	6000.0	2121.024239906237	0.0	0	0.0	2328.6443668728243	1	0	1	2.906379873161244
37200.0	6000.0	2128.644366872828	0.0	0	321.5501331499836	2328.6443668728316	1	0	1	2.906379873161243
38200.0	6000.0	2128.644366872838	0.0	0	548.0395857993353	2328.644366872839	1	0	1	2.9063798731612427
39200.0	6000.0	2128.6443668728334	0.0	0	151.2845638421786	2328.644366872839	1	0	1	2.9063798731612427
40335.191194403145	6000.0	1993.453172469688	0.0	0	0.0	2328.644366872839	1	0	1	2.9063798731612427
41200.0	6000.0	2128.6443668728352	0.0	0	98.46153424534714	2328.644366872839	1	0	1	2.9063798731612427
42200.0	6000.0	2128.644366872834	0.0	0	316.03591575549945	2328.644366872846	1	0	1	2.906379873161242
43200.0	6000.0	2128.6443668728352	0.0	0	164.6316485489806	2328.644366872846	1	0	1	2.906379873161242
44200.0	6000.0	2128.6443668728316	0.0	0	298.4229384296923	2328.644366872846	1	0	1	2.906379873161242
45200.0	6000.0	2128.6443668728343	0.0	0	133.11169944118592	2328.644366872846	1	0	1	2.906379873161242
46223.71442099479	6000.0	2104.92994587805	0.0	0	0.0	2328.6443668728534	1	0	1	2.9063798731612414
47523.40261899718	6000.0	1805.2417478756577	0.0	0	0.0	2328.6443668728607	1	0	1	2.9063798731612405
48643.80196547312	6000.0	1684.8424013997105	0.0	0	0.0	2328.6443668728607	1	0	1	2.9063798731612405
49434.31394989952	6000.0	1894.3304169732999	0.0	0	0.0	2328.6443668728607	1	0	1	2.9063798731612405
50411.31928409776	6000.0	1917.3250827750694	0.0	0	0.0	2328.6443668728607	1	0	1	2.9063798731612405
51479.916234850825	6000.0	1848.7281320220077	0.0	0	0.0	2328.6443668728607	1	0	1	2.9063798731612405
52200.0	6000.0	2128.6443668728402	0.0	0	217.51657982751203	2328.6443668728607	1	0	1	2.9063798731612405
53200.0	6000.0	2128.644366872844	0.0	0	105.33399417924375	2328.6443668728607	1	0	1	2.9063798731612405
54200.0	6000.0	2128.64436687284	0.0	0	250.04013070161454	2328.6443668728607	1	0	1	2.9063798731612405
55200.0	6000.0	2128.6443668728484	0.0	0	320.9835975840688	2328.644366872868	1	0	1	2.90637987316124
56200.0	6000.0	2128.6443668728543	0.0	0	208.81897447258962	2328.644366872868	1	0	1	2.90637987316124
57200.0	6000.0	2128.6443668728525	0.0	0	551.5467607156752	2328.6443668728607	1	0	1	2.9063798731612405
58200.0	6000.0	2128.6443668728584	0.0	0	247.08603038450383	2328.6443668728607	1	0	1	2.9063798731612405
59200.0	6000.0	2128.644366872851	0.0	0	393.6156465497843	2328.6443668728607	1	0	1	2.9063798731612405
60200.0	6000.0	2128.6443668728457	0.0	0	192.81565312522434	2328.6443668728607	1	0	1	2.9063798731612405
61200.0	6000.0	2128.6443668728407	0.0	0	106.25830355940707	2328.6443668728607	1	0	1	2.9063798731612405
62258.762764272666	6000.0	2069.881602600174	0.0	0	0.0	2328.6443668728607	1	0	1	2.9063798731612405
63226.31453409801	6000.0	2102.3298327748216	0.0	0	0.0	2328.6443668728607	1	0	1	2.9063798731612405
64200.0	6000.0	2128.644366872834	0.0	0	496.24218499317067	2328.6443668728607	1	0	1	2.9063798731612405
65200.0	6000.0	2128.6443668728334	0.0	0	201.54458399001305	2328.6443668728607	1	0	1	2.9063798731612405
66200.0	6000.0	2128.6443668728443	0.0	0	26.76417483665864	2328.6443668728825	1	0	1	2.9063798731612396
67333.83029627423	6000.0	1994.8140705986254	0.0	0	0.0	2328.644366872897	1	0	1	2.906379873161237
68427.01991667063	6000.0	1901.6244502022264	0.0	0	0.0	2328.64436687289	1	0	1	2.906379873161238
69200.0	6000.0	2128.644366872856	0.0	0	248.1750075473974	2328.64436687289	1	0	1	2.906379873161238
70264.86549008191	6000.0	2063.7788767909456	0.0	0	0.0	2328.64436687289	1	0	1	2.906379873161238
71205.22701544357	6000.0	2123.4173514293043	0.0	0	0.0	2328.64436687289	1	0	1	2.906379873161238
72200.0	6000.0	2128.6443668728884	0.0	0	333.12204341789766	2328.64436687289	1	0	1	2.906379873161238
73200.0	6000.0	2128.6443668728957	0.0	0	179.0662759848492	2328.64436687289	1	0	1	2.906379873161238
74373.57193271453	6000.0	1955.072434158356	0.0	0	0.0	2328.6443668729044	1	0	1	2.906379873161236
75200.0	6000.0	2128.6443668728984	0.0	0	295.8131043226458	2328.6443668729044	1	0	1	2.906379873161236
76200.0	6000.0	2128.6443668729025	0.0	0	182.9365788018331	2328.6443668729044	1	0	1	2.906379873161236
77200.0	6000.0	2128.644366872894	0.0	0	580.2766875214293	2328.6443668729044	1	0	1	2.906379873161236
78200.0	6000.0	2128.6443668728853	0.0	0	520.2013354236842	2328.6443668729044	1	0	1	2.906379873161236
79200.0	6000.0	2128.6443668728925	0.0	0	457.56620437128004	2328.6443668729044	1	0	1	2.906379873161236
80200.0	6000.0	2128.6443668728916	0.0	0	267.0467952240433	2328.6443668729044	1	0	1	2.906379873161236
81450.60426005762	6000.0	1878.040106815286	0.0	0	0.0	2328.644366872919	1	0	1	2.906379873161235
82366.63895455716	6000.0	1962.005412315751	0.0	0	0.0	2328.644366872919	1	0	1	2.906379873161235
83200.0	6000.0	2128.644366872911	0.0	0	211.3675501802063	2328.644366872919	1	0	1	2.906379873161235
84200.0	6000.0	2128.6443668729053	0.0	0	104.8837016903708	2328.644366872919	1	0	1	2.906379873161235
85200.0	6000.0	2128.6443668729207	0.0	0	92.26031538804818	2328.644366872919	1	0	1	2.906379873161235
86200.0	6000.0	2128.644366872919	0.0	0	255.6956847160618	2328.6443668729044	1	0	1	2.906379873161236
87200.0	6000.0	2128.6443668729326	0.0	0	118.34472031402402	2328.6443668729044	1	0	1	2.906379873161236
88200.0	6000.0	2128.644366872932	0.0	0	458.81200011675537	2328.6443668729044	1	0	1	2.906379873161236
89200.0	6000.0	2128.644366872938	0.0	0	510.43009745370364	2328.6443668729044	1	0	1	2.906379873161236
90200.0	6000.0	2128.6443668729466	0.0	0	255.5575255931617	2328.6443668729044	1	0	1	2.906379873161236
91200.0	6000.0	2128.6443668729635	0.0	0	141.71013400568336	2328.644366872919	1	0	1	2.906379873161235
92200.0	6000.0	2128.6443668729626	0.0	0	182.4723744178773	2328.644366872919	1	0	1	2.906379873161235
93200.0	6000.0	2128.6443668729507	0.0	0	324.06821037389454	2328.6443668729044	1	0	1	2.906379873161236
94200.0	6000.0	2128.6443668729557	0.0	0	345.20526634555426	2328.6443668729044	1	0	1	2.906379873161236
95200.0	6000.0	2128.644366872942	0.0	0	177.62494501200854	2328.64436687289	1	0	1	2.906379873161238
96200.0	6000.0	2128.6443668729435	0.0	0	324.99747063910763	2328.6443668729044	1	0	1	2.906379873161236
97200.0	6000.0	2128.6443668729353	0.0	0	501.6181821684295	2328.644366872919	1	0	1	2.906379873161235
98200.0	6000.0	2128.6443668729544	0.0	0	363.07599999661034	2328.644366872919	1	0	1	2.906379873161235
99200.0	6000.0	2128.6443668729667	0.0	0	230.87024790068972	2328.644366872919	1	0	1	2.906379873161235
100200.0	6000.0	2128.644366872964	0.0	0	405.2718888427771	2328.644366872919	1	0	1	2.906379873161235
101200.0	6000.0	2128.6443668729553	0.0	0	97.282762176299	2328.6443668729044	1	0	1	2.906379873161236
102200.0	6000.0	2128.644366872937	0.0	0	368.4819333000487	2328.64436687289	1	0	1	2.906379873161238
103200.0	6000.0	2128.644366872931	0.0	0	481.1268164458306	2328.64436687289	1	0	1	2.906379873161238
104200.0	6000.0	2128.6443668729216	0.0	0	462.05320779849717	2328.64436687289	1	0	1	2.906379873161238
105200.0	6000.0	2128.6443668729116	0.0	0	480.7282174511347	2328.6443668728753	1	0	1	2.9063798731612387
106200.0	6000.0	2128.644366872908	0.0	0	246.02535465070105	2328.6443668728753	1	0	1	2.9063798731612387
107200.0	6000.0	2128.644366872927	0.0	0	355.17472967553476	2328.6443668728753	1	0	1	2.9063798731612387
108242.04534800854	6000.0	2086.5990188643896	0.0	0	0.0	2328.6443668728753	1	0	1	2.9063798731612387
109200.0	6000.0	2128.644366872918	0.0	0	143.32041192393808	2328.6443668728753	1	0	1	2.9063798731612387
110200.0	6000.0	2128.6443668729153	0.0	0	312.05422277092293	2328.6443668728753	1	0	1	2.9063798731612387
111200.0	6000.0	2128.64436687291	0.0	0	10.736439180240268	2328.6443668728753	1	0	1	2.9063798731612387
112200.0	6000.0	2128.6443668729094	0.0	0	132.37310270911257	2328.6443668728753	1	0	1	2.9063798731612387
113200.0	6000.0	2128.644366872918	0.0	0	375.2715830394882	2328.6443668728753	1	0	1	2.9063798731612387
114200.0	6000.0	2128.644366872934	0.0	0	379.4057120778889	2328.64436687289	1	0	1	2.906379873161238
115200.0	6000.0	2128.6443668729357	0.0	0	540.1511014771095	2328.64436687289	1	0	1	2.906379873161238
116200.0	6000.0	2128.644366872927	0.0	0	289.8651519785344	2328.64436687289	1	0	1	2.906379873161238
117200.0	6000.0	2128.6443668729275	0.0	0	403.25752312442637	2328.6443668729044	1	0	1	2.906379873161236
118200.0	6000.0	2128.6443668729266	0.0	0	649.7424769261706	2328.6443668729044	1	0	1	2.906379873161236
119200.0	6000.0	2128.644366872934	0.0	0	563.6611724904797	2328.6443668729044	1	0	1	2.906379873161236
120200.0	6000.0	2128.644366872936	0.0	0	146.14634527351882	2328.6443668729044	1	0	1	2.906379873161236
121200.0	6000.0	2128.6443668729366	0.0	0	8.562356257840293	2328.6443668729044	1	0	1	2.906379873161236
122200.0	6000.0	2128.644366872939	0.0	0	30.096432960912352	2328.6443668729044	1	0	1	2.906379873161236
123245.73480633176	6000.0	2082.9095605411885	0.0	0	0.0	2328.6443668729044	1	0	1	2.906379873161236
124200.0	6000.0	2128.644366872948	0.0	0	477.96929786982946	2328.6443668729044	1	0	1	2.906379873161236
125200.0	6000.0	2128.6443668729426	0.0	0	299.4945798803092	2328.6443668729044	1	0	1	2.906379873161236
126303.7973196415	6000.0	2024.8470472314398	0.0	0	0.0	2328.6443668729044	1	0	1	2.906379873161236
127200.0	6000.0	2128.6443668729457	0.0	0	182.61145974494866	2328.6443668729044	1	0	1	2.906379873161236
128330.27429596434	6000.0	1998.3700709086168	0.0	0	0.0	2328.6443668729044	1	0	1	2.906379873161236
129253.20451067935	6000.0	2075.4398561935964	0.0	0	0.0	2328.6443668729044	1	0	1	2.906379873161236
130200.0	6000.0	2128.644366872955	0.0	0	199.63975767078227	2328.6443668729044	1	0	1	2.906379873161236
131200.0	6000.0	2128.6443668729567	0.0	0	368.6134516934835	2328.6443668729044	1	0	1	2.906379873161235
132200.0	6000.0	2128.6443668729908	0.0	0	90.02545050461777	2328.644366872919	1	0	1	2.906379873161236
133200.0	6000.0	2128.6443668729926	0.0	0	36.44696484762244	2328.644366872919	1	0	1	2.906379873161236
134200.0	6000.0	2128.6443668730117	0.0	0	73.45796761405654	2328.6443668729044	1	0	1	2.906379873161236
135706.5045321155	6000.0	1622.139834757494	0.0	0	0.0	2328.6443668729044	1	0	1	2.906379873161236
136625.4200168555	6000.0	1703.2243500174818	0.0	0	0.0	2328.6443668729044	1	0	1	2.906379873161236
137369.9512446557	6000.0	1958.6931222172605	0.0	0	0.0	2328.6443668729044	1	0	1	2.906379873161236
138200.0	6000.0	2128.644366872955	0.0	0	286.2720116287819	2328.6443668729044	1	0	1	2.906379873161236
139200.0	6000.0	2128.644366872958	0.0	0	494.8505385319004	2328.6443668729044	1	0	1	2.906379873161236
140200.0	6000.0	2128.644366872958	0.0	0	173.4180039630446	2328.6443668729044	1	0	1	2.906379873161236
141200.0	6000.0	2128.644366872988	0.0	0	554.2016880194133	2328.6443668729044	1	0	1	2.906379873161236
142200.0	6000.0	2128.644366872988	0.0	0	402.0142482347437	2328.6443668728753	1	0	1	2.9063798731612387
143200.0	6000.0	2128.64436687297	0.0	0	525.7289806501358	2328.644366872846	1	0	1	2.906379873161242
144339.5891410229	6000.0	1989.0552258500986	0.0	0	0.0	2328.644366872846	1	0	1	2.906379873161242
145314.7721193587	6000.0	2013.872247514292	0.0	0	0.0	2328.644366872846	1	0	1	2.906379873161242
146200.0	6000.0	2128.64436687298	0.0	0	99.09632927796338	2328.644366872846	1	0	1	2.906379873161242
147200.0	6000.0	2128.6443668729735	0.0	0	433.2060152190388	2328.644366872846	1	0	1	2.906379873161242
148200.0	6000.0	2128.6443668729894	0.0	0	118.65931814146461	2328.6443668728753	1	0	1	2.9063798731612387
149200.0	6000.0	2128.6443668729676	0.0	0	157.3461123854795	2328.6443668728753	1	0	1	2.9063798731612387
150200.0	6000.0	2128.64436687298	0.0	0	202.73538015809027	2328.6443668728753	1	0	1	2.9063798731612387
151200.0	6000.0	2128.6443668729535	0.0	0	347.03569113634876	2328.644366872846	1	0	1	2.906379873161242
152200.0	6000.0	2128.644366872965	0.0	0	517.6038570281526	2328.644366872846	1	0	1	2.906379873161242
153246.921578729	6000.0	2081.722788143945	0.0	0	0.0	2328.6443668728753	1	0	1	2.9063798731612414
154200.0	6000.0	2128.6443668729385	0.0	0	329.8282448154059	2328.6443668728753	1	0	1	2.9063798731612387
155200.0	6000.0	2128.644366872937	0.0	0	332.85170604559244	2328.6443668728753	1	0	1	2.9063798731612387
156200.0	6000.0	2128.6443668729535	0.0	0	58.56210273122997	2328.6443668728753	1	0	1	2.9063798731612387
157200.0	6000.0	2128.6443668729453	0.0	0	518.7784172094835	2328.6443668728753	1	0	1	2.9063798731612387
158200.0	6000.0	2128.6443668729507	0.0	0	315.34435136345564	2328.6443668728753	1	0	1	2.9063798731612387
159200.0	6000.0	2128.644366872949	0.0	0	159.82516492553987	2328.6443668729044	1	0	1	2.906379873161236
160847.39348614373	6000.0	1481.250880729259	0.0	0	0.0	2328.6443668729044	1	0	1	2.906379873161236
162229.29664860494	6000.0	1099.3477182680153	0.0	0	0.0	2328.6443668728753	1	0	1	2.9063798731612387
163294.40918761306	6000.0	1034.2351792598877	0.0	0	0.0	2328.644366872846	1	0	1	2.906379873161242
163915.22288411847	6000.0	1413.421482754451	0.0	0	0.0	2328.644366872817	1	0	1	2.9063798731612445
164528.79821770187	6000.0	1799.8461491710182	0.0	0	0.0	2328.644366872788	1	0	1	2.9063798731612467
165200.0	6000.0	2128.6443668729253	0.0	0	18.924519980617333	2328.644366872788	1	0	1	2.9063798731612476
166200.0	6000.0	2128.6443668729094	0.0	0	167.43032984930323	2328.644366872788	1	0	1	2.9063798731612476
167200.0	6000.0	2128.644366872916	0.0	0	303.34223390510306	2328.644366872788	1	0	1	2.9063798731612476
168200.0	6000.0	2128.6443668729116	0.0	0	391.35896529309684	2328.644366872788	1	0	1	2.9063798731612476
169240.2704605286	6000.0	2088.37390634433	0.0	0	0.0	2328.644366872846	1	0	1	2.906379873161244
170200.0	6000.0	2128.644366872938	0.0	0	208.5557698344346	2328.644366872846	1	0	1	2.906379873161242
171200.0	6000.0	2128.6443668729535	0.0	0	281.01376299382537	2328.644366872846	1	0	1	2.906379873161242
172200.0	6000.0	2128.6443668729703	0.0	0	74.26622579069226	2328.644366872846	1	0	1	2.906379873161242
173200.0	6000.0	2128.644366872977	0.0	0	344.5603535680857	2328.644366872846	1	0	1	2.906379873161242
174200.0	6000.0	2128.6443668729685	0.0	0	513.1895602368168	2328.644366872817	1	0	1	2.9063798731612445
175389.6279775327	6000.0	1939.0163893402553	0.0	0	0.0	2328.644366872817	1	0	1	2.9063798731612445
176338.89875673488	6000.0	1989.745610138088	0.0	0	0.0	2328.644366872817	1	0	1	2.9063798731612445
177200.0	6000.0	2128.6443668729626	0.0	0	2.9917664270906243	2328.644366872817	1	0	1	2.9063798731612445
178200.0	6000.0	2128.6443668729735	0.0	0	213.48640802770387	2328.644366872817	1	0	1	2.9063798731612445
179200.0	6000.0	2128.6443668729653	0.0	0	67.84447461128002	2328.644366872817	1	0	1	2.9063798731612445
180200.0	6000.0	2128.644366872987	0.0	0	84.29515020013787	2328.644366872846	1	0	1	2.906379873161242
181200.0	6000.0	2128.644366872987	0.0	0	259.66450441099005	2328.644366872846	1	0	1	2.906379873161242
182200.0	6000.0	2128.644366872992	0.0	0	337.63341129152104	2328.644366872846	1	0	1	2.906379873161242
183200.0	6000.0	2128.6443668730217	0.0	0	322.0097701938066	2328.644366872846	1	0	1	2.906379873161242
184200.0	6000.0	2128.644366873023	0.0	0	378.04550976355677	2328.644366872846	1	0	1	2.906379873161242
185200.0	6000.0	2128.6443668730544	0.0	0	41.22513380117016	2328.6443668728753	1	0	1	2.9063798731612387
186200.0	6000.0	2128.6443668730435	0.0	0	203.46739205232006	2328.6443668728753	1	0	1	2.9063798731612387
187200.0	6000.0	2128.644366873084	0.0	0	371.634626775427	2328.6443668728753	1	0	1	2.9063798731612387
188200.0	6000.0	2128.6443668730635	0.0	0	174.60185802716296	2328.6443668729044	1	0	1	2.906379873161236
189358.2302694399	6000.0	1970.4140974331665	0.0	0	0.0	2328.6443668729044	1	0	1	2.906379873161236
190200.0	6000.0	2128.6443668730863	0.0	0	26.14373776729917	2328.6443668729044	1	0	1	2.906379873161236
191200.0	6000.0	2128.6443668730913	0.0	0	130.4452627763094	2328.6443668729335	1	0	1	2.9063798731612334
192200.0	6000.0	2128.644366873066	0.0	0	379.2050301465206	2328.6443668729335	1	0	1	2.9063798731612334
193200.0	6000.0	2128.6443668730744	0.0	0	492.0985015445913	2328.6443668729626	1	0	1	2.9063798731612307
194200.0	6000.0	2128.644366873085	0.0	0	23.988817099801963	2328.6443668729626	1	0	1	2.9063798731612307
195200.0	6000.0	2128.644366873088	0.0	0	278.2058103104355	2328.6443668729626	1	0	1	2.9063798731612307
196276.67624538895	6000.0	2051.968121484106	0.0	0	0.0	2328.6443668729917	1	0	1	2.906379873161228
197200.0	6000.0	2128.644366873057	0.0	0	10.16195594042074	2328.6443668730208	1	0	1	2.906379873161225
198494.49999323214	6000.0	1834.1443736409421	0.0	0	0.0	2328.6443668730208	1	0	1	2.906379873161225
199472.6114151617	6000.0	1856.0329517113898	0.0	0	0.0	2328.6443668730208	1	0	1	2.9063798731612267
200322.76256887472	6000.0	2005.881797998337	0.0	0	0.0	2328.6443668729917	1	0	1	2.9063798731612263
201200.0	6000.0	2128.6443668730744	0.0	0	441.8443727036065	2328.6443668729917	1	0	1	2.906379873161228
202200.0	6000.0	2128.644366873037	0.0	0	110.41809177753748	2328.6443668729917	1	0	1	2.906379873161228
203200.0	6000.0	2128.6443668730426	0.0	0	316.1419603622926	2328.6443668729917	1	0	1	2.906379873161228
204200.0	6000.0	2128.644366873033	0.0	0	309.54513811445213	2328.6443668729626	1	0	1	2.9063798731612307
205200.0	6000.0	2128.644366872986	0.0	0	128.47716260739253	2328.6443668729335	1	0	1	2.9063798731612334
206200.0	6000.0	2128.644366872971	0.0	0	388.18887039853144	2328.6443668729626	1	0	1	2.9063798731612307
207200.0	6000.0	2128.6443668729753	0.0	0	388.06941745983204	2328.6443668729626	1	0	1	2.9063798731612307
208200.0	6000.0	2128.6443668729676	0.0	0	444.0506616750499	2328.6443668729335	1	0	1	2.9063798731612334
209200.0	6000.0	2128.6443668729607	0.0	0	363.941051568836	2328.6443668729335	1	0	1	2.9063798731612334
210225.40389439705	6000.0	2103.240472475882	0.0	0	0.0	2328.6443668729044	1	0	1	2.906379873161236
211200.0	6000.0	2128.644366872943	0.0	0	228.29779754165793	2328.6443668729044	1	0	1	2.906379873161236
212200.0	6000.0	2128.6443668729426	0.0	0	377.52623946176027	2328.6443668729044	1	0	1	2.906379873161236
213200.0	6000.0	2128.644366872935	0.0	0	383.8488494535559	2328.6443668729335	1	0	1	2.9063798731612334
214200.0	6000.0	2128.644366872933	0.0	0	273.20791208947776	2328.6443668729335	1	0	1	2.9063798731612334
215200.0	6000.0	2128.6443668729353	0.0	0	229.78409322130028	2328.6443668729044	1	0	1	2.906379873161236
216450.8176349048	6000.0	1877.826731968116	0.0	0	0.0	2328.6443668729044	1	0	1	2.906379873161236
217633.30726318332	6000.0	1695.3371036895728	0.0	0	0.0	2328.6443668729044	1	0	1	2.906379873161236
218289.5764751214	6000.0	2039.0678917514645	0.0	0	0.0	2328.6443668729044	1	0	1	2.906379873161236
219313.08475203818	6000.0	2015.559614834673	0.0	0	0.0	2328.6443668729044	1	0	1	2.906379873161236
220232.12970031172	6000.0	2096.5146665611123	0.0	0	0.0	2328.6443668728753	1	0	1	2.906379873161237
221200.0	6000.0	2128.6443668728425	0.0	0	422.50855552763096	2328.6443668728753	1	0	1	2.9063798731612387
222200.0	6000.0	2128.644366872855	0.0	0	366.9889323460229	2328.6443668729044	1	0	1	2.906379873161236
223238.20566845147	6000.0	2090.438698421396	0.0	0	0.0	2328.6443668729044	1	0	1	2.906379873161236
224200.0	6000.0	2128.644366872865	0.0	0	429.17309676331934	2328.6443668729335	1	0	1	2.9063798731612334
225200.0	6000.0	2128.644366872891	0.0	0	221.78446804598207	2328.6443668729335	1	0	1	2.9063798731612334
226200.0	6000.0	2128.6443668728716	0.0	0	310.19399127867655	2328.6443668729335	1	0	1	2.9063798731612334
227200.0	6000.0	2128.644366872868	0.0	0	545.7748791915365	2328.6443668729335	1	0	1	2.9063798731612334
228200.0	6000.0	2128.6443668728893	0.0	0	416.2157097638701	2328.6443668729335	1	0	1	2.9063798731612334
229200.0	6000.0	2128.6443668729084	0.0	0	78.40648027643329	2328.6443668729335	1	0	1	2.9063798731612334
230529.42088267542	6000.0	1799.2234841975185	0.0	0	0.0	2328.6443668729335	1	0	1	2.9063798731612334
231358.97632802773	6000.0	1969.6680388452153	0.0	0	0.0	2328.6443668729626	1	0	1	2.9063798731612307
232200.0	6000.0	2128.644366872938	0.0	0	140.25445952042355	2328.6443668729626	1	0	1	2.9063798731612307
233200.0	6000.0	2128.6443668729235	0.0	0	219.9215551490779	2328.6443668729335	1	0	1	2.9063798731612334
234200.0	6000.0	2128.644366872917	0.0	0	197.13196677755332	2328.6443668729335	1	0	1	2.9063798731612334
235200.0	6000.0	2128.6443668729403	0.0	0	306.8125977605814	2328.6443668729626	1	0	1	2.9063798731612307
236200.0	6000.0	2128.6443668729585	0.0	0	338.5565371521225	2328.6443668729626	1	0	1	2.9063798731612307
237200.0	6000.0	2128.6443668729635	0.0	0	318.04069563525263	2328.6443668729626	1	0	1	2.9063798731612307
238200.0	6000.0	2128.644366872959	0.0	0	576.6579905190156	2328.6443668729626	1	0	1	2.9063798731612307
239200.0	6000.0	2128.6443668729744	0.0	0	321.0423031881219	2328.6443668729626	1	0	1	2.9063798731612307
240200.0	6000.0	2128.6443668729944	0.0	0	373.2071838211559	2328.6443668729626	1	0	1	2.9063798731612307
241200.0	6000.0	2128.644366873008	0.0	0	331.9569483906089	2328.6443668729335	1	0	1	2.9063798731612334
242200.0	6000.0	2128.644366873012	0.0	0	309.3943491630489	2328.6443668729626	1	0	1	2.9063798731612307
243200.0	6000.0	2128.6443668730476	0.0	0	364.83894560459885	2328.6443668729626	1	0	1	2.9063798731612307
244200.0	6000.0	2128.6443668730426	0.0	0	409.2955535601068	2328.6443668729626	1	0	1	2.9063798731612307
245200.0	6000.0	2128.6443668730535	0.0	0	259.72064757480985	2328.6443668729626	1	0	1	2.9063798731612307
246200.0	6000.0	2128.6443668730535	0.0	0	533.4125125408173	2328.6443668729626	1	0	1	2.9063798731612307
247200.0	6000.0	2128.6443668730712	0.0	0	459.82446064514806	2328.6443668729626	1	0	1	2.9063798731612307
248200.0	6000.0	2128.6443668730626	0.0	0	332.47289239932434	2328.6443668729335	1	0	1	2.9063798731612334
249200.0	6000.0	2128.64436687306	0.0	0	408.93739033243037	2328.6443668729044	1	0	1	2.906379873161236
250523.26177139048	6000.0	1805.3825954825727	0.0	0	0.0	2328.6443668728753	1	0	1	2.9063798731612387
251490.82081485013	6000.0	1837.823552022936	0.0	0	0.0	2328.6443668728753	1	0	1	2.9063798731612387
252200.0	6000.0	2128.6443668731063	0.0	0	223.32857779494952	2328.6443668728753	1	0	1	2.9063798731612387
253200.0	6000.0	2128.6443668731117	0.0	0	543.9256180588854	2328.6443668728753	1	0	1	2.9063798731612387
254200.0	6000.0	2128.644366873109	0.0	0	382.12085292997654	2328.6443668728753	1	0	1	2.9063798731612387
255200.0	6000.0	2128.644366873138	0.0	0	437.6130228130205	2328.6443668728753	1	0	1	2.9063798731612387
256200.0	6000.0	2128.6443668731436	0.0	0	433.26277105128975	2328.6443668728753	1	0	1	2.9063798731612387
257200.0	6000.0	2128.644366873151	0.0	0	270.78568349868874	2328.6443668728753	1	0	1	2.9063798731612387
258200.0	6000.0	2128.6443668731554	0.0	0	224.77785525174113	2328.6443668729044	1	0	1	2.906379873161236
259200.0	6000.0	2128.64436687316	0.0	0	227.08183060373995	2328.6443668729044	1	0	1	2.906379873161236
260200.0	6000.0	2128.644366873187	0.0	0	203.8991026696458	2328.6443668729044	1	0	1	2.906379873161236
261200.0	6000.0	2128.6443668732045	0.0	0	289.69329767639283	2328.6443668729335	1	0	1	2.9063798731612334
262200.0	6000.0	2128.6443668731827	0.0	0	123.90809743813588	2328.6443668729335	1	0	1	2.9063798731612334
263200.0	6000.0	2128.6443668732077	0.0	0	418.5139447756228	2328.6443668729335	1	0	1	2.9063798731612356
264200.0	6000.0	2128.644366873145	0.0	0	370.79226942709647	2328.644366872817	1	0	1	2.9063798731612396
265200.0	6000.0	2128.6443668730794	0.0	0	440.8679900080897	2328.644366872788	1	0	1	2.9063798731612476
266200.0	6000.0	2128.6443668729858	0.0	0	511.65709416999016	2328.6443668727297	1	0	1	2.9063798731612533
267200.0	6000.0	2128.6443668729144	0.0	0	519.4377113942173	2328.6443668727297	1	0	1	2.9063798731612533
268200.0	6000.0	2128.644366872862	0.0	0	497.5277143722051	2328.6443668727297	1	0	1	2.9063798731612533
269216.9464027444	6000.0	2111.697964128464	0.0	0	0.0	2328.6443668727297	1	0	1	2.9063798731612533
270200.0	6000.0	2128.644366872909	0.0	0	225.17152887949487	2328.6443668727297	1	0	1	2.9063798731612533
271437.0203422694	6000.0	1891.6240246035236	0.0	0	0.0	2328.6443668727297	1	0	1	2.9063798731612533
272366.10935036436	6000.0	1962.5350165084706	0.0	0	0.0	2328.6443668726715	1	0	1	2.9063798731612565
273200.0	6000.0	2128.6443668727798	0.0	0	172.60546300577698	2328.6443668726715	1	0	1	2.906379873161259
274200.0	6000.0	2128.644366872735	0.0	0	424.67629924142966	2328.6443668726715	1	0	1	2.906379873161259
275299.6044125007	6000.0	2029.0399543720368	0.0	0	0.0	2328.6443668726715	1	0	1	2.906379873161259
276200.0	6000.0	2128.6443668727425	0.0	0	176.0032632802613	2328.6443668726715	1	0	1	2.906379873161259
277200.0	6000.0	2128.6443668727134	0.0	0	136.42570559465094	2328.6443668726715	1	0	1	2.906379873161259
278200.0	6000.0	2128.644366872666	0.0	0	111.65722755540628	2328.6443668727297	1	0	1	2.9063798731612533
279200.0	6000.0	2128.6443668727175	0.0	0	462.4716899745981	2328.6443668727297	1	0	1	2.9063798731612533
280200.0	6000.0	2128.644366872727	0.0	0	328.7706008053501	2328.644366872788	1	0	1	2.9063798731612476
281200.0	6000.0	2128.6443668727634	0.0	0	303.9775479348609	2328.644366872788	1	0	1	2.9063798731612476
282200.0	6000.0	2128.6443668728293	0.0	0	61.59641077514971	2328.644366872788	1	0	1	2.9063798731612476
283388.6438155055	6000.0	1940.000551367315	0.0	0	0.0	2328.644366872788	1	0	1	2.9063798731612476
284424.29344785895	6000.0	1904.3509190138138	0.0	0	0.0	2328.644366872788	1	0	1	2.9063798731612476
285200.0	6000.0	2128.6443668727247	0.0	0	129.2920817618142	2328.644366872788	1	0	1	2.9063798731612476
286254.3186934891	6000.0	2074.3256733836183	0.0	0	0.0	2328.6443668727297	1	0	1	2.9063798731612533
287200.0	6000.0	2128.644366872762	0.0	0	38.21546581201255	2328.6443668727297	1	0	1	2.9063798731612533
288200.0	6000.0	2128.6443668727843	0.0	0	419.3158967628842	2328.644366872788	1	0	1	2.9063798731612476
289200.0	6000.0	2128.64436687288	0.0	0	219.93253986048512	2328.644366872788	1	0	1	2.9063798731612476
290200.0	6000.0	2128.6443668729057	0.0	0	357.701779061812	2328.644366872788	1	0	1	2.9063798731612476
291200.0	6000.0	2128.644366872924	0.0	0	482.67428330291295	2328.644366872846	1	0	1	2.906379873161242
292200.0	6000.0	2128.6443668728907	0.0	0	380.0177004818688	2328.644366872788	1	0	1	2.9063798731612476
293200.0	6000.0	2128.6443668728425	0.0	0	84.52044411515817	2328.644366872788	1	0	1	2.9063798731612476
294287.9385524776	6000.0	2040.7058143953232	0.0	0	0.0	2328.644366872788	1	0	1	2.9063798731612476
295200.0	6000.0	2128.6443668728425	0.0	0	85.23348962253658	2328.6443668727297	1	0	1	2.9063798731612533
296200.0	6000.0	2128.644366872819	0.0	0	490.02406864688965	2328.6443668727297	1	0	1	2.9063798731612533
297228.75368407037	6000.0	2099.89068280243	0.0	0	0.0	2328.6443668727297	1	0	1	2.9063798731612533
298200.0	6000.0	2128.644366872798	0.0	0	183.2995067468146	2328.6443668727297	1	0	1	2.9063798731612533
299200.0	6000.0	2128.6443668727443	0.0	0	224.1704864395433	2328.6443668727297	1	0	1	2.9063798731612533
300200.0	6000.0	2128.6443668727225	0.0	0	512.2932564241346	2328.6443668727297	1	0	1	2.9063798731612533
12.5	5.31	7.96	8.76	7.58	10.7	10.1	5.92	2.68	6.31	5.09	6.74	12.8	10.6	9.44	9.34	12.9	7.16	8.69	7.77	7.61	8.6	11.0	5.09	5.29	9.46	9.85	8.34	7.0	8.39	8.04	9.16	10.5	7.32	6.96	13.5	7.29	6.06	8.73	7.22	7.39	10.3	7.98	7.97	5.91	6.17	5.62	8.11	6.39	10.8	7.23	9.78	8.22	7.87	11.0	11.2	8.68	8.46	7.32	7.39	7.62	11.2	8.57	6.92	6.52	5.31	9.07	6.48	8.69	9.6	7.14	6.28	10.6	8.63	12.2	13.0	10.7	8.77	5.26	8.6	8.17	6.8	7.46	7.85	6.86	11.7	12.7	9.96	8.87	9.79	8.79	9.97	9.59	11.6	11.0	11.3	9.46	8.12	5.71	7.96	10.0	13.9	9.57	10.7	9.02	7.95	8.6	9.81	7.21	8.86	8.95	9.9	10.7	10.6	12.3	14.5	11.2	7.16	7.22	4.84	7.72	12.0	8.83	6.95	8.72	7.04	7.62	9.48	9.14	7.7	7.32	6.49	4.03	7.67	6.27	9.07	9.53	7.54	10.7	14.0	10.2	5.91	5.61	7.02	10.1	7.25	9.81	8.46	10.8	8.66	12.5	5.31	7.96	8.76	7.58	10.7	10.1	5.92	2.68	6.31	5.09	6.74	12.8	10.6	9.44	9.34	12.9	7.16	8.69	7.77	7.61	8.6	11.0	5.09	5.29	9.46	9.85	8.34	7.0	8.39	8.04	9.16	10.5	7.32	6.96	13.5	7.29	6.06	8.73	7.22	7.39	10.3	7.98	7.97	5.91	6.17	5.62	8.11	6.39	10.8	7.23	9.78	8.22	7.87	11.0	11.2	8.68	8.46	7.32	7.39	7.62	11.2	8.57	6.92	6.52	5.31	9.07	6.48	8.69	9.6	7.14	6.28	10.6	8.63	12.2	13.0	10.7	8.77	5.26	8.6	8.17	6.8	7.46	7.85	6.86	11.7	12.7	9.96	8.87	9.79	8.79	9.97	9.59	11.6	11.0	11.3	9.46	8.12	5.71	7.96	10.0	13.9	9.57	10.7	9.02	7.95	8.6	9.81	7.21	8.86	8.95	9.9	10.7	10.6	12.3	14.5	11.2	7.16	7.22	4.84	7.72	12.0	8.83	6.95	8.72	7.04	7.62	9.48	9.14	7.7	7.32	6.49	4.03	7.67	6.27	9.07	9.53	7.54	10.7	14.0	10.2	5.91	5.61	7.02	10.1	7.25	9.81	8.46	10.8	8.66	12.5	5.31	7.96
1.0	2.0	3.0	4.0	5.0	6.0	7.0	8.0	9.0	10.0	11.0	12.0	13.0	14.0	15.0	16.0	17.0	18.0	19.0	20.0	21.0	22.0	23.0	24.0	25.0	26.0	27.0	28.0	29.0	30.0	31.0	32.0	33.0	34.0	35.0	36.0	37.0	38.0	39.0	40.0	41.0	42.0	43.0	44.0	45.0	46.0	47.0	48.0	49.0	50.0	51.0	52.0	53.0	54.0	55.0	56.0	57.0	58.0	59.0	60.0	61.0	62.0	63.0	64.0	65.0	66.0	67.0	68.0	69.0	70.0	71.0	72.0	73.0	74.0	75.0	76.0	77.0	78.0	79.0	80.0	81.0	82.0	83.0	84.0	85.0	86.0	87.0	88.0	89.0	90.0	91.0	92.0	93.0	94.0	95.0	96.0	97.0	98.0	99.0	100.0	101.0	102.0	103.0	104.0	105.0	106.0	107.0	108.0	109.0	110.0	111.0	112.0	113.0	114.0	115.0	116.0	117.0	118.0	119.0	120.0	121.0	122.0	123.0	124.0	125.0	126.0	127.0	128.0	129.0	130.0	131.0	132.0	133.0	134.0	135.0	136.0	137.0	138.0	139.0	140.0	141.0	142.0	143.0	144.0	145.0	146.0	147.0	148.0	149.0	149.0	150.0	151.0	152.0	153.0	154.0	155.0	156.0	157.0	158.0	159.0	160.0	161.0	162.0	163.0	164.0	165.0	166.0	167.0	168.0	169.0	170.0	171.0	172.0	173.0	174.0	175.0	176.0	177.0	178.0	179.0	180.0	181.0	182.0	183.0	184.0	185.0	186.0	187.0	188.0	189.0	190.0	191.0	192.0	193.0	194.0	195.0	196.0	197.0	198.0	199.0	200.0	201.0	202.0	203.0	204.0	205.0	206.0	207.0	208.0	209.0	210.0	211.0	212.0	213.0	214.0	215.0	216.0	217.0	218.0	219.0	220.0	221.0	222.0	223.0	224.0	225.0	226.0	227.0	228.0	229.0	230.0	231.0	232.0	233.0	234.0	235.0	236.0	237.0	238.0	239.0	240.0	241.0	242.0	243.0	244.0	245.0	246.0	247.0	248.0	249.0	250.0	251.0	252.0	253.0	254.0	255.0	256.0	257.0	258.0	259.0	260.0	261.0	262.0	263.0	264.0	265.0	266.0	267.0	268.0	269.0	270.0	271.0	272.0	273.0	274.0	275.0	276.0	277.0	278.0	279.0	280.0	281.0	282.0	283.0	284.0	285.0	286.0	287.0	288.0	289.0	290.0	291.0	292.0	293.0	294.0	295.0	296.0	297.0	298.0	298.0	299.0	300.0	301.0
2209.1570681916382
