3013.1099374770642	300.0	2000.0	105.04691006740799	0	0.0	3013.1099374770642	1	0	1	-0.8094969756882214
3200.0	300.0	2813.1099374770642	0.0	0	89.2763277145823	3013.1099374770642	1	0	1	-0.18219615848847825
4200.0	500.0	2713.1099374770633	0.0	0	886.0317611938449	2913.109937477063	1	0	2	-0.571580213419769
5200.0	500.0	2713.1099374770633	0.0	0	862.6511901286749	2913.1099374770633	1	0	1	0.14611100509814326
6200.0	500.0	2713.1099374770624	0.0	0	861.6347117511268	2913.1099374770624	1	0	1	0.3461110050981435
7200.0	500.0	2713.109937477062	0.0	0	899.1516214170351	2913.109937477062	1	0	1	0.34611100509814363
8200.0	500.0	2613.109937477063	0.0	0	888.3141566583017	2813.109937477062	1	0	2	-0.04419787396849774
9200.0	1000.0	2613.1099374770647	0.0	0	771.0472755923674	2813.109937477063	1	0	1	0.16206785847821914
10200.0	1000.0	2613.1099374770633	0.0	0	825.285928615649	2813.10993747706	1	0	1	1.0552150390381647
11200.0	3000.0	2613.109937477064	0.0	0	412.66834681974615	2813.10993747706	1	0	1	1.055215039038165
12476.23636573274	6000.0	2336.8735717443224	0.0	0	0.0	2813.10993747706	1	0	1	2.1538273277062747
13200.0	6000.0	2613.1099374770633	0.0	0	7.942045314273855	2813.1099374770583	1	0	1	2.84697450826622
14589.675312510843	6000.0	2223.4346249662203	0.0	0	0.0	2813.1099374770583	1	0	1	2.84697450826622
15884.498018827944	6000.0	1928.6119186491192	0.0	0	0.0	2813.1099374770583	1	0	1	2.84697450826622
17136.8120576507	6000.0	1676.2978798263712	0.0	0	0.0	2813.1099374770656	1	0	1	2.846974508266219
18343.56362246408	6000.0	1469.5463150129863	0.0	0	0.0	2813.109937477062	1	0	1	2.8469745082662192
19315.718145492097	6000.0	1497.3917919849737	0.0	0	0.0	2813.109937477064	1	0	1	2.846974508266219
20070.0503981045	6000.0	1743.0595393725723	0.0	0	0.0	2813.109937477064	1	0	1	2.846974508266219
20695.634313762435	6000.0	2117.4756237146375	0.0	0	0.0	2813.109937477064	1	0	1	2.846974508266219
21651.376144077214	6000.0	2161.7337933998597	0.0	0	0.0	2813.1099374770674	1	0	1	2.8469745082662183
22766.085916878834	6000.0	2047.0240205982368	0.0	0	0.0	2813.1099374770674	1	0	1	2.8469745082662183
23866.201518570248	6000.0	1946.9084189068233	0.0	0	0.0	2813.1099374770674	1	0	1	2.8469745082662183
25070.75167185658	6000.0	1742.3582656204928	0.0	0	0.0	2813.109937477071	1	0	1	2.846974508266218
26253.41431258544	6000.0	1559.6956248916304	0.0	0	0.0	2813.109937477071	1	0	1	2.846974508266218
27396.643349681854	6000.0	1416.466587795217	0.0	0	0.0	2813.109937477071	1	0	1	2.846974508266218
28434.79564462216	6000.0	1378.3142928549119	0.0	0	0.0	2813.109937477071	1	0	1	2.846974508266218
29143.993309321	6000.0	1669.116628156074	0.0	0	0.0	2813.109937477071	1	0	1	2.846974508266218
30301.45285599427	6000.0	1511.6570814828021	0.0	0	0.0	2813.109937477071	1	0	1	2.846974508266218
31193.84480348794	6000.0	1619.2651339891356	0.0	0	0.0	2813.109937477071	1	0	1	2.846974508266218
31935.49743793413	6000.0	1877.6124995429502	0.0	0	0.0	2813.109937477071	1	0	1	2.846974508266218
32725.502519412283	6000.0	2087.607418064795	0.0	0	0.0	2813.109937477071	1	0	1	2.846974508266218
33375.67148588958	6000.0	2437.4384515874954	0.0	0	0.0	2813.1099374770674	1	0	1	2.846974508266218
34200.0	6000.0	2613.109937477083	0.0	0	103.03530781753216	2813.1099374770747	1	0	1	2.846974508266218
35265.94336846264	6000.0	2547.166569014437	0.0	0	0.0	2813.1099374770674	1	0	1	2.846974508266218
36200.0	6000.0	2613.109937477076	0.0	0	3.1605167632660596	2813.109937477064	1	0	1	2.846974508266219
37674.51255901134	6000.0	2138.597378465743	0.0	0	0.0	2813.109937477064	1	0	1	2.846974508266219
38498.953785549005	6000.0	2314.1561519280663	0.0	0	0.0	2813.1099374770565	1	0	1	2.84697450826622
39677.36044570086	6000.0	2135.749491776216	0.0	0	0.0	2813.1099374770565	1	0	1	2.84697450826622
40346.04506313166	6000.0	2467.064874345411	0.0	0	0.0	2813.1099374770565	1	0	1	2.84697450826622
41295.57205640089	6000.0	2517.537881076186	0.0	0	0.0	2813.1099374770565	1	0	1	2.84697450826622
42350.17472068357	6000.0	2462.9352167934967	0.0	0	0.0	2813.1099374770565	1	0	1	2.84697450826622
43305.32471985452	6000.0	2507.7852176225433	0.0	0	0.0	2813.109937477064	1	0	1	2.846974508266219
44200.0	6000.0	2613.1099374770606	0.0	0	2.397887746221386	2813.109937477064	1	0	1	2.846974508266219
45200.0	6000.0	2613.1099374770565	0.0	0	402.8231198965077	2813.109937477064	1	0	1	2.846974508266219
46200.0	6000.0	2613.1099374770647	0.0	0	156.46196457983024	2813.109937477071	1	0	1	2.846974508266218
47387.54135474931	6000.0	2425.5685827277493	0.0	0	0.0	2813.109937477071	1	0	1	2.846974508266218
48305.00067386294	6000.0	2508.109263614123	0.0	0	0.0	2813.109937477071	1	0	1	2.846974508266218
49289.58246692582	6000.0	2523.527470551245	0.0	0	0.0	2813.109937477071	1	0	1	2.846974508266218
50602.849654826154	6000.0	2210.2602826509146	0.0	0	0.0	2813.109937477071	1	0	1	2.846974508266218
51887.039361056166	6000.0	1926.0705764209042	0.0	0	0.0	2813.1099374770783	1	0	1	2.846974508266217
53040.04249122113	6000.0	1773.067446255934	0.0	0	0.0	2813.1099374770856	1	0	1	2.8469745082662157
54150.59447361252	6000.0	1662.5154638645415	0.0	0	0.0	2813.1099374770856	1	0	1	2.8469745082662157
54918.77898941405	6000.0	1894.3309480630091	0.0	0	0.0	2813.1099374770856	1	0	1	2.8469745082662157
55907.70567654152	6000.0	1905.4042609355379	0.0	0	0.0	2813.1099374770856	1	0	1	2.8469745082662157
57010.19277246301	6000.0	1802.9171650140497	0.0	0	0.0	2813.1099374770856	1	0	1	2.8469745082662157
58892.27584715765	6000.0	920.8340903194018	0.0	0	0.0	2813.1099374770856	1	0	1	2.8469745082662157
59687.305671359856	3000.0	1125.8042661171964	0.0	0	0.0	2813.1099374770856	1	0	1	1.4606801471463258
60478.158752880816	3000.0	1255.865876444131	0.0	0	0.0	2734.02462932498	1	0	2	1.7626285704469709
61127.27080941421	3000.0	1606.7538199107378	0.0	0	0.0	2734.02462932498	1	0	1	1.965447350237695
61915.51574707355	3000.0	1818.5088822513885	0.0	0	0.0	2734.02462932498	1	0	1	2.165447350237695
62462.36910153447	3000.0	2271.6555277904786	0.0	0	0.0	2734.02462932498	1	0	1	2.165447350237695
63200.0	3000.0	2534.0246293249465	0.0	0	100.44717874073103	2734.02462932498	1	0	1	2.165447350237695
64200.0	3000.0	2434.0246293249525	0.0	0	655.5112920154861	2634.02462932498	1	0	2	1.7736627113089223
65200.0	3000.0	2334.024629324949	0.0	0	575.5127936423596	2534.02462932498	1	0	2	1.9864560185918863
66200.0	3000.0	2334.0246293249393	0.0	0	579.2497145236484	2534.0246293249584	1	0	1	1.9912916080637788
67200.0	6000.0	2334.024629324935	0.0	0	120.37412075207976	2534.0246293249584	1	0	1	2.19129160806378
68200.0	6000.0	2334.024629324923	0.0	0	369.07652269995015	2534.0246293249365	1	0	1	2.884438788623726
69200.0	6000.0	2334.0246293249206	0.0	0	340.8164230163093	2534.0246293249365	1	0	1	2.884438788623727
70200.0	6000.0	2334.0246293249156	0.0	0	141.91730556577386	2534.024629324951	1	0	1	2.8844387886237257
71200.0	6000.0	2334.0246293249265	0.0	0	212.30844888283173	2534.024629324951	1	0	1	2.8844387886237257
72200.0	6000.0	2334.0246293249274	0.0	0	177.1246719680057	2534.024629324951	1	0	1	2.8844387886237257
73393.54911243734	6000.0	2140.47551688759	0.0	0	0.0	2534.024629324951	1	0	1	2.8844387886237257
74496.17307880726	6000.0	2037.8515505176574	0.0	0	0.0	2534.024629324951	1	0	1	2.8844387886237257
75719.53520825715	6000.0	1814.4894210677471	0.0	0	0.0	2534.0246293249365	1	0	1	2.884438788623727
77317.55156433814	6000.0	1216.4730649867715	0.0	0	0.0	2534.0246293249365	1	0	1	2.884438788623727
78235.54553886892	6000.0	1298.4790904559904	0.0	0	0.0	2534.0246293249365	1	0	1	2.884438788623727
79406.53317484706	6000.0	1127.491454477838	0.0	0	0.0	2534.0246293249365	1	0	1	2.884438788623727
80212.46623335706	6000.0	1321.558395967839	0.0	0	0.0	2534.024629324951	1	0	1	2.8844387886237257
81277.2304594291	6000.0	1256.7941698958002	0.0	0	0.0	2534.024629324951	1	0	1	2.8844387886237257
82908.69431525408	6000.0	625.3303140708331	0.0	0	0.0	2534.024629324951	1	0	1	2.8844387886237257
83308.23068559679	3000.0	1225.7939437281211	0.0	0	0.0	2534.0246293249656	1	0	1	1.498144427503834
83753.40267867484	3000.0	1780.6219506500763	0.0	0	0.0	2534.02462932498	1	0	1	2.191291608063777
85011.35939004054	6000.0	1522.6652392843955	0.0	0	0.0	2534.02462932498	1	0	1	2.191291608063777
86217.27179622643	6000.0	1316.7528330984878	0.0	0	0.0	2534.02462932498	1	0	1	2.884438788623722
87338.86292617202	6000.0	1195.1617031529008	0.0	0	0.0	2534.02462932498	1	0	1	2.884438788623722
88156.86872216364	6000.0	1377.1559071612812	0.0	0	0.0	2534.02462932498	1	0	1	2.884438788623722
88683.430730349	6000.0	1850.5938989759143	0.0	0	0.0	2534.02462932498	1	0	1	2.884438788623722
89410.24097921255	6000.0	2123.7836501123593	0.0	0	0.0	2534.02462932498	1	0	1	2.884438788623722
90200.0	6000.0	2334.0246293249147	0.0	0	3.5514409510797122	2534.02462932498	1	0	1	2.884438788623722
91200.0	6000.0	2334.0246293249224	0.0	0	347.25030577265716	2534.02462932498	1	0	1	2.884438788623722
92301.06543601709	6000.0	2232.9591933078414	0.0	0	0.0	2534.0246293249947	1	0	1	2.8844387886237204
93200.0	6000.0	2334.024629324932	0.0	0	174.6173765425774	2534.0246293249947	1	0	1	2.8844387886237204
94200.0	6000.0	2334.02462932494	0.0	0	186.52119630007655	2534.0246293249947	1	0	1	2.8844387886237204
95377.73926632357	6000.0	2156.2853630013715	0.0	0	0.0	2534.0246293249947	1	0	1	2.8844387886237204
96215.61174723553	6000.0	2318.412882089409	0.0	0	0.0	2534.0246293249947	1	0	1	2.8844387886237204
97200.0	6000.0	2334.024629324941	0.0	0	142.6098151440092	2534.02462932498	1	0	1	2.884438788623722
98522.72971638988	6000.0	2011.2949129350632	0.0	0	0.0	2534.0246293249656	1	0	1	2.884438788623724
99334.7296912664	6000.0	2199.294938058523	0.0	0	0.0	2534.0246293249656	1	0	1	2.884438788623724
100200.0	6000.0	2334.0246293249083	0.0	0	204.68673083205067	2534.024629324951	1	0	1	2.8844387886237257
101278.15842993649	6000.0	2255.866199388431	0.0	0	0.0	2534.024629324951	1	0	1	2.8844387886237257
102200.0	6000.0	2334.024629324922	0.0	0	149.85864614009915	2534.024629324951	1	0	1	2.8844387886237257
103246.37926061114	6000.0	2287.6453687137823	0.0	0	0.0	2534.024629324951	1	0	1	2.8844387886237257
104200.0	6000.0	2334.0246293249133	0.0	0	58.644454322595266	2534.024629324951	1	0	1	2.8844387886237257
105200.0	6000.0	2334.024629324905	0.0	0	170.48171894792176	2534.024629324951	1	0	1	2.8844387886237257
106200.0	6000.0	2334.024629324911	0.0	0	7.788468496335554	2534.024629324951	1	0	1	2.8844387886237257
107200.0	6000.0	2334.0246293249024	0.0	0	302.977031897899	2534.0246293249365	1	0	1	2.884438788623727
108200.0	6000.0	2334.0246293248942	0.0	0	217.90463026901125	2534.024629324922	1	0	1	2.884438788623729
109200.0	6000.0	2334.02462932489	0.0	0	63.5381834236905	2534.024629324922	1	0	1	2.884438788623729
110395.2250219324	6000.0	2138.799607392494	0.0	0	0.0	2534.0246293249365	1	0	1	2.884438788623727
111309.52407451402	6000.0	2224.500554810882	0.0	0	0.0	2534.0246293249365	1	0	1	2.884438788623727
112200.0	6000.0	2334.0246293248892	0.0	0	35.35237609525211	2534.0246293249365	1	0	1	2.884438788623727
113225.78964498139	6000.0	2308.2349843435018	0.0	0	0.0	2534.0246293249365	1	0	1	2.884438788623727
114421.12882416694	6000.0	2112.8958051579584	0.0	0	0.0	2534.0246293249365	1	0	1	2.884438788623727
115565.2304638113	6000.0	1968.7941655136071	0.0	0	0.0	2534.0246293249365	1	0	1	2.884438788623727
116200.0	6000.0	2334.024629324907	0.0	0	39.570253379424685	2534.024629324922	1	0	1	2.884438788623729
117200.0	6000.0	2334.024629324894	0.0	0	333.74382627007435	2534.0246293249365	1	0	1	2.884438788623727
118200.0	6000.0	2334.0246293248883	0.0	0	148.41228746906563	2534.0246293249365	1	0	1	2.884438788623727
119464.07291845174	6000.0	2069.951710873148	0.0	0	0.0	2534.0246293249365	1	0	1	2.884438788623727
120285.49024036554	6000.0	2248.5343889593505	0.0	0	0.0	2534.0246293249365	1	0	1	2.884438788623727
121200.0	6000.0	2334.0246293249006	0.0	0	10.240590185683686	2534.0246293249365	1	0	1	2.884438788623727
122225.25064776656	6000.0	2308.773981558322	0.0	0	0.0	2534.0246293249365	1	0	1	2.884438788623727
123200.0	6000.0	2334.0246293248865	0.0	0	118.3468014827813	2534.0246293249365	1	0	1	2.884438788623727
124200.0	6000.0	2334.024629324877	0.0	0	158.97455094047473	2534.024629324922	1	0	1	2.884438788623729
125382.87744721146	6000.0	2151.1471821134246	0.0	0	0.0	2534.0246293249365	1	0	1	2.884438788623727
126613.59106318737	6000.0	1920.4335661375194	0.0	0	0.0	2534.024629324951	1	0	1	2.8844387886237257
127704.59729750485	6000.0	1829.4273318200453	0.0	0	0.0	2534.024629324951	1	0	1	2.8844387886237257
129270.42980613864	6000.0	1263.594823186264	0.0	0	0.0	2534.024629324951	1	0	1	2.8844387886237257
130694.5051946401	6000.0	839.5194346847885	0.0	0	0.0	2534.024629324951	1	0	1	2.8844387886237257
131231.5360358272	3000.0	1302.4885934976962	0.0	0	0.0	2534.024629324922	1	0	1	1.4981444275038367
131653.8991997702	3000.0	1880.1254295546798	0.0	0	0.0	2534.024629324922	1	0	1	2.191291608063784
132828.96751303857	6000.0	1705.0571162862984	0.0	0	0.0	2534.024629324893	1	0	1	2.1912916080637874
133570.3226240068	6000.0	1963.7020053180656	0.0	0	0.0	2534.024629324893	1	0	1	2.884438788623732
134537.61705718946	6000.0	1996.4075721354134	0.0	0	0.0	2534.0246293249074	1	0	1	2.8844387886237306
135375.5100142612	6000.0	2158.5146150637065	0.0	0	0.0	2534.0246293249074	1	0	1	2.8844387886237306
136200.0	6000.0	2334.0246293249056	0.0	0	10.176979742536787	2534.0246293249074	1	0	1	2.8844387886237306
137200.0	6000.0	2334.0246293248774	0.0	0	55.0417659067607	2534.0246293248783	1	0	1	2.8844387886237337
138706.06573035804	6000.0	1827.9588989668002	0.0	0	0.0	2534.0246293248783	1	0	1	2.8844387886237337
139888.10826665055	6000.0	1645.9163626743052	0.0	0	0.0	2534.0246293248783	1	0	1	2.8844387886237337
140994.4442866253	6000.0	1539.5803426995249	0.0	0	0.0	2534.0246293248783	1	0	1	2.8844387886237337
142263.12709060646	6000.0	1270.8975387183564	0.0	0	0.0	2534.0246293248492	1	0	1	2.8844387886237377
143131.46788657905	6000.0	1402.5567427457775	0.0	0	0.0	2534.0246293248783	1	0	1	2.8844387886237337
143861.9665147525	6000.0	1672.058114572349	0.0	0	0.0	2534.0246293249074	1	0	1	2.8844387886237306
144929.29484835573	6000.0	1604.7297809691433	0.0	0	0.0	2534.0246293249074	1	0	1	2.8844387886237306
146127.6765906635	6000.0	1406.3480386613555	0.0	0	0.0	2534.0246293249074	1	0	1	2.8844387886237306
147146.69513268638	6000.0	1387.3294966385038	0.0	0	0.0	2534.0246293249074	1	0	1	2.8844387886237306
147868.0664614391	6000.0	1665.958167885809	0.0	0	0.0	2534.0246293249074	1	0	1	2.8844387886237306
149124.58513767208	6000.0	1409.4394916528654	0.0	0	0.0	2534.0246293249074	1	0	1	2.8844387886237306
149980.24821190437	6000.0	1553.7764174205895	0.0	0	0.0	2534.0246293249074	1	0	1	2.8844387886237306
150864.84723586217	6000.0	1669.1773934628297	0.0	0	0.0	2534.0246293249074	1	0	1	2.8844387886237306
151459.7608226114	6000.0	2074.2638067135904	0.0	0	0.0	2534.0246293249074	1	0	1	2.8844387886237306
152302.08990987687	6000.0	2231.9347194481265	0.0	0	0.0	2534.0246293249074	1	0	1	2.8844387886237306
153200.0	6000.0	2334.02462932499	0.0	0	81.2647091608087	2534.0246293248783	1	0	1	2.8844387886237337
154308.21386432828	6000.0	2225.810764996729	0.0	0	0.0	2534.0246293248783	1	0	1	2.8844387886237337
155763.502598604	6000.0	1770.522030721027	0.0	0	0.0	2534.0246293249074	1	0	1	2.8844387886237306
156478.77921760338	6000.0	2055.2454117216516	0.0	0	0.0	2534.0246293249365	1	0	1	2.884438788623727
157301.87475324128	6000.0	2232.1498760837517	0.0	0	0.0	2534.0246293249365	1	0	1	2.884438788623727
158650.95909550993	6000.0	1883.0655338150984	0.0	0	0.0	2534.0246293249365	1	0	1	2.884438788623727
159646.38243124445	6000.0	1887.6421980805576	0.0	0	0.0	2534.0246293249365	1	0	1	2.884438788623727
160657.42331716168	6000.0	1876.6013121633334	0.0	0	0.0	2534.0246293249074	1	0	1	2.8844387886237306
161518.81625817128	6000.0	2015.2083711537578	0.0	0	0.0	2534.0246293249074	1	0	1	2.8844387886237306
162411.66707518898	6000.0	2122.357554136038	0.0	0	0.0	2534.0246293249074	1	0	1	2.8844387886237306
163200.0	6000.0	2334.024629324969	0.0	0	17.732900306669762	2534.0246293249074	1	0	1	2.8844387886237306
164314.40420512587	6000.0	2219.620424199103	0.0	0	0.0	2534.0246293249074	1	0	1	2.8844387886237306
165623.20386776878	6000.0	1910.8207615562042	0.0	0	0.0	2534.0246293249074	1	0	1	2.8844387886237306
166794.77801585876	6000.0	1739.2466134662234	0.0	0	0.0	2534.0246293249074	1	0	1	2.8844387886237306
168050.5256417337	6000.0	1483.4989875912586	0.0	0	0.0	2534.0246293248492	1	0	1	2.8844387886237355
168941.98629170275	6000.0	1592.0383376221941	0.0	0	0.0	2534.0246293248492	1	0	1	2.8844387886237377
169804.58689028965	6000.0	1729.437739035316	0.0	0	0.0	2534.0246293248783	1	0	1	2.8844387886237337
170904.63003149582	6000.0	1629.3945978291376	0.0	0	0.0	2534.0246293248783	1	0	1	2.8844387886237337
171556.70567211884	6000.0	1977.3189572060883	0.0	0	0.0	2534.0246293248783	1	0	1	2.8844387886237337
172787.24655562718	6000.0	1746.7780736977627	0.0	0	0.0	2534.0246293249074	1	0	1	2.8844387886237306
173461.90382174126	6000.0	2072.1208075836994	0.0	0	0.0	2534.0246293249074	1	0	1	2.8844387886237306
174288.6169472051	6000.0	2245.407682119888	0.0	0	0.0	2534.0246293249074	1	0	1	2.8844387886237306
175343.06488548347	6000.0	2190.959743841497	0.0	0	0.0	2534.0246293248783	1	0	1	2.8844387886237337
176590.1812824698	6000.0	1943.8433468551789	0.0	0	0.0	2534.0246293249074	1	0	1	2.8844387886237306
177384.7709051269	6000.0	2149.2537241980726	0.0	0	0.0	2534.0246293249074	1	0	1	2.8844387886237306
178229.40500475137	6000.0	2304.619624573582	0.0	0	0.0	2534.0246293248783	1	0	1	2.884438788623733
179272.52040847726	6000.0	2261.5042208477175	0.0	0	0.0	2534.0246293248783	1	0	1	2.8844387886237337
180268.27102512683	6000.0	2265.753604198137	0.0	0	0.0	2534.0246293248783	1	0	1	2.8844387886237337
181200.0	6000.0	2334.024629324981	0.0	0	4.521287440467859	2534.0246293249074	1	0	1	2.8844387886237306
182227.40031102754	6000.0	2306.624318297438	0.0	0	0.0	2534.0246293249074	1	0	1	2.8844387886237306
183200.0	6000.0	2334.0246293249816	0.0	0	90.3345074718236	2534.0246293249074	1	0	1	2.8844387886237306
184212.2291786746	6000.0	2321.795450650373	0.0	0	0.0	2534.0246293249074	1	0	1	2.8844387886237306
185295.53580704713	6000.0	2238.488822277883	0.0	0	0.0	2534.0246293249656	1	0	1	2.884438788623725
186534.6095505922	6000.0	1999.415078732847	0.0	0	0.0	2534.0246293249656	1	0	1	2.884438788623724
187603.5487749073	6000.0	1930.475854417732	0.0	0	0.0	2534.0246293249656	1	0	1	2.884438788623724
188402.67199715943	6000.0	2131.3526321655763	0.0	0	0.0	2534.0246293249656	1	0	1	2.884438788623724
189218.32112127577	6000.0	2315.7035080492424	0.0	0	0.0	2534.0246293249656	1	0	1	2.884438788623724
190200.0	6000.0	2334.024629325015	0.0	0	88.99124702249537	2534.0246293249947	1	0	1	2.884438788623722
191870.3270203284	6000.0	1663.697608996638	0.0	0	0.0	2534.024629325024	1	0	1	2.88443878862372
192987.76950385718	6000.0	1546.2551254678697	0.0	0	0.0	2534.024629325024	1	0	1	2.8844387886237173
193519.98616188037	6000.0	2014.0384674446573	0.0	0	0.0	2534.024629325024	1	0	1	2.8844387886237173
194372.6204298504	6000.0	2161.4041994746367	0.0	0	0.0	2534.024629325024	1	0	1	2.8844387886237173
195282.00533204962	6000.0	2252.019297275419	0.0	0	0.0	2534.024629325024	1	0	1	2.8844387886237173
196200.0	6000.0	2334.0246293250525	0.0	0	196.6351730581373	2534.024629325024	1	0	1	2.8844387886237173
197200.0	6000.0	2334.024629325052	0.0	0	176.96627218311187	2534.024629325053	1	0	1	2.8844387886237133
198200.0	6000.0	2334.0246293250334	0.0	0	168.04383670905372	2534.024629325053	1	0	1	2.8844387886237133
199410.9221203941	6000.0	2123.1025089309314	0.0	0	0.0	2534.024629325053	1	0	1	2.8844387886237133
200447.7755948043	6000.0	2086.2490345207334	0.0	0	0.0	2534.024629325053	1	0	1	2.8844387886237133
201723.5082641739	6000.0	1810.516365151118	0.0	0	0.0	2534.024629325053	1	0	1	2.8844387886237133
203030.77666671667	6000.0	1503.247962608353	0.0	0	0.0	2534.024629325053	1	0	1	2.8844387886237133
204083.74995767226	6000.0	1450.2746716527722	0.0	0	0.0	2534.024629325053	1	0	1	2.8844387886237133
205252.89154781649	6000.0	1281.1330815085396	0.0	0	0.0	2534.024629325053	1	0	1	2.8844387886237133
206516.87336586035	6000.0	1017.1512634647117	0.0	0	0.0	2534.024629325082	1	0	1	2.8844387886237106
208517.60923529163	6000.0	200.0	183.5846059665682	0	0.0	2717.609235291631	1	0	1	1.7644485300406467
209141.85447580766	3000.0	627.5339811225181	51.77922163854214	0	0.0	2769.3884569301736	1	0	1	1.1565336020138335
209882.2108457387	3000.0	887.1776111914592	0.0	0	0.0	2769.3884569301736	1	0	1	2.1603561124050312
210459.78007062568	3000.0	1251.8514638157862	0.0	0	0.0	2711.6315344415198	1	0	2	1.7664558716633747
211105.3299592405	3000.0	1606.301575200957	0.0	0	0.0	2711.631534441549	1	0	1	1.9685860575300334
211662.31801312976	3000.0	2049.3135213116934	0.0	0	0.0	2711.631534441549	1	0	1	2.1685860575300335
212200.0	3000.0	2457.8633357544286	0.0	0	92.40305044606794	2657.8633357545186	1	0	2	1.7735252715279468
213200.0	3000.0	2457.8633357544372	0.0	0	668.631578566652	2657.8633357545477	1	0	1	1.9758611653829083
214200.0	3000.0	2457.863335754443	0.0	0	496.8923531770415	2657.8633357545477	1	0	1	2.175861165382906
215200.0	6000.0	2457.8633357544363	0.0	0	157.6657469822676	2657.8633357545186	1	0	1	2.1758611653829103
216200.0	6000.0	2457.863335754449	0.0	0	217.2744191060774	2657.8633357544895	1	0	1	2.8690083459428584
217200.0	6000.0	2457.8633357544795	0.0	0	270.95421611794154	2657.8633357544604	1	0	1	2.86900834594286
218200.0	6000.0	2457.8633357544863	0.0	0	342.9359005278384	2657.8633357544895	1	0	1	2.8690083459428606
219200.0	6000.0	2457.863335754495	0.0	0	254.9246197717439	2657.8633357544895	1	0	1	2.8690083459428584
220200.0	6000.0	2457.863335754513	0.0	0	215.6858999216929	2657.8633357544895	1	0	1	2.8690083459428584
221200.0	6000.0	2457.8633357544986	0.0	0	68.95381817489397	2657.8633357544604	1	0	1	2.86900834594286
222423.66872319992	6000.0	2234.1946125545714	0.0	0	0.0	2657.8633357544895	1	0	1	2.8690083459428584
223203.8919317406	6000.0	2453.9714040138942	0.0	0	0.0	2657.8633357544895	1	0	1	2.8690083459428584
224293.19032518961	6000.0	2364.673010564919	0.0	0	0.0	2657.8633357544604	1	0	1	2.869008345942861
225200.0	6000.0	2457.8633357545245	0.0	0	104.22583587627742	2657.8633357544313	1	0	1	2.8690083459428646
226860.64900608172	6000.0	1797.2143296727986	0.0	0	0.0	2657.8633357544313	1	0	1	2.8690083459428664
227808.3618436359	6000.0	1849.5014921185868	0.0	0	0.0	2657.8633357544313	1	0	1	2.8690083459428664
229063.52665851312	6000.0	1594.3366772413965	0.0	0	0.0	2657.8633357544313	1	0	1	2.8690083459428664
229815.4987697111	6000.0	1842.3645660434208	0.0	0	0.0	2657.8633357544313	1	0	1	2.8690083459428664
231740.91716114667	6000.0	916.946174607861	0.0	0	0.0	2657.8633357544895	1	0	1	2.8690083459428593
232988.58299767436	6000.0	669.280338080201	0.0	0	0.0	2657.8633357545186	1	0	1	2.869008345942855
233450.62910740814	3000.0	1207.2342283464145	0.0	0	0.0	2657.8633357545186	1	0	1	1.482713984822965
234096.3125387763	3000.0	1561.5507969782368	0.0	0	0.0	2657.8633357545477	1	0	1	2.175861165382906
234586.8653097624	3000.0	2070.9980259921795	0.0	0	0.0	2657.8633357545186	1	0	1	2.17586116538291
235582.82349602066	6000.0	2075.039839733873	0.0	0	0.0	2657.8633357545477	1	0	1	2.1758611653829063
236690.73705560973	6000.0	1967.1262801448165	0.0	0	0.0	2657.8633357545477	1	0	1	2.8690083459428513
237484.0337377427	6000.0	2173.829598011895	0.0	0	0.0	2657.8633357545477	1	0	1	2.8690083459428513
238200.0	6000.0	2457.8633357545823	0.0	0	57.9607734499441	2657.863335754577	1	0	1	2.869008345942848
239200.0	6000.0	2457.863335754551	0.0	0	106.48470561191789	2657.8633357545186	1	0	1	2.869008345942853
240200.0	6000.0	2457.8633357545136	0.0	0	292.98125907147187	2657.8633357545186	1	0	1	2.869008345942855
241200.0	6000.0	2457.863335754479	0.0	0	212.34313842185657	2657.8633357544895	1	0	1	2.8690083459428566
242200.0	6000.0	2457.863335754484	0.0	0	223.37050465057837	2657.8633357544895	1	0	1	2.8690083459428584
243298.7829018464	6000.0	2359.0804339080987	0.0	0	0.0	2657.8633357545186	1	0	1	2.869008345942855
244230.31751531345	6000.0	2427.545820441058	0.0	0	0.0	2657.8633357545186	1	0	1	2.869008345942855
245200.0	6000.0	2457.863335754515	0.0	0	102.54103580571245	2657.8633357545186	1	0	1	2.869008345942855
246200.0	6000.0	2457.8633357545164	0.0	0	156.36837175535038	2657.8633357545477	1	0	1	2.8690083459428513
247374.00311646183	6000.0	2283.860219292689	0.0	0	0.0	2657.8633357545477	1	0	1	2.8690083459428513
248293.3038324824	6000.0	2364.5595032721185	0.0	0	0.0	2657.8633357545477	1	0	1	2.8690083459428513
249200.0	6000.0	2457.863335754511	0.0	0	87.47989769771812	2657.8633357545477	1	0	1	2.8690083459428513
250485.19606658485	6000.0	2172.6672691696394	0.0	0	0.0	2657.8633357545477	1	0	1	2.8690083459428513
251519.88924838894	6000.0	2137.9740873655614	0.0	0	0.0	2657.8633357545186	1	0	1	2.869008345942855
252760.3617836089	6000.0	1897.501552145613	0.0	0	0.0	2657.8633357545186	1	0	1	2.869008345942855
253711.06866896583	6000.0	1946.794666788687	0.0	0	0.0	2657.8633357545477	1	0	1	2.8690083459428513
254943.161332657	6000.0	1714.7020030975023	0.0	0	0.0	2657.8633357545186	1	0	1	2.869008345942855
255725.29523031614	6000.0	1932.5681054383717	0.0	0	0.0	2657.8633357545186	1	0	1	2.869008345942855
256520.96247010995	6000.0	2136.9008656445767	0.0	0	0.0	2657.8633357545186	1	0	1	2.869008345942855
257200.0	6000.0	2457.8633357545505	0.0	0	48.663672072056215	2657.8633357545186	1	0	1	2.869008345942855
258200.0	6000.0	2457.8633357545073	0.0	0	332.62760029616766	2657.8633357544895	1	0	1	2.8690083459428584
259200.0	6000.0	2457.8633357544836	0.0	0	49.981407055893214	2657.8633357544895	1	0	1	2.8690083459428584
260200.0	6000.0	2457.8633357544586	0.0	0	77.95447884729947	2657.8633357544895	1	0	1	2.8690083459428584
261200.0	6000.0	2457.8633357544472	0.0	0	90.6323078162095	2657.8633357544604	1	0	1	2.869008345942861
262200.0	6000.0	2457.8633357544322	0.0	0	91.32520712263067	2657.8633357544604	1	0	1	2.8690083459428624
263200.0	6000.0	2457.8633357544013	0.0	0	246.23280396079645	2657.863335754402	1	0	1	2.869008345942867
264200.0	6000.0	2457.8633357543604	0.0	0	146.3944141928223	2657.863335754373	1	0	1	2.8690083459428757
265200.0	6000.0	2457.86333575439	0.0	0	65.31599434069358	2657.863335754373	1	0	1	2.869008345942874
266200.0	6000.0	2457.86333575439	0.0	0	512.1514992226148	2657.863335754373	1	0	1	2.869008345942874
267200.0	6000.0	2457.863335754368	0.0	0	241.4313167029759	2657.863335754373	1	0	1	2.8690083459428695
268479.9178876655	6000.0	2177.945448088827	0.0	0	0.0	2657.863335754373	1	0	1	2.869008345942874
269713.47558783425	6000.0	1944.3877479200864	0.0	0	0.0	2657.863335754373	1	0	1	2.869008345942874
270750.5880723201	6000.0	1907.275263434194	0.0	0	0.0	2657.863335754315	1	0	1	2.8690083459428815
272009.45516671165	6000.0	1648.408169042622	0.0	0	0.0	2657.863335754373	1	0	1	2.869008345942874
273210.64038214716	6000.0	1447.2229536070931	0.0	0	0.0	2657.863335754315	1	0	1	2.8690083459428815
273940.20218357036	6000.0	1717.6611521838095	0.0	0	0.0	2657.863335754315	1	0	1	2.8690083459428815
275122.48734655726	6000.0	1535.3759891968748	0.0	0	0.0	2657.863335754373	1	0	1	2.869008345942874
276381.37604617665	6000.0	1276.4872895774972	0.0	0	0.0	2657.8633357544313	1	0	1	2.869008345942868
277880.89474264014	6000.0	776.9685931139982	0.0	0	0.0	2657.8633357544313	1	0	1	2.8690083459428664
278971.29028462514	6000.0	686.5730511289789	0.0	0	0.0	2657.8633357544313	1	0	1	2.8690083459428664
279984.6825149167	6000.0	673.1808208373832	0.0	0	0.0	2657.8633357544313	1	0	1	2.8690083459428664
280799.3968375798	6000.0	858.4664981743317	0.0	0	0.0	2657.8633357544895	1	0	1	2.8690083459428584
281274.42926243745	3000.0	1383.4340733167012	0.0	0	0.0	2657.8633357545477	1	0	1	1.4827139848229611
281862.4803560866	3000.0	1795.3829796675552	0.0	0	0.0	2657.8633357545477	1	0	1	2.175861165382906
282598.753857961	6000.0	2059.1094777931776	0.0	0	0.0	2657.8633357545477	1	0	1	2.1758611653829063
283757.67157715926	6000.0	1900.1917585949247	0.0	0	0.0	2657.8633357545477	1	0	1	2.8690083459428513
284525.6067565101	6000.0	2132.256579244121	0.0	0	0.0	2657.863335754606	1	0	1	2.8690083459428433
285702.65231170953	6000.0	1955.2110240446905	0.0	0	0.0	2657.863335754606	1	0	1	2.8690083459428433
287301.73921960057	6000.0	1356.124116153632	0.0	0	0.0	2657.863335754606	1	0	1	2.8690083459428433
288543.49269518355	6000.0	1114.3706405706798	0.0	0	0.0	2657.863335754606	1	0	1	2.8690083459428433
289865.60836718575	6000.0	792.254968568475	0.0	0	0.0	2657.863335754606	1	0	1	2.8690083459428433
290752.2769162273	6000.0	905.5864195268624	0.0	0	0.0	2657.863335754606	1	0	1	2.8690083459428433
291770.4908294131	6000.0	887.3725063410557	0.0	0	0.0	2657.863335754606	1	0	1	2.8690083459428433
292597.8575683236	6000.0	1060.0057674305724	0.0	0	0.0	2657.863335754606	1	0	1	2.8690083459428433
293481.93055817107	6000.0	1175.9327775830982	0.0	0	0.0	2657.863335754606	1	0	1	2.8690083459428433
294460.25476467895	6000.0	1197.6085710752136	0.0	0	0.0	2657.863335754664	1	0	1	2.8690083459428357
295606.697516472	6000.0	1051.1658192821894	0.0	0	0.0	2657.863335754664	1	0	1	2.8690083459428357
296738.0870855121	6000.0	919.7762502421173	0.0	0	0.0	2657.863335754664	1	0	1	2.8690083459428357
298127.02402012097	6000.0	530.8393156332615	0.0	0	0.0	2657.863335754606	1	0	1	2.8690083459428433
298692.04604454635	3000.0	965.8172912079041	0.0	0	0.0	2657.863335754606	1	0	1	1.4827139848229536
299818.4076525217	6000.0	839.4556832326072	0.0	0	0.0	2657.863335754664	1	0	1	2.1758611653828908
300430.4451896451	6000.0	1227.4181461090898	0.0	0	0.0	2657.863335754606	1	0	1	2.8690083459428433
301233.656440364	6000.0	1424.206895390084	0.0	0	0.0	2657.8633357544895	1	0	1	2.869008345942857
5.78	5.71	6.2	5.2	8.03	4.76	5.81	6.73	5.93	5.41	7.54	4.64	6.28	5.09	5.78	6.29	7.91	7.23	6.06	6.8	4.93	6.71	6.23	6.17	5.39	7.41	5.79	5.91	7.63	6.54	7.32	6.26	6.49	6.52	4.45	6.52	6.01	7.3	3.75	5.13	6.5	9.36	6.32	6.14	6.74	6.95	5.87	5.0	5.07	4.07	5.33	7.4	6.87	7.01	4.82	2.88	4.85	3.5	4.63	5.34	8.21	6.42	5.58	7.22	7.84	12.9	8.19	9.83	9.22	5.49	6.63	7.91	6.01	4.66	3.85	6.59	5.85	6.04	4.55	4.19	7.0	5.51	5.87	5.97	7.01	10.0	8.17	8.12	5.6	6.87	6.67	5.35	7.71	6.78	4.3	6.79	8.55	5.79	6.35	8.03	6.3	6.2	5.42	8.6	8.48	6.97	6.01	6.95	7.75	8.26	6.07	5.64	7.6	9.06	12.5	5.98	6.65	5.82	6.49	5.2	6.26	6.58	4.99	5.73	6.65	4.65	4.59	5.73	7.1	6.07	7.1	6.92	8.54	5.44	4.31	5.99	6.35	5.61	6.12	4.43	6.94	7.16	6.65	5.58	7.41	5.19	6.89	7.27	8.43	5.27	5.78	5.71	6.2	5.2	8.03	4.76	5.81	6.73	5.93	5.41	7.54	4.64	6.28	5.09	5.78	6.29	7.91	7.23	6.06	6.8	4.93	6.71	6.23	6.17	5.39	7.41	5.79	5.91	7.63	6.54	7.32	6.26	6.49	6.52	4.45	6.52	6.01	7.3	3.75	5.13	6.5	9.36	6.32	6.14	6.74	6.95	5.87	5.0	5.07	4.07	5.33	7.4	6.87	7.01	4.82	2.88	4.85	3.5	4.63	5.34	8.21	6.42	5.58	7.22	7.84	12.9	8.19	9.83	9.22	5.49	6.63	7.91	6.01	4.66	3.85	6.59	5.85	6.04	4.55	4.19	7.0	5.51	5.87	5.97	7.01	10.0	8.17	8.12	5.6	6.87	6.67	5.35	7.71	6.78	4.3	6.79	8.55	5.79	6.35	8.03	6.3	6.2	5.42	8.6	8.48	6.97	6.01	6.95	7.75	8.26	6.07	5.64	7.6	9.06	12.5	5.98	6.65	5.82	6.49	5.2	6.26	6.58	4.99	5.73	6.65	4.65	4.59	5.73	7.1	6.07	7.1	6.92	8.54	5.44	4.31	5.99	6.35	5.61	6.12	4.43	6.94	7.16	6.65	5.58	7.41	5.19	6.89	7.27	8.43	5.27	5.78	5.71
1.0	2.0	3.0	4.0	5.0	6.0	7.0	8.0	9.0	10.0	11.0	12.0	13.0	14.0	15.0	16.0	17.0	18.0	19.0	20.0	21.0	22.0	23.0	24.0	25.0	26.0	27.0	28.0	29.0	30.0	31.0	32.0	33.0	34.0	35.0	36.0	37.0	38.0	39.0	40.0	41.0	42.0	43.0	44.0	45.0	46.0	47.0	48.0	49.0	50.0	51.0	52.0	53.0	54.0	55.0	56.0	57.0	58.0	59.0	60.0	61.0	62.0	63.0	64.0	65.0	66.0	67.0	68.0	69.0	70.0	71.0	72.0	73.0	74.0	75.0	76.0	77.0	78.0	79.0	80.0	81.0	82.0	83.0	84.0	85.0	86.0	87.0	88.0	89.0	90.0	91.0	92.0	93.0	94.0	95.0	96.0	97.0	98.0	99.0	100.0	101.0	102.0	103.0	104.0	105.0	106.0	107.0	108.0	109.0	110.0	111.0	112.0	113.0	114.0	115.0	116.0	117.0	118.0	119.0	120.0	121.0	122.0	123.0	124.0	125.0	126.0	127.0	128.0	129.0	130.0	131.0	132.0	133.0	134.0	135.0	136.0	137.0	138.0	139.0	140.0	141.0	142.0	143.0	144.0	145.0	146.0	147.0	148.0	149.0	149.0	150.0	151.0	152.0	153.0	154.0	155.0	156.0	157.0	158.0	159.0	160.0	161.0	162.0	163.0	164.0	165.0	166.0	167.0	168.0	169.0	170.0	171.0	172.0	173.0	174.0	175.0	176.0	177.0	178.0	179.0	180.0	181.0	182.0	183.0	184.0	185.0	186.0	187.0	188.0	189.0	190.0	191.0	192.0	193.0	194.0	195.0	196.0	197.0	198.0	199.0	200.0	201.0	202.0	203.0	204.0	205.0	206.0	207.0	208.0	209.0	210.0	211.0	212.0	213.0	214.0	215.0	216.0	217.0	218.0	219.0	220.0	221.0	222.0	223.0	224.0	225.0	226.0	227.0	228.0	229.0	230.0	231.0	232.0	233.0	234.0	235.0	236.0	237.0	238.0	239.0	240.0	241.0	242.0	243.0	244.0	245.0	246.0	247.0	248.0	249.0	250.0	251.0	252.0	253.0	254.0	255.0	256.0	257.0	258.0	259.0	260.0	261.0	262.0	263.0	264.0	265.0	266.0	267.0	268.0	269.0	270.0	271.0	272.0	273.0	274.0	275.0	276.0	277.0	278.0	279.0	280.0	281.0	282.0	283.0	284.0	285.0	286.0	287.0	288.0	289.0	290.0	291.0	292.0	293.0	294.0	295.0	296.0	297.0	298.0	298.0	299.0	300.0
2831.6700069031135
