3252.546730719682	300.0	2000.0	77.47356298423269	0	0.0	3252.546730719682	1	0	1	-0.6932064559991867
3344.0096575829352	300.0	2899.3907804504215	0.0	0	0.0	3243.4004380333563	1	0	2	-0.6293167119286063
4200.0	500.0	3043.4004380333567	0.0	0	743.9410008538366	3243.4004380333563	1	0	1	-0.4289695553726801
5200.0	500.0	3043.400438033356	0.0	0	894.0059236901607	3243.4004380333554	1	0	1	0.28185606839331073
6200.0	500.0	3043.400438033357	0.0	0	900.2189707765192	3243.4004380333567	1	0	1	0.2818560683933106
7200.0	500.0	2943.4004380333567	0.0	0	873.1301770052796	3143.4004380333563	1	0	2	-0.1050943909369691
8200.0	1000.0	2843.4004380333567	0.0	0	822.5473993099304	3043.4004380333563	1	0	2	0.11528994398646417
9200.0	1000.0	2843.4004380333567	0.0	0	863.5207524581492	3043.4004380333554	1	0	1	0.8161612046133748
10200.0	2000.0	2843.4004380333563	0.0	0	691.4045251533644	3043.4004380333554	1	0	1	1.0161612046133752
11200.0	3000.0	2843.4004380333563	0.0	0	517.6748892420383	3043.4004380333554	1	0	1	1.7093083851733204
12200.0	6000.0	2843.4004380333554	0.0	0	472.90024522441126	3043.4004380333554	1	0	1	2.1147734932814846
13200.0	6000.0	2843.4004380333554	0.0	0	436.47106873006305	3043.400438033357	1	0	1	2.80792067384143
14808.037049471928	6000.0	2235.3633885614263	0.0	0	0.0	3043.400438033357	1	0	1	2.80792067384143
15899.672004565042	6000.0	2143.7284334683122	0.0	0	0.0	3043.400438033357	1	0	1	2.80792067384143
16854.92431734911	6000.0	2188.476120684247	0.0	0	0.0	3043.400438033359	1	0	1	2.8079206738414295
17977.980123404745	6000.0	2065.420314628612	0.0	0	0.0	3043.400438033359	1	0	1	2.8079206738414295
18752.297277990823	6000.0	2291.103160042535	0.0	0	0.0	3043.400438033361	1	0	1	2.8079206738414295
19570.922473778548	6000.0	2472.4779642548156	0.0	0	0.0	3043.400438033368	1	0	1	2.807920673841428
20417.48002530662	6000.0	2625.920412726739	0.0	0	0.0	3043.400438033368	1	0	1	2.8079206738414273
21336.134974949564	6000.0	2707.265463083795	0.0	0	0.0	3043.400438033368	1	0	1	2.8079206738414273
22362.770153174188	6000.0	2680.6302848591695	0.0	0	0.0	3043.4004380333718	1	0	1	2.807920673841427
23405.55927249567	6000.0	2637.8411655376826	0.0	0	0.0	3043.4004380333718	1	0	1	2.807920673841427
24200.0	6000.0	2843.40043803335	0.0	0	154.52285589756866	3043.4004380333718	1	0	1	2.807920673841427
25200.0	6000.0	2843.4004380333495	0.0	0	27.05632784177942	3043.4004380333718	1	0	1	2.807920673841427
26648.31526200162	6000.0	2395.085176031729	0.0	0	0.0	3043.400438033368	1	0	1	2.8079206738414273
28004.10071841855	6000.0	2039.2997196148012	0.0	0	0.0	3043.400438033368	1	0	1	2.8079206738414273
28985.22248604262	6000.0	2058.1779519907277	0.0	0	0.0	3043.4004380333645	1	0	1	2.807920673841428
30006.002659131926	6000.0	2037.3977789014236	0.0	0	0.0	3043.4004380333645	1	0	1	2.807920673841428
30769.61014302477	6000.0	2273.7902950085813	0.0	0	0.0	3043.400438033368	1	0	1	2.8079206738414273
31643.581975387406	6000.0	2399.8184626459465	0.0	0	0.0	3043.400438033368	1	0	1	2.8079206738414273
32733.57262417895	6000.0	2309.827813854409	0.0	0	0.0	3043.400438033368	1	0	1	2.8079206738414273
33580.25390667194	6000.0	2463.1465313614212	0.0	0	0.0	3043.400438033368	1	0	1	2.8079206738414273
34371.84843683771	6000.0	2671.5520011956482	0.0	0	0.0	3043.4004380333645	1	0	1	2.807920673841428
35305.75946440431	6000.0	2737.6409736290498	0.0	0	0.0	3043.400438033368	1	0	1	2.807920673841428
36200.0	6000.0	2843.40043803336	0.0	0	108.91022655028792	3043.4004380333645	1	0	1	2.807920673841428
37200.0	6000.0	2843.400438033356	0.0	0	216.3590887838145	3043.4004380333645	1	0	1	2.807920673841428
38351.24454087874	6000.0	2692.1558971546133	0.0	0	0.0	3043.4004380333645	1	0	1	2.807920673841428
39560.73029411651	6000.0	2482.670143916839	0.0	0	0.0	3043.400438033357	1	0	1	2.80792067384143
40891.77639973014	6000.0	2151.6240383032155	0.0	0	0.0	3043.400438033357	1	0	1	2.80792067384143
41705.562958277136	6000.0	2337.8374797562115	0.0	0	0.0	3043.400438033357	1	0	1	2.80792067384143
42440.63249522133	6000.0	2602.767942812016	0.0	0	0.0	3043.400438033357	1	0	1	2.80792067384143
43684.698066709825	6000.0	2358.7023713235267	0.0	0	0.0	3043.4004380333645	1	0	1	2.8079206738414295
44660.62974233044	6000.0	2382.7706957029072	0.0	0	0.0	3043.4004380333645	1	0	1	2.807920673841428
45881.03872033947	6000.0	2162.361717693876	0.0	0	0.0	3043.4004380333645	1	0	1	2.807920673841428
46622.921660368025	6000.0	2420.478777665319	0.0	0	0.0	3043.400438033357	1	0	1	2.80792067384143
47443.377048419585	6000.0	2600.0233896137656	0.0	0	0.0	3043.400438033357	1	0	1	2.80792067384143
48719.21251716259	6000.0	2324.187920870761	0.0	0	0.0	3043.400438033357	1	0	1	2.80792067384143
50023.41428934682	6000.0	2019.986148686527	0.0	0	0.0	3043.400438033357	1	0	1	2.80792067384143
50880.83442422066	6000.0	2162.5660138127005	0.0	0	0.0	3043.400438033357	1	0	1	2.80792067384143
51871.990129523816	6000.0	2171.4103085095494	0.0	0	0.0	3043.400438033357	1	0	1	2.80792067384143
53222.04358688861	6000.0	1821.3568511447436	0.0	0	0.0	3043.400438033357	1	0	1	2.80792067384143
54334.04722409893	6000.0	1709.3532139344172	0.0	0	0.0	3043.400438033357	1	0	1	2.80792067384143
55224.764719821615	6000.0	1818.6357182117397	0.0	0	0.0	3043.4004380333645	1	0	1	2.807920673841428
56258.41448175085	6000.0	1784.9859562825088	0.0	0	0.0	3043.4004380333645	1	0	1	2.807920673841428
57224.74015379333	6000.0	1818.6602842400246	0.0	0	0.0	3043.4004380333645	1	0	1	2.807920673841428
58036.94237925342	6000.0	2006.4580587799408	0.0	0	0.0	3043.4004380333645	1	0	1	2.807920673841428
59080.93520145252	6000.0	1962.4652365808452	0.0	0	0.0	3043.400438033357	1	0	1	2.80792067384143
60246.903671540334	6000.0	1796.4967664930386	0.0	0	0.0	3043.4004380333645	1	0	1	2.807920673841428
61007.328581554844	6000.0	2036.0718564785318	0.0	0	0.0	3043.4004380333645	1	0	1	2.807920673841428
62108.86808219953	6000.0	1934.5323558338457	0.0	0	0.0	3043.4004380333645	1	0	1	2.807920673841428
63252.64954751484	6000.0	1790.7508905185362	0.0	0	0.0	3043.4004380333645	1	0	1	2.807920673841428
64183.95943397028	6000.0	1859.441004063091	0.0	0	0.0	3043.4004380333645	1	0	1	2.807920673841428
65518.372218208846	6000.0	1525.0282198245236	0.0	0	0.0	3043.4004380333645	1	0	1	2.807920673841428
66802.40371417404	6000.0	1240.9967238593338	0.0	0	0.0	3043.4004380333718	1	0	1	2.807920673841428
67850.13566611815	6000.0	1193.26477191522	0.0	0	0.0	3043.4004380333645	1	0	1	2.8079206738414273
68964.68198640188	6000.0	1078.7184516314953	0.0	0	0.0	3043.4004380333645	1	0	1	2.8079206738414286
69722.07156016811	6000.0	1321.3288778652473	0.0	0	0.0	3043.40043803335	1	0	1	2.807920673841431
70572.82988033004	6000.0	1470.5705577033177	0.0	0	0.0	3043.40043803335	1	0	1	2.807920673841431
71429.77650638651	6000.0	1613.6239316468595	0.0	0	0.0	3043.40043803335	1	0	1	2.807920673841431
72891.79359606384	6000.0	1151.6068419695366	0.0	0	0.0	3043.40043803335	1	0	1	2.807920673841431
73677.12618688024	6000.0	1366.2742511531353	0.0	0	0.0	3043.40043803335	1	0	1	2.807920673841431
74846.33410684289	6000.0	1197.0663311904823	0.0	0	0.0	3043.40043803335	1	0	1	2.807920673841431
76166.76727590137	6000.0	876.633162132005	0.0	0	0.0	3043.40043803335	1	0	1	2.807920673841431
76797.25552249808	6000.0	1246.144915535303	0.0	0	0.0	3043.40043803335	1	0	1	2.807920673841431
77744.90713656315	6000.0	1298.49330147024	0.0	0	0.0	3043.4004380333645	1	0	1	2.807920673841428
78779.16258566423	6000.0	1264.2378523691525	0.0	0	0.0	3043.4004380333645	1	0	1	2.807920673841428
79701.35435731498	6000.0	1342.046080718413	0.0	0	0.0	3043.4004380333645	1	0	1	2.807920673841428
80530.49651019373	6000.0	1512.9039278396558	0.0	0	0.0	3043.4004380333645	1	0	1	2.807920673841428
81711.14182126983	6000.0	1332.2586167635416	0.0	0	0.0	3043.4004380333645	1	0	1	2.807920673841428
82646.29163485783	6000.0	1397.1088031755316	0.0	0	0.0	3043.40043803335	1	0	1	2.807920673841431
83573.79220463448	6000.0	1469.6082333988845	0.0	0	0.0	3043.40043803335	1	0	1	2.807920673841431
84458.91944068494	6000.0	1584.4809973484162	0.0	0	0.0	3043.4004380333645	1	0	1	2.807920673841428
85515.74673531436	6000.0	1527.6537027189815	0.0	0	0.0	3043.40043803335	1	0	1	2.807920673841431
86249.40040713616	6000.0	1794.0000308972035	0.0	0	0.0	3043.4004380333645	1	0	1	2.807920673841428
86843.50988756555	6000.0	2199.890550467803	0.0	0	0.0	3043.40043803335	1	0	1	2.807920673841431
87620.54802425478	6000.0	2422.852413778583	0.0	0	0.0	3043.4004380333354	1	0	1	2.8079206738414335
88726.92146218722	6000.0	2316.4789758461407	0.0	0	0.0	3043.4004380333354	1	0	1	2.8079206738414335
89817.38981573294	6000.0	2226.0106223004273	0.0	0	0.0	3043.4004380333354	1	0	1	2.8079206738414335
90954.87232819598	6000.0	2088.528109837379	0.0	0	0.0	3043.4004380333354	1	0	1	2.8079206738414335
92710.84471045791	6000.0	1332.5557275754454	0.0	0	0.0	3043.40043803335	1	0	1	2.807920673841431
94156.58093835389	6000.0	886.8194996794534	0.0	0	0.0	3043.40043803335	1	0	1	2.807920673841431
95968.39157538189	6000.0	200.0	124.99113734853373	0	0.0	3168.3915753818874	1	0	1	2.0427318665706626
96446.6349068254	3000.0	769.2331177327936	47.47644917630379	0	0.0	3215.8680245581927	1	0	1	1.1017189033861836
96908.84468632692	3000.0	1307.0233382312745	0.0	0	0.0	3215.8680245581927	1	0	1	2.0797247790039513
97540.43593112192	3000.0	1675.43209343629	0.0	0	0.0	3215.868024558178	1	0	1	2.0797247790039544
98164.21185732329	3000.0	2051.6561672349244	0.0	0	0.0	3215.8680245581636	1	0	1	2.079724779003958
99212.67889082874	6000.0	2003.18913372947	0.0	0	0.0	3215.868024558178	1	0	1	2.0797247790039544
100438.50971932996	6000.0	1777.35830522826	0.0	0	0.0	3215.868024558178	1	0	1	2.7728719595638998
101576.08653489631	6000.0	1639.7814896619059	0.0	0	0.0	3215.868024558178	1	0	1	2.7728719595638998
102507.79232804684	6000.0	1708.075696511375	0.0	0	0.0	3215.868024558178	1	0	1	2.7728719595638998
103642.57037585854	6000.0	1573.2976486996804	0.0	0	0.0	3215.8680245581927	1	0	1	2.772871959563896
104353.65129166347	6000.0	1862.2167328947703	0.0	0	0.0	3215.8680245581927	1	0	1	2.772871959563896
105181.88162188526	6000.0	2033.9864026729895	0.0	0	0.0	3215.8680245581927	1	0	1	2.772871959563896
106056.30206932776	6000.0	2159.5659552304905	0.0	0	0.0	3215.8680245582073	1	0	1	2.7728719595638927
107615.2621215444	6000.0	1600.6059030138447	0.0	0	0.0	3215.8680245582073	1	0	1	2.7728719595638927
108956.93593375201	6000.0	1258.9320908062098	0.0	0	0.0	3215.8680245582073	1	0	1	2.7728719595638927
110256.33797028841	6000.0	959.5300542698147	0.0	0	0.0	3215.868024558222	1	0	1	2.7728719595638895
111770.1969901747	6000.0	445.6710343835316	0.0	0	0.0	3215.8680245582364	1	0	1	2.772871959563887
113250.58435039427	6000.0	323.0290481826027	357.74537401864643	0	0.0	3573.613398576883	1	0	1	0.5344201613140256
113958.96252382603	3000.0	644.9593176741514	30.308442923300902	0	0.0	3603.921841500196	1	0	1	1.103588764271634
114383.12541870988	3000.0	1220.796422790331	0.0	0	0.0	3603.921841500196	1	0	1	1.9785866023713843
114812.58472968859	3000.0	1748.391180713731	0.0	0	0.0	3560.9759104023105	1	0	2	1.5884841591108931
115396.41140760666	3000.0	2106.181835003841	0.0	0	0.0	3502.593242610499	1	0	2	1.8032510108235387
116790.63237681116	6000.0	1572.5387688789017	0.0	0	0.0	3363.171145690052	1	0	2	1.835341309117312
118302.5203837848	6000.0	1060.6507619052477	0.0	0	0.0	3363.171145690052	1	0	1	2.538400920880152
119143.85680298384	6000.0	1135.1807007862978	0.0	0	0.0	3279.037503770145	1	0	2	2.3537297382399482
120290.97612567765	6000.0	988.0613780924748	0.0	0	0.0	3279.037503770145	1	0	1	2.5586320437429415
121256.96007037188	6000.0	1022.0774333982376	0.0	0	0.0	3279.0375037701306	1	0	1	2.7586320437429452
121967.7072531427	6000.0	1311.3302506274215	0.0	0	0.0	3279.0375037701306	1	0	1	2.7586320437429452
122918.80119714068	6000.0	1360.2363066294304	0.0	0	0.0	3279.037503770145	1	0	1	2.7586320437429417
123935.1523981822	6000.0	1343.8851055879088	0.0	0	0.0	3279.037503770145	1	0	1	2.7586320437429417
124789.7212064239	6000.0	1489.3162973462054	0.0	0	0.0	3279.037503770145	1	0	1	2.7586320437429417
125771.59619129603	6000.0	1507.4413124740702	0.0	0	0.0	3279.037503770145	1	0	1	2.7586320437429417
126511.07196302699	6000.0	1767.965540743119	0.0	0	0.0	3279.037503770145	1	0	1	2.7586320437429417
127292.74605305478	6000.0	1986.2914507153316	0.0	0	0.0	3279.037503770145	1	0	1	2.7586320437429417
128056.14083285115	6000.0	2222.896670918963	0.0	0	0.0	3279.037503770145	1	0	1	2.7586320437429417
128851.79730607616	6000.0	2427.2401976939336	0.0	0	0.0	3279.037503770145	1	0	1	2.7586320437429417
129681.63750037458	6000.0	2597.400003395513	0.0	0	0.0	3279.037503770145	1	0	1	2.7586320437429417
130380.04290843081	6000.0	2898.994595339294	0.0	0	0.0	3279.037503770145	1	0	1	2.7586320437429417
131418.955601725	6000.0	2860.0819020451327	0.0	0	0.0	3279.037503770174	1	0	1	2.758632043742939
132200.0	6000.0	3079.0375037701147	0.0	0	47.79651045642095	3279.037503770145	1	0	1	2.758632043742939
133200.0	6000.0	3079.0375037701197	0.0	0	390.5911627613532	3279.037503770174	1	0	1	2.75863204374294
134493.2461901465	6000.0	2785.791313623596	0.0	0	0.0	3279.037503770174	1	0	1	2.758632043742934
135483.31794589836	6000.0	2795.719557871744	0.0	0	0.0	3279.037503770174	1	0	1	2.758632043742935
136438.26073554854	6000.0	2840.7767682215367	0.0	0	0.0	3279.037503770174	1	0	1	2.758632043742935
137228.1674672085	6000.0	3050.870036561601	0.0	0	0.0	3279.037503770174	1	0	1	2.758632043742935
138200.0	6000.0	3079.0375037700965	0.0	0	206.1415148882661	3279.037503770174	1	0	1	2.758632043742935
139200.0	6000.0	3079.0375037700856	0.0	0	72.6942425177258	3279.037503770145	1	0	1	2.7586320437429417
140269.48997270572	6000.0	3009.5475310643433	0.0	0	0.0	3279.037503770116	1	0	1	2.7586320437429483
141322.80302517535	6000.0	2956.234478594671	0.0	0	0.0	3279.037503770116	1	0	1	2.7586320437429483
142200.0	6000.0	3079.037503770001	0.0	0	31.62180339632323	3279.037503770116	1	0	1	2.7586320437429483
143200.0	6000.0	3079.037503769956	0.0	0	277.55685678706504	3279.037503770087	1	0	1	2.758632043742955
144508.50778988443	6000.0	2770.5297138854944	0.0	0	0.0	3279.037503770087	1	0	1	2.758632043742955
145657.44482166797	6000.0	2621.5926821019607	0.0	0	0.0	3279.037503770087	1	0	1	2.758632043742955
146609.880612936	6000.0	2669.156890833936	0.0	0	0.0	3279.037503770087	1	0	1	2.758632043742955
147507.99274779018	6000.0	2771.0447559797685	0.0	0	0.0	3279.037503770087	1	0	1	2.758632043742955
148744.40627095028	6000.0	2534.6312328196627	0.0	0	0.0	3279.037503770087	1	0	1	2.758632043742955
149901.2486356746	6000.0	2377.788868095311	0.0	0	0.0	3279.037503770087	1	0	1	2.758632043742955
150800.30735494572	6000.0	2478.730148824195	0.0	0	0.0	3279.037503770058	1	0	1	2.7586320437429617
151883.6550654264	6000.0	2395.3824383435353	0.0	0	0.0	3279.037503770058	1	0	1	2.7586320437429617
153125.58732256645	6000.0	2153.4501812034823	0.0	0	0.0	3279.0375037700287	1	0	1	2.758632043742963
154198.7788559552	6000.0	2080.258647814747	0.0	0	0.0	3279.0375037700287	1	0	1	2.7586320437429683
155055.51542640923	6000.0	2223.5220773607025	0.0	0	0.0	3279.0375037700287	1	0	1	2.7586320437429683
156241.8258007094	6000.0	2037.2117030605066	0.0	0	0.0	3279.0375037699996	1	0	1	2.7586320437429697
157117.06105019874	6000.0	2161.976453571174	0.0	0	0.0	3279.0375037699996	1	0	1	2.758632043742975
158143.5530275078	6000.0	2135.4844762621487	0.0	0	0.0	3279.0375037700287	1	0	1	2.7586320437429683
159467.8205976929	6000.0	1811.2169060770239	0.0	0	0.0	3279.0375037700287	1	0	1	2.7586320437429683
160239.5303220086	6000.0	2039.507181761309	0.0	0	0.0	3279.0375037700287	1	0	1	2.7586320437429657
160910.21014577764	6000.0	2368.8273579922416	0.0	0	0.0	3279.0375037699996	1	0	1	2.758632043742975
161788.8356090752	6000.0	2490.201894694671	0.0	0	0.0	3279.0375037699996	1	0	1	2.758632043742975
162514.09783569563	6000.0	2764.93966807427	0.0	0	0.0	3279.0375037700287	1	0	1	2.7586320437429683
163739.90078166433	6000.0	2539.136722105596	0.0	0	0.0	3279.0375037700287	1	0	1	2.7586320437429683
164686.7716902461	6000.0	2592.2658135238407	0.0	0	0.0	3279.0375037700287	1	0	1	2.7586320437429683
165524.1413648437	6000.0	2754.896138926257	0.0	0	0.0	3279.0375037700287	1	0	1	2.7586320437429683
166304.38004577116	6000.0	2974.6574579988014	0.0	0	0.0	3279.0375037700287	1	0	1	2.7586320437429683
167403.39823755235	6000.0	2875.6392662176363	0.0	0	0.0	3279.0375037699996	1	0	1	2.7586320437429723
168352.20310028785	6000.0	2926.834403482175	0.0	0	0.0	3279.037503770058	1	0	1	2.7586320437429643
169458.74094159127	6000.0	2820.2965621787416	0.0	0	0.0	3279.0375037700287	1	0	1	2.7586320437429657
170200.0	6000.0	3079.037503770004	0.0	0	104.59248350060079	3279.0375037700287	1	0	1	2.7586320437429683
171200.0	6000.0	3079.037503770019	0.0	0	211.20468828070443	3279.0375037700287	1	0	1	2.7586320437429683
172200.0	6000.0	3079.0375037700505	0.0	0	270.6258656042919	3279.0375037700287	1	0	1	2.7586320437429683
173200.0	6000.0	3079.0375037700337	0.0	0	395.1421949265059	3279.0375037700287	1	0	1	2.7586320437429683
174200.0	6000.0	3079.0375037700564	0.0	0	351.86922928862623	3279.037503770058	1	0	1	2.7586320437429617
175314.81022323528	6000.0	2964.2272805347484	0.0	0	0.0	3279.037503770058	1	0	1	2.7586320437429617
176631.36938433847	6000.0	2647.66811943157	0.0	0	0.0	3279.037503770058	1	0	1	2.7586320437429603
177814.04957565255	6000.0	2464.9879281174826	0.0	0	0.0	3279.037503770058	1	0	1	2.7586320437429617
178571.74470110273	6000.0	2707.292802667317	0.0	0	0.0	3279.037503770058	1	0	1	2.7586320437429617
179561.88707581113	6000.0	2717.150427958918	0.0	0	0.0	3279.037503770087	1	0	1	2.758632043742955
180547.36324409037	6000.0	2731.6742596796757	0.0	0	0.0	3279.037503770058	1	0	1	2.7586320437429603
181607.03828995855	6000.0	2671.9992138115053	0.0	0	0.0	3279.0375037700287	1	0	1	2.7586320437429683
182595.77068316936	6000.0	2683.266820600694	0.0	0	0.0	3279.0375037700287	1	0	1	2.7586320437429683
183572.28763901663	6000.0	2706.749864753445	0.0	0	0.0	3279.0375037700287	1	0	1	2.7586320437429683
184429.85788845533	6000.0	2849.179615314754	0.0	0	0.0	3279.0375037699996	1	0	1	2.758632043742975
185501.39882126977	6000.0	2777.638682500279	0.0	0	0.0	3279.0375037699705	1	0	1	2.758632043742982
186336.23934121264	6000.0	2942.7981625574	0.0	0	0.0	3279.0375037699414	1	0	1	2.7586320437429848
187711.23481025037	6000.0	2567.8026935196704	0.0	0	0.0	3279.0375037699705	1	0	1	2.758632043742982
189152.42249757543	6000.0	2126.615006194601	0.0	0	0.0	3279.0375037699705	1	0	1	2.758632043742982
190074.74050150544	6000.0	2204.2970022645836	0.0	0	0.0	3279.0375037699705	1	0	1	2.758632043742982
190972.9801347199	6000.0	2306.057369050157	0.0	0	0.0	3279.0375037699705	1	0	1	2.758632043742982
192028.11184738055	6000.0	2250.9256563894833	0.0	0	0.0	3279.0375037699705	1	0	1	2.758632043742982
193180.2727604544	6000.0	2098.76474331565	0.0	0	0.0	3279.0375037699705	1	0	1	2.7586320437429874
193752.3449465202	6000.0	2526.692557249853	0.0	0	0.0	3279.0375037699705	1	0	1	2.758632043742982
194987.37708861125	6000.0	2291.6604151587967	0.0	0	0.0	3279.0375037699705	1	0	1	2.758632043742982
195605.34294676041	6000.0	2673.69455700963	0.0	0	0.0	3279.0375037699705	1	0	1	2.758632043742982
196334.2091945415	6000.0	2944.828309228572	0.0	0	0.0	3279.0375037699705	1	0	1	2.758632043742982
197200.0	6000.0	3079.0375037700665	0.0	0	259.6792954785633	3279.0375037699705	1	0	1	2.758632043742982
198619.91801739513	6000.0	2659.119486374938	0.0	0	0.0	3279.0375037699705	1	0	1	2.758632043742982
199451.15497275768	6000.0	2827.882531012374	0.0	0	0.0	3279.0375037699705	1	0	1	2.758632043742982
200479.7666175724	6000.0	2799.2708861976803	0.0	0	0.0	3279.0375037699705	1	0	1	2.758632043742982
201376.07393965736	6000.0	2902.963564112702	0.0	0	0.0	3279.0375037699414	1	0	1	2.7586320437429848
202654.1770085851	6000.0	2624.860495184938	0.0	0	0.0	3279.0375037699414	1	0	1	2.758632043742989
203595.0946815499	6000.0	2683.942822220147	0.0	0	0.0	3279.0375037699414	1	0	1	2.758632043742989
204249.24890994275	6000.0	3029.7885938273334	0.0	0	0.0	3279.0375037699705	1	0	1	2.758632043742982
205200.0	6000.0	3079.0375037700423	0.0	0	60.49446813666145	3279.0375037699705	1	0	1	2.758632043742982
206264.27726923526	6000.0	3014.760234534813	0.0	0	0.0	3279.0375037699705	1	0	1	2.758632043742982
207200.0	6000.0	3079.037503770078	0.0	0	256.8064438998699	3279.0375037699996	1	0	1	2.758632043742975
208200.0	6000.0	3079.037503770062	0.0	0	127.6908916416869	3279.0375037699705	1	0	1	2.7586320437429768
209200.0	6000.0	3079.0375037700737	0.0	0	234.60767137340736	3279.0375037699705	1	0	1	2.758632043742982
210200.0	6000.0	3079.0375037700846	0.0	0	134.30995521490695	3279.0375037699414	1	0	1	2.758632043742989
211200.0	6000.0	3079.037503770045	0.0	0	275.1614290815778	3279.0375037699414	1	0	1	2.758632043742989
212200.0	6000.0	3079.037503770043	0.0	0	119.88751408937969	3279.0375037699414	1	0	1	2.758632043742989
213224.1656812685	6000.0	3054.8718225015787	0.0	0	0.0	3279.0375037699705	1	0	1	2.7586320437429865
214701.60828243388	6000.0	2577.4292213361987	0.0	0	0.0	3279.0375037699705	1	0	1	2.758632043742982
215909.22687200934	6000.0	2369.8106317607812	0.0	0	0.0	3279.0375037699705	1	0	1	2.758632043742982
217120.5143433557	6000.0	2158.5231604144233	0.0	0	0.0	3279.0375037699705	1	0	1	2.758632043742982
218193.212752631	6000.0	2085.8247511391	0.0	0	0.0	3279.0375037699705	1	0	1	2.758632043742982
218950.43366178262	6000.0	2328.603841987467	0.0	0	0.0	3279.0375037699414	1	0	1	2.758632043742989
220136.59132389966	6000.0	2142.4461798704306	0.0	0	0.0	3279.0375037699705	1	0	1	2.7586320437429874
221156.48803972887	6000.0	2122.549464041253	0.0	0	0.0	3279.0375037699996	1	0	1	2.7586320437429808
222154.04818281916	6000.0	2124.9893209509914	0.0	0	0.0	3279.0375037700287	1	0	1	2.7586320437429737
223398.87579625717	6000.0	1880.1617075129948	0.0	0	0.0	3279.0375037700287	1	0	1	2.7586320437429683
224355.21298281662	6000.0	1923.8245209535512	0.0	0	0.0	3279.0375037700287	1	0	1	2.7586320437429683
225568.7691319701	6000.0	1710.2683718000858	0.0	0	0.0	3279.0375037700287	1	0	1	2.7586320437429697
226237.20278199605	6000.0	2041.8347217741043	0.0	0	0.0	3279.0375037699996	1	0	1	2.758632043742975
227211.1654791072	6000.0	2067.872024662989	0.0	0	0.0	3279.0375037699996	1	0	1	2.758632043742975
228139.1493092858	6000.0	2139.8881944843843	0.0	0	0.0	3279.0375037699996	1	0	1	2.758632043742975
228872.65670024385	6000.0	2406.3808035263146	0.0	0	0.0	3279.0375037699705	1	0	1	2.758632043742982
229671.84494394955	6000.0	2607.1925598206444	0.0	0	0.0	3279.0375037699705	1	0	1	2.758632043742982
230348.9739506128	6000.0	2930.063553157402	0.0	0	0.0	3279.0375037699705	1	0	1	2.758632043742982
231281.53899658535	6000.0	2997.498507184847	0.0	0	0.0	3279.0375037699705	1	0	1	2.758632043742982
232545.67691015574	6000.0	2733.3605936144754	0.0	0	0.0	3279.0375037699414	1	0	1	2.7586320437429865
233331.75412501904	6000.0	2947.283378751188	0.0	0	0.0	3279.0375037699705	1	0	1	2.758632043742982
234200.0	6000.0	3079.037503770262	0.0	0	40.86724617492291	3279.0375037699705	1	0	1	2.758632043742982
235200.0	6000.0	3079.0375037702806	0.0	0	114.86715578477015	3279.0375037699705	1	0	1	2.758632043742982
236200.0	6000.0	3079.037503770284	0.0	0	170.0041043330857	3279.0375037699705	1	0	1	2.758632043742982
237220.1768458103	6000.0	3058.8606579599987	0.0	0	0.0	3279.0375037699705	1	0	1	2.758632043742982
238267.87809554956	6000.0	3011.159408220721	0.0	0	0.0	3279.0375037699705	1	0	1	2.758632043742982
239200.0	6000.0	3079.0375037702843	0.0	0	202.58297636022326	3279.0375037699414	1	0	1	2.758632043742984
240200.0	6000.0	3079.0375037703047	0.0	0	8.674114811903564	3279.0375037699705	1	0	1	2.7586320437429874
241893.02391481306	6000.0	2386.0135889572375	0.0	0	0.0	3279.0375037699414	1	0	1	2.758632043742989
242759.2918200489	6000.0	2519.745683721405	0.0	0	0.0	3279.0375037699705	1	0	1	2.758632043742982
243717.22619666337	6000.0	2561.811307106959	0.0	0	0.0	3279.0375037699996	1	0	1	2.758632043742975
245270.48000868136	6000.0	2008.557495088944	0.0	0	0.0	3279.0375037700287	1	0	1	2.7586320437429683
246196.56028929053	6000.0	2082.4772144797944	0.0	0	0.0	3279.0375037700287	1	0	1	2.7586320437429723
247218.5972879002	6000.0	2060.440215870114	0.0	0	0.0	3279.0375037700287	1	0	1	2.7586320437429683
248177.5837946015	6000.0	2101.4537091688367	0.0	0	0.0	3279.037503770058	1	0	1	2.7586320437429617
249354.35610146052	6000.0	1924.681402309787	0.0	0	0.0	3279.0375037700287	1	0	1	2.7586320437429683
250394.26248104978	6000.0	1884.7750227205138	0.0	0	0.0	3279.0375037700287	1	0	1	2.758632043742971
251441.288972643	6000.0	1837.7485311273188	0.0	0	0.0	3279.037503770058	1	0	1	2.7586320437429617
252303.7968968578	6000.0	1975.240606912524	0.0	0	0.0	3279.037503770087	1	0	1	2.758632043742959
253389.27209874758	6000.0	1889.7654050227247	0.0	0	0.0	3279.037503770058	1	0	1	2.7586320437429617
254223.47220378378	6000.0	2055.5652999865515	0.0	0	0.0	3279.037503770087	1	0	1	2.758632043742955
255003.56584173912	6000.0	2275.471662031205	0.0	0	0.0	3279.037503770087	1	0	1	2.758632043742955
255827.98435472744	6000.0	2451.0531490429016	0.0	0	0.0	3279.037503770087	1	0	1	2.758632043742955
257127.32238365806	6000.0	2151.715120112248	0.0	0	0.0	3279.037503770116	1	0	1	2.7586320437429483
258693.4738164966	6000.0	1585.5636872736618	0.0	0	0.0	3279.037503770116	1	0	1	2.7586320437429483
260071.08161929518	6000.0	1207.9558844751343	0.0	0	0.0	3279.037503770087	1	0	1	2.758632043742955
261411.40787714947	6000.0	867.6296266208261	0.0	0	0.0	3279.037503770058	1	0	1	2.7586320437429617
262416.17839725275	6000.0	862.8591065175299	0.0	0	0.0	3279.0375037699996	1	0	1	2.758632043742971
263274.7081440296	6000.0	918.4763850630115	0.0	0	0.0	3193.1845290923666	1	0	2	2.3738230913741707
264399.95078367955	6000.0	680.7094814480945	0.0	0	0.0	3080.6602651273424	1	0	2	2.594227934703146
265132.9905440107	3000.0	874.3657450838375	0.0	0	0.0	3007.3562890942558	1	0	2	1.2248052540199295
265932.46898624627	3000.0	1074.8873028483185	0.0	0	0.0	3007.3562890942558	1	0	1	1.9214383281901748
266451.8607205464	3000.0	1555.495568548182	0.0	0	0.0	3007.3562890942558	1	0	1	2.121438328190175
267094.1716051556	3000.0	1913.1846839390055	0.0	0	0.0	3007.356289094314	1	0	1	2.1214383281901643
267845.75206972775	3000.0	2161.604219366843	0.0	0	0.0	3007.3562890942558	1	0	1	2.121438328190175
268412.23716398916	3000.0	2595.1191251054383	0.0	0	0.0	3007.356289094314	1	0	1	2.1214383281901643
269200.0	6000.0	2807.356289094571	0.0	0	3.412224041472655	3007.356289094314	1	0	1	2.1214383281901643
270200.0	6000.0	2807.3562890945473	0.0	0	127.0327987819328	3007.356289094314	1	0	1	2.8145855087501093
271200.0	6000.0	2807.3562890945523	0.0	0	437.40985633188393	3007.356289094314	1	0	1	2.8145855087501093
272200.0	6000.0	2807.356289094536	0.0	0	87.84478195797419	3007.356289094314	1	0	1	2.8145855087501093
273200.0	6000.0	2807.356289094467	0.0	0	83.14958146831486	3007.356289094314	1	0	1	2.8145855087501093
274381.7374243452	6000.0	2625.6188647492118	0.0	0	0.0	3007.3562890942558	1	0	1	2.81458550875012
275360.98807561694	6000.0	2646.368213477449	0.0	0	0.0	3007.356289094314	1	0	1	2.8145855087501137
276200.0	6000.0	2807.356289094414	0.0	0	8.407666552055161	3007.356289094314	1	0	1	2.8145855087501093
277319.7482688986	6000.0	2687.6080201958193	0.0	0	0.0	3007.356289094314	1	0	1	2.814585508750103
278217.17316346033	6000.0	2790.1831256340993	0.0	0	0.0	3007.356289094372	1	0	1	2.814585508750105
279200.0	6000.0	2807.356289094412	0.0	0	234.24429200362647	3007.356289094372	1	0	1	2.8145855087500986
280200.0	6000.0	2807.3562890943604	0.0	0	409.64969033084344	3007.356289094314	1	0	1	2.8145855087501093
281200.0	6000.0	2807.356289094349	0.0	0	118.80863023584243	3007.356289094314	1	0	1	2.8145855087501093
282200.0	6000.0	2807.356289094298	0.0	0	179.83796346443705	3007.356289094314	1	0	1	2.8145855087501093
283583.7236408087	6000.0	2423.632648285539	0.0	0	0.0	3007.356289094314	1	0	1	2.8145855087501093
284753.9380847376	6000.0	2253.418204356681	0.0	0	0.0	3007.356289094314	1	0	1	2.8145855087501093
285349.51486556063	6000.0	2657.8414235336336	0.0	0	0.0	3007.356289094314	1	0	1	2.8145855087501093
286400.2332943346	6000.0	2607.12299475963	0.0	0	0.0	3007.356289094314	1	0	1	2.8145855087501093
287671.8643935901	6000.0	2335.4918955041944	0.0	0	0.0	3007.356289094314	1	0	1	2.8145855087501093
288629.42304227717	6000.0	2377.9332468171046	0.0	0	0.0	3007.356289094314	1	0	1	2.8145855087501093
289565.4140493745	6000.0	2441.942239719776	0.0	0	0.0	3007.356289094372	1	0	1	2.8145855087500986
290481.8514622835	6000.0	2525.504826810809	0.0	0	0.0	3007.356289094314	1	0	1	2.8145855087501093
291200.0	6000.0	2807.356289094325	0.0	0	89.16181146912277	3007.356289094314	1	0	1	2.8145855087501093
292200.0	6000.0	2807.356289094364	0.0	0	85.24332409357885	3007.356289094314	1	0	1	2.8145855087501093
293200.0	6000.0	2807.3562890943163	0.0	0	41.62355010211468	3007.3562890942558	1	0	1	2.8145855087501115
294200.0	6000.0	2807.356289094322	0.0	0	53.7893949248828	3007.3562890942558	1	0	1	2.81458550875012
295216.97068469564	6000.0	2790.3856043987103	0.0	0	0.0	3007.3562890942558	1	0	1	2.81458550875012
296200.0	6000.0	2807.356289094369	0.0	0	129.6184486625134	3007.356289094314	1	0	1	2.8145855087501093
297200.0	6000.0	2807.3562890943067	0.0	0	89.87528524320805	3007.356289094314	1	0	1	2.8145855087501093
298847.98270541534	6000.0	2159.3735836788574	0.0	0	0.0	3007.3562890942558	1	0	1	2.81458550875012
300091.8601536208	6000.0	1915.4961354734544	0.0	0	0.0	3007.3562890942558	1	0	1	2.81458550875012
300973.51282665355	6000.0	2033.843462440674	0.0	0	0.0	3007.3562890942558	1	0	1	2.81458550875012
6.44	7.0	6.31	5.99	5.44	7.56	6.6	6.15	8.64	9.72	4.09	5.37	6.36	7.81	6.9	6.92	6.82	7.54	6.22	7.21	8.32	8.24	5.18	5.84	4.97	6.87	6.14	8.91	7.12	4.65	7.43	8.61	6.67	6.75	5.2	6.39	5.63	5.17	6.29	6.58	5.76	8.19	4.98	8.36	7.66	4.93	5.99	6.74	7.4	4.33	6.02	6.89	7.41	6.85	9.07	6.73	6.28	9.17	7.27	5.69	6.19	6.99	3.63	5.8	5.85	6.79	6.28	5.06	5.46	5.54	6.16	6.65	4.67	7.1	7.01	6.54	8.48	7.15	6.48	5.62	6.65	7.34	7.63	9.01	7.46	4.39	7.89	6.16	3.08	6.36	5.6	4.44	4.68	5.07	6.37	7.38	5.66	5.72	6.27	7.16	6.72	9.1	7.88	5.44	4.97	4.93	5.61	5.15	4.03	4.37	5.42	7.63	5.46	5.03	4.75	5.38	6.59	8.21	9.05	7.6	6.46	7.1	5.48	7.85	5.97	6.8	8.79	7.87	7.3	9.13	6.02	4.89	8.02	7.69	6.1	7.05	8.04	5.72	7.51	7.18	4.58	5.83	6.33	6.7	6.16	4.54	5.66	6.51	7.63	5.66	6.44	7.0	6.31	5.99	5.44	7.56	6.6	6.15	8.64	9.72	4.09	5.37	6.36	7.81	6.9	6.92	6.82	7.54	6.22	7.21	8.32	8.24	5.18	5.84	4.97	6.87	6.14	8.91	7.12	4.65	7.43	8.61	6.67	6.75	5.2	6.39	5.63	5.17	6.29	6.58	5.76	8.19	4.98	8.36	7.66	4.93	5.99	6.74	7.4	4.33	6.02	6.89	7.41	6.85	9.07	6.73	6.28	9.17	7.27	5.69	6.19	6.99	3.63	5.8	5.85	6.79	6.28	5.06	5.46	5.54	6.16	6.65	4.67	7.1	7.01	6.54	8.48	7.15	6.48	5.62	6.65	7.34	7.63	9.01	7.46	4.39	7.89	6.16	3.08	6.36	5.6	4.44	4.68	5.07	6.37	7.38	5.66	5.72	6.27	7.16	6.72	9.1	7.88	5.44	4.97	4.93	5.61	5.15	4.03	4.37	5.42	7.63	5.46	5.03	4.75	5.38	6.59	8.21	9.05	7.6	6.46	7.1	5.48	7.85	5.97	6.8	8.79	7.87	7.3	9.13	6.02	4.89	8.02	7.69	6.1	7.05	8.04	5.72	7.51	7.18	4.58	5.83	6.33	6.7	6.16	4.54	5.66	6.51	7.63	5.66	6.44	7.0
1.0	2.0	3.0	4.0	5.0	6.0	7.0	8.0	9.0	10.0	11.0	12.0	13.0	14.0	15.0	16.0	17.0	18.0	19.0	20.0	21.0	22.0	23.0	24.0	25.0	26.0	27.0	28.0	29.0	30.0	31.0	32.0	33.0	34.0	35.0	36.0	37.0	38.0	39.0	40.0	41.0	42.0	43.0	44.0	45.0	46.0	47.0	48.0	49.0	50.0	51.0	52.0	53.0	54.0	55.0	56.0	57.0	58.0	59.0	60.0	61.0	62.0	63.0	64.0	65.0	66.0	67.0	68.0	69.0	70.0	71.0	72.0	73.0	74.0	75.0	76.0	77.0	78.0	79.0	80.0	81.0	82.0	83.0	84.0	85.0	86.0	87.0	88.0	89.0	90.0	91.0	92.0	93.0	94.0	95.0	96.0	97.0	98.0	99.0	100.0	101.0	102.0	103.0	104.0	105.0	106.0	107.0	108.0	109.0	110.0	111.0	112.0	113.0	114.0	115.0	116.0	117.0	118.0	119.0	120.0	121.0	122.0	123.0	124.0	125.0	126.0	127.0	128.0	129.0	130.0	131.0	132.0	133.0	134.0	135.0	136.0	137.0	138.0	139.0	140.0	141.0	142.0	143.0	144.0	145.0	146.0	147.0	148.0	149.0	149.0	150.0	151.0	152.0	153.0	154.0	155.0	156.0	157.0	158.0	159.0	160.0	161.0	162.0	163.0	164.0	165.0	166.0	167.0	168.0	169.0	170.0	171.0	172.0	173.0	174.0	175.0	176.0	177.0	178.0	179.0	180.0	181.0	182.0	183.0	184.0	185.0	186.0	187.0	188.0	189.0	190.0	191.0	192.0	193.0	194.0	195.0	196.0	197.0	198.0	199.0	200.0	201.0	202.0	203.0	204.0	205.0	206.0	207.0	208.0	209.0	210.0	211.0	212.0	213.0	214.0	215.0	216.0	217.0	218.0	219.0	220.0	221.0	222.0	223.0	224.0	225.0	226.0	227.0	228.0	229.0	230.0	231.0	232.0	233.0	234.0	235.0	236.0	237.0	238.0	239.0	240.0	241.0	242.0	243.0	244.0	245.0	246.0	247.0	248.0	249.0	250.0	251.0	252.0	253.0	254.0	255.0	256.0	257.0	258.0	259.0	260.0	261.0	262.0	263.0	264.0	265.0	266.0	267.0	268.0	269.0	270.0	271.0	272.0	273.0	274.0	275.0	276.0	277.0	278.0	279.0	280.0	281.0	282.0	283.0	284.0	285.0	286.0	287.0	288.0	289.0	290.0	291.0	292.0	293.0	294.0	295.0	296.0	297.0	298.0	298.0	299.0	300.0
3090.9779890585833
