4620.210681871224	300.0	2000.0	76.35964490450979	0	0.0	4620.210681871224	1	0	1	-1.2451851418005677
4740.084698010896	500.0	2868.13858224636	0.0	0	0.0	4608.223280257255	1	0	2	-1.1880080224711473
4805.708890598229	300.0	3795.951970400294	0.0	0	0.0	4601.660860998523	1	0	2	-1.4938161664233918
5200.0	500.0	4362.231750058346	0.0	0	285.14836252916393	4562.231750058346	1	0	2	-0.9720473365824379
6200.0	500.0	4262.231750058345	0.0	0	895.3376676756588	4462.231750058345	1	0	2	-0.41046996342022113
7200.0	500.0	4162.231750058343	0.0	0	900.1503724467902	4362.231750058345	1	0	2	-0.35260750128221086
8200.0	500.0	4062.231750058342	0.0	0	913.6129696251837	4262.231750058344	1	0	2	-0.2984562643797639
9200.0	1000.0	3962.231750058344	0.0	0	853.3657345890624	4162.231750058344	1	0	2	-0.24791531073797285
10200.0	2000.0	3862.2317500583436	0.0	0	717.1446867223494	4062.231750058344	1	0	2	0.4922841147333858
11200.0	6000.0	3762.2317500583436	0.0	0	241.02317367786418	3962.231750058342	1	0	2	1.2316109774345612
12200.0	6000.0	3662.2317500583445	0.0	0	305.1635159061134	3862.231750058343	1	0	2	2.3702242428452687
13200.0	6000.0	3562.2317500583445	0.0	0	561.5872568422019	3762.231750058343	1	0	2	2.4060381610696897
14200.0	6000.0	3462.2317500583436	0.0	0	381.54065712668125	3662.2317500583413	1	0	2	2.440331146311907
15440.758830041945	6000.0	3097.3970370122047	0.0	0	0.0	3538.1558670541453	1	0	2	2.481913315151604
16278.155485336345	6000.0	3176.2607161883643	0.0	0	0.0	3454.4162015247057	1	0	2	2.5090599528355737
17223.68298921216	6000.0	3136.180461924966	0.0	0	0.0	3359.8634511371256	1	0	2	2.533169185829587
18200.0	6000.0	3062.2317500583417	0.0	0	477.5310700077316	3262.2317500583376	1	0	2	2.5536314386017662
19200.0	6000.0	2962.2317500583385	0.0	0	292.0339615876692	3162.231750058336	1	0	2	2.5763959180534246
20200.0	3000.0	2862.2317500583417	0.0	0	728.20274954259	3062.2317500583376	1	0	2	1.2102014467748052
21200.0	3000.0	2762.2317500583436	0.0	0	644.4486449669348	2962.2317500583376	1	0	2	1.9223028456991194
22200.0	3000.0	2662.231750058341	0.0	0	699.571944242347	2862.2317500583304	1	0	2	1.9396175373724645
23200.0	3000.0	2562.2317500583426	0.0	0	572.0488000980222	2762.2317500583304	1	0	2	1.955473661630754
24200.0	3000.0	2462.2317500583454	0.0	0	647.8348123560208	2662.2317500583304	1	0	2	1.9698331771031603
25200.0	3000.0	2362.2317500583417	0.0	0	493.6825969389065	2562.2317500583267	1	0	2	1.9830534312464148
26200.0	3000.0	2262.2317500583404	0.0	0	303.9073054620676	2462.2317500583194	1	0	2	1.995325165478885
27200.0	3000.0	2162.231750058341	0.0	0	566.1312383938312	2362.2317500583194	1	0	2	2.0059613243963956
28200.0	3000.0	2062.231750058337	0.0	0	607.9822334976707	2262.2317500583194	1	0	2	2.0157323508165863
29200.0	3000.0	1962.2317500583351	0.0	0	667.9966720345619	2162.2317500583194	1	0	2	2.0247264231181976
30200.0	3000.0	1862.2317500583354	0.0	0	744.3922082329009	2062.231750058316	1	0	2	2.0329106321030888
31200.0	3000.0	1762.231750058333	0.0	0	677.0522089971892	1962.2317500583158	1	0	2	2.040345598442391
32200.0	3000.0	1662.2317500583329	0.0	0	653.8411245174975	1862.2317500583158	1	0	2	2.047097397373899
33200.0	3000.0	1562.2317500583385	0.0	0	669.1248738163049	1762.2317500583158	1	0	2	2.0532267281025702
34200.0	3000.0	1462.2317500583279	0.0	0	645.6848628759399	1662.2317500583013	1	0	2	2.0587950523033887
35200.0	3000.0	1362.2317500583279	0.0	0	706.4357095458836	1562.231750058294	1	0	2	2.0638360250595684
36200.0	3000.0	1262.2317500583233	0.0	0	505.7784986601473	1462.2317500582867	1	0	2	2.0684815018628826
37200.0	3000.0	1162.2317500583308	0.0	0	638.1525248987673	1362.2317500582794	1	0	2	2.072564840932033
38200.0	3000.0	1162.2317500583288	0.0	0	674.4722744374303	1362.2317500582794	1	0	1	2.074129645475417
39200.0	6000.0	1162.231750058337	0.0	0	360.96828153790557	1362.2317500582794	1	0	1	2.2741296454754165
40200.0	6000.0	1162.2317500583365	0.0	0	271.74198802717	1362.2317500582867	1	0	1	2.9672768260353615
41570.30362355178	6000.0	791.9281265065626	0.0	0	0.0	1362.231750058294	1	0	1	2.967276826035361
42243.68315483062	6000.0	1118.5485952277263	0.0	0	0.0	1362.231750058294	1	0	1	2.967276826035361
43200.0	6000.0	1162.2317500583517	0.0	0	142.46692975288897	1362.231750058294	1	0	1	2.967276826035361
44200.0	6000.0	1162.2317500583554	0.0	0	343.23024331200577	1362.2317500583013	1	0	1	2.967276826035361
45200.0	6000.0	1162.2317500583529	0.0	0	418.79241267227917	1362.2317500583085	1	0	1	2.9672768260353606
46200.0	6000.0	1162.2317500583526	0.0	0	345.29935292268783	1362.2317500583085	1	0	1	2.9672768260353606
47200.0	6000.0	1162.2317500583574	0.0	0	438.9265531470519	1362.2317500583085	1	0	1	2.9672768260353606
48200.0	6000.0	1162.2317500583567	0.0	0	328.94079224318557	1362.2317500583085	1	0	1	2.9672768260353606
49200.0	6000.0	1162.2317500583572	0.0	0	133.5560117338464	1362.2317500583085	1	0	1	2.9672768260353606
50200.0	6000.0	1162.231750058351	0.0	0	77.46945456197864	1362.2317500583085	1	0	1	2.9672768260353606
51200.0	6000.0	1162.2317500583572	0.0	0	183.37418565263215	1362.2317500583085	1	0	1	2.9672768260353606
52200.0	6000.0	1162.2317500583556	0.0	0	503.9040310546916	1362.2317500583013	1	0	1	2.967276826035361
53200.0	6000.0	1162.2317500583554	0.0	0	258.9492023923085	1362.2317500583013	1	0	1	2.967276826035361
54200.0	6000.0	1162.231750058362	0.0	0	274.1439286893583	1362.2317500583013	1	0	1	2.967276826035361
55200.0	6000.0	1162.23175005836	0.0	0	353.2485233794796	1362.2317500583085	1	0	1	2.9672768260353606
56200.0	6000.0	1162.2317500583608	0.0	0	420.8078122458901	1362.2317500583085	1	0	1	2.9672768260353606
57200.0	6000.0	1162.2317500583597	0.0	0	516.8298578957474	1362.2317500583085	1	0	1	2.9672768260353606
58200.0	6000.0	1162.2317500583626	0.0	0	175.86876780097373	1362.2317500583085	1	0	1	2.9672768260353606
59228.18269356594	6000.0	1134.0490564924255	0.0	0	0.0	1362.2317500583085	1	0	1	2.9672768260353606
60200.0	6000.0	1162.2317500583626	0.0	0	519.1267823193848	1362.2317500583013	1	0	1	2.967276826035361
61200.0	6000.0	1162.2317500583608	0.0	0	364.2082082035631	1362.2317500583013	1	0	1	2.967276826035361
62200.0	6000.0	1162.2317500583597	0.0	0	387.32336891821615	1362.2317500583013	1	0	1	2.967276826035361
63200.0	6000.0	1162.2317500583558	0.0	0	296.7993573130152	1362.2317500583013	1	0	1	2.967276826035361
64200.0	6000.0	1162.231750058356	0.0	0	311.95980453244556	1362.2317500583013	1	0	1	2.967276826035361
65200.0	6000.0	1162.231750058358	0.0	0	347.277347952906	1362.2317500583013	1	0	1	2.967276826035361
66200.0	6000.0	1162.231750058357	0.0	0	319.32069215249794	1362.2317500583013	1	0	1	2.967276826035361
67200.0	6000.0	1162.2317500583767	0.0	0	350.82635899861634	1362.2317500583158	1	0	1	2.9672768260353606
68200.0	6000.0	1162.2317500583872	0.0	0	206.25735455918766	1362.2317500583158	1	0	1	2.9672768260353606
69200.0	6000.0	1162.2317500583881	0.0	0	75.50296978083497	1362.2317500583013	1	0	1	2.967276826035361
70200.0	6000.0	1162.23175005838	0.0	0	289.4316392948822	1362.2317500582867	1	0	1	2.9672768260353615
71200.0	6000.0	1162.231750058383	0.0	0	411.744560187115	1362.2317500582867	1	0	1	2.9672768260353615
72200.0	6000.0	1162.231750058368	0.0	0	139.63358850902296	1362.2317500582867	1	0	1	2.9672768260353615
73457.4622798891	6000.0	904.7694701692488	0.0	0	0.0	1362.2317500582867	1	0	1	2.9672768260353615
74200.0	6000.0	1162.23175005835	0.0	0	136.62980497212266	1362.2317500582867	1	0	1	2.9672768260353615
75200.0	6000.0	1162.23175005835	0.0	0	526.0674978985189	1362.2317500582867	1	0	1	2.9672768260353615
76200.0	6000.0	1162.231750058368	0.0	0	31.50361640038318	1362.2317500583013	1	0	1	2.967276826035361
77200.0	6000.0	1162.231750058363	0.0	0	127.26677793561248	1362.2317500583013	1	0	1	2.967276826035361
78200.0	6000.0	1162.2317500583586	0.0	0	222.84407041964005	1362.2317500583013	1	0	1	2.967276826035361
79200.0	6000.0	1162.2317500583451	0.0	0	431.62043958573486	1362.2317500583013	1	0	1	2.967276826035361
80392.9291817938	6000.0	969.3025682645391	0.0	0	0.0	1362.2317500583013	1	0	1	2.967276826035361
82043.81208751358	6000.0	318.4196625447753	0.0	0	0.0	1362.2317500583013	1	0	1	2.967276826035361
83115.31874291445	6000.0	486.99745984255594	240.08445269863287	0	0.0	1602.3162027569924	1	0	1	1.5164911797086216
83951.73420101439	6000.0	650.5820017426191	0.0	0	0.0	1602.316202757007	1	0	1	2.956997895900418
85083.04795209721	6000.0	519.2682506597969	0.0	0	0.0	1602.3162027569924	1	0	1	2.956997895900419
85809.11812511746	6000.0	793.1980776395516	0.0	0	0.0	1602.3162027569779	1	0	1	2.9569978959004195
86396.71982821311	6000.0	1205.5963745439092	0.0	0	0.0	1602.3162027569779	1	0	1	2.9569978959004195
87200.0	6000.0	1402.3162027570079	0.0	0	69.2561043433816	1602.3162027569779	1	0	1	2.9569978959004195
88200.0	6000.0	1402.3162027570072	0.0	0	78.86537005676655	1602.3162027569779	1	0	1	2.9569978959004195
89200.0	6000.0	1402.3162027570054	0.0	0	357.8309582146758	1602.3162027569924	1	0	1	2.956997895900419
90202.7219900025	6000.0	1399.5942127544915	0.0	0	0.0	1602.3162027569924	1	0	1	2.956997895900419
91272.15511496717	6000.0	1330.1610877898172	0.0	0	0.0	1602.3162027569924	1	0	1	2.956997895900419
92385.672438779	6000.0	1216.643763977997	0.0	0	0.0	1602.316202757007	1	0	1	2.956997895900418
93681.02243485431	6000.0	921.2937679026995	0.0	0	0.0	1602.3162027570215	1	0	1	2.9569978959004173
94427.89130557132	6000.0	1174.4248971856723	0.0	0	0.0	1602.316202757007	1	0	1	2.956997895900418
95230.56228306318	6000.0	1371.7539196938087	0.0	0	0.0	1602.316202757007	1	0	1	2.956997895900418
96200.0	6000.0	1402.3162027569724	0.0	0	110.45697304722853	1602.316202757007	1	0	1	2.956997895900418
97676.49404798714	6000.0	925.8221547698304	0.0	0	0.0	1602.316202757007	1	0	1	2.956997895900418
98580.62380606838	6000.0	1021.6923966885918	0.0	0	0.0	1602.3162027569924	1	0	1	2.956997895900419
99636.8007133403	6000.0	965.5154894166778	0.0	0	0.0	1602.3162027569924	1	0	1	2.956997895900419
100593.13413742546	6000.0	1009.182065331524	0.0	0	0.0	1602.3162027569779	1	0	1	2.9569978959004195
101741.11634588194	6000.0	861.1998568750373	0.0	0	0.0	1602.3162027569779	1	0	1	2.9569978959004195
102805.47149177377	6000.0	796.8447109831947	0.0	0	0.0	1602.3162027569633	1	0	1	2.95699789590042
103927.92262794732	6000.0	674.3935748096462	0.0	0	0.0	1602.3162027569633	1	0	1	2.95699789590042
104564.13976586594	6000.0	1038.1764368910137	0.0	0	0.0	1602.3162027569488	1	0	1	2.9569978959004213
105359.55474888178	6000.0	1242.7614538751695	0.0	0	0.0	1602.3162027569488	1	0	1	2.9569978959004213
106233.78680528034	6000.0	1368.529397476621	0.0	0	0.0	1602.3162027569488	1	0	1	2.9569978959004213
107333.7031976671	6000.0	1268.6130050898664	0.0	0	0.0	1602.3162027569488	1	0	1	2.9569978959004213
108200.0	6000.0	1402.3162027569563	0.0	0	296.6829250711162	1602.3162027569488	1	0	1	2.9569978959004213
109414.7057421476	6000.0	1187.6104606093636	0.0	0	0.0	1602.3162027569488	1	0	1	2.9569978959004213
110307.05815748866	6000.0	1295.2580452683192	0.0	0	0.0	1602.3162027569488	1	0	1	2.9569978959004213
111200.0	6000.0	1402.3162027569952	0.0	0	151.42365078476723	1602.3162027569488	1	0	1	2.9569978959004213
112342.85893441744	6000.0	1259.4572683395513	0.0	0	0.0	1602.3162027569488	1	0	1	2.9569978959004213
113586.73871287065	6000.0	1015.5774898863255	0.0	0	0.0	1602.3162027569342	1	0	1	2.9569978959004217
114404.43182188817	6000.0	1197.8843808687968	0.0	0	0.0	1602.3162027569197	1	0	1	2.956997895900422
115200.0	6000.0	1402.316202756937	0.0	0	25.195304148553987	1602.3162027569197	1	0	1	2.956997895900422
116200.0	6000.0	1402.3162027569444	0.0	0	68.71240787742136	1602.3162027569197	1	0	1	2.956997895900422
117200.0	6000.0	1402.3162027569444	0.0	0	500.0750314348261	1602.3162027569197	1	0	1	2.956997895900422
118200.0	6000.0	1402.3162027569497	0.0	0	534.1019089507463	1602.3162027569342	1	0	1	2.9569978959004217
119200.0	6000.0	1402.3162027569444	0.0	0	160.9878359890281	1602.3162027569342	1	0	1	2.9569978959004217
120200.0	6000.0	1402.3162027569354	0.0	0	431.2950779111561	1602.3162027569342	1	0	1	2.9569978959004217
121200.0	6000.0	1402.3162027569438	0.0	0	94.852340264144	1602.3162027569342	1	0	1	2.9569978959004217
122511.98660587928	6000.0	1090.3295968776602	0.0	0	0.0	1602.3162027569342	1	0	1	2.9569978959004217
123200.0	6000.0	1402.3162027569456	0.0	0	43.406468642206164	1602.3162027569342	1	0	1	2.9569978959004217
124200.0	6000.0	1402.3162027569376	0.0	0	259.83386523326044	1602.3162027569342	1	0	1	2.9569978959004217
125203.89041188725	6000.0	1398.4257908696998	0.0	0	0.0	1602.3162027569342	1	0	1	2.9569978959004217
126200.0	6000.0	1402.316202756938	0.0	0	343.6597900780034	1602.3162027569197	1	0	1	2.956997895900422
127200.0	6000.0	1402.3162027569365	0.0	0	476.6075271050795	1602.316202756905	1	0	1	2.9569978959004226
128200.0	6000.0	1402.3162027569456	0.0	0	444.3673915602558	1602.316202756905	1	0	1	2.9569978959004226
129200.0	6000.0	1402.3162027569467	0.0	0	241.66178241667512	1602.3162027569197	1	0	1	2.956997895900422
130200.0	6000.0	1402.3162027569488	0.0	0	313.41246229293756	1602.3162027569197	1	0	1	2.956997895900422
131408.03689765072	6000.0	1194.2793051062508	0.0	0	0.0	1602.3162027569488	1	0	1	2.956997895900422
132200.0	6000.0	1402.3162027569585	0.0	0	97.89235109926085	1602.3162027569342	1	0	1	2.9569978959004217
133200.0	6000.0	1402.3162027569551	0.0	0	108.52361524890875	1602.3162027569488	1	0	1	2.9569978959004213
134200.0	6000.0	1402.3162027569288	0.0	0	365.3839218803623	1602.3162027569488	1	0	1	2.9569978959004213
135200.0	6000.0	1402.3162027569451	0.0	0	284.3993393565761	1602.3162027569488	1	0	1	2.9569978959004213
136200.0	6000.0	1402.3162027569533	0.0	0	426.6556448993797	1602.3162027569779	1	0	1	2.9569978959004195
137200.0	6000.0	1402.3162027569733	0.0	0	60.566539560153615	1602.3162027569779	1	0	1	2.9569978959004195
138200.0	6000.0	1402.3162027570033	0.0	0	195.3589609868941	1602.3162027569779	1	0	1	2.9569978959004195
139200.0	6000.0	1402.316202756973	0.0	0	16.08547463681316	1602.3162027569779	1	0	1	2.9569978959004195
140200.0	6000.0	1402.3162027570077	0.0	0	363.34886457791436	1602.3162027569779	1	0	1	2.9569978959004195
141200.0	6000.0	1402.3162027570154	0.0	0	128.30489794409368	1602.3162027569779	1	0	1	2.9569978959004195
142358.77649356003	6000.0	1243.5397091970083	0.0	0	0.0	1602.3162027569779	1	0	1	2.9569978959004195
143218.28005689994	6000.0	1384.03614585709	0.0	0	0.0	1602.3162027569488	1	0	1	2.9569978959004213
144200.0	6000.0	1402.3162027570359	0.0	0	50.507621467346326	1602.3162027569488	1	0	1	2.9569978959004213
145200.0	6000.0	1402.31620275705	0.0	0	260.0929655834916	1602.3162027569488	1	0	1	2.9569978959004213
146200.0	6000.0	1402.3162027570302	0.0	0	401.43410836940166	1602.3162027569488	1	0	1	2.9569978959004213
147200.0	6000.0	1402.316202757002	0.0	0	290.8142032195756	1602.3162027569488	1	0	1	2.9569978959004213
148235.5302276846	6000.0	1366.7859750723965	0.0	0	0.0	1602.3162027569488	1	0	1	2.9569978959004213
149490.04710409977	6000.0	1112.2690986572024	0.0	0	0.0	1602.3162027569488	1	0	1	2.9569978959004213
150200.0	6000.0	1402.3162027569742	0.0	0	89.00309908675263	1602.3162027569488	1	0	1	2.9569978959004213
151200.0	6000.0	1402.316202756982	0.0	0	258.4632737841457	1602.3162027569488	1	0	1	2.9569978959004213
152272.32105440655	6000.0	1329.9951483504528	0.0	0	0.0	1602.3162027569488	1	0	1	2.9569978959004213
153267.11175094673	6000.0	1335.2044518102443	0.0	0	0.0	1602.3162027569197	1	0	1	2.956997895900422
154200.0	6000.0	1402.3162027569863	0.0	0	122.59202654819819	1602.3162027569197	1	0	1	2.956997895900422
155200.0	6000.0	1402.3162027569872	0.0	0	320.0456375108042	1602.3162027569197	1	0	1	2.956997895900422
156200.0	6000.0	1402.3162027569717	0.0	0	453.9348300200654	1602.3162027569197	1	0	1	2.956997895900422
157200.0	6000.0	1402.316202757002	0.0	0	528.374764455948	1602.3162027569197	1	0	1	2.956997895900422
158200.0	6000.0	1402.3162027570013	0.0	0	359.929268748645	1602.3162027568906	1	0	1	2.956997895900424
159200.0	6000.0	1402.316202757019	0.0	0	187.76905966634513	1602.3162027568906	1	0	1	2.956997895900424
160200.0	6000.0	1402.3162027570365	0.0	0	449.3729076849413	1602.3162027568906	1	0	1	2.956997895900424
161200.0	6000.0	1402.3162027570218	0.0	0	453.96158523412305	1602.3162027568906	1	0	1	2.956997895900424
162200.0	6000.0	1402.3162027570334	0.0	0	471.4474598703091	1602.3162027569197	1	0	1	2.956997895900422
163200.0	6000.0	1402.3162027570168	0.0	0	406.0046492556867	1602.3162027568906	1	0	1	2.956997895900424
164383.2880500108	6000.0	1219.0281527461882	0.0	0	0.0	1602.3162027568906	1	0	1	2.956997895900424
165200.0	6000.0	1402.3162027569826	0.0	0	140.20183292290312	1602.3162027568906	1	0	1	2.956997895900424
166200.0	6000.0	1402.316202756979	0.0	0	99.30283445009263	1602.3162027568906	1	0	1	2.956997895900424
167200.0	6000.0	1402.3162027569558	0.0	0	400.03380372581887	1602.3162027568906	1	0	1	2.956997895900424
168200.0	6000.0	1402.3162027569408	0.0	0	235.23774111052626	1602.3162027568906	1	0	1	2.956997895900424
169200.0	6000.0	1402.3162027569458	0.0	0	517.6585835619189	1602.3162027568906	1	0	1	2.956997895900424
170200.0	6000.0	1402.3162027569547	0.0	0	355.1825371659361	1602.3162027568906	1	0	1	2.956997895900424
171200.0	6000.0	1402.3162027569665	0.0	0	68.4045454315492	1602.3162027568906	1	0	1	2.956997895900424
172216.7172447172	6000.0	1385.5989580397747	0.0	0	0.0	1602.3162027568615	1	0	1	2.9569978959004253
173301.78025965675	6000.0	1300.5359431002216	0.0	0	0.0	1602.3162027568615	1	0	1	2.9569978959004253
174370.07467339846	6000.0	1232.2415293585082	0.0	0	0.0	1602.3162027568324	1	0	1	2.9569978959004266
175542.3270081267	6000.0	1059.989194630275	0.0	0	0.0	1602.3162027568324	1	0	1	2.9569978959004266
176264.6386738586	6000.0	1337.6775288983838	0.0	0	0.0	1602.3162027568615	1	0	1	2.9569978959004253
177200.0	6000.0	1402.3162027569836	0.0	0	313.8240337972238	1602.3162027568906	1	0	1	2.956997895900424
178200.0	6000.0	1402.3162027569506	0.0	0	273.8387506874278	1602.3162027568906	1	0	1	2.956997895900424
179200.0	6000.0	1402.3162027569053	0.0	0	336.6253242417879	1602.3162027568615	1	0	1	2.9569978959004253
180200.0	6000.0	1402.3162027569526	0.0	0	505.87096185734845	1602.3162027568615	1	0	1	2.9569978959004253
181200.0	6000.0	1402.3162027569595	0.0	0	189.4676131886372	1602.3162027568615	1	0	1	2.9569978959004253
182200.0	6000.0	1402.316202756957	0.0	0	171.28243204639875	1602.3162027568615	1	0	1	2.9569978959004253
183200.0	6000.0	1402.3162027569156	0.0	0	375.88468763124547	1602.3162027568324	1	0	1	2.9569978959004266
184200.0	6000.0	1402.3162027569324	0.0	0	232.4499246114574	1602.3162027568324	1	0	1	2.9569978959004266
185200.0	6000.0	1402.3162027569385	0.0	0	158.2016774142685	1602.3162027568324	1	0	1	2.9569978959004266
186200.0	6000.0	1402.316202756946	0.0	0	242.60878040880198	1602.3162027568615	1	0	1	2.9569978959004253
187200.0	6000.0	1402.3162027569297	0.0	0	383.88124037036323	1602.3162027568324	1	0	1	2.9569978959004266
188200.0	6000.0	1402.3162027569035	0.0	0	74.14084766546148	1602.3162027568324	1	0	1	2.9569978959004266
189200.0	6000.0	1402.3162027569049	0.0	0	27.843438899464672	1602.3162027568324	1	0	1	2.9569978959004266
190446.48513860375	6000.0	1155.831064153186	0.0	0	0.0	1602.3162027568615	1	0	1	2.9569978959004253
191400.34231051826	6000.0	1201.9738922386691	0.0	0	0.0	1602.3162027568615	1	0	1	2.9569978959004253
192200.0	6000.0	1402.3162027569094	0.0	0	263.7975792034413	1602.3162027568906	1	0	1	2.956997895900424
193200.0	6000.0	1402.3162027569374	0.0	0	434.0602682753233	1602.3162027568906	1	0	1	2.956997895900424
194200.0	6000.0	1402.3162027569354	0.0	0	274.81868298500194	1602.3162027568615	1	0	1	2.9569978959004253
195200.0	6000.0	1402.316202756942	0.0	0	495.8009749568009	1602.3162027568615	1	0	1	2.9569978959004253
196200.0	6000.0	1402.3162027569663	0.0	0	133.15748497119057	1602.3162027568615	1	0	1	2.9569978959004253
197200.0	6000.0	1402.316202756949	0.0	0	252.3630643588258	1602.3162027568615	1	0	1	2.9569978959004253
198200.0	6000.0	1402.3162027569629	0.0	0	435.20167483668774	1602.3162027568615	1	0	1	2.9569978959004253
199200.0	6000.0	1402.316202756957	0.0	0	355.01189247731236	1602.3162027568324	1	0	1	2.9569978959004266
200200.0	6000.0	1402.316202756934	0.0	0	369.0455846924742	1602.3162027568324	1	0	1	2.9569978959004266
201200.0	6000.0	1402.3162027569415	0.0	0	399.94605296026566	1602.3162027568615	1	0	1	2.9569978959004253
202200.0	6000.0	1402.3162027569517	0.0	0	441.58411614835495	1602.3162027568324	1	0	1	2.9569978959004266
203200.0	6000.0	1402.316202756965	0.0	0	186.53736716479762	1602.3162027568324	1	0	1	2.9569978959004266
204200.0	6000.0	1402.3162027569722	0.0	0	406.77036612067604	1602.3162027568615	1	0	1	2.9569978959004253
205200.0	6000.0	1402.3162027569729	0.0	0	219.67723291117	1602.3162027568906	1	0	1	2.956997895900424
206200.0	6000.0	1402.3162027569886	0.0	0	290.8493332543294	1602.3162027568906	1	0	1	2.956997895900424
207200.0	6000.0	1402.31620275699	0.0	0	228.98209845647216	1602.3162027568906	1	0	1	2.956997895900424
208200.0	6000.0	1402.3162027569897	0.0	0	339.51228546060156	1602.3162027568615	1	0	1	2.9569978959004253
209200.0	6000.0	1402.3162027569886	0.0	0	279.5192157525162	1602.3162027568906	1	0	1	2.956997895900424
210200.0	6000.0	1402.3162027569776	0.0	0	396.85198105624295	1602.3162027568615	1	0	1	2.9569978959004253
211200.0	6000.0	1402.3162027570106	0.0	0	73.89389006551937	1602.3162027568906	1	0	1	2.956997895900424
212200.0	6000.0	1402.3162027570283	0.0	0	345.77575902460376	1602.3162027569197	1	0	1	2.956997895900422
213200.0	6000.0	1402.3162027569979	0.0	0	125.30274454737082	1602.3162027568906	1	0	1	2.956997895900424
214200.0	6000.0	1402.3162027570152	0.0	0	289.1006137994118	1602.3162027568906	1	0	1	2.956997895900424
215200.0	6000.0	1402.316202757032	0.0	0	291.29514438463957	1602.3162027568906	1	0	1	2.956997895900424
216200.0	6000.0	1402.3162027570445	0.0	0	182.96780932083493	1602.3162027569197	1	0	1	2.956997895900422
217200.0	6000.0	1402.316202757008	0.0	0	463.9037392855971	1602.3162027569197	1	0	1	2.956997895900422
218200.0	6000.0	1402.3162027570038	0.0	0	25.73337385969353	1602.3162027569197	1	0	1	2.956997895900422
219200.0	6000.0	1402.3162027569858	0.0	0	216.5416480304557	1602.3162027569197	1	0	1	2.956997895900422
220200.0	6000.0	1402.3162027569751	0.0	0	313.8024533071148	1602.3162027569197	1	0	1	2.956997895900422
221200.0	6000.0	1402.3162027569574	0.0	0	323.7813399080478	1602.3162027569197	1	0	1	2.956997895900422
222525.21581767182	6000.0	1077.1003850851755	0.0	0	0.0	1602.3162027569779	1	0	1	2.956997895900421
223200.0	6000.0	1402.3162027570054	0.0	0	113.93920638647978	1602.3162027569779	1	0	1	2.9569978959004195
224200.0	6000.0	1402.316202757014	0.0	0	420.3784797284461	1602.3162027569779	1	0	1	2.9569978959004195
225200.0	6000.0	1402.3162027570204	0.0	0	182.80999020065065	1602.3162027569779	1	0	1	2.9569978959004195
226200.0	6000.0	1402.3162027570365	0.0	0	295.20713664081995	1602.316202757007	1	0	1	2.956997895900418
227200.0	6000.0	1402.3162027570077	0.0	0	212.28028463217197	1602.316202757007	1	0	1	2.956997895900418
228200.0	6000.0	1402.3162027569983	0.0	0	342.74575236678356	1602.316202757036	1	0	1	2.956997895900417
229384.43873328206	6000.0	1217.8774694749632	0.0	0	0.0	1602.316202757036	1	0	1	2.956997895900417
230923.0714328946	6000.0	679.2447698624338	0.0	0	0.0	1602.316202757036	1	0	1	2.956997895900417
232270.6683224631	6000.0	359.1872242713305	27.539343977419975	0	0.0	1629.8555467344413	1	0	1	2.79042108530283
233003.02793560785	6000.0	648.4218422715097	21.594231144960503	0	0.0	1651.4497778793739	1	0	1	2.825014977177292
234105.55122859546	6000.0	545.8985492839224	0.0	0	0.0	1651.4497778793739	1	0	1	2.954580364047055
235219.87275939563	6000.0	471.5152951849624	39.9382767012132	0	0.0	1691.3880545805732	1	0	1	2.712898509419217
236122.21209655367	6000.0	569.1759580269129	0.0	0	0.0	1691.3880545806023	1	0	1	2.952528169626495
236834.7803197	6000.0	856.6077348806086	0.0	0	0.0	1691.3880545806023	1	0	1	2.952528169626495
237546.4968960642	6000.0	1144.891158516404	0.0	0	0.0	1691.3880545806023	1	0	1	2.952528169626495
238200.0	6000.0	1491.3880545806167	0.0	0	69.76826982101193	1691.3880545806314	1	0	1	2.9525281696264933
239200.0	6000.0	1491.3880545806462	0.0	0	267.44178467357415	1691.3880545806314	1	0	1	2.9525281696264933
240200.0	6000.0	1491.3880545806483	0.0	0	248.6144451709697	1691.3880545806314	1	0	1	2.9525281696264933
241200.0	6000.0	1491.3880545806774	0.0	0	132.09637513328926	1691.3880545806314	1	0	1	2.9525281696264933
242200.0	6000.0	1491.3880545806526	0.0	0	238.63490538627957	1691.3880545806314	1	0	1	2.9525281696264933
243200.0	6000.0	1491.3880545806055	0.0	0	168.2742172058206	1691.3880545806314	1	0	1	2.9525281696264933
244200.0	6000.0	1491.3880545806182	0.0	0	91.37467506091343	1691.3880545806023	1	0	1	2.952528169626495
245200.0	6000.0	1491.3880545806032	0.0	0	111.15037489816314	1691.3880545806023	1	0	1	2.952528169626495
246200.0	6000.0	1491.3880545806092	0.0	0	104.54420719092013	1691.3880545806023	1	0	1	2.952528169626495
247241.8460378662	6000.0	1449.5420167144086	0.0	0	0.0	1691.3880545806023	1	0	1	2.952528169626495
248482.37547758795	6000.0	1209.0125769926713	0.0	0	0.0	1691.3880545806314	1	0	1	2.9525281696264947
249725.61968459326	6000.0	965.7683699874019	0.0	0	0.0	1691.3880545806314	1	0	1	2.9525281696264933
250833.4763158592	6000.0	857.9117387214669	0.0	0	0.0	1691.3880545806314	1	0	1	2.9525281696264933
251973.66561397412	6000.0	717.7224406065407	0.0	0	0.0	1691.3880545806023	1	0	1	2.9525281696264942
252831.42004926672	6000.0	859.9680053139762	0.0	0	0.0	1691.3880545806023	1	0	1	2.952528169626495
253487.41006995164	6000.0	1203.9779846290817	0.0	0	0.0	1691.3880545806314	1	0	1	2.9525281696264947
254200.0	6000.0	1491.3880545807172	0.0	0	148.01627202983946	1691.3880545806314	1	0	1	2.9525281696264933
255273.81448161136	6000.0	1417.573572969339	0.0	0	0.0	1691.3880545806023	1	0	1	2.952528169626495
256373.82332182745	6000.0	1317.564732753219	0.0	0	0.0	1691.3880545805732	1	0	1	2.9525281696264964
257245.64169662204	6000.0	1445.7463579586533	0.0	0	0.0	1691.3880545806023	1	0	1	2.952528169626495
258200.0	6000.0	1491.388054580692	0.0	0	259.05025208642473	1691.3880545806023	1	0	1	2.952528169626495
259200.0	6000.0	1491.3880545806987	0.0	0	180.41847751074238	1691.3880545806023	1	0	1	2.952528169626495
260200.0	6000.0	1491.388054580717	0.0	0	294.91633775344235	1691.3880545806314	1	0	1	2.9525281696264933
261200.0	6000.0	1491.3880545806933	0.0	0	43.809554916777415	1691.3880545806605	1	0	1	2.952528169626492
262593.85116513964	6000.0	1097.5368894410763	0.0	0	0.0	1691.3880545806896	1	0	1	2.9525281696264916
263486.73674818175	6000.0	1204.6513063989523	0.0	0	0.0	1691.3880545806896	1	0	1	2.9525281696264907
264200.0	6000.0	1491.388054580713	0.0	0	94.74760296905879	1691.3880545807187	1	0	1	2.9525281696264893
265200.0	6000.0	1491.3880545807629	0.0	0	154.3025826648809	1691.3880545806605	1	0	1	2.952528169626492
266200.0	6000.0	1491.3880545807474	0.0	0	210.99158534785965	1691.3880545806605	1	0	1	2.952528169626492
267200.0	6000.0	1491.3880545807162	0.0	0	532.9940221277648	1691.3880545806605	1	0	1	2.952528169626492
268200.0	6000.0	1491.3880545806962	0.0	0	203.81574220891343	1691.3880545806605	1	0	1	2.952528169626492
269200.0	6000.0	1491.388054580726	0.0	0	517.888026150933	1691.3880545806605	1	0	1	2.952528169626492
270200.0	6000.0	1491.3880545806796	0.0	0	312.0629760234151	1691.3880545806605	1	0	1	2.952528169626492
271200.0	6000.0	1491.3880545806535	0.0	0	49.927618088549934	1691.3880545806605	1	0	1	2.952528169626492
272200.0	6000.0	1491.3880545806242	0.0	0	158.40815511794062	1691.3880545806605	1	0	1	2.9525281696264893
273200.0	6000.0	1491.3880545805978	0.0	0	271.44622090039775	1691.3880545806605	1	0	1	2.952528169626492
274200.0	6000.0	1491.3880545806173	0.0	0	263.7549723602133	1691.3880545807187	1	0	1	2.952528169626489
275200.0	6000.0	1491.3880545805996	0.0	0	278.91994669957785	1691.3880545807187	1	0	1	2.952528169626489
276200.0	6000.0	1491.3880545805976	0.0	0	373.29555692122085	1691.3880545807187	1	0	1	2.952528169626489
277200.0	6000.0	1491.3880545806696	0.0	0	506.66819174651755	1691.3880545807187	1	0	1	2.952528169626489
278200.0	6000.0	1491.3880545806767	0.0	0	186.03415171371307	1691.3880545806605	1	0	1	2.952528169626492
279200.0	6000.0	1491.3880545806485	0.0	0	211.33979568845825	1691.3880545806605	1	0	1	2.952528169626492
280336.72711223335	6000.0	1354.6609423472778	0.0	0	0.0	1691.3880545806605	1	0	1	2.952528169626492
281200.0	6000.0	1491.3880545806082	0.0	0	152.19338784652064	1691.3880545806023	1	0	1	2.952528169626495
282200.0	6000.0	1491.388054580563	0.0	0	380.69924341049045	1691.3880545806023	1	0	1	2.952528169626495
283200.0	6000.0	1491.3880545805368	0.0	0	404.7870008793543	1691.3880545805441	1	0	1	2.9525281696264982
284200.0	6000.0	1491.3880545805305	0.0	0	454.6310376931797	1691.3880545805441	1	0	1	2.9525281696264982
285200.0	6000.0	1491.3880545805073	0.0	0	74.72759689221857	1691.3880545805441	1	0	1	2.9525281696264982
286200.0	6000.0	1491.3880545805544	0.0	0	324.6293863892788	1691.3880545805441	1	0	1	2.9525281696264982
287201.96782884974	6000.0	1489.420225730771	0.0	0	0.0	1691.3880545805441	1	0	1	2.9525281696264982
288200.0	6000.0	1491.3880545805048	0.0	0	345.02407381421654	1691.3880545805441	1	0	1	2.9525281696264982
289200.0	6000.0	1491.3880545805184	0.0	0	15.714672006026376	1691.3880545806023	1	0	1	2.952528169626495
290200.0	6000.0	1491.3880545805255	0.0	0	353.3145291210967	1691.3880545806023	1	0	1	2.952528169626495
291200.0	6000.0	1491.388054580492	0.0	0	351.9794189220411	1691.3880545805441	1	0	1	2.9525281696264982
292420.5579836624	6000.0	1270.830070918146	0.0	0	0.0	1691.3880545805441	1	0	1	2.9525281696264982
293375.77788612695	6000.0	1315.6101684536168	0.0	0	0.0	1691.3880545805441	1	0	1	2.9525281696264982
294200.0	6000.0	1491.3880545805594	0.0	0	220.25985419505741	1691.388054580486	1	0	1	2.952528169626501
295200.0	6000.0	1491.388054580538	0.0	0	160.19363047735533	1691.388054580486	1	0	1	2.952528169626501
296200.0	6000.0	1491.3880545805157	0.0	0	128.76086842251243	1691.3880545804277	1	0	1	2.9525281696265044
297200.0	6000.0	1491.3880545805503	0.0	0	212.87844366417266	1691.388054580486	1	0	1	2.952528169626501
298200.0	6000.0	1491.3880545805835	0.0	0	205.3759872072842	1691.388054580486	1	0	1	2.952528169626501
299200.0	6000.0	1491.3880545805403	0.0	0	122.17005770863034	1691.388054580486	1	0	1	2.952528169626501
300200.0	6000.0	1491.3880545805764	0.0	0	20.14309358468745	1691.388054580486	1	0	1	2.952528169626501
7.12	9.48	10.4	11.7	9.44	7.78	9.77	12.9	17.0	8.1	6.37	9.1	8.24	10.1	9.2	11.4	10.8	7.3	7.56	7.47	6.71	5.63	9.95	10.7	11.1	10.7	8.95	10.4	8.84	11.2	7.32	9.72	10.9	8.76	6.28	7.62	4.61	7.88	10.6	9.66	8.24	11.2	8.62	7.91	9.13	7.14	8.19	10.5	8.97	9.31	9.74	10.3	9.93	9.09	7.45	12.2	9.95	7.84	7.1	9.15	8.22	9.58	9.88	10.1	6.37	11.9	7.65	8.42	5.21	13.2	10.6	7.98	9.73	10.5	7.77	6.12	4.15	5.56	6.35	8.02	5.78	8.06	9.12	7.25	9.07	6.09	6.67	7.23	5.64	6.94	6.8	7.27	5.19	5.8	5.62	5.9	6.5	7.89	6.45	7.69	8.77	7.44	6.5	9.54	6.0	8.16	8.32	5.75	5.14	6.96	9.15	8.09	11.8	9.49	8.18	12.1	7.88	5.0	9.56	9.11	6.94	9.5	12.6	12.5	8.75	10.6	5.61	6.97	9.45	11.7	9.08	7.75	6.32	5.97	7.59	7.71	8.94	6.33	6.92	7.37	10.9	9.06	6.7	6.94	6.07	7.74	7.44	7.73	7.14	10.0	7.12	9.48	10.4	11.7	9.44	7.78	9.77	12.9	17.0	8.1	6.37	9.1	8.24	10.1	9.2	11.4	10.8	7.3	7.56	7.47	6.71	5.63	9.95	10.7	11.1	10.7	8.95	10.4	8.84	11.2	7.32	9.72	10.9	8.76	6.28	7.62	4.61	7.88	10.6	9.66	8.24	11.2	8.62	7.91	9.13	7.14	8.19	10.5	8.97	9.31	9.74	10.3	9.93	9.09	7.45	12.2	9.95	7.84	7.1	9.15	8.22	9.58	9.88	10.1	6.37	11.9	7.65	8.42	5.21	13.2	10.6	7.98	9.73	10.5	7.77	6.12	4.15	5.56	6.35	8.02	5.78	8.06	9.12	7.25	9.07	6.09	6.67	7.23	5.64	6.94	6.8	7.27	5.19	5.8	5.62	5.9	6.5	7.89	6.45	7.69	8.77	7.44	6.5	9.54	6.0	8.16	8.32	5.75	5.14	6.96	9.15	8.09	11.8	9.49	8.18	12.1	7.88	5.0	9.56	9.11	6.94	9.5	12.6	12.5	8.75	10.6	5.61	6.97	9.45	11.7	9.08	7.75	6.32	5.97	7.59	7.71	8.94	6.33	6.92	7.37	10.9	9.06	6.7	6.94	6.07	7.74	7.44	7.73	7.14	10.0
1.0	2.0	3.0	4.0	5.0	6.0	7.0	8.0	9.0	10.0	11.0	12.0	13.0	14.0	15.0	16.0	17.0	18.0	19.0	20.0	21.0	22.0	23.0	24.0	25.0	26.0	27.0	28.0	29.0	30.0	31.0	32.0	33.0	34.0	35.0	36.0	37.0	38.0	39.0	40.0	41.0	42.0	43.0	44.0	45.0	46.0	47.0	48.0	49.0	50.0	51.0	52.0	53.0	54.0	55.0	56.0	57.0	58.0	59.0	60.0	61.0	62.0	63.0	64.0	65.0	66.0	67.0	68.0	69.0	70.0	71.0	72.0	73.0	74.0	75.0	76.0	77.0	78.0	79.0	80.0	81.0	82.0	83.0	84.0	85.0	86.0	87.0	88.0	89.0	90.0	91.0	92.0	93.0	94.0	95.0	96.0	97.0	98.0	99.0	100.0	101.0	102.0	103.0	104.0	105.0	106.0	107.0	108.0	109.0	110.0	111.0	112.0	113.0	114.0	115.0	116.0	117.0	118.0	119.0	120.0	121.0	122.0	123.0	124.0	125.0	126.0	127.0	128.0	129.0	130.0	131.0	132.0	133.0	134.0	135.0	136.0	137.0	138.0	139.0	140.0	141.0	142.0	143.0	144.0	145.0	146.0	147.0	148.0	149.0	149.0	150.0	151.0	152.0	153.0	154.0	155.0	156.0	157.0	158.0	159.0	160.0	161.0	162.0	163.0	164.0	165.0	166.0	167.0	168.0	169.0	170.0	171.0	172.0	173.0	174.0	175.0	176.0	177.0	178.0	179.0	180.0	181.0	182.0	183.0	184.0	185.0	186.0	187.0	188.0	189.0	190.0	191.0	192.0	193.0	194.0	195.0	196.0	197.0	198.0	199.0	200.0	201.0	202.0	203.0	204.0	205.0	206.0	207.0	208.0	209.0	210.0	211.0	212.0	213.0	214.0	215.0	216.0	217.0	218.0	219.0	220.0	221.0	222.0	223.0	224.0	225.0	226.0	227.0	228.0	229.0	230.0	231.0	232.0	233.0	234.0	235.0	236.0	237.0	238.0	239.0	240.0	241.0	242.0	243.0	244.0	245.0	246.0	247.0	248.0	249.0	250.0	251.0	252.0	253.0	254.0	255.0	256.0	257.0	258.0	259.0	260.0	261.0	262.0	263.0	264.0	265.0	266.0	267.0	268.0	269.0	270.0	271.0	272.0	273.0	274.0	275.0	276.0	277.0	278.0	279.0	280.0	281.0	282.0	283.0	284.0	285.0	286.0	287.0	288.0	289.0	290.0	291.0	292.0	293.0	294.0	295.0	296.0	297.0	298.0	298.0
4456.955300557202
