4640.278232100659	300.0	2000.0	134.2578019022609	0	0.0	4640.278232100659	1	0	1	-1.595357891304778
4748.475050244067	300.0	2880.9835000422518	0.0	0	0.0	4629.458550286318	1	0	2	-1.201469852348103
4852.653646859267	300.0	3766.387043765532	0.0	0	0.0	4619.040690624798	1	0	2	-0.9945923856881662
5200.0	500.0	4384.306055310726	0.0	0	212.81805977697968	4584.306055310725	1	0	2	-0.983723600811694
6200.0	500.0	4284.306055310726	0.0	0	864.5259367134167	4484.306055310725	1	0	2	-0.42375083059926827
7200.0	500.0	4184.306055310726	0.0	0	844.8867551042968	4384.306055310724	1	0	2	-0.3650579691155854
8200.0	500.0	4084.3060553107257	0.0	0	833.1360443070971	4284.306055310724	1	0	2	-0.31009537586729446
9200.0	1000.0	3984.306055310725	0.0	0	683.482099481218	4184.306055310724	1	0	2	-0.2587672819983214
10200.0	1000.0	3884.3060553107257	0.0	0	723.2225404414039	4084.306055310726	1	0	2	0.48219090136872234
11200.0	3000.0	3784.306055310727	0.0	0	13.12885497674506	3984.306055310727	1	0	2	0.5333565708571788
12212.929747786482	3000.0	3670.083332745597	0.0	0	0.0	3883.0130805320787	1	0	2	1.6724244296939605
13200.0	3000.0	3584.306055310726	0.0	0	110.67572870227377	3784.306055310726	1	0	2	1.708598878272736
14200.0	3000.0	3484.306055310729	0.0	0	317.6281889532984	3684.306055310728	1	0	2	1.7405050008832441
15249.887648261149	3000.0	3329.4296422234647	0.0	0	0.0	3579.3172904846124	1	0	2	1.7760603191238769
16200.0	3000.0	3284.3060553107293	0.0	0	249.18892925774526	3484.306055310728	1	0	2	1.8041139320297603
17200.0	3000.0	3184.3060553107252	0.0	0	182.0450412268292	3384.3060553107243	1	0	2	1.8312586214308353
18200.0	3000.0	3084.3060553107216	0.0	0	97.9624555050359	3284.3060553107207	1	0	2	1.8568013037285516
19206.502131817913	3000.0	2977.1537103110186	0.0	0	0.0	3183.65584212893	1	0	2	1.8807947673482999
20200.0	3000.0	2884.3060553107225	0.0	0	68.65350295043027	3084.306055310717	1	0	2	1.901368495994796
21647.876666210203	3000.0	2291.641722479501	0.0	0	0.0	2939.518388689703	1	0	2	1.92576379062166
22723.26002339034	3000.0	2108.7200295813495	0.0	0	0.0	2831.9800529716886	1	0	2	1.9466750543059153
23459.390780307112	2000.0	2298.976196972902	0.0	0	0.0	2758.366977280013	1	0	2	1.1486942404376561
24200.0	2000.0	2484.3060553107234	0.0	0	305.66296372545185	2684.306055310717	1	0	2	1.562477176558729
25200.0	2000.0	2384.3060553107202	0.0	0	345.9220119156889	2584.30605531071	1	0	2	1.574928787165382
26200.0	3000.0	2284.306055310719	0.0	0	190.16782782201335	2484.306055310706	1	0	2	1.587785996037065
27200.0	3000.0	2184.306055310725	0.0	0	394.60449685584535	2384.3060553107134	1	0	2	2.0036333937583537
28200.0	3000.0	2084.306055310725	0.0	0	356.7149483505091	2284.3060553107134	1	0	2	2.013944033729798
29200.0	3000.0	1984.3060553107262	0.0	0	246.60377273168706	2184.3060553107134	1	0	2	2.023222134899927
30200.0	3000.0	1884.3060553107225	0.0	0	352.99582240851305	2084.30605531071	1	0	2	2.0313784409539
31200.0	3000.0	1784.306055310723	0.0	0	335.295703521595	1984.3060553107098	1	0	2	2.038969458499909
32200.0	3000.0	1684.3060553107255	0.0	0	45.33286343032523	1884.3060553107134	1	0	2	2.0464892537388963
33200.0	3000.0	1584.3060553107284	0.0	0	148.36616816202877	1784.3060553107207	1	0	2	2.052394936643609
34200.0	3000.0	1484.3060553107357	0.0	0	276.4560086493657	1684.3060553107207	1	0	2	2.0578409597134795
35200.0	3000.0	1384.306055310735	0.0	0	130.03337656465737	1584.3060553107207	1	0	2	2.063142688059635
36200.0	3000.0	1384.3060553107453	0.0	0	361.09436737560463	1584.306055310728	1	0	1	2.0647082530996435
37222.58383648835	3000.0	1361.7222188223916	0.0	0	0.0	1584.306055310728	1	0	1	2.2647082530996436
38399.866384561334	3000.0	1184.4396707494109	0.0	0	0.0	1584.306055310728	1	0	1	2.2647082530996436
39200.0	3000.0	1384.3060553107528	0.0	0	42.63462871222873	1584.306055310728	1	0	1	2.2647082530996436
40468.24961424564	3000.0	1116.05644106512	0.0	0	0.0	1584.306055310728	1	0	1	2.2647082530996436
41572.67756283211	3000.0	1011.6284924786423	0.0	0	0.0	1584.306055310728	1	0	1	2.2647082530996436
42256.7165155424	3000.0	1327.5895397683516	0.0	0	0.0	1584.3060553107207	1	0	1	2.2647082530996436
43200.0	3000.0	1384.3060553107555	0.0	0	239.82313730000897	1584.3060553107134	1	0	1	2.264708253099644
44200.0	3000.0	1384.306055310757	0.0	0	29.462974925474555	1584.3060553107134	1	0	1	2.264708253099644
45200.0	3000.0	1384.306055310761	0.0	0	236.04809173141985	1584.3060553107207	1	0	1	2.2647082530996436
46200.0	3000.0	1384.306055310758	0.0	0	10.86958883141051	1584.3060553107207	1	0	1	2.2647082530996436
47200.0	3000.0	1384.3060553107578	0.0	0	181.65860804497788	1584.3060553107207	1	0	1	2.2647082530996436
48200.0	3000.0	1384.3060553107573	0.0	0	47.237602348293876	1584.306055310728	1	0	1	2.2647082530996436
49200.0	3000.0	1384.3060553107598	0.0	0	246.9007554121781	1584.3060553107207	1	0	1	2.2647082530996436
50561.28432551045	3000.0	1023.0217298003109	0.0	0	0.0	1584.306055310728	1	0	1	2.2647082530996436
51339.53012339281	3000.0	1244.7759319179524	0.0	0	0.0	1584.306055310728	1	0	1	2.2647082530996436
52200.0	3000.0	1384.306055310764	0.0	0	36.52177525037405	1584.306055310728	1	0	1	2.2647082530996436
53200.0	3000.0	1384.3060553107575	0.0	0	132.07368223404046	1584.306055310728	1	0	1	2.2647082530996436
54200.0	3000.0	1384.3060553107523	0.0	0	288.8865481768953	1584.306055310728	1	0	1	2.2647082530996436
55208.41944674069	3000.0	1375.8866085700533	0.0	0	0.0	1584.3060553107207	1	0	1	2.2647082530996436
56386.720824457116	3000.0	1197.5852308536382	0.0	0	0.0	1584.3060553107207	1	0	1	2.2647082530996436
57200.0	3000.0	1384.3060553107512	0.0	0	154.88473055505892	1584.3060553107207	1	0	1	2.2647082530996436
58200.0	3000.0	1384.3060553107514	0.0	0	353.13291528831905	1584.306055310728	1	0	1	2.2647082530996436
59246.23726033953	3000.0	1338.068794971222	0.0	0	0.0	1584.306055310728	1	0	1	2.2647082530996436
60200.0	3000.0	1384.3060553107612	0.0	0	233.46498460202565	1584.306055310728	1	0	1	2.2647082530996436
61200.0	3000.0	1384.3060553107564	0.0	0	202.84177023733355	1584.3060553107207	1	0	1	2.2647082530996436
62200.0	3000.0	1384.3060553107532	0.0	0	287.94388419071765	1584.3060553107207	1	0	1	2.2647082530996436
63200.0	3000.0	1384.3060553107568	0.0	0	435.96629215010034	1584.306055310728	1	0	1	2.2647082530996436
64200.0	3000.0	1384.3060553107632	0.0	0	199.68855383215123	1584.3060553107352	1	0	1	2.264708253099643
65779.78321383857	3000.0	804.5228414721935	0.0	0	0.0	1584.3060553107425	1	0	1	2.264708253099643
66749.27536300817	3000.0	835.0306923025884	0.0	0	0.0	1584.3060553107352	1	0	1	2.264708253099643
67633.20983601961	3000.0	951.0962192911528	0.0	0	0.0	1584.3060553107352	1	0	1	2.264708253099643
68302.96081060743	3000.0	1281.3452447033353	0.0	0	0.0	1584.3060553107352	1	0	1	2.264708253099643
69200.0	3000.0	1384.3060553107744	0.0	0	88.81951025636226	1584.3060553107352	1	0	1	2.264708253099643
70200.0	3000.0	1384.3060553107687	0.0	0	421.4814009661641	1584.3060553107352	1	0	1	2.264708253099643
71242.84599710115	3000.0	1341.4600582096064	0.0	0	0.0	1584.3060553107352	1	0	1	2.264708253099643
72476.80779332703	3000.0	1107.4982619837256	0.0	0	0.0	1584.3060553107207	1	0	1	2.2647082530996436
73341.38937679029	3000.0	1242.9166785204502	0.0	0	0.0	1584.3060553107207	1	0	1	2.2647082530996436
74513.50190791246	3000.0	1070.804147398274	0.0	0	0.0	1584.3060553107207	1	0	1	2.2647082530996436
75224.86427428368	3000.0	1359.441781027048	0.0	0	0.0	1584.3060553107207	1	0	1	2.2647082530996436
76200.0	3000.0	1384.306055310727	0.0	0	182.0886005422799	1584.3060553107207	1	0	1	2.2647082530996436
77200.0	3000.0	1384.3060553107234	0.0	0	197.01403889851645	1584.3060553107061	1	0	1	2.2647082530996445
78200.0	3000.0	1384.3060553107161	0.0	0	350.9953761242359	1584.3060553107061	1	0	1	2.2647082530996445
79200.0	3000.0	1384.3060553107125	0.0	0	508.2790632291144	1584.3060553107061	1	0	1	2.2647082530996445
80200.0	3000.0	1384.306055310712	0.0	0	388.0214350511669	1584.3060553107061	1	0	1	2.2647082530996445
81200.0	3000.0	1384.3060553107157	0.0	0	157.59923241262732	1584.3060553107061	1	0	1	2.2647082530996445
82200.0	3000.0	1384.3060553107011	0.0	0	260.4424673997855	1584.3060553107207	1	0	1	2.2647082530996436
83200.0	3000.0	1384.3060553107039	0.0	0	322.4881929656258	1584.3060553107207	1	0	1	2.2647082530996436
84200.0	3000.0	1384.306055310704	0.0	0	220.32994264499575	1584.3060553107207	1	0	1	2.2647082530996436
85595.47138764632	3000.0	988.834667664373	0.0	0	0.0	1584.3060553107061	1	0	1	2.2647082530996445
86802.43600725816	3000.0	781.8700480525337	0.0	0	0.0	1584.3060553107061	1	0	1	2.2647082530996445
87810.2374135954	3000.0	774.0686417152879	0.0	0	0.0	1584.3060553107207	1	0	1	2.2647082530996436
88693.1771386374	3000.0	891.1289166732863	0.0	0	0.0	1584.3060553107207	1	0	1	2.2647082530996436
89795.62453849	3000.0	788.681516820685	0.0	0	0.0	1584.3060553107352	1	0	1	2.264708253099643
90793.86212977188	3000.0	790.4439255387842	0.0	0	0.0	1584.3060553107352	1	0	1	2.264708253099643
92005.9703930249	3000.0	578.3356622857721	0.0	0	0.0	1584.3060553107352	1	0	1	2.264708253099643
92925.23993450604	3000.0	659.0661208046301	0.0	0	0.0	1584.3060553107498	1	0	1	2.2647082530996423
93840.91045918518	3000.0	743.395596125505	0.0	0	0.0	1584.3060553107643	1	0	1	2.264708253099642
94341.67668378739	3000.0	1242.6293715232923	0.0	0	0.0	1584.3060553107643	1	0	1	2.264708253099642
95200.0	3000.0	1384.3060553106882	0.0	0	352.56402006007556	1584.3060553107643	1	0	1	2.264708253099642
96200.0	3000.0	1384.3060553106882	0.0	0	404.62003013562935	1584.3060553107643	1	0	1	2.264708253099642
97200.0	3000.0	1384.3060553106789	0.0	0	11.133637135251774	1584.3060553107643	1	0	1	2.264708253099642
98200.0	3000.0	1384.3060553106625	0.0	0	253.09840176919533	1584.3060553107498	1	0	1	2.2647082530996423
99200.0	3000.0	1384.3060553106613	0.0	0	96.1097261665127	1584.3060553107498	1	0	1	2.2647082530996423
100401.56564410418	3000.0	1182.7404112064928	0.0	0	0.0	1584.3060553107498	1	0	1	2.2647082530996423
101341.38055947289	3000.0	1242.9254958377828	0.0	0	0.0	1584.3060553107498	1	0	1	2.2647082530996423
102298.38724183495	3000.0	1285.9188134757128	0.0	0	0.0	1584.3060553107498	1	0	1	2.2647082530996423
103759.78184999093	3000.0	824.5242053197348	0.0	0	0.0	1584.3060553107498	1	0	1	2.2647082530996423
104462.33819146694	3000.0	1121.9678638437022	0.0	0	0.0	1584.3060553107352	1	0	1	2.264708253099643
105478.44545469734	3000.0	1105.8606006132902	0.0	0	0.0	1584.3060553107352	1	0	1	2.264708253099643
106667.89515103109	3000.0	916.4109042795544	0.0	0	0.0	1584.3060553107498	1	0	1	2.2647082530996423
108175.5538895057	3000.0	408.75216580493134	0.0	0	0.0	1584.3060553107498	1	0	1	2.2647082530996423
109418.7622658566	3000.0	368.8052005566751	203.26141110265917	0	0.0	1787.5674664133985	1	0	1	1.0345305023400853
110382.78007548173	3000.0	515.5971454770438	110.80975454550156	0	0.0	1898.3772209588933	1	0	1	1.5825110754579792
111079.63936825536	3000.0	818.737852703401	0.0	0	0.0	1898.3772209588933	1	0	1	2.247369602730988
111905.89407905801	3000.0	992.483141900772	0.0	0	0.0	1898.3772209588933	1	0	1	2.247369602730988
112632.71914943503	2000.0	1265.6580715237546	0.0	0	0.0	1898.3772209588933	1	0	1	1.436439386514659
113200.0	2000.0	1698.3772209587792	0.0	0	43.73810984000738	1898.3772209588933	1	0	1	1.8419044946228236
114200.0	2000.0	1698.37722095878	0.0	0	401.51828543274314	1898.3772209588933	1	0	1	1.8419044946228236
115200.0	3000.0	1698.3772209587726	0.0	0	141.8661431335786	1898.3772209588933	1	0	1	1.8419044946228238
116226.40784185268	3000.0	1671.969379106097	0.0	0	0.0	1898.3772209588933	1	0	1	2.247369602730988
117200.0	3000.0	1698.377220958776	0.0	0	136.07107573820394	1898.3772209588933	1	0	1	2.247369602730988
118201.43652209765	3000.0	1696.9406988611431	0.0	0	0.0	1898.3772209588933	1	0	1	2.247369602730988
119403.92373552344	3000.0	1494.45348543537	0.0	0	0.0	1898.3772209588933	1	0	1	2.247369602730988
120491.00946717564	3000.0	1407.3677537831604	0.0	0	0.0	1898.3772209588933	1	0	1	2.247369602730988
121315.76900778813	3000.0	1582.6082131706544	0.0	0	0.0	1898.3772209588933	1	0	1	2.247369602730988
122200.0	3000.0	1698.3772209587748	0.0	0	26.153195975814015	1898.3772209588933	1	0	1	2.247369602730988
123200.0	3000.0	1698.3772209587735	0.0	0	324.6886608542409	1898.3772209589079	1	0	1	2.2473696027309877
124267.37117676024	3000.0	1631.0060441985454	0.0	0	0.0	1898.3772209589079	1	0	1	2.2473696027309877
125480.10847258494	3000.0	1418.268748373826	0.0	0	0.0	1898.3772209589079	1	0	1	2.2473696027309877
126463.04014175871	3000.0	1435.3370792000642	0.0	0	0.0	1898.3772209589079	1	0	1	2.2473696027309877
127200.0	3000.0	1698.3772209587853	0.0	0	136.2758391937823	1898.3772209589079	1	0	1	2.2473696027309877
128200.0	3000.0	1698.3772209587917	0.0	0	333.72246819191787	1898.3772209589079	1	0	1	2.2473696027309877
129200.0	3000.0	1698.3772209587862	0.0	0	452.7181807637535	1898.3772209589079	1	0	1	2.2473696027309877
130278.19395290877	3000.0	1620.1832680500222	0.0	0	0.0	1898.3772209589079	1	0	1	2.2473696027309877
131200.0	3000.0	1698.3772209587905	0.0	0	218.64287197915837	1898.3772209589079	1	0	1	2.2473696027309877
132200.0	3000.0	1698.3772209587726	0.0	0	325.4327447990363	1898.3772209588933	1	0	1	2.247369602730988
133200.0	3000.0	1698.3772209587767	0.0	0	386.9752319653053	1898.3772209588788	1	0	1	2.2473696027309886
134200.0	3000.0	1698.3772209587537	0.0	0	371.3014579412411	1898.3772209588788	1	0	1	2.247369602730989
135200.0	3000.0	1698.3772209587892	0.0	0	296.8043923121586	1898.3772209589079	1	0	1	2.2473696027309877
136210.21438446117	3000.0	1688.1628364976586	0.0	0	0.0	1898.377220958937	1	0	1	2.2473696027309855
137242.35634067567	3000.0	1656.020880283156	0.0	0	0.0	1898.377220958937	1	0	1	2.2473696027309855
138306.72567501763	3000.0	1591.6515459412215	0.0	0	0.0	1898.377220958966	1	0	1	2.2473696027309837
139200.0	3000.0	1698.3772209588617	0.0	0	113.8202474534919	1898.377220958966	1	0	1	2.2473696027309837
140217.23954108014	3000.0	1681.1376798787308	0.0	0	0.0	1898.377220958966	1	0	1	2.2473696027309837
141200.0	3000.0	1698.377220958851	0.0	0	277.233093433606	1898.377220958966	1	0	1	2.2473696027309837
142200.0	3000.0	1698.3772209588637	0.0	0	121.19244268760667	1898.377220958966	1	0	1	2.2473696027309837
143242.5070830987	3000.0	1655.8701378601852	0.0	0	0.0	1898.377220958966	1	0	1	2.2473696027309837
144200.0	3000.0	1698.3772209589029	0.0	0	394.1677490820002	1898.377220958966	1	0	1	2.2473696027309837
145200.0	3000.0	1698.3772209588938	0.0	0	339.23715057832305	1898.377220958966	1	0	1	2.2473696027309837
146257.14811216915	3000.0	1641.229108789726	0.0	0	0.0	1898.377220958966	1	0	1	2.2473696027309837
147200.0	3000.0	1698.3772209588499	0.0	0	40.539356481458526	1898.377220958966	1	0	1	2.2473696027309837
148402.4124558792	3000.0	1495.9647650796292	0.0	0	0.0	1898.377220958966	1	0	1	2.2473696027309837
149448.87979582418	3000.0	1449.4974251346507	0.0	0	0.0	1898.377220958966	1	0	1	2.2473696027309837
150493.73867410363	3000.0	1404.6385468552082	0.0	0	0.0	1898.377220958966	1	0	1	2.2473696027309837
151594.4170525575	3000.0	1303.9601684013674	0.0	0	0.0	1898.377220958966	1	0	1	2.2473696027309837
152448.29062744978	3000.0	1450.086593509092	0.0	0	0.0	1898.3772209589952	1	0	1	2.2473696027309815
153395.16667442996	3000.0	1503.2105465289349	0.0	0	0.0	1898.3772209589952	1	0	1	2.2473696027309815
154200.0	3000.0	1698.377220958888	0.0	0	161.30649957308196	1898.3772209589952	1	0	1	2.2473696027309815
155272.66822470925	3000.0	1625.7089962496552	0.0	0	0.0	1898.3772209589952	1	0	1	2.2473696027309815
156200.0	3000.0	1698.377220958913	0.0	0	342.7907975639682	1898.3772209589952	1	0	1	2.2473696027309815
157200.0	3000.0	1698.3772209589258	0.0	0	286.2349295386812	1898.3772209589952	1	0	1	2.2473696027309815
158355.44409208844	3000.0	1542.9331288704939	0.0	0	0.0	1898.3772209589952	1	0	1	2.2473696027309815
159362.8324192141	3000.0	1535.5448017448487	0.0	0	0.0	1898.3772209589952	1	0	1	2.2473696027309815
160272.22502295827	3000.0	1626.152198000702	0.0	0	0.0	1898.3772209589952	1	0	1	2.2473696027309815
161294.73928448214	3000.0	1603.6379364768036	0.0	0	0.0	1898.3772209589952	1	0	1	2.2473696027309815
162200.0	3000.0	1698.3772209589679	0.0	0	124.71438218769617	1898.3772209589952	1	0	1	2.2473696027309815
163200.0	3000.0	1698.3772209589617	0.0	0	35.5603573070257	1898.377220958966	1	0	1	2.2473696027309837
164743.16531193507	3000.0	1155.2119090238928	0.0	0	0.0	1898.377220958966	1	0	1	2.2473696027309837
165755.78861010078	3000.0	1142.5886108581822	0.0	0	0.0	1898.377220958966	1	0	1	2.2473696027309837
166728.26820982763	3000.0	1170.1090111313342	0.0	0	0.0	1898.377220958966	1	0	1	2.2473696027309837
167401.75400465023	3000.0	1496.6232163087564	0.0	0	0.0	1898.3772209589952	1	0	1	2.2473696027309815
168452.44164624636	3000.0	1445.9355747126401	0.0	0	0.0	1898.3772209590243	1	0	1	2.2473696027309815
169522.37624973274	3000.0	1376.0009712262606	0.0	0	0.0	1898.3772209590243	1	0	1	2.24736960273098
171007.86052613537	3000.0	890.5166948236331	0.0	0	0.0	1898.3772209590243	1	0	1	2.24736960273098
172034.3068207459	3000.0	864.0704002131058	0.0	0	0.0	1898.3772209589952	1	0	1	2.2473696027309815
172793.2727600017	3000.0	1105.1044609572907	0.0	0	0.0	1898.3772209589952	1	0	1	2.2473696027309815
173686.63864073923	3000.0	1211.7385802197782	0.0	0	0.0	1898.3772209589952	1	0	1	2.2473696027309815
174519.14422032327	3000.0	1379.2330006357338	0.0	0	0.0	1898.3772209589952	1	0	1	2.2473696027309815
175365.7357703706	3000.0	1532.6414505883843	0.0	0	0.0	1898.3772209589952	1	0	1	2.2473696027309815
176200.0	3000.0	1698.3772209590306	0.0	0	44.94614486061619	1898.3772209590243	1	0	1	2.24736960273098
177200.9393928	3000.0	1697.4378281590589	0.0	0	0.0	1898.3772209590243	1	0	1	2.24736960273098
178200.0	3000.0	1698.3772209590516	0.0	0	87.72722949591116	1898.3772209590243	1	0	1	2.24736960273098
179200.0	3000.0	1698.377220959045	0.0	0	251.9929529640067	1898.3772209590243	1	0	1	2.24736960273098
180200.0	3000.0	1698.377220959012	0.0	0	305.53401179995853	1898.3772209590243	1	0	1	2.24736960273098
181200.0	3000.0	1698.3772209590236	0.0	0	300.9024202670262	1898.3772209590243	1	0	1	2.24736960273098
182200.0	3000.0	1698.3772209590297	0.0	0	333.0081814688165	1898.3772209589952	1	0	1	2.2473696027309815
183200.0	3000.0	1698.377220959033	0.0	0	154.9043714927975	1898.377220958966	1	0	1	2.2473696027309837
184200.0	3000.0	1698.37722095906	0.0	0	133.21011099949828	1898.3772209589952	1	0	1	2.2473696027309815
185200.0	3000.0	1698.3772209590882	0.0	0	461.3087985866878	1898.3772209589952	1	0	1	2.2473696027309815
186200.0	3000.0	1698.3772209590777	0.0	0	55.50594660517527	1898.3772209589952	1	0	1	2.2473696027309815
187356.4615457391	3000.0	1541.9156752199692	0.0	0	0.0	1898.3772209589952	1	0	1	2.2473696027309815
188200.0	3000.0	1698.3772209590777	0.0	0	128.02351430556155	1898.3772209589952	1	0	1	2.2473696027309815
189200.0	3000.0	1698.3772209591168	0.0	0	14.111863800062565	1898.3772209589952	1	0	1	2.2473696027309815
190200.0	3000.0	1698.377220959125	0.0	0	276.2104184052441	1898.3772209590243	1	0	1	2.24736960273098
191200.0	3000.0	1698.3772209591232	0.0	0	127.4353531562665	1898.3772209590243	1	0	1	2.24736960273098
192200.0	3000.0	1698.3772209590918	0.0	0	6.527808296785224	1898.3772209590243	1	0	1	2.24736960273098
193200.0	3000.0	1698.3772209591027	0.0	0	267.0011588743655	1898.3772209590243	1	0	1	2.24736960273098
194200.0	3000.0	1698.3772209591334	0.0	0	375.9692370436387	1898.3772209590243	1	0	1	2.24736960273098
195311.8052589461	3000.0	1586.5719620130342	0.0	0	0.0	1898.3772209589952	1	0	1	2.2473696027309815
196261.04192956086	3000.0	1637.3352913982665	0.0	0	0.0	1898.3772209589952	1	0	1	2.2473696027309815
197311.57959365487	3000.0	1586.7976273042582	0.0	0	0.0	1898.3772209590243	1	0	1	2.24736960273098
198352.00281424593	3000.0	1546.37440671321	0.0	0	0.0	1898.3772209590534	1	0	1	2.247369602730978
199748.03571634853	3000.0	1150.3415046106177	0.0	0	0.0	1898.3772209590825	1	0	1	2.247369602730977
200494.7645321793	3000.0	1403.6126887798475	0.0	0	0.0	1898.3772209590825	1	0	1	2.247369602730976
201200.0	3000.0	1698.3772209591423	0.0	0	15.722787763806991	1898.3772209590825	1	0	1	2.247369602730976
202265.7854191394	3000.0	1632.5918018197367	0.0	0	0.0	1898.3772209590825	1	0	1	2.247369602730976
203333.60568530415	3000.0	1564.7715356549584	0.0	0	0.0	1898.3772209590825	1	0	1	2.247369602730976
204459.3881775568	3000.0	1438.989043402329	0.0	0	0.0	1898.3772209591116	1	0	1	2.2473696027309744
205497.05376722343	3000.0	1401.3234537356664	0.0	0	0.0	1898.3772209590825	1	0	1	2.247369602730976
206234.25341386895	3000.0	1664.1238070901193	0.0	0	0.0	1898.3772209590534	1	0	1	2.247369602730978
207200.0	3000.0	1698.37722095909	0.0	0	297.5762931756908	1898.3772209590534	1	0	1	2.247369602730978
208200.0	3000.0	1698.3772209591114	0.0	0	225.29415369580965	1898.3772209590243	1	0	1	2.24736960273098
209200.0	3000.0	1698.3772209591539	0.0	0	79.42570587815135	1898.3772209590243	1	0	1	2.24736960273098
210200.0	3000.0	1698.3772209591743	0.0	0	101.94076836339082	1898.3772209590243	1	0	1	2.24736960273098
211200.0	3000.0	1698.3772209591673	0.0	0	387.27114142884966	1898.3772209589952	1	0	1	2.2473696027309815
212200.0	3000.0	1698.377220959165	0.0	0	366.96538910936215	1898.3772209589952	1	0	1	2.2473696027309815
213241.05953505248	3000.0	1657.3176859067137	0.0	0	0.0	1898.3772209589952	1	0	1	2.2473696027309815
214410.0119519012	3000.0	1488.365269058012	0.0	0	0.0	1898.3772209589952	1	0	1	2.2473696027309815
215322.91685550788	3000.0	1575.4603654513398	0.0	0	0.0	1898.3772209589952	1	0	1	2.2473696027309815
216317.7572399046	3000.0	1580.6199810546022	0.0	0	0.0	1898.377220958966	1	0	1	2.2473696027309837
217200.0	3000.0	1698.3772209591796	0.0	0	248.7238824167871	1898.377220958937	1	0	1	2.2473696027309855
218200.0	3000.0	1698.3772209591953	0.0	0	30.66590161714703	1898.377220958937	1	0	1	2.2473696027309855
219204.52095542595	3000.0	1693.8562655332157	0.0	0	0.0	1898.377220958966	1	0	1	2.2473696027309837
220200.0	3000.0	1698.3772209591425	0.0	0	159.8835349754081	1898.377220958966	1	0	1	2.2473696027309837
221200.0	3000.0	1698.3772209591755	0.0	0	141.20790099410806	1898.377220958937	1	0	1	2.2473696027309855
222200.0	3000.0	1698.3772209591884	0.0	0	344.4425335563428	1898.377220958966	1	0	1	2.2473696027309837
223237.02333173397	3000.0	1661.3538892252047	0.0	0	0.0	1898.377220958966	1	0	1	2.2473696027309837
224200.0	3000.0	1698.3772209591816	0.0	0	92.61060250244918	1898.3772209589952	1	0	1	2.2473696027309815
225223.29595765987	3000.0	1675.081263299302	0.0	0	0.0	1898.377220958966	1	0	1	2.2473696027309837
226200.0	3000.0	1698.3772209591627	0.0	0	383.6351051077654	1898.377220958966	1	0	1	2.2473696027309837
227200.0	3000.0	1698.3772209591637	0.0	0	143.69998367046355	1898.377220958966	1	0	1	2.2473696027309837
228200.0	3000.0	1698.377220959171	0.0	0	468.7370948897442	1898.377220958966	1	0	1	2.2473696027309837
229200.0	3000.0	1698.3772209591646	0.0	0	240.43343356609694	1898.377220958966	1	0	1	2.2473696027309837
230200.0	3000.0	1698.3772209591707	0.0	0	393.15655230433913	1898.377220958937	1	0	1	2.2473696027309855
231200.0	3000.0	1698.3772209591639	0.0	0	96.93828103831038	1898.377220958937	1	0	1	2.2473696027309855
232212.24324179481	3000.0	1686.133979164327	0.0	0	0.0	1898.377220958937	1	0	1	2.2473696027309855
233340.89749551026	3000.0	1557.4797254488776	0.0	0	0.0	1898.377220958937	1	0	1	2.2473696027309855
234670.0715706346	3000.0	1228.3056503245243	0.0	0	0.0	1898.377220958966	1	0	1	2.2473696027309837
235802.29409747	3000.0	1096.0831234891293	0.0	0	0.0	1898.3772209589952	1	0	1	2.2473696027309824
236697.8552815427	3000.0	1200.5219394164524	0.0	0	0.0	1898.3772209590534	1	0	1	2.2473696027309784
237515.63680544263	3000.0	1382.7404155164775	0.0	0	0.0	1898.3772209590243	1	0	1	2.2473696027309784
238962.01237582444	3000.0	936.3648451346778	0.0	0	0.0	1898.3772209590243	1	0	1	2.24736960273098
239914.30920065293	3000.0	984.0680203062002	0.0	0	0.0	1898.3772209589952	1	0	1	2.2473696027309815
241122.8093425182	3000.0	775.5678784409029	0.0	0	0.0	1898.377220958966	1	0	1	2.2473696027309837
241975.43070143095	3000.0	922.9465195281388	0.0	0	0.0	1898.3772209589952	1	0	1	2.2473696027309815
242767.87407825	3000.0	1130.5031427090644	0.0	0	0.0	1898.3772209589952	1	0	1	2.2473696027309815
243636.1239432322	3000.0	1262.253277726886	0.0	0	0.0	1898.3772209589952	1	0	1	2.2473696027309815
244452.35385947794	3000.0	1446.0233614811445	0.0	0	0.0	1898.377220958966	1	0	1	2.247369602730982
245226.72169014812	3000.0	1671.6555308109823	0.0	0	0.0	1898.377220958966	1	0	1	2.2473696027309837
246200.0	3000.0	1698.3772209590888	0.0	0	62.778055825358024	1898.3772209589952	1	0	1	2.2473696027309815
247200.0	3000.0	1698.3772209590932	0.0	0	383.4588231004309	1898.3772209590243	1	0	1	2.24736960273098
248200.0	3000.0	1698.3772209590932	0.0	0	240.9411873089266	1898.3772209590243	1	0	1	2.24736960273098
249223.23223120323	3000.0	1675.144989755837	0.0	0	0.0	1898.3772209590243	1	0	1	2.24736960273098
250200.0	3000.0	1698.377220959071	0.0	0	318.4283983875357	1898.3772209589952	1	0	1	2.2473696027309815
251200.0	3000.0	1698.3772209590802	0.0	0	327.1943706305756	1898.3772209589952	1	0	1	2.2473696027309815
252243.43145176044	3000.0	1654.9457691986609	0.0	0	0.0	1898.3772209590243	1	0	1	2.24736960273098
253249.72803871077	3000.0	1648.6491822483356	0.0	0	0.0	1898.3772209590243	1	0	1	2.24736960273098
254200.0	3000.0	1698.3772209591266	0.0	0	137.80857507989276	1898.3772209590534	1	0	1	2.247369602730978
255363.38628180404	3000.0	1534.990939155129	0.0	0	0.0	1898.3772209590825	1	0	1	2.247369602730976
257210.18180137427	3000.0	688.1954195848784	0.0	0	0.0	1898.3772209590825	1	0	1	2.247369602730976
258092.2580015551	2000.0	806.1192194040659	0.0	0	0.0	1898.3772209590825	1	0	1	1.4364393865146468
258755.87117153508	2000.0	1142.5060494240681	0.0	0	0.0	1898.3772209590825	1	0	1	1.8419044946228114
259517.29124616703	2000.0	1381.085974792111	0.0	0	0.0	1898.3772209590534	1	0	1	1.8419044946228122
260264.05347456294	2000.0	1634.3237463961848	0.0	0	0.0	1898.3772209590534	1	0	1	1.8419044946228134
261200.0	2000.0	1698.3772209591186	0.0	0	263.8679274597671	1898.3772209590243	1	0	1	1.8419044946228151
262200.0	2000.0	1698.377220959115	0.0	0	510.41881667866255	1898.3772209590243	1	0	1	1.8419044946228151
263200.0	3000.0	1698.3772209591211	0.0	0	360.58482993982034	1898.3772209589952	1	0	1	1.8419044946228171
264200.0	3000.0	1698.3772209590545	0.0	0	263.74847147852415	1898.377220958937	1	0	1	2.2473696027309846
265200.0	3000.0	1698.3772209590697	0.0	0	106.14294267934747	1898.377220958937	1	0	1	2.2473696027309855
266209.51423350105	3000.0	1688.8629874580465	0.0	0	0.0	1898.3772209589952	1	0	1	2.2473696027309815
267359.98202789266	3000.0	1538.3951930664327	0.0	0	0.0	1898.3772209590534	1	0	1	2.247369602730978
268419.41032939684	3000.0	1478.9668915623186	0.0	0	0.0	1898.3772209591698	1	0	1	2.2473696027309735
269439.2148586739	3000.0	1459.162362285271	0.0	0	0.0	1898.3772209591698	1	0	1	2.2473696027309704
270261.7770666487	3000.0	1636.6001543105558	0.0	0	0.0	1898.3772209591698	1	0	1	2.2473696027309704
271200.0	3000.0	1698.377220959252	0.0	0	6.003417978354264	1898.3772209591116	1	0	1	2.2473696027309744
272200.0	3000.0	1698.3772209593158	0.0	0	51.06759065168444	1898.3772209591116	1	0	1	2.2473696027309744
273200.0	3000.0	1698.3772209593646	0.0	0	81.90447787224548	1898.3772209591698	1	0	1	2.2473696027309704
274426.5476010643	3000.0	1471.829619895078	0.0	0	0.0	1898.3772209591698	1	0	1	2.2473696027309704
275229.2956664178	3000.0	1669.0815545415699	0.0	0	0.0	1898.3772209591116	1	0	1	2.2473696027309744
276200.0	3000.0	1698.3772209593737	0.0	0	7.056026426551398	1898.3772209591116	1	0	1	2.2473696027309744
277200.0	3000.0	1698.3772209593965	0.0	0	421.415722425445	1898.3772209591116	1	0	1	2.2473696027309744
278200.0	3000.0	1698.3772209594113	0.0	0	292.1217544681858	1898.3772209591698	1	0	1	2.2473696027309704
279412.6853204418	3000.0	1485.691900517616	0.0	0	0.0	1898.3772209591698	1	0	1	2.2473696027309704
280200.0	3000.0	1698.3772209593765	0.0	0	228.64569101622328	1898.3772209591698	1	0	1	2.2473696027309704
281252.3490740246	3000.0	1646.0281469348047	0.0	0	0.0	1898.377220959228	1	0	1	2.247369602730967
282200.0	3000.0	1698.3772209593772	0.0	0	321.4346283226041	1898.377220959228	1	0	1	2.247369602730967
283200.0	3000.0	1698.3772209593844	0.0	0	135.74883126886562	1898.3772209591698	1	0	1	2.2473696027309704
284200.0	3000.0	1698.3772209593715	0.0	0	337.1924893341493	1898.377220959228	1	0	1	2.247369602730967
285298.613043891	3000.0	1599.7641770683847	0.0	0	0.0	1898.377220959228	1	0	1	2.247369602730967
286200.0	3000.0	1698.37722095936	0.0	0	163.2236111362581	1898.377220959228	1	0	1	2.247369602730967
287566.92011861614	3000.0	1331.4571023431802	0.0	0	0.0	1898.377220959228	1	0	1	2.247369602730967
288676.5382254862	3000.0	1221.8389954731613	0.0	0	0.0	1898.377220959228	1	0	1	2.247369602730967
289721.6324899426	3000.0	1176.744731016739	0.0	0	0.0	1898.3772209591698	1	0	1	2.2473696027309686
290600.33403599233	3000.0	1298.0431849670138	0.0	0	0.0	1898.3772209591698	1	0	1	2.2473696027309704
291402.8762605375	3000.0	1495.500960421819	0.0	0	0.0	1898.3772209591698	1	0	1	2.2473696027309704
292501.9716924118	3000.0	1396.4055285474521	0.0	0	0.0	1898.3772209591116	1	0	1	2.2473696027309744
293262.0858363156	3000.0	1636.2913846437032	0.0	0	0.0	1898.3772209591116	1	0	1	2.2473696027309744
294200.0	3000.0	1698.3772209592805	0.0	0	103.89624160039239	1898.3772209591698	1	0	1	2.2473696027309704
295200.0	3000.0	1698.3772209592653	0.0	0	62.893930784543045	1898.3772209591116	1	0	1	2.2473696027309744
296200.0	3000.0	1698.3772209592273	0.0	0	236.1468907824601	1898.3772209590534	1	0	1	2.247369602730978
297208.4095683678	3000.0	1689.9676525914515	0.0	0	0.0	1898.3772209591116	1	0	1	2.2473696027309744
298222.56448797294	3000.0	1675.8127329863223	0.0	0	0.0	1898.3772209591116	1	0	1	2.2473696027309744
299503.67776948615	3000.0	1394.6994514731196	0.0	0	0.0	1898.3772209591698	1	0	1	2.2473696027309735
300589.06911744236	3000.0	1309.3081035168786	0.0	0	0.0	1898.3772209591698	1	0	1	2.2473696027309686
3.75	3.75	4.25	5.54	3.32	2.92	4.24	3.06	3.96	3.83	1.82	3.81	3.12	3.54	3.74	3.28	2.54	2.17	2.73	4.48	3.52	4.85	3.48	3.73	3.72	3.73	3.76	4.1	3.76	3.43	3.75	4.67	3.44	3.02	3.38	3.1	3.39	4.37	3.46	3.09	3.87	3.61	2.99	3.41	3.22	2.44	3.6	4.41	3.29	3.31	2.39	3.19	4.05	3.45	3.9	3.73	3.86	5.8	3.6	3.3	1.81	3.61	4.1	4.63	4.01	4.08	3.7	2.9	3.93	3.41	4.54	3.82	4.55	3.79	5.54	4.29	4.47	3.09	3.64	3.63	2.2	2.83	3.13	3.83	2.5	3.19	3.01	3.38	3.67	4.52	4.71	4.3	3.65	3.87	3.3	3.39	3.75	4.17	1.96	3.89	2.7	2.97	2.68	1.76	3.29	3.66	3.35	3.17	3.72	3.96	3.43	4.27	3.49	3.59	2.48	3.14	3.96	4.05	3.52	3.26	2.17	3.57	4.01	3.98	4.85	2.99	4.63	3.73	3.97	3.74	5.17	3.06	3.81	2.15	3.44	4.1	3.21	3.49	2.69	4.73	3.41	2.9	3.46	2.87	3.43	2.15	3.51	3.3	3.86	2.42	3.75	3.75	4.25	5.54	3.32	2.92	4.24	3.06	3.96	3.83	1.82	3.81	3.12	3.54	3.74	3.28	2.54	2.17	2.73	4.48	3.52	4.85	3.48	3.73	3.72	3.73	3.76	4.1	3.76	3.43	3.75	4.67	3.44	3.02	3.38	3.1	3.39	4.37	3.46	3.09	3.87	3.61	2.99	3.41	3.22	2.44	3.6	4.41	3.29	3.31	2.39	3.19	4.05	3.45	3.9	3.73	3.86	5.8	3.6	3.3	1.81	3.61	4.1	4.63	4.01	4.08	3.7	2.9	3.93	3.41	4.54	3.82	4.55	3.79	5.54	4.29	4.47	3.09	3.64	3.63	2.2	2.83	3.13	3.83	2.5	3.19	3.01	3.38	3.67	4.52	4.71	4.3	3.65	3.87	3.3	3.39	3.75	4.17	1.96	3.89	2.7	2.97	2.68	1.76	3.29	3.66	3.35	3.17	3.72	3.96	3.43	4.27	3.49	3.59	2.48	3.14	3.96	4.05	3.52	3.26	2.17	3.57	4.01	3.98	4.85	2.99	4.63	3.73	3.97	3.74	5.17	3.06	3.81	2.15	3.44	4.1	3.21	3.49	2.69	4.73	3.41	2.9	3.46	2.87	3.43	2.15	3.51	3.3	3.86	2.42
1.0	2.0	3.0	4.0	5.0	6.0	7.0	8.0	9.0	10.0	11.0	12.0	13.0	14.0	15.0	16.0	17.0	18.0	19.0	20.0	21.0	22.0	23.0	24.0	25.0	26.0	27.0	28.0	29.0	30.0	31.0	32.0	33.0	34.0	35.0	36.0	37.0	38.0	39.0	40.0	41.0	42.0	43.0	44.0	45.0	46.0	47.0	48.0	49.0	50.0	51.0	52.0	53.0	54.0	55.0	56.0	57.0	58.0	59.0	60.0	61.0	62.0	63.0	64.0	65.0	66.0	67.0	68.0	69.0	70.0	71.0	72.0	73.0	74.0	75.0	76.0	77.0	78.0	79.0	80.0	81.0	82.0	83.0	84.0	85.0	86.0	87.0	88.0	89.0	90.0	91.0	92.0	93.0	94.0	95.0	96.0	97.0	98.0	99.0	100.0	101.0	102.0	103.0	104.0	105.0	106.0	107.0	108.0	109.0	110.0	111.0	112.0	113.0	114.0	115.0	116.0	117.0	118.0	119.0	120.0	121.0	122.0	123.0	124.0	125.0	126.0	127.0	128.0	129.0	130.0	131.0	132.0	133.0	134.0	135.0	136.0	137.0	138.0	139.0	140.0	141.0	142.0	143.0	144.0	145.0	146.0	147.0	148.0	149.0	149.0	150.0	151.0	152.0	153.0	154.0	155.0	156.0	157.0	158.0	159.0	160.0	161.0	162.0	163.0	164.0	165.0	166.0	167.0	168.0	169.0	170.0	171.0	172.0	173.0	174.0	175.0	176.0	177.0	178.0	179.0	180.0	181.0	182.0	183.0	184.0	185.0	186.0	187.0	188.0	189.0	190.0	191.0	192.0	193.0	194.0	195.0	196.0	197.0	198.0	199.0	200.0	201.0	202.0	203.0	204.0	205.0	206.0	207.0	208.0	209.0	210.0	211.0	212.0	213.0	214.0	215.0	216.0	217.0	218.0	219.0	220.0	221.0	222.0	223.0	224.0	225.0	226.0	227.0	228.0	229.0	230.0	231.0	232.0	233.0	234.0	235.0	236.0	237.0	238.0	239.0	240.0	241.0	242.0	243.0	244.0	245.0	246.0	247.0	248.0	249.0	250.0	251.0	252.0	253.0	254.0	255.0	256.0	257.0	258.0	259.0	260.0	261.0	262.0	263.0	264.0	265.0	266.0	267.0	268.0	269.0	270.0	271.0	272.0	273.0	274.0	275.0	276.0	277.0	278.0	279.0	280.0	281.0	282.0	283.0	284.0	285.0	286.0	287.0	288.0	289.0	290.0	291.0	292.0	293.0	294.0	295.0	296.0	297.0	298.0	298.0
4389.077729083045
