3815.425818325027	300.0	2000.0	66.8923827373774	0	0.0	3815.425818325027	1	0	1	-0.7930447367563129
3872.718812780455	300.0	2936.9777060990286	0.0	0	0.0	3809.6965188794843	1	0	2	-0.7928427672998831
4200.0	300.0	3576.9684001575292	0.0	0	260.4302384419152	3776.9684001575297	1	0	2	-0.5882047908566448
5200.0	300.0	3476.96840015753	0.0	0	928.8284087832599	3676.96840015753	1	0	2	-0.5603712423876958
6200.0	500.0	3376.9684001575315	0.0	0	877.8303118561589	3576.968400157532	1	0	2	-0.5281155743031271
7200.0	500.0	3276.968400157532	0.0	0	916.5481383812357	3476.9684001575324	1	0	2	0.012394572504285314
8200.0	500.0	3176.968400157532	0.0	0	883.2769438773439	3376.9684001575315	1	0	2	0.03967232830222732
9200.0	1000.0	3076.9684001575324	0.0	0	866.4067694787263	3276.9684001575324	1	0	2	0.06470423940368211
10200.0	2000.0	2976.9684001575315	0.0	0	761.0066133721066	3176.9684001575333	1	0	2	0.780793615713818
11200.0	6000.0	2876.96840015753	0.0	0	358.3812390177827	3076.9684001575306	1	0	2	1.495311946262155
12200.0	3000.0	2776.9684001575315	0.0	0	293.8242062784375	2976.9684001575315	1	0	2	1.2271498068420659
13200.0	3000.0	2676.9684001575306	0.0	0	489.06886822267916	2876.9684001575333	1	0	2	1.93749390121273
14200.0	3000.0	2576.968400157533	0.0	0	690.7995109705225	2776.968400157535	1	0	2	1.9531821294546656
15200.0	3000.0	2476.9684001575315	0.0	0	635.4467057823149	2676.968400157535	1	0	2	1.9677921943757894
16200.0	3000.0	2376.968400157534	0.0	0	581.039520915725	2576.968400157535	1	0	2	1.9811783172628776
17200.0	3000.0	2276.9684001575315	0.0	0	554.7658614484535	2476.968400157535	1	0	2	1.9933547312706845
18200.0	3000.0	2176.96840015753	0.0	0	706.9254313462843	2376.968400157535	1	0	2	2.004276383795679
19200.0	3000.0	2076.968400157533	0.0	0	636.0096362379336	2276.968400157537	1	0	2	2.0143200423934458
20200.0	3000.0	1976.9684001575376	0.0	0	740.6580684667315	2176.9684001575406	1	0	2	2.0234527340229764
21200.0	3000.0	1876.9684001575365	0.0	0	702.4533013302571	2076.9684001575406	1	0	2	2.0317532847773463
22200.0	3000.0	1776.9684001575397	0.0	0	698.4456913932991	1976.9684001575406	1	0	2	2.039294379425998
23200.0	3000.0	1676.9684001575388	0.0	0	581.4473164384872	1876.9684001575333	1	0	2	2.0461515558383505
24200.0	3000.0	1576.9684001575422	0.0	0	665.1207323847593	1776.968400157537	1	0	2	2.052360362718697
25200.0	3000.0	1476.9684001575445	0.0	0	595.9032088225977	1676.9684001575333	1	0	2	2.0580031165728396
26200.0	3000.0	1376.968400157545	0.0	0	444.1927651338192	1576.968400157537	1	0	2	2.063201658174952
27200.0	3000.0	1276.968400157545	0.0	0	651.7678295070582	1476.968400157537	1	0	2	2.067766848348004
28200.0	3000.0	1176.9684001575463	0.0	0	628.912854920065	1376.968400157537	1	0	2	2.0719783386150623
29200.0	3000.0	1076.9684001575479	0.0	0	468.75888807641604	1276.968400157537	1	0	2	2.075854072316069
30200.0	3000.0	1076.9684001575476	0.0	0	619.4614258495167	1276.968400157537	1	0	1	2.0772360326567223
31200.0	6000.0	1076.968400157545	0.0	0	322.07198687898926	1276.968400157537	1	0	1	2.2772360326567225
32214.191349447283	6000.0	1062.7770507102632	0.0	0	0.0	1276.968400157537	1	0	1	2.9703832132166674
33200.0	6000.0	1076.968400157549	0.0	0	353.8807599732245	1276.9684001575406	1	0	1	2.9703832132166674
34200.0	6000.0	1076.9684001575574	0.0	0	239.37096661567193	1276.9684001575515	1	0	1	2.970383213216667
35200.0	6000.0	1076.9684001575542	0.0	0	458.04720802525844	1276.9684001575515	1	0	1	2.970383213216667
36200.0	6000.0	1076.9684001575536	0.0	0	438.12021839303634	1276.9684001575442	1	0	1	2.970383213216667
37200.0	6000.0	1076.9684001575465	0.0	0	178.74771696275275	1276.968400157537	1	0	1	2.9703832132166674
38200.0	6000.0	1076.9684001575463	0.0	0	271.63912491188967	1276.968400157537	1	0	1	2.9703832132166674
39200.0	6000.0	1076.9684001575404	0.0	0	231.47990233592282	1276.968400157537	1	0	1	2.9703832132166674
40200.0	6000.0	1076.9684001575392	0.0	0	246.8913027702074	1276.9684001575442	1	0	1	2.970383213216667
41200.0	6000.0	1076.9684001575351	0.0	0	300.21316717745503	1276.9684001575442	1	0	1	2.970383213216667
42200.0	6000.0	1076.9684001575404	0.0	0	417.91201837331755	1276.9684001575442	1	0	1	2.970383213216667
43200.0	6000.0	1076.9684001575417	0.0	0	76.14473906499188	1276.9684001575442	1	0	1	2.970383213216667
44200.0	6000.0	1076.9684001575442	0.0	0	252.4558532878509	1276.9684001575442	1	0	1	2.970383213216667
45200.0	6000.0	1076.968400157557	0.0	0	95.01223270195624	1276.9684001575442	1	0	1	2.970383213216667
46200.0	6000.0	1076.9684001575597	0.0	0	329.5839954636176	1276.9684001575442	1	0	1	2.970383213216667
47200.0	6000.0	1076.9684001575533	0.0	0	422.42619716942863	1276.968400157537	1	0	1	2.9703832132166674
48200.0	6000.0	1076.9684001575529	0.0	0	571.2073070048064	1276.968400157537	1	0	1	2.9703832132166674
49200.0	6000.0	1076.9684001575501	0.0	0	562.7845607119671	1276.9684001575297	1	0	1	2.9703832132166674
50200.0	6000.0	1076.9684001575479	0.0	0	347.7354742160096	1276.9684001575297	1	0	1	2.9703832132166674
51200.0	6000.0	1076.9684001575415	0.0	0	184.29181894217618	1276.9684001575297	1	0	1	2.9703832132166674
52200.0	6000.0	1076.9684001575356	0.0	0	330.42538030678406	1276.9684001575297	1	0	1	2.9703832132166674
53200.0	6000.0	1076.9684001575333	0.0	0	412.1533580841424	1276.9684001575297	1	0	1	2.9703832132166674
54200.0	6000.0	1076.9684001575388	0.0	0	287.78620551717904	1276.968400157537	1	0	1	2.9703832132166674
55200.0	6000.0	1076.9684001575338	0.0	0	380.4137893341176	1276.9684001575297	1	0	1	2.9703832132166674
56200.0	6000.0	1076.9684001575276	0.0	0	372.26457460712845	1276.9684001575297	1	0	1	2.9703832132166674
57200.0	6000.0	1076.9684001575308	0.0	0	332.90896368349786	1276.9684001575297	1	0	1	2.9703832132166674
58200.0	6000.0	1076.9684001575365	0.0	0	104.02657714521774	1276.968400157537	1	0	1	2.9703832132166674
59200.0	6000.0	1076.9684001575297	0.0	0	319.3093027811192	1276.968400157537	1	0	1	2.9703832132166674
60409.07968782925	6000.0	867.8887123282861	0.0	0	0.0	1276.9684001575442	1	0	1	2.970383213216667
61200.0	6000.0	1076.968400157541	0.0	0	163.16051163169323	1276.968400157537	1	0	1	2.9703832132166674
62200.0	6000.0	1076.968400157542	0.0	0	251.25170033617178	1276.968400157537	1	0	1	2.9703832132166674
63200.0	6000.0	1076.9684001575447	0.0	0	72.84609556753276	1276.9684001575297	1	0	1	2.9703832132166674
64200.0	6000.0	1076.9684001575429	0.0	0	358.04213543624064	1276.9684001575297	1	0	1	2.9703832132166674
65200.0	6000.0	1076.9684001575438	0.0	0	76.44759446942044	1276.968400157537	1	0	1	2.9703832132166674
66200.0	6000.0	1076.9684001575542	0.0	0	219.2313871285296	1276.9684001575442	1	0	1	2.9703832132166674
67200.0	6000.0	1076.9684001575406	0.0	0	478.9022715418396	1276.968400157537	1	0	1	2.9703832132166674
68200.0	6000.0	1076.9684001575329	0.0	0	458.3279150379676	1276.968400157537	1	0	1	2.9703832132166674
69200.0	6000.0	1076.9684001575317	0.0	0	539.935342316574	1276.968400157537	1	0	1	2.9703832132166674
70200.0	6000.0	1076.9684001575288	0.0	0	232.66746428936312	1276.968400157537	1	0	1	2.9703832132166674
71200.0	6000.0	1076.9684001575326	0.0	0	409.43735685753927	1276.968400157537	1	0	1	2.9703832132166674
72200.0	6000.0	1076.968400157524	0.0	0	275.19081894164265	1276.968400157537	1	0	1	2.9703832132166674
73200.0	6000.0	1076.9684001575397	0.0	0	535.0759790874145	1276.9684001575515	1	0	1	2.970383213216667
74200.0	6000.0	1076.968400157554	0.0	0	289.1402674664714	1276.9684001575515	1	0	1	2.970383213216667
75200.0	6000.0	1076.9684001575704	0.0	0	236.42250369722024	1276.968400157566	1	0	1	2.9703832132166665
76200.0	6000.0	1076.9684001575702	0.0	0	375.50378479322535	1276.968400157566	1	0	1	2.9703832132166665
77200.0	6000.0	1076.9684001575665	0.0	0	286.5872133097728	1276.968400157566	1	0	1	2.9703832132166665
78200.0	6000.0	1076.968400157566	0.0	0	291.5150241604133	1276.968400157566	1	0	1	2.9703832132166665
79200.0	6000.0	1076.9684001575563	0.0	0	597.7218950275856	1276.968400157566	1	0	1	2.9703832132166665
80200.0	6000.0	1076.968400157545	0.0	0	448.57888558549166	1276.968400157566	1	0	1	2.9703832132166665
81200.0	6000.0	1076.9684001575529	0.0	0	361.9882026343694	1276.968400157566	1	0	1	2.9703832132166665
82200.0	6000.0	1076.9684001575674	0.0	0	116.61459161102539	1276.968400157566	1	0	1	2.9703832132166665
83200.0	6000.0	1076.968400157569	0.0	0	120.07684310829791	1276.9684001575515	1	0	1	2.970383213216667
84200.0	6000.0	1076.96840015756	0.0	0	174.0039914871304	1276.9684001575515	1	0	1	2.970383213216667
85200.0	6000.0	1076.9684001575383	0.0	0	172.96420348652464	1276.968400157537	1	0	1	2.9703832132166674
86200.0	6000.0	1076.9684001575308	0.0	0	517.60040871214	1276.968400157537	1	0	1	2.9703832132166674
87200.0	6000.0	1076.9684001575151	0.0	0	270.81544267486606	1276.968400157537	1	0	1	2.9703832132166674
88200.0	6000.0	1076.9684001574938	0.0	0	317.0981614411576	1276.9684001575224	1	0	1	2.970383213216668
89200.0	6000.0	1076.9684001575138	0.0	0	284.74211194102827	1276.9684001575224	1	0	1	2.970383213216668
90200.0	6000.0	1076.9684001575197	0.0	0	214.60698418950778	1276.9684001575224	1	0	1	2.970383213216668
91289.98769615668	6000.0	986.9807040008388	0.0	0	0.0	1276.9684001575224	1	0	1	2.970383213216668
92200.0	6000.0	1076.9684001575117	0.0	0	100.62148619876825	1276.9684001575224	1	0	1	2.970383213216668
93200.0	6000.0	1076.968400157492	0.0	0	149.20816436698078	1276.9684001575079	1	0	1	2.970383213216668
94200.0	6000.0	1076.9684001574806	0.0	0	256.1134389643994	1276.9684001575079	1	0	1	2.970383213216668
95200.0	6000.0	1076.9684001574676	0.0	0	275.2563345687813	1276.9684001574933	1	0	1	2.9703832132166683
96200.0	6000.0	1076.9684001574522	0.0	0	469.5930364682863	1276.9684001574788	1	0	1	2.970383213216669
97200.0	6000.0	1076.9684001574524	0.0	0	71.91452687050332	1276.9684001574788	1	0	1	2.970383213216669
98200.0	6000.0	1076.9684001574583	0.0	0	292.6741997366771	1276.9684001574642	1	0	1	2.9703832132166696
99200.0	6000.0	1076.9684001574485	0.0	0	449.08103253853915	1276.9684001574642	1	0	1	2.9703832132166696
100200.0	6000.0	1076.9684001574524	0.0	0	242.97364646526694	1276.9684001574642	1	0	1	2.9703832132166696
101200.0	6000.0	1076.968400157456	0.0	0	347.5956482507754	1276.9684001574788	1	0	1	2.970383213216669
102200.0	6000.0	1076.9684001574592	0.0	0	478.14865620352793	1276.9684001574933	1	0	1	2.9703832132166683
103200.0	6000.0	1076.9684001574478	0.0	0	343.0428483658907	1276.9684001574933	1	0	1	2.9703832132166683
104200.0	6000.0	1076.968400157435	0.0	0	285.09609891568834	1276.9684001574788	1	0	1	2.970383213216669
105200.0	6000.0	1076.9684001574335	0.0	0	163.16327159835782	1276.9684001574788	1	0	1	2.970383213216669
106200.0	6000.0	1076.968400157429	0.0	0	234.7039788770635	1276.9684001574788	1	0	1	2.970383213216669
107200.0	6000.0	1076.9684001574328	0.0	0	415.89597132579365	1276.9684001574788	1	0	1	2.970383213216669
108200.0	6000.0	1076.968400157426	0.0	0	28.077030591419316	1276.9684001574642	1	0	1	2.9703832132166696
109200.0	6000.0	1076.968400157441	0.0	0	56.741585853582365	1276.9684001574642	1	0	1	2.9703832132166696
110200.0	6000.0	1076.9684001574433	0.0	0	309.370947898773	1276.9684001574642	1	0	1	2.9703832132166696
111200.0	6000.0	1076.968400157447	0.0	0	267.4045097439521	1276.9684001574497	1	0	1	2.97038321321667
112200.0	6000.0	1076.9684001574315	0.0	0	299.65621615186683	1276.9684001574497	1	0	1	2.97038321321667
113200.0	6000.0	1076.9684001574205	0.0	0	528.8588282951823	1276.9684001574497	1	0	1	2.97038321321667
114200.0	6000.0	1076.9684001574378	0.0	0	307.8896772022563	1276.9684001574497	1	0	1	2.97038321321667
115200.0	6000.0	1076.9684001574612	0.0	0	271.4821235777199	1276.9684001574497	1	0	1	2.97038321321667
116249.74828238151	6000.0	1027.2201177759534	0.0	0	0.0	1276.9684001574642	1	0	1	2.9703832132166696
117200.0	6000.0	1076.9684001574678	0.0	0	51.30013943530503	1276.9684001574642	1	0	1	2.9703832132166696
118200.0	6000.0	1076.9684001574751	0.0	0	473.674790817342	1276.9684001574642	1	0	1	2.9703832132166696
119200.0	6000.0	1076.9684001574715	0.0	0	452.5340029874351	1276.9684001574497	1	0	1	2.97038321321667
120200.0	6000.0	1076.968400157471	0.0	0	342.9444428242132	1276.9684001574497	1	0	1	2.97038321321667
121200.0	6000.0	1076.9684001574678	0.0	0	222.3123809503595	1276.968400157435	1	0	1	2.970383213216671
122200.0	6000.0	1076.9684001574606	0.0	0	329.2042111764604	1276.9684001574205	1	0	1	2.9703832132166714
123200.0	6000.0	1076.9684001574524	0.0	0	132.30884550517658	1276.9684001574205	1	0	1	2.9703832132166714
124200.0	6000.0	1076.9684001574537	0.0	0	122.62181799318932	1276.9684001574205	1	0	1	2.9703832132166714
125200.0	6000.0	1076.968400157454	0.0	0	282.330941031978	1276.968400157406	1	0	1	2.970383213216672
126307.10642687918	6000.0	969.8619732782684	0.0	0	0.0	1276.968400157406	1	0	1	2.970383213216672
127200.0	6000.0	1076.9684001574565	0.0	0	96.16473933418456	1276.968400157406	1	0	1	2.970383213216672
128200.0	6000.0	1076.9684001574647	0.0	0	398.0080585597316	1276.968400157406	1	0	1	2.970383213216672
129200.0	6000.0	1076.9684001574753	0.0	0	107.39221067701874	1276.968400157406	1	0	1	2.970383213216672
130200.0	6000.0	1076.9684001574615	0.0	0	259.09623228679993	1276.9684001573914	1	0	1	2.9703832132166723
131200.0	6000.0	1076.96840015747	0.0	0	398.5041717155109	1276.9684001573914	1	0	1	2.9703832132166723
132200.0	6000.0	1076.96840015745	0.0	0	325.5918430230231	1276.968400157377	1	0	1	2.9703832132166728
133389.13158169098	6000.0	887.8368184664637	0.0	0	0.0	1276.968400157377	1	0	1	2.9703832132166728
134200.0	6000.0	1076.9684001574497	0.0	0	129.6937186117866	1276.968400157406	1	0	1	2.970383213216672
135200.0	6000.0	1076.968400157406	0.0	0	394.10804790831753	1276.968400157406	1	0	1	2.970383213216672
136200.0	6000.0	1076.9684001574014	0.0	0	497.29668460812536	1276.968400157406	1	0	1	2.970383213216672
137200.0	6000.0	1076.968400157437	0.0	0	483.89359758401406	1276.968400157406	1	0	1	2.970383213216672
138217.8157131267	6000.0	1059.1526870307293	0.0	0	0.0	1276.968400157406	1	0	1	2.970383213216672
139200.0	6000.0	1076.9684001574647	0.0	0	295.03076390447677	1276.968400157435	1	0	1	2.970383213216671
140200.0	6000.0	1076.968400157476	0.0	0	209.68994698664756	1276.968400157435	1	0	1	2.970383213216671
141200.0	6000.0	1076.9684001574608	0.0	0	378.78311807391583	1276.968400157435	1	0	1	2.970383213216671
142200.0	6000.0	1076.9684001574224	0.0	0	353.0989025058807	1276.968400157435	1	0	1	2.970383213216671
143200.0	6000.0	1076.968400157404	0.0	0	192.05241167958593	1276.968400157406	1	0	1	2.970383213216672
144200.0	6000.0	1076.968400157405	0.0	0	3.8685799174418207	1276.968400157406	1	0	1	2.970383213216672
145200.0	6000.0	1076.9684001573892	0.0	0	339.6818108789448	1276.968400157377	1	0	1	2.9703832132166728
146200.0	6000.0	1076.9684001573864	0.0	0	262.54874011606444	1276.968400157377	1	0	1	2.9703832132166728
147200.0	6000.0	1076.9684001573728	0.0	0	164.7768776374287	1276.968400157377	1	0	1	2.9703832132166728
148200.0	6000.0	1076.9684001573528	0.0	0	357.1197573961399	1276.9684001573478	1	0	1	2.970383213216674
149200.0	6000.0	1076.968400157351	0.0	0	352.4515354777104	1276.9684001573187	1	0	1	2.9703832132166745
150200.0	6000.0	1076.96840015735	0.0	0	450.99871293539763	1276.9684001573187	1	0	1	2.9703832132166745
151200.0	6000.0	1076.9684001573428	0.0	0	464.33737443576683	1276.9684001573187	1	0	1	2.9703832132166745
152200.0	6000.0	1076.9684001573664	0.0	0	286.31717934965855	1276.9684001573187	1	0	1	2.9703832132166745
153200.0	6000.0	1076.9684001573667	0.0	0	640.0616115066805	1276.9684001573187	1	0	1	2.9703832132166745
154200.0	6000.0	1076.9684001573783	0.0	0	328.44231416023104	1276.9684001573478	1	0	1	2.970383213216674
155200.0	6000.0	1076.9684001573992	0.0	0	294.9026907774678	1276.9684001573478	1	0	1	2.970383213216674
156200.0	6000.0	1076.968400157431	0.0	0	143.52456970518688	1276.968400157406	1	0	1	2.970383213216672
157466.85949633754	6000.0	810.108903819899	0.0	0	0.0	1276.968400157406	1	0	1	2.970383213216672
158200.0	6000.0	1076.9684001574146	0.0	0	119.21613247558707	1276.968400157377	1	0	1	2.9703832132166728
159200.0	6000.0	1076.9684001574205	0.0	0	449.0601256255177	1276.968400157377	1	0	1	2.9703832132166728
160200.0	6000.0	1076.968400157428	0.0	0	274.8938804945501	1276.968400157406	1	0	1	2.970383213216672
161608.4436940541	6000.0	668.5247061033706	0.0	0	0.0	1276.968400157406	1	0	1	2.970383213216672
162508.93816897218	6000.0	768.0302311852976	0.0	0	0.0	1276.968400157435	1	0	1	2.970383213216671
163200.0	6000.0	1076.9684001574835	0.0	0	63.74837929115165	1276.968400157406	1	0	1	2.970383213216672
164200.0	6000.0	1076.9684001574894	0.0	0	346.6812322830083	1276.968400157406	1	0	1	2.970383213216672
165200.0	6000.0	1076.9684001574587	0.0	0	395.911611820542	1276.968400157406	1	0	1	2.970383213216672
166200.0	6000.0	1076.9684001574478	0.0	0	466.5532085989835	1276.968400157406	1	0	1	2.970383213216672
167200.0	6000.0	1076.9684001574483	0.0	0	267.888480783673	1276.968400157406	1	0	1	2.970383213216672
168200.0	6000.0	1076.968400157497	0.0	0	537.9287565241684	1276.968400157406	1	0	1	2.970383213216672
169200.0	6000.0	1076.9684001575172	0.0	0	302.42288565510535	1276.968400157435	1	0	1	2.970383213216671
170200.0	6000.0	1076.9684001575051	0.0	0	400.7438007295714	1276.968400157406	1	0	1	2.970383213216672
171200.0	6000.0	1076.9684001575035	0.0	0	526.440356069681	1276.968400157435	1	0	1	2.970383213216671
172200.0	6000.0	1076.9684001575001	0.0	0	494.00088594987756	1276.968400157435	1	0	1	2.970383213216671
173200.0	6000.0	1076.9684001575167	0.0	0	414.14490956260124	1276.9684001574642	1	0	1	2.9703832132166696
174200.0	6000.0	1076.9684001575288	0.0	0	383.5387713414966	1276.9684001574642	1	0	1	2.9703832132166696
175227.30323619375	6000.0	1049.6651639637598	0.0	0	0.0	1276.9684001574642	1	0	1	2.9703832132166696
176200.0	6000.0	1076.9684001574863	0.0	0	98.95457186581916	1276.9684001574642	1	0	1	2.9703832132166696
177200.0	6000.0	1076.9684001574951	0.0	0	414.20872216048883	1276.9684001574642	1	0	1	2.9703832132166696
178200.0	6000.0	1076.9684001575315	0.0	0	298.8088827097381	1276.9684001574933	1	0	1	2.9703832132166683
179200.0	6000.0	1076.968400157542	0.0	0	466.3604964922706	1276.9684001574933	1	0	1	2.9703832132166683
180200.0	6000.0	1076.9684001575731	0.0	0	23.725915645249188	1276.9684001574933	1	0	1	2.9703832132166683
181200.0	6000.0	1076.968400157596	0.0	0	333.20436760858865	1276.9684001574933	1	0	1	2.9703832132166683
182200.0	6000.0	1076.9684001575483	0.0	0	324.65520726214163	1276.9684001574642	1	0	1	2.970383213216669
183200.0	6000.0	1076.9684001575088	0.0	0	320.73330675356556	1276.968400157435	1	0	1	2.970383213216671
184200.0	6000.0	1076.9684001574878	0.0	0	470.89988625681144	1276.968400157435	1	0	1	2.970383213216671
185200.0	6000.0	1076.9684001575365	0.0	0	349.2864123774052	1276.968400157435	1	0	1	2.970383213216671
186200.0	6000.0	1076.968400157511	0.0	0	237.2487089150818	1276.968400157435	1	0	1	2.970383213216671
187295.8896038211	6000.0	981.0787963364005	0.0	0	0.0	1276.968400157435	1	0	1	2.970383213216671
188401.69404440044	6000.0	875.2743557570559	0.0	0	0.0	1276.968400157435	1	0	1	2.970383213216671
189200.0	6000.0	1076.9684001575047	0.0	0	62.94089656556025	1276.968400157435	1	0	1	2.970383213216671
190200.0	6000.0	1076.9684001574683	0.0	0	110.46425074106082	1276.968400157435	1	0	1	2.970383213216671
191200.0	6000.0	1076.9684001574578	0.0	0	40.118952848628396	1276.968400157435	1	0	1	2.970383213216671
192200.0	6000.0	1076.9684001574678	0.0	0	180.53578728521825	1276.968400157435	1	0	1	2.970383213216671
193200.0	6000.0	1076.9684001574572	0.0	0	188.77613442204893	1276.968400157435	1	0	1	2.970383213216671
194200.0	6000.0	1076.968400157466	0.0	0	143.1366439674748	1276.9684001574642	1	0	1	2.97038321321667
195259.158658217	6000.0	1017.8097419404357	0.0	0	0.0	1276.9684001574642	1	0	1	2.9703832132166696
196200.0	6000.0	1076.9684001574724	0.0	0	236.84061853168532	1276.9684001574642	1	0	1	2.9703832132166696
197200.0	6000.0	1076.9684001574692	0.0	0	538.1583459604881	1276.9684001574642	1	0	1	2.9703832132166696
198200.0	6000.0	1076.9684001574433	0.0	0	553.7976556116191	1276.968400157435	1	0	1	2.970383213216671
199200.0	6000.0	1076.9684001574233	0.0	0	348.1223629672313	1276.9684001574642	1	0	1	2.9703832132166696
200200.0	6000.0	1076.9684001573992	0.0	0	46.8352666348801	1276.968400157435	1	0	1	2.970383213216671
201200.0	6000.0	1076.9684001574333	0.0	0	395.6715023738798	1276.968400157435	1	0	1	2.970383213216671
202200.0	6000.0	1076.9684001574362	0.0	0	251.81533686094917	1276.968400157435	1	0	1	2.970383213216671
203200.0	6000.0	1076.9684001574308	0.0	0	261.6787346650963	1276.9684001574642	1	0	1	2.9703832132166696
204200.0	6000.0	1076.9684001573855	0.0	0	446.31321734844823	1276.9684001574642	1	0	1	2.9703832132166696
205200.0	6000.0	1076.9684001573657	0.0	0	451.30396944488166	1276.968400157435	1	0	1	2.970383213216671
206200.0	6000.0	1076.9684001573646	0.0	0	405.47710081757396	1276.968400157435	1	0	1	2.970383213216671
207200.0	6000.0	1076.9684001574005	0.0	0	92.53300512320129	1276.968400157435	1	0	1	2.970383213216671
208200.0	6000.0	1076.9684001573767	0.0	0	5.693388778890949	1276.968400157406	1	0	1	2.9703832132166714
209200.0	6000.0	1076.968400157397	0.0	0	211.90473622799618	1276.968400157406	1	0	1	2.970383213216672
210200.0	6000.0	1076.9684001574064	0.0	0	324.58855120264343	1276.968400157435	1	0	1	2.970383213216671
211200.0	6000.0	1076.9684001574215	0.0	0	104.6946730237978	1276.968400157435	1	0	1	2.970383213216671
212200.0	6000.0	1076.9684001574174	0.0	0	241.3696309812949	1276.968400157435	1	0	1	2.970383213216671
213200.0	6000.0	1076.96840015742	0.0	0	392.40946300447104	1276.968400157435	1	0	1	2.970383213216671
214200.0	6000.0	1076.9684001574333	0.0	0	295.63649637659546	1276.968400157435	1	0	1	2.970383213216671
215200.0	6000.0	1076.9684001574224	0.0	0	280.9483329790237	1276.968400157435	1	0	1	2.970383213216671
216200.0	6000.0	1076.9684001574442	0.0	0	380.64884935950977	1276.968400157406	1	0	1	2.970383213216672
217200.0	6000.0	1076.9684001574333	0.0	0	360.0597645105154	1276.968400157406	1	0	1	2.970383213216672
218200.0	6000.0	1076.9684001574865	0.0	0	359.09274722464033	1276.968400157406	1	0	1	2.970383213216672
219200.0	6000.0	1076.9684001574788	0.0	0	151.77494517204468	1276.968400157377	1	0	1	2.9703832132166728
220200.0	6000.0	1076.9684001574683	0.0	0	480.25900386547437	1276.968400157377	1	0	1	2.9703832132166728
221200.0	6000.0	1076.9684001574678	0.0	0	462.553032228403	1276.968400157377	1	0	1	2.9703832132166728
222200.0	6000.0	1076.9684001574847	0.0	0	383.12570045134635	1276.968400157406	1	0	1	2.970383213216672
223200.0	6000.0	1076.9684001574542	0.0	0	384.35865965648554	1276.968400157406	1	0	1	2.970383213216672
224200.0	6000.0	1076.9684001574599	0.0	0	270.93978844897356	1276.968400157406	1	0	1	2.970383213216672
225200.0	6000.0	1076.9684001574674	0.0	0	220.29266956169158	1276.968400157406	1	0	1	2.970383213216672
226200.0	6000.0	1076.9684001574697	0.0	0	352.66203277601744	1276.968400157406	1	0	1	2.970383213216672
227200.0	6000.0	1076.968400157461	0.0	0	299.3536487944075	1276.968400157435	1	0	1	2.970383213216671
228200.0	6000.0	1076.9684001574578	0.0	0	484.6367429740203	1276.968400157435	1	0	1	2.970383213216671
229200.0	6000.0	1076.9684001574658	0.0	0	557.6448519266851	1276.968400157435	1	0	1	2.970383213216671
230200.0	6000.0	1076.9684001574592	0.0	0	298.070572088327	1276.968400157435	1	0	1	2.97038321321667
231200.0	6000.0	1076.9684001574462	0.0	0	221.8213761295192	1276.968400157435	1	0	1	2.970383213216671
232200.0	6000.0	1076.9684001574433	0.0	0	185.0813234700472	1276.968400157435	1	0	1	2.970383213216671
233200.0	6000.0	1076.9684001574306	0.0	0	296.6497566512844	1276.9684001574642	1	0	1	2.97038321321667
234200.0	6000.0	1076.968400157421	0.0	0	202.28657558577834	1276.9684001574642	1	0	1	2.9703832132166696
235200.0	6000.0	1076.968400157437	0.0	0	391.9099443969899	1276.9684001574642	1	0	1	2.9703832132166696
236200.0	6000.0	1076.9684001574242	0.0	0	254.15261298022233	1276.9684001574642	1	0	1	2.9703832132166696
237200.0	6000.0	1076.968400157437	0.0	0	438.1836482101353	1276.9684001574933	1	0	1	2.9703832132166683
238200.0	6000.0	1076.9684001574424	0.0	0	508.16900575582986	1276.9684001575224	1	0	1	2.970383213216668
239200.0	6000.0	1076.968400157412	0.0	0	377.6972863995761	1276.9684001575224	1	0	1	2.970383213216668
240200.0	6000.0	1076.9684001574274	0.0	0	33.63769607740687	1276.9684001575515	1	0	1	2.970383213216667
241352.82315279526	6000.0	924.1452473621869	0.0	0	0.0	1276.9684001575515	1	0	1	2.970383213216667
242258.0023234574	6000.0	1018.9660767000662	0.0	0	0.0	1276.9684001575806	1	0	1	2.9703832132166657
243200.0	6000.0	1076.9684001574967	0.0	0	123.71778687022743	1276.9684001575806	1	0	1	2.9703832132166657
244200.0	6000.0	1076.968400157495	0.0	0	435.38794581382535	1276.9684001575806	1	0	1	2.9703832132166657
245200.0	6000.0	1076.9684001574694	0.0	0	290.1577432510094	1276.9684001575806	1	0	1	2.9703832132166657
246200.0	6000.0	1076.9684001574756	0.0	0	217.6163582529989	1276.9684001575806	1	0	1	2.9703832132166657
247200.0	6000.0	1076.9684001575029	0.0	0	187.45414599595824	1276.9684001576097	1	0	1	2.9703832132166648
248200.0	6000.0	1076.968400157491	0.0	0	455.7890829104581	1276.9684001576097	1	0	1	2.9703832132166648
249200.0	6000.0	1076.9684001574974	0.0	0	50.50066720761242	1276.9684001575806	1	0	1	2.970383213216665
250200.0	6000.0	1076.9684001575288	0.0	0	170.16948136873543	1276.9684001575806	1	0	1	2.9703832132166657
251200.0	6000.0	1076.968400157541	0.0	0	283.9772065852012	1276.9684001575806	1	0	1	2.9703832132166657
252200.0	6000.0	1076.9684001575652	0.0	0	170.8340755670797	1276.9684001575806	1	0	1	2.9703832132166657
253200.0	6000.0	1076.9684001575588	0.0	0	218.2063633897924	1276.9684001575806	1	0	1	2.9703832132166657
254200.0	6000.0	1076.9684001575301	0.0	0	222.94422347127693	1276.9684001575515	1	0	1	2.970383213216667
255200.0	6000.0	1076.9684001575388	0.0	0	404.79457306084805	1276.9684001575515	1	0	1	2.970383213216667
256200.0	6000.0	1076.9684001575533	0.0	0	239.26144950432354	1276.9684001575515	1	0	1	2.970383213216667
257200.0	6000.0	1076.9684001575959	0.0	0	5.832334847160382	1276.9684001575515	1	0	1	2.970383213216667
258200.0	6000.0	1076.968400157618	0.0	0	150.9013441335992	1276.9684001575515	1	0	1	2.970383213216667
259355.93269199762	6000.0	921.0357081599905	0.0	0	0.0	1276.9684001575806	1	0	1	2.9703832132166657
260359.09626311267	6000.0	917.8721370449239	0.0	0	0.0	1276.9684001576097	1	0	1	2.9703832132166648
261200.0	6000.0	1076.9684001575952	0.0	0	243.86294465055107	1276.9684001576097	1	0	1	2.9703832132166648
262200.0	6000.0	1076.968400157588	0.0	0	495.7249848479987	1276.9684001576097	1	0	1	2.9703832132166648
263200.0	6000.0	1076.9684001575388	0.0	0	513.644786179415	1276.9684001575515	1	0	1	2.970383213216665
264200.0	6000.0	1076.9684001575413	0.0	0	310.7796221615281	1276.9684001575806	1	0	1	2.9703832132166657
265200.0	6000.0	1076.9684001576059	0.0	0	323.75074677198427	1276.9684001576388	1	0	1	2.9703832132166634
266200.0	6000.0	1076.9684001575993	0.0	0	241.93282163259573	1276.968400157697	1	0	1	2.970383213216663
267200.0	6000.0	1076.968400157591	0.0	0	480.99618069588905	1276.968400157697	1	0	1	2.970383213216662
268200.0	6000.0	1076.9684001576072	0.0	0	473.4227249126998	1276.968400157697	1	0	1	2.970383213216662
269200.0	6000.0	1076.9684001576493	0.0	0	292.0238959666458	1276.9684001577552	1	0	1	2.9703832132166594
270200.0	6000.0	1076.9684001577016	0.0	0	307.7382303526974	1276.9684001577552	1	0	1	2.9703832132166594
271200.0	6000.0	1076.9684001577184	0.0	0	375.9839324837667	1276.9684001577552	1	0	1	2.9703832132166594
272200.0	6000.0	1076.9684001577166	0.0	0	75.82582596299471	1276.9684001577552	1	0	1	2.9703832132166603
273200.0	6000.0	1076.9684001577189	0.0	0	365.39464876730926	1276.9684001577552	1	0	1	2.9703832132166594
274200.0	6000.0	1076.968400157708	0.0	0	228.91527966794092	1276.9684001577552	1	0	1	2.9703832132166594
275200.0	6000.0	1076.9684001577803	0.0	0	186.53429693554062	1276.9684001577552	1	0	1	2.9703832132166603
276200.0	6000.0	1076.968400157844	0.0	0	126.65364659356419	1276.9684001577552	1	0	1	2.9703832132166594
277200.0	6000.0	1076.9684001579437	0.0	0	27.937054748821538	1276.9684001578134	1	0	1	2.9703832132166577
278200.0	6000.0	1076.968400157919	0.0	0	170.58041888143634	1276.9684001578134	1	0	1	2.9703832132166577
279200.0	6000.0	1076.9684001579708	0.0	0	202.6147707281052	1276.9684001578134	1	0	1	2.9703832132166577
280200.0	6000.0	1076.9684001579687	0.0	0	523.8256065601599	1276.9684001578134	1	0	1	2.9703832132166577
281200.0	6000.0	1076.968400157889	0.0	0	330.69260766817024	1276.9684001577552	1	0	1	2.9703832132166594
282200.0	6000.0	1076.968400157895	0.0	0	288.03313644672744	1276.9684001578134	1	0	1	2.9703832132166577
283200.0	6000.0	1076.968400157894	0.0	0	220.16906024771743	1276.9684001577552	1	0	1	2.9703832132166594
284200.0	6000.0	1076.96840015788	0.0	0	336.1299461237504	1276.9684001578134	1	0	1	2.9703832132166577
285200.0	6000.0	1076.9684001578755	0.0	0	542.1938479048549	1276.9684001578717	1	0	1	2.970383213216656
286200.0	6000.0	1076.9684001578948	0.0	0	477.82400995265925	1276.9684001578717	1	0	1	2.970383213216656
287251.0794894396	6000.0	1025.8889107182918	0.0	0	0.0	1276.9684001578717	1	0	1	2.970383213216656
288200.0	6000.0	1076.9684001578385	0.0	0	106.51968435326125	1276.9684001578717	1	0	1	2.970383213216656
289200.0	6000.0	1076.9684001578903	0.0	0	263.1593381767743	1276.9684001578717	1	0	1	2.970383213216656
290200.0	6000.0	1076.968400157924	0.0	0	178.83717413968407	1276.9684001579299	1	0	1	2.970383213216654
291200.0	6000.0	1076.9684001579242	0.0	0	377.50213807693217	1276.9684001579299	1	0	1	2.9703832132166537
292200.0	6000.0	1076.9684001579228	0.0	0	174.23342603474157	1276.968400157988	1	0	1	2.9703832132166514
293200.0	6000.0	1076.9684001579303	0.0	0	246.20356142747914	1276.9684001580463	1	0	1	2.9703832132166506
294200.0	6000.0	1076.9684001579403	0.0	0	66.04075547424145	1276.9684001580463	1	0	1	2.9703832132166497
295200.0	6000.0	1076.9684001579699	0.0	0	361.19787752541015	1276.9684001580463	1	0	1	2.9703832132166497
296200.0	6000.0	1076.9684001579615	0.0	0	196.09978698473424	1276.9684001580463	1	0	1	2.9703832132166497
297200.0	6000.0	1076.9684001579622	0.0	0	16.312516042671632	1276.968400157988	1	0	1	2.9703832132166514
298200.0	6000.0	1076.9684001579617	0.0	0	265.6467125521158	1276.968400157988	1	0	1	2.9703832132166514
299200.0	6000.0	1076.968400157995	0.0	0	611.7483533006744	1276.9684001580463	1	0	1	2.9703832132166497
300200.0	6000.0	1076.9684001579565	0.0	0	575.3122740317485	1276.9684001580463	1	0	1	2.9703832132166497
11.1	6.79	7.53	6.65	6.58	10.0	9.67	6.13	4.83	8.19	10.2	8.44	9.26	10.5	11.5	11.5	10.3	12.6	10.3	8.77	8.56	5.87	7.63	8.76	6.66	10.3	8.4	8.06	6.86	9.46	13.8	11.8	8.26	9.37	6.05	6.04	8.94	8.0	8.0	8.75	9.31	7.07	7.76	11.8	13.7	10.7	8.53	8.9	11.0	10.2	9.93	13.6	10.1	6.29	9.88	4.76	7.84	10.4	8.8	9.19	7.61	8.71	12.3	9.9	12.0	10.6	8.99	9.81	9.88	9.72	9.31	8.45	11.5	11.4	12.2	13.9	8.79	9.14	7.91	9.64	8.17	10.3	11.0	8.21	10.7	11.8	6.42	7.04	7.18	8.26	10.5	10.1	9.26	6.64	11.7	9.71	7.07	9.86	9.0	10.1	7.38	9.33	10.4	5.4	8.19	8.44	5.73	8.47	12.7	10.0	11.5	6.93	8.43	8.41	13.4	12.5	8.44	10.5	9.6	7.22	8.2	6.74	6.38	8.02	7.87	7.96	13.4	12.5	11.0	4.33	11.3	10.9	9.23	9.03	5.62	9.67	7.01	10.2	5.15	8.55	7.3	9.1	9.64	9.64	6.97	12.3	15.1	9.24	14.8	9.51	11.1	6.79	7.53	6.65	6.58	10.0	9.67	6.13	4.83	8.19	10.2	8.44	9.26	10.5	11.5	11.5	10.3	12.6	10.3	8.77	8.56	5.87	7.63	8.76	6.66	10.3	8.4	8.06	6.86	9.46	13.8	11.8	8.26	9.37	6.05	6.04	8.94	8.0	8.0	8.75	9.31	7.07	7.76	11.8	13.7	10.7	8.53	8.9	11.0	10.2	9.93	13.6	10.1	6.29	9.88	4.76	7.84	10.4	8.8	9.19	7.61	8.71	12.3	9.9	12.0	10.6	8.99	9.81	9.88	9.72	9.31	8.45	11.5	11.4	12.2	13.9	8.79	9.14	7.91	9.64	8.17	10.3	11.0	8.21	10.7	11.8	6.42	7.04	7.18	8.26	10.5	10.1	9.26	6.64	11.7	9.71	7.07	9.86	9.0	10.1	7.38	9.33	10.4	5.4	8.19	8.44	5.73	8.47	12.7	10.0	11.5	6.93	8.43	8.41	13.4	12.5	8.44	10.5	9.6	7.22	8.2	6.74	6.38	8.02	7.87	7.96	13.4	12.5	11.0	4.33	11.3	10.9	9.23	9.03	5.62	9.67	7.01	10.2	5.15	8.55	7.3	9.1	9.64	9.64	6.97	12.3	15.1	9.24	14.8	9.51
1.0	2.0	3.0	4.0	5.0	6.0	7.0	8.0	9.0	10.0	11.0	12.0	13.0	14.0	15.0	16.0	17.0	18.0	19.0	20.0	21.0	22.0	23.0	24.0	25.0	26.0	27.0	28.0	29.0	30.0	31.0	32.0	33.0	34.0	35.0	36.0	37.0	38.0	39.0	40.0	41.0	42.0	43.0	44.0	45.0	46.0	47.0	48.0	49.0	50.0	51.0	52.0	53.0	54.0	55.0	56.0	57.0	58.0	59.0	60.0	61.0	62.0	63.0	64.0	65.0	66.0	67.0	68.0	69.0	70.0	71.0	72.0	73.0	74.0	75.0	76.0	77.0	78.0	79.0	80.0	81.0	82.0	83.0	84.0	85.0	86.0	87.0	88.0	89.0	90.0	91.0	92.0	93.0	94.0	95.0	96.0	97.0	98.0	99.0	100.0	101.0	102.0	103.0	104.0	105.0	106.0	107.0	108.0	109.0	110.0	111.0	112.0	113.0	114.0	115.0	116.0	117.0	118.0	119.0	120.0	121.0	122.0	123.0	124.0	125.0	126.0	127.0	128.0	129.0	130.0	131.0	132.0	133.0	134.0	135.0	136.0	137.0	138.0	139.0	140.0	141.0	142.0	143.0	144.0	145.0	146.0	147.0	148.0	149.0	149.0	150.0	151.0	152.0	153.0	154.0	155.0	156.0	157.0	158.0	159.0	160.0	161.0	162.0	163.0	164.0	165.0	166.0	167.0	168.0	169.0	170.0	171.0	172.0	173.0	174.0	175.0	176.0	177.0	178.0	179.0	180.0	181.0	182.0	183.0	184.0	185.0	186.0	187.0	188.0	189.0	190.0	191.0	192.0	193.0	194.0	195.0	196.0	197.0	198.0	199.0	200.0	201.0	202.0	203.0	204.0	205.0	206.0	207.0	208.0	209.0	210.0	211.0	212.0	213.0	214.0	215.0	216.0	217.0	218.0	219.0	220.0	221.0	222.0	223.0	224.0	225.0	226.0	227.0	228.0	229.0	230.0	231.0	232.0	233.0	234.0	235.0	236.0	237.0	238.0	239.0	240.0	241.0	242.0	243.0	244.0	245.0	246.0	247.0	248.0	249.0	250.0	251.0	252.0	253.0	254.0	255.0	256.0	257.0	258.0	259.0	260.0	261.0	262.0	263.0	264.0	265.0	266.0	267.0	268.0	269.0	270.0	271.0	272.0	273.0	274.0	275.0	276.0	277.0	278.0	279.0	280.0	281.0	282.0	283.0	284.0	285.0	286.0	287.0	288.0	289.0	290.0	291.0	292.0	293.0	294.0	295.0	296.0	297.0	298.0	298.0
3688.475880268622
