4177.656898520166	300.0	2000.0	106.05047467516474	0	0.0	4177.656898520166	1	0	1	-1.174978888269364
4289.580667042925	300.0	2876.883854624965	0.0	0	0.0	4166.46452166789	1	0	2	-0.9423944634526862
4416.260827309166	300.0	3737.5356783320995	0.0	0	0.0	4153.796505641266	1	0	2	-0.7366070023200162
5200.0	300.0	3875.4225883721815	0.0	0	641.846819724421	4075.4225883721806	1	0	2	-0.7167313334089374
6200.0	500.0	3775.4225883721815	0.0	0	829.1093784742716	3975.4225883721806	1	0	2	-0.6735653114897575
7200.0	500.0	3675.4225883721824	0.0	0	815.0585604016787	3875.4225883721815	1	0	2	-0.12182596585435859
8200.0	500.0	3575.4225883721806	0.0	0	826.7695901934594	3775.42258837218	1	0	2	-0.08397598776359252
9200.0	1000.0	3475.422588372181	0.0	0	680.6462584363126	3675.422588372181	1	0	2	-0.049026605788524635
10200.0	1000.0	3375.422588372182	0.0	0	692.4183198296068	3575.422588372181	1	0	2	0.6763352355997237
11200.0	3000.0	3275.4225883721806	0.0	0	122.84692464107866	3475.42258837218	1	0	2	0.7086831038428177
12200.0	3000.0	3175.4225883721792	0.0	0	491.1857839437762	3375.4225883721774	1	0	2	1.8320221496688835
13200.0	3000.0	3075.42258837218	0.0	0	321.4033140278807	3275.422588372181	1	0	2	1.8576864947563696
14200.0	3000.0	2975.4225883721806	0.0	0	268.3498741215044	3175.422588372183	1	0	2	1.8808655550982036
15200.0	3000.0	2875.4225883721806	0.0	0	83.39675205098865	3075.422588372183	1	0	2	1.9026386331642031
16200.0	3000.0	2775.422588372181	0.0	0	176.53749155610421	2975.422588372183	1	0	2	1.9208180405564323
17200.0	3000.0	2675.4225883721806	0.0	0	304.6907736215726	2875.422588372181	1	0	2	1.938298918469582
18200.0	3000.0	2575.422588372181	0.0	0	456.6579478134008	2775.4225883721774	1	0	2	1.9535632796866755
19200.0	3000.0	2475.422588372183	0.0	0	53.50019322290609	2675.422588372181	1	0	2	1.9699637865968793
20200.0	3000.0	2375.422588372184	0.0	0	244.26889053244668	2575.422588372181	1	0	2	1.9820183654760442
21200.0	3000.0	2275.422588372182	0.0	0	452.91023315390703	2475.4225883721847	1	0	2	1.9935109039067838
22347.328911433186	3000.0	2013.3607857956777	0.0	0	0.0	2360.689697228867	1	0	2	2.007168589742687
23510.57176703459	3000.0	1733.7936446341319	0.0	0	0.0	2244.365411668732	1	0	2	2.018364153624684
24513.790343848577	3000.0	1630.2532101387465	0.0	0	0.0	2144.0435539873324	1	0	2	2.027442049098057
25200.0	3000.0	1875.4225883721815	0.0	0	96.10907717307418	2075.4225883721883	1	0	2	2.033292536813123
26200.0	3000.0	1775.4225883721822	0.0	0	87.2882429368583	1975.4225883721847	1	0	2	2.0399713963814854
27200.0	3000.0	1675.42258837218	0.0	0	93.28553724969242	1875.4225883721847	1	0	2	2.0470130169495695
28200.0	3000.0	1575.4225883721801	0.0	0	454.75655887636094	1775.4225883721883	1	0	2	2.0525291459506887
29350.812073818543	3000.0	1309.5293071717808	0.0	0	0.0	1660.3413809903323	1	0	2	2.0592090225131088
30238.760055472554	3000.0	1332.7865273523698	0.0	0	0.0	1571.5465828249326	1	0	2	2.064237979548796
31200.0	3000.0	1275.422588372179	0.0	0	101.24282111296634	1475.4225883721883	1	0	2	2.068330751847758
32200.0	3000.0	1175.4225883721808	0.0	0	88.05229278580009	1375.4225883721883	1	0	2	2.0724450073774174
33200.0	3000.0	1075.4225883721751	0.0	0	152.4488917661729	1275.422588372181	1	0	2	2.0761540825367204
34200.0	3000.0	975.4225883721813	0.0	0	264.93430015166814	1175.4225883721883	1	0	2	2.079418892658803
35200.0	3000.0	875.4225883721849	0.0	0	101.43217638022907	1075.4225883721883	1	0	2	2.0827227189399284
36200.0	3000.0	775.4225883721774	0.0	0	360.74598921614233	975.4225883721738	1	0	2	2.0853445781228728
37202.83888337761	3000.0	672.2998166568017	0.0	0	179.81854888654925	875.1387000344112	1	0	2	2.0879570338671187
38304.461517492586	3000.0	460.5149191303276	0.0	0	0.0	764.9764366229065	1	0	2	2.0907106755359965
39354.69503222699	3000.0	376.57141366835947	64.83032795079481	0	0.0	731.2664458953441	1	0	2	1.70242191778624
40401.01638327714	3000.0	521.641516114955	269.11235327432354	0	0.0	922.6578993920921	1	0	2	0.4724673082785613
41461.2107012921	3000.0	461.44719809999754	0.0	0	0.0	922.6578993920994	1	0	1	2.0876843436896158
42502.531505629704	3000.0	496.1084682422316	75.98207447983881	0	0.0	998.6399738719338	1	0	1	1.8298478769139708
43542.91872913311	3000.0	455.72124473882207	0.0	0	0.0	998.6399738719265	1	0	1	2.2857403237930036
44203.87628925664	3000.0	794.7636846152965	0.0	0	0.0	998.6399738719265	1	0	1	2.2857403237930036
45200.0	3000.0	798.6399738719426	0.0	0	172.415379861799	998.6399738719265	1	0	1	2.2857403237930036
46200.0	3000.0	798.6399738719406	0.0	0	150.6462610271119	998.6399738719265	1	0	1	2.2857403237930036
47200.0	3000.0	798.639973871941	0.0	0	357.9012593266889	998.6399738719265	1	0	1	2.2857403237930036
48200.0	3000.0	798.6399738719352	0.0	0	133.18783415635698	998.6399738719265	1	0	1	2.2857403237930036
49200.0	3000.0	798.6399738719385	0.0	0	306.59653743998933	998.6399738719265	1	0	1	2.2857403237930036
50200.0	3000.0	798.6399738719427	0.0	0	81.53740461501002	998.6399738719192	1	0	1	2.285740323793004
51270.67370954823	3000.0	727.9662643237085	0.0	0	0.0	998.6399738719192	1	0	1	2.285740323793004
52355.85927993591	3000.0	642.7806939360339	0.0	0	0.0	998.6399738719192	1	0	1	2.285740323793004
53200.0	3000.0	798.639973871948	0.0	0	0.824360298414831	998.6399738719192	1	0	1	2.285740323793004
54200.0	3000.0	798.6399738719541	0.0	0	157.28157696686685	998.6399738719192	1	0	1	2.285740323793004
55200.0	3000.0	798.6399738719554	0.0	0	220.05833813997015	998.6399738719192	1	0	1	2.285740323793004
56200.0	3000.0	798.6399738719532	0.0	0	222.72301305102883	998.6399738719265	1	0	1	2.2857403237930036
57200.0	3000.0	798.6399738719518	0.0	0	189.4824829161007	998.6399738719265	1	0	1	2.2857403237930036
58200.0	3000.0	798.6399738719483	0.0	0	269.6561200772994	998.6399738719265	1	0	1	2.2857403237930036
59200.0	3000.0	798.6399738719512	0.0	0	30.03083958222851	998.6399738719265	1	0	1	2.2857403237930036
60200.0	3000.0	798.639973871952	0.0	0	320.3631415009222	998.6399738719338	1	0	1	2.2857403237930036
61200.0	3000.0	798.6399738719458	0.0	0	19.998519346205285	998.6399738719338	1	0	1	2.2857403237930036
62200.0	3000.0	798.639973871954	0.0	0	223.88782301466563	998.6399738719338	1	0	1	2.2857403237930036
63200.0	3000.0	798.6399738719573	0.0	0	353.2615220669686	998.6399738719338	1	0	1	2.2857403237930036
64200.0	3000.0	798.6399738719537	0.0	0	90.25638289153721	998.6399738719338	1	0	1	2.2857403237930036
65200.0	3000.0	798.6399738719515	0.0	0	57.501207674817124	998.6399738719338	1	0	1	2.2857403237930036
66200.0	3000.0	798.6399738719585	0.0	0	205.0014587592741	998.639973871941	1	0	1	2.2857403237930036
67200.0	3000.0	798.6399738719507	0.0	0	326.969864251907	998.6399738719338	1	0	1	2.2857403237930036
68433.71495813037	3000.0	564.9250157415918	0.0	0	0.0	998.6399738719338	1	0	1	2.2857403237930036
69210.92982088936	3000.0	787.71015298261	0.0	0	0.0	998.6399738719629	1	0	1	2.285740323793003
70200.0	3000.0	798.6399738719681	0.0	0	95.0123185103439	998.6399738719629	1	0	1	2.2857403237930027
71200.0	3000.0	798.6399738719726	0.0	0	207.7331659454212	998.6399738719629	1	0	1	2.2857403237930027
72345.60879034257	3000.0	653.0311835294084	0.0	0	0.0	998.6399738719629	1	0	1	2.2857403237930027
73416.0080383613	3000.0	582.6319355106789	0.0	0	0.0	998.6399738719629	1	0	1	2.2857403237930027
74382.43108717709	3000.0	616.2088866948804	0.0	0	0.0	998.6399738719629	1	0	1	2.2857403237930027
75562.0810958116	3000.0	436.55887806034707	0.0	0	0.0	998.6399738719629	1	0	1	2.2857403237930027
76510.00054458312	3000.0	526.9222306358931	38.282801347063796	0	0.0	1036.9227752190345	1	0	1	2.055007415115818
77389.38795824004	3000.0	647.5348169789729	0.0	0	0.0	1036.92277521902	1	0	1	2.284704223198201
78322.3190544313	3000.0	714.6037207877233	0.0	0	0.0	1036.9227752190345	1	0	1	2.284704223198201
79200.0	3000.0	836.9227752190152	0.0	0	315.1175294349523	1036.92277521902	1	0	1	2.284704223198201
80254.12031737501	3000.0	782.8024578440114	0.0	0	0.0	1036.9227752190054	1	0	1	2.2847042231982013
81200.0	3000.0	836.9227752190308	0.0	0	76.219118654466	1036.9227752190054	1	0	1	2.2847042231982013
82425.01064299334	3000.0	611.9121322256852	0.0	0	0.0	1036.9227752190054	1	0	1	2.2847042231982013
83448.87226386426	3000.0	617.0597501159256	29.009238761166856	0	0.0	1065.9320139801712	1	0	1	2.1098372065353397
84200.0	3000.0	865.9320139801883	0.0	0	61.07534655640484	1065.9320139801712	1	0	1	2.283892639102341
85200.0	3000.0	865.9320139801733	0.0	0	234.98194365865493	1065.9320139801712	1	0	1	2.283892639102341
86200.0	3000.0	865.932013980193	0.0	0	334.5234605230071	1065.9320139801712	1	0	1	2.283892639102341
87200.0	3000.0	865.9320139801987	0.0	0	268.1566277691454	1065.9320139801566	1	0	1	2.2838926391023415
88203.17189299656	3000.0	862.760120983637	0.0	0	0.0	1065.932013980142	1	0	1	2.283892639102342
89200.0	3000.0	865.9320139801944	0.0	0	83.07232332986314	1065.9320139801566	1	0	1	2.2838926391023415
90200.0	3000.0	865.9320139801937	0.0	0	303.57709790967056	1065.9320139801566	1	0	1	2.2838926391023415
91200.0	3000.0	865.9320139801912	0.0	0	169.24400409249938	1065.9320139801566	1	0	1	2.2838926391023415
92200.0	3000.0	865.9320139801893	0.0	0	175.2715945484524	1065.932013980142	1	0	1	2.283892639102342
93200.0	3000.0	865.9320139801835	0.0	0	134.75875172721862	1065.932013980142	1	0	1	2.283892639102342
94200.0	3000.0	865.932013980185	0.0	0	444.0290051753109	1065.932013980142	1	0	1	2.283892639102342
95200.0	3000.0	865.9320139801775	0.0	0	393.28669712113333	1065.932013980142	1	0	1	2.283892639102342
96201.3545313586	3000.0	864.577482621586	0.0	0	0.0	1065.9320139801566	1	0	1	2.2838926391023415
97294.17295194228	3000.0	771.7590620379175	0.0	0	0.0	1065.9320139801566	1	0	1	2.2838926391023415
98203.57411086895	3000.0	862.357903111256	0.0	0	0.0	1065.9320139801566	1	0	1	2.2838926391023415
99421.33021410237	3000.0	644.6017998778259	0.0	0	0.0	1065.9320139801566	1	0	1	2.2838926391023415
100200.0	3000.0	865.9320139801928	0.0	0	92.36801063308667	1065.9320139801566	1	0	1	2.2838926391023415
101200.0	3000.0	865.932013980205	0.0	0	334.4973736446409	1065.9320139801566	1	0	1	2.2838926391023415
102200.0	3000.0	865.9320139802078	0.0	0	117.7468608301715	1065.932013980142	1	0	1	2.283892639102342
103200.0	3000.0	865.9320139801832	0.0	0	198.2558615468588	1065.932013980142	1	0	1	2.283892639102342
104200.0	3000.0	865.9320139801822	0.0	0	178.91264343218063	1065.932013980142	1	0	1	2.283892639102342
105200.0	3000.0	865.932013980181	0.0	0	105.17210439314658	1065.932013980142	1	0	1	2.283892639102342
106200.0	3000.0	865.9320139801707	0.0	0	245.3851854627137	1065.932013980142	1	0	1	2.283892639102342
107200.0	3000.0	865.9320139801639	0.0	0	155.5169494379079	1065.932013980142	1	0	1	2.283892639102342
108200.0	3000.0	865.9320139801637	0.0	0	91.28398782190925	1065.932013980142	1	0	1	2.283892639102342
109200.0	3000.0	865.932013980167	0.0	0	69.56300408774405	1065.9320139801275	1	0	1	2.2838926391023424
110200.0	3000.0	865.9320139801644	0.0	0	232.40908136355574	1065.9320139801275	1	0	1	2.2838926391023424
111200.0	3000.0	865.9320139801526	0.0	0	542.353234828217	1065.9320139801275	1	0	1	2.2838926391023424
112200.0	3000.0	865.9320139801436	0.0	0	94.16766075513442	1065.9320139801275	1	0	1	2.2838926391023424
113200.0	3000.0	865.9320139801293	0.0	0	419.51421730163565	1065.9320139801275	1	0	1	2.2838926391023424
114200.0	3000.0	865.9320139801304	0.0	0	108.93229433466331	1065.9320139801275	1	0	1	2.2838926391023424
115359.96560269968	3000.0	705.9664112804462	0.0	0	0.0	1065.9320139801275	1	0	1	2.2838926391023424
116200.0	3000.0	865.9320139801298	0.0	0	31.387080826752936	1065.9320139801275	1	0	1	2.2838926391023424
117200.0	3000.0	865.9320139801215	0.0	0	492.963569297528	1065.9320139801275	1	0	1	2.2838926391023424
118200.0	3000.0	865.9320139801271	0.0	0	70.50339379814977	1065.932013980142	1	0	1	2.283892639102342
119238.85611335158	3000.0	827.0759006285406	0.0	0	0.0	1065.932013980142	1	0	1	2.283892639102342
120200.0	3000.0	865.9320139801296	0.0	0	87.78756243515818	1065.932013980142	1	0	1	2.283892639102342
121200.0	3000.0	865.9320139801248	0.0	0	321.3516484130523	1065.932013980142	1	0	1	2.283892639102342
122200.0	3000.0	865.9320139801255	0.0	0	126.30441096419236	1065.932013980142	1	0	1	2.283892639102342
123200.0	3000.0	865.9320139801218	0.0	0	433.1766985025024	1065.9320139801275	1	0	1	2.2838926391023424
124200.0	3000.0	865.932013980124	0.0	0	49.221149961915216	1065.9320139801275	1	0	1	2.2838926391023424
125200.0	3000.0	865.9320139801245	0.0	0	40.55950465195929	1065.9320139801275	1	0	1	2.2838926391023424
126200.0	3000.0	865.9320139801277	0.0	0	165.07502827428107	1065.9320139801275	1	0	1	2.2838926391023424
127710.0672687193	3000.0	355.8647452608283	0.0	0	0.0	1065.9320139801275	1	0	1	2.2838926391023424
128610.43633504161	3000.0	523.2985022223493	67.80282328384578	0	0.0	1133.734837263968	1	0	1	1.8750858097033065
129822.32991642405	3000.0	393.9587873588413	82.55386651893019	0	0.0	1216.288703782906	1	0	1	1.783970363981478
131189.7463733271	3000.0	239.32215888770477	212.7798284319406	0	0.0	1429.0685322148347	1	0	1	0.9948273138921724
132544.13358170883	3000.0	446.75308815462404	561.8181376486339	0	0.0	1990.886669863452	1	0	1	-1.1297370362111192
133818.62112165068	3000.0	261.5848850362938	89.31933682354742	0	0.0	2080.206006686989	1	0	1	1.6987235052345755
134850.53237731202	2000.0	467.8823252860238	238.2086959110645	0	0.0	2318.4147025980637	1	0	1	-0.025964463829950213
135513.29491661524	2000.0	805.1197859828073	0.0	0	0.0	2318.4147025980637	1	0	1	1.8087528197446014
136287.48456383534	2000.0	1030.9301387627197	0.0	0	0.0	2318.4147025980637	1	0	1	1.8087528197446014
136839.7138827065	2000.0	1478.7008198915698	0.0	0	0.0	2318.414702598093	1	0	1	1.8087528197445988
137571.573836816	2000.0	1746.8408657820498	0.0	0	0.0	2318.4147025980637	1	0	1	1.8087528197446014
138200.0	2000.0	2118.4147025980355	0.0	0	134.49388227824238	2318.4147025980637	1	0	1	1.8087528197446014
139303.67845163122	3000.0	2014.736250966778	0.0	0	0.0	2318.4147025980637	1	0	1	1.8087528197446017
140359.35647483222	3000.0	1959.0582277657772	0.0	0	0.0	2318.414702598093	1	0	1	2.2142179278527636
141200.0	3000.0	2118.41470259801	0.0	0	213.9982036597503	2318.414702598093	1	0	1	2.2142179278527636
142200.0	3000.0	2118.4147025980037	0.0	0	137.26078226222307	2318.414702598122	1	0	1	2.2142179278527605
143351.36344279654	3000.0	1967.0512598014775	0.0	0	0.0	2318.414702598122	1	0	1	2.2142179278527605
144200.0	3000.0	2118.4147025979955	0.0	0	48.690264690696495	2318.414702598122	1	0	1	2.2142179278527605
145302.1050395569	3000.0	2016.3096630410914	0.0	0	0.0	2318.414702598122	1	0	1	2.2142179278527605
146200.0	3000.0	2118.4147025979773	0.0	0	317.07639413006837	2318.414702598151	1	0	1	2.214217927852758
147200.0	3000.0	2118.414702597942	0.0	0	71.83594517156598	2318.414702598151	1	0	1	2.214217927852758
148200.0	3000.0	2118.4147025979437	0.0	0	249.31207932785037	2318.414702598151	1	0	1	2.214217927852758
149210.1662978538	3000.0	2108.2484047441685	0.0	0	0.0	2318.414702598151	1	0	1	2.214217927852758
150200.0	3000.0	2118.4147025979964	0.0	0	124.01829034788534	2318.41470259818	1	0	1	2.214217927852755
151200.0	3000.0	2118.4147025979823	0.0	0	125.53330910002114	2318.41470259818	1	0	1	2.214217927852755
152200.0	3000.0	2118.4147025979246	0.0	0	342.1937745588948	2318.41470259818	1	0	1	2.214217927852755
153200.0	3000.0	2118.414702597895	0.0	0	63.110793057101546	2318.41470259818	1	0	1	2.214217927852755
154200.0	3000.0	2118.4147025978864	0.0	0	209.7755852692644	2318.41470259818	1	0	1	2.214217927852755
155200.0	3000.0	2118.4147025978655	0.0	0	311.9450323014171	2318.41470259818	1	0	1	2.214217927852755
156265.80285705603	3000.0	2052.611845541832	0.0	0	0.0	2318.4147025982093	1	0	1	2.2142179278527525
157387.37411031543	3000.0	1931.04059228245	0.0	0	0.0	2318.4147025982384	1	0	1	2.21421792785275
158315.69953489432	3000.0	2002.715167703585	0.0	0	0.0	2318.4147025982675	1	0	1	2.2142179278527467
159280.93201483705	3000.0	2037.4826877608482	0.0	0	0.0	2318.4147025982675	1	0	1	2.2142179278527467
160200.0	3000.0	2118.4147025979137	0.0	0	19.741741148463916	2318.4147025982675	1	0	1	2.2142179278527467
161200.0	3000.0	2118.414702597921	0.0	0	178.3927511588845	2318.4147025982675	1	0	1	2.2142179278527467
162200.0	3000.0	2118.4147025979114	0.0	0	394.4473755780491	2318.4147025982384	1	0	1	2.21421792785275
163200.0	3000.0	2118.414702597889	0.0	0	86.23845740006072	2318.4147025982384	1	0	1	2.21421792785275
164200.0	3000.0	2118.4147025978928	0.0	0	164.96705684013432	2318.4147025982384	1	0	1	2.21421792785275
165238.58598709782	3000.0	2079.828715500102	0.0	0	0.0	2318.4147025982384	1	0	1	2.21421792785275
166226.01156649462	3000.0	2092.4031361033253	0.0	0	0.0	2318.4147025982675	1	0	1	2.2142179278527467
167200.0	3000.0	2118.41470259794	0.0	0	376.3742143221898	2318.4147025982675	1	0	1	2.2142179278527467
168200.0	3000.0	2118.4147025979405	0.0	0	106.04831537467544	2318.4147025982675	1	0	1	2.2142179278527467
169200.0	3000.0	2118.414702597939	0.0	0	248.81259938603034	2318.4147025982675	1	0	1	2.2142179278527467
170200.0	3000.0	2118.4147025979173	0.0	0	434.7442966582603	2318.4147025982675	1	0	1	2.2142179278527467
171374.53598198702	3000.0	1943.878720610885	0.0	0	0.0	2318.4147025982675	1	0	1	2.2142179278527467
172250.86110270832	3000.0	2067.5535998895994	0.0	0	0.0	2318.4147025982675	1	0	1	2.2142179278527467
173200.0	3000.0	2118.414702597907	0.0	0	171.4773993989511	2318.4147025982675	1	0	1	2.2142179278527467
174200.0	3000.0	2118.4147025979	0.0	0	347.4544779516	2318.4147025982675	1	0	1	2.2142179278527467
175200.0	3000.0	2118.4147025979	0.0	0	197.4617817433318	2318.4147025982675	1	0	1	2.2142179278527467
176255.04995361055	3000.0	2063.3647489873388	0.0	0	0.0	2318.4147025982384	1	0	1	2.2142179278527485
177200.0	3000.0	2118.4147025979114	0.0	0	46.384240453335224	2318.4147025982384	1	0	1	2.21421792785275
178283.30094864403	3000.0	2035.1137539538593	0.0	0	0.0	2318.4147025982384	1	0	1	2.21421792785275
179359.34318590484	3000.0	1959.0715166930245	0.0	0	0.0	2318.4147025982384	1	0	1	2.21421792785275
180230.7965068096	3000.0	2087.6181957882404	0.0	0	0.0	2318.4147025982093	1	0	1	2.2142179278527516
181200.0	3000.0	2118.4147025978114	0.0	0	325.4863513003511	2318.4147025982093	1	0	1	2.2142179278527525
182200.0	3000.0	2118.414702597798	0.0	0	470.26038616208825	2318.4147025982093	1	0	1	2.2142179278527525
183200.0	3000.0	2118.414702597808	0.0	0	376.7542502094584	2318.4147025982093	1	0	1	2.2142179278527525
184200.0	3000.0	2118.414702597828	0.0	0	230.84959988546325	2318.4147025982093	1	0	1	2.2142179278527525
185200.0	3000.0	2118.4147025978305	0.0	0	295.8164759344654	2318.4147025982093	1	0	1	2.2142179278527525
186200.0	3000.0	2118.4147025978314	0.0	0	219.63091029014322	2318.4147025982093	1	0	1	2.2142179278527525
187263.41910314056	3000.0	2054.995599457281	0.0	0	0.0	2318.4147025982384	1	0	1	2.21421792785275
188875.8695082819	3000.0	1442.5451943159655	0.0	0	0.0	2318.4147025982384	1	0	1	2.21421792785275
189616.27515297694	3000.0	1702.1395496209584	0.0	0	0.0	2318.4147025982384	1	0	1	2.21421792785275
190355.75036569664	3000.0	1962.6643369012666	0.0	0	0.0	2318.4147025982384	1	0	1	2.21421792785275
191216.9671083279	3000.0	2101.4475942700046	0.0	0	0.0	2318.4147025982384	1	0	1	2.21421792785275
192200.0	3000.0	2118.4147025978864	0.0	0	365.84354889940005	2318.4147025982384	1	0	1	2.21421792785275
193200.0	3000.0	2118.4147025978814	0.0	0	41.005250023299595	2318.4147025982675	1	0	1	2.2142179278527485
194200.0	3000.0	2118.4147025978764	0.0	0	87.20104909662041	2318.4147025982675	1	0	1	2.2142179278527467
195338.58571595693	3000.0	1979.8289866409714	0.0	0	0.0	2318.4147025982675	1	0	1	2.2142179278527467
196312.50154089843	3000.0	2005.9131616994828	0.0	0	0.0	2318.4147025982966	1	0	1	2.214217927852744
197200.0	3000.0	2118.4147025978987	0.0	0	93.34443374918192	2318.4147025982966	1	0	1	2.214217927852744
198200.0	3000.0	2118.414702597877	0.0	0	347.45767200473347	2318.4147025982966	1	0	1	2.214217927852744
199200.0	3000.0	2118.4147025978755	0.0	0	179.90732660275535	2318.4147025982966	1	0	1	2.214217927852744
200441.34232600193	3000.0	1877.0723765959242	0.0	0	0.0	2318.4147025982675	1	0	1	2.2142179278527454
201415.95643203126	3000.0	1902.4582705666046	0.0	0	0.0	2318.4147025982675	1	0	1	2.2142179278527467
202398.94199221427	3000.0	1919.4727103835983	0.0	0	0.0	2318.4147025982966	1	0	1	2.214217927852744
203200.0	3000.0	2118.4147025978505	0.0	0	158.86502089962596	2318.4147025982966	1	0	1	2.214217927852744
204200.0	3000.0	2118.414702597839	0.0	0	269.58408612097264	2318.4147025982966	1	0	1	2.214217927852744
205200.0	3000.0	2118.414702597817	0.0	0	75.90914355547284	2318.4147025982966	1	0	1	2.214217927852744
206200.0	3000.0	2118.4147025978127	0.0	0	347.51345923464396	2318.4147025982675	1	0	1	2.2142179278527467
207200.0	3000.0	2118.414702597813	0.0	0	150.2460463065072	2318.4147025982675	1	0	1	2.2142179278527467
208200.0	3000.0	2118.4147025978364	0.0	0	255.2933424175135	2318.4147025982966	1	0	1	2.214217927852744
209200.0	3000.0	2118.414702597789	0.0	0	126.5552206672437	2318.4147025982675	1	0	1	2.2142179278527467
210200.0	3000.0	2118.4147025977727	0.0	0	313.8345566911157	2318.4147025982675	1	0	1	2.2142179278527467
211200.0	3000.0	2118.4147025977754	0.0	0	336.4989813991997	2318.4147025982966	1	0	1	2.214217927852744
212221.1805844466	3000.0	2097.2341181511483	0.0	0	0.0	2318.4147025982675	1	0	1	2.214217927852745
213516.6777185051	3000.0	1801.7369840926447	0.0	0	0.0	2318.4147025982675	1	0	1	2.2142179278527467
214650.7506053922	3000.0	1667.66409720552	0.0	0	0.0	2318.4147025982675	1	0	1	2.2142179278527467
215537.72983886494	3000.0	1780.6848637328042	0.0	0	0.0	2318.4147025982675	1	0	1	2.2142179278527467
216319.06735857745	3000.0	1999.3473440202752	0.0	0	0.0	2318.4147025982675	1	0	1	2.2142179278527467
217207.05494194516	3000.0	2111.3597606525673	0.0	0	0.0	2318.4147025982675	1	0	1	2.2142179278527467
218332.45833040253	3000.0	1985.9563721952147	0.0	0	0.0	2318.4147025982675	1	0	1	2.2142179278527467
219203.83424956832	3000.0	2114.5804530294395	0.0	0	0.0	2318.4147025982966	1	0	1	2.214217927852746
220200.0	3000.0	2118.4147025977836	0.0	0	107.94360559192137	2318.4147025982966	1	0	1	2.214217927852744
221200.0	3000.0	2118.4147025977786	0.0	0	89.4273746542749	2318.4147025982966	1	0	1	2.214217927852744
222329.11904988845	3000.0	1989.295652709348	0.0	0	0.0	2318.4147025982966	1	0	1	2.214217927852744
223200.0	3000.0	2118.414702597804	0.0	0	63.44564957395778	2318.4147025982966	1	0	1	2.214217927852744
224200.0	3000.0	2118.4147025977845	0.0	0	117.32377712972811	2318.4147025983257	1	0	1	2.2142179278527414
225217.90751283895	3000.0	2100.507189758849	0.0	0	0.0	2318.4147025983257	1	0	1	2.2142179278527414
226200.0	3000.0	2118.414702597789	0.0	0	362.11145642690826	2318.4147025983257	1	0	1	2.2142179278527414
227200.0	3000.0	2118.4147025977986	0.0	0	179.77873203917989	2318.4147025983257	1	0	1	2.2142179278527414
228200.0	3000.0	2118.4147025978064	0.0	0	216.71941220064764	2318.4147025983257	1	0	1	2.2142179278527414
229204.86718344616	3000.0	2113.547519151644	0.0	0	0.0	2318.4147025982675	1	0	1	2.214217927852745
230475.90443119034	3000.0	1842.5102714074649	0.0	0	0.0	2318.4147025982966	1	0	1	2.214217927852744
232015.8035696895	3000.0	1302.6111329082703	0.0	0	0.0	2318.4147025982966	1	0	1	2.214217927852744
232617.95969861763	3000.0	1700.4550039801622	0.0	0	0.0	2318.4147025982675	1	0	1	2.2142179278527467
233584.46402202695	3000.0	1733.9506805708306	0.0	0	0.0	2318.4147025982675	1	0	1	2.2142179278527467
234430.28032606936	3000.0	1888.1343765284078	0.0	0	0.0	2318.4147025982384	1	0	1	2.21421792785275
235387.050528996	3000.0	1931.36417360177	0.0	0	0.0	2318.4147025982675	1	0	1	2.214217927852747
236373.8988107875	3000.0	1944.5158918102973	0.0	0	0.0	2318.4147025982966	1	0	1	2.2142179278527454
237200.0	3000.0	2118.414702597822	0.0	0	40.11242969313753	2318.4147025982675	1	0	1	2.2142179278527467
238200.0	3000.0	2118.414702597812	0.0	0	124.28648012288613	2318.4147025982675	1	0	1	2.2142179278527485
239200.0	3000.0	2118.4147025978077	0.0	0	388.52865121827926	2318.4147025982675	1	0	1	2.2142179278527467
240200.0	3000.0	2118.414702597815	0.0	0	143.97239192697452	2318.4147025982384	1	0	1	2.21421792785275
241300.03208800653	3000.0	2018.3826145913033	0.0	0	0.0	2318.4147025982675	1	0	1	2.2142179278527467
242384.18840816183	3000.0	1934.2262944360077	0.0	0	0.0	2318.4147025982675	1	0	1	2.2142179278527467
243200.0	3000.0	2118.414702597838	0.0	0	10.834165868087439	2318.4147025982675	1	0	1	2.2142179278527467
244200.0	3000.0	2118.414702597838	0.0	0	264.01364287603064	2318.4147025982384	1	0	1	2.21421792785275
245200.0	3000.0	2118.4147025978223	0.0	0	114.88094793455093	2318.4147025982384	1	0	1	2.21421792785275
246272.1707380336	3000.0	2046.2439645641982	0.0	0	0.0	2318.4147025982384	1	0	1	2.21421792785275
247757.19708178286	3000.0	1561.21762081495	0.0	0	0.0	2318.4147025982093	1	0	1	2.2142179278527525
248493.55840784972	3000.0	1824.8562947480768	0.0	0	0.0	2318.41470259818	1	0	1	2.214217927852755
249278.8864613495	3000.0	2039.5282412482602	0.0	0	0.0	2318.41470259818	1	0	1	2.214217927852755
250200.0	3000.0	2118.4147025977372	0.0	0	44.61854251855402	2318.414702598151	1	0	1	2.214217927852756
251200.0	3000.0	2118.4147025977463	0.0	0	267.2854898106598	2318.414702598151	1	0	1	2.214217927852758
252200.0	3000.0	2118.4147025977472	0.0	0	19.67002971484908	2318.414702598151	1	0	1	2.2142179278527596
253200.0	3000.0	2118.4147025977145	0.0	0	444.21366700105136	2318.414702598151	1	0	1	2.214217927852758
254200.0	3000.0	2118.414702597723	0.0	0	197.16623445629375	2318.41470259818	1	0	1	2.214217927852755
255200.0	3000.0	2118.414702597744	0.0	0	116.70685098454123	2318.41470259818	1	0	1	2.214217927852755
256200.0	3000.0	2118.414702597738	0.0	0	171.33281599113252	2318.41470259818	1	0	1	2.214217927852755
257286.74411249778	3000.0	2031.6705900999737	0.0	0	0.0	2318.41470259818	1	0	1	2.214217927852755
258200.0	3000.0	2118.4147025977672	0.0	0	151.04905439604772	2318.4147025982093	1	0	1	2.2142179278527525
259200.0	3000.0	2118.4147025977704	0.0	0	294.80750692798756	2318.4147025982093	1	0	1	2.2142179278527525
260200.0	3000.0	2118.414702597778	0.0	0	382.898818849324	2318.4147025982093	1	0	1	2.2142179278527525
261200.0	3000.0	2118.414702597826	0.0	0	178.9400848072837	2318.4147025982093	1	0	1	2.2142179278527525
262200.0	3000.0	2118.4147025977913	0.0	0	173.83071197595564	2318.41470259818	1	0	1	2.214217927852755
263200.0	3000.0	2118.4147025978564	0.0	0	320.5583627653541	2318.4147025982675	1	0	1	2.214217927852751
264200.0	3000.0	2118.414702597848	0.0	0	168.70552275137743	2318.4147025982675	1	0	1	2.2142179278527476
265200.0	3000.0	2118.414702597864	0.0	0	219.78393903712276	2318.4147025982966	1	0	1	2.214217927852744
266200.0	3000.0	2118.4147025978646	0.0	0	211.570092955546	2318.4147025982384	1	0	1	2.21421792785275
267227.67109244305	3000.0	2090.7436101548365	0.0	0	0.0	2318.4147025982966	1	0	1	2.214217927852744
268415.9740316737	3000.0	1902.4406709241325	0.0	0	0.0	2318.4147025982384	1	0	1	2.2142179278527485
269200.0	3000.0	2118.414702597781	0.0	0	141.08297415229026	2318.4147025982966	1	0	1	2.214217927852744
270200.0	3000.0	2118.414702597825	0.0	0	96.74615271756193	2318.4147025982384	1	0	1	2.21421792785275
271200.0	3000.0	2118.414702597831	0.0	0	197.07056755298981	2318.4147025982384	1	0	1	2.21421792785275
272200.0	3000.0	2118.4147025979046	0.0	0	78.93684246164048	2318.4147025982384	1	0	1	2.21421792785275
273382.06827999034	3000.0	1936.3464226075107	0.0	0	0.0	2318.4147025982384	1	0	1	2.21421792785275
274676.58721401857	3000.0	1641.827488579339	0.0	0	0.0	2318.4147025982966	1	0	1	2.214217927852744
275911.3083630616	3000.0	1407.1063395362212	0.0	0	0.0	2318.4147025982384	1	0	1	2.21421792785275
276780.5247810654	3000.0	1537.889921532382	0.0	0	0.0	2318.41470259818	1	0	1	2.214217927852755
277899.98031079245	3000.0	1418.4343918054008	0.0	0	0.0	2318.4147025982384	1	0	1	2.21421792785275
279161.7709946472	3000.0	1156.6437079506431	0.0	0	0.0	2318.4147025982384	1	0	1	2.21421792785275
280364.19396531157	3000.0	954.2207372861801	0.0	0	0.0	2318.41470259818	1	0	1	2.214217927852755
281487.29509405233	3000.0	831.1196085453627	0.0	0	0.0	2318.414702598122	1	0	1	2.2142179278527605
282730.33370570745	3000.0	588.0809968902902	0.0	0	0.0	2318.414702598122	1	0	1	2.2142179278527605
283544.61262862396	2000.0	773.8020739738092	0.0	0	0.0	2318.4147025980637	1	0	1	1.4032877116364368
284355.2076210339	2000.0	963.2070815638455	0.0	0	0.0	2318.4147025980637	1	0	1	1.8087528197446014
285087.80798169103	2000.0	1230.6067209066825	0.0	0	0.0	2318.414702598122	1	0	1	1.808752819744596
285760.20794554567	2000.0	1558.2067570520953	0.0	0	0.0	2318.414702598122	1	0	1	1.808752819744596
286496.8740545883	2000.0	1821.540648009388	0.0	0	0.0	2318.414702598122	1	0	1	1.808752819744596
287200.0	2000.0	2118.414702597649	0.0	0	14.548207690182608	2318.4147025980637	1	0	1	1.8087528197446014
288200.0	2000.0	2118.414702597685	0.0	0	358.93052354850806	2318.4147025980637	1	0	1	1.8087528197446014
289200.0	3000.0	2118.4147025976226	0.0	0	81.11157880310202	2318.4147025980637	1	0	1	1.8087528197446017
290200.0	3000.0	2118.41470259764	0.0	0	214.54989028716227	2318.414702598122	1	0	1	2.2142179278527605
291232.4658831825	3000.0	2085.948819415208	0.0	0	0.0	2318.414702598122	1	0	1	2.2142179278527605
292200.0	3000.0	2118.414702597707	0.0	0	80.7694468421978	2318.41470259818	1	0	1	2.2142179278527587
293293.53245980747	3000.0	2024.8822427902487	0.0	0	0.0	2318.41470259818	1	0	1	2.214217927852755
294324.47633041	3000.0	1993.9383721877118	0.0	0	0.0	2318.41470259818	1	0	1	2.214217927852755
295200.0	3000.0	2118.4147025977677	0.0	0	150.85582565452205	2318.41470259818	1	0	1	2.214217927852755
296228.9667260409	3000.0	2089.447976556936	0.0	0	0.0	2318.4147025982384	1	0	1	2.21421792785275
297248.0561774473	3000.0	2070.3585251505256	0.0	0	0.0	2318.4147025982384	1	0	1	2.21421792785275
298424.20197627676	3000.0	1894.2127263210937	0.0	0	0.0	2318.41470259818	1	0	1	2.214217927852755
299375.6360717847	3000.0	1942.7786308131251	0.0	0	0.0	2318.4147025980637	1	0	1	2.214217927852765
300200.0	3000.0	2118.414702597856	0.0	0	115.48640583641827	2318.4147025980637	1	0	1	2.2142179278527663
3.81	3.97	3.94	3.64	3.86	4.39	3.82	4.73	3.9	3.57	3.83	4.02	3.58	5.39	3.41	4.73	4.95	3.13	3.5	3.45	3.79	4.21	3.28	4.8	3.58	2.72	3.17	3.93	4.8	4.61	3.71	4.85	4.62	2.05	2.37	2.66	3.65	3.1	4.03	3.8	3.48	3.12	4.61	3.3	4.23	3.92	3.49	2.66	3.94	4.86	4.08	2.73	4.77	3.26	3.43	4.22	4.01	4.29	4.05	2.65	2.4	4.01	3.95	2.59	3.45	4.08	3.41	3.08	2.77	2.81	2.84	3.64	4.21	3.21	5.17	3.76	3.49	2.31	2.4	4.71	3.43	4.1	3.79	3.22	3.42	4.3	4.52	2.97	3.41	4.19	4.61	3.15	3.2	2.95	2.63	3.5	4.24	4.22	3.39	4.73	3.96	2.92	3.46	2.95	3.87	4.61	5.34	3.49	4.46	4.66	2.9	3.19	4.8	4.19	3.08	3.71	3.67	4.67	4.56	3.17	2.51	3.41	1.99	3.44	2.95	3.29	2.83	2.41	3.41	2.8	2.65	3.48	3.3	3.35	3.7	3.35	4.49	3.59	3.19	3.7	2.94	4.14	3.1	3.26	3.73	3.19	4.25	4.69	4.0	3.71	3.81	3.97	3.94	3.64	3.86	4.39	3.82	4.73	3.9	3.57	3.83	4.02	3.58	5.39	3.41	4.73	4.95	3.13	3.5	3.45	3.79	4.21	3.28	4.8	3.58	2.72	3.17	3.93	4.8	4.61	3.71	4.85	4.62	2.05	2.37	2.66	3.65	3.1	4.03	3.8	3.48	3.12	4.61	3.3	4.23	3.92	3.49	2.66	3.94	4.86	4.08	2.73	4.77	3.26	3.43	4.22	4.01	4.29	4.05	2.65	2.4	4.01	3.95	2.59	3.45	4.08	3.41	3.08	2.77	2.81	2.84	3.64	4.21	3.21	5.17	3.76	3.49	2.31	2.4	4.71	3.43	4.1	3.79	3.22	3.42	4.3	4.52	2.97	3.41	4.19	4.61	3.15	3.2	2.95	2.63	3.5	4.24	4.22	3.39	4.73	3.96	2.92	3.46	2.95	3.87	4.61	5.34	3.49	4.46	4.66	2.9	3.19	4.8	4.19	3.08	3.71	3.67	4.67	4.56	3.17	2.51	3.41	1.99	3.44	2.95	3.29	2.83	2.41	3.41	2.8	2.65	3.48	3.3	3.35	3.7	3.35	4.49	3.59	3.19	3.7	2.94	4.14	3.1	3.26	3.73	3.19	4.25	4.69	4.0	3.71	3.81
1.0	2.0	3.0	4.0	5.0	6.0	7.0	8.0	9.0	10.0	11.0	12.0	13.0	14.0	15.0	16.0	17.0	18.0	19.0	20.0	21.0	22.0	23.0	24.0	25.0	26.0	27.0	28.0	29.0	30.0	31.0	32.0	33.0	34.0	35.0	36.0	37.0	38.0	39.0	40.0	41.0	42.0	43.0	44.0	45.0	46.0	47.0	48.0	49.0	50.0	51.0	52.0	53.0	54.0	55.0	56.0	57.0	58.0	59.0	60.0	61.0	62.0	63.0	64.0	65.0	66.0	67.0	68.0	69.0	70.0	71.0	72.0	73.0	74.0	75.0	76.0	77.0	78.0	79.0	80.0	81.0	82.0	83.0	84.0	85.0	86.0	87.0	88.0	89.0	90.0	91.0	92.0	93.0	94.0	95.0	96.0	97.0	98.0	99.0	100.0	101.0	102.0	103.0	104.0	105.0	106.0	107.0	108.0	109.0	110.0	111.0	112.0	113.0	114.0	115.0	116.0	117.0	118.0	119.0	120.0	121.0	122.0	123.0	124.0	125.0	126.0	127.0	128.0	129.0	130.0	131.0	132.0	133.0	134.0	135.0	136.0	137.0	138.0	139.0	140.0	141.0	142.0	143.0	144.0	145.0	146.0	147.0	148.0	149.0	149.0	150.0	151.0	152.0	153.0	154.0	155.0	156.0	157.0	158.0	159.0	160.0	161.0	162.0	163.0	164.0	165.0	166.0	167.0	168.0	169.0	170.0	171.0	172.0	173.0	174.0	175.0	176.0	177.0	178.0	179.0	180.0	181.0	182.0	183.0	184.0	185.0	186.0	187.0	188.0	189.0	190.0	191.0	192.0	193.0	194.0	195.0	196.0	197.0	198.0	199.0	200.0	201.0	202.0	203.0	204.0	205.0	206.0	207.0	208.0	209.0	210.0	211.0	212.0	213.0	214.0	215.0	216.0	217.0	218.0	219.0	220.0	221.0	222.0	223.0	224.0	225.0	226.0	227.0	228.0	229.0	230.0	231.0	232.0	233.0	234.0	235.0	236.0	237.0	238.0	239.0	240.0	241.0	242.0	243.0	244.0	245.0	246.0	247.0	248.0	249.0	250.0	251.0	252.0	253.0	254.0	255.0	256.0	257.0	258.0	259.0	260.0	261.0	262.0	263.0	264.0	265.0	266.0	267.0	268.0	269.0	270.0	271.0	272.0	273.0	274.0	275.0	276.0	277.0	278.0	279.0	280.0	281.0	282.0	283.0	284.0	285.0	286.0	287.0	288.0	289.0	290.0	291.0	292.0	293.0	294.0	295.0	296.0	297.0	298.0	298.0	299.0
3976.1541463198846
