4297.207391354408	300.0	2000.0	77.23411899005366	0	0.0	4297.207391354408	1	0	1	-1.0639470612537576
4384.692128919956	300.0	2903.7667886778963	0.0	0	0.0	4288.458917597853	1	0	2	-1.002607726079422
4495.127195973961	500.0	3782.2882149184916	0.0	0	0.0	4277.415410892452	1	0	2	-0.7973080218039624
5200.0	500.0	4006.9281304898495	0.0	0	579.2477264381159	4206.928130489849	1	0	2	-0.26829356763127177
6200.0	500.0	3906.928130489849	0.0	0	884.0336011624267	4106.928130489849	1	0	2	-0.22147102556996107
7200.0	1000.0	3806.928130489849	0.0	0	834.0769749471174	4006.928130489849	1	0	2	-0.1762898501003986
8200.0	1000.0	3806.9281304898495	0.0	0	863.4303521353013	4006.9281304898495	1	0	1	0.5341342869787901
9200.0	2000.0	3706.928130489849	0.0	0	672.5826490541804	3906.9281304898495	1	0	2	0.3587692873683216
10200.0	3000.0	3606.928130489849	0.0	0	540.7147581121208	3806.9281304898495	1	0	2	1.2910002638473546
11200.0	6000.0	3506.928130489851	0.0	0	202.61318410160675	3706.9281304898523	1	0	2	1.7339958613555886
12200.0	6000.0	3406.928130489849	0.0	0	15.230116346361683	3606.9281304898523	1	0	2	2.4622948870029524
13200.0	6000.0	3406.9281304898495	0.0	0	254.38770933170235	3606.9281304898504	1	0	1	2.4708126500727303
14200.0	6000.0	3406.92813048985	0.0	0	33.69926756201676	3606.9281304898504	1	0	1	2.6708126500727305
15200.0	6000.0	3406.92813048985	0.0	0	233.71920051816414	3606.9281304898504	1	0	1	2.6708126500727305
16200.0	6000.0	3406.92813048985	0.0	0	279.56188258181646	3606.9281304898504	1	0	1	2.6708126500727305
17200.0	6000.0	3406.9281304898536	0.0	0	292.0873248653188	3606.928130489854	1	0	1	2.6708126500727296
18200.0	6000.0	3406.928130489857	0.0	0	360.08584257325856	3606.9281304898577	1	0	1	2.6708126500727283
19200.0	6000.0	3406.928130489861	0.0	0	462.32012937253603	3606.928130489863	1	0	1	2.670812650072727
20200.0	6000.0	3406.9281304898605	0.0	0	511.9166658169961	3606.928130489865	1	0	1	2.670812650072726
21200.0	6000.0	3406.92813048986	0.0	0	170.76726072760357	3606.928130489865	1	0	1	2.670812650072726
22313.386650143704	6000.0	3293.5414803461535	0.0	0	0.0	3606.928130489865	1	0	1	2.670812650072726
23200.0	6000.0	3406.9281304898577	0.0	0	158.55298092621888	3606.9281304898614	1	0	1	2.6708126500727265
24200.0	6000.0	3406.9281304898564	0.0	0	127.74002135701812	3606.9281304898614	1	0	1	2.6708126500727265
25200.0	6000.0	3406.9281304898554	0.0	0	208.69965530798436	3606.9281304898614	1	0	1	2.6708126500727265
26200.0	6000.0	3406.928130489856	0.0	0	82.28946646599798	3606.9281304898577	1	0	1	2.6708126500727274
27200.0	6000.0	3406.9281304898527	0.0	0	60.24130887834326	3606.9281304898577	1	0	1	2.6708126500727274
28200.0	6000.0	3406.928130489855	0.0	0	195.4161413223519	3606.9281304898614	1	0	1	2.6708126500727265
29200.0	6000.0	3406.928130489856	0.0	0	184.2215661295013	3606.9281304898614	1	0	1	2.6708126500727265
30200.0	6000.0	3406.9281304898605	0.0	0	247.47229783836883	3606.9281304898614	1	0	1	2.6708126500727265
31200.0	6000.0	3406.92813048986	0.0	0	293.8800543908328	3606.9281304898577	1	0	1	2.6708126500727274
32200.0	6000.0	3406.928130489858	0.0	0	404.74796856891044	3606.9281304898577	1	0	1	2.6708126500727274
33302.22187396852	6000.0	3304.706256521339	0.0	0	0.0	3606.9281304898614	1	0	1	2.670812650072727
34200.0	6000.0	3406.928130489855	0.0	0	293.58493167354754	3606.928130489854	1	0	1	2.670812650072727
35200.0	6000.0	3406.9281304898627	0.0	0	240.35124453380558	3606.9281304898614	1	0	1	2.6708126500727274
36513.740458924294	6000.0	3093.187671565574	0.0	0	0.0	3606.9281304898686	1	0	1	2.670812650072725
37200.0	6000.0	3406.928130489871	0.0	0	75.00199811947095	3606.9281304898686	1	0	1	2.6708126500727247
38200.0	6000.0	3406.9281304898736	0.0	0	457.7040635060839	3606.928130489876	1	0	1	2.6708126500727225
39200.0	6000.0	3406.9281304898714	0.0	0	123.73566206864052	3606.928130489876	1	0	1	2.6708126500727225
40200.0	6000.0	3406.9281304898727	0.0	0	414.52762877580244	3606.928130489876	1	0	1	2.6708126500727225
41200.0	6000.0	3406.9281304898714	0.0	0	217.83697983110324	3606.928130489876	1	0	1	2.6708126500727225
42200.0	6000.0	3406.928130489873	0.0	0	25.578372536299867	3606.928130489876	1	0	1	2.6708126500727225
43200.0	6000.0	3406.9281304898773	0.0	0	270.82219762411114	3606.928130489876	1	0	1	2.6708126500727225
44200.0	6000.0	3406.9281304898727	0.0	0	25.189252247291734	3606.928130489876	1	0	1	2.6708126500727225
45200.0	6000.0	3406.928130489871	0.0	0	544.1102546510665	3606.928130489883	1	0	1	2.67081265007272
46200.0	6000.0	3406.9281304898677	0.0	0	295.7274495642487	3606.928130489883	1	0	1	2.67081265007272
47200.0	6000.0	3406.9281304898614	0.0	0	417.0568690212094	3606.928130489876	1	0	1	2.6708126500727225
48360.06937328619	6000.0	3246.8587572036763	0.0	0	0.0	3606.928130489876	1	0	1	2.6708126500727225
49444.44319345422	6000.0	3162.4849370356364	0.0	0	0.0	3606.9281304898686	1	0	1	2.6708126500727247
50200.0	6000.0	3406.9281304898655	0.0	0	13.227049058230477	3606.9281304898686	1	0	1	2.6708126500727247
51218.60392204028	6000.0	3388.324208449582	0.0	0	0.0	3606.9281304898686	1	0	1	2.6708126500727247
52306.412560936245	6000.0	3300.5155695536214	0.0	0	0.0	3606.9281304898686	1	0	1	2.6708126500727247
53200.0	6000.0	3406.928130489868	0.0	0	284.42398577153654	3606.9281304898686	1	0	1	2.6708126500727247
54200.0	6000.0	3406.92813048987	0.0	0	387.71633465639025	3606.9281304898686	1	0	1	2.6708126500727247
55200.0	6000.0	3406.928130489877	0.0	0	151.92071258356737	3606.928130489876	1	0	1	2.6708126500727225
56200.0	6000.0	3406.928130489878	0.0	0	465.1754399079	3606.928130489876	1	0	1	2.6708126500727225
57324.66038102567	6000.0	3282.267749464203	0.0	0	0.0	3606.9281304898686	1	0	1	2.6708126500727247
58200.0	6000.0	3406.928130489878	0.0	0	148.066077890413	3606.928130489876	1	0	1	2.6708126500727225
59200.0	6000.0	3406.9281304898727	0.0	0	339.6250357660683	3606.928130489876	1	0	1	2.6708126500727225
60200.0	6000.0	3406.928130489874	0.0	0	212.15259075799986	3606.928130489883	1	0	1	2.67081265007272
61200.0	6000.0	3406.9281304898664	0.0	0	80.00128775389749	3606.928130489883	1	0	1	2.67081265007272
62200.0	6000.0	3406.928130489868	0.0	0	226.26879122250102	3606.928130489883	1	0	1	2.67081265007272
63200.0	6000.0	3406.928130489864	0.0	0	65.89917011255602	3606.928130489883	1	0	1	2.67081265007272
64200.0	6000.0	3406.9281304898645	0.0	0	334.63338376086176	3606.928130489883	1	0	1	2.67081265007272
65200.0	6000.0	3406.928130489853	0.0	0	10.113752455959911	3606.928130489883	1	0	1	2.67081265007272
66200.0	6000.0	3406.9281304898427	0.0	0	345.24981899096747	3606.928130489876	1	0	1	2.6708126500727207
67200.0	6000.0	3406.9281304898373	0.0	0	175.4727020005812	3606.9281304898686	1	0	1	2.6708126500727243
68200.0	6000.0	3406.928130489828	0.0	0	382.2233513255487	3606.928130489854	1	0	1	2.6708126500727283
69200.0	6000.0	3406.928130489841	0.0	0	597.9406104320806	3606.9281304898614	1	0	1	2.6708126500727265
70200.0	6000.0	3406.9281304898514	0.0	0	45.34371298029146	3606.9281304898614	1	0	1	2.6708126500727265
71200.0	6000.0	3406.9281304898386	0.0	0	392.8592492739408	3606.9281304898614	1	0	1	2.6708126500727265
72200.0	6000.0	3406.9281304898263	0.0	0	318.8629896654311	3606.9281304898614	1	0	1	2.6708126500727265
73200.0	6000.0	3406.9281304898277	0.0	0	492.32352702951175	3606.9281304898614	1	0	1	2.6708126500727265
74200.0	6000.0	3406.9281304898213	0.0	0	42.159736058543785	3606.9281304898614	1	0	1	2.6708126500727265
75200.0	6000.0	3406.9281304898295	0.0	0	468.71022467418516	3606.9281304898614	1	0	1	2.6708126500727265
76200.0	6000.0	3406.928130489838	0.0	0	341.6842428306263	3606.9281304898614	1	0	1	2.6708126500727265
77200.0	6000.0	3406.9281304898254	0.0	0	284.4848066446575	3606.9281304898614	1	0	1	2.6708126500727265
78200.0	6000.0	3406.9281304898304	0.0	0	257.1494202359172	3606.9281304898614	1	0	1	2.6708126500727265
79200.0	6000.0	3406.9281304898473	0.0	0	130.270141360219	3606.9281304898614	1	0	1	2.6708126500727265
80200.0	6000.0	3406.928130489839	0.0	0	468.08804480332765	3606.9281304898614	1	0	1	2.6708126500727265
81200.0	6000.0	3406.9281304898536	0.0	0	207.36023633769946	3606.9281304898614	1	0	1	2.6708126500727265
82200.0	6000.0	3406.9281304898655	0.0	0	239.63879254253698	3606.9281304898614	1	0	1	2.6708126500727265
83200.0	6000.0	3406.928130489862	0.0	0	96.54978146939538	3606.9281304898614	1	0	1	2.6708126500727265
84200.0	6000.0	3406.928130489864	0.0	0	153.11079111657455	3606.9281304898614	1	0	1	2.6708126500727265
85200.0	6000.0	3406.928130489852	0.0	0	283.8530519484775	3606.9281304898614	1	0	1	2.6708126500727265
86200.0	6000.0	3406.9281304898354	0.0	0	61.70969928886916	3606.928130489847	1	0	1	2.6708126500727314
87200.0	6000.0	3406.9281304898414	0.0	0	257.9187586304033	3606.928130489847	1	0	1	2.6708126500727314
88200.0	6000.0	3406.9281304898445	0.0	0	225.72125127339677	3606.928130489847	1	0	1	2.6708126500727314
89200.0	6000.0	3406.9281304898536	0.0	0	397.3231799674686	3606.928130489847	1	0	1	2.6708126500727314
90200.0	6000.0	3406.928130489843	0.0	0	336.8438345545874	3606.9281304898323	1	0	1	2.670812650072736
91200.0	6000.0	3406.9281304898464	0.0	0	378.47653837710095	3606.9281304898323	1	0	1	2.670812650072736
92200.0	6000.0	3406.9281304898427	0.0	0	316.68548962105706	3606.9281304898323	1	0	1	2.670812650072736
93200.0	6000.0	3406.928130489838	0.0	0	202.8252590708289	3606.9281304898177	1	0	1	2.6708126500727403
94200.0	6000.0	3406.9281304898327	0.0	0	25.91730862982513	3606.9281304898177	1	0	1	2.6708126500727403
95200.0	6000.0	3406.92813048984	0.0	0	15.271970717250952	3606.9281304898323	1	0	1	2.670812650072736
96200.0	6000.0	3406.928130489829	0.0	0	429.25329846088425	3606.9281304898323	1	0	1	2.670812650072736
97217.20048097475	6000.0	3389.7276495150927	0.0	0	0.0	3606.9281304898323	1	0	1	2.670812650072736
98200.0	6000.0	3406.9281304898377	0.0	0	471.83451491288724	3606.9281304898323	1	0	1	2.670812650072736
99200.0	6000.0	3406.9281304898327	0.0	0	488.9839154401416	3606.9281304898177	1	0	1	2.6708126500727403
100200.0	6000.0	3406.9281304898423	0.0	0	74.59376094066829	3606.9281304898323	1	0	1	2.670812650072736
101200.0	6000.0	3406.9281304898354	0.0	0	383.32696791601484	3606.9281304898323	1	0	1	2.670812650072736
102200.0	6000.0	3406.9281304898236	0.0	0	205.03051383586717	3606.9281304898177	1	0	1	2.6708126500727403
103200.0	6000.0	3406.928130489826	0.0	0	346.0602933975606	3606.9281304898177	1	0	1	2.6708126500727403
104200.0	6000.0	3406.928130489836	0.0	0	167.84121763837175	3606.9281304898177	1	0	1	2.6708126500727403
105200.0	6000.0	3406.928130489837	0.0	0	468.6406039392459	3606.928130489803	1	0	1	2.6708126500727447
106200.0	6000.0	3406.9281304898577	0.0	0	359.72287702072936	3606.928130489803	1	0	1	2.6708126500727447
107200.0	6000.0	3406.9281304898464	0.0	0	194.4363467961375	3606.928130489803	1	0	1	2.6708126500727447
108200.0	6000.0	3406.9281304898373	0.0	0	5.949925931476173	3606.928130489803	1	0	1	2.6708126500727447
109200.0	6000.0	3406.928130489839	0.0	0	55.78838474108488	3606.928130489803	1	0	1	2.6708126500727447
110200.0	6000.0	3406.9281304898336	0.0	0	376.95353171364695	3606.928130489803	1	0	1	2.6708126500727447
111200.0	6000.0	3406.928130489825	0.0	0	347.220827781799	3606.9281304897886	1	0	1	2.670812650072749
112200.0	6000.0	3406.9281304898154	0.0	0	233.14859558275202	3606.9281304897886	1	0	1	2.670812650072749
113335.20234669032	6000.0	3271.725783799488	0.0	0	0.0	3606.928130489803	1	0	1	2.6708126500727447
114290.78036802323	6000.0	3316.147762466575	0.0	0	0.0	3606.928130489803	1	0	1	2.6708126500727447
115287.13098537734	6000.0	3319.797145112454	0.0	0	0.0	3606.9281304898177	1	0	1	2.6708126500727403
116425.62594173383	6000.0	3181.3021887559626	0.0	0	0.0	3606.9281304898177	1	0	1	2.6708126500727403
117352.4917933936	6000.0	3254.436337096193	0.0	0	0.0	3606.9281304898323	1	0	1	2.670812650072736
118524.40563237623	6000.0	3082.522498113538	0.0	0	0.0	3606.9281304898323	1	0	1	2.670812650072736
119560.2717304553	6000.0	3046.6564000344742	0.0	0	0.0	3606.9281304898323	1	0	1	2.670812650072736
120352.00889732568	6000.0	3254.919233164085	0.0	0	0.0	3606.9281304898323	1	0	1	2.670812650072736
121266.0057563768	6000.0	3340.922374112956	0.0	0	0.0	3606.9281304898323	1	0	1	2.670812650072736
122200.0	6000.0	3406.9281304897527	0.0	0	251.66257234798104	3606.9281304898323	1	0	1	2.670812650072736
123200.0	6000.0	3406.928130489737	0.0	0	333.4492838114238	3606.9281304898323	1	0	1	2.670812650072736
124233.31546265438	6000.0	3373.612667835343	0.0	0	0.0	3606.9281304898323	1	0	1	2.670812650072736
125200.0	6000.0	3406.9281304897304	0.0	0	438.0300997707527	3606.9281304898323	1	0	1	2.670812650072736
126200.0	6000.0	3406.928130489727	0.0	0	230.91295318934135	3606.9281304898323	1	0	1	2.670812650072736
127200.0	6000.0	3406.928130489725	0.0	0	12.386104187724413	3606.9281304898323	1	0	1	2.670812650072736
128200.0	6000.0	3406.928130489745	0.0	0	57.72809247073019	3606.928130489847	1	0	1	2.6708126500727314
129200.0	6000.0	3406.928130489744	0.0	0	373.3459638630302	3606.928130489847	1	0	1	2.6708126500727314
130200.0	6000.0	3406.928130489735	0.0	0	354.1772150639881	3606.928130489847	1	0	1	2.6708126500727314
131200.0	6000.0	3406.9281304897318	0.0	0	140.49878192212782	3606.9281304898177	1	0	1	2.6708126500727367
132200.0	6000.0	3406.9281304897695	0.0	0	66.56190338599845	3606.9281304898614	1	0	1	2.6708126500727323
133200.0	6000.0	3406.928130489758	0.0	0	367.7817856190086	3606.928130489847	1	0	1	2.6708126500727296
134200.0	6000.0	3406.9281304897518	0.0	0	410.34152046835516	3606.9281304898177	1	0	1	2.6708126500727376
135200.0	6000.0	3406.928130489775	0.0	0	301.2788124218059	3606.9281304898323	1	0	1	2.670812650072735
136200.0	6000.0	3406.9281304897686	0.0	0	260.80221762671135	3606.9281304898323	1	0	1	2.670812650072736
137563.25325930442	6000.0	3043.6748711853797	0.0	0	0.0	3606.9281304898614	1	0	1	2.6708126500727265
138551.00273218277	6000.0	3055.9253983070357	0.0	0	0.0	3606.9281304898614	1	0	1	2.6708126500727265
139200.0	6000.0	3406.928130489778	0.0	0	21.025264384865295	3606.9281304898614	1	0	1	2.6708126500727265
140200.0	6000.0	3406.9281304897913	0.0	0	430.1848354715039	3606.9281304898614	1	0	1	2.6708126500727265
141200.0	6000.0	3406.9281304897945	0.0	0	238.2801942965889	3606.9281304898614	1	0	1	2.6708126500727265
142200.0	6000.0	3406.9281304898154	0.0	0	343.66613740625326	3606.9281304898614	1	0	1	2.6708126500727265
143200.0	6000.0	3406.9281304898036	0.0	0	59.42404889271711	3606.9281304898905	1	0	1	2.670812650072718
144200.0	6000.0	3406.928130489816	0.0	0	348.06382421948365	3606.9281304898905	1	0	1	2.670812650072718
145200.0	6000.0	3406.9281304898263	0.0	0	272.74166713206796	3606.9281304898905	1	0	1	2.670812650072718
146200.0	6000.0	3406.9281304898564	0.0	0	475.43178640439874	3606.9281304898905	1	0	1	2.670812650072718
147252.10216258676	6000.0	3354.825967903083	0.0	0	0.0	3606.9281304898905	1	0	1	2.670812650072718
148200.0	6000.0	3406.9281304898586	0.0	0	200.35058823926374	3606.9281304898614	1	0	1	2.6708126500727265
149383.34643921297	6000.0	3223.5816912768637	0.0	0	0.0	3606.9281304898614	1	0	1	2.6708126500727265
150400.4955164061	6000.0	3206.4326140837106	0.0	0	0.0	3606.9281304898614	1	0	1	2.6708126500727265
151453.13158719373	6000.0	3153.7965432960873	0.0	0	0.0	3606.9281304898323	1	0	1	2.670812650072736
152538.5886791769	6000.0	3068.339451312942	0.0	0	0.0	3606.9281304898614	1	0	1	2.6708126500727265
153606.30337243402	6000.0	3000.6247580558265	0.0	0	0.0	3606.9281304898614	1	0	1	2.6708126500727265
154877.1512793495	6000.0	2729.7768511403497	0.0	0	0.0	3606.9281304898614	1	0	1	2.6708126500727265
155749.10568583626	6000.0	2857.8224446535833	0.0	0	0.0	3606.9281304898905	1	0	1	2.670812650072718
156414.01918269272	6000.0	3192.9089477971256	0.0	0	0.0	3606.9281304898905	1	0	1	2.670812650072718
157200.0	6000.0	3406.9281304898636	0.0	0	81.72558921124437	3606.9281304899196	1	0	1	2.6708126500727087
158200.0	6000.0	3406.9281304898745	0.0	0	14.502222243812867	3606.9281304899487	1	0	1	2.6708126500727
159200.0	6000.0	3406.928130489907	0.0	0	367.454403846059	3606.9281304899487	1	0	1	2.6708126500727
160200.0	6000.0	3406.928130489897	0.0	0	127.64369888292276	3606.9281304899487	1	0	1	2.6708126500727
161200.0	6000.0	3406.928130489878	0.0	0	281.9042244416778	3606.9281304899487	1	0	1	2.6708126500727
162348.74258936036	6000.0	3258.185541129466	0.0	0	0.0	3606.9281304899487	1	0	1	2.6708126500727
163283.0800850004	6000.0	3323.848045489406	0.0	0	0.0	3606.9281304899196	1	0	1	2.6708126500727087
164200.0	6000.0	3406.928130489803	0.0	0	43.27163581683999	3606.9281304899196	1	0	1	2.6708126500727087
165200.0	6000.0	3406.928130489809	0.0	0	170.82106743051554	3606.9281304899196	1	0	1	2.6708126500727087
166200.0	6000.0	3406.9281304898113	0.0	0	443.2553365113272	3606.9281304899196	1	0	1	2.6708126500727087
167200.0	6000.0	3406.9281304898036	0.0	0	434.8786611146352	3606.9281304899196	1	0	1	2.6708126500727087
168200.0	6000.0	3406.928130489776	0.0	0	85.1224348161486	3606.9281304899196	1	0	1	2.6708126500727087
169200.0	6000.0	3406.928130489771	0.0	0	570.0887713097327	3606.9281304899196	1	0	1	2.6708126500727087
170200.0	6000.0	3406.9281304897495	0.0	0	485.18732205295237	3606.9281304899196	1	0	1	2.6708126500727087
171200.0	6000.0	3406.928130489768	0.0	0	225.31712906991015	3606.9281304899487	1	0	1	2.6708126500727
172200.0	6000.0	3406.928130489757	0.0	0	48.47320841770852	3606.9281304899487	1	0	1	2.6708126500727
173200.0	6000.0	3406.9281304897836	0.0	0	348.0957660478889	3606.9281304899487	1	0	1	2.6708126500727
174280.49722991453	6000.0	3326.430900575216	0.0	0	0.0	3606.9281304899487	1	0	1	2.6708126500727
175200.0	6000.0	3406.928130489759	0.0	0	266.5581041140249	3606.9281304899487	1	0	1	2.6708126500727
176200.0	6000.0	3406.928130489752	0.0	0	168.72453844262054	3606.9281304899487	1	0	1	2.6708126500727
177200.0	6000.0	3406.928130489699	0.0	0	129.04293742461596	3606.9281304899196	1	0	1	2.6708126500727087
178200.0	6000.0	3406.9281304897077	0.0	0	355.0146173808316	3606.9281304898905	1	0	1	2.670812650072718
179200.0	6000.0	3406.928130489713	0.0	0	46.4148167198	3606.9281304898905	1	0	1	2.670812650072718
180200.0	6000.0	3406.9281304897077	0.0	0	483.1397041634482	3606.9281304898614	1	0	1	2.6708126500727265
181200.0	6000.0	3406.928130489746	0.0	0	312.4700198774517	3606.9281304898614	1	0	1	2.6708126500727265
182200.0	6000.0	3406.9281304897413	0.0	0	105.61725743988063	3606.9281304898323	1	0	1	2.670812650072736
183200.0	6000.0	3406.9281304897604	0.0	0	229.40662147692638	3606.9281304898323	1	0	1	2.670812650072736
184218.57380751707	6000.0	3388.3543229727034	0.0	0	0.0	3606.9281304898323	1	0	1	2.670812650072736
185292.3732668155	6000.0	3314.554863674253	0.0	0	0.0	3606.928130489803	1	0	1	2.6708126500727394
186200.0	6000.0	3406.928130489755	0.0	0	315.56203122233273	3606.928130489774	1	0	1	2.6708126500727536
187200.0	6000.0	3406.928130489772	0.0	0	450.5678893379518	3606.928130489745	1	0	1	2.6708126500727625
188200.0	6000.0	3406.92813048975	0.0	0	362.4519198803173	3606.928130489745	1	0	1	2.6708126500727625
189200.0	6000.0	3406.92813048975	0.0	0	427.85946600325406	3606.928130489745	1	0	1	2.6708126500727625
190200.0	6000.0	3406.9281304897586	0.0	0	316.0621210979589	3606.928130489745	1	0	1	2.6708126500727625
191200.0	6000.0	3406.9281304897563	0.0	0	117.17367847639252	3606.928130489716	1	0	1	2.6708126500727714
192200.0	6000.0	3406.9281304897363	0.0	0	32.66340278502321	3606.9281304896867	1	0	1	2.670812650072773
193200.0	6000.0	3406.9281304897345	0.0	0	89.01291777964798	3606.9281304896867	1	0	1	2.6708126500727802
194200.0	6000.0	3406.9281304897204	0.0	0	540.7033479128149	3606.9281304896867	1	0	1	2.6708126500727802
195200.0	6000.0	3406.928130489738	0.0	0	23.832630505756242	3606.928130489716	1	0	1	2.6708126500727714
196200.0	6000.0	3406.9281304897772	0.0	0	328.01259205915267	3606.928130489716	1	0	1	2.6708126500727714
197600.64579897173	6000.0	3006.282331518033	0.0	0	0.0	3606.9281304896867	1	0	1	2.6708126500727802
198492.07289227404	6000.0	3114.8552382157704	0.0	0	0.0	3606.928130489716	1	0	1	2.6708126500727714
199435.6074022372	6000.0	3171.320728252634	0.0	0	0.0	3606.928130489745	1	0	1	2.670812650072766
200725.21033182272	6000.0	2881.717798667115	0.0	0	0.0	3606.928130489774	1	0	1	2.6708126500727554
201590.25021327086	6000.0	3016.6779172189867	0.0	0	0.0	3606.928130489774	1	0	1	2.6708126500727536
202224.5379023445	6000.0	3382.3902281453284	0.0	0	0.0	3606.928130489745	1	0	1	2.670812650072757
203200.0	6000.0	3406.9281304898573	0.0	0	433.63727063380065	3606.928130489745	1	0	1	2.6708126500727625
204200.0	6000.0	3406.9281304898195	0.0	0	307.63993097818457	3606.928130489716	1	0	1	2.6708126500727714
205200.0	6000.0	3406.92813048983	0.0	0	159.7366549927683	3606.928130489716	1	0	1	2.6708126500727714
206200.0	6000.0	3406.928130489805	0.0	0	153.0467321065662	3606.928130489745	1	0	1	2.6708126500727625
207200.0	6000.0	3406.9281304897954	0.0	0	63.27332142618252	3606.928130489745	1	0	1	2.6708126500727625
208200.0	6000.0	3406.928130489809	0.0	0	281.0129712202179	3606.928130489745	1	0	1	2.6708126500727625
209200.0	6000.0	3406.9281304898004	0.0	0	41.22508649260271	3606.928130489745	1	0	1	2.6708126500727625
210463.39464071585	6000.0	3143.5334897739626	0.0	0	0.0	3606.928130489745	1	0	1	2.6708126500727625
211557.11855497258	6000.0	3049.8095755172453	0.0	0	0.0	3606.928130489745	1	0	1	2.6708126500727642
212202.76260028442	6000.0	3404.1655302054096	0.0	0	0.0	3606.928130489774	1	0	1	2.6708126500727536
213200.0	6000.0	3406.92813048985	0.0	0	314.2720083715394	3606.928130489774	1	0	1	2.6708126500727536
214208.54508316526	6000.0	3398.3830473246185	0.0	0	0.0	3606.928130489774	1	0	1	2.6708126500727536
215200.0	6000.0	3406.928130489854	0.0	0	419.460748276877	3606.928130489774	1	0	1	2.6708126500727536
216200.0	6000.0	3406.9281304898673	0.0	0	42.26201826764736	3606.928130489803	1	0	1	2.6708126500727447
217200.0	6000.0	3406.9281304898436	0.0	0	643.5615327160922	3606.928130489803	1	0	1	2.6708126500727447
218200.0	6000.0	3406.9281304898586	0.0	0	397.06654733768664	3606.928130489803	1	0	1	2.6708126500727447
219200.0	6000.0	3406.9281304898636	0.0	0	47.62644604605157	3606.928130489803	1	0	1	2.6708126500727447
220200.0	6000.0	3406.9281304898623	0.0	0	158.89785650890553	3606.928130489803	1	0	1	2.6708126500727447
221200.0	6000.0	3406.9281304898354	0.0	0	316.9278591729526	3606.928130489774	1	0	1	2.6708126500727536
222200.0	6000.0	3406.9281304898227	0.0	0	282.7517431360611	3606.928130489774	1	0	1	2.6708126500727536
223200.0	6000.0	3406.928130489832	0.0	0	154.6180447533552	3606.928130489774	1	0	1	2.6708126500727536
224200.0	6000.0	3406.9281304898236	0.0	0	482.58809256681707	3606.928130489803	1	0	1	2.6708126500727447
225200.0	6000.0	3406.9281304898477	0.0	0	541.2406021667703	3606.928130489803	1	0	1	2.6708126500727447
226200.0	6000.0	3406.9281304898195	0.0	0	317.24408097329433	3606.928130489803	1	0	1	2.6708126500727447
227200.0	6000.0	3406.92813048982	0.0	0	164.38931905376376	3606.9281304898323	1	0	1	2.670812650072736
228200.0	6000.0	3406.928130489818	0.0	0	267.4251075347129	3606.928130489803	1	0	1	2.6708126500727447
229200.0	6000.0	3406.928130489801	0.0	0	344.7443120125681	3606.928130489803	1	0	1	2.6708126500727447
230263.90670458064	6000.0	3343.0214259091654	0.0	0	0.0	3606.928130489803	1	0	1	2.67081265007275
231200.0	6000.0	3406.9281304898204	0.0	0	81.42276485930779	3606.928130489803	1	0	1	2.6708126500727447
232200.0	6000.0	3406.928130489823	0.0	0	185.4136503135378	3606.928130489803	1	0	1	2.6708126500727447
233200.0	6000.0	3406.928130489822	0.0	0	406.58621881666477	3606.9281304898323	1	0	1	2.670812650072736
234200.0	6000.0	3406.9281304898263	0.0	0	32.02975834190147	3606.9281304898323	1	0	1	2.670812650072736
235200.0	6000.0	3406.928130489813	0.0	0	261.44528686010744	3606.9281304898323	1	0	1	2.670812650072736
236200.0	6000.0	3406.9281304898177	0.0	0	144.9096648010891	3606.9281304898323	1	0	1	2.670812650072736
237200.0	6000.0	3406.928130489804	0.0	0	442.38088292832254	3606.9281304898323	1	0	1	2.670812650072736
238200.0	6000.0	3406.9281304897945	0.0	0	561.0359967017721	3606.9281304898323	1	0	1	2.670812650072736
239200.0	6000.0	3406.928130489814	0.0	0	300.48498703032965	3606.9281304898323	1	0	1	2.670812650072736
240200.0	6000.0	3406.9281304898045	0.0	0	252.78036998576135	3606.9281304898323	1	0	1	2.670812650072736
241200.0	6000.0	3406.9281304898077	0.0	0	412.9014837858267	3606.9281304898323	1	0	1	2.670812650072736
242200.0	6000.0	3406.928130489825	0.0	0	387.6304694159189	3606.9281304898323	1	0	1	2.670812650072736
243200.0	6000.0	3406.9281304898377	0.0	0	233.09215801933897	3606.928130489803	1	0	1	2.6708126500727447
244200.0	6000.0	3406.9281304898154	0.0	0	401.7462416848284	3606.928130489803	1	0	1	2.6708126500727447
245200.0	6000.0	3406.928130489813	0.0	0	394.851702162734	3606.928130489803	1	0	1	2.6708126500727447
246200.0	6000.0	3406.9281304898195	0.0	0	51.614046587375924	3606.928130489803	1	0	1	2.6708126500727447
247200.0	6000.0	3406.928130489828	0.0	0	400.52203879866283	3606.928130489803	1	0	1	2.6708126500727447
248200.0	6000.0	3406.928130489853	0.0	0	390.1432651467039	3606.9281304898323	1	0	1	2.670812650072736
249202.1704053036	6000.0	3404.7577251862795	0.0	0	0.0	3606.9281304898323	1	0	1	2.670812650072736
250200.0	6000.0	3406.928130489891	0.0	0	296.39535737835104	3606.9281304898323	1	0	1	2.670812650072736
251200.0	6000.0	3406.928130489849	0.0	0	240.81931978324428	3606.9281304898323	1	0	1	2.670812650072736
252253.76453971845	6000.0	3353.1635907713926	0.0	0	0.0	3606.9281304898323	1	0	1	2.670812650072736
253222.33890259068	6000.0	3384.5892278992055	0.0	0	0.0	3606.9281304898323	1	0	1	2.670812650072736
254200.0	6000.0	3406.9281304898714	0.0	0	222.47351615843945	3606.9281304898323	1	0	1	2.670812650072736
255200.0	6000.0	3406.928130489851	0.0	0	408.89917081111344	3606.9281304898323	1	0	1	2.670812650072736
256200.0	6000.0	3406.928130489863	0.0	0	466.3167419554957	3606.9281304898323	1	0	1	2.670812650072736
257200.0	6000.0	3406.9281304898795	0.0	0	137.13580341968918	3606.928130489803	1	0	1	2.6708126500727447
258200.0	6000.0	3406.928130489872	0.0	0	60.80051506825839	3606.928130489774	1	0	1	2.6708126500727536
259200.0	6000.0	3406.9281304898695	0.0	0	327.35286671840004	3606.928130489745	1	0	1	2.6708126500727625
260200.0	6000.0	3406.928130489835	0.0	0	437.2094445800758	3606.928130489716	1	0	1	2.6708126500727714
261200.0	6000.0	3406.9281304898286	0.0	0	356.63740190217504	3606.9281304896867	1	0	1	2.6708126500727802
262208.2925092163	6000.0	3398.6356212735595	0.0	0	0.0	3606.9281304896867	1	0	1	2.670812650072773
263200.0	6000.0	3406.928130489853	0.0	0	340.9835313426447	3606.9281304896867	1	0	1	2.6708126500727802
264200.0	6000.0	3406.9281304899214	0.0	0	357.03268476983067	3606.928130489774	1	0	1	2.670812650072766
265200.0	6000.0	3406.928130489986	0.0	0	167.26705295417923	3606.9281304898614	1	0	1	2.6708126500727394
266200.0	6000.0	3406.92813049002	0.0	0	246.19322359829675	3606.9281304898905	1	0	1	2.670812650072718
267286.8761316154	6000.0	3320.0519988746305	0.0	0	0.0	3606.9281304899487	1	0	1	2.670812650072711
268200.0	6000.0	3406.928130490048	0.0	0	128.3038030161988	3606.9281304899487	1	0	1	2.6708126500727
269274.02116568055	6000.0	3332.9069648094733	0.0	0	0.0	3606.9281304899487	1	0	1	2.6708126500727
270200.0	6000.0	3406.928130490079	0.0	0	324.0722949660267	3606.9281304899487	1	0	1	2.6708126500727
271200.0	6000.0	3406.9281304900724	0.0	0	447.967191061005	3606.9281304899487	1	0	1	2.6708126500727
272200.0	6000.0	3406.928130490086	0.0	0	125.04259999771602	3606.9281304899487	1	0	1	2.6708126500727
273200.0	6000.0	3406.9281304901374	0.0	0	229.43191898986697	3606.9281304899487	1	0	1	2.6708126500727
274200.0	6000.0	3406.9281304902133	0.0	0	95.2662172766868	3606.9281304899487	1	0	1	2.6708126500727
275234.2129080664	6000.0	3372.7152224237825	0.0	0	0.0	3606.9281304899487	1	0	1	2.6708126500727145
276408.98938193655	6000.0	3197.9387485536204	0.0	0	0.0	3606.9281304899487	1	0	1	2.6708126500727
277444.1522316305	6000.0	3162.775898859655	0.0	0	0.0	3606.9281304899487	1	0	1	2.6708126500727
278320.23587923177	6000.0	3286.6922512583765	0.0	0	0.0	3606.9281304899487	1	0	1	2.6708126500727
279200.0	6000.0	3406.928130490161	0.0	0	39.30812405201141	3606.928130490007	1	0	1	2.6708126500726963
280200.0	6000.0	3406.928130490185	0.0	0	224.09146115736803	3606.928130490065	1	0	1	2.6708126500726643
281200.0	6000.0	3406.928130490191	0.0	0	120.68231275124708	3606.928130490065	1	0	1	2.6708126500726643
282200.0	6000.0	3406.928130490169	0.0	0	159.51418160111643	3606.928130490065	1	0	1	2.6708126500726643
283200.0	6000.0	3406.9281304902115	0.0	0	178.2796972328797	3606.928130490065	1	0	1	2.6708126500726643
284200.0	6000.0	3406.9281304902133	0.0	0	354.2135261717485	3606.928130490065	1	0	1	2.6708126500726643
285200.0	6000.0	3406.9281304901556	0.0	0	254.09858174721012	3606.928130490065	1	0	1	2.6708126500726643
286565.49001032836	6000.0	3041.4381201618385	0.0	0	0.0	3606.928130490065	1	0	1	2.6708126500726643
287503.6716191055	6000.0	3103.2565113846135	0.0	0	0.0	3606.928130490007	1	0	1	2.6708126500726785
288208.8257001619	6000.0	3398.102430328153	0.0	0	0.0	3606.928130490007	1	0	1	2.670812650072682
289200.0	6000.0	3406.928130490088	0.0	0	408.3850763255614	3606.928130490007	1	0	1	2.670812650072682
290200.0	6000.0	3406.928130490104	0.0	0	176.08540255733533	3606.928130490007	1	0	1	2.670812650072682
291200.0	6000.0	3406.928130490123	0.0	0	450.11604376422474	3606.928130490065	1	0	1	2.6708126500726643
292200.0	6000.0	3406.928130490078	0.0	0	426.5589312418015	3606.928130490065	1	0	1	2.6708126500726643
293200.0	6000.0	3406.9281304899787	0.0	0	221.94631132605718	3606.928130490065	1	0	1	2.6708126500726643
294213.87406417774	6000.0	3393.0540663122765	0.0	0	0.0	3606.928130490065	1	0	1	2.6708126500726643
295200.0	6000.0	3406.9281304900105	0.0	0	424.0154232917703	3606.928130490065	1	0	1	2.6708126500726643
296200.0	6000.0	3406.9281304900487	0.0	0	164.26260221150005	3606.928130490065	1	0	1	2.6708126500726643
297200.0	6000.0	3406.92813049009	0.0	0	135.9676250507473	3606.928130490065	1	0	1	2.6708126500726643
298200.0	6000.0	3406.928130490139	0.0	0	124.30351247708313	3606.9281304901233	1	0	1	2.6708126500726466
299200.0	6000.0	3406.9281304901765	0.0	0	56.09730612684507	3606.9281304901233	1	0	1	2.6708126500726466
300285.0186751897	6000.0	3321.909455300536	0.0	0	0.0	3606.9281304901815	1	0	1	2.6708126500726426
6.0	5.92	9.57	11.6	8.25	9.27	6.99	6.34	6.46	6.53	7.48	7.73	11.4	10.8	9.06	11.3	9.45	7.11	7.6	8.36	6.71	7.84	8.18	8.99	8.97	6.45	8.82	8.77	7.04	9.35	6.45	5.31	8.75	10.3	7.96	8.44	7.82	6.64	8.04	5.34	11.1	7.85	11.7	5.53	5.72	8.03	6.3	6.06	11.6	13.3	7.45	9.12	6.93	8.87	8.06	6.85	6.39	5.88	8.16	11.7	7.46	9.19	8.17	13.3	13.2	8.61	9.17	9.19	9.43	7.68	11.1	11.0	7.97	9.48	8.36	9.29	6.15	8.87	8.64	8.41	8.5	8.78	8.99	8.29	10.4	10.0	8.32	8.2	7.82	7.96	8.43	11.0	6.97	11.3	12.5	8.1	8.02	6.95	7.88	7.59	9.67	12.1	10.2	7.44	8.02	8.56	9.29	8.95	5.83	6.95	8.46	5.56	8.95	6.02	7.75	6.73	8.0	9.1	7.7	7.46	9.41	7.54	6.51	5.05	8.14	9.7	9.61	6.82	8.77	8.04	7.71	6.5	5.6	6.66	9.59	13.8	6.34	8.78	8.69	10.3	7.23	9.13	7.59	6.8	7.26	5.85	7.47	4.46	8.69	8.7	6.0	5.92	9.57	11.6	8.25	9.27	6.99	6.34	6.46	6.53	7.48	7.73	11.4	10.8	9.06	11.3	9.45	7.11	7.6	8.36	6.71	7.84	8.18	8.99	8.97	6.45	8.82	8.77	7.04	9.35	6.45	5.31	8.75	10.3	7.96	8.44	7.82	6.64	8.04	5.34	11.1	7.85	11.7	5.53	5.72	8.03	6.3	6.06	11.6	13.3	7.45	9.12	6.93	8.87	8.06	6.85	6.39	5.88	8.16	11.7	7.46	9.19	8.17	13.3	13.2	8.61	9.17	9.19	9.43	7.68	11.1	11.0	7.97	9.48	8.36	9.29	6.15	8.87	8.64	8.41	8.5	8.78	8.99	8.29	10.4	10.0	8.32	8.2	7.82	7.96	8.43	11.0	6.97	11.3	12.5	8.1	8.02	6.95	7.88	7.59	9.67	12.1	10.2	7.44	8.02	8.56	9.29	8.95	5.83	6.95	8.46	5.56	8.95	6.02	7.75	6.73	8.0	9.1	7.7	7.46	9.41	7.54	6.51	5.05	8.14	9.7	9.61	6.82	8.77	8.04	7.71	6.5	5.6	6.66	9.59	13.8	6.34	8.78	8.69	10.3	7.23	9.13	7.59	6.8	7.26	5.85	7.47	4.46	8.69	8.7	6.0	5.92
1.0	2.0	3.0	4.0	5.0	6.0	7.0	8.0	9.0	10.0	11.0	12.0	13.0	14.0	15.0	16.0	17.0	18.0	19.0	20.0	21.0	22.0	23.0	24.0	25.0	26.0	27.0	28.0	29.0	30.0	31.0	32.0	33.0	34.0	35.0	36.0	37.0	38.0	39.0	40.0	41.0	42.0	43.0	44.0	45.0	46.0	47.0	48.0	49.0	50.0	51.0	52.0	53.0	54.0	55.0	56.0	57.0	58.0	59.0	60.0	61.0	62.0	63.0	64.0	65.0	66.0	67.0	68.0	69.0	70.0	71.0	72.0	73.0	74.0	75.0	76.0	77.0	78.0	79.0	80.0	81.0	82.0	83.0	84.0	85.0	86.0	87.0	88.0	89.0	90.0	91.0	92.0	93.0	94.0	95.0	96.0	97.0	98.0	99.0	100.0	101.0	102.0	103.0	104.0	105.0	106.0	107.0	108.0	109.0	110.0	111.0	112.0	113.0	114.0	115.0	116.0	117.0	118.0	119.0	120.0	121.0	122.0	123.0	124.0	125.0	126.0	127.0	128.0	129.0	130.0	131.0	132.0	133.0	134.0	135.0	136.0	137.0	138.0	139.0	140.0	141.0	142.0	143.0	144.0	145.0	146.0	147.0	148.0	149.0	149.0	150.0	151.0	152.0	153.0	154.0	155.0	156.0	157.0	158.0	159.0	160.0	161.0	162.0	163.0	164.0	165.0	166.0	167.0	168.0	169.0	170.0	171.0	172.0	173.0	174.0	175.0	176.0	177.0	178.0	179.0	180.0	181.0	182.0	183.0	184.0	185.0	186.0	187.0	188.0	189.0	190.0	191.0	192.0	193.0	194.0	195.0	196.0	197.0	198.0	199.0	200.0	201.0	202.0	203.0	204.0	205.0	206.0	207.0	208.0	209.0	210.0	211.0	212.0	213.0	214.0	215.0	216.0	217.0	218.0	219.0	220.0	221.0	222.0	223.0	224.0	225.0	226.0	227.0	228.0	229.0	230.0	231.0	232.0	233.0	234.0	235.0	236.0	237.0	238.0	239.0	240.0	241.0	242.0	243.0	244.0	245.0	246.0	247.0	248.0	249.0	250.0	251.0	252.0	253.0	254.0	255.0	256.0	257.0	258.0	259.0	260.0	261.0	262.0	263.0	264.0	265.0	266.0	267.0	268.0	269.0	270.0	271.0	272.0	273.0	274.0	275.0	276.0	277.0	278.0	279.0	280.0	281.0	282.0	283.0	284.0	285.0	286.0	287.0	288.0	289.0	290.0	291.0	292.0	293.0	294.0	295.0	296.0	297.0	298.0	298.0	299.0	300.0
4141.808634151009
