4270.761384576265	300.0	2000.0	104.06906244792253	0	0.0	4270.761384576265	1	0	1	-1.2071914929488305
4379.221149520969	300.0	2880.6942585608263	0.0	0	0.0	4259.915408081795	1	0	2	-0.9883235933804743
4516.747137584094	300.0	3729.415671691388	0.0	0	0.0	4246.162809275483	1	0	2	-0.7819277588883828
5200.0	300.0	3977.8375230338906	0.0	0	574.9298626173895	4177.837523033892	1	0	2	-0.7645326280904304
6200.0	500.0	3877.837523033891	0.0	0	835.5491632058538	4077.8375230338916	1	0	2	-0.7188072341114624
7200.0	500.0	3777.837523033891	0.0	0	458.3543809444809	3977.8375230338916	1	0	2	-0.1632152153523958
8200.0	500.0	3677.8375230338916	0.0	0	731.5153819910811	3877.8375230338906	1	0	2	-0.12277725784267722
9200.0	500.0	3577.83752303389	0.0	0	727.4343925386856	3777.837523033887	1	0	2	-0.08485519821168362
10200.0	1000.0	3477.8375230338893	0.0	0	504.09646963476916	3677.837523033886	1	0	2	-0.04954105746531601
11200.0	2000.0	3377.8375230338875	0.0	0	145.44869814559752	3577.837523033885	1	0	2	0.6783873911454041
12200.0	2000.0	3277.8375230338856	0.0	0	167.81351917722532	3477.8375230338825	1	0	2	1.4000921697622433
13200.0	2000.0	3177.837523033885	0.0	0	534.0040748341598	3377.8375230338825	1	0	2	1.425925276411255
14200.0	2000.0	3077.837523033885	0.0	0	316.31588270706925	3277.8375230338825	1	0	2	1.4516063716347711
15200.0	2000.0	2977.8375230338866	0.0	0	378.01798722912645	3177.837523033886	1	0	2	1.4742202617163094
16200.0	2000.0	2877.837523033885	0.0	0	278.1870769492998	3077.837523033886	1	0	2	1.495721358292648
17200.0	2000.0	2777.8375230338866	0.0	0	336.89631521996125	2977.837523033886	1	0	2	1.5145924357570792
18200.0	2000.0	2677.837523033887	0.0	0	122.52810314497401	2877.837523033886	1	0	2	1.533198944774144
19200.0	2000.0	2577.837523033892	0.0	0	468.5005117187611	2777.8375230338934	1	0	2	1.5478237540212303
20200.0	2000.0	2477.8375230338934	0.0	0	453.08682476530157	2677.837523033897	1	0	2	1.562375619882336
21200.0	3000.0	2377.8375230338906	0.0	0	87.6684616422026	2577.837523033897	1	0	2	1.5769225741123842
22200.0	3000.0	2277.837523033887	0.0	0	354.1262012946172	2477.8375230339007	1	0	2	1.9935275299477655
23200.0	3000.0	2177.837523033885	0.0	0	169.45961910265032	2377.8375230339007	1	0	2	2.004812817970914
24200.0	3000.0	2077.8375230338825	0.0	0	309.4172018893223	2277.837523033897	1	0	2	2.0146039823570625
25200.0	3000.0	1977.8375230338816	0.0	0	35.149964293075755	2177.837523033897	1	0	2	2.024606171019701
26200.0	3000.0	1877.8375230338836	0.0	0	428.8222939304833	2077.8375230339007	1	0	2	2.0318017177799144
27200.0	3000.0	1777.8375230338795	0.0	0	150.57447932759533	1977.8375230339007	1	0	2	2.039788755508777
28312.227597220673	3000.0	1554.3871660911384	0.0	0	0.0	1866.614763311838	1	0	2	2.047905708559788
29200.0	3000.0	1577.8375230338772	0.0	0	328.2812813091041	1777.8375230339007	1	0	2	2.0526100790035047
30200.0	3000.0	1477.8375230338738	0.0	0	443.75588612518186	1677.837523033897	1	0	2	2.0580499780600245
31227.32701767322	3000.0	1347.7778035933363	0.0	0	0.0	1575.104821266581	1	0	2	2.0636898828492636
32434.75133206064	3000.0	1019.6110577671697	0.0	0	0.0	1454.3623898278347	1	0	2	2.069319928726757
33272.788344587476	3000.0	1097.7703439876573	0.0	0	0.0	1370.5586885751509	1	0	2	2.0728732064794517
34288.69200104606	3000.0	1081.866687529072	0.0	0	0.0	1370.5586885751545	1	0	1	2.073812107317464
35464.55501435926	3000.0	906.0036742158572	0.0	0	0.0	1370.5586885751472	1	0	1	2.273812107317464
36510.47273499508	3000.0	860.0859535800494	0.0	0	0.0	1370.5586885751472	1	0	1	2.2738121073174646
37427.666778173145	3000.0	942.8919104019805	0.0	0	0.0	1370.5586885751472	1	0	1	2.2738121073174646
38333.06351860844	3000.0	1037.4951699666876	0.0	0	0.0	1370.5586885751472	1	0	1	2.2738121073174646
39330.86183511019	3000.0	1039.6968534649313	0.0	0	0.0	1370.5586885751472	1	0	1	2.2738121073174646
40210.593632608325	3000.0	1159.9650559668003	0.0	0	0.0	1370.5586885751472	1	0	1	2.2738121073174646
41200.0	2000.0	1170.5586885751256	0.0	0	509.29333014713484	1370.5586885751472	1	0	1	1.462881891101135
42200.0	3000.0	1170.5586885751209	0.0	0	320.9676110239452	1370.55868857514	1	0	1	1.8683469992093
43200.0	3000.0	1170.558688575134	0.0	0	166.19175121432636	1370.55868857514	1	0	1	2.2738121073174646
44200.0	3000.0	1170.5586885751343	0.0	0	88.63525235686393	1370.55868857514	1	0	1	2.2738121073174646
45217.153913582995	3000.0	1153.4047749921397	0.0	0	0.0	1370.55868857514	1	0	1	2.2738121073174646
46200.0	3000.0	1170.5586885751368	0.0	0	438.58316414643923	1370.5586885751327	1	0	1	2.273812107317465
47200.0	3000.0	1170.5586885751336	0.0	0	71.47419887127035	1370.5586885751327	1	0	1	2.273812107317465
48200.0	3000.0	1170.5586885751377	0.0	0	282.35990508874966	1370.5586885751327	1	0	1	2.273812107317465
49200.0	3000.0	1170.5586885751422	0.0	0	61.06070004594221	1370.5586885751327	1	0	1	2.273812107317465
50200.0	3000.0	1170.5586885751434	0.0	0	272.48473623056634	1370.5586885751254	1	0	1	2.273812107317465
51200.0	3000.0	1170.558688575146	0.0	0	241.01071537688404	1370.5586885751254	1	0	1	2.273812107317465
52200.0	3000.0	1170.5586885751497	0.0	0	300.5827548797897	1370.5586885751254	1	0	1	2.273812107317465
53200.0	3000.0	1170.5586885751502	0.0	0	261.78054829936445	1370.5586885751327	1	0	1	2.273812107317465
54200.0	3000.0	1170.5586885751488	0.0	0	309.41289578113356	1370.5586885751327	1	0	1	2.273812107317465
55200.0	3000.0	1170.558688575143	0.0	0	135.673122855158	1370.5586885751327	1	0	1	2.273812107317465
56200.0	3000.0	1170.558688575135	0.0	0	20.393726297035755	1370.5586885751327	1	0	1	2.273812107317465
57200.0	3000.0	1170.5586885751345	0.0	0	294.35178166528203	1370.5586885751327	1	0	1	2.273812107317465
58200.0	3000.0	1170.5586885751352	0.0	0	77.1837980483906	1370.5586885751327	1	0	1	2.273812107317465
59552.92631247361	3000.0	817.6323761015232	0.0	0	0.0	1370.5586885751327	1	0	1	2.273812107317465
60851.346706778684	3000.0	519.2119817964531	0.0	0	0.0	1370.5586885751327	1	0	1	2.273812107317465
62088.259674647576	3000.0	349.48728715940865	67.18827323185434	0	0.0	1437.7469618069808	1	0	1	1.868023237668631
62889.35736489666	3000.0	574.31743357041	25.92783666008353	0	0.0	1463.6747984670583	1	0	1	2.1145119427089294
63813.18663554452	3000.0	650.4881629225516	0.0	0	0.0	1463.6747984670583	1	0	1	2.2700789626694307
64971.23761323835	3000.0	492.437185228731	0.0	0	0.0	1463.6747984670583	1	0	1	2.2700789626694307
65705.59902117866	3000.0	758.0757772884286	0.0	0	0.0	1463.6747984670583	1	0	1	2.270078962669431
66414.95865945551	3000.0	1048.7161390115616	0.0	0	0.0	1463.6747984670437	1	0	1	2.2700789626694307
67212.53569535923	3000.0	1251.139103107838	0.0	0	0.0	1463.6747984670365	1	0	1	2.2700789626694315
68200.0	3000.0	1263.6747984670585	0.0	0	391.31894504201773	1463.6747984670365	1	0	1	2.2700789626694315
69200.0	3000.0	1263.674798467064	0.0	0	93.62400085518311	1463.6747984670365	1	0	1	2.2700789626694315
70200.0	3000.0	1263.6747984670744	0.0	0	151.38541174640704	1463.674798467051	1	0	1	2.270078962669431
71200.0	3000.0	1263.6747984670844	0.0	0	125.77221324278798	1463.674798467051	1	0	1	2.270078962669431
72230.81443451847	3000.0	1232.860363948621	0.0	0	0.0	1463.674798467051	1	0	1	2.270078962669431
73200.0	3000.0	1263.674798467087	0.0	0	148.41379047995724	1463.674798467051	1	0	1	2.270078962669431
74200.0	3000.0	1263.6747984670924	0.0	0	485.2682044417015	1463.674798467051	1	0	1	2.270078962669431
75211.77754334403	3000.0	1251.8972551230681	0.0	0	0.0	1463.674798467051	1	0	1	2.270078962669431
76200.0	3000.0	1263.6747984670992	0.0	0	510.41975350741995	1463.674798467051	1	0	1	2.270078962669431
77200.0	3000.0	1263.674798467106	0.0	0	200.55057275002764	1463.674798467051	1	0	1	2.270078962669431
78220.16788955979	3000.0	1243.5069089073136	0.0	0	0.0	1463.6747984670656	1	0	1	2.27007896266943
79266.68579055041	3000.0	1196.9890079166835	0.0	0	0.0	1463.6747984670656	1	0	1	2.27007896266943
80200.0	3000.0	1263.6747984671044	0.0	0	152.19812136917608	1463.6747984670656	1	0	1	2.27007896266943
81200.0	3000.0	1263.6747984671179	0.0	0	356.7104183328047	1463.67479846708	1	0	1	2.2700789626694298
82200.0	3000.0	1263.6747984671101	0.0	0	36.772186656307895	1463.67479846708	1	0	1	2.2700789626694298
83200.0	3000.0	1263.674798467105	0.0	0	278.6471341759752	1463.67479846708	1	0	1	2.2700789626694298
84200.0	3000.0	1263.6747984670867	0.0	0	228.0331865127373	1463.6747984670947	1	0	1	2.2700789626694293
85200.0	3000.0	1263.6747984670924	0.0	0	247.85944685580034	1463.6747984670947	1	0	1	2.2700789626694293
86200.0	3000.0	1263.6747984670824	0.0	0	185.68429112274316	1463.67479846708	1	0	1	2.2700789626694298
87658.88759729273	3000.0	804.7872011743448	0.0	0	0.0	1463.67479846708	1	0	1	2.2700789626694298
88951.00473201564	3000.0	512.6700664514451	0.0	0	0.0	1463.67479846708	1	0	1	2.2700789626694298
89510.06530005959	3000.0	953.6094984074931	0.0	0	0.0	1463.67479846708	1	0	1	2.2700789626694298
90373.07629539493	3000.0	1090.598503072155	0.0	0	0.0	1463.67479846708	1	0	1	2.2700789626694298
91401.06473955455	3000.0	1062.6100589125285	0.0	0	0.0	1463.67479846708	1	0	1	2.2700789626694298
92370.8475794898	3000.0	1092.8272189772788	0.0	0	0.0	1463.67479846708	1	0	1	2.2700789626694298
93200.0	3000.0	1263.6747984670692	0.0	0	7.513921629535616	1463.67479846708	1	0	1	2.2700789626694298
94200.0	3000.0	1263.6747984670635	0.0	0	60.87074107826629	1463.67479846708	1	0	1	2.2700789626694298
95200.0	3000.0	1263.6747984670656	0.0	0	241.35191876682802	1463.67479846708	1	0	1	2.2700789626694298
96200.0	3000.0	1263.6747984670685	0.0	0	243.27955866676348	1463.67479846708	1	0	1	2.2700789626694298
97200.0	3000.0	1263.6747984670699	0.0	0	217.84854587788868	1463.6747984670656	1	0	1	2.27007896266943
98200.0	3000.0	1263.6747984670537	0.0	0	191.1727273427532	1463.6747984670656	1	0	1	2.27007896266943
99200.0	3000.0	1263.6747984670444	0.0	0	95.2419754111761	1463.6747984670656	1	0	1	2.27007896266943
100212.77271241767	3000.0	1250.902086049356	0.0	0	0.0	1463.6747984670656	1	0	1	2.27007896266943
101217.42918006102	3000.0	1246.245618406007	0.0	0	0.0	1463.6747984670656	1	0	1	2.27007896266943
102200.0	3000.0	1263.674798467031	0.0	0	355.88099967772723	1463.6747984670656	1	0	1	2.27007896266943
103200.0	3000.0	1263.674798467035	0.0	0	202.2284309367824	1463.6747984670656	1	0	1	2.27007896266943
104200.0	3000.0	1263.6747984670303	0.0	0	85.03548580623465	1463.674798467051	1	0	1	2.270078962669431
105200.0	3000.0	1263.6747984670349	0.0	0	405.55284593968827	1463.674798467051	1	0	1	2.270078962669431
106200.0	3000.0	1263.6747984670408	0.0	0	50.29138404141122	1463.6747984670656	1	0	1	2.27007896266943
107200.0	3000.0	1263.6747984670324	0.0	0	418.3319692989753	1463.6747984670656	1	0	1	2.27007896266943
108200.0	3000.0	1263.674798467026	0.0	0	6.813606622512452	1463.6747984670656	1	0	1	2.27007896266943
109200.0	3000.0	1263.6747984670355	0.0	0	391.0862735464034	1463.6747984670656	1	0	1	2.27007896266943
110200.0	3000.0	1263.6747984670349	0.0	0	81.96920053694339	1463.674798467051	1	0	1	2.270078962669431
111200.0	3000.0	1263.6747984670396	0.0	0	404.7664217249112	1463.6747984670656	1	0	1	2.27007896266943
112200.0	3000.0	1263.674798467037	0.0	0	392.22567851419444	1463.6747984670656	1	0	1	2.27007896266943
113356.88198096404	3000.0	1106.7928175029992	0.0	0	0.0	1463.6747984670656	1	0	1	2.27007896266943
114200.0	3000.0	1263.67479846703	0.0	0	133.57909088513406	1463.6747984670656	1	0	1	2.27007896266943
115200.0	3000.0	1263.6747984670346	0.0	0	67.00146299735934	1463.674798467051	1	0	1	2.270078962669431
116200.0	3000.0	1263.6747984670405	0.0	0	342.0508970460505	1463.674798467051	1	0	1	2.270078962669431
117200.0	3000.0	1263.6747984670444	0.0	0	383.1507176599407	1463.6747984670656	1	0	1	2.27007896266943
118200.0	3000.0	1263.6747984670346	0.0	0	313.07750409454457	1463.6747984670656	1	0	1	2.27007896266943
119200.0	3000.0	1263.674798467028	0.0	0	437.7616760616511	1463.6747984670656	1	0	1	2.27007896266943
120200.0	3000.0	1263.6747984670355	0.0	0	178.86487387344823	1463.6747984670656	1	0	1	2.27007896266943
121243.37728439199	3000.0	1220.2975140750586	0.0	0	0.0	1463.6747984670656	1	0	1	2.27007896266943
122200.0	3000.0	1263.6747984670465	0.0	0	366.6900827606005	1463.6747984670656	1	0	1	2.27007896266943
123200.0	3000.0	1263.6747984670435	0.0	0	464.0421581751725	1463.674798467051	1	0	1	2.270078962669431
124200.0	3000.0	1263.6747984670444	0.0	0	253.13173186438507	1463.674798467051	1	0	1	2.270078962669431
125200.0	3000.0	1263.6747984670399	0.0	0	15.418600240940577	1463.674798467051	1	0	1	2.270078962669431
126200.0	3000.0	1263.67479846704	0.0	0	76.64459411887219	1463.674798467051	1	0	1	2.270078962669431
127200.0	3000.0	1263.6747984670585	0.0	0	382.47743372945115	1463.674798467051	1	0	1	2.270078962669431
128200.0	3000.0	1263.6747984670515	0.0	0	468.0481270481396	1463.674798467051	1	0	1	2.270078962669431
129200.0	3000.0	1263.6747984670533	0.0	0	426.9574532616389	1463.674798467051	1	0	1	2.270078962669431
130200.0	3000.0	1263.67479846704	0.0	0	333.48601304829936	1463.674798467051	1	0	1	2.270078962669431
131248.9929247522	3000.0	1214.681873714821	0.0	0	0.0	1463.6747984670365	1	0	1	2.270078962669431
132200.0	3000.0	1263.674798467023	0.0	0	270.6014587379468	1463.674798467022	1	0	1	2.2700789626694315
133296.52118824839	3000.0	1167.1536102186474	0.0	0	0.0	1463.6747984669928	1	0	1	2.2700789626694333
134588.1495132198	3000.0	875.5252852471872	0.0	0	0.0	1463.6747984669928	1	0	1	2.2700789626694333
135686.97019825742	3000.0	776.7046002095722	0.0	0	0.0	1463.6747984669928	1	0	1	2.2700789626694333
136664.84749766646	3000.0	798.8273008005201	0.0	0	0.0	1463.6747984669928	1	0	1	2.2700789626694333
137560.9859881426	3000.0	902.6888103244266	0.0	0	0.0	1463.6747984669928	1	0	1	2.2700789626694333
138306.89603292535	3000.0	1156.7787655416728	0.0	0	0.0	1463.6747984669928	1	0	1	2.2700789626694333
139293.59869765327	3000.0	1170.0761008137533	0.0	0	0.0	1463.674798467022	1	0	1	2.2700789626694333
140312.90542389554	3000.0	1150.7693745714766	0.0	0	0.0	1463.674798467022	1	0	1	2.2700789626694324
141425.56438833787	3000.0	1038.1104101291512	0.0	0	0.0	1463.6747984669928	1	0	1	2.2700789626694333
142200.0	3000.0	1263.6747984670224	0.0	0	45.856839075655444	1463.6747984669928	1	0	1	2.2700789626694333
143200.0	3000.0	1263.674798467008	0.0	0	473.74823425590876	1463.6747984669637	1	0	1	2.2700789626694347
144202.53548399615	3000.0	1261.139314470856	0.0	0	0.0	1463.6747984669637	1	0	1	2.2700789626694347
145200.1569578354	3000.0	1263.517840631567	0.0	0	0.0	1463.6747984669637	1	0	1	2.2700789626694347
146272.2975597615	3000.0	1191.3772387054375	0.0	0	0.0	1463.6747984669637	1	0	1	2.2700789626694347
147319.51743809806	3000.0	1144.1573603688666	0.0	0	0.0	1463.6747984669637	1	0	1	2.2700789626694347
148577.1774162911	3000.0	886.4973821758263	0.0	0	0.0	1463.6747984669637	1	0	1	2.2700789626694347
149436.19462927917	3000.0	1027.4801691877567	0.0	0	0.0	1463.6747984669637	1	0	1	2.2700789626694347
150503.6461688722	3000.0	960.0286295947363	0.0	0	0.0	1463.6747984669637	1	0	1	2.2700789626694347
151385.6455887896	3000.0	1078.0292096773278	0.0	0	0.0	1463.6747984669346	1	0	1	2.270078962669436
152550.97985093796	3000.0	912.6949475289805	0.0	0	0.0	1463.6747984669346	1	0	1	2.270078962669436
153462.4348706083	3000.0	1001.2399278586466	0.0	0	0.0	1463.6747984669346	1	0	1	2.270078962669436
154805.13645855818	3000.0	658.5383399087596	0.0	0	0.0	1463.6747984669346	1	0	1	2.270078962669436
156630.02577798706	3000.0	229.1497464498173	395.50072596993215	0	0.0	1859.1755244368687	1	0	1	-0.12176108788636175
157655.9664817348	2000.0	548.6712991989708	345.46225649688574	0	0.0	2204.6377809337573	1	0	1	-0.6591511750356505
158352.26404770112	2000.0	852.3737332326317	0.0	0	0.0	2204.637780933728	1	0	1	1.8190874720538313
158945.28311556188	2000.0	1259.3546653718481	0.0	0	0.0	2204.637780933728	1	0	1	1.8190874720538313
159658.62045296948	2000.0	1546.017327964238	0.0	0	0.0	2204.637780933728	1	0	1	1.8190874720538313
160335.48486694216	2000.0	1869.1529139915738	0.0	0	0.0	2204.637780933728	1	0	1	1.8190874720538313
161200.0	2000.0	2004.6377809337132	0.0	0	279.4930678042292	2204.6377809337573	1	0	1	1.8190874720538288
162200.0	2000.0	2004.637780933711	0.0	0	498.0054106893367	2204.6377809337573	1	0	1	1.8190874720538288
163200.0	2000.0	2004.6377809337137	0.0	0	340.79398980457336	2204.6377809337573	1	0	1	1.8190874720538288
164200.0	2000.0	2004.6377809337291	0.0	0	323.4870040974347	2204.6377809337573	1	0	1	1.8190874720538288
165294.66582049904	2000.0	1909.9719604346924	0.0	0	0.0	2204.6377809337864	1	0	1	1.8190874720538264
166235.07841184485	2000.0	1969.559369088863	0.0	0	0.0	2204.6377809337573	1	0	1	1.8190874720538273
167200.0	2000.0	2004.6377809336805	0.0	0	250.24429911817424	2204.637780933728	1	0	1	1.8190874720538295
168200.0	2000.0	2004.637780933691	0.0	0	516.9224788847205	2204.637780933728	1	0	1	1.8190874720538313
169200.0	3000.0	2004.637780933705	0.0	0	250.57829076895723	2204.637780933728	1	0	1	1.8190874720538315
170214.62145837577	3000.0	1990.0163225579518	0.0	0	0.0	2204.6377809337573	1	0	1	2.2245525801619936
171200.0	3000.0	2004.6377809337655	0.0	0	35.381912425829796	2204.6377809337573	1	0	1	2.2245525801619936
172229.1581656936	3000.0	1975.4796152401655	0.0	0	0.0	2204.6377809337573	1	0	1	2.2245525801619936
173200.0	3000.0	2004.6377809337914	0.0	0	118.13966600113781	2204.6377809337573	1	0	1	2.2245525801619936
174200.0	3000.0	2004.6377809338014	0.0	0	345.36560102630756	2204.6377809337864	1	0	1	2.224552580161993
175200.0	3000.0	2004.6377809337714	0.0	0	52.3202923151257	2204.6377809337864	1	0	1	2.224552580161991
176200.0	3000.0	2004.6377809337832	0.0	0	273.4076374293945	2204.6377809337864	1	0	1	2.224552580161991
177200.0	3000.0	2004.6377809337755	0.0	0	45.39503758569481	2204.6377809337864	1	0	1	2.224552580161991
178200.0	3000.0	2004.6377809337646	0.0	0	470.2260704077198	2204.6377809338446	1	0	1	2.2245525801619883
179200.0	3000.0	2004.6377809337691	0.0	0	289.04711862499244	2204.6377809338446	1	0	1	2.224552580161986
180234.638829717	3000.0	1969.9989512167615	0.0	0	0.0	2204.6377809338155	1	0	1	2.2245525801619888
181585.01558083086	3000.0	1619.6222001029173	0.0	0	0.0	2204.6377809338155	1	0	1	2.2245525801619888
182930.57060526861	3000.0	1274.0671756651786	0.0	0	0.0	2204.6377809338155	1	0	1	2.2245525801619888
184090.2012016636	3000.0	1114.4365792701847	0.0	0	0.0	2204.6377809338446	1	0	1	2.224552580161986
185290.1220825509	3000.0	914.5156983828945	0.0	0	0.0	2204.6377809338446	1	0	1	2.224552580161986
186526.8311235979	3000.0	677.806657335889	0.0	0	0.0	2204.6377809338446	1	0	1	2.224552580161986
187780.35076967874	3000.0	424.2870112550106	0.0	0	0.0	2204.6377809338155	1	0	1	2.2245525801619888
188561.56166093744	3000.0	643.0761199963299	0.0	0	0.0	2204.6377809338155	1	0	1	2.2245525801619888
189259.88522593447	3000.0	944.7525549992815	0.0	0	0.0	2204.6377809338446	1	0	1	2.224552580161987
190107.68359961436	3000.0	1096.9541813193998	0.0	0	0.0	2204.6377809338155	1	0	1	2.2245525801619888
190729.65886558118	3000.0	1474.9789153525862	0.0	0	0.0	2204.6377809338155	1	0	1	2.2245525801619888
191542.5368929105	3000.0	1662.1008880232528	0.0	0	0.0	2204.6377809338155	1	0	1	2.2245525801619888
192521.1446214348	3000.0	1683.493159498925	0.0	0	0.0	2204.6377809338446	1	0	1	2.2245525801619865
193706.67468928496	3000.0	1497.9630916487397	0.0	0	0.0	2204.6377809338446	1	0	1	2.224552580161986
194391.09781136247	3000.0	1813.5399695712147	0.0	0	0.0	2204.6377809338737	1	0	1	2.2245525801619834
195217.31618892078	3000.0	1987.3215920128855	0.0	0	0.0	2204.6377809338446	1	0	1	2.2245525801619848
196200.0	3000.0	2004.6377809336236	0.0	0	280.3069023601129	2204.6377809338155	1	0	1	2.2245525801619865
197277.41657744726	3000.0	1927.2212034863592	0.0	0	0.0	2204.6377809338155	1	0	1	2.2245525801619888
198200.0	3000.0	2004.6377809336145	0.0	0	31.870230631931918	2204.6377809337864	1	0	1	2.2245525801619896
199200.0	3000.0	2004.6377809336036	0.0	0	284.2923987856775	2204.6377809337864	1	0	1	2.224552580161991
200200.0	3000.0	2004.6377809336009	0.0	0	159.57504614975187	2204.6377809338155	1	0	1	2.2245525801619888
201200.0	3000.0	2004.6377809336332	0.0	0	235.68208895076532	2204.6377809338446	1	0	1	2.224552580161986
202200.0	3000.0	2004.6377809336336	0.0	0	330.74328212530236	2204.6377809338155	1	0	1	2.2245525801619865
203200.0	3000.0	2004.6377809336427	0.0	0	51.824223137344234	2204.6377809338155	1	0	1	2.2245525801619888
204200.0	3000.0	2004.6377809336495	0.0	0	295.29220841260394	2204.6377809338155	1	0	1	2.2245525801619888
205200.0	3000.0	2004.6377809336482	0.0	0	178.43402512994362	2204.6377809338155	1	0	1	2.2245525801619888
206200.0	3000.0	2004.637780933649	0.0	0	220.71691366375308	2204.6377809338155	1	0	1	2.2245525801619888
207225.6837046703	3000.0	1978.954076263378	0.0	0	0.0	2204.6377809338155	1	0	1	2.2245525801619888
208559.30986519833	3000.0	1645.3279157353418	0.0	0	0.0	2204.6377809337864	1	0	1	2.224552580161991
209941.13484234977	3000.0	1263.5029385838702	0.0	0	0.0	2204.6377809337864	1	0	1	2.224552580161991
211194.84267055252	3000.0	1009.7951103811123	0.0	0	0.0	2204.6377809337573	1	0	1	2.2245525801619923
212102.59857456916	3000.0	1102.039206364432	0.0	0	0.0	2204.637780933728	1	0	1	2.2245525801619963
213127.80603753636	3000.0	1076.8317433972618	0.0	0	0.0	2204.6377809337573	1	0	1	2.2245525801619936
213922.94339586108	3000.0	1281.694385072544	0.0	0	0.0	2204.6377809337573	1	0	1	2.2245525801619936
214798.79612722225	3000.0	1405.8416537113987	0.0	0	0.0	2204.6377809337864	1	0	1	2.224552580161991
215444.8920990292	3000.0	1759.7456819044412	0.0	0	0.0	2204.6377809337864	1	0	1	2.224552580161991
216229.2341086225	3000.0	1975.4036723111387	0.0	0	0.0	2204.6377809337864	1	0	1	2.224552580161991
217200.0	3000.0	2004.6377809336445	0.0	0	110.15612301728106	2204.6377809337864	1	0	1	2.224552580161991
218238.23471352333	3000.0	1966.4030674103192	0.0	0	0.0	2204.6377809337864	1	0	1	2.224552580161991
219200.0	3000.0	2004.6377809336589	0.0	0	39.645773685653694	2204.6377809337864	1	0	1	2.224552580161991
220200.0	3000.0	2004.637780933661	0.0	0	191.82152219850104	2204.6377809337864	1	0	1	2.224552580161991
221287.5100116377	3000.0	1917.1277692959713	0.0	0	0.0	2204.6377809338155	1	0	1	2.22455258016199
222340.86626966757	3000.0	1863.771511266118	0.0	0	0.0	2204.6377809337864	1	0	1	2.2245525801619905
223200.0	3000.0	2004.637780933699	0.0	0	251.92047955055023	2204.6377809337864	1	0	1	2.224552580161991
224200.0	3000.0	2004.6377809336873	0.0	0	280.53377412082045	2204.6377809337573	1	0	1	2.2245525801619914
225200.0	3000.0	2004.63778093369	0.0	0	333.04477987875	2204.6377809337573	1	0	1	2.2245525801619936
226276.0360511984	3000.0	1928.6017297352605	0.0	0	0.0	2204.6377809337573	1	0	1	2.224552580161995
227200.0	3000.0	2004.63778093369	0.0	0	270.971069348976	2204.6377809337573	1	0	1	2.2245525801619936
228200.0	3000.0	2004.637780933721	0.0	0	214.34599920213805	2204.6377809337864	1	0	1	2.224552580161991
229200.0	3000.0	2004.6377809337469	0.0	0	309.6197329585557	2204.6377809337864	1	0	1	2.224552580161991
230200.0	3000.0	2004.6377809337496	0.0	0	340.0599154972879	2204.6377809337864	1	0	1	2.224552580161991
231200.0	3000.0	2004.63778093375	0.0	0	269.1557438916934	2204.6377809337864	1	0	1	2.224552580161991
232200.0	3000.0	2004.6377809337664	0.0	0	319.9424236153718	2204.6377809338155	1	0	1	2.2245525801619888
233200.0	3000.0	2004.637780933732	0.0	0	8.115577502292581	2204.6377809337864	1	0	1	2.2245525801619896
234227.63157958793	3000.0	1977.0062013458307	0.0	0	0.0	2204.6377809338155	1	0	1	2.22455258016199
235200.0	3000.0	2004.6377809337519	0.0	0	233.3106031641364	2204.6377809338155	1	0	1	2.2245525801619888
236200.0	3000.0	2004.6377809337725	0.0	0	75.36940833245171	2204.6377809337864	1	0	1	2.224552580161989
237754.7034991642	3000.0	1449.9342817695638	0.0	0	0.0	2204.6377809337864	1	0	1	2.224552580161991
238571.03359179356	3000.0	1633.6041891402128	0.0	0	0.0	2204.6377809337864	1	0	1	2.224552580161991
239497.21342736334	3000.0	1707.424353570453	0.0	0	0.0	2204.6377809337864	1	0	1	2.224552580161991
240657.8755369858	3000.0	1546.7622439480076	0.0	0	0.0	2204.6377809338155	1	0	1	2.2245525801619888
241642.3591576198	3000.0	1562.278623314026	0.0	0	0.0	2204.6377809338155	1	0	1	2.2245525801619888
242251.0511805806	3000.0	1953.586600353231	0.0	0	0.0	2204.6377809337864	1	0	1	2.2245525801619905
243200.0	3000.0	2004.6377809338537	0.0	0	124.2441519201966	2204.6377809337864	1	0	1	2.224552580161991
244200.0	3000.0	2004.6377809338392	0.0	0	409.873905430024	2204.6377809337864	1	0	1	2.224552580161991
245200.0	3000.0	2004.637780933836	0.0	0	29.909356368152658	2204.6377809337864	1	0	1	2.224552580161991
246223.84846364218	3000.0	1980.7893172916447	0.0	0	0.0	2204.6377809337573	1	0	1	2.2245525801619923
247200.0	3000.0	2004.6377809338533	0.0	0	193.9239272933628	2204.6377809337573	1	0	1	2.2245525801619936
248200.0	3000.0	2004.6377809338326	0.0	0	42.036057905934285	2204.637780933728	1	0	1	2.2245525801619963
249200.0	3000.0	2004.637780933831	0.0	0	49.6343222555588	2204.637780933728	1	0	1	2.2245525801619963
250200.0	3000.0	2004.6377809338358	0.0	0	10.21951784697012	2204.6377809337573	1	0	1	2.224552580161995
251200.0	3000.0	2004.6377809338483	0.0	0	165.25578699275502	2204.6377809337573	1	0	1	2.2245525801619936
252200.0	3000.0	2004.6377809338446	0.0	0	140.68519177427515	2204.6377809337573	1	0	1	2.2245525801619936
253200.0	3000.0	2004.6377809338755	0.0	0	81.48982596388669	2204.6377809337573	1	0	1	2.2245525801619936
254200.0	3000.0	2004.6377809339074	0.0	0	274.60807432522415	2204.6377809337573	1	0	1	2.2245525801619936
255200.0	3000.0	2004.637780933915	0.0	0	282.6778603576531	2204.6377809337573	1	0	1	2.2245525801619936
256200.0	3000.0	2004.6377809339	0.0	0	230.98393870290602	2204.6377809337573	1	0	1	2.2245525801619936
257200.0	3000.0	2004.63778093392	0.0	0	28.853924729657592	2204.6377809337573	1	0	1	2.2245525801619936
258200.0	3000.0	2004.6377809339124	0.0	0	282.12538786939695	2204.6377809337864	1	0	1	2.224552580161993
259200.0	3000.0	2004.6377809339274	0.0	0	372.50440560336574	2204.6377809337573	1	0	1	2.2245525801619936
260200.0	3000.0	2004.6377809339238	0.0	0	389.22588236871525	2204.6377809337573	1	0	1	2.2245525801619936
261200.0	3000.0	2004.6377809339256	0.0	0	476.17942939372733	2204.637780933728	1	0	1	2.224552580161994
262200.0	3000.0	2004.6377809339165	0.0	0	69.46638820669614	2204.637780933728	1	0	1	2.2245525801619963
263200.0	3000.0	2004.6377809338837	0.0	0	278.876237380784	2204.637780933699	1	0	1	2.2245525801619976
264200.0	3000.0	2004.6377809338965	0.0	0	59.576842037262395	2204.637780933728	1	0	1	2.2245525801619985
265200.0	3000.0	2004.6377809338992	0.0	0	377.7268128860742	2204.637780933699	1	0	1	2.2245525801619985
266200.0	3000.0	2004.6377809339147	0.0	0	361.5572180567542	2204.637780933699	1	0	1	2.2245525801619945
267200.0	3000.0	2004.6377809339383	0.0	0	370.64970779354917	2204.6377809337573	1	0	1	2.2245525801619976
268200.0	3000.0	2004.6377809339047	0.0	0	153.98286390921567	2204.637780933699	1	0	1	2.2245525801619985
269200.0	3000.0	2004.6377809338846	0.0	0	68.31547941250028	2204.6377809337573	1	0	1	2.2245525801619936
270200.0	3000.0	2004.6377809339165	0.0	0	185.8630725906114	2204.637780933699	1	0	1	2.2245525801619945
271200.0	3000.0	2004.6377809338828	0.0	0	165.24124866526108	2204.637780933641	1	0	1	2.224552580162004
272200.0	3000.0	2004.637780933931	0.0	0	240.2188567733392	2204.637780933641	1	0	1	2.224552580162004
273200.0	3000.0	2004.6377809339028	0.0	0	503.18121313332813	2204.637780933641	1	0	1	2.224552580162004
274271.00984113506	3000.0	1933.627939798813	0.0	0	0.0	2204.637780933641	1	0	1	2.224552580162004
275200.0	3000.0	2004.6377809339047	0.0	0	60.623497620399576	2204.637780933641	1	0	1	2.224552580162004
276200.0	3000.0	2004.637780933911	0.0	0	94.96152562554926	2204.637780933699	1	0	1	2.2245525801619985
277200.0	3000.0	2004.6377809339228	0.0	0	125.33862252708059	2204.637780933699	1	0	1	2.2245525801619945
278200.0	3000.0	2004.6377809339347	0.0	0	249.4032646616106	2204.637780933641	1	0	1	2.224552580162004
279200.0	3000.0	2004.6377809339588	0.0	0	180.9864832222229	2204.637780933641	1	0	1	2.224552580162004
280214.36617060925	3000.0	1990.2716103247062	0.0	0	0.0	2204.637780933641	1	0	1	2.224552580162004
281200.0	3000.0	2004.6377809339547	0.0	0	236.98456639493816	2204.637780933641	1	0	1	2.224552580162004
282200.0	3000.0	2004.6377809339428	0.0	0	215.5649871325586	2204.6377809335827	1	0	1	2.2245525801620047
283411.08487690747	3000.0	1793.5529040264646	0.0	0	0.0	2204.6377809335827	1	0	1	2.2245525801620087
284368.7160477367	3000.0	1835.9217331972745	0.0	0	0.0	2204.6377809335827	1	0	1	2.2245525801620087
285200.0	3000.0	2004.6377809340108	0.0	0	41.322033345582895	2204.637780933641	1	0	1	2.224552580162004
286207.73712101416	3000.0	1996.9006599197826	0.0	0	0.0	2204.6377809335827	1	0	1	2.2245525801620056
287200.0	3000.0	2004.6377809339392	0.0	0	244.06203223665943	2204.6377809335827	1	0	1	2.2245525801620087
288200.0	3000.0	2004.6377809339288	0.0	0	37.85862818243913	2204.6377809335245	1	0	1	2.2245525801620136
289200.0	3000.0	2004.6377809339238	0.0	0	195.55883738026023	2204.6377809335245	1	0	1	2.2245525801620136
290200.0	3000.0	2004.6377809339224	0.0	0	205.61304932797793	2204.6377809335245	1	0	1	2.2245525801620136
291239.55734714755	3000.0	1965.0804337863397	0.0	0	0.0	2204.6377809335245	1	0	1	2.2245525801620136
292200.0	3000.0	2004.6377809338983	0.0	0	68.29341972497059	2204.6377809335245	1	0	1	2.2245525801620136
293200.0	3000.0	2004.6377809339624	0.0	0	290.6289696501917	2204.6377809335245	1	0	1	2.2245525801620136
294200.0	3000.0	2004.6377809339206	0.0	0	24.732608964899555	2204.6377809334663	1	0	1	2.2245525801620145
295200.0	3000.0	2004.6377809339374	0.0	0	19.73194389807759	2204.637780933408	1	0	1	2.2245525801620234
296200.0	3000.0	2004.63778093391	0.0	0	358.9057236230001	2204.637780933408	1	0	1	2.2245525801620234
297285.42070324643	3000.0	1919.217077687472	0.0	0	0.0	2204.637780933408	1	0	1	2.2245525801620234
298320.0928721593	3000.0	1884.544908774579	0.0	0	0.0	2204.637780933408	1	0	1	2.2245525801620234
299518.3902300495	3000.0	1686.24755088445	0.0	0	0.0	2204.6377809334663	1	0	1	2.2245525801620203
300841.1724010692	3000.0	1363.4653798647353	0.0	0	0.0	2204.6377809334663	1	0	1	2.2245525801620185
3.14	2.84	1.22	2.1	2.84	2.97	2.92	3.05	3.39	3.8	3.64	2.37	2.47	3.15	4.38	3.79	2.81	4.12	3.52	3.76	3.88	4.29	3.46	3.41	4.56	4.33	3.85	2.59	3.29	2.47	2.84	3.06	3.54	3.07	2.79	3.21	4.09	3.86	3.34	2.37	3.82	4.47	3.66	3.65	3.41	4.8	3.79	3.39	4.78	3.76	3.89	3.73	3.26	3.72	2.4	3.22	2.99	2.73	3.68	3.05	3.31	4.46	4.89	4.25	3.37	3.28	2.98	3.08	3.29	4.98	3.09	5.47	3.35	3.75	3.88	4.15	4.09	3.82	4.07	3.38	3.13	5.09	3.01	1.55	2.83	4.56	2.88	3.31	4.01	4.31	4.03	3.17	3.89	3.52	3.9	2.88	2.64	4.31	3.46	3.67	4.43	4.38	4.18	4.01	4.25	4.36	5.16	4.84	2.8	3.45	3.38	4.92	6.26	4.0	4.15	4.1	3.57	4.0	4.44	5.19	3.68	4.45	4.04	4.68	4.2	4.29	3.73	5.0	3.15	3.44	2.78	3.92	2.9	4.39	4.41	3.71	3.66	3.02	4.56	3.13	3.81	2.69	3.93	2.92	3.22	3.27	3.14	2.64	2.72	4.31	3.14	2.84	1.22	2.1	2.84	2.97	2.92	3.05	3.39	3.8	3.64	2.37	2.47	3.15	4.38	3.79	2.81	4.12	3.52	3.76	3.88	4.29	3.46	3.41	4.56	4.33	3.85	2.59	3.29	2.47	2.84	3.06	3.54	3.07	2.79	3.21	4.09	3.86	3.34	2.37	3.82	4.47	3.66	3.65	3.41	4.8	3.79	3.39	4.78	3.76	3.89	3.73	3.26	3.72	2.4	3.22	2.99	2.73	3.68	3.05	3.31	4.46	4.89	4.25	3.37	3.28	2.98	3.08	3.29	4.98	3.09	5.47	3.35	3.75	3.88	4.15	4.09	3.82	4.07	3.38	3.13	5.09	3.01	1.55	2.83	4.56	2.88	3.31	4.01	4.31	4.03	3.17	3.89	3.52	3.9	2.88	2.64	4.31	3.46	3.67	4.43	4.38	4.18	4.01	4.25	4.36	5.16	4.84	2.8	3.45	3.38	4.92	6.26	4.0	4.15	4.1	3.57	4.0	4.44	5.19	3.68	4.45	4.04	4.68	4.2	4.29	3.73	5.0	3.15	3.44	2.78	3.92	2.9	4.39	4.41	3.71	3.66	3.02	4.56	3.13	3.81	2.69	3.93	2.92	3.22	3.27	3.14	2.64	2.72	4.31	3.14
1.0	2.0	3.0	4.0	5.0	6.0	7.0	8.0	9.0	10.0	11.0	12.0	13.0	14.0	15.0	16.0	17.0	18.0	19.0	20.0	21.0	22.0	23.0	24.0	25.0	26.0	27.0	28.0	29.0	30.0	31.0	32.0	33.0	34.0	35.0	36.0	37.0	38.0	39.0	40.0	41.0	42.0	43.0	44.0	45.0	46.0	47.0	48.0	49.0	50.0	51.0	52.0	53.0	54.0	55.0	56.0	57.0	58.0	59.0	60.0	61.0	62.0	63.0	64.0	65.0	66.0	67.0	68.0	69.0	70.0	71.0	72.0	73.0	74.0	75.0	76.0	77.0	78.0	79.0	80.0	81.0	82.0	83.0	84.0	85.0	86.0	87.0	88.0	89.0	90.0	91.0	92.0	93.0	94.0	95.0	96.0	97.0	98.0	99.0	100.0	101.0	102.0	103.0	104.0	105.0	106.0	107.0	108.0	109.0	110.0	111.0	112.0	113.0	114.0	115.0	116.0	117.0	118.0	119.0	120.0	121.0	122.0	123.0	124.0	125.0	126.0	127.0	128.0	129.0	130.0	131.0	132.0	133.0	134.0	135.0	136.0	137.0	138.0	139.0	140.0	141.0	142.0	143.0	144.0	145.0	146.0	147.0	148.0	149.0	149.0	150.0	151.0	152.0	153.0	154.0	155.0	156.0	157.0	158.0	159.0	160.0	161.0	162.0	163.0	164.0	165.0	166.0	167.0	168.0	169.0	170.0	171.0	172.0	173.0	174.0	175.0	176.0	177.0	178.0	179.0	180.0	181.0	182.0	183.0	184.0	185.0	186.0	187.0	188.0	189.0	190.0	191.0	192.0	193.0	194.0	195.0	196.0	197.0	198.0	199.0	200.0	201.0	202.0	203.0	204.0	205.0	206.0	207.0	208.0	209.0	210.0	211.0	212.0	213.0	214.0	215.0	216.0	217.0	218.0	219.0	220.0	221.0	222.0	223.0	224.0	225.0	226.0	227.0	228.0	229.0	230.0	231.0	232.0	233.0	234.0	235.0	236.0	237.0	238.0	239.0	240.0	241.0	242.0	243.0	244.0	245.0	246.0	247.0	248.0	249.0	250.0	251.0	252.0	253.0	254.0	255.0	256.0	257.0	258.0	259.0	260.0	261.0	262.0	263.0	264.0	265.0	266.0	267.0	268.0	269.0	270.0	271.0	272.0	273.0	274.0	275.0	276.0	277.0	278.0	279.0	280.0	281.0	282.0	283.0	284.0	285.0	286.0	287.0	288.0	289.0	290.0	291.0	292.0	293.0	294.0	295.0	296.0	297.0	298.0	298.0	299.0
4036.8460896125616
