3296.1110695918305	300.0	2000.0	113.63460704966012	0	0.0	3296.1110695918305	1	0	1	-0.9182516837949356
3379.056745504482	300.0	2917.054324087349	0.0	0	0.0	3296.1110695918305	1	0	1	-0.24108658260254437
4200.0	300.0	3096.111069591831	0.0	0	730.5867895272122	3296.1110695918305	1	0	1	-0.2410865826025444
5200.0	500.0	3096.111069591832	0.0	0	901.3190432403844	3296.1110695918314	1	0	1	-0.24108658260254448
6200.0	500.0	3096.1110695918333	0.0	0	911.601941023453	3296.111069591833	1	0	1	0.26973904116344594
7200.0	500.0	3096.111069591832	0.0	0	867.8906588812588	3296.1110695918314	1	0	1	0.269739041163446
8200.0	500.0	3096.111069591831	0.0	0	872.3979133451949	3296.1110695918305	1	0	1	0.2697390411634464
9200.0	1000.0	3096.1110695918305	0.0	0	730.7320005512629	3296.1110695918314	1	0	1	0.2697390411634462
10200.0	1000.0	3096.111069591831	0.0	0	807.7276561383296	3296.1110695918323	1	0	1	0.9628862217233916
11200.0	3000.0	3096.1110695918314	0.0	0	302.2698527340435	3296.1110695918323	1	0	1	0.9628862217233914
12200.0	3000.0	3096.111069591831	0.0	0	496.8490996387045	3296.1110695918305	1	0	1	2.061498510391502
13200.0	3000.0	3096.111069591832	0.0	0	458.407218459859	3296.1110695918287	1	0	1	2.0614985103915022
14200.0	3000.0	3096.1110695918333	0.0	0	503.80531859352595	3296.1110695918287	1	0	1	2.0614985103915022
15200.0	3000.0	3096.111069591832	0.0	0	466.28693785259566	3296.1110695918287	1	0	1	2.0614985103915022
16200.0	3000.0	3096.11106959183	0.0	0	497.021169868809	3296.1110695918287	1	0	1	2.0614985103915022
17200.0	3000.0	3096.1110695918305	0.0	0	556.9561366786766	3296.1110695918287	1	0	1	2.061498510391502
18200.0	3000.0	3096.111069591833	0.0	0	400.2882781227927	3296.111069591834	1	0	1	2.061498510391502
19200.0	3000.0	3096.1110695918323	0.0	0	577.145049464747	3296.1110695918323	1	0	1	2.061498510391502
20200.0	3000.0	3096.11106959183	0.0	0	489.23040558931825	3296.1110695918287	1	0	1	2.061498510391502
21200.0	3000.0	3096.1110695918337	0.0	0	339.7712923860745	3296.1110695918323	1	0	1	2.0614985103915013
22200.0	3000.0	3096.1110695918333	0.0	0	150.0059292748083	3296.1110695918323	1	0	1	2.0614985103915013
23200.0	3000.0	3096.1110695918314	0.0	0	353.56585224378796	3296.1110695918323	1	0	1	2.0614985103915013
24200.0	3000.0	3096.111069591829	0.0	0	475.4943216801621	3296.1110695918323	1	0	1	2.0614985103915013
25200.0	3000.0	3096.111069591832	0.0	0	573.5749475417724	3296.1110695918323	1	0	1	2.0614985103915013
26200.0	3000.0	3096.1110695918314	0.0	0	154.34147485025096	3296.1110695918323	1	0	1	2.0614985103915013
27200.0	3000.0	3096.111069591831	0.0	0	400.4061524841054	3296.1110695918323	1	0	1	2.0614985103915013
28200.0	3000.0	3096.1110695918296	0.0	0	463.0399543550484	3296.1110695918323	1	0	1	2.0614985103915013
29200.0	3000.0	3096.1110695918273	0.0	0	753.53185338189	3296.1110695918323	1	0	1	2.0614985103915013
30200.0	3000.0	3096.1110695918237	0.0	0	544.2812745835508	3296.1110695918323	1	0	1	2.0614985103915013
31200.0	3000.0	3096.1110695918214	0.0	0	331.2056742674067	3296.1110695918323	1	0	1	2.0614985103915013
32200.0	3000.0	3096.111069591818	0.0	0	533.501122067948	3296.1110695918287	1	0	1	2.0614985103915022
33200.0	3000.0	3096.11106959182	0.0	0	707.4611063320663	3296.1110695918287	1	0	1	2.0614985103915022
34200.0	3000.0	3096.1110695918205	0.0	0	128.4051288739065	3296.1110695918287	1	0	1	2.061498510391502
35200.0	3000.0	3096.111069591812	0.0	0	391.9736173915153	3296.1110695918214	1	0	1	2.061498510391503
36200.0	3000.0	3096.111069591801	0.0	0	424.8123993984482	3296.1110695918032	1	0	1	2.0614985103915062
37405.395532547765	6000.0	2890.7155370440337	0.0	0	0.0	3296.1110695918105	1	0	1	2.0614985103915062
38200.0	3000.0	3096.111069591802	0.0	0	276.85134620648023	3296.1110695918105	1	0	1	1.3683513298315615
39200.0	3000.0	3096.111069591801	0.0	0	548.2232011561791	3296.1110695918105	1	0	1	2.0614985103915067
40200.0	3000.0	3096.111069591808	0.0	0	474.77418969466817	3296.1110695918105	1	0	1	2.0614985103915067
41200.0	3000.0	3096.1110695918032	0.0	0	187.15941037740413	3296.1110695918105	1	0	1	2.0614985103915067
42200.0	3000.0	3096.111069591801	0.0	0	507.80861485951755	3296.1110695918105	1	0	1	2.0614985103915067
43200.0	3000.0	3096.1110695917882	0.0	0	592.0281342358867	3296.1110695918105	1	0	1	2.0614985103915067
44200.0	3000.0	3096.111069591786	0.0	0	255.20782371213863	3296.1110695918105	1	0	1	2.0614985103915067
45200.0	3000.0	3096.1110695917873	0.0	0	98.35008810769796	3296.1110695918105	1	0	1	2.0614985103915067
46200.0	3000.0	3096.111069591789	0.0	0	507.9154228713305	3296.111069591818	1	0	1	2.0614985103915044
47200.0	3000.0	3096.1110695917932	0.0	0	628.9853413960882	3296.111069591825	1	0	1	2.0614985103915027
48200.0	3000.0	3096.111069591793	0.0	0	348.5043505769718	3296.111069591825	1	0	1	2.0614985103915027
49200.0	3000.0	3096.111069591791	0.0	0	557.7873850222604	3296.111069591818	1	0	1	2.0614985103915044
50200.0	3000.0	3096.111069591787	0.0	0	638.2928524291565	3296.1110695918105	1	0	1	2.0614985103915067
51200.0	3000.0	3096.111069591792	0.0	0	546.6626812839313	3296.1110695918105	1	0	1	2.0614985103915067
52200.0	3000.0	3096.1110695917896	0.0	0	556.6923633338301	3296.1110695918105	1	0	1	2.0614985103915067
53200.0	3000.0	3096.111069591779	0.0	0	629.528926295643	3296.1110695918032	1	0	1	2.061498510391508
54200.0	3000.0	3096.1110695917832	0.0	0	524.0317419928615	3296.1110695918105	1	0	1	2.0614985103915067
55200.0	6000.0	3096.111069591789	0.0	0	529.8488367446189	3296.1110695918105	1	0	1	2.0614985103915062
56200.0	6000.0	3096.111069591788	0.0	0	167.73167619673768	3296.1110695918105	1	0	1	2.754645690951451
57200.0	6000.0	3096.111069591796	0.0	0	127.02613167923118	3296.1110695918105	1	0	1	2.754645690951451
58200.0	6000.0	3096.111069591792	0.0	0	87.14480557118804	3296.1110695918105	1	0	1	2.754645690951451
59200.0	6000.0	3096.1110695917873	0.0	0	98.81099562410236	3296.1110695918105	1	0	1	2.754645690951451
60398.59635143878	6000.0	2897.5147181530115	0.0	0	0.0	3296.1110695918105	1	0	1	2.754645690951451
61280.51921167379	6000.0	3015.591857917993	0.0	0	0.0	3296.1110695918032	1	0	1	2.7546456909514525
62200.0	6000.0	3096.111069591785	0.0	0	45.785753451360506	3296.1110695918032	1	0	1	2.7546456909514525
63200.0	6000.0	3096.1110695917932	0.0	0	105.88933176145656	3296.1110695918105	1	0	1	2.754645690951451
64200.0	6000.0	3096.111069591791	0.0	0	41.10926890375413	3296.1110695918105	1	0	1	2.754645690951451
65200.0	6000.0	3096.111069591794	0.0	0	15.296726150430914	3296.1110695918105	1	0	1	2.754645690951451
66703.57231730786	6000.0	2592.5387522839424	0.0	0	0.0	3296.111069591825	1	0	1	2.754645690951447
67720.59067745537	6000.0	2575.520392136431	0.0	0	0.0	3296.1110695918323	1	0	1	2.7546456909514463
68771.52127585573	6000.0	2524.589793736078	0.0	0	0.0	3296.111069591847	1	0	1	2.754645690951445
69552.24047746095	6000.0	2743.8705921308688	0.0	0	0.0	3296.111069591847	1	0	1	2.7546456909514427
70530.32440774773	6000.0	2765.7866618440844	0.0	0	0.0	3296.111069591847	1	0	1	2.7546456909514427
71681.25498452784	6000.0	2614.856085063972	0.0	0	0.0	3296.111069591847	1	0	1	2.7546456909514427
72528.10192894595	6000.0	2768.009140645855	0.0	0	0.0	3296.1110695918323	1	0	1	2.7546456909514463
73200.0	6000.0	3096.1110695918123	0.0	0	44.940190651861485	3296.111069591818	1	0	1	2.7546456909514494
74464.27079575564	6000.0	2831.8402738361847	0.0	0	0.0	3296.111069591818	1	0	1	2.7546456909514494
75612.20603833931	6000.0	2683.9050312525114	0.0	0	0.0	3296.111069591818	1	0	1	2.7546456909514494
76594.62713263523	6000.0	2701.483936956596	0.0	0	0.0	3296.111069591818	1	0	1	2.7546456909514494
77596.30822701169	6000.0	2699.802842580121	0.0	0	0.0	3296.111069591818	1	0	1	2.7546456909514494
78989.3416087554	6000.0	2306.7694608364045	0.0	0	0.0	3296.1110695918032	1	0	1	2.7546456909514525
79944.1616761655	6000.0	2351.949393426317	0.0	0	0.0	3296.1110695918032	1	0	1	2.7546456909514525
80869.74632827689	6000.0	2426.364741314937	0.0	0	0.0	3296.1110695918032	1	0	1	2.7546456909514525
82045.81846652577	6000.0	2250.2926030660446	0.0	0	0.0	3296.1110695917887	1	0	1	2.7546456909514565
83166.64400885194	6000.0	2129.4670607398743	0.0	0	0.0	3296.1110695918032	1	0	1	2.7546456909514525
83954.9066940812	6000.0	2341.2043755106115	0.0	0	0.0	3296.1110695918032	1	0	1	2.7546456909514525
84570.11882305077	3000.0	2725.992246541059	0.0	0	0.0	3296.1110695918032	1	0	1	1.3683513298315633
85516.67232034975	6000.0	2779.4387492420706	0.0	0	0.0	3296.1110695918032	1	0	1	2.061498510391508
86200.0	6000.0	3096.11106959184	0.0	0	58.737734738781	3296.1110695918032	1	0	1	2.7546456909514525
87200.0	6000.0	3096.111069591839	0.0	0	404.4061171654321	3296.1110695918032	1	0	1	2.7546456909514525
88382.24268498122	6000.0	2913.8683846106233	0.0	0	0.0	3296.1110695918032	1	0	1	2.7546456909514525
89560.77819353087	6000.0	2735.332876060975	0.0	0	0.0	3296.1110695918032	1	0	1	2.7546456909514525
90889.978529856	6000.0	2406.132539735835	0.0	0	0.0	3296.111069591818	1	0	1	2.7546456909514494
91863.267743336	6000.0	2432.8433262558533	0.0	0	0.0	3296.111069591818	1	0	1	2.7546456909514494
92560.68472328839	6000.0	2735.4263463034504	0.0	0	0.0	3296.111069591818	1	0	1	2.7546456909514494
93589.12115617143	6000.0	2706.989913420395	0.0	0	0.0	3296.111069591818	1	0	1	2.7546456909514494
94591.86572087675	6000.0	2704.2453487150624	0.0	0	0.0	3296.111069591818	1	0	1	2.7546456909514494
96064.87681220981	6000.0	2231.2342573820197	0.0	0	0.0	3296.111069591818	1	0	1	2.7546456909514494
96974.54318200493	6000.0	2321.567887586904	0.0	0	0.0	3296.111069591818	1	0	1	2.7546456909514494
97955.50572555939	6000.0	2340.605344032434	0.0	0	0.0	3296.111069591818	1	0	1	2.7546456909514494
98573.8363069226	3000.0	2722.2747626692085	0.0	0	0.0	3296.111069591818	1	0	1	1.3683513298315595
99200.0	3000.0	3096.1110695918146	0.0	0	184.58915011891804	3296.111069591818	1	0	1	2.0614985103915044
100200.0	3000.0	3096.111069591819	0.0	0	629.7733674169431	3296.111069591818	1	0	1	2.0614985103915044
101200.0	3000.0	3096.111069591827	0.0	0	622.6544702566898	3296.111069591818	1	0	1	2.0614985103915044
102666.57335093782	6000.0	2629.5377186540113	0.0	0	0.0	3296.111069591818	1	0	1	2.0614985103915044
103338.50956841694	3000.0	2957.601501174896	0.0	0	0.0	3296.111069591818	1	0	1	1.3683513298315595
104200.0	3000.0	3096.1110695918505	0.0	0	362.15465612987464	3296.111069591818	1	0	1	2.0614985103915044
105200.0	3000.0	3096.1110695918537	0.0	0	117.7287259472505	3296.111069591818	1	0	1	2.0614985103915044
106200.0	3000.0	3096.11106959185	0.0	0	167.94965379466885	3296.111069591818	1	0	1	2.0614985103915044
107200.0	3000.0	3096.1110695918605	0.0	0	550.3356852337602	3296.1110695918032	1	0	1	2.061498510391508
108200.0	3000.0	3096.1110695918655	0.0	0	506.18878267437685	3296.1110695918032	1	0	1	2.061498510391508
109200.0	3000.0	3096.1110695918546	0.0	0	393.85455268246005	3296.1110695918032	1	0	1	2.061498510391508
110200.0	3000.0	3096.111069591867	0.0	0	147.40022461091576	3296.111069591818	1	0	1	2.0614985103915044
111200.0	3000.0	3096.1110695918687	0.0	0	181.21027690530173	3296.1110695918323	1	0	1	2.0614985103915013
112200.0	3000.0	3096.1110695918733	0.0	0	525.1469451763551	3296.1110695918323	1	0	1	2.0614985103915013
113200.0	3000.0	3096.111069591863	0.0	0	390.0083276060177	3296.1110695918323	1	0	1	2.0614985103915013
114200.0	3000.0	3096.111069591858	0.0	0	596.4177050298604	3296.1110695918323	1	0	1	2.0614985103915013
115200.0	3000.0	3096.1110695918705	0.0	0	410.088067530407	3296.1110695918323	1	0	1	2.0614985103915013
116200.0	3000.0	3096.111069591855	0.0	0	120.13183559618483	3296.111069591818	1	0	1	2.0614985103915044
117200.0	3000.0	3096.1110695918687	0.0	0	488.9549220439076	3296.111069591818	1	0	1	2.0614985103915044
118200.0	3000.0	3096.1110695918724	0.0	0	367.5850833435543	3296.111069591818	1	0	1	2.0614985103915044
119200.0	3000.0	3096.111069591866	0.0	0	365.5078239484137	3296.111069591818	1	0	1	2.0614985103915044
120200.0	3000.0	3096.111069591873	0.0	0	589.3584478456469	3296.111069591818	1	0	1	2.0614985103915044
121200.0	3000.0	3096.111069591871	0.0	0	428.44933319988195	3296.111069591818	1	0	1	2.0614985103915044
122200.0	3000.0	3096.111069591865	0.0	0	451.1288387011009	3296.111069591818	1	0	1	2.0614985103915044
123200.0	3000.0	3096.1110695918555	0.0	0	602.7654982453387	3296.111069591818	1	0	1	2.0614985103915044
124200.0	3000.0	3096.1110695918496	0.0	0	83.00762187085638	3296.1110695918032	1	0	1	2.061498510391508
125200.0	3000.0	3096.1110695918705	0.0	0	446.2161876180762	3296.1110695918032	1	0	1	2.061498510391508
126200.0	3000.0	3096.1110695918605	0.0	0	384.8774197104358	3296.1110695918032	1	0	1	2.061498510391508
127200.0	3000.0	3096.1110695918564	0.0	0	348.08097241198993	3296.1110695918032	1	0	1	2.061498510391508
128200.0	3000.0	3096.1110695918624	0.0	0	316.1249233230337	3296.1110695917887	1	0	1	2.0614985103915116
129200.0	3000.0	3096.1110695918796	0.0	0	178.53331047946995	3296.1110695917887	1	0	1	2.0614985103915116
130200.0	3000.0	3096.111069591871	0.0	0	342.1858650616341	3296.1110695917887	1	0	1	2.0614985103915116
131200.0	3000.0	3096.111069591879	0.0	0	270.732332399537	3296.111069591774	1	0	1	2.061498510391512
132200.0	3000.0	3096.111069591858	0.0	0	518.7342105189455	3296.1110695917596	1	0	1	2.0614985103915178
133200.0	3000.0	3096.111069591842	0.0	0	426.69528966367943	3296.111069591745	1	0	1	2.0614985103915204
134200.0	3000.0	3096.1110695918783	0.0	0	418.63045319047524	3296.1110695918032	1	0	1	2.0614985103915124
135200.0	3000.0	3096.111069591881	0.0	0	527.1133719260688	3296.1110695918032	1	0	1	2.061498510391508
136200.0	3000.0	3096.1110695918787	0.0	0	445.4088211072376	3296.1110695918032	1	0	1	2.061498510391508
137200.0	3000.0	3096.111069591874	0.0	0	605.2267984839564	3296.1110695918323	1	0	1	2.0614985103915013
138200.0	3000.0	3096.1110695919006	0.0	0	407.69393760952516	3296.1110695918323	1	0	1	2.0614985103915013
139200.0	3000.0	3096.1110695919147	0.0	0	464.0053215693915	3296.1110695918323	1	0	1	2.0614985103915013
140200.0	3000.0	3096.11106959193	0.0	0	322.03756696663913	3296.1110695918323	1	0	1	2.0614985103915013
141200.0	3000.0	3096.1110695919174	0.0	0	590.1338551628578	3296.1110695918323	1	0	1	2.0614985103915013
142236.86502249882	3000.0	3059.2460470930732	0.0	0	0.0	3296.1110695918323	1	0	1	2.0614985103915013
143200.0	3000.0	3096.1110695918796	0.0	0	370.0925037791603	3296.1110695918615	1	0	1	2.0614985103914947
144200.0	3000.0	3096.111069591887	0.0	0	625.2360960043734	3296.1110695918615	1	0	1	2.0614985103914947
145200.0	3000.0	3096.1110695918637	0.0	0	417.2367341563513	3296.1110695918615	1	0	1	2.0614985103914947
146200.0	3000.0	3096.111069591888	0.0	0	184.0445442647033	3296.1110695918615	1	0	1	2.0614985103914947
147200.0	3000.0	3096.1110695918896	0.0	0	245.40729819698026	3296.1110695918323	1	0	1	2.0614985103915013
148200.0	3000.0	3096.1110695919024	0.0	0	186.64596518318285	3296.1110695918615	1	0	1	2.0614985103914947
149200.0	3000.0	3096.111069591904	0.0	0	531.3242768019554	3296.1110695918615	1	0	1	2.0614985103914947
150200.0	3000.0	3096.1110695918846	0.0	0	562.8797622087004	3296.1110695918323	1	0	1	2.0614985103915013
151200.0	3000.0	3096.111069591897	0.0	0	361.42397856366006	3296.1110695918615	1	0	1	2.0614985103914947
152200.0	3000.0	3096.111069591877	0.0	0	200.38158050266793	3296.1110695918615	1	0	1	2.0614985103914947
153200.0	3000.0	3096.1110695918533	0.0	0	242.26669870634214	3296.1110695918615	1	0	1	2.0614985103915
154200.0	3000.0	3096.111069591849	0.0	0	625.8632193810772	3296.1110695918615	1	0	1	2.0614985103914947
155200.0	3000.0	3096.1110695918455	0.0	0	562.3130338389019	3296.1110695918615	1	0	1	2.0614985103914947
156200.0	3000.0	3096.111069591852	0.0	0	282.04625646496424	3296.1110695918906	1	0	1	2.0614985103914933
157200.0	3000.0	3096.1110695918464	0.0	0	190.4405917765107	3296.1110695918615	1	0	1	2.061498510391489
158200.0	3000.0	3096.1110695918414	0.0	0	270.5974202841462	3296.1110695918906	1	0	1	2.0614985103914876
159200.0	3000.0	3096.1110695918683	0.0	0	359.9874366184231	3296.1110695918906	1	0	1	2.0614985103914876
160200.0	3000.0	3096.111069591896	0.0	0	471.31574292853475	3296.1110695918906	1	0	1	2.0614985103914876
161200.0	3000.0	3096.111069591918	0.0	0	576.6224554196524	3296.1110695918906	1	0	1	2.0614985103914876
162200.0	3000.0	3096.1110695919238	0.0	0	563.5595915305603	3296.1110695918906	1	0	1	2.0614985103914876
163200.0	3000.0	3096.1110695919015	0.0	0	488.8833592106821	3296.1110695918906	1	0	1	2.0614985103914876
164200.0	3000.0	3096.1110695918956	0.0	0	303.1957025442389	3296.1110695918906	1	0	1	2.0614985103914876
165200.0	3000.0	3096.111069591905	0.0	0	415.9346273448609	3296.1110695918906	1	0	1	2.0614985103914876
166200.0	3000.0	3096.1110695919115	0.0	0	606.0352313208859	3296.1110695918906	1	0	1	2.0614985103914876
167200.0	3000.0	3096.111069591919	0.0	0	479.7345917277562	3296.1110695918906	1	0	1	2.0614985103914876
168200.0	3000.0	3096.1110695919333	0.0	0	603.9830153148505	3296.1110695918906	1	0	1	2.0614985103914876
169200.0	3000.0	3096.11106959194	0.0	0	560.7238917187206	3296.1110695918906	1	0	1	2.0614985103914876
170200.0	3000.0	3096.1110695919206	0.0	0	323.7558680729999	3296.1110695919197	1	0	1	2.0614985103914805
171200.0	3000.0	3096.1110695919288	0.0	0	261.3193061113707	3296.1110695919488	1	0	1	2.061498510391477
172200.0	3000.0	3096.11106959193	0.0	0	459.2907898350968	3296.1110695919488	1	0	1	2.0614985103914742
173200.0	3000.0	3096.1110695919333	0.0	0	476.07062084402423	3296.1110695919488	1	0	1	2.0614985103914742
174200.0	3000.0	3096.1110695919556	0.0	0	323.64400337354164	3296.1110695919488	1	0	1	2.0614985103914742
175200.0	3000.0	3096.111069591952	0.0	0	154.64875009743264	3296.1110695919197	1	0	1	2.061498510391475
176200.0	3000.0	3096.1110695919524	0.0	0	395.9551321750332	3296.1110695919197	1	0	1	2.0614985103914805
177200.0	3000.0	3096.111069591924	0.0	0	620.9837598567537	3296.1110695919488	1	0	1	2.0614985103914742
178200.0	3000.0	3096.111069591952	0.0	0	661.4212510129437	3296.1110695919488	1	0	1	2.0614985103914742
179200.0	3000.0	3096.111069591964	0.0	0	484.63468594511505	3296.111069591978	1	0	1	2.061498510391467
180200.0	3000.0	3096.111069591943	0.0	0	220.29609997253283	3296.1110695919488	1	0	1	2.0614985103914685
181200.0	3000.0	3096.111069591944	0.0	0	586.4762412079435	3296.1110695919488	1	0	1	2.0614985103914742
182200.0	3000.0	3096.111069591968	0.0	0	555.0794476826559	3296.1110695919488	1	0	1	2.0614985103914742
183503.70415163477	6000.0	2792.4069179572293	0.0	0	0.0	3296.1110695919488	1	0	1	2.061498510391474
184200.0	3000.0	3096.1110695920092	0.0	0	193.2066303876927	3296.1110695919488	1	0	1	1.368351329831529
185200.0	3000.0	3096.111069592029	0.0	0	435.6758014735533	3296.1110695919488	1	0	1	2.0614985103914742
186556.74851307046	6000.0	2739.362556521573	0.0	0	0.0	3296.1110695919488	1	0	1	2.061498510391474
187529.516952807	6000.0	2766.5941167850315	0.0	0	0.0	3296.1110695919197	1	0	1	2.7546456909514254
188684.45632749883	6000.0	2611.6547420932097	0.0	0	0.0	3296.1110695919488	1	0	1	2.7546456909514228
189201.00473987314	3000.0	3095.106329718902	0.0	0	0.0	3296.1110695918906	1	0	1	1.3683513298315384
190200.0	3000.0	3096.111069592019	0.0	0	322.51278122278745	3296.1110695918906	1	0	1	2.0614985103914876
191200.0	3000.0	3096.1110695919824	0.0	0	485.8195839173568	3296.1110695918906	1	0	1	2.0614985103914876
192200.0	3000.0	3096.1110695919538	0.0	0	662.1241075353755	3296.1110695919197	1	0	1	2.0614985103914805
193200.0	3000.0	3096.1110695919406	0.0	0	167.00457468788954	3296.1110695919197	1	0	1	2.0614985103914805
194200.0	3000.0	3096.111069591932	0.0	0	229.86342879757285	3296.1110695918906	1	0	1	2.0614985103914876
195200.0	3000.0	3096.111069591946	0.0	0	412.1335251562123	3296.1110695918906	1	0	1	2.0614985103914876
196200.0	3000.0	3096.111069591961	0.0	0	626.7744714669534	3296.1110695918906	1	0	1	2.0614985103914876
197200.0	3000.0	3096.111069591977	0.0	0	532.9379058661871	3296.1110695918906	1	0	1	2.0614985103914876
198200.0	3000.0	3096.111069591954	0.0	0	479.5940677104518	3296.1110695918906	1	0	1	2.0614985103914876
199200.0	3000.0	3096.11106959192	0.0	0	587.5226945417235	3296.1110695918615	1	0	1	2.0614985103914947
200200.0	3000.0	3096.1110695919106	0.0	0	564.0709563402052	3296.1110695918906	1	0	1	2.0614985103914876
201200.0	3000.0	3096.1110695918933	0.0	0	736.210590410541	3296.1110695918906	1	0	1	2.0614985103914876
202200.0	3000.0	3096.111069591888	0.0	0	629.3531204497267	3296.1110695918615	1	0	1	2.0614985103914947
203200.0	3000.0	3096.1110695919037	0.0	0	675.7742269585142	3296.1110695918906	1	0	1	2.0614985103914876
204200.0	6000.0	3096.111069591921	0.0	0	324.5895157516061	3296.1110695918615	1	0	1	2.0614985103914947
205200.0	6000.0	3096.1110695919247	0.0	0	169.10754121330683	3296.1110695918615	1	0	1	2.754645690951439
206200.0	6000.0	3096.111069591957	0.0	0	158.80101585396915	3296.1110695918615	1	0	1	2.754645690951439
207200.0	6000.0	3096.11106959196	0.0	0	209.72287023282843	3296.1110695918615	1	0	1	2.754645690951439
208200.0	6000.0	3096.1110695919438	0.0	0	209.66080397029873	3296.1110695918615	1	0	1	2.754645690951439
209200.0	6000.0	3096.1110695919256	0.0	0	109.63177137789899	3296.1110695918323	1	0	1	2.754645690951441
210239.16521240326	6000.0	3056.9458571886817	0.0	0	0.0	3296.1110695918323	1	0	1	2.7546456909514463
211200.0	6000.0	3096.1110695919137	0.0	0	110.78811139019672	3296.1110695918323	1	0	1	2.7546456909514463
212539.79727319587	6000.0	2756.3137963960457	0.0	0	0.0	3296.1110695918323	1	0	1	2.7546456909514463
213409.7332837751	6000.0	2886.3777858168364	0.0	0	0.0	3296.1110695918615	1	0	1	2.754645690951439
214728.31425217557	6000.0	2567.796817416387	0.0	0	0.0	3296.1110695918906	1	0	1	2.754645690951432
216199.86238496468	6000.0	2096.2486846272886	0.0	0	0.0	3296.1110695918906	1	0	1	2.7546456909514268
217352.10845399764	6000.0	1944.0026155942953	0.0	0	0.0	3296.1110695918906	1	0	1	2.754645690951432
218266.22178221573	6000.0	2029.889287376222	0.0	0	0.0	3296.1110695918615	1	0	1	2.754645690951439
219263.71430260447	6000.0	2032.3967669874887	0.0	0	0.0	3296.1110695918615	1	0	1	2.754645690951439
220155.5143200289	6000.0	2140.5967495630607	0.0	0	0.0	3296.1110695918323	1	0	1	2.7546456909514463
221224.27127918	6000.0	2071.8397904120025	0.0	0	0.0	3296.1110695918615	1	0	1	2.754645690951439
221854.46183713045	6000.0	2441.649232461505	0.0	0	0.0	3296.1110695918323	1	0	1	2.7546456909514463
222662.8994414417	6000.0	2633.211628150261	0.0	0	0.0	3296.1110695918032	1	0	1	2.7546456909514525
223905.1917269208	6000.0	2390.91934267117	0.0	0	0.0	3296.1110695918032	1	0	1	2.7546456909514525
224753.90621847915	6000.0	2542.2048511128187	0.0	0	0.0	3296.1110695918032	1	0	1	2.7546456909514525
225652.95668973267	6000.0	2643.1543798592734	0.0	0	0.0	3296.1110695918032	1	0	1	2.7546456909514525
226590.0410518347	6000.0	2706.070017757231	0.0	0	0.0	3296.1110695918032	1	0	1	2.7546456909514525
227471.5467084337	6000.0	2824.5643611582354	0.0	0	0.0	3296.111069591774	1	0	1	2.7546456909514587
228720.2748530894	6000.0	2575.836216502539	0.0	0	0.0	3296.111069591745	1	0	1	2.7546456909514667
229492.64710026621	6000.0	2803.463969325717	0.0	0	0.0	3296.111069591774	1	0	1	2.75464569095146
230307.35788590266	6000.0	2988.753183689315	0.0	0	0.0	3296.1110695918032	1	0	1	2.7546456909514525
231451.6645758408	6000.0	2844.4464937511725	0.0	0	0.0	3296.1110695918032	1	0	1	2.7546456909514543
232200.0	3000.0	3096.1110695919942	0.0	0	263.4964936514152	3296.1110695918032	1	0	1	1.3683513298315633
233235.13663973508	6000.0	3060.9744298569717	0.0	0	0.0	3296.1110695918323	1	0	1	2.0614985103915053
234200.0	6000.0	3096.1110695920343	0.0	0	15.92755853649578	3296.1110695918323	1	0	1	2.7546456909514463
235200.0	6000.0	3096.1110695920424	0.0	0	17.356658741104184	3296.1110695918323	1	0	1	2.7546456909514463
236200.0	6000.0	3096.1110695920675	0.0	0	274.78972071944736	3296.1110695918615	1	0	1	2.7546456909514445
237544.67308237444	6000.0	2751.437987217604	0.0	0	0.0	3296.1110695918615	1	0	1	2.754645690951439
238761.59381656366	6000.0	2534.517253028393	0.0	0	0.0	3296.1110695918323	1	0	1	2.7546456909514463
240083.59235591974	6000.0	2212.518713672289	0.0	0	0.0	3296.1110695918032	1	0	1	2.7546456909514525
241271.27322374846	6000.0	2024.8378458435604	0.0	0	0.0	3296.1110695918032	1	0	1	2.7546456909514525
241989.39790062263	6000.0	2306.7131689693874	0.0	0	0.0	3296.1110695918032	1	0	1	2.7546456909514525
242784.11223579652	6000.0	2511.9988337955238	0.0	0	0.0	3296.1110695918323	1	0	1	2.7546456909514463
243717.1715335901	6000.0	2578.939536001924	0.0	0	0.0	3296.1110695918323	1	0	1	2.7546456909514463
244957.9569529559	6000.0	2338.1541166361317	0.0	0	0.0	3296.1110695918323	1	0	1	2.7546456909514463
246337.40447663062	6000.0	1958.7065929614052	0.0	0	0.0	3296.1110695918032	1	0	1	2.754645690951449
247479.19277834918	6000.0	1816.9182912428532	0.0	0	0.0	3296.1110695918323	1	0	1	2.754645690951449
247896.2223569967	3000.0	2399.888712595339	0.0	0	0.0	3296.1110695918323	1	0	1	1.3683513298315564
248337.56136698424	3000.0	2958.549702607799	0.0	0	0.0	3296.1110695918615	1	0	1	2.0614985103914947
249200.0	3000.0	3096.111069592039	0.0	0	251.86595134923118	3296.1110695918906	1	0	1	2.0614985103914933
250267.70983241868	6000.0	3028.401237173397	0.0	0	0.0	3296.1110695918906	1	0	1	2.061498510391483
251590.0683778574	6000.0	2706.0426917346667	0.0	0	0.0	3296.1110695918906	1	0	1	2.754645690951432
252380.81008131674	3000.0	2915.3009882753154	0.0	0	0.0	3296.1110695918906	1	0	1	1.3683513298315426
253200.0	3000.0	3096.1110695920693	0.0	0	142.32929565411177	3296.1110695918615	1	0	1	2.061498510391489
254363.14619641454	3000.0	2932.9648731775583	0.0	0	0.0	3296.1110695918615	1	0	1	2.0614985103914947
255200.0	3000.0	3096.111069592104	0.0	0	48.73354945931351	3296.1110695918615	1	0	1	2.0614985103914947
256200.0	3000.0	3096.1110695921093	0.0	0	358.77543813956436	3296.1110695918906	1	0	1	2.0614985103914876
257200.0	3000.0	3096.111069592108	0.0	0	587.4035083733324	3296.1110695918906	1	0	1	2.0614985103914876
258200.0	3000.0	3096.111069592086	0.0	0	536.8183287187421	3296.1110695918906	1	0	1	2.0614985103914876
259200.0	3000.0	3096.111069592079	0.0	0	290.4963245439867	3296.1110695918615	1	0	1	2.061498510391489
260200.0	3000.0	3096.1110695920825	0.0	0	371.40607914395514	3296.1110695918906	1	0	1	2.0614985103914933
261200.0	3000.0	3096.1110695920884	0.0	0	487.8041634026449	3296.1110695918906	1	0	1	2.0614985103914876
262200.0	3000.0	3096.1110695920815	0.0	0	468.49662991359946	3296.1110695918906	1	0	1	2.0614985103914876
263200.0	3000.0	3096.1110695921047	0.0	0	448.29708039044635	3296.1110695918615	1	0	1	2.061498510391493
264200.0	3000.0	3096.1110695921147	0.0	0	502.7921995673678	3296.1110695918615	1	0	1	2.0614985103914973
265200.0	3000.0	3096.111069592133	0.0	0	312.1101403666544	3296.1110695918906	1	0	1	2.061498510391496
266200.0	3000.0	3096.11106959214	0.0	0	393.0768617045251	3296.1110695918906	1	0	1	2.0614985103914876
267200.0	3000.0	3096.1110695921716	0.0	0	552.23884965654	3296.1110695919488	1	0	1	2.0614985103914742
268200.0	3000.0	3096.1110695922034	0.0	0	500.1659500192036	3296.1110695919488	1	0	1	2.0614985103914742
269200.0	3000.0	3096.111069592199	0.0	0	494.48567128780996	3296.111069592007	1	0	1	2.06149851039146
270200.0	3000.0	3096.1110695921902	0.0	0	342.5147204779787	3296.111069592007	1	0	1	2.06149851039146
271200.0	3000.0	3096.1110695921366	0.0	0	284.92179612856125	3296.1110695919488	1	0	1	2.0614985103914742
272200.0	3000.0	3096.1110695921266	0.0	0	440.14843298948836	3296.1110695919488	1	0	1	2.0614985103914742
273200.0	3000.0	3096.111069592151	0.0	0	455.33867663965793	3296.1110695918906	1	0	1	2.0614985103914876
274200.0	3000.0	3096.111069592169	0.0	0	484.2972041016328	3296.1110695919488	1	0	1	2.0614985103914742
275200.0	3000.0	3096.111069592135	0.0	0	433.81335957552074	3296.1110695919488	1	0	1	2.0614985103914742
276200.0	3000.0	3096.1110695921493	0.0	0	580.9780212256592	3296.1110695919488	1	0	1	2.0614985103914742
277200.0	3000.0	3096.11106959215	0.0	0	526.5590264793718	3296.1110695919488	1	0	1	2.0614985103914742
278200.0	3000.0	3096.111069592205	0.0	0	488.4791988261277	3296.111069592007	1	0	1	2.06149851039146
279200.0	3000.0	3096.1110695922152	0.0	0	453.6370320969145	3296.111069592007	1	0	1	2.06149851039146
280200.0	3000.0	3096.111069592189	0.0	0	526.5820674975403	3296.111069592007	1	0	1	2.06149851039146
281200.0	3000.0	3096.1110695921234	0.0	0	457.2472719043726	3296.1110695919488	1	0	1	2.0614985103914742
282200.0	3000.0	3096.1110695921307	0.0	0	480.10650927125243	3296.1110695919488	1	0	1	2.0614985103914742
283200.0	3000.0	3096.111069592151	0.0	0	413.6754839764326	3296.1110695919488	1	0	1	2.0614985103914742
284200.0	3000.0	3096.1110695921384	0.0	0	428.87144072464434	3296.1110695919488	1	0	1	2.0614985103914742
285200.0	3000.0	3096.1110695921357	0.0	0	397.2263240281609	3296.1110695919488	1	0	1	2.0614985103914742
286200.0	3000.0	3096.111069592074	0.0	0	483.46435673011	3296.1110695919488	1	0	1	2.0614985103914742
287200.0	3000.0	3096.1110695920784	0.0	0	624.0253135939129	3296.1110695918906	1	0	1	2.0614985103914876
288200.0	3000.0	3096.1110695921034	0.0	0	289.82160017703427	3296.1110695919488	1	0	1	2.061498510391485
289200.0	3000.0	3096.111069592109	0.0	0	420.83142010628944	3296.1110695919488	1	0	1	2.0614985103914742
290200.0	3000.0	3096.111069592134	0.0	0	389.44007899658754	3296.111069592065	1	0	1	2.0614985103914574
291200.0	3000.0	3096.1110695921093	0.0	0	149.2205633057165	3296.111069592065	1	0	1	2.0614985103914467
292200.0	3000.0	3096.1110695920293	0.0	0	424.45401058811694	3296.111069592065	1	0	1	2.0614985103914467
293200.0	3000.0	3096.1110695920283	0.0	0	544.9077293672599	3296.111069592065	1	0	1	2.0614985103914467
294200.0	3000.0	3096.1110695920024	0.0	0	224.98063917947002	3296.1110695921234	1	0	1	2.061498510391444
295200.0	3000.0	3096.111069592029	0.0	0	350.04966348281596	3296.1110695921816	1	0	1	2.061498510391419
296200.0	3000.0	3096.1110695919933	0.0	0	342.74302051082486	3296.1110695921816	1	0	1	2.061498510391419
297200.0	3000.0	3096.111069592002	0.0	0	390.67519441631157	3296.1110695921816	1	0	1	2.061498510391419
298200.0	3000.0	3096.1110695919974	0.0	0	540.1811167951673	3296.1110695921234	1	0	1	2.061498510391433
299200.0	3000.0	3096.111069592051	0.0	0	320.1028985643061	3296.1110695921234	1	0	1	2.061498510391433
300200.0	3000.0	3096.1110695920715	0.0	0	471.4124928240781	3296.1110695921234	1	0	1	2.061498510391433
5.05	7.85	8.25	4.58	5.21	4.54	5.25	4.47	6.54	7.37	5.28	5.38	5.26	6.85	5.14	6.41	5.9	6.0	4.71	6.16	5.91	5.55	4.24	6.72	6.65	11.1	6.64	4.65	6.61	9.61	4.45	5.42	6.56	5.02	6.44	7.02	4.97	3.8	6.1	8.44	5.11	3.23	5.61	6.41	6.26	7.01	8.25	6.75	9.86	9.02	8.2	11.9	5.7	7.6	7.69	6.45	5.65	7.55	7.51	5.42	7.21	6.6	5.36	4.98	5.33	8.79	8.22	6.39	6.53	8.94	5.38	6.32	7.07	6.88	6.28	5.61	4.71	6.82	5.64	7.27	6.9	6.48	7.82	9.52	5.42	6.67	5.78	5.54	6.26	8.98	6.19	5.4	4.54	5.44	7.23	6.09	6.82	7.15	5.42	5.16	5.31	3.21	4.52	5.28	7.33	5.41	4.39	4.38	5.13	5.58	6.17	5.38	4.58	6.32	5.91	6.39	6.16	4.89	5.33	6.1	4.47	5.99	4.68	6.02	5.68	5.18	5.19	5.84	6.13	7.25	6.87	6.7	5.33	7.29	6.7	4.97	5.4	6.06	3.61	5.84	6.79	4.54	4.48	4.58	4.95	6.07	6.22	6.89	4.25	4.01	5.05	7.85	8.25	4.58	5.21	4.54	5.25	4.47	6.54	7.37	5.28	5.38	5.26	6.85	5.14	6.41	5.9	6.0	4.71	6.16	5.91	5.55	4.24	6.72	6.65	11.1	6.64	4.65	6.61	9.61	4.45	5.42	6.56	5.02	6.44	7.02	4.97	3.8	6.1	8.44	5.11	3.23	5.61	6.41	6.26	7.01	8.25	6.75	9.86	9.02	8.2	11.9	5.7	7.6	7.69	6.45	5.65	7.55	7.51	5.42	7.21	6.6	5.36	4.98	5.33	8.79	8.22	6.39	6.53	8.94	5.38	6.32	7.07	6.88	6.28	5.61	4.71	6.82	5.64	7.27	6.9	6.48	7.82	9.52	5.42	6.67	5.78	5.54	6.26	8.98	6.19	5.4	4.54	5.44	7.23	6.09	6.82	7.15	5.42	5.16	5.31	3.21	4.52	5.28	7.33	5.41	4.39	4.38	5.13	5.58	6.17	5.38	4.58	6.32	5.91	6.39	6.16	4.89	5.33	6.1	4.47	5.99	4.68	6.02	5.68	5.18	5.19	5.84	6.13	7.25	6.87	6.7	5.33	7.29	6.7	4.97	5.4	6.06	3.61	5.84	6.79	4.54	4.48	4.58	4.95	6.07	6.22	6.89	4.25	4.01	5.05	7.85	8.25
1.0	2.0	3.0	4.0	5.0	6.0	7.0	8.0	9.0	10.0	11.0	12.0	13.0	14.0	15.0	16.0	17.0	18.0	19.0	20.0	21.0	22.0	23.0	24.0	25.0	26.0	27.0	28.0	29.0	30.0	31.0	32.0	33.0	34.0	35.0	36.0	37.0	38.0	39.0	40.0	41.0	42.0	43.0	44.0	45.0	46.0	47.0	48.0	49.0	50.0	51.0	52.0	53.0	54.0	55.0	56.0	57.0	58.0	59.0	60.0	61.0	62.0	63.0	64.0	65.0	66.0	67.0	68.0	69.0	70.0	71.0	72.0	73.0	74.0	75.0	76.0	77.0	78.0	79.0	80.0	81.0	82.0	83.0	84.0	85.0	86.0	87.0	88.0	89.0	90.0	91.0	92.0	93.0	94.0	95.0	96.0	97.0	98.0	99.0	100.0	101.0	102.0	103.0	104.0	105.0	106.0	107.0	108.0	109.0	110.0	111.0	112.0	113.0	114.0	115.0	116.0	117.0	118.0	119.0	120.0	121.0	122.0	123.0	124.0	125.0	126.0	127.0	128.0	129.0	130.0	131.0	132.0	133.0	134.0	135.0	136.0	137.0	138.0	139.0	140.0	141.0	142.0	143.0	144.0	145.0	146.0	147.0	148.0	149.0	149.0	150.0	151.0	152.0	153.0	154.0	155.0	156.0	157.0	158.0	159.0	160.0	161.0	162.0	163.0	164.0	165.0	166.0	167.0	168.0	169.0	170.0	171.0	172.0	173.0	174.0	175.0	176.0	177.0	178.0	179.0	180.0	181.0	182.0	183.0	184.0	185.0	186.0	187.0	188.0	189.0	190.0	191.0	192.0	193.0	194.0	195.0	196.0	197.0	198.0	199.0	200.0	201.0	202.0	203.0	204.0	205.0	206.0	207.0	208.0	209.0	210.0	211.0	212.0	213.0	214.0	215.0	216.0	217.0	218.0	219.0	220.0	221.0	222.0	223.0	224.0	225.0	226.0	227.0	228.0	229.0	230.0	231.0	232.0	233.0	234.0	235.0	236.0	237.0	238.0	239.0	240.0	241.0	242.0	243.0	244.0	245.0	246.0	247.0	248.0	249.0	250.0	251.0	252.0	253.0	254.0	255.0	256.0	257.0	258.0	259.0	260.0	261.0	262.0	263.0	264.0	265.0	266.0	267.0	268.0	269.0	270.0	271.0	272.0	273.0	274.0	275.0	276.0	277.0	278.0	279.0	280.0	281.0	282.0	283.0	284.0	285.0	286.0	287.0	288.0	289.0	290.0	291.0	292.0	293.0	294.0	295.0	296.0	297.0	298.0	298.0	299.0	300.0	301.0
3074.609633635878
