2655.2475253956954	300.0	2000.0	115.27946505374437	0	0.0	2655.2475253956954	1	0	1	-0.8154805230594273
3200.0	300.0	2455.2475253956954	0.0	0	406.60876491347835	2655.2475253956964	1	0	1	-0.12637919551487165
4200.0	300.0	2455.2475253956954	0.0	0	903.3102693887113	2655.2475253956954	1	0	1	-0.12637919551487165
5200.0	500.0	2455.2475253956945	0.0	0	813.0622045771752	2655.247525395695	1	0	1	-0.12637919551487148
6200.0	500.0	2455.2475253956945	0.0	0	859.0400368473211	2655.247525395695	1	0	1	0.3844464282511192
7200.0	500.0	2455.247525395694	0.0	0	808.1348055049612	2655.2475253956945	1	0	1	0.38444642825111924
8200.0	500.0	2455.2475253956923	0.0	0	857.333923667622	2655.2475253956945	1	0	1	0.38444642825111924
9200.0	1000.0	2455.2475253956923	0.0	0	712.3967905228455	2655.2475253956936	1	0	1	0.3844464282511195
10200.0	1000.0	2455.247525395693	0.0	0	512.7380618705538	2655.2475253956945	1	0	1	1.077593608811065
11200.0	2000.0	2455.2475253956923	0.0	0	404.5844591005334	2655.2475253956927	1	0	1	1.0775936088110647
12200.0	3000.0	2455.2475253956886	0.0	0	339.08736143666283	2655.2475253956927	1	0	1	1.7707407893710103
13309.905732277559	3000.0	2345.34179311813	0.0	0	0.0	2655.2475253956927	1	0	1	2.176205897479175
14243.171051755859	3000.0	2412.0764736398305	0.0	0	0.0	2655.2475253956945	1	0	1	2.1762058974791745
15200.0	3000.0	2455.2475253956895	0.0	0	103.2514775511172	2655.2475253956945	1	0	1	2.1762058974791745
16200.0	3000.0	2455.247525395689	0.0	0	2.322917742161735	2655.2475253956945	1	0	1	2.1762058974791745
17297.910484629076	3000.0	2357.3370407666157	0.0	0	0.0	2655.2475253956964	1	0	1	2.176205897479174
18288.976886550416	3000.0	2366.2706388452752	0.0	0	0.0	2655.2475253956945	1	0	1	2.1762058974791745
19200.0	3000.0	2455.2475253956914	0.0	0	114.33778873862684	2655.2475253956945	1	0	1	2.1762058974791745
20200.0	3000.0	2455.2475253956945	0.0	0	225.29169747611013	2655.2475253956945	1	0	1	2.1762058974791745
21200.0	3000.0	2455.2475253956964	0.0	0	410.18635418215126	2655.2475253956945	1	0	1	2.1762058974791745
22200.0	3000.0	2455.2475253956986	0.0	0	73.153799696629	2655.2475253956945	1	0	1	2.1762058974791745
23200.0	3000.0	2455.2475253956986	0.0	0	54.25202130243633	2655.247525395698	1	0	1	2.176205897479174
24200.0	3000.0	2455.2475253956977	0.0	0	273.52839540458444	2655.247525395698	1	0	1	2.176205897479174
25262.86286935508	3000.0	2392.384656040609	0.0	0	0.0	2655.247525395698	1	0	1	2.176205897479174
26434.18207215472	3000.0	2221.0654532409735	0.0	0	0.0	2655.2475253956945	1	0	1	2.1762058974791745
27346.358747701102	3000.0	2308.8887776945935	0.0	0	0.0	2655.2475253956945	1	0	1	2.1762058974791745
28312.601031072812	3000.0	2342.6464943228816	0.0	0	0.0	2655.247525395691	1	0	1	2.176205897479175
29200.0	3000.0	2455.247525395694	0.0	0	249.1448550255809	2655.2475253956945	1	0	1	2.1762058974791745
30200.0	3000.0	2455.2475253956923	0.0	0	345.0330178547374	2655.247525395691	1	0	1	2.176205897479175
31200.0	3000.0	2455.2475253956923	0.0	0	85.68143151353433	2655.247525395691	1	0	1	2.176205897479175
32200.0	3000.0	2455.247525395691	0.0	0	119.42891203144609	2655.247525395691	1	0	1	2.176205897479175
33200.0	3000.0	2455.247525395693	0.0	0	295.7009263347609	2655.247525395698	1	0	1	2.1762058974791745
34200.0	3000.0	2455.2475253956977	0.0	0	340.236085634926	2655.247525395702	1	0	1	2.176205897479174
35200.0	3000.0	2455.247525395695	0.0	0	190.59984440671542	2655.247525395698	1	0	1	2.176205897479174
36200.0	3000.0	2455.2475253956977	0.0	0	129.56685612838191	2655.2475253956945	1	0	1	2.1762058974791745
37200.0	3000.0	2455.247525395693	0.0	0	284.6398802995609	2655.2475253956873	1	0	1	2.176205897479176
38211.65687116479	3000.0	2443.590654230903	0.0	0	0.0	2655.2475253956873	1	0	1	2.176205897479176
39200.0	3000.0	2455.247525395699	0.0	0	160.2504404404899	2655.24752539568	1	0	1	2.1762058974791767
40200.0	3000.0	2455.2475253957114	0.0	0	418.876063671225	2655.2475253956873	1	0	1	2.176205897479176
41200.0	3000.0	2455.2475253957086	0.0	0	300.4279101904176	2655.2475253956873	1	0	1	2.176205897479176
42491.23728420369	3000.0	2164.0102411920134	0.0	0	0.0	2655.2475253956873	1	0	1	2.176205897479176
43206.19827438152	3000.0	2449.0492510141858	0.0	0	0.0	2655.2475253956873	1	0	1	2.176205897479176
44200.0	3000.0	2455.2475253957064	0.0	0	167.82027728361572	2655.2475253956873	1	0	1	2.176205897479176
45200.0	3000.0	2455.247525395711	0.0	0	377.8422777395317	2655.2475253956873	1	0	1	2.176205897479176
46200.0	3000.0	2455.2475253957086	0.0	0	132.15909003809065	2655.2475253956873	1	0	1	2.176205897479176
47285.64036403926	3000.0	2369.607161356455	0.0	0	0.0	2655.2475253956873	1	0	1	2.176205897479176
48200.0	3000.0	2455.2475253957164	0.0	0	256.69711324097443	2655.2475253956873	1	0	1	2.176205897479176
49200.0	3000.0	2455.2475253957064	0.0	0	157.84857033909793	2655.2475253956873	1	0	1	2.176205897479176
50200.0	3000.0	2455.2475253957114	0.0	0	206.07405181403738	2655.2475253956873	1	0	1	2.176205897479176
51200.0	3000.0	2455.2475253957086	0.0	0	237.8134721293536	2655.2475253956873	1	0	1	2.176205897479176
52669.451877884545	3000.0	1985.795647511165	0.0	0	0.0	2655.2475253956873	1	0	1	2.176205897479176
53536.11627675556	3000.0	2119.131248640148	0.0	0	0.0	2655.2475253956873	1	0	1	2.176205897479176
54428.027621500885	3000.0	2227.219903894824	0.0	0	0.0	2655.2475253956873	1	0	1	2.176205897479176
55300.81875218048	3000.0	2354.428773215227	0.0	0	0.0	2655.24752539568	1	0	1	2.1762058974791767
56200.0	3000.0	2455.2475253957064	0.0	0	44.891972593533865	2655.24752539568	1	0	1	2.1762058974791767
57698.56655089038	3000.0	1956.6809745053308	0.0	0	0.0	2655.2475253956873	1	0	1	2.176205897479176
58573.397126085976	3000.0	2081.850399309724	0.0	0	0.0	2655.2475253956873	1	0	1	2.176205897479176
59311.45610509631	3000.0	2343.7914202993834	0.0	0	0.0	2655.2475253956873	1	0	1	2.176205897479176
60200.0	3000.0	2455.2475253956923	0.0	0	62.70668064599158	2655.2475253956873	1	0	1	2.176205897479176
61200.0	3000.0	2455.2475253956964	0.0	0	359.8340129349017	2655.2475253956945	1	0	1	2.1762058974791745
62200.0	3000.0	2455.247525395697	0.0	0	184.54000502290728	2655.2475253956945	1	0	1	2.1762058974791745
63590.81357292783	3000.0	2064.433952467868	0.0	0	0.0	2655.2475253956945	1	0	1	2.1762058974791745
64289.30801039426	3000.0	2365.9395150014334	0.0	0	0.0	2655.2475253956945	1	0	1	2.1762058974791745
65200.0	3000.0	2455.247525395696	0.0	0	171.80637152083364	2655.247525395702	1	0	1	2.1762058974791736
66591.67725998886	3000.0	2063.570265406812	0.0	0	0.0	2655.2475253956873	1	0	1	2.176205897479175
67773.12071083234	3000.0	1882.1268145633362	0.0	0	0.0	2655.2475253956873	1	0	1	2.1762058974791754
68734.47484239316	3000.0	1920.7726830025235	0.0	0	0.0	2655.2475253956945	1	0	1	2.1762058974791745
69808.55430064866	3000.0	1846.693224747021	0.0	0	0.0	2655.2475253956945	1	0	1	2.1762058974791745
70897.90783931866	3000.0	1757.3396860770238	0.0	0	0.0	2655.247525395709	1	0	1	2.1762058974791727
71754.92423353455	3000.0	1900.323291861143	0.0	0	0.0	2655.247525395709	1	0	1	2.1762058974791727
72717.80099995314	3000.0	1937.4465254425577	0.0	0	0.0	2655.247525395709	1	0	1	2.1762058974791727
73372.18528634298	3000.0	2283.0622390527	0.0	0	0.0	2655.247525395709	1	0	1	2.1762058974791727
74200.0	3000.0	2372.466054029974	0.0	0	168.35183602200414	2572.4660540299956	1	0	2	1.7829567723119575
75200.0	3000.0	2372.4660540299947	0.0	0	247.24773098742298	2572.46605403001	1	0	1	1.9866917680467358
76200.0	3000.0	2372.4660540299847	0.0	0	285.0994568668393	2572.4660540299956	1	0	1	2.1866917680467375
77649.18149027585	3000.0	1923.2845637541295	0.0	0	0.0	2572.4660540299956	1	0	1	2.1866917680467375
78353.21454397697	3000.0	2219.2515100530045	0.0	0	0.0	2572.4660540299956	1	0	1	2.1866917680467375
79200.0	3000.0	2372.466054029963	0.0	0	20.83151130193437	2572.4660540299956	1	0	1	2.1866917680467375
80200.0	3000.0	2372.4660540299583	0.0	0	262.23316975134367	2572.4660540299956	1	0	1	2.1866917680467375
81200.0	3000.0	2372.466054029952	0.0	0	172.11606222328555	2572.4660540299956	1	0	1	2.1866917680467375
82259.7890301139	3000.0	2312.677023916056	0.0	0	0.0	2572.4660540299956	1	0	1	2.1866917680467375
83200.0	3000.0	2372.4660540299506	0.0	0	297.69122325174976	2572.46605403001	1	0	1	2.186691768046736
84200.0	3000.0	2372.4660540299537	0.0	0	181.6750476446323	2572.46605403001	1	0	1	2.186691768046736
85200.0	3000.0	2372.4660540299533	0.0	0	14.487533199586323	2572.46605403001	1	0	1	2.186691768046736
86200.0	3000.0	2372.466054029945	0.0	0	373.4339421573677	2572.46605403001	1	0	1	2.186691768046736
87350.98365231455	3000.0	2221.4824017154133	0.0	0	0.0	2572.4660540300247	1	0	1	2.186691768046734
88298.6349610439	3000.0	2273.83109298606	0.0	0	0.0	2572.4660540300247	1	0	1	2.186691768046734
89200.0	3000.0	2372.466054029971	0.0	0	249.6626016684022	2572.4660540300247	1	0	1	2.186691768046734
90200.0	3000.0	2372.4660540299706	0.0	0	16.465062515519094	2572.46605403001	1	0	1	2.186691768046736
91200.0	3000.0	2372.466054029972	0.0	0	317.83046738323173	2572.46605403001	1	0	1	2.186691768046736
92200.0	3000.0	2372.4660540299715	0.0	0	261.43088974806597	2572.46605403001	1	0	1	2.186691768046736
93200.0	3000.0	2372.4660540299765	0.0	0	215.16837985780148	2572.4660540299956	1	0	1	2.1866917680467375
94200.0	3000.0	2372.466054029973	0.0	0	139.8121457881498	2572.466054029981	1	0	1	2.1866917680467397
95200.0	3000.0	2272.4660540299615	0.0	0	417.55662748897157	2472.466054029981	1	0	2	1.794056704627282
96200.0	3000.0	2272.466054029961	0.0	0	356.73424959834665	2472.466054029981	1	0	1	1.9983200730120532
97200.0	3000.0	2272.466054029963	0.0	0	231.11638041230617	2472.4660540299956	1	0	1	2.198320073012052
98200.0	3000.0	2272.4660540299583	0.0	0	41.59185722860275	2472.4660540299956	1	0	1	2.198320073012052
99212.90842654754	3000.0	2259.557627482405	0.0	0	0.0	2472.4660540299956	1	0	1	2.198320073012052
100213.77437546285	3000.0	2258.6916785670996	0.0	0	0.0	2472.4660540299956	1	0	1	2.198320073012052
101267.54292726381	3000.0	2204.923126766145	0.0	0	0.0	2472.4660540299956	1	0	1	2.198320073012052
102200.0	3000.0	2272.4660540299615	0.0	0	240.69024158878892	2472.4660540299956	1	0	1	2.198320073012052
103200.0	3000.0	2272.4660540299624	0.0	0	346.55472698442463	2472.4660540299956	1	0	1	2.198320073012052
104200.0	3000.0	2272.466054029961	0.0	0	352.5065763923485	2472.466054029981	1	0	1	2.198320073012053
105200.0	3000.0	2272.4660540299524	0.0	0	34.72830078948755	2472.466054029981	1	0	1	2.198320073012053
106348.90242659875	3000.0	2123.5636274311983	0.0	0	0.0	2472.466054029981	1	0	1	2.198320073012053
107360.72756914052	3000.0	2111.7384848894367	0.0	0	0.0	2472.466054029981	1	0	1	2.198320073012053
108499.97211527912	3000.0	1972.493938750841	0.0	0	0.0	2472.466054029981	1	0	1	2.198320073012053
109314.51126982922	3000.0	2157.9547842007496	0.0	0	0.0	2472.466054029981	1	0	1	2.198320073012053
110402.34846459873	3000.0	2070.117589431236	0.0	0	0.0	2472.466054029981	1	0	1	2.198320073012053
111200.0	3000.0	2272.46605402998	0.0	0	65.03822396535543	2472.466054029981	1	0	1	2.198320073012053
112200.0	3000.0	2272.4660540299965	0.0	0	31.270504878732027	2472.466054029981	1	0	1	2.198320073012053
113324.33983210275	3000.0	2148.126221927259	0.0	0	0.0	2472.466054029981	1	0	1	2.198320073012053
114200.0	3000.0	2272.4660540300106	0.0	0	37.087041320541175	2472.466054029981	1	0	1	2.198320073012053
115200.0	3000.0	2272.4660540300347	0.0	0	258.98952351891785	2472.466054029981	1	0	1	2.198320073012053
116200.0	3000.0	2272.466054030013	0.0	0	174.59468021197245	2472.4660540299665	1	0	1	2.198320073012055
117286.10281172488	3000.0	2077.7529611326463	0.0	0	0.0	2363.855772857496	1	0	2	1.8066818211936053
118200.0	3000.0	2163.8557728575274	0.0	0	45.09963927663921	2363.855772857496	1	0	1	2.0097672859948186
119200.0	3000.0	2163.855772857518	0.0	0	151.4403839972656	2363.855772857496	1	0	1	2.2097672859948188
120200.0	3000.0	2163.855772857519	0.0	0	58.865113772204495	2363.8557728575106	1	0	1	2.2097672859948174
121200.0	3000.0	2163.8557728575047	0.0	0	321.7106938956131	2363.8557728575106	1	0	1	2.2097672859948174
122200.0	3000.0	2163.8557728575083	0.0	0	0.3354398017836502	2363.8557728575106	1	0	1	2.2097672859948174
123223.87126371733	3000.0	2139.9845091401903	0.0	0	0.0	2363.8557728575106	1	0	1	2.2097672859948174
124200.0	3000.0	2163.855772857522	0.0	0	172.69728426447546	2363.855772857525	1	0	1	2.2097672859948156
125200.0	3000.0	2163.8557728575297	0.0	0	267.02284978021635	2363.8557728575106	1	0	1	2.2097672859948174
126266.72398527892	3000.0	2097.131787578594	0.0	0	0.0	2363.8557728575106	1	0	1	2.2097672859948174
127200.0	3000.0	2163.8557728575015	0.0	0	44.674455106272944	2363.8557728575106	1	0	1	2.2097672859948174
128320.04115734088	3000.0	2043.8146155166373	0.0	0	0.0	2363.8557728575106	1	0	1	2.2097672859948174
129406.95275935443	3000.0	1848.2118533017178	0.0	0	0.0	2255.164612656139	1	0	2	1.8177311702423977
130202.15186423506	3000.0	2053.0127484210943	0.0	0	0.0	2255.164612656139	1	0	1	2.0201011915976235
131200.0	3000.0	2055.1646126561527	0.0	0	119.65174124858459	2255.164612656139	1	0	1	2.2201011915976236
132200.0	3000.0	2055.1646126561923	0.0	0	288.7192183412553	2255.164612656168	1	0	1	2.2201011915976223
133200.0	3000.0	2055.1646126562173	0.0	0	171.9698489602015	2255.1646126561973	1	0	1	2.220101191597619
134200.0	3000.0	2055.16461265623	0.0	0	22.83642179510207	2255.1646126561973	1	0	1	2.2201011915976183
135200.0	3000.0	2055.164612656235	0.0	0	48.121122273703804	2255.164612656168	1	0	1	2.2201011915976214
136200.0	3000.0	2055.1646126562455	0.0	0	192.51301890914328	2255.164612656168	1	0	1	2.2201011915976214
137200.0	3000.0	2055.1646126562396	0.0	0	197.44186397525482	2255.164612656168	1	0	1	2.2201011915976214
138200.0	3000.0	2055.164612656229	0.0	0	353.5618426480214	2255.164612656168	1	0	1	2.2201011915976214
139200.0	3000.0	2055.1646126562	0.0	0	285.3958508152573	2255.164612656139	1	0	1	2.2201011915976236
140200.0	3000.0	2055.1646126561664	0.0	0	19.628072404768318	2255.164612656139	1	0	1	2.2201011915976236
141200.0	3000.0	2055.164612656178	0.0	0	273.4634466965799	2255.164612656139	1	0	1	2.2201011915976236
142200.0	3000.0	2055.164612656198	0.0	0	58.486122531146975	2255.164612656139	1	0	1	2.2201011915976236
143200.0	3000.0	2055.1646126562036	0.0	0	392.78986229837756	2255.164612656139	1	0	1	2.2201011915976236
144234.4686369534	3000.0	2020.6959757028264	0.0	0	0.0	2255.164612656139	1	0	1	2.2201011915976236
145213.36723969696	3000.0	2041.7973729592431	0.0	0	0.0	2255.164612656139	1	0	1	2.2201011915976236
146468.75303744586	3000.0	1786.4115752103712	0.0	0	0.0	2255.164612656139	1	0	1	2.2201011915976236
147200.0	3000.0	2055.164612656231	0.0	0	111.00802660841146	2255.164612656139	1	0	1	2.2201011915976236
148200.0	3000.0	2055.1646126562528	0.0	0	137.88094312686007	2255.164612656168	1	0	1	2.2201011915976214
149508.78337864103	3000.0	1746.3812340152567	0.0	0	0.0	2255.1646126561973	1	0	1	2.2201011915976183
150488.5185227239	3000.0	1766.6460899323633	0.0	0	0.0	2255.164612656168	1	0	1	2.2201011915976214
151651.21017457018	3000.0	1603.954438086095	0.0	0	0.0	2255.164612656168	1	0	1	2.2201011915976214
152359.03330614857	3000.0	1896.1313065077331	0.0	0	0.0	2255.164612656168	1	0	1	2.2201011915976214
153254.8141205012	3000.0	2000.3504921551137	0.0	0	0.0	2255.164612656168	1	0	1	2.2201011915976214
154200.0	3000.0	2055.164612656311	0.0	0	168.89019782911055	2255.164612656139	1	0	1	2.2201011915976236
155224.45080199378	3000.0	2030.7138106625214	0.0	0	0.0	2255.164612656139	1	0	1	2.2201011915976236
156200.0	3000.0	2055.1646126563037	0.0	0	249.97712131534354	2255.164612656139	1	0	1	2.2201011915976236
157200.0	3000.0	2055.164612656299	0.0	0	153.49962389466236	2255.164612656139	1	0	1	2.2201011915976236
158200.0	3000.0	2055.1646126563182	0.0	0	92.00715945105185	2255.164612656139	1	0	1	2.2201011915976236
159200.0	3000.0	2055.164612656311	0.0	0	37.63695686054416	2255.164612656139	1	0	1	2.2201011915976236
160200.0	3000.0	2055.164612656296	0.0	0	125.30473757963046	2255.164612656168	1	0	1	2.2201011915976214
161200.0	3000.0	2055.164612656288	0.0	0	291.05190769021283	2255.1646126561973	1	0	1	2.2201011915976183
162289.1139435409	3000.0	1966.0506691153555	0.0	0	0.0	2255.1646126561973	1	0	1	2.2201011915976183
163200.0	3000.0	2055.1646126562373	0.0	0	83.33424827962881	2255.164612656168	1	0	1	2.2201011915976214
164342.17390090585	3000.0	1912.990711750357	0.0	0	0.0	2255.164612656168	1	0	1	2.2201011915976214
165280.90673790153	3000.0	1974.2578747546797	0.0	0	0.0	2255.164612656168	1	0	1	2.2201011915976214
166336.19951245704	3000.0	1918.9651001991915	0.0	0	0.0	2255.1646126561973	1	0	1	2.2201011915976183
167285.55722865564	3000.0	1969.607384000587	0.0	0	0.0	2255.1646126561973	1	0	1	2.2201011915976183
168346.78105776847	3000.0	1908.3835548877616	0.0	0	0.0	2255.1646126561973	1	0	1	2.2201011915976183
169200.0	3000.0	2055.164612656219	0.0	0	312.20785530348076	2255.1646126561973	1	0	1	2.2201011915976183
170200.0	3000.0	2055.164612656243	0.0	0	177.41554393642582	2255.1646126561973	1	0	1	2.2201011915976183
171200.0	3000.0	2055.16461265625	0.0	0	10.79149601032259	2255.1646126561973	1	0	1	2.2201011915976183
172200.0	3000.0	2055.164612656237	0.0	0	295.9400692387135	2255.1646126562264	1	0	1	2.220101191597616
173200.0	3000.0	2055.164612656241	0.0	0	278.83044802510994	2255.1646126562555	1	0	1	2.220101191597613
174253.91449213226	3000.0	2001.2501205239764	0.0	0	0.0	2255.1646126562555	1	0	1	2.220101191597613
175200.0	3000.0	2055.1646126562673	0.0	0	138.25928631654824	2255.1646126562846	1	0	1	2.2201011915976108
176200.0	3000.0	2055.1646126562564	0.0	0	189.92578801876516	2255.1646126562846	1	0	1	2.2201011915976108
177200.0	3000.0	2055.1646126562623	0.0	0	274.6680942956009	2255.1646126563137	1	0	1	2.220101191597608
178200.0	3000.0	2055.164612656247	0.0	0	384.428840492561	2255.1646126562846	1	0	1	2.2201011915976108
179200.0	3000.0	2055.16461265626	0.0	0	475.41605221660575	2255.1646126562846	1	0	1	2.2201011915976108
180200.0	3000.0	2055.1646126562473	0.0	0	37.3257163502858	2255.1646126563137	1	0	1	2.220101191597608
181200.0	3000.0	2055.1646126562105	0.0	0	305.4265118307085	2255.1646126563137	1	0	1	2.220101191597608
182206.78431894287	3000.0	2048.3802937133332	0.0	0	0.0	2255.1646126563137	1	0	1	2.220101191597608
183200.0	3000.0	2055.164612656183	0.0	0	293.39947839602246	2255.1646126563137	1	0	1	2.220101191597608
184289.64757737244	3000.0	1965.5170352837365	0.0	0	0.0	2255.1646126563137	1	0	1	2.220101191597608
185246.75913502145	3000.0	2008.4054776347257	0.0	0	0.0	2255.1646126563137	1	0	1	2.220101191597608
186200.0	3000.0	2055.164612656169	0.0	0	346.1447998069052	2255.1646126562846	1	0	1	2.2201011915976108
187240.18050865582	3000.0	2014.9841040003819	0.0	0	0.0	2255.1646126562555	1	0	1	2.220101191597613
188200.0	3000.0	2055.1646126561964	0.0	0	177.40689703484531	2255.1646126562264	1	0	1	2.220101191597616
189200.0	3000.0	2055.1646126561886	0.0	0	289.33482622675365	2255.1646126562264	1	0	1	2.220101191597616
190200.0	3000.0	2055.1646126562036	0.0	0	319.816455643042	2255.1646126562264	1	0	1	2.220101191597616
191554.19597941742	3000.0	1700.9686332387878	0.0	0	0.0	2255.1646126562264	1	0	1	2.220101191597616
192539.04011994807	3000.0	1716.1244927081227	0.0	0	0.0	2255.1646126562264	1	0	1	2.220101191597616
193380.3295987459	3000.0	1874.8350139102474	0.0	0	0.0	2255.1646126562264	1	0	1	2.220101191597616
194200.0	3000.0	2055.1646126561973	0.0	0	45.10560765006812	2255.1646126562264	1	0	1	2.220101191597616
195200.0	3000.0	2055.1646126561955	0.0	0	272.6502803043695	2255.1646126562264	1	0	1	2.220101191597616
196200.0	3000.0	2055.1646126561973	0.0	0	91.5545818079554	2255.1646126562264	1	0	1	2.220101191597616
197200.0	3000.0	2055.1646126562	0.0	0	391.4869714008819	2255.1646126562264	1	0	1	2.220101191597616
198200.0	3000.0	2055.164612656188	0.0	0	298.05432341154665	2255.1646126562555	1	0	1	2.220101191597613
199200.0	3000.0	2055.164612656203	0.0	0	71.60589557545609	2255.1646126562555	1	0	1	2.220101191597613
200200.0	3000.0	2055.164612656176	0.0	0	130.51031112571945	2255.1646126562555	1	0	1	2.220101191597613
201225.54853621832	3000.0	2029.6160764378665	0.0	0	0.0	2255.1646126562555	1	0	1	2.220101191597613
202359.8663299385	3000.0	1895.2982827176634	0.0	0	0.0	2255.1646126562555	1	0	1	2.220101191597613
203200.0	3000.0	2055.1646126561523	0.0	0	176.15733073820593	2255.1646126562555	1	0	1	2.220101191597613
204200.0	3000.0	2055.164612656178	0.0	0	437.8339969472436	2255.1646126562264	1	0	1	2.220101191597616
205200.0	3000.0	2055.1646126561945	0.0	0	267.3400718240591	2255.1646126562264	1	0	1	2.220101191597616
206374.42565859185	3000.0	1880.7389540643399	0.0	0	0.0	2255.1646126562264	1	0	1	2.220101191597616
207455.48745739812	3000.0	1799.6771552580683	0.0	0	0.0	2255.1646126562555	1	0	1	2.220101191597613
208228.26613416703	3000.0	2026.8984784891786	0.0	0	0.0	2255.1646126562555	1	0	1	2.220101191597613
209320.8055563882	3000.0	1934.3590562680347	0.0	0	0.0	2255.1646126562555	1	0	1	2.220101191597613
210200.0	3000.0	2055.164612656205	0.0	0	92.85514788833098	2255.1646126562555	1	0	1	2.220101191597613
211200.0	3000.0	2055.164612656222	0.0	0	202.65402846605866	2255.1646126562555	1	0	1	2.220101191597613
212200.0	3000.0	2055.1646126562173	0.0	0	100.14526026856038	2255.1646126562555	1	0	1	2.220101191597613
213308.51670516634	3000.0	1946.647907489854	0.0	0	0.0	2255.1646126562264	1	0	1	2.220101191597616
214200.0	3000.0	2055.1646126561864	0.0	0	318.28724855720066	2255.1646126562264	1	0	1	2.220101191597616
215200.0	3000.0	2055.1646126561973	0.0	0	90.33664605638478	2255.1646126562264	1	0	1	2.220101191597616
216252.80451832656	3000.0	2002.3600943296724	0.0	0	0.0	2255.1646126562555	1	0	1	2.220101191597613
217200.0	3000.0	2055.164612656267	0.0	0	141.32173748826608	2255.1646126562555	1	0	1	2.220101191597613
218200.0	3000.0	2055.1646126562673	0.0	0	369.9122023402888	2255.1646126562555	1	0	1	2.220101191597613
219271.52519527372	3000.0	1983.6394173825424	0.0	0	0.0	2255.1646126562555	1	0	1	2.220101191597613
220200.0	3000.0	2055.164612656282	0.0	0	255.43975481175585	2255.1646126562555	1	0	1	2.220101191597613
221492.27405261618	3000.0	1762.8905600400851	0.0	0	0.0	2255.1646126562555	1	0	1	2.220101191597613
222591.55141280568	3000.0	1663.6131998505932	0.0	0	0.0	2255.1646126562555	1	0	1	2.220101191597613
223532.4317038483	3000.0	1722.7329088079814	0.0	0	0.0	2255.1646126562846	1	0	1	2.2201011915976108
224200.0	3000.0	2055.1646126562637	0.0	0	13.767651718051638	2255.1646126562846	1	0	1	2.2201011915976108
225200.0	3000.0	2055.164612656223	0.0	0	318.24038264140836	2255.1646126562846	1	0	1	2.2201011915976108
226691.19743738533	3000.0	1563.9671752708814	0.0	0	0.0	2255.1646126563137	1	0	1	2.220101191597608
227513.8985459702	3000.0	1741.2660666860031	0.0	0	0.0	2255.1646126563137	1	0	1	2.220101191597608
228545.7177177244	3000.0	1709.4468949318023	0.0	0	0.0	2255.1646126563137	1	0	1	2.220101191597608
229200.0	3000.0	2055.1646126561905	0.0	0	42.17897732713027	2255.1646126563137	1	0	1	2.220101191597608
230200.0	3000.0	2055.164612656202	0.0	0	108.50602484302362	2255.164612656343	1	0	1	2.2201011915976054
231200.0	3000.0	2055.1646126561923	0.0	0	187.8492375445203	2255.164612656343	1	0	1	2.2201011915976054
232200.0	3000.0	2055.1646126561886	0.0	0	214.77109753066907	2255.164612656343	1	0	1	2.2201011915976054
233200.0	3000.0	2055.1646126561827	0.0	0	211.7268683486327	2255.1646126563137	1	0	1	2.220101191597608
234240.54505089548	3000.0	2014.6195617606954	0.0	0	0.0	2255.1646126563137	1	0	1	2.220101191597608
235200.0	3000.0	2055.1646126561536	0.0	0	347.04632112721447	2255.164612656343	1	0	1	2.2201011915976054
236331.94659562153	3000.0	1923.218017034636	0.0	0	0.0	2255.164612656372	1	0	1	2.2201011915976028
237200.0	3000.0	2055.1646126561745	0.0	0	97.94393343478441	2255.164612656343	1	0	1	2.2201011915976054
238282.1325142019	3000.0	1973.0320984542964	0.0	0	0.0	2255.164612656343	1	0	1	2.2201011915976054
239200.0	3000.0	2055.1646126562123	0.0	0	69.79248440597439	2255.164612656343	1	0	1	2.2201011915976054
240200.0	3000.0	2055.164612656219	0.0	0	265.87148205708945	2255.164612656343	1	0	1	2.2201011915976054
241200.0	3000.0	2055.164612656229	0.0	0	413.80493328146986	2255.164612656343	1	0	1	2.2201011915976054
242200.0	3000.0	2055.1646126562364	0.0	0	411.55307234669453	2255.164612656372	1	0	1	2.2201011915976028
243200.0	3000.0	2055.16461265622	0.0	0	353.54527731682174	2255.164612656372	1	0	1	2.2201011915976028
244200.0	3000.0	2055.1646126562114	0.0	0	350.28766856956645	2255.164612656372	1	0	1	2.2201011915976028
245200.0	3000.0	2055.1646126562196	0.0	0	379.62225983303506	2255.164612656401	1	0	1	2.2201011915976
246200.0	3000.0	2055.164612656192	0.0	0	210.14189170845202	2255.164612656401	1	0	1	2.2201011915976
247200.0	3000.0	2055.16461265619	0.0	0	280.4055251288228	2255.164612656401	1	0	1	2.2201011915976
248200.0	3000.0	2055.1646126561727	0.0	0	79.46299052314134	2255.164612656401	1	0	1	2.2201011915976
249200.0	3000.0	2055.1646126561527	0.0	0	178.6612450266257	2255.164612656401	1	0	1	2.2201011915976
250200.0	3000.0	2055.1646126561545	0.0	0	40.79212553377147	2255.164612656372	1	0	1	2.2201011915976028
251200.0	3000.0	2055.164612656148	0.0	0	232.82060821083724	2255.164612656343	1	0	1	2.2201011915976054
252200.0	3000.0	2055.164612656162	0.0	0	70.98588216837379	2255.164612656343	1	0	1	2.2201011915976054
253200.0	3000.0	2055.164612656159	0.0	0	105.68832611304242	2255.164612656343	1	0	1	2.2201011915976054
254200.0	3000.0	2055.1646126561636	0.0	0	106.20852638204815	2255.164612656343	1	0	1	2.2201011915976054
255234.97197815264	3000.0	2020.1926345035108	0.0	0	0.0	2255.1646126563137	1	0	1	2.220101191597608
256217.5707663808	3000.0	2037.593846275343	0.0	0	0.0	2255.1646126563137	1	0	1	2.220101191597608
257200.0	3000.0	2055.1646126561377	0.0	0	23.948302375356434	2255.1646126563137	1	0	1	2.220101191597608
258200.0	3000.0	2055.1646126561295	0.0	0	384.60846036844305	2255.164612656343	1	0	1	2.2201011915976054
259324.9711039323	3000.0	1930.1935087238119	0.0	0	0.0	2255.164612656343	1	0	1	2.2201011915976054
260200.0	3000.0	2055.164612656131	0.0	0	89.08833755037631	2255.164612656343	1	0	1	2.2201011915976054
261350.868082867	3000.0	1904.2965297891474	0.0	0	0.0	2255.1646126563137	1	0	1	2.220101191597608
262430.56102613156	3000.0	1824.603586524548	0.0	0	0.0	2255.1646126563137	1	0	1	2.2201011915976085
263200.0	3000.0	2055.1646126560922	0.0	0	155.53113875637064	2255.1646126562846	1	0	1	2.2201011915976117
264200.0	3000.0	2055.1646126560936	0.0	0	432.63610627519665	2255.1646126563137	1	0	1	2.220101191597608
265200.0	3000.0	2055.1646126560668	0.0	0	110.61908124550246	2255.1646126562846	1	0	1	2.2201011915976108
266200.0	3000.0	2055.164612656057	0.0	0	216.69975891226204	2255.1646126562846	1	0	1	2.2201011915976108
267200.0	3000.0	2055.1646126561145	0.0	0	230.8572745915735	2255.1646126562846	1	0	1	2.2201011915976108
268200.0	3000.0	2055.164612656141	0.0	0	180.15444525855128	2255.164612656343	1	0	1	2.2201011915976054
269200.0	3000.0	2055.1646126561477	0.0	0	247.2075853162096	2255.164612656343	1	0	1	2.2201011915976054
270200.0	3000.0	2055.1646126561345	0.0	0	406.3812071933644	2255.164612656343	1	0	1	2.2201011915976054
271200.0	3000.0	2055.1646126561063	0.0	0	43.686554493615404	2255.164612656401	1	0	1	2.2201011915976
272200.0	3000.0	2055.164612656088	0.0	0	145.79532059229678	2255.164612656459	1	0	1	2.220101191597595
273200.0	3000.0	2055.164612656022	0.0	0	170.00802818947705	2255.164612656459	1	0	1	2.220101191597595
274200.0	3000.0	2055.164612656058	0.0	0	376.07138005114393	2255.164612656459	1	0	1	2.220101191597595
275200.0	3000.0	2055.1646126560718	0.0	0	281.8110375935212	2255.164612656459	1	0	1	2.220101191597595
276200.0	3000.0	2055.1646126560936	0.0	0	153.47183727985248	2255.164612656459	1	0	1	2.220101191597595
277200.0	3000.0	2055.1646126561045	0.0	0	329.52547915041214	2255.164612656459	1	0	1	2.220101191597595
278200.0	3000.0	2055.1646126560618	0.0	0	189.28094868228072	2255.164612656401	1	0	1	2.2201011915976
279259.9859712254	3000.0	1995.1786414306575	0.0	0	0.0	2255.164612656401	1	0	1	2.2201011915976
280427.28246756806	3000.0	1827.882145088022	0.0	0	0.0	2255.164612656401	1	0	1	2.2201011915976
281434.65179327416	3000.0	1820.5128193819162	0.0	0	0.0	2255.164612656343	1	0	1	2.2201011915976014
282200.0	3000.0	2055.1646126560818	0.0	0	62.60559147101594	2255.164612656343	1	0	1	2.2201011915976054
283200.0	3000.0	2055.1646126560686	0.0	0	21.271008528361563	2255.164612656343	1	0	1	2.2201011915976054
284200.0	3000.0	2055.1646126560922	0.0	0	76.99930329341441	2255.164612656401	1	0	1	2.2201011915976
285200.0	3000.0	2055.164612656045	0.0	0	208.8990457796608	2255.164612656401	1	0	1	2.2201011915976
286200.0	3000.0	2055.1646126559876	0.0	0	312.69834339950467	2255.164612656401	1	0	1	2.2201011915976
287200.0	3000.0	2055.1646126560713	0.0	0	238.14559476828435	2255.164612656343	1	0	1	2.2201011915976054
288200.0	3000.0	2055.1646126560636	0.0	0	328.29483094555326	2255.1646126562846	1	0	1	2.2201011915976108
289200.0	3000.0	2055.1646126560686	0.0	0	28.8961057147244	2255.1646126562846	1	0	1	2.2201011915976108
290200.0	3000.0	2055.1646126561045	0.0	0	313.11039047065424	2255.164612656343	1	0	1	2.2201011915976054
291200.0	3000.0	2055.164612656121	0.0	0	341.314066123683	2255.164612656343	1	0	1	2.2201011915976054
292200.0	3000.0	2055.1646126561104	0.0	0	58.44106688076863	2255.164612656343	1	0	1	2.2201011915976054
293331.29826145637	3000.0	1923.8663511997026	0.0	0	0.0	2255.164612656401	1	0	1	2.2201011915976
294386.2050148149	3000.0	1868.9595978412103	0.0	0	0.0	2255.164612656459	1	0	1	2.220101191597595
295756.85202494723	3000.0	1498.3125877088394	0.0	0	0.0	2255.164612656459	1	0	1	2.220101191597595
296993.0618970507	3000.0	1262.1027156053879	0.0	0	0.0	2255.164612656459	1	0	1	2.220101191597595
298279.0521472694	3000.0	976.1124653866091	0.0	0	0.0	2255.164612656401	1	0	1	2.2201011915976
299085.57640587067	3000.0	1169.588206785325	0.0	0	0.0	2255.164612656343	1	0	1	2.2201011915976054
300087.70298267074	3000.0	1167.4616299852023	0.0	0	0.0	2255.164612656343	1	0	1	2.2201011915976054
300943.58412996674	3000.0	1311.580482689235	0.0	0	0.0	2255.164612656401	1	0	1	2.2201011915976
3.81	3.92	4.1	3.41	3.38	3.82	2.68	2.84	4.41	4.58	3.26	3.61	3.72	4.12	3.27	3.58	3.85	4.4	4.69	3.83	3.98	4.34	3.52	3.41	3.71	4.24	4.95	4.38	3.65	4.89	3.08	3.98	2.84	3.29	4.89	3.63	3.76	4.17	4.26	2.27	3.92	4.53	5.25	4.09	3.57	4.8	4.43	4.55	4.26	2.47	3.25	3.42	4.53	3.66	1.98	3.16	3.78	3.58	3.79	3.38	2.87	3.32	4.31	2.62	3.14	3.36	3.8	3.51	3.56	3.03	3.7	3.46	3.57	3.56	2.13	3.81	3.79	3.81	4.02	3.15	4.32	3.8	3.89	3.66	3.46	3.43	3.76	4.22	3.51	4.21	4.67	3.9	4.89	5.29	3.98	2.99	2.33	3.17	3.49	3.59	4.58	4.7	3.7	3.41	4.2	3.38	4.04	3.53	3.73	3.2	3.39	4.32	4.0	3.53	3.44	4.02	3.73	4.34	5.21	3.46	3.54	4.29	3.8	3.46	3.28	3.64	3.78	3.35	3.43	3.5	4.71	4.17	4.11	4.83	4.47	5.36	4.87	3.41	3.97	3.97	4.36	3.06	2.66	2.65	3.72	2.61	2.77	3.66	3.43	5.07	3.81	3.92	4.1	3.41	3.38	3.82	2.68	2.84	4.41	4.58	3.26	3.61	3.72	4.12	3.27	3.58	3.85	4.4	4.69	3.83	3.98	4.34	3.52	3.41	3.71	4.24	4.95	4.38	3.65	4.89	3.08	3.98	2.84	3.29	4.89	3.63	3.76	4.17	4.26	2.27	3.92	4.53	5.25	4.09	3.57	4.8	4.43	4.55	4.26	2.47	3.25	3.42	4.53	3.66	1.98	3.16	3.78	3.58	3.79	3.38	2.87	3.32	4.31	2.62	3.14	3.36	3.8	3.51	3.56	3.03	3.7	3.46	3.57	3.56	2.13	3.81	3.79	3.81	4.02	3.15	4.32	3.8	3.89	3.66	3.46	3.43	3.76	4.22	3.51	4.21	4.67	3.9	4.89	5.29	3.98	2.99	2.33	3.17	3.49	3.59	4.58	4.7	3.7	3.41	4.2	3.38	4.04	3.53	3.73	3.2	3.39	4.32	4.0	3.53	3.44	4.02	3.73	4.34	5.21	3.46	3.54	4.29	3.8	3.46	3.28	3.64	3.78	3.35	3.43	3.5	4.71	4.17	4.11	4.83	4.47	5.36	4.87	3.41	3.97	3.97	4.36	3.06	2.66	2.65	3.72	2.61	2.77	3.66	3.43	5.07	3.81	3.92
1.0	2.0	3.0	4.0	5.0	6.0	7.0	8.0	9.0	10.0	11.0	12.0	13.0	14.0	15.0	16.0	17.0	18.0	19.0	20.0	21.0	22.0	23.0	24.0	25.0	26.0	27.0	28.0	29.0	30.0	31.0	32.0	33.0	34.0	35.0	36.0	37.0	38.0	39.0	40.0	41.0	42.0	43.0	44.0	45.0	46.0	47.0	48.0	49.0	50.0	51.0	52.0	53.0	54.0	55.0	56.0	57.0	58.0	59.0	60.0	61.0	62.0	63.0	64.0	65.0	66.0	67.0	68.0	69.0	70.0	71.0	72.0	73.0	74.0	75.0	76.0	77.0	78.0	79.0	80.0	81.0	82.0	83.0	84.0	85.0	86.0	87.0	88.0	89.0	90.0	91.0	92.0	93.0	94.0	95.0	96.0	97.0	98.0	99.0	100.0	101.0	102.0	103.0	104.0	105.0	106.0	107.0	108.0	109.0	110.0	111.0	112.0	113.0	114.0	115.0	116.0	117.0	118.0	119.0	120.0	121.0	122.0	123.0	124.0	125.0	126.0	127.0	128.0	129.0	130.0	131.0	132.0	133.0	134.0	135.0	136.0	137.0	138.0	139.0	140.0	141.0	142.0	143.0	144.0	145.0	146.0	147.0	148.0	149.0	149.0	150.0	151.0	152.0	153.0	154.0	155.0	156.0	157.0	158.0	159.0	160.0	161.0	162.0	163.0	164.0	165.0	166.0	167.0	168.0	169.0	170.0	171.0	172.0	173.0	174.0	175.0	176.0	177.0	178.0	179.0	180.0	181.0	182.0	183.0	184.0	185.0	186.0	187.0	188.0	189.0	190.0	191.0	192.0	193.0	194.0	195.0	196.0	197.0	198.0	199.0	200.0	201.0	202.0	203.0	204.0	205.0	206.0	207.0	208.0	209.0	210.0	211.0	212.0	213.0	214.0	215.0	216.0	217.0	218.0	219.0	220.0	221.0	222.0	223.0	224.0	225.0	226.0	227.0	228.0	229.0	230.0	231.0	232.0	233.0	234.0	235.0	236.0	237.0	238.0	239.0	240.0	241.0	242.0	243.0	244.0	245.0	246.0	247.0	248.0	249.0	250.0	251.0	252.0	253.0	254.0	255.0	256.0	257.0	258.0	259.0	260.0	261.0	262.0	263.0	264.0	265.0	266.0	267.0	268.0	269.0	270.0	271.0	272.0	273.0	274.0	275.0	276.0	277.0	278.0	279.0	280.0	281.0	282.0	283.0	284.0	285.0	286.0	287.0	288.0	289.0	290.0	291.0	292.0	293.0	294.0	295.0	296.0	297.0	298.0	298.0	299.0	300.0
2400.5186975556535
