3615.63191125632	300.0	2000.0	87.17224543972753	0	0.0	3615.63191125632	1	0	1	-0.8465276965405382
3690.5852354076105	300.0	2917.5513434335803	0.0	0	0.0	3608.136578841191	1	0	2	-0.7255991042270944
4200.0	300.0	3357.195102381952	0.0	0	426.2933137146806	3557.1951023819515	1	0	2	-0.5189521291646338
5200.0	300.0	3257.195102381952	0.0	0	929.6607306370379	3457.195102381951	1	0	2	-0.49285159563735736
6200.0	500.0	3157.195102381951	0.0	0	920.6771266256974	3357.1951023819506	1	0	2	-0.46603054659196197
7200.0	500.0	3057.1951023819515	0.0	0	928.6960129010931	3257.195102381951	1	0	2	0.0694015703609293
8200.0	500.0	2957.1951023819515	0.0	0	911.6923989200859	3157.195102381953	1	0	2	0.0919485583980486
9200.0	1000.0	2857.1951023819497	0.0	0	866.2474498880838	3057.195102381952	1	0	2	0.1125851012826492
10200.0	2000.0	2757.1951023819506	0.0	0	712.0735772003754	2957.195102381953	1	0	2	0.8246007426772946
11200.0	3000.0	2657.1951023819493	0.0	0	566.5835456835866	2857.195102381953	1	0	2	1.5352127841989607
12200.0	3000.0	2557.1951023819506	0.0	0	618.9171248193179	2757.1951023819547	1	0	2	1.9561858141730273
13200.0	3000.0	2457.1951023819506	0.0	0	552.8007538492166	2657.195102381953	1	0	2	1.9705876934800097
14200.0	3000.0	2357.195102381949	0.0	0	617.83302229111	2557.195102381951	1	0	2	1.9836467536136653
15200.0	3000.0	2257.195102381949	0.0	0	611.6402688176695	2457.195102381951	1	0	2	1.9955027193967068
16200.0	3000.0	2157.195102381947	0.0	0	504.76855970926954	2357.1951023819493	1	0	2	2.006382971930542
17200.0	3000.0	2057.1951023819506	0.0	0	570.2326572153652	2257.1951023819547	1	0	2	2.016321455172251
18200.0	3000.0	1957.1951023819524	0.0	0	660.641125326234	2157.19510238196	1	0	2	2.0251576426941202
19200.0	3000.0	1857.1951023819547	0.0	0	472.47795584498454	2057.195102381964	1	0	2	2.033351944330392
20200.0	3000.0	1757.1951023819581	0.0	0	604.3164301288016	1957.1951023819674	1	0	2	2.040737109554722
21200.0	3000.0	1657.1951023819581	0.0	0	565.2173635771396	1857.1951023819747	1	0	2	2.0474209887733013
22200.0	3000.0	1557.195102381961	0.0	0	614.0726720312377	1757.195102381971	1	0	2	2.053570541235117
23200.0	3000.0	1457.1951023819647	0.0	0	715.078399715283	1657.195102381971	1	0	2	2.0590553833205374
24200.0	3000.0	1357.195102381959	0.0	0	622.2934956711288	1557.1951023819638	1	0	2	2.064106361179853
25200.0	3000.0	1257.1951023819588	0.0	0	677.5283625706252	1457.1951023819638	1	0	2	2.068632602599002
26200.0	3000.0	1157.195102381959	0.0	0	536.0992720004433	1357.1951023819674	1	0	2	2.0727760437028904
27200.0	3000.0	1057.1951023819568	0.0	0	610.6854153160675	1257.1951023819602	1	0	2	2.076525122011093
28200.0	3000.0	1057.195102381956	0.0	0	640.4181750484931	1257.1951023819602	1	0	1	2.0779200305021
29200.0	6000.0	1057.1951023819563	0.0	0	195.2715437036204	1257.1951023819602	1	0	1	2.2779200305021003
30200.0	6000.0	1057.1951023819552	0.0	0	394.1708601836581	1257.1951023819602	1	0	1	2.971067211062045
31200.0	6000.0	1057.195102381958	0.0	0	367.4400953069853	1257.1951023819638	1	0	1	2.971067211062045
32289.413865414776	6000.0	967.7812369671818	0.0	0	0.0	1257.1951023819638	1	0	1	2.971067211062045
33200.0	6000.0	1057.1951023819588	0.0	0	20.595080217499344	1257.1951023819638	1	0	1	2.971067211062045
34200.0	6000.0	1057.1951023819574	0.0	0	85.84970729360793	1257.1951023819638	1	0	1	2.971067211062045
35200.0	6000.0	1057.1951023819497	0.0	0	337.0801937628785	1257.1951023819638	1	0	1	2.971067211062045
36200.0	6000.0	1057.1951023819504	0.0	0	235.68405648144108	1257.1951023819638	1	0	1	2.971067211062045
37200.0	6000.0	1057.1951023819456	0.0	0	248.61434874306724	1257.1951023819638	1	0	1	2.971067211062045
38200.0	6000.0	1057.1951023819488	0.0	0	161.05846412457322	1257.1951023819638	1	0	1	2.971067211062045
39200.0	6000.0	1057.1951023819433	0.0	0	356.26017233834136	1257.1951023819638	1	0	1	2.971067211062045
40200.0	6000.0	1057.1951023819456	0.0	0	74.98809181046818	1257.1951023819638	1	0	1	2.971067211062045
41200.0	6000.0	1057.1951023819474	0.0	0	347.26446935641434	1257.1951023819638	1	0	1	2.971067211062045
42200.0	6000.0	1057.195102381958	0.0	0	431.63340723019064	1257.1951023819638	1	0	1	2.971067211062045
43200.0	6000.0	1057.195102381948	0.0	0	196.43450659277005	1257.1951023819565	1	0	1	2.971067211062045
44200.0	6000.0	1057.1951023819415	0.0	0	379.0678539843575	1257.1951023819565	1	0	1	2.971067211062045
45200.0	6000.0	1057.1951023819413	0.0	0	252.878838590339	1257.1951023819565	1	0	1	2.971067211062045
46200.0	6000.0	1057.1951023819474	0.0	0	363.37005342482735	1257.1951023819565	1	0	1	2.971067211062045
47200.0	6000.0	1057.195102381947	0.0	0	151.11954341195087	1257.1951023819565	1	0	1	2.971067211062045
48653.59148928277	6000.0	603.6036130991674	0.0	0	0.0	1257.1951023819565	1	0	1	2.971067211062045
49957.909725552825	6000.0	332.87992777495197	33.59455094584189	0	0.0	1290.7896533278035	1	0	1	2.768329851627203
50942.592955368724	6000.0	512.902252863291	164.70555490423737	0	0.0	1455.495208232016	1	0	1	1.975334555227684
51728.3116947954	6000.0	727.1835134366178	0.0	0	0.0	1455.4952082320087	1	0	1	2.9635678846531084
52304.88071501139	6000.0	1150.614493220623	0.0	0	0.0	1455.4952082320087	1	0	1	2.9635678846531084
53404.017794921696	6000.0	1051.4774133103256	0.0	0	0.0	1455.4952082320087	1	0	1	2.9635678846531084
54832.58346265184	6000.0	622.9117455801772	0.0	0	0.0	1455.4952082320087	1	0	1	2.9635678846531084
56051.325240376114	6000.0	418.20776731206587	14.037799456160673	0	0.0	1469.5330076881728	1	0	1	2.8787529048525773
57501.66519699807	6000.0	238.38636272878765	270.5185520386717	0	0.0	1740.0515597268459	1	0	1	1.3274299172888928
58397.9638560242	6000.0	526.5663644989161	184.4786607962677	0	0.0	1924.5302205231128	1	0	1	1.8319484522971483
59043.92872425514	6000.0	880.6014962679711	0.0	0	0.0	1924.5302205231128	1	0	1	2.9388204170747545
59920.38855341546	6000.0	1004.1416671076538	0.0	0	0.0	1924.5302205231128	1	0	1	2.9388204170747545
61013.85454408497	6000.0	910.6756764381469	0.0	0	0.0	1924.5302205231128	1	0	1	2.9388204170747545
61955.27973401107	6000.0	969.2504865120482	0.0	0	0.0	1924.5302205231128	1	0	1	2.9388204170747545
62705.561329797674	6000.0	1218.968890725438	0.0	0	0.0	1924.53022052312	1	0	1	2.938820417074754
63405.907376123585	6000.0	1518.6228443995267	0.0	0	0.0	1924.53022052312	1	0	1	2.938820417074754
64245.37928796688	6000.0	1679.1509325562313	0.0	0	0.0	1924.53022052312	1	0	1	2.938820417074754
65200.0	6000.0	1724.5302205231114	0.0	0	115.90067302685202	1924.5302205231274	1	0	1	2.938820417074753
66338.09943780728	6000.0	1586.4307827158261	0.0	0	0.0	1924.53022052312	1	0	1	2.9388204170747536
67200.0	6000.0	1724.5302205231128	0.0	0	233.9798824077734	1924.5302205231274	1	0	1	2.938820417074754
68200.0	6000.0	1724.5302205231194	0.0	0	462.27467518836784	1924.5302205231274	1	0	1	2.938820417074753
69547.95925636958	6000.0	1376.5709641535457	0.0	0	0.0	1924.5302205231274	1	0	1	2.938820417074753
70200.0	6000.0	1724.530220523112	0.0	0	124.12505244743079	1924.5302205231274	1	0	1	2.938820417074753
71200.0	6000.0	1724.530220523114	0.0	0	165.6423336505104	1924.5302205231274	1	0	1	2.938820417074753
72200.0	6000.0	1724.5302205231017	0.0	0	288.8778066766099	1924.5302205231274	1	0	1	2.938820417074753
73200.0	6000.0	1724.5302205230853	0.0	0	398.6184591953206	1924.5302205231128	1	0	1	2.9388204170747545
74200.0	6000.0	1724.5302205230732	0.0	0	258.5305879892112	1924.5302205231128	1	0	1	2.9388204170747545
75200.0	6000.0	1724.5302205230619	0.0	0	84.87982504580577	1924.5302205231128	1	0	1	2.9388204170747545
76200.0	6000.0	1724.530220523066	0.0	0	381.29227043625724	1924.5302205231128	1	0	1	2.9388204170747545
77200.0	6000.0	1724.5302205230655	0.0	0	142.06210160502815	1924.5302205231128	1	0	1	2.9388204170747545
78200.0	6000.0	1724.530220523043	0.0	0	122.93669504651916	1924.5302205231128	1	0	1	2.9388204170747545
79200.0	6000.0	1724.5302205230394	0.0	0	116.03179865573475	1924.5302205231128	1	0	1	2.9388204170747545
80331.72746804575	6000.0	1592.8027524772956	0.0	0	0.0	1924.5302205231274	1	0	1	2.938820417074753
81463.0121050115	6000.0	1461.5181155115615	0.0	0	0.0	1924.5302205231128	1	0	1	2.9388204170747545
82405.33596601688	6000.0	1519.194254506177	0.0	0	0.0	1924.5302205231128	1	0	1	2.9388204170747545
83200.0	6000.0	1724.5302205230519	0.0	0	106.43275944009656	1924.5302205231128	1	0	1	2.9388204170747545
84200.0	6000.0	1724.5302205230485	0.0	0	351.84832033833663	1924.5302205231274	1	0	1	2.938820417074753
85200.0	6000.0	1724.530220523055	0.0	0	511.3700827050343	1924.5302205231274	1	0	1	2.938820417074753
86200.0	6000.0	1724.5302205230546	0.0	0	441.94058059291274	1924.5302205231274	1	0	1	2.938820417074753
87200.0	6000.0	1724.5302205230648	0.0	0	240.009509632946	1924.5302205231274	1	0	1	2.938820417074753
88200.0	6000.0	1724.5302205230562	0.0	0	166.32723533491662	1924.5302205231128	1	0	1	2.9388204170747545
89200.0	6000.0	1724.5302205230487	0.0	0	237.32978854165412	1924.5302205231128	1	0	1	2.9388204170747545
90200.0	6000.0	1724.530220523042	0.0	0	202.42631987646746	1924.5302205231128	1	0	1	2.9388204170747545
91361.01409352642	6000.0	1563.5161269966256	0.0	0	0.0	1924.5302205231274	1	0	1	2.938820417074753
92590.10395526756	6000.0	1334.4262652554885	0.0	0	0.0	1924.5302205231274	1	0	1	2.938820417074753
93200.0	6000.0	1724.5302205230807	0.0	0	37.781144677021075	1924.5302205231274	1	0	1	2.938820417074753
94200.0	6000.0	1724.5302205230878	0.0	0	331.3583444436081	1924.5302205231274	1	0	1	2.938820417074753
95200.0	6000.0	1724.5302205230767	0.0	0	307.1024585256964	1924.5302205231274	1	0	1	2.938820417074753
96200.0	6000.0	1724.5302205230682	0.0	0	338.60761251665826	1924.5302205231274	1	0	1	2.938820417074753
97200.0	6000.0	1724.5302205230712	0.0	0	231.6728912149556	1924.5302205231274	1	0	1	2.938820417074753
98200.0	6000.0	1724.5302205230896	0.0	0	80.53054374460771	1924.5302205231274	1	0	1	2.938820417074753
99200.0	6000.0	1724.530220523098	0.0	0	68.9070533537597	1924.5302205231274	1	0	1	2.938820417074753
100200.0	6000.0	1724.5302205230869	0.0	0	91.26216455637768	1924.5302205231274	1	0	1	2.938820417074753
101200.0	6000.0	1724.530220523091	0.0	0	311.8679499859718	1924.5302205231128	1	0	1	2.9388204170747545
102200.0	6000.0	1724.530220523091	0.0	0	287.2317517081392	1924.5302205231274	1	0	1	2.938820417074753
103200.0	6000.0	1724.5302205230807	0.0	0	251.8603258627263	1924.5302205231274	1	0	1	2.938820417074753
104200.0	6000.0	1724.5302205230878	0.0	0	149.73865272662078	1924.5302205231274	1	0	1	2.938820417074753
105201.19777682712	6000.0	1723.3324436959672	0.0	0	0.0	1924.5302205231274	1	0	1	2.938820417074753
106200.0	6000.0	1724.5302205230992	0.0	0	161.80736572344904	1924.530220523142	1	0	1	2.9388204170747523
107373.95459121912	6000.0	1550.5756293039724	0.0	0	0.0	1924.530220523142	1	0	1	2.9388204170747523
108751.9246741858	6000.0	1172.6055463373114	0.0	0	0.0	1924.530220523142	1	0	1	2.9388204170747523
110256.1979360049	6000.0	668.3322845182086	0.0	0	0.0	1924.530220523142	1	0	1	2.9388204170747523
111180.2497387472	6000.0	744.2804817759255	0.0	0	0.0	1924.530220523142	1	0	1	2.9388204170747523
112369.43764404429	6000.0	555.0925764788269	0.0	0	0.0	1924.530220523142	1	0	1	2.9388204170747523
113176.26347942754	6000.0	748.2667410955856	0.0	0	0.0	1924.530220523142	1	0	1	2.9388204170747523
114050.36924445213	6000.0	874.1609760709924	0.0	0	0.0	1924.5302205231565	1	0	1	2.938820417074752
115037.04529809329	6000.0	887.4849224298455	0.0	0	0.0	1924.5302205231565	1	0	1	2.938820417074752
115885.98216048704	6000.0	1038.5480600360956	0.0	0	0.0	1924.5302205231565	1	0	1	2.938820417074752
116356.28414915691	3000.0	1568.2460713662324	0.0	0	0.0	1924.5302205231565	1	0	1	1.552526055954862
117200.0	3000.0	1724.5302205231558	0.0	0	399.9265294386423	1924.5302205231565	1	0	1	2.245673236514807
118200.0	3000.0	1724.5302205231744	0.0	0	539.2421268071193	1924.5302205231565	1	0	1	2.245673236514807
119205.14196421475	6000.0	1719.388256308405	0.0	0	0.0	1924.530220523142	1	0	1	2.2456732365148073
120200.0	6000.0	1724.5302205231724	0.0	0	152.0908466050023	1924.530220523142	1	0	1	2.9388204170747523
121260.80674642218	6000.0	1663.7234741009995	0.0	0	0.0	1924.5302205231274	1	0	1	2.938820417074753
122470.04896213181	6000.0	1454.4812583913854	0.0	0	0.0	1924.5302205231274	1	0	1	2.938820417074753
123200.0	6000.0	1724.5302205231967	0.0	0	8.405816242055153	1924.5302205231274	1	0	1	2.938820417074753
124200.0	6000.0	1724.5302205231983	0.0	0	346.2998593830707	1924.530220523142	1	0	1	2.9388204170747523
125200.0	6000.0	1724.5302205232038	0.0	0	348.3847171396628	1924.530220523142	1	0	1	2.9388204170747523
126200.0	6000.0	1724.5302205232022	0.0	0	204.64862167778483	1924.530220523142	1	0	1	2.9388204170747523
127200.0	6000.0	1724.5302205231897	0.0	0	377.83197082376864	1924.530220523142	1	0	1	2.9388204170747523
128200.0	6000.0	1724.530220523205	0.0	0	322.1124946029013	1924.530220523142	1	0	1	2.9388204170747523
129200.0	6000.0	1724.5302205232053	0.0	0	540.5547928602464	1924.530220523142	1	0	1	2.9388204170747523
130200.0	6000.0	1724.5302205232013	0.0	0	511.0089949974936	1924.530220523142	1	0	1	2.9388204170747523
131363.71489637767	6000.0	1560.8153241455616	0.0	0	0.0	1924.530220523171	1	0	1	2.938820417074752
132688.6585423587	6000.0	1235.871678164522	0.0	0	0.0	1924.5302205231565	1	0	1	2.938820417074752
133248.19454501715	6000.0	1676.3356755060913	0.0	0	0.0	1924.5302205231565	1	0	1	2.938820417074752
134200.0	6000.0	1724.5302205232347	0.0	0	292.2428991603083	1924.5302205231856	1	0	1	2.9388204170747496
135200.0	6000.0	1724.5302205232651	0.0	0	327.4970548309211	1924.5302205232147	1	0	1	2.938820417074748
136294.52195924663	6000.0	1630.0082612766591	0.0	0	0.0	1924.5302205232147	1	0	1	2.938820417074748
137200.0	6000.0	1724.5302205232883	0.0	0	203.79044614822487	1924.5302205232147	1	0	1	2.938820417074748
138200.0	6000.0	1724.5302205232774	0.0	0	465.7133328639611	1924.5302205232147	1	0	1	2.938820417074748
139360.77663336514	6000.0	1563.753587158121	0.0	0	0.0	1924.5302205232147	1	0	1	2.938820417074748
140200.0	6000.0	1724.5302205232244	0.0	0	154.91477150205174	1924.5302205232147	1	0	1	2.938820417074748
141200.0	6000.0	1724.5302205232047	0.0	0	358.3750166541431	1924.5302205232147	1	0	1	2.938820417074748
142200.0	6000.0	1724.5302205231956	0.0	0	387.8051390183973	1924.5302205232438	1	0	1	2.9388204170747456
143200.0	6000.0	1724.530220523196	0.0	0	444.3845438052085	1924.5302205232438	1	0	1	2.9388204170747456
144200.0	6000.0	1724.5302205231833	0.0	0	327.58166728322976	1924.5302205232147	1	0	1	2.938820417074748
145200.0	6000.0	1724.5302205231817	0.0	0	480.92413894459605	1924.5302205232147	1	0	1	2.938820417074748
146200.0	6000.0	1724.530220523187	0.0	0	309.5250631981762	1924.5302205232147	1	0	1	2.938820417074748
147200.0	6000.0	1724.5302205231733	0.0	0	182.33411262577283	1924.5302205232147	1	0	1	2.938820417074748
148200.0	6000.0	1724.5302205231314	0.0	0	6.512278470152523	1924.5302205232147	1	0	1	2.938820417074748
149200.0	6000.0	1724.5302205231199	0.0	0	355.00508644772344	1924.5302205232147	1	0	1	2.938820417074748
150200.0	6000.0	1724.5302205231328	0.0	0	323.4144081248087	1924.5302205232147	1	0	1	2.938820417074748
151200.0	6000.0	1724.530220523077	0.0	0	246.68837241493748	1924.5302205232147	1	0	1	2.938820417074748
152200.0	6000.0	1724.5302205230857	0.0	0	269.9971945878351	1924.5302205232147	1	0	1	2.938820417074748
153292.83504513936	6000.0	1631.695175383709	0.0	0	0.0	1924.5302205232147	1	0	1	2.938820417074748
154200.0	6000.0	1724.530220523091	0.0	0	275.5406418303319	1924.5302205232147	1	0	1	2.938820417074748
155200.0	6000.0	1724.5302205231146	0.0	0	289.6820391295769	1924.5302205232438	1	0	1	2.9388204170747456
156200.0	6000.0	1724.5302205231314	0.0	0	409.6794407327252	1924.5302205232438	1	0	1	2.9388204170747456
157200.0	6000.0	1724.5302205231228	0.0	0	495.8990508838615	1924.5302205231856	1	0	1	2.9388204170747496
158200.0	6000.0	1724.5302205231242	0.0	0	385.77579623798374	1924.5302205231565	1	0	1	2.938820417074752
159240.07506761202	6000.0	1684.4551529110877	0.0	0	0.0	1924.5302205231274	1	0	1	2.938820417074753
160200.0	6000.0	1724.5302205231244	0.0	0	54.02733846733463	1924.5302205231565	1	0	1	2.938820417074752
161200.0	6000.0	1724.5302205231078	0.0	0	303.73408298470895	1924.5302205231856	1	0	1	2.9388204170747496
162200.0	6000.0	1724.5302205230976	0.0	0	43.546462763886666	1924.5302205231856	1	0	1	2.9388204170747496
163200.0	6000.0	1724.5302205231285	0.0	0	253.5779229462205	1924.5302205231856	1	0	1	2.9388204170747496
164200.0	6000.0	1724.5302205231103	0.0	0	5.9161997115879785	1924.5302205231856	1	0	1	2.9388204170747496
165253.01631411733	6000.0	1671.5139064057896	0.0	0	0.0	1924.5302205232147	1	0	1	2.938820417074748
166200.0	6000.0	1724.5302205230978	0.0	0	26.144184257893357	1924.5302205232147	1	0	1	2.938820417074748
167200.0	6000.0	1724.5302205230873	0.0	0	475.1002075787692	1924.5302205232147	1	0	1	2.938820417074748
168200.0	6000.0	1724.5302205231098	0.0	0	169.45972702334984	1924.5302205232438	1	0	1	2.9388204170747456
169200.0	6000.0	1724.5302205231335	0.0	0	287.3564655626251	1924.5302205232438	1	0	1	2.9388204170747456
170200.0	6000.0	1724.5302205231467	0.0	0	27.977549257164355	1924.5302205232438	1	0	1	2.9388204170747456
171200.0	6000.0	1724.5302205231178	0.0	0	416.0043122720381	1924.5302205232147	1	0	1	2.938820417074748
172200.0	6000.0	1724.5302205230885	0.0	0	100.29765078879427	1924.5302205232147	1	0	1	2.938820417074748
173200.0	6000.0	1724.5302205230919	0.0	0	380.8405825358059	1924.5302205232147	1	0	1	2.938820417074748
174200.0	6000.0	1724.5302205230564	0.0	0	285.3230953300372	1924.5302205232147	1	0	1	2.938820417074748
175200.0	6000.0	1724.5302205230623	0.0	0	78.30075617376133	1924.5302205231856	1	0	1	2.9388204170747496
176200.0	6000.0	1724.5302205230905	0.0	0	202.59647386305733	1924.5302205232147	1	0	1	2.938820417074748
177200.0	6000.0	1724.5302205230664	0.0	0	206.934142330545	1924.5302205232147	1	0	1	2.938820417074748
178200.0	6000.0	1724.5302205230837	0.0	0	341.00568387217936	1924.5302205231856	1	0	1	2.9388204170747496
179200.0	6000.0	1724.5302205231096	0.0	0	397.87538247791235	1924.5302205231856	1	0	1	2.9388204170747496
180200.0	6000.0	1724.5302205231103	0.0	0	132.03575916413683	1924.5302205231856	1	0	1	2.9388204170747496
181200.0	6000.0	1724.530220523119	0.0	0	189.26113837142475	1924.5302205231856	1	0	1	2.9388204170747496
182521.87684470738	6000.0	1402.6533758157423	0.0	0	0.0	1924.5302205231565	1	0	1	2.93882041707475
183240.4323695353	6000.0	1684.0978509878148	0.0	0	0.0	1924.5302205231274	1	0	1	2.938820417074753
184200.0	6000.0	1724.5302205230855	0.0	0	145.30162573582493	1924.5302205231274	1	0	1	2.938820417074753
185200.0	6000.0	1724.5302205230957	0.0	0	407.46178419617354	1924.5302205231274	1	0	1	2.938820417074753
186200.0	6000.0	1724.5302205230682	0.0	0	106.68878188313101	1924.5302205230983	1	0	1	2.938820417074756
187200.0	6000.0	1724.5302205230525	0.0	0	200.01658317973488	1924.5302205230691	1	0	1	2.938820417074757
188200.0	6000.0	1724.530220523055	0.0	0	445.3816354018345	1924.5302205230691	1	0	1	2.938820417074757
189200.0	6000.0	1724.530220523049	0.0	0	104.98553862879635	1924.53022052304	1	0	1	2.938820417074759
190200.0	6000.0	1724.5302205230369	0.0	0	31.08162289983011	1924.53022052304	1	0	1	2.938820417074759
191200.0	6000.0	1724.5302205230225	0.0	0	327.0649359351373	1924.53022052304	1	0	1	2.938820417074759
192200.0	6000.0	1724.5302205230225	0.0	0	233.43032067312743	1924.53022052304	1	0	1	2.938820417074759
193200.0	6000.0	1724.5302205230116	0.0	0	269.05684501005453	1924.53022052304	1	0	1	2.938820417074759
194200.0	6000.0	1724.530220523008	0.0	0	403.8583494522027	1924.530220523011	1	0	1	2.938820417074761
195200.0	6000.0	1724.5302205230014	0.0	0	423.3595375061559	1924.5302205229818	1	0	1	2.938820417074763
196200.0	6000.0	1724.5302205229884	0.0	0	155.68968074093573	1924.5302205229818	1	0	1	2.938820417074763
197876.00065807928	6000.0	1048.5295624436949	0.0	0	0.0	1924.5302205229527	1	0	1	2.9388204170747647
198849.13679066856	6000.0	1075.3934298544114	0.0	0	0.0	1924.5302205229818	1	0	1	2.938820417074763
199646.77410735525	6000.0	1277.7561131677112	0.0	0	0.0	1924.5302205229818	1	0	1	2.938820417074763
200416.82503063668	6000.0	1507.7051898862844	0.0	0	0.0	1924.530220523011	1	0	1	2.938820417074761
201200.0	6000.0	1724.5302205229696	0.0	0	181.407031826413	1924.5302205229818	1	0	1	2.938820417074763
202235.03441610443	6000.0	1689.4958044184932	0.0	0	0.0	1924.5302205229818	1	0	1	2.938820417074763
203611.70775895295	6000.0	1312.822461569932	0.0	0	0.0	1924.5302205229818	1	0	1	2.938820417074763
204638.85949909835	6000.0	1285.6707214245212	0.0	0	0.0	1924.5302205229818	1	0	1	2.938820417074763
205417.89949661298	6000.0	1506.6307239099144	0.0	0	0.0	1924.5302205229818	1	0	1	2.938820417074763
206738.4071947148	6000.0	1186.1230258081368	0.0	0	0.0	1924.530220523011	1	0	1	2.938820417074762
207311.37417653165	6000.0	1613.1560439912764	0.0	0	0.0	1924.530220523011	1	0	1	2.938820417074761
208390.90047003244	6000.0	1533.629750490469	0.0	0	0.0	1924.53022052304	1	0	1	2.938820417074759
209480.2306427447	6000.0	1444.2995777782291	0.0	0	0.0	1924.5302205230691	1	0	1	2.938820417074757
210727.98768996133	6000.0	1196.5425305615881	0.0	0	0.0	1924.5302205230691	1	0	1	2.938820417074757
211740.23141413732	6000.0	1184.2988063855842	0.0	0	0.0	1924.5302205230691	1	0	1	2.938820417074757
212381.21546893436	6000.0	1543.314751588521	0.0	0	0.0	1924.5302205230691	1	0	1	2.938820417074757
213200.0	6000.0	1724.5302205228907	0.0	0	77.5208949407388	1924.5302205230983	1	0	1	2.938820417074756
214317.91431146182	6000.0	1606.6159090610638	0.0	0	0.0	1924.5302205231274	1	0	1	2.938820417074753
215270.18071894688	6000.0	1654.3495015760006	0.0	0	0.0	1924.5302205231274	1	0	1	2.938820417074753
216200.0	6000.0	1724.5302205228754	0.0	0	45.01010226216749	1924.5302205231274	1	0	1	2.938820417074753
217200.0	6000.0	1724.5302205228816	0.0	0	273.73789998263237	1924.5302205231274	1	0	1	2.938820417074753
218247.23890878912	6000.0	1677.2913117337591	0.0	0	0.0	1924.5302205231274	1	0	1	2.938820417074753
219204.25183936558	6000.0	1720.2783811573036	0.0	0	0.0	1924.5302205231274	1	0	1	2.938820417074753
220200.0	6000.0	1724.530220522845	0.0	0	345.241628940159	1924.5302205231274	1	0	1	2.938820417074753
221200.0	6000.0	1724.5302205228757	0.0	0	285.6039870638633	1924.5302205230983	1	0	1	2.938820417074756
222200.0	6000.0	1724.5302205229032	0.0	0	301.822053857235	1924.5302205230983	1	0	1	2.938820417074756
223200.0	6000.0	1724.5302205228875	0.0	0	223.79711333106388	1924.5302205230983	1	0	1	2.938820417074756
224200.0	6000.0	1724.5302205228857	0.0	0	482.62356293940684	1924.5302205230983	1	0	1	2.938820417074756
225200.0	6000.0	1724.5302205228597	0.0	0	76.43783357847133	1924.5302205230983	1	0	1	2.938820417074756
226200.0	6000.0	1724.5302205228584	0.0	0	245.65109367918922	1924.5302205230983	1	0	1	2.938820417074756
227314.00448652936	6000.0	1610.5257339935	0.0	0	0.0	1924.5302205230983	1	0	1	2.938820417074756
228209.46913009713	6000.0	1715.0610904257321	0.0	0	0.0	1924.5302205231274	1	0	1	2.938820417074753
229264.8706966221	6000.0	1659.659523900773	0.0	0	0.0	1924.5302205231565	1	0	1	2.938820417074752
230608.68789851636	6000.0	1315.8423220064851	0.0	0	0.0	1924.5302205231274	1	0	1	2.938820417074753
231246.85500486393	6000.0	1677.6752156589555	0.0	0	0.0	1924.5302205231274	1	0	1	2.938820417074753
232200.0	6000.0	1724.5302205228884	0.0	0	204.21367284539156	1924.5302205230983	1	0	1	2.938820417074756
233200.0	6000.0	1724.5302205229134	0.0	0	344.45551571273245	1924.5302205230983	1	0	1	2.938820417074756
234200.0	6000.0	1724.5302205229113	0.0	0	474.45329899177887	1924.5302205230983	1	0	1	2.938820417074756
235200.0	6000.0	1724.530220522866	0.0	0	35.88941980985692	1924.5302205230691	1	0	1	2.938820417074757
236200.0	6000.0	1724.530220522841	0.0	0	441.43611076445086	1924.53022052304	1	0	1	2.938820417074759
237200.0	6000.0	1724.5302205228827	0.0	0	129.6278736856475	1924.53022052304	1	0	1	2.938820417074759
238200.0	6000.0	1724.530220522895	0.0	0	200.5445291835349	1924.53022052304	1	0	1	2.938820417074759
239200.0	6000.0	1724.530220522862	0.0	0	244.0315996237332	1924.53022052304	1	0	1	2.938820417074759
240200.0	6000.0	1724.5302205228681	0.0	0	253.10580271444633	1924.53022052304	1	0	1	2.938820417074759
241200.0	6000.0	1724.5302205228759	0.0	0	136.44494731922168	1924.53022052304	1	0	1	2.938820417074759
242200.0	6000.0	1724.5302205228775	0.0	0	165.520123702212	1924.53022052304	1	0	1	2.938820417074759
243200.0	6000.0	1724.5302205228893	0.0	0	214.35747032929794	1924.5302205230691	1	0	1	2.938820417074757
244200.0	6000.0	1724.5302205229027	0.0	0	311.1430144075712	1924.5302205230691	1	0	1	2.938820417074757
245200.0	6000.0	1724.5302205229086	0.0	0	215.30432492450927	1924.5302205230691	1	0	1	2.938820417074757
246200.0	6000.0	1724.5302205229384	0.0	0	326.1457389332645	1924.5302205230983	1	0	1	2.938820417074756
247570.3866320683	6000.0	1354.1435884546786	0.0	0	0.0	1924.5302205231274	1	0	1	2.938820417074753
248421.34706024648	6000.0	1503.1831602765005	0.0	0	0.0	1924.5302205231274	1	0	1	2.938820417074753
249284.83262289164	6000.0	1639.6975976313545	0.0	0	0.0	1924.5302205231274	1	0	1	2.938820417074753
250200.0	6000.0	1724.530220522982	0.0	0	75.67482894330169	1924.5302205231274	1	0	1	2.938820417074753
251200.0	6000.0	1724.5302205229466	0.0	0	127.46437250057352	1924.5302205230983	1	0	1	2.938820417074756
252200.0	6000.0	1724.5302205229707	0.0	0	291.7656748162408	1924.5302205230983	1	0	1	2.938820417074756
253200.0	6000.0	1724.5302205230023	0.0	0	174.1437218534993	1924.5302205230983	1	0	1	2.938820417074756
254200.0	6000.0	1724.5302205230114	0.0	0	348.5091332962329	1924.5302205230691	1	0	1	2.938820417074757
255200.0	6000.0	1724.5302205230219	0.0	0	270.67321900458774	1924.5302205230983	1	0	1	2.938820417074756
256200.0	6000.0	1724.5302205229934	0.0	0	165.00841350771952	1924.5302205230983	1	0	1	2.938820417074756
257489.43864736962	6000.0	1435.0915731533803	0.0	0	0.0	1924.5302205230983	1	0	1	2.938820417074756
258388.42767286184	6000.0	1536.1025476611765	0.0	0	0.0	1924.5302205231274	1	0	1	2.938820417074753
259464.38070422586	6000.0	1460.1495162971476	0.0	0	0.0	1924.5302205231274	1	0	1	2.938820417074753
260341.52963598288	6000.0	1583.0005845400935	0.0	0	0.0	1924.5302205231274	1	0	1	2.938820417074753
261200.0	6000.0	1724.5302205229766	0.0	0	6.771593818149995	1924.5302205230983	1	0	1	2.938820417074756
262322.7674478253	6000.0	1601.7627726976843	0.0	0	0.0	1924.5302205230983	1	0	1	2.938820417074754
263200.0	3000.0	1724.5302205229577	0.0	0	468.88364567927783	1924.5302205230983	1	0	1	1.5525260559548655
264200.0	3000.0	1724.5302205230064	0.0	0	415.3982622423209	1924.5302205231856	1	0	1	2.2456732365148078
265200.0	3000.0	1724.5302205230046	0.0	0	427.40471310855355	1924.5302205231856	1	0	1	2.245673236514805
266200.0	3000.0	1724.5302205230016	0.0	0	608.5600069937645	1924.5302205231274	1	0	1	2.2456732365148087
267200.0	3000.0	1724.530220522984	0.0	0	693.3836591916042	1924.5302205231274	1	0	1	2.2456732365148087
268242.54324520135	6000.0	1681.986975321578	0.0	0	0.0	1924.5302205231274	1	0	1	2.2456732365148087
269200.0	6000.0	1724.5302205229584	0.0	0	253.56981314107543	1924.5302205230691	1	0	1	2.938820417074757
270440.3878941736	6000.0	1484.1423263494066	0.0	0	0.0	1924.5302205230691	1	0	1	2.938820417074757
271613.5017460409	6000.0	1311.028474482127	0.0	0	0.0	1924.5302205230691	1	0	1	2.938820417074757
272469.725906038	6000.0	1454.8043144849942	0.0	0	0.0	1924.5302205230691	1	0	1	2.938820417074757
273200.0	6000.0	1724.5302205229689	0.0	0	94.42129774414934	1924.5302205230691	1	0	1	2.938820417074757
274200.0	6000.0	1724.5302205229211	0.0	0	512.2929078519228	1924.530220523011	1	0	1	2.938820417074761
275200.0	6000.0	1724.5302205229737	0.0	0	283.379943798529	1924.5302205230691	1	0	1	2.938820417074757
276200.0	6000.0	1724.5302205229802	0.0	0	375.65048301347997	1924.5302205230691	1	0	1	2.938820417074757
277200.0	6000.0	1724.5302205230487	0.0	0	509.6191706741811	1924.5302205230691	1	0	1	2.938820417074757
278200.0	6000.0	1724.5302205230334	0.0	0	463.35058302548714	1924.5302205230691	1	0	1	2.938820417074757
279200.0	6000.0	1724.5302205229632	0.0	0	428.15413627406815	1924.5302205230691	1	0	1	2.938820417074757
280361.84572878206	6000.0	1562.6844917409526	0.0	0	0.0	1924.5302205230691	1	0	1	2.938820417074757
281794.8893860159	6000.0	1129.6408345071202	0.0	0	0.0	1924.5302205230691	1	0	1	2.938820417074757
282544.45843417716	6000.0	1380.0717863458942	0.0	0	0.0	1924.5302205230691	1	0	1	2.938820417074757
283348.43703309144	6000.0	1576.0931874315797	0.0	0	0.0	1924.530220523011	1	0	1	2.938820417074761
284200.0	6000.0	1724.5302205230034	0.0	0	262.6694186295499	1924.5302205229527	1	0	1	2.938820417074765
285200.0	6000.0	1724.5302205229975	0.0	0	120.24631618941203	1924.5302205229527	1	0	1	2.938820417074765
286200.0	6000.0	1724.5302205229377	0.0	0	125.0782284490997	1924.5302205229527	1	0	1	2.938820417074765
287200.0	6000.0	1724.5302205229334	0.0	0	127.64514851069544	1924.530220523011	1	0	1	2.938820417074761
288221.43121545244	6000.0	1703.099005070531	0.0	0	0.0	1924.530220523011	1	0	1	2.938820417074761
289200.0	6000.0	1724.5302205229768	0.0	0	314.7982608465245	1924.530220523011	1	0	1	2.938820417074761
290200.0	6000.0	1724.5302205229955	0.0	0	514.2734717151616	1924.5302205230691	1	0	1	2.938820417074757
291200.0	6000.0	1724.530220523075	0.0	0	326.59145522513427	1924.5302205230691	1	0	1	2.938820417074757
292200.0	6000.0	1724.530220523063	0.0	0	330.10544955614023	1924.5302205230691	1	0	1	2.938820417074757
293200.0	6000.0	1724.5302205230576	0.0	0	313.30971866688924	1924.5302205230691	1	0	1	2.938820417074757
294200.0	6000.0	1724.5302205230187	0.0	0	456.85385649459204	1924.530220523011	1	0	1	2.938820417074761
295200.0	6000.0	1724.530220523039	0.0	0	266.9418683814001	1924.5302205230691	1	0	1	2.938820417074757
296200.0	6000.0	1724.5302205230282	0.0	0	163.13029371929588	1924.5302205230691	1	0	1	2.938820417074757
297200.0	6000.0	1724.5302205231012	0.0	0	38.71288737573195	1924.5302205231274	1	0	1	2.938820417074753
298200.0	6000.0	1724.5302205230728	0.0	0	33.087923651444726	1924.5302205231274	1	0	1	2.938820417074753
299200.0	6000.0	1724.5302205230369	0.0	0	372.6645899651339	1924.5302205231274	1	0	1	2.938820417074753
300200.0	6000.0	1724.5302205230732	0.0	0	499.3841626934591	1924.5302205231856	1	0	1	2.9388204170747496
7.44	8.32	12.9	11.1	9.12	7.31	5.32	8.24	7.82	6.86	10.4	6.45	5.61	8.4	9.57	6.26	8.92	6.15	9.67	8.78	11.7	8.34	7.55	10.3	7.47	7.83	9.28	6.04	6.36	5.38	8.29	9.35	11.6	8.72	9.19	8.97	8.11	6.94	9.16	10.1	11.1	10.7	11.0	7.53	3.81	5.64	6.64	7.76	10.4	6.65	4.73	5.73	6.53	4.65	8.55	7.33	6.13	5.75	8.5	7.15	6.68	7.34	6.52	9.58	8.1	4.97	9.34	9.83	10.3	9.36	10.6	8.53	8.21	5.07	5.91	7.56	5.69	4.12	7.11	10.6	8.33	10.5	8.19	11.0	8.24	5.51	6.66	6.04	6.15	8.21	7.96	10.0	10.7	7.49	4.38	5.95	7.49	10.0	6.96	9.05	7.41	7.91	10.2	6.02	4.07	5.13	5.43	5.62	6.05	6.75	8.36	5.12	6.87	8.88	7.18	8.05	7.82	6.3	6.21	9.13	11.3	11.1	6.71	9.64	10.9	12.0	10.6	4.65	3.74	8.7	8.46	10.5	5.25	8.99	10.1	6.3	8.68	11.9	12.2	6.72	7.89	9.96	8.2	8.12	7.9	8.05	10.3	9.29	6.83	10.1	7.44	8.32	12.9	11.1	9.12	7.31	5.32	8.24	7.82	6.86	10.4	6.45	5.61	8.4	9.57	6.26	8.92	6.15	9.67	8.78	11.7	8.34	7.55	10.3	7.47	7.83	9.28	6.04	6.36	5.38	8.29	9.35	11.6	8.72	9.19	8.97	8.11	6.94	9.16	10.1	11.1	10.7	11.0	7.53	3.81	5.64	6.64	7.76	10.4	6.65	4.73	5.73	6.53	4.65	8.55	7.33	6.13	5.75	8.5	7.15	6.68	7.34	6.52	9.58	8.1	4.97	9.34	9.83	10.3	9.36	10.6	8.53	8.21	5.07	5.91	7.56	5.69	4.12	7.11	10.6	8.33	10.5	8.19	11.0	8.24	5.51	6.66	6.04	6.15	8.21	7.96	10.0	10.7	7.49	4.38	5.95	7.49	10.0	6.96	9.05	7.41	7.91	10.2	6.02	4.07	5.13	5.43	5.62	6.05	6.75	8.36	5.12	6.87	8.88	7.18	8.05	7.82	6.3	6.21	9.13	11.3	11.1	6.71	9.64	10.9	12.0	10.6	4.65	3.74	8.7	8.46	10.5	5.25	8.99	10.1	6.3	8.68	11.9	12.2	6.72	7.89	9.96	8.2	8.12	7.9	8.05	10.3	9.29	6.83	10.1	7.44
1.0	2.0	3.0	4.0	5.0	6.0	7.0	8.0	9.0	10.0	11.0	12.0	13.0	14.0	15.0	16.0	17.0	18.0	19.0	20.0	21.0	22.0	23.0	24.0	25.0	26.0	27.0	28.0	29.0	30.0	31.0	32.0	33.0	34.0	35.0	36.0	37.0	38.0	39.0	40.0	41.0	42.0	43.0	44.0	45.0	46.0	47.0	48.0	49.0	50.0	51.0	52.0	53.0	54.0	55.0	56.0	57.0	58.0	59.0	60.0	61.0	62.0	63.0	64.0	65.0	66.0	67.0	68.0	69.0	70.0	71.0	72.0	73.0	74.0	75.0	76.0	77.0	78.0	79.0	80.0	81.0	82.0	83.0	84.0	85.0	86.0	87.0	88.0	89.0	90.0	91.0	92.0	93.0	94.0	95.0	96.0	97.0	98.0	99.0	100.0	101.0	102.0	103.0	104.0	105.0	106.0	107.0	108.0	109.0	110.0	111.0	112.0	113.0	114.0	115.0	116.0	117.0	118.0	119.0	120.0	121.0	122.0	123.0	124.0	125.0	126.0	127.0	128.0	129.0	130.0	131.0	132.0	133.0	134.0	135.0	136.0	137.0	138.0	139.0	140.0	141.0	142.0	143.0	144.0	145.0	146.0	147.0	148.0	149.0	149.0	150.0	151.0	152.0	153.0	154.0	155.0	156.0	157.0	158.0	159.0	160.0	161.0	162.0	163.0	164.0	165.0	166.0	167.0	168.0	169.0	170.0	171.0	172.0	173.0	174.0	175.0	176.0	177.0	178.0	179.0	180.0	181.0	182.0	183.0	184.0	185.0	186.0	187.0	188.0	189.0	190.0	191.0	192.0	193.0	194.0	195.0	196.0	197.0	198.0	199.0	200.0	201.0	202.0	203.0	204.0	205.0	206.0	207.0	208.0	209.0	210.0	211.0	212.0	213.0	214.0	215.0	216.0	217.0	218.0	219.0	220.0	221.0	222.0	223.0	224.0	225.0	226.0	227.0	228.0	229.0	230.0	231.0	232.0	233.0	234.0	235.0	236.0	237.0	238.0	239.0	240.0	241.0	242.0	243.0	244.0	245.0	246.0	247.0	248.0	249.0	250.0	251.0	252.0	253.0	254.0	255.0	256.0	257.0	258.0	259.0	260.0	261.0	262.0	263.0	264.0	265.0	266.0	267.0	268.0	269.0	270.0	271.0	272.0	273.0	274.0	275.0	276.0	277.0	278.0	279.0	280.0	281.0	282.0	283.0	284.0	285.0	286.0	287.0	288.0	289.0	290.0	291.0	292.0	293.0	294.0	295.0	296.0	297.0	298.0	298.0	299.0
3448.7970493087278
