2768.419681943158	300.0	2000.0	143.44955800038917	0	0.0	2768.419681943158	1	0	1	-0.998669162806687
3200.0	300.0	2568.419681943158	0.0	0	330.3914832989881	2768.4196819431577	1	0	1	-0.14208727892152057
4200.0	300.0	2568.4196819431586	0.0	0	898.6494433152529	2768.4196819431586	1	0	1	-0.14208727892152062
5200.0	300.0	2568.4196819431577	0.0	0	881.8514645902733	2768.4196819431572	1	0	1	-0.14208727892152054
6200.0	500.0	2568.4196819431577	0.0	0	752.002266719539	2768.4196819431572	1	0	1	-0.14208727892152043
7200.0	500.0	2568.4196819431577	0.0	0	795.2044132148822	2768.4196819431572	1	0	1	0.3687383448444702
8200.0	500.0	2568.4196819431572	0.0	0	801.0589364647976	2768.4196819431563	1	0	1	0.3687383448444704
9200.0	1000.0	2568.4196819431586	0.0	0	714.7562884954477	2768.419681943158	1	0	1	0.36873834484447027
10200.0	1000.0	2568.419681943156	0.0	0	645.5987730535326	2768.4196819431554	1	0	1	1.0618855254044157
11200.0	3000.0	2568.4196819431554	0.0	0	2.035095471966997	2768.4196819431545	1	0	1	1.0618855254044162
12200.0	3000.0	2568.419681943154	0.0	0	151.97917795574722	2768.4196819431545	1	0	1	2.160497814072526
13205.396424751685	3000.0	2563.0232571914694	0.0	0	0.0	2768.4196819431563	1	0	1	2.160497814072526
14362.451507245174	3000.0	2405.9681746979804	0.0	0	0.0	2768.4196819431563	1	0	1	2.1604978140725257
15447.429671011436	3000.0	2320.9900109317177	0.0	0	0.0	2768.4196819431563	1	0	1	2.1604978140725257
16470.588405723647	3000.0	2297.8312762195083	0.0	0	0.0	2768.4196819431563	1	0	1	2.1604978140725257
17200.0	3000.0	2568.4196819431586	0.0	0	151.76414986524833	2768.41968194316	1	0	1	2.1604978140725257
18200.0	3000.0	2568.4196819431545	0.0	0	182.24769841116358	2768.4196819431545	1	0	1	2.160497814072526
19200.0	3000.0	2568.4196819431504	0.0	0	115.08689179809153	2768.4196819431527	1	0	1	2.160497814072526
20200.0	3000.0	2568.419681943148	0.0	0	112.665326801005	2768.4196819431527	1	0	1	2.160497814072526
21200.0	3000.0	2568.419681943146	0.0	0	192.75439976387133	2768.419681943149	1	0	1	2.1604978140725266
22200.0	3000.0	2568.419681943141	0.0	0	293.7008747233631	2768.419681943149	1	0	1	2.1604978140725266
23200.0	3000.0	2568.4196819431354	0.0	0	290.92749944426396	2768.419681943149	1	0	1	2.1604978140725266
24467.52287646095	3000.0	2300.8968054821808	0.0	0	0.0	2768.4196819431454	1	0	1	2.160497814072527
25200.0	3000.0	2568.4196819431313	0.0	0	5.9156069270648	2768.4196819431454	1	0	1	2.160497814072527
26200.0	3000.0	2568.419681943134	0.0	0	243.34115475540602	2768.419681943149	1	0	1	2.1604978140725266
27200.0	3000.0	2568.4196819431368	0.0	0	220.85037041968826	2768.419681943149	1	0	1	2.1604978140725266
28200.0	3000.0	2568.4196819431318	0.0	0	30.915539800083934	2768.4196819431454	1	0	1	2.160497814072527
29200.0	3000.0	2568.41968194313	0.0	0	435.77278455498526	2768.4196819431454	1	0	1	2.160497814072527
30200.0	3000.0	2568.4196819431336	0.0	0	315.77342952261097	2768.4196819431454	1	0	1	2.160497814072527
31200.0	3000.0	2568.4196819431363	0.0	0	208.28030558811952	2768.4196819431454	1	0	1	2.160497814072527
32217.139123854304	3000.0	2551.280558088837	0.0	0	0.0	2768.419681943149	1	0	1	2.1604978140725266
33200.0	3000.0	2568.419681943146	0.0	0	127.41452350068721	2768.4196819431563	1	0	1	2.160497814072526
34200.0	3000.0	2568.419681943138	0.0	0	308.6300339639711	2768.4196819431454	1	0	1	2.1604978140725266
35200.0	3000.0	2568.419681943139	0.0	0	368.2801525093673	2768.419681943149	1	0	1	2.1604978140725266
36200.0	3000.0	2568.4196819431363	0.0	0	198.4899987961253	2768.4196819431527	1	0	1	2.160497814072526
37200.0	3000.0	2568.419681943133	0.0	0	133.36704693327192	2768.4196819431527	1	0	1	2.160497814072526
38200.0	3000.0	2568.419681943136	0.0	0	57.256671404284134	2768.4196819431527	1	0	1	2.160497814072526
39200.0	3000.0	2568.419681943142	0.0	0	280.98942253625864	2768.4196819431527	1	0	1	2.160497814072526
40200.0	3000.0	2568.419681943141	0.0	0	79.35616845396726	2768.4196819431454	1	0	1	2.160497814072527
41200.0	3000.0	2568.419681943139	0.0	0	179.1638160454022	2768.4196819431454	1	0	1	2.160497814072527
42200.0	3000.0	2568.419681943134	0.0	0	268.3370830165586	2768.4196819431454	1	0	1	2.160497814072527
43753.99867015537	3000.0	2014.421011787769	0.0	0	0.0	2768.4196819431454	1	0	1	2.160497814072527
44681.71619698728	3000.0	2086.703484955859	0.0	0	0.0	2768.4196819431454	1	0	1	2.160497814072527
45892.21120559659	3000.0	1876.208476346548	0.0	0	0.0	2768.4196819431527	1	0	1	2.160497814072526
46849.088755682504	3000.0	1919.3309262606356	0.0	0	0.0	2768.4196819431527	1	0	1	2.160497814072526
47419.73393922152	3000.0	2348.6857427216205	0.0	0	0.0	2768.41968194316	1	0	1	2.1604978140725253
48303.68215624463	3000.0	2464.737525698511	0.0	0	0.0	2768.41968194316	1	0	1	2.1604978140725253
49200.0	3000.0	2568.419681943129	0.0	0	101.60412478261424	2768.4196819431527	1	0	1	2.160497814072526
50423.49398372842	3000.0	2344.925698214715	0.0	0	0.0	2768.4196819431527	1	0	1	2.160497814072526
51464.5332955018	3000.0	2303.886386441337	0.0	0	0.0	2768.41968194316	1	0	1	2.1604978140725253
52354.51381155176	3000.0	2413.905870391378	0.0	0	0.0	2768.41968194316	1	0	1	2.1604978140725253
53200.0	3000.0	2568.4196819431395	0.0	0	59.009847003435425	2768.41968194316	1	0	1	2.1604978140725253
54200.0	3000.0	2568.419681943136	0.0	0	306.8775175006667	2768.41968194316	1	0	1	2.1604978140725253
55642.274589674635	3000.0	2126.145092268491	0.0	0	0.0	2768.4196819431672	1	0	1	2.1604978140725244
56815.71839098168	3000.0	1952.7012909614377	0.0	0	0.0	2768.4196819431672	1	0	1	2.1604978140725244
57996.580214407186	3000.0	1771.8394675359345	0.0	0	0.0	2768.41968194316	1	0	1	2.1604978140725253
59211.51334426502	3000.0	1556.9063376780948	0.0	0	0.0	2768.41968194316	1	0	1	2.1604978140725253
60392.18045604026	3000.0	1376.239225902859	0.0	0	0.0	2768.41968194316	1	0	1	2.1604978140725253
61236.46762570882	3000.0	1531.9520562343032	0.0	0	0.0	2768.41968194316	1	0	1	2.1604978140725253
61970.99632265698	3000.0	1797.4233592861392	0.0	0	0.0	2768.41968194316	1	0	1	2.1604978140725253
62578.134858206155	3000.0	2190.2848237369653	0.0	0	0.0	2768.41968194316	1	0	1	2.1604978140725253
63513.24814147965	3000.0	2255.17154046347	0.0	0	0.0	2768.4196819431672	1	0	1	2.1604978140725244
64246.23844327634	3000.0	2522.181238666772	0.0	0	0.0	2768.4196819431672	1	0	1	2.1604978140725244
65315.4102760385	3000.0	2453.0094059046173	0.0	0	0.0	2768.4196819431672	1	0	1	2.1604978140725244
66200.0	3000.0	2568.4196819431063	0.0	0	191.16659488534788	2768.4196819431527	1	0	1	2.1604978140725253
67200.0	3000.0	2568.4196819430817	0.0	0	368.9058628571074	2768.4196819431236	1	0	1	2.160497814072529
68200.0	3000.0	2568.41968194309	0.0	0	81.50061243385426	2768.419681943131	1	0	1	2.1604978140725297
69200.0	3000.0	2568.4196819430836	0.0	0	220.3275916640123	2768.4196819431236	1	0	1	2.1604978140725306
70200.0	3000.0	2568.4196819430786	0.0	0	294.2864327809075	2768.419681943138	1	0	1	2.1604978140725284
71572.05392482516	3000.0	2196.3657571179283	0.0	0	0.0	2768.419681943138	1	0	1	2.1604978140725284
72200.0	3000.0	2568.4196819430863	0.0	0	178.09981354149932	2768.419681943138	1	0	1	2.1604978140725284
73200.0	3000.0	2568.4196819430836	0.0	0	309.1192652877653	2768.4196819431236	1	0	1	2.1604978140725306
74200.0	3000.0	2568.419681943095	0.0	0	165.78144279912522	2768.4196819431236	1	0	1	2.1604978140725306
75200.0	3000.0	2568.4196819430786	0.0	0	56.35678050441493	2768.419681943109	1	0	1	2.160497814072533
76213.73000793367	3000.0	2554.6896740094035	0.0	0	0.0	2768.419681943109	1	0	1	2.160497814072533
77200.0	3000.0	2568.4196819430827	0.0	0	102.09818636839918	2768.419681943109	1	0	1	2.160497814072533
78200.0	3000.0	2568.419681943089	0.0	0	2.6819355395418825	2768.419681943109	1	0	1	2.160497814072533
79200.0	3000.0	2568.4196819430736	0.0	0	368.0519577413943	2768.419681943109	1	0	1	2.160497814072533
80200.0	3000.0	2568.4196819430917	0.0	0	137.95905853025033	2768.4196819431236	1	0	1	2.1604978140725306
81200.0	3000.0	2568.419681943078	0.0	0	285.08511124290817	2768.4196819431236	1	0	1	2.1604978140725306
82200.0	3000.0	2568.4196819430704	0.0	0	52.25438054680126	2768.4196819431236	1	0	1	2.1604978140725306
83200.0	3000.0	2568.4196819430786	0.0	0	131.2950589790562	2768.419681943138	1	0	1	2.1604978140725284
84200.0	3000.0	2568.419681943079	0.0	0	156.40625634405296	2768.419681943138	1	0	1	2.1604978140725284
85320.5795164389	3000.0	2447.8401655041753	0.0	0	0.0	2768.419681943138	1	0	1	2.1604978140725284
86261.32124922436	3000.0	2507.0984327187057	0.0	0	0.0	2768.4196819431236	1	0	1	2.1604978140725306
87200.0	3000.0	2568.41968194307	0.0	0	383.8816001152154	2768.419681943109	1	0	1	2.160497814072533
88259.29609918631	3000.0	2509.123582756749	0.0	0	0.0	2768.4196819430945	1	0	1	2.1604978140725346
89200.0	3000.0	2568.419681943054	0.0	0	214.18185938739043	2768.41968194308	1	0	1	2.160497814072537
90200.0	3000.0	2568.419681943056	0.0	0	458.70835399049975	2768.41968194308	1	0	1	2.160497814072537
91200.0	3000.0	2568.4196819430736	0.0	0	262.13399428420234	2768.41968194308	1	0	1	2.160497814072537
92200.0	3000.0	2568.419681943072	0.0	0	308.2360316919221	2768.41968194308	1	0	1	2.160497814072537
93200.0	3000.0	2568.419681943056	0.0	0	273.97181352401094	2768.41968194308	1	0	1	2.160497814072537
94437.68210083882	3000.0	2330.737581104242	0.0	0	0.0	2768.41968194308	1	0	1	2.160497814072537
95438.31615426789	3000.0	2330.1035276751786	0.0	0	0.0	2768.41968194308	1	0	1	2.160497814072537
96713.97117727216	3000.0	2054.448504670888	0.0	0	0.0	2768.41968194308	1	0	1	2.160497814072537
98104.65315375643	3000.0	1663.7665281866298	0.0	0	0.0	2768.41968194308	1	0	1	2.160497814072537
99015.27558725014	3000.0	1753.1440946929176	0.0	0	0.0	2768.4196819430945	1	0	1	2.1604978140725346
99757.8344687467	3000.0	2010.5852131963507	0.0	0	0.0	2768.4196819430945	1	0	1	2.1604978140725346
100445.15717428405	3000.0	2323.262507659	0.0	0	0.0	2768.4196819430945	1	0	1	2.1604978140725346
101200.0	3000.0	2568.4196819430663	0.0	0	118.53777816556976	2768.4196819430945	1	0	1	2.1604978140725346
102200.0	3000.0	2568.419681943062	0.0	0	335.48701738831005	2768.4196819430945	1	0	1	2.1604978140725346
103239.46481467724	3000.0	2528.954867265825	0.0	0	0.0	2768.4196819430945	1	0	1	2.1604978140725346
104200.0	3000.0	2568.419681943045	0.0	0	143.46933931186504	2768.4196819430945	1	0	1	2.1604978140725346
105200.0	3000.0	2568.4196819430376	0.0	0	341.6711471541348	2768.4196819430945	1	0	1	2.1604978140725346
106401.26315637291	3000.0	2367.1565255701194	0.0	0	0.0	2768.4196819430945	1	0	1	2.1604978140725346
107444.25459585898	3000.0	2324.1650860840546	0.0	0	0.0	2768.41968194308	1	0	1	2.160497814072537
108333.3215228476	3000.0	2435.0981590954234	0.0	0	0.0	2768.41968194308	1	0	1	2.160497814072537
109362.35942544417	3000.0	2406.060256498867	0.0	0	0.0	2768.41968194308	1	0	1	2.160497814072537
110200.0	3000.0	2568.4196819430294	0.0	0	226.70118606823962	2768.41968194308	1	0	1	2.160497814072537
111200.0	3000.0	2568.419681943029	0.0	0	401.05302100825065	2768.41968194308	1	0	1	2.160497814072537
112200.0	3000.0	2568.4196819430117	0.0	0	350.13866948193754	2768.41968194308	1	0	1	2.160497814072537
113200.0	3000.0	2568.4196819430113	0.0	0	137.4006217148999	2768.4196819430945	1	0	1	2.1604978140725346
114200.0	3000.0	2568.419681942997	0.0	0	130.24819515300624	2768.41968194308	1	0	1	2.160497814072537
115200.0	3000.0	2568.4196819430067	0.0	0	400.2347992129071	2768.41968194308	1	0	1	2.160497814072537
116200.0	3000.0	2568.4196819429926	0.0	0	87.53705604051356	2768.41968194308	1	0	1	2.160497814072537
117200.0	3000.0	2568.4196819430067	0.0	0	254.89741505603888	2768.41968194308	1	0	1	2.160497814072537
118200.0	3000.0	2568.419681943012	0.0	0	503.62415537763445	2768.41968194308	1	0	1	2.160497814072537
119274.68563090586	3000.0	2493.7340510371455	0.0	0	0.0	2768.41968194308	1	0	1	2.160497814072537
120200.0	3000.0	2568.419681943012	0.0	0	311.8750208193087	2768.41968194308	1	0	1	2.160497814072537
121200.0	3000.0	2568.4196819430053	0.0	0	50.85916390873899	2768.41968194308	1	0	1	2.160497814072537
122200.0	3000.0	2568.4196819430144	0.0	0	36.87337076771655	2768.41968194308	1	0	1	2.160497814072537
123200.0	3000.0	2568.4196819430117	0.0	0	113.82848797779297	2768.41968194308	1	0	1	2.160497814072537
124200.0	3000.0	2568.419681942997	0.0	0	267.88225657120347	2768.4196819430654	1	0	1	2.160497814072539
125200.0	3000.0	2568.4196819430094	0.0	0	407.7986203296605	2768.4196819430654	1	0	1	2.160497814072539
126200.0	3000.0	2568.419681943009	0.0	0	94.87733324451256	2768.4196819430654	1	0	1	2.160497814072539
127235.1312182609	3000.0	2533.2884636821263	0.0	0	0.0	2768.41968194308	1	0	1	2.160497814072537
128400.06865602867	3000.0	2368.3510259143554	0.0	0	0.0	2768.4196819430945	1	0	1	2.1604978140725346
129452.05755857112	3000.0	2316.362123371884	0.0	0	0.0	2768.4196819430945	1	0	1	2.1604978140725346
130211.76248860479	3000.0	2556.657193338216	0.0	0	0.0	2768.4196819430945	1	0	1	2.1604978140725346
131200.0	3000.0	2568.4196819430026	0.0	0	190.33064374509559	2768.419681943109	1	0	1	2.160497814072534
132200.0	3000.0	2568.4196819429803	0.0	0	306.2590044635872	2768.4196819430945	1	0	1	2.160497814072535
133200.0	3000.0	2568.4196819430013	0.0	0	260.05962600553175	2768.4196819431236	1	0	1	2.160497814072532
134200.0	3000.0	2568.419681943004	0.0	0	283.09780436832807	2768.419681943109	1	0	1	2.160497814072532
135238.1859607168	3000.0	2530.233721226181	0.0	0	0.0	2768.41968194308	1	0	1	2.160497814072537
136259.1231433265	3000.0	2509.2965386165074	0.0	0	0.0	2768.41968194308	1	0	1	2.160497814072537
137200.0	3000.0	2568.419681943025	0.0	0	150.98822393620503	2768.41968194308	1	0	1	2.160497814072537
138200.0	3000.0	2568.419681943014	0.0	0	288.2574179174262	2768.419681943051	1	0	1	2.1604978140725413
139200.0	3000.0	2568.4196819430254	0.0	0	152.73553792163148	2768.419681943051	1	0	1	2.1604978140725413
140200.0	3000.0	2568.419681943021	0.0	0	103.16878051831736	2768.419681943051	1	0	1	2.1604978140725413
141200.0	3000.0	2568.419681942997	0.0	0	210.63041124679148	2768.419681943051	1	0	1	2.1604978140725413
142200.0	3000.0	2568.4196819429876	0.0	0	321.36260955722537	2768.41968194308	1	0	1	2.160497814072537
143200.0	3000.0	2568.419681943003	0.0	0	154.64179136347957	2768.41968194308	1	0	1	2.160497814072537
144200.0	3000.0	2568.419681942988	0.0	0	142.8045997163863	2768.41968194308	1	0	1	2.160497814072537
145200.0	3000.0	2568.4196819429962	0.0	0	100.70241298072506	2768.419681943109	1	0	1	2.160497814072533
146470.05525035114	3000.0	2298.364431591882	0.0	0	0.0	2768.419681943138	1	0	1	2.1604978140725284
147406.90232537553	3000.0	2361.5173565674872	0.0	0	0.0	2768.419681943138	1	0	1	2.1604978140725284
148369.4799048523	3000.0	2398.939777090711	0.0	0	0.0	2768.419681943138	1	0	1	2.1604978140725284
149200.0	3000.0	2568.4196819430135	0.0	0	86.5113474074169	2768.419681943109	1	0	1	2.160497814072533
150200.0	3000.0	2568.41968194303	0.0	0	447.9746497228625	2768.419681943109	1	0	1	2.160497814072533
151200.0	3000.0	2568.4196819430304	0.0	0	110.97926867948263	2768.419681943109	1	0	1	2.160497814072533
152305.47048537811	3000.0	2462.949196564905	0.0	0	0.0	2768.41968194308	1	0	1	2.160497814072537
153325.2866516624	3000.0	2443.13303028061	0.0	0	0.0	2768.419681943109	1	0	1	2.160497814072533
154380.0431236573	3000.0	2388.37655828573	0.0	0	0.0	2768.419681943109	1	0	1	2.160497814072533
155598.43584350403	3000.0	2169.9838384389864	0.0	0	0.0	2768.41968194308	1	0	1	2.1604978140725337
156613.7919172918	3000.0	2154.6277646512217	0.0	0	0.0	2768.41968194308	1	0	1	2.160497814072537
157426.81818121043	3000.0	2341.601500732603	0.0	0	0.0	2768.41968194308	1	0	1	2.160497814072537
158200.0	3000.0	2568.419681943	0.0	0	77.16199408771354	2768.41968194308	1	0	1	2.160497814072537
159337.78662446904	3000.0	2430.633057473936	0.0	0	0.0	2768.41968194308	1	0	1	2.160497814072537
160253.7868492036	3000.0	2514.632832739399	0.0	0	0.0	2768.419681943109	1	0	1	2.160497814072533
161289.6491668115	3000.0	2478.770515131488	0.0	0	0.0	2768.41968194308	1	0	1	2.160497814072537
162603.10840713175	3000.0	2165.3112748112435	0.0	0	0.0	2768.41968194308	1	0	1	2.160497814072537
163604.66291940867	3000.0	2163.7567625343263	0.0	0	0.0	2768.41968194308	1	0	1	2.160497814072537
164517.5591768293	3000.0	2250.8605051136824	0.0	0	0.0	2768.419681943109	1	0	1	2.160497814072533
165450.27582279913	3000.0	2318.1438591438537	0.0	0	0.0	2768.41968194308	1	0	1	2.160497814072537
166200.0	3000.0	2568.419681942972	0.0	0	47.300961743079824	2768.41968194308	1	0	1	2.160497814072537
167200.0	3000.0	2568.419681942958	0.0	0	431.68777906431933	2768.419681943109	1	0	1	2.160497814072533
168200.0	3000.0	2568.4196819429703	0.0	0	45.3686440391175	2768.419681943109	1	0	1	2.160497814072533
169200.0	3000.0	2568.41968194298	0.0	0	115.89837902464205	2768.419681943138	1	0	1	2.1604978140725284
170200.0	3000.0	2568.419681942952	0.0	0	266.6821767400543	2768.419681943138	1	0	1	2.1604978140725284
171200.0	3000.0	2568.419681942948	0.0	0	150.99762326310156	2768.419681943138	1	0	1	2.1604978140725284
172200.0	3000.0	2568.4196819429544	0.0	0	251.48706120159477	2768.419681943138	1	0	1	2.1604978140725284
173200.0	3000.0	2568.4196819429544	0.0	0	226.56186234974302	2768.419681943138	1	0	1	2.1604978140725284
174294.0408454036	3000.0	2474.3788365393652	0.0	0	0.0	2768.419681943138	1	0	1	2.1604978140725284
175392.4492876354	3000.0	2375.970394307561	0.0	0	0.0	2768.419681943138	1	0	1	2.1604978140725284
176200.0	3000.0	2568.4196819429976	0.0	0	48.99028079683194	2768.419681943138	1	0	1	2.1604978140725284
177200.0	3000.0	2568.4196819430053	0.0	0	233.15086106368108	2768.4196819431672	1	0	1	2.1604978140725244
178200.0	3000.0	2568.4196819429917	0.0	0	206.31645300530363	2768.4196819431672	1	0	1	2.1604978140725244
179200.0	3000.0	2568.419681942994	0.0	0	394.52008494964684	2768.4196819431672	1	0	1	2.1604978140725244
180200.0	3000.0	2568.4196819430003	0.0	0	23.048875889508054	2768.4196819431672	1	0	1	2.1604978140725244
181200.0	3000.0	2568.4196819430113	0.0	0	223.4972909586213	2768.4196819431672	1	0	1	2.1604978140725244
182200.0	3000.0	2568.41968194304	0.0	0	319.1266028319369	2768.4196819431672	1	0	1	2.1604978140725244
183200.0	3000.0	2568.419681943034	0.0	0	181.27704334200826	2768.419681943138	1	0	1	2.1604978140725284
184245.4819038038	3000.0	2522.9377781392195	0.0	0	0.0	2768.419681943138	1	0	1	2.1604978140725284
185200.0	3000.0	2568.419681943011	0.0	0	69.95509318282711	2768.4196819431672	1	0	1	2.1604978140725244
186200.0	3000.0	2568.4196819429803	0.0	0	320.54498196495115	2768.419681943138	1	0	1	2.1604978140725284
187200.0	3000.0	2568.4196819429358	0.0	0	9.52482638132642	2768.419681943138	1	0	1	2.1604978140725284
188200.0	3000.0	2568.419681942951	0.0	0	390.5849582510418	2768.419681943138	1	0	1	2.1604978140725284
189200.0	3000.0	2568.4196819429535	0.0	0	39.3190854479908	2768.419681943138	1	0	1	2.1604978140725284
190200.0	3000.0	2568.419681942973	0.0	0	128.37839349621208	2768.419681943138	1	0	1	2.1604978140725284
191292.5545063566	3000.0	2475.8651755863893	0.0	0	0.0	2768.419681943109	1	0	1	2.160497814072533
192596.35173911919	3000.0	2172.067942823822	0.0	0	0.0	2768.41968194308	1	0	1	2.160497814072537
193311.5125050103	3000.0	2456.9071769326915	0.0	0	0.0	2768.41968194308	1	0	1	2.160497814072537
194222.35328578262	3000.0	2546.0663961603423	0.0	0	0.0	2768.41968194308	1	0	1	2.160497814072537
195771.616909471	3000.0	1996.8027724719518	0.0	0	0.0	2768.41968194308	1	0	1	2.160497814072537
196672.65894819342	3000.0	2095.7607337495265	0.0	0	0.0	2768.419681943109	1	0	1	2.160497814072535
197389.84196454776	3000.0	2378.577717395179	0.0	0	0.0	2768.41968194308	1	0	1	2.160497814072537
198294.87835455014	3000.0	2473.541327392782	0.0	0	0.0	2768.41968194308	1	0	1	2.160497814072537
199200.0	3000.0	2568.419681942952	0.0	0	226.37740655467496	2768.41968194308	1	0	1	2.160497814072537
200200.0	3000.0	2568.4196819429644	0.0	0	86.00224313369836	2768.41968194308	1	0	1	2.160497814072537
201200.0	3000.0	2568.419681942981	0.0	0	154.6976519076852	2768.41968194308	1	0	1	2.160497814072537
202200.0	3000.0	2568.4196819429862	0.0	0	188.79303354260628	2768.41968194308	1	0	1	2.160497814072537
203200.0	3000.0	2568.4196819429912	0.0	0	362.0857474420627	2768.41968194308	1	0	1	2.160497814072537
204450.3097483197	3000.0	2318.109933623295	0.0	0	0.0	2768.41968194308	1	0	1	2.160497814072537
205861.76214057425	3000.0	1906.6575413687387	0.0	0	0.0	2768.419681943051	1	0	1	2.1604978140725413
207117.37230213062	3000.0	1651.0473798123658	0.0	0	0.0	2768.419681943051	1	0	1	2.1604978140725413
208435.98549188877	3000.0	1332.4341900542179	0.0	0	0.0	2768.419681943051	1	0	1	2.1604978140725413
209519.00287401522	3000.0	1249.4168079277438	0.0	0	0.0	2768.4196819430217	1	0	1	2.160497814072542
210667.00820361383	3000.0	1101.4114783291138	0.0	0	0.0	2768.4196819430217	1	0	1	2.1604978140725457
211357.0523593597	3000.0	1411.3673225832492	0.0	0	0.0	2768.4196819430217	1	0	1	2.1604978140725457
212004.81424644415	3000.0	1763.605435498811	0.0	0	0.0	2768.4196819430217	1	0	1	2.1604978140725457
212975.84242426054	3000.0	1792.5772576823995	0.0	0	0.0	2768.4196819429926	1	0	1	2.160497814072549
213605.54865457784	3000.0	2162.871027365126	0.0	0	0.0	2768.4196819429926	1	0	1	2.1604978140725497
214448.18073457517	3000.0	2320.238947367823	0.0	0	0.0	2768.4196819429926	1	0	1	2.1604978140725497
215200.0	3000.0	2568.419681942956	0.0	0	3.0297291580645833	2768.4196819429926	1	0	1	2.1604978140725497
216200.0	3000.0	2568.419681942966	0.0	0	367.39371950918576	2768.4196819430217	1	0	1	2.1604978140725457
217200.0	3000.0	2568.4196819429626	0.0	0	235.33983773575164	2768.4196819430217	1	0	1	2.1604978140725457
218200.0	3000.0	2568.419681942982	0.0	0	103.74063714459771	2768.4196819430217	1	0	1	2.1604978140725457
219207.80776515335	3000.0	2560.6119167896604	0.0	0	0.0	2768.4196819430217	1	0	1	2.1604978140725457
220484.1141677613	3000.0	2284.3055141816953	0.0	0	0.0	2768.4196819430217	1	0	1	2.1604978140725457
221200.0	3000.0	2568.4196819429794	0.0	0	109.8224841816409	2768.4196819430217	1	0	1	2.1604978140725457
222200.0	3000.0	2568.4196819429626	0.0	0	516.4199757483439	2768.419681943051	1	0	1	2.1604978140725413
223200.0	3000.0	2568.4196819429612	0.0	0	339.4001230589347	2768.419681943051	1	0	1	2.1604978140725413
224200.0	3000.0	2568.4196819429385	0.0	0	64.76244463570765	2768.419681943051	1	0	1	2.1604978140725413
225276.90237359164	3000.0	2491.5173083513223	0.0	0	0.0	2768.419681943051	1	0	1	2.1604978140725413
226200.0	3000.0	2568.4196819429485	0.0	0	56.15110019521671	2768.419681943051	1	0	1	2.1604978140725413
227200.0	3000.0	2568.419681942936	0.0	0	3.408980340376729	2768.419681943051	1	0	1	2.1604978140725413
228200.0	3000.0	2568.4196819429158	0.0	0	123.20871232633363	2768.419681943051	1	0	1	2.1604978140725413
229200.0	3000.0	2568.4196819429035	0.0	0	280.12540237698704	2768.4196819430217	1	0	1	2.1604978140725457
230200.0	3000.0	2568.4196819429285	0.0	0	133.60458902968094	2768.4196819430217	1	0	1	2.1604978140725457
231200.0	3000.0	2568.419681942929	0.0	0	98.55305705827777	2768.4196819430217	1	0	1	2.1604978140725457
232200.0	3000.0	2568.4196819429526	0.0	0	163.4464401943842	2768.4196819430217	1	0	1	2.1604978140725457
233200.0	3000.0	2568.4196819429785	0.0	0	165.59227167270728	2768.4196819430217	1	0	1	2.1604978140725457
234200.0	3000.0	2568.419681943021	0.0	0	200.89543574111303	2768.4196819430217	1	0	1	2.1604978140725457
235200.0	3000.0	2568.419681943019	0.0	0	166.90834516074392	2768.4196819430217	1	0	1	2.1604978140725457
236200.0	3000.0	2568.419681943031	0.0	0	255.99266616773093	2768.419681943051	1	0	1	2.1604978140725413
237200.0	3000.0	2568.4196819430545	0.0	0	14.003443980152952	2768.419681943051	1	0	1	2.1604978140725413
238200.0	3000.0	2568.4196819430467	0.0	0	390.1333950703265	2768.419681943051	1	0	1	2.1604978140725413
239200.0	3000.0	2568.4196819430454	0.0	0	359.0465050675266	2768.419681943051	1	0	1	2.1604978140725413
240460.44486133836	3000.0	2307.9748206046893	0.0	0	0.0	2768.41968194308	1	0	1	2.160497814072537
241542.19564483903	3000.0	2226.224037104029	0.0	0	0.0	2768.41968194308	1	0	1	2.160497814072537
242544.9572919809	3000.0	2223.462389962148	0.0	0	0.0	2768.419681943109	1	0	1	2.160497814072536
243751.54070670533	3000.0	2016.8789752377575	0.0	0	0.0	2768.419681943138	1	0	1	2.160497814072531
244733.98650840318	3000.0	2034.433173539857	0.0	0	0.0	2768.419681943138	1	0	1	2.1604978140725284
246077.43535609127	3000.0	1690.9843258517813	0.0	0	0.0	2768.4196819431672	1	0	1	2.160497814072525
247153.40184806663	3000.0	1615.0178338764345	0.0	0	0.0	2768.4196819431672	1	0	1	2.1604978140725244
248122.27968073907	3000.0	1646.1400012040053	0.0	0	0.0	2768.4196819431672	1	0	1	2.1604978140725244
248946.0431625878	3000.0	1822.376519355283	0.0	0	0.0	2768.4196819431963	1	0	1	2.16049781407252
249720.33429390818	3000.0	2048.085388034896	0.0	0	0.0	2768.4196819431963	1	0	1	2.16049781407252
250400.8286193645	3000.0	2367.591062578559	0.0	0	0.0	2768.4196819431963	1	0	1	2.16049781407252
251241.19950393218	3000.0	2527.220178010849	0.0	0	0.0	2768.4196819431672	1	0	1	2.1604978140725244
252200.0	3000.0	2568.4196819430244	0.0	0	6.586064519680804	2768.419681943138	1	0	1	2.1604978140725284
253200.0	3000.0	2568.4196819430563	0.0	0	230.6084558807779	2768.419681943138	1	0	1	2.1604978140725284
254200.0	3000.0	2568.4196819430504	0.0	0	144.80834463384235	2768.419681943138	1	0	1	2.1604978140725284
255214.10921783312	3000.0	2554.310464109939	0.0	0	0.0	2768.419681943138	1	0	1	2.1604978140725284
256200.0	3000.0	2568.4196819430363	0.0	0	65.65286108106375	2768.419681943138	1	0	1	2.1604978140725284
257200.0	3000.0	2568.4196819430413	0.0	0	215.01371613916126	2768.419681943138	1	0	1	2.1604978140725284
258220.43034199806	3000.0	2547.9893399449556	0.0	0	0.0	2768.419681943138	1	0	1	2.1604978140725284
259238.04079578063	3000.0	2530.378886162406	0.0	0	0.0	2768.419681943138	1	0	1	2.1604978140725284
260200.0	3000.0	2568.4196819430463	0.0	0	397.7319016826805	2768.419681943138	1	0	1	2.1604978140725284
261200.0	3000.0	2568.4196819430267	0.0	0	245.99569437780883	2768.419681943109	1	0	1	2.160497814072533
262200.0	3000.0	2568.4196819430204	0.0	0	192.3944920739741	2768.41968194308	1	0	1	2.160497814072537
263200.0	3000.0	2568.419681943022	0.0	0	240.31513302074745	2768.41968194308	1	0	1	2.1604978140725413
264200.0	3000.0	2568.419681943003	0.0	0	285.7612959231483	2768.419681943051	1	0	1	2.1604978140725404
265231.4902359666	3000.0	2536.929445976489	0.0	0	0.0	2768.41968194308	1	0	1	2.1604978140725386
266200.0	3000.0	2568.4196819430786	0.0	0	315.0663533002953	2768.41968194308	1	0	1	2.160497814072537
267200.0	3000.0	2568.4196819430485	0.0	0	335.09167504060315	2768.41968194308	1	0	1	2.160497814072537
268200.0	3000.0	2568.419681943019	0.0	0	34.15809619484935	2768.41968194308	1	0	1	2.160497814072537
269200.0	3000.0	2568.4196819430335	0.0	0	214.4804930589744	2768.41968194308	1	0	1	2.160497814072537
270200.0	3000.0	2568.4196819430335	0.0	0	310.9091022753855	2768.41968194308	1	0	1	2.160497814072537
271200.0	3000.0	2568.4196819430413	0.0	0	293.7596366906655	2768.419681943138	1	0	1	2.1604978140725284
272200.0	3000.0	2568.4196819430704	0.0	0	403.59519506205106	2768.41968194308	1	0	1	2.1604978140725355
273200.0	3000.0	2568.419681943051	0.0	0	133.97959874704247	2768.41968194308	1	0	1	2.160497814072537
274200.0	3000.0	2568.4196819430654	0.0	0	236.76484381232876	2768.41968194308	1	0	1	2.160497814072537
275200.0	3000.0	2568.4196819430717	0.0	0	115.77955384948291	2768.41968194308	1	0	1	2.160497814072537
276200.0	3000.0	2568.419681943101	0.0	0	401.49765490647405	2768.41968194308	1	0	1	2.160497814072537
277323.4098777215	3000.0	2445.009804221543	0.0	0	0.0	2768.41968194308	1	0	1	2.160497814072537
278283.67035220715	3000.0	2484.7493297358933	0.0	0	0.0	2768.41968194308	1	0	1	2.160497814072537
279200.0	3000.0	2568.4196819431004	0.0	0	367.37030851852614	2768.419681943138	1	0	1	2.1604978140725284
280200.0	3000.0	2568.4196819431054	0.0	0	304.97190113627585	2768.419681943138	1	0	1	2.1604978140725284
281200.0	3000.0	2568.4196819430936	0.0	0	423.6490111920866	2768.419681943138	1	0	1	2.1604978140725284
282413.69029488397	3000.0	2354.7293870590906	0.0	0	0.0	2768.4196819431963	1	0	1	2.16049781407252
283467.3636905573	3000.0	2301.055991385751	0.0	0	0.0	2768.4196819431963	1	0	1	2.16049781407252
284200.0	3000.0	2568.419681943053	0.0	0	69.933794914803	2768.4196819432545	1	0	1	2.1604978140725115
285200.0	3000.0	2568.4196819430736	0.0	0	167.6471664585988	2768.4196819433128	1	0	1	2.160497814072503
286200.0	3000.0	2568.419681943109	0.0	0	69.90393639862305	2768.419681943371	1	0	1	2.1604978140724946
287200.0	3000.0	2568.4196819431227	0.0	0	160.5177031114581	2768.4196819433128	1	0	1	2.160497814072503
288200.0	3000.0	2568.4196819430435	0.0	0	289.41274949890794	2768.419681943371	1	0	1	2.1604978140724946
289200.0	3000.0	2568.419681943113	0.0	0	50.61182589078089	2768.419681943371	1	0	1	2.1604978140724946
290200.0	3000.0	2568.41968194315	0.0	0	331.7033354952582	2768.4196819433128	1	0	1	2.1604978140725013
291200.0	3000.0	2568.4196819431313	0.0	0	449.18114210292697	2768.4196819432545	1	0	1	2.1604978140725115
292200.0	3000.0	2568.4196819431704	0.0	0	373.4670679354458	2768.4196819432545	1	0	1	2.1604978140725115
293200.0	3000.0	2568.4196819431627	0.0	0	108.90784054721007	2768.4196819433128	1	0	1	2.160497814072503
294200.0	3000.0	2568.419681943181	0.0	0	39.11859814834315	2768.4196819433128	1	0	1	2.160497814072503
295227.42527993716	3000.0	2540.9944020059634	0.0	0	0.0	2768.4196819433128	1	0	1	2.160497814072503
296639.9872833498	3000.0	2128.432398593256	0.0	0	0.0	2768.4196819432545	1	0	1	2.160497814072506
297228.1908446772	3000.0	2540.228837265843	0.0	0	0.0	2768.4196819432545	1	0	1	2.1604978140725115
298200.0	3000.0	2568.4196819430895	0.0	0	85.52939739503199	2768.4196819432545	1	0	1	2.1604978140725115
299200.0	3000.0	2568.419681943078	0.0	0	28.046788384672254	2768.4196819432545	1	0	1	2.1604978140725115
300200.0	3000.0	2568.419681943062	0.0	0	156.67947951343376	2768.4196819433128	1	0	1	2.160497814072503
3.65	3.54	3.65	2.71	3.68	4.39	4.26	3.0	3.23	4.24	2.88	3.45	3.44	3.73	4.6	4.78	4.27	3.67	4.69	4.32	3.64	2.87	3.85	3.35	4.01	4.1	4.04	3.5	3.45	4.34	3.06	4.08	3.41	3.96	4.62	3.83	3.83	3.56	4.38	2.22	1.76	4.31	2.54	2.03	4.6	3.74	3.49	3.2	3.82	4.56	3.7	3.6	2.21	2.83	2.85	3.44	2.69	3.39	3.31	4.03	3.85	3.64	3.71	3.78	3.78	4.66	3.71	2.94	2.79	6.31	3.83	4.02	3.35	3.7	3.23	4.08	4.31	3.68	4.04	3.37	3.85	4.36	3.15	4.23	4.51	3.46	4.61	3.78	2.93	3.51	3.72	2.56	3.93	2.99	2.9	2.92	4.26	4.45	4.36	3.05	3.85	4.26	3.95	2.93	3.72	3.28	3.92	3.8	4.56	4.09	4.33	4.4	4.48	3.98	5.06	4.56	3.3	4.6	2.65	4.19	4.77	3.85	4.77	3.71	3.96	3.41	3.59	4.77	4.59	4.24	3.12	3.74	3.58	3.83	4.52	4.66	4.36	4.22	3.9	5.05	4.17	3.38	4.45	2.63	2.4	4.02	4.26	4.24	3.59	4.38	3.65	3.54	3.65	2.71	3.68	4.39	4.26	3.0	3.23	4.24	2.88	3.45	3.44	3.73	4.6	4.78	4.27	3.67	4.69	4.32	3.64	2.87	3.85	3.35	4.01	4.1	4.04	3.5	3.45	4.34	3.06	4.08	3.41	3.96	4.62	3.83	3.83	3.56	4.38	2.22	1.76	4.31	2.54	2.03	4.6	3.74	3.49	3.2	3.82	4.56	3.7	3.6	2.21	2.83	2.85	3.44	2.69	3.39	3.31	4.03	3.85	3.64	3.71	3.78	3.78	4.66	3.71	2.94	2.79	6.31	3.83	4.02	3.35	3.7	3.23	4.08	4.31	3.68	4.04	3.37	3.85	4.36	3.15	4.23	4.51	3.46	4.61	3.78	2.93	3.51	3.72	2.56	3.93	2.99	2.9	2.92	4.26	4.45	4.36	3.05	3.85	4.26	3.95	2.93	3.72	3.28	3.92	3.8	4.56	4.09	4.33	4.4	4.48	3.98	5.06	4.56	3.3	4.6	2.65	4.19	4.77	3.85	4.77	3.71	3.96	3.41	3.59	4.77	4.59	4.24	3.12	3.74	3.58	3.83	4.52	4.66	4.36	4.22	3.9	5.05	4.17	3.38	4.45	2.63	2.4	4.02	4.26	4.24	3.59	4.38	3.65	3.54	3.65
1.0	2.0	3.0	4.0	5.0	6.0	7.0	8.0	9.0	10.0	11.0	12.0	13.0	14.0	15.0	16.0	17.0	18.0	19.0	20.0	21.0	22.0	23.0	24.0	25.0	26.0	27.0	28.0	29.0	30.0	31.0	32.0	33.0	34.0	35.0	36.0	37.0	38.0	39.0	40.0	41.0	42.0	43.0	44.0	45.0	46.0	47.0	48.0	49.0	50.0	51.0	52.0	53.0	54.0	55.0	56.0	57.0	58.0	59.0	60.0	61.0	62.0	63.0	64.0	65.0	66.0	67.0	68.0	69.0	70.0	71.0	72.0	73.0	74.0	75.0	76.0	77.0	78.0	79.0	80.0	81.0	82.0	83.0	84.0	85.0	86.0	87.0	88.0	89.0	90.0	91.0	92.0	93.0	94.0	95.0	96.0	97.0	98.0	99.0	100.0	101.0	102.0	103.0	104.0	105.0	106.0	107.0	108.0	109.0	110.0	111.0	112.0	113.0	114.0	115.0	116.0	117.0	118.0	119.0	120.0	121.0	122.0	123.0	124.0	125.0	126.0	127.0	128.0	129.0	130.0	131.0	132.0	133.0	134.0	135.0	136.0	137.0	138.0	139.0	140.0	141.0	142.0	143.0	144.0	145.0	146.0	147.0	148.0	149.0	149.0	150.0	151.0	152.0	153.0	154.0	155.0	156.0	157.0	158.0	159.0	160.0	161.0	162.0	163.0	164.0	165.0	166.0	167.0	168.0	169.0	170.0	171.0	172.0	173.0	174.0	175.0	176.0	177.0	178.0	179.0	180.0	181.0	182.0	183.0	184.0	185.0	186.0	187.0	188.0	189.0	190.0	191.0	192.0	193.0	194.0	195.0	196.0	197.0	198.0	199.0	200.0	201.0	202.0	203.0	204.0	205.0	206.0	207.0	208.0	209.0	210.0	211.0	212.0	213.0	214.0	215.0	216.0	217.0	218.0	219.0	220.0	221.0	222.0	223.0	224.0	225.0	226.0	227.0	228.0	229.0	230.0	231.0	232.0	233.0	234.0	235.0	236.0	237.0	238.0	239.0	240.0	241.0	242.0	243.0	244.0	245.0	246.0	247.0	248.0	249.0	250.0	251.0	252.0	253.0	254.0	255.0	256.0	257.0	258.0	259.0	260.0	261.0	262.0	263.0	264.0	265.0	266.0	267.0	268.0	269.0	270.0	271.0	272.0	273.0	274.0	275.0	276.0	277.0	278.0	279.0	280.0	281.0	282.0	283.0	284.0	285.0	286.0	287.0	288.0	289.0	290.0	291.0	292.0	293.0	294.0	295.0	296.0	297.0	298.0	298.0	299.0	300.0	301.0
2514.017972791657
