2596.955211462749	300.0	2000.0	76.16903546715805	0	0.0	2596.955211462749	1	0	1	-0.5745879792684752
3200.0	300.0	2396.955211462749	0.0	0	513.4573843000389	2596.9552114627495	1	0	1	-0.11891127910706967
4200.0	300.0	2396.955211462749	0.0	0	925.5231540080576	2596.9552114627495	1	0	1	-0.1189112791070697
5200.0	300.0	2396.95521146275	0.0	0	914.1981214728257	2596.95521146275	1	0	1	-0.11891127910706972
6200.0	500.0	2396.955211462749	0.0	0	869.621601027603	2596.955211462749	1	0	1	-0.11891127910706964
7200.0	500.0	2396.95521146275	0.0	0	893.9591145312679	2596.9552114627504	1	0	1	0.391914344658921
8200.0	500.0	2396.955211462751	0.0	0	891.1284565034985	2596.9552114627504	1	0	1	0.391914344658921
9200.0	1000.0	2396.9552114627504	0.0	0	838.3977779608886	2596.9552114627486	1	0	1	0.3919143446589213
10200.0	2000.0	2396.9552114627522	0.0	0	696.1483099898633	2596.9552114627504	1	0	1	1.0850615252188667
11200.0	3000.0	2396.9552114627527	0.0	0	510.75438113329255	2596.9552114627513	1	0	1	1.7782087057788116
12200.0	3000.0	2396.9552114627513	0.0	0	533.083792658037	2596.9552114627513	1	0	1	2.1836738138869762
13200.0	3000.0	2396.9552114627495	0.0	0	164.74993406463182	2596.9552114627513	1	0	1	2.1836738138869762
14200.0	3000.0	2396.9552114627472	0.0	0	207.24319707804898	2596.9552114627513	1	0	1	2.1836738138869762
15200.0	3000.0	2396.9552114627486	0.0	0	422.66408634369145	2596.9552114627513	1	0	1	2.1836738138869762
16200.0	3000.0	2396.9552114627472	0.0	0	333.6431640519295	2596.9552114627513	1	0	1	2.1836738138869762
17200.0	3000.0	2396.955211462747	0.0	0	323.04588331930063	2596.9552114627513	1	0	1	2.1836738138869762
18200.0	3000.0	2396.9552114627477	0.0	0	534.1622423599911	2596.955211462755	1	0	1	2.183673813886976
19200.0	3000.0	2396.955211462745	0.0	0	296.5984536443284	2596.955211462755	1	0	1	2.183673813886976
20200.0	3000.0	2396.955211462747	0.0	0	507.08100162914707	2596.955211462755	1	0	1	2.183673813886976
21200.0	3000.0	2396.9552114627472	0.0	0	491.5657243411333	2596.955211462755	1	0	1	2.183673813886976
22200.0	3000.0	2396.955211462749	0.0	0	495.41675708048206	2596.955211462755	1	0	1	2.183673813886976
23200.0	3000.0	2396.955211462748	0.0	0	568.1571535208932	2596.9552114627586	1	0	1	2.1836738138869753
24200.0	3000.0	2396.955211462748	0.0	0	641.2745348777789	2596.9552114627586	1	0	1	2.1836738138869753
25239.700158473177	6000.0	2357.2550529895657	0.0	0	0.0	2596.955211462755	1	0	1	2.183673813886976
26404.68320199082	6000.0	2192.272009471926	0.0	0	0.0	2596.9552114627586	1	0	1	2.8768209944469203
27200.0	3000.0	2396.955211462744	0.0	0	413.75044006799	2596.9552114627586	1	0	1	1.4905266333270302
28210.583904786297	6000.0	2386.371306676446	0.0	0	0.0	2596.955211462755	1	0	1	2.183673813886976
29200.0	6000.0	2396.9552114627445	0.0	0	12.649444079375826	2596.955211462755	1	0	1	2.8768209944469207
30200.0	6000.0	2396.9552114627427	0.0	0	286.8057935818506	2596.955211462755	1	0	1	2.8768209944469207
31200.0	6000.0	2396.955211462742	0.0	0	235.40015746788413	2596.955211462755	1	0	1	2.8768209944469207
32469.41592007565	6000.0	2127.539291387093	0.0	0	0.0	2596.955211462755	1	0	1	2.8768209944469207
33200.0	6000.0	2396.9552114627463	0.0	0	72.09507872429094	2596.955211462755	1	0	1	2.8768209944469207
34299.04396380863	6000.0	2297.9112476541127	0.0	0	0.0	2596.955211462755	1	0	1	2.8768209944469203
35200.0	6000.0	2396.95521146275	0.0	0	370.51938775900635	2596.9552114627622	1	0	1	2.8768209944469203
36200.0	6000.0	2396.9552114627477	0.0	0	59.90791693751089	2596.9552114627586	1	0	1	2.8768209944469203
37706.24990345176	6000.0	1890.7053080109881	0.0	0	0.0	2596.9552114627586	1	0	1	2.8768209944469203
38805.85722356656	6000.0	1791.097987896184	0.0	0	0.0	2596.9552114627586	1	0	1	2.8768209944469203
39846.45008537492	6000.0	1750.5051260878204	0.0	0	0.0	2596.9552114627586	1	0	1	2.8768209944469203
40964.548063834205	6000.0	1632.407147628532	0.0	0	0.0	2596.9552114627513	1	0	1	2.8768209944469207
42042.74503994871	6000.0	1554.210171514028	0.0	0	0.0	2596.9552114627586	1	0	1	2.8768209944469203
42884.704062351484	6000.0	1712.2511491112514	0.0	0	0.0	2596.9552114627513	1	0	1	2.8768209944469207
43642.54929270055	6000.0	1954.4059187621865	0.0	0	0.0	2596.9552114627586	1	0	1	2.8768209944469203
44371.736058299226	6000.0	2225.2191531635053	0.0	0	0.0	2596.9552114627513	1	0	1	2.8768209944469207
45456.021485361016	6000.0	2140.9337261017117	0.0	0	0.0	2596.9552114627513	1	0	1	2.8768209944469207
46201.45507607191	6000.0	2395.5001353908265	0.0	0	0.0	2596.9552114627513	1	0	1	2.8768209944469207
47200.0	3000.0	2396.9552114627354	0.0	0	580.1371335862204	2596.9552114627513	1	0	1	1.4905266333270313
48200.0	6000.0	2396.9552114627286	0.0	0	301.6695038305479	2596.9552114627513	1	0	1	2.183673813886976
49248.18904577163	6000.0	2348.7661656911	0.0	0	0.0	2596.9552114627586	1	0	1	2.8768209944469203
50200.0	6000.0	2396.955211462736	0.0	0	92.70406261328753	2596.9552114627586	1	0	1	2.8768209944469203
51200.0	6000.0	2396.955211462738	0.0	0	94.95271945257991	2596.955211462766	1	0	1	2.876820994446919
52200.0	6000.0	2396.9552114627354	0.0	0	32.651929563064186	2596.955211462766	1	0	1	2.876820994446919
53208.35632808768	6000.0	2388.5988833750557	0.0	0	0.0	2596.955211462766	1	0	1	2.876820994446919
54200.0	6000.0	2396.95521146272	0.0	0	211.91292824215634	2596.955211462766	1	0	1	2.876820994446919
55477.25996661851	6000.0	2119.695244844208	0.0	0	0.0	2596.9552114627586	1	0	1	2.8768209944469203
56200.0	3000.0	2396.955211462719	0.0	0	148.1839484073571	2596.9552114627586	1	0	1	1.4905266333270302
57200.0	3000.0	2396.9552114627245	0.0	0	581.45161191628	2596.9552114627513	1	0	1	2.1836738138869762
58200.0	3000.0	2396.955211462726	0.0	0	602.4639353750026	2596.9552114627513	1	0	1	2.1836738138869762
59200.0	3000.0	2396.955211462723	0.0	0	502.3074326006172	2596.955211462744	1	0	1	2.183673813886977
60200.0	3000.0	2396.9552114627318	0.0	0	369.0062054963055	2596.9552114627368	1	0	1	2.183673813886978
61200.0	3000.0	2396.9552114627395	0.0	0	243.91712635174918	2596.9552114627368	1	0	1	2.183673813886978
62200.0	3000.0	2396.9552114627445	0.0	0	330.17167524800607	2596.9552114627368	1	0	1	2.183673813886978
63200.0	3000.0	2396.955211462742	0.0	0	432.6129430895744	2596.9552114627368	1	0	1	2.183673813886978
64200.0	3000.0	2396.955211462748	0.0	0	424.16023503779434	2596.9552114627368	1	0	1	2.183673813886978
65200.0	3000.0	2396.9552114627472	0.0	0	460.9286783041389	2596.9552114627368	1	0	1	2.183673813886978
66200.0	3000.0	2396.9552114627495	0.0	0	328.78635036898777	2596.9552114627368	1	0	1	2.1836738138869785
67200.0	3000.0	2396.955211462741	0.0	0	599.0925011538202	2596.955211462722	1	0	1	2.183673813886979
68200.0	3000.0	2396.9552114627386	0.0	0	342.8085579800536	2596.955211462715	1	0	1	2.1836738138869816
69200.0	3000.0	2396.955211462722	0.0	0	505.00344090194267	2596.955211462715	1	0	1	2.1836738138869807
70200.0	3000.0	2396.9552114627304	0.0	0	420.48037539358484	2596.9552114627295	1	0	1	2.183673813886979
71200.0	3000.0	2396.9552114627245	0.0	0	663.6375355159398	2596.955211462715	1	0	1	2.1836738138869807
72200.0	3000.0	2396.9552114627068	0.0	0	607.7484919045237	2596.955211462715	1	0	1	2.1836738138869807
73200.0	3000.0	2396.9552114627063	0.0	0	551.1151141576993	2596.955211462715	1	0	1	2.1836738138869807
74200.0	3000.0	2396.955211462719	0.0	0	313.6997640623158	2596.9552114627295	1	0	1	2.183673813886979
75200.0	6000.0	2396.955211462721	0.0	0	91.28540314047132	2596.9552114627295	1	0	1	2.183673813886979
76200.0	6000.0	2396.9552114627186	0.0	0	213.31888262579741	2596.9552114627295	1	0	1	2.8768209944469234
77244.7398226421	6000.0	2352.2153888206053	0.0	0	0.0	2596.9552114627295	1	0	1	2.8768209944469234
78665.17527365063	6000.0	1931.7799378121003	0.0	0	0.0	2596.9552114627295	1	0	1	2.8768209944469234
79383.45862663347	3000.0	2213.496584829265	0.0	0	0.0	2596.9552114627295	1	0	1	1.4905266333270342
80462.97320635832	3000.0	2133.9820051044308	0.0	0	0.0	2596.9552114627295	1	0	1	2.183673813886979
81200.0	3000.0	2396.955211462753	0.0	0	278.4523189979227	2596.9552114627295	1	0	1	2.183673813886979
82200.0	3000.0	2396.9552114627445	0.0	0	595.5377929461829	2596.9552114627295	1	0	1	2.183673813886979
83200.0	3000.0	2396.95521146274	0.0	0	594.6859781810781	2596.9552114627295	1	0	1	2.183673813886979
84200.0	3000.0	2396.9552114627418	0.0	0	413.80852773629886	2596.955211462715	1	0	1	2.1836738138869807
85200.0	3000.0	2396.9552114627472	0.0	0	264.5158459503873	2596.955211462715	1	0	1	2.1836738138869807
86200.0	3000.0	2396.955211462734	0.0	0	528.0682799668284	2596.9552114627295	1	0	1	2.183673813886979
87200.0	3000.0	2396.955211462714	0.0	0	105.49415547825629	2596.9552114627295	1	0	1	2.183673813886979
88200.0	3000.0	2396.955211462725	0.0	0	415.2783910094877	2596.9552114627295	1	0	1	2.183673813886979
89200.0	3000.0	2396.955211462728	0.0	0	533.9864084811852	2596.955211462715	1	0	1	2.1836738138869807
90200.0	3000.0	2396.955211462741	0.0	0	559.2284747046942	2596.955211462715	1	0	1	2.1836738138869807
91200.0	3000.0	2396.9552114627395	0.0	0	238.5284380520461	2596.9552114627295	1	0	1	2.183673813886979
92200.0	3000.0	2396.955211462746	0.0	0	346.6386940032389	2596.955211462715	1	0	1	2.1836738138869807
93200.0	3000.0	2396.95521146275	0.0	0	117.17514698069135	2596.9552114627004	1	0	1	2.1836738138869825
94200.0	3000.0	2396.9552114627336	0.0	0	497.6406156823359	2596.955211462686	1	0	1	2.1836738138869842
95200.0	3000.0	2396.955211462738	0.0	0	567.8304656705877	2596.955211462686	1	0	1	2.1836738138869842
96200.0	3000.0	2396.9552114627613	0.0	0	586.3369888423185	2596.9552114627004	1	0	1	2.1836738138869825
97200.0	3000.0	2396.955211462757	0.0	0	332.64625049114693	2596.9552114627004	1	0	1	2.1836738138869825
98200.0	3000.0	2396.955211462747	0.0	0	364.3064956415328	2596.9552114627004	1	0	1	2.1836738138869825
99200.0	3000.0	2396.9552114627527	0.0	0	158.65450658924237	2596.9552114627004	1	0	1	2.1836738138869825
100200.0	3000.0	2396.955211462744	0.0	0	166.32795330282534	2596.955211462715	1	0	1	2.1836738138869807
101200.0	3000.0	2396.9552114627418	0.0	0	434.06545539297804	2596.9552114627295	1	0	1	2.183673813886979
102200.0	3000.0	2396.955211462745	0.0	0	540.2285059205169	2596.9552114627295	1	0	1	2.183673813886979
103200.0	3000.0	2396.9552114627595	0.0	0	315.30905130492465	2596.9552114627295	1	0	1	2.183673813886979
104200.0	3000.0	2396.9552114627727	0.0	0	350.3040649130853	2596.955211462744	1	0	1	2.183673813886977
105200.0	3000.0	2396.955211462773	0.0	0	333.8130917936942	2596.9552114627295	1	0	1	2.183673813886979
106200.0	3000.0	2396.9552114627845	0.0	0	536.9946741160966	2596.9552114627295	1	0	1	2.183673813886979
107200.0	3000.0	2396.9552114627877	0.0	0	202.68699903175002	2596.9552114627295	1	0	1	2.183673813886979
108200.0	3000.0	2396.9552114627786	0.0	0	275.27214317386097	2596.9552114627295	1	0	1	2.183673813886979
109200.0	3000.0	2396.955211462773	0.0	0	463.3003160672524	2596.9552114627295	1	0	1	2.183673813886979
110200.0	3000.0	2396.955211462775	0.0	0	538.6917076027312	2596.9552114627295	1	0	1	2.183673813886979
111200.0	3000.0	2396.9552114627904	0.0	0	469.7116894471401	2596.955211462744	1	0	1	2.183673813886977
112200.0	3000.0	2396.9552114627704	0.0	0	276.25503615471825	2596.955211462744	1	0	1	2.183673813886977
113200.0	3000.0	2396.955211462776	0.0	0	87.0102884277876	2596.9552114627586	1	0	1	2.1836738138869753
114200.0	3000.0	2396.955211462789	0.0	0	264.16469271203096	2596.9552114627586	1	0	1	2.1836738138869753
115200.0	3000.0	2396.955211462785	0.0	0	583.9465082673705	2596.9552114627586	1	0	1	2.1836738138869753
116200.0	3000.0	2396.9552114627672	0.0	0	668.9180184889992	2596.9552114627586	1	0	1	2.1836738138869753
117200.0	3000.0	2396.955211462761	0.0	0	606.5581775104947	2596.9552114627586	1	0	1	2.1836738138869753
118200.0	3000.0	2396.9552114627595	0.0	0	505.2424738821428	2596.955211462773	1	0	1	2.1836738138869736
119200.0	3000.0	2396.9552114627636	0.0	0	346.2243188693392	2596.9552114627586	1	0	1	2.1836738138869753
120200.0	3000.0	2396.955211462758	0.0	0	499.3050781672937	2596.9552114627586	1	0	1	2.1836738138869753
121200.0	3000.0	2396.955211462769	0.0	0	376.1680894092715	2596.955211462773	1	0	1	2.1836738138869736
122200.0	3000.0	2396.9552114627645	0.0	0	572.1241191695735	2596.9552114627586	1	0	1	2.1836738138869753
123200.0	3000.0	2396.9552114627736	0.0	0	574.9134931301378	2596.9552114627586	1	0	1	2.1836738138869753
124200.0	3000.0	2396.955211462785	0.0	0	354.24383962004504	2596.9552114627586	1	0	1	2.1836738138869753
125251.66420133183	6000.0	2345.291010130973	0.0	0	0.0	2596.955211462773	1	0	1	2.183673813886973
126200.0	6000.0	2396.9552114628	0.0	0	380.23965637016227	2596.955211462773	1	0	1	2.876820994446918
127200.0	6000.0	2396.9552114627913	0.0	0	165.25895072500862	2596.955211462773	1	0	1	2.876820994446918
128200.0	6000.0	2396.955211462789	0.0	0	43.54555208410602	2596.955211462773	1	0	1	2.876820994446918
129200.0	6000.0	2396.9552114628013	0.0	0	373.3995050063386	2596.955211462773	1	0	1	2.876820994446918
130200.0	6000.0	2396.9552114628145	0.0	0	117.22339973656926	2596.955211462773	1	0	1	2.876820994446918
131200.0	6000.0	2396.9552114627936	0.0	0	2.5034442852193024	2596.955211462773	1	0	1	2.876820994446918
132274.6667535044	6000.0	2322.2884579583824	0.0	0	0.0	2596.9552114627586	1	0	1	2.8768209944469194
133669.1930235358	6000.0	1927.762187926994	0.0	0	0.0	2596.955211462773	1	0	1	2.87682099444692
134945.09026739936	6000.0	1651.8649440634374	0.0	0	0.0	2596.955211462773	1	0	1	2.876820994446918
136111.6750215237	6000.0	1485.2801899390956	0.0	0	0.0	2596.955211462773	1	0	1	2.876820994446918
136928.7426903102	6000.0	1668.21252115258	0.0	0	0.0	2596.955211462773	1	0	1	2.876820994446918
137785.40571676302	6000.0	1811.5494946997605	0.0	0	0.0	2596.955211462773	1	0	1	2.876820994446918
138598.85024758356	6000.0	1998.1049638792122	0.0	0	0.0	2596.955211462773	1	0	1	2.876820994446918
139841.85285354682	6000.0	1755.1023579159787	0.0	0	0.0	2596.955211462773	1	0	1	2.876820994446918
141031.9233297042	6000.0	1565.0318817586026	0.0	0	0.0	2596.955211462773	1	0	1	2.876820994446918
141626.15103249977	3000.0	1970.8041789630674	0.0	0	0.0	2596.955211462773	1	0	1	1.4905266333270286
142200.0	3000.0	2396.955211462825	0.0	0	176.33346343541052	2596.9552114628023	1	0	1	2.18367381388697
143200.0	3000.0	2396.9552114628277	0.0	0	369.62178762239637	2596.9552114628314	1	0	1	2.1836738138869665
144485.6903152346	3000.0	2111.26489622825	0.0	0	0.0	2596.9552114628314	1	0	1	2.1836738138869665
145361.0522030319	3000.0	2235.9030084309716	0.0	0	0.0	2596.9552114628605	1	0	1	2.183673813886963
146200.0	3000.0	2396.9552114629028	0.0	0	191.51161266866256	2596.9552114628896	1	0	1	2.183673813886959
147200.0	3000.0	2396.9552114628723	0.0	0	491.69256450561807	2596.9552114628896	1	0	1	2.183673813886959
148200.0	3000.0	2396.955211462847	0.0	0	515.724035340012	2596.9552114628896	1	0	1	2.183673813886959
149200.0	3000.0	2396.9552114628113	0.0	0	627.2860459034273	2596.9552114628896	1	0	1	2.183673813886959
150200.0	3000.0	2396.955211462816	0.0	0	562.7008199039847	2596.9552114628605	1	0	1	2.183673813886963
151200.0	3000.0	2396.955211462818	0.0	0	456.1372147286893	2596.9552114628605	1	0	1	2.183673813886963
152200.0	3000.0	2396.9552114628077	0.0	0	564.9871142329066	2596.9552114628605	1	0	1	2.183673813886963
153200.0	3000.0	2396.9552114627836	0.0	0	316.32412366225617	2596.9552114628605	1	0	1	2.183673813886963
154200.0	3000.0	2396.955211462783	0.0	0	150.30207949411124	2596.9552114628605	1	0	1	2.183673813886963
155200.0	3000.0	2396.955211462771	0.0	0	343.54394485466764	2596.9552114628314	1	0	1	2.1836738138869665
156200.0	3000.0	2396.955211462753	0.0	0	507.7693563864159	2596.9552114628023	1	0	1	2.18367381388697
157200.0	6000.0	2396.955211462754	0.0	0	344.16265583594213	2596.9552114628023	1	0	1	2.18367381388697
158200.0	6000.0	2396.955211462751	0.0	0	377.7355901056144	2596.9552114628023	1	0	1	2.8768209944469145
159375.96875917664	6000.0	2220.9864522860653	0.0	0	0.0	2596.955211462773	1	0	1	2.876820994446918
160354.09308339414	6000.0	2242.862128068583	0.0	0	0.0	2596.955211462773	1	0	1	2.876820994446918
161200.0	6000.0	2396.955211462736	0.0	0	49.11961425462505	2596.955211462773	1	0	1	2.876820994446918
162200.0	3000.0	2396.9552114627327	0.0	0	80.59390616902965	2596.955211462773	1	0	1	1.4905266333270286
163200.0	3000.0	2396.9552114627436	0.0	0	476.7257329864078	2596.955211462773	1	0	1	2.1836738138869736
164200.0	3000.0	2396.9552114627822	0.0	0	575.0332315607811	2596.955211462773	1	0	1	2.1836738138869736
165200.0	3000.0	2396.9552114627863	0.0	0	365.96159946374246	2596.955211462773	1	0	1	2.1836738138869736
166200.0	3000.0	2396.9552114627872	0.0	0	395.11870670647477	2596.955211462773	1	0	1	2.1836738138869736
167200.0	3000.0	2396.9552114627627	0.0	0	320.62712195911445	2596.955211462773	1	0	1	2.1836738138869736
168200.0	3000.0	2396.955211462715	0.0	0	297.9845327025105	2596.955211462773	1	0	1	2.1836738138869736
169200.0	3000.0	2396.9552114627045	0.0	0	408.8542912849516	2596.955211462773	1	0	1	2.1836738138869736
170200.0	3000.0	2396.9552114626936	0.0	0	416.62735905277077	2596.955211462773	1	0	1	2.1836738138869736
171200.0	3000.0	2396.9552114626804	0.0	0	569.2545181015157	2596.955211462773	1	0	1	2.1836738138869736
172200.0	3000.0	2396.9552114626977	0.0	0	409.90538114329684	2596.9552114628023	1	0	1	2.18367381388697
173200.0	3000.0	2396.9552114627136	0.0	0	565.0251921725867	2596.9552114628023	1	0	1	2.18367381388697
174212.68048801032	6000.0	2384.2747234523945	0.0	0	0.0	2596.955211462773	1	0	1	2.183673813886973
175200.0	3000.0	2396.955211462675	0.0	0	297.4254043668916	2596.955211462773	1	0	1	1.4905266333270286
176200.0	3000.0	2396.9552114626445	0.0	0	476.85155872482574	2596.955211462773	1	0	1	2.1836738138869736
177226.8510837055	6000.0	2370.104127757175	0.0	0	0.0	2596.955211462773	1	0	1	2.183673813886973
178200.0	6000.0	2396.9552114626554	0.0	0	138.52648838772438	2596.955211462773	1	0	1	2.876820994446918
179200.0	6000.0	2396.955211462653	0.0	0	11.162572875240585	2596.9552114628023	1	0	1	2.8768209944469145
180252.25442415327	6000.0	2344.700787309381	0.0	0	0.0	2596.955211462773	1	0	1	2.876820994446918
181437.04700972457	6000.0	2159.9082017380715	0.0	0	0.0	2596.955211462744	1	0	1	2.876820994446922
182315.83385077864	6000.0	2281.121360683976	0.0	0	0.0	2596.955211462715	1	0	1	2.876820994446926
183200.0	6000.0	2396.955211462631	0.0	0	137.59944978053682	2596.955211462715	1	0	1	2.876820994446926
184200.0	6000.0	2396.9552114626367	0.0	0	121.74329013342503	2596.955211462715	1	0	1	2.876820994446926
185200.0	6000.0	2396.9552114626404	0.0	0	30.32553121165256	2596.955211462715	1	0	1	2.876820994446926
186722.15329415785	6000.0	1874.8019173048067	0.0	0	0.0	2596.955211462715	1	0	1	2.876820994446926
187839.79762082067	6000.0	1757.1575906419973	0.0	0	0.0	2596.955211462686	1	0	1	2.876820994446929
188844.66925849087	6000.0	1752.285952971777	0.0	0	0.0	2596.955211462686	1	0	1	2.876820994446929
189908.21509131033	6000.0	1688.7401201523498	0.0	0	0.0	2596.955211462686	1	0	1	2.876820994446929
190655.55836007916	6000.0	1941.3968513835237	0.0	0	0.0	2596.9552114626276	1	0	1	2.876820994446935
191602.6705876317	6000.0	1994.2846238309796	0.0	0	0.0	2596.9552114626276	1	0	1	2.8768209944469363
192458.42633744708	6000.0	2138.5288740156075	0.0	0	0.0	2596.9552114626276	1	0	1	2.8768209944469363
193552.13539303487	6000.0	2044.8198184278133	0.0	0	0.0	2596.9552114626567	1	0	1	2.876820994446933
194254.5327097992	6000.0	2342.4225016634537	0.0	0	0.0	2596.9552114626276	1	0	1	2.8768209944469363
195200.0	6000.0	2396.95521146269	0.0	0	155.5955894923245	2596.9552114626276	1	0	1	2.8768209944469363
196200.0	3000.0	2396.9552114626867	0.0	0	566.1089424290112	2596.9552114625985	1	0	1	1.4905266333270502
197230.2394478601	6000.0	2366.715763602572	0.0	0	0.0	2596.9552114625985	1	0	1	2.1836738138869953
198200.0	6000.0	2396.95521146267	0.0	0	109.81951145245694	2596.9552114625985	1	0	1	2.8768209944469403
199372.01616274135	6000.0	2224.939048721335	0.0	0	0.0	2596.9552114625985	1	0	1	2.8768209944469403
200467.31779221338	6000.0	2129.637419249322	0.0	0	0.0	2596.9552114625985	1	0	1	2.8768209944469403
201543.76329042908	6000.0	2053.191921033632	0.0	0	0.0	2596.9552114625985	1	0	1	2.8768209944469403
202901.44640986196	6000.0	1695.5088016007257	0.0	0	0.0	2596.9552114625694	1	0	1	2.876820994446944
203972.59964948	6000.0	1624.3555619826877	0.0	0	0.0	2596.9552114625694	1	0	1	2.876820994446944
204956.93839098545	6000.0	1640.0168204772258	0.0	0	0.0	2596.9552114625403	1	0	1	2.8768209944469474
205859.8213532832	6000.0	1737.1338581794882	0.0	0	0.0	2596.9552114625403	1	0	1	2.8768209944469474
206850.45972852907	6000.0	1746.4954829336002	0.0	0	0.0	2596.9552114625403	1	0	1	2.8768209944469474
207736.3315838589	6000.0	1860.623627603787	0.0	0	0.0	2596.9552114625403	1	0	1	2.8768209944469474
209218.82047405466	6000.0	1378.134737408026	0.0	0	0.0	2596.9552114625403	1	0	1	2.8768209944469474
210019.8448069941	3000.0	1577.110404468601	0.0	0	0.0	2596.9552114625403	1	0	1	1.4905266333270577
210712.12641583735	3000.0	1884.8287956253373	0.0	0	0.0	2596.9552114625694	1	0	1	2.1836738138870007
211597.45595051057	3000.0	1999.4992609520866	0.0	0	0.0	2596.9552114625694	1	0	1	2.183673813886999
212200.0	3000.0	2396.955211462696	0.0	0	35.421758751850575	2596.9552114625985	1	0	1	2.1836738138869953
213200.0	3000.0	2396.95521146266	0.0	0	491.115628586791	2596.9552114625985	1	0	1	2.1836738138869953
214200.0	3000.0	2396.9552114626495	0.0	0	391.6257792424876	2596.9552114625985	1	0	1	2.1836738138869953
215200.0	3000.0	2396.9552114626863	0.0	0	497.7219525075343	2596.9552114626276	1	0	1	2.1836738138869913
216200.0	3000.0	2396.9552114626476	0.0	0	543.0494876063603	2596.9552114626276	1	0	1	2.1836738138869913
217200.0	3000.0	2396.9552114626895	0.0	0	487.24990174538107	2596.9552114626276	1	0	1	2.1836738138869913
218200.0	3000.0	2396.9552114627227	0.0	0	424.6774238097714	2596.9552114626276	1	0	1	2.1836738138869913
219200.0	3000.0	2396.9552114627363	0.0	0	526.0579840017017	2596.9552114626276	1	0	1	2.1836738138869913
220200.0	3000.0	2396.955211462749	0.0	0	665.6834851454769	2596.9552114626276	1	0	1	2.1836738138869913
221200.0	3000.0	2396.955211462769	0.0	0	641.2284951777547	2596.9552114626276	1	0	1	2.1836738138869913
222322.56468962718	6000.0	2274.390521835595	0.0	0	0.0	2596.9552114626276	1	0	1	2.1836738138869913
223200.0	3000.0	2396.955211462788	0.0	0	276.66418988938676	2596.9552114626276	1	0	1	1.4905266333270466
224359.0022456122	6000.0	2237.9529658505558	0.0	0	0.0	2596.9552114626276	1	0	1	2.1836738138869913
225222.17047721765	6000.0	2374.7847342451337	0.0	0	0.0	2596.9552114626276	1	0	1	2.8768209944469363
226277.85405474197	6000.0	2319.101156720781	0.0	0	0.0	2596.9552114625985	1	0	1	2.8768209944469403
227200.0	3000.0	2396.9552114627622	0.0	0	271.20407652962604	2596.9552114625985	1	0	1	1.4905266333270502
228200.0	3000.0	2396.9552114627745	0.0	0	13.089890062983613	2596.9552114625694	1	0	1	2.183673813886999
229263.33496172313	3000.0	2333.620249739634	0.0	0	0.0	2596.9552114625694	1	0	1	2.183673813886999
230200.0	3000.0	2396.9552114627795	0.0	0	384.2479727011523	2596.9552114625694	1	0	1	2.183673813886999
231200.0	3000.0	2396.9552114628045	0.0	0	647.9355938432564	2596.9552114625694	1	0	1	2.183673813886999
232200.0	3000.0	2396.9552114628077	0.0	0	656.8118914053484	2596.9552114625694	1	0	1	2.183673813886999
233200.0	3000.0	2396.955211462826	0.0	0	393.5430667458859	2596.9552114625985	1	0	1	2.1836738138869953
234200.0	3000.0	2396.9552114628214	0.0	0	368.60161810196587	2596.9552114625985	1	0	1	2.1836738138869953
235200.0	3000.0	2396.9552114628336	0.0	0	448.34531695605256	2596.9552114625985	1	0	1	2.1836738138869953
236200.0	3000.0	2396.9552114628364	0.0	0	304.17981481191237	2596.9552114625985	1	0	1	2.1836738138869953
237200.0	3000.0	2396.9552114628414	0.0	0	379.8304847837717	2596.9552114625985	1	0	1	2.1836738138869953
238200.0	3000.0	2396.9552114628273	0.0	0	565.2254679891921	2596.9552114625985	1	0	1	2.1836738138869953
239200.0	3000.0	2396.9552114627963	0.0	0	517.8829008446774	2596.9552114625985	1	0	1	2.1836738138869953
240200.0	3000.0	2396.9552114628104	0.0	0	274.1055335216806	2596.9552114625985	1	0	1	2.1836738138869953
241200.0	3000.0	2396.955211462807	0.0	0	477.1834778597404	2596.9552114625985	1	0	1	2.1836738138869953
242200.0	3000.0	2396.955211462828	0.0	0	213.60269297510968	2596.9552114626276	1	0	1	2.1836738138869913
243200.0	3000.0	2396.9552114628273	0.0	0	467.641118763946	2596.9552114626276	1	0	1	2.1836738138869913
244200.0	3000.0	2396.955211462834	0.0	0	385.9564461548289	2596.9552114626276	1	0	1	2.1836738138869913
245200.0	3000.0	2396.9552114628223	0.0	0	335.68164191930555	2596.9552114626276	1	0	1	2.1836738138869913
246200.0	3000.0	2396.9552114627877	0.0	0	448.522457829793	2596.9552114626276	1	0	1	2.1836738138869913
247200.0	3000.0	2396.9552114627522	0.0	0	479.40191962223616	2596.9552114625985	1	0	1	2.1836738138869953
248200.0	3000.0	2396.955211462742	0.0	0	436.08338837412884	2596.9552114625985	1	0	1	2.1836738138869953
249200.0	3000.0	2396.955211462745	0.0	0	306.83492971220403	2596.9552114625985	1	0	1	2.1836738138869953
250200.0	3000.0	2396.955211462763	0.0	0	488.87880210520234	2596.9552114626276	1	0	1	2.1836738138869913
251200.0	3000.0	2396.955211462786	0.0	0	402.4545184743183	2596.9552114626276	1	0	1	2.1836738138869913
252200.0	3000.0	2396.955211462766	0.0	0	542.961852000386	2596.9552114625985	1	0	1	2.1836738138869953
253200.0	3000.0	2396.955211462776	0.0	0	314.72310835757526	2596.9552114625694	1	0	1	2.183673813886999
254200.0	3000.0	2396.9552114627727	0.0	0	491.8250249095727	2596.9552114625403	1	0	1	2.183673813887003
255200.0	3000.0	2396.9552114627522	0.0	0	508.9787121291738	2596.9552114625403	1	0	1	2.183673813887003
256200.0	3000.0	2396.9552114627536	0.0	0	307.85292117716745	2596.9552114625403	1	0	1	2.183673813887003
257200.0	3000.0	2396.95521146274	0.0	0	263.81390631053364	2596.9552114625403	1	0	1	2.183673813887003
258200.0	3000.0	2396.9552114627418	0.0	0	577.6714744217752	2596.9552114625694	1	0	1	2.183673813886999
259200.0	3000.0	2396.9552114627513	0.0	0	597.9103617268265	2596.9552114625694	1	0	1	2.183673813886999
260200.0	3000.0	2396.9552114627836	0.0	0	264.68961356242653	2596.9552114625694	1	0	1	2.183673813886999
261200.0	3000.0	2396.9552114627754	0.0	0	504.4612911765871	2596.9552114625403	1	0	1	2.183673813887003
262200.0	3000.0	2396.9552114627777	0.0	0	456.27771275752457	2596.955211462511	1	0	1	2.183673813887006
263200.0	3000.0	2396.9552114628073	0.0	0	460.8376649474958	2596.9552114625403	1	0	1	2.1836738138870073
264200.0	3000.0	2396.955211462816	0.0	0	436.24538758193376	2596.9552114625694	1	0	1	2.1836738138870024
265200.0	3000.0	2396.955211462848	0.0	0	644.6325381428469	2596.9552114625694	1	0	1	2.1836738138869976
266200.0	3000.0	2396.955211462922	0.0	0	676.4635395301739	2596.9552114625694	1	0	1	2.183673813886999
267200.0	3000.0	2396.9552114629087	0.0	0	618.8455099113635	2596.9552114625694	1	0	1	2.183673813886999
268200.0	3000.0	2396.955211462835	0.0	0	448.63837722787866	2596.955211462511	1	0	1	2.183673813887006
269200.0	3000.0	2396.9552114628664	0.0	0	329.75674690440064	2596.9552114625694	1	0	1	2.183673813886999
270200.0	3000.0	2396.9552114628973	0.0	0	296.7638469004305	2596.9552114625694	1	0	1	2.183673813886999
271200.0	3000.0	2396.9552114628345	0.0	0	610.9330629713368	2596.9552114625694	1	0	1	2.183673813886999
272200.0	3000.0	2396.9552114628855	0.0	0	591.6404172818875	2596.9552114625694	1	0	1	2.183673813886999
273200.0	3000.0	2396.9552114629314	0.0	0	494.2599593854393	2596.9552114625694	1	0	1	2.183673813886999
274200.0	6000.0	2396.9552114629687	0.0	0	73.65536752593471	2596.9552114625694	1	0	1	2.1836738138869984
275200.0	6000.0	2396.9552114629287	0.0	0	422.0009061071323	2596.955211462511	1	0	1	2.876820994446951
276200.0	6000.0	2396.955211462944	0.0	0	430.6799726744648	2596.955211462511	1	0	1	2.876820994446951
277237.21027611225	6000.0	2359.744935350741	0.0	0	0.0	2596.955211462511	1	0	1	2.876820994446951
278200.0	6000.0	2396.9552114629323	0.0	0	180.54618280252907	2596.9552114625694	1	0	1	2.876820994446944
279200.0	6000.0	2396.9552114629014	0.0	0	140.35078108124435	2596.9552114626276	1	0	1	2.8768209944469363
280200.0	6000.0	2396.9552114629514	0.0	0	55.44620696565835	2596.955211462686	1	0	1	2.876820994446929
281292.10297584505	6000.0	2304.8522356178914	0.0	0	0.0	2596.955211462686	1	0	1	2.876820994446929
282413.73958630906	6000.0	2183.2156251539054	0.0	0	0.0	2596.955211462686	1	0	1	2.876820994446929
283544.46631348867	6000.0	2052.488897974266	0.0	0	0.0	2596.9552114626276	1	0	1	2.8768209944469305
284721.63990386255	6000.0	1875.3153076004237	0.0	0	0.0	2596.9552114626276	1	0	1	2.8768209944469363
285507.27473345015	6000.0	2089.680478012857	0.0	0	0.0	2596.9552114625694	1	0	1	2.876820994446944
286535.3077443123	6000.0	2061.6474671506803	0.0	0	0.0	2596.9552114625694	1	0	1	2.876820994446944
287504.5729016605	6000.0	2092.3823098024486	0.0	0	0.0	2596.955211462686	1	0	1	2.876820994446935
288426.9829503579	6000.0	2169.972261105104	0.0	0	0.0	2596.955211462686	1	0	1	2.876820994446929
290002.72862809716	6000.0	1594.226583365854	0.0	0	0.0	2596.955211462686	1	0	1	2.876820994446929
290498.36779753136	3000.0	2098.587413931663	0.0	0	0.0	2596.955211462686	1	0	1	1.4905266333270393
291200.0	3000.0	2396.9552114630155	0.0	0	181.5977419585688	2596.955211462686	1	0	1	2.1836738138869842
292200.0	3000.0	2396.955211463074	0.0	0	537.5578420971287	2596.955211462686	1	0	1	2.1836738138869842
293200.0	3000.0	2396.9552114630487	0.0	0	221.7327693081461	2596.9552114626276	1	0	1	2.1836738138869913
294200.0	3000.0	2396.955211463023	0.0	0	126.31574097333942	2596.9552114626276	1	0	1	2.1836738138869913
295200.0	3000.0	2396.9552114630196	0.0	0	442.94741446129046	2596.9552114626276	1	0	1	2.1836738138869913
296200.0	3000.0	2396.955211463055	0.0	0	511.2560393915046	2596.9552114626276	1	0	1	2.1836738138869913
297200.0	3000.0	2396.9552114629764	0.0	0	500.8950207156595	2596.9552114625694	1	0	1	2.183673813886999
298200.0	3000.0	2396.955211462932	0.0	0	688.0080002963077	2596.9552114626276	1	0	1	2.183673813886993
299200.0	3000.0	2396.9552114628887	0.0	0	625.1350192210521	2596.9552114626276	1	0	1	2.1836738138869913
300200.0	3000.0	2396.955211462878	0.0	0	647.2113168209908	2596.9552114625694	1	0	1	2.183673813886999
7.19	5.15	4.1	5.58	7.25	7.18	9.63	6.49	6.44	5.97	4.01	5.07	7.55	5.56	6.17	4.49	5.55	6.88	7.18	8.17	6.75	7.77	5.66	5.56	7.04	7.34	5.4	7.7	7.58	5.77	7.44	7.3	10.2	7.61	4.02	4.1	6.12	6.12	6.49	7.43	7.4	6.35	6.24	7.39	8.27	6.56	6.38	6.8	4.43	6.95	5.44	6.27	5.36	5.79	8.02	7.69	6.42	4.6	5.35	4.24	6.6	4.07	6.15	5.21	7.6	5.41	5.1	7.04	10.4	10.5	4.56	5.75	6.58	5.7	4.87	5.88	3.46	2.86	6.04	8.38	7.77	6.06	5.55	5.05	4.31	7.39	6.01	5.55	5.1	6.23	3.71	7.19	5.58	6.19	4.48	6.14	4.1	5.09	8.18	5.37	6.02	5.33	5.92	6.9	4.83	4.7	6.55	5.95	5.35	5.63	4.04	4.85	7.21	8.66	7.04	5.65	5.75	4.84	5.36	8.23	8.44	4.88	7.25	9.05	9.68	6.36	8.09	8.24	5.83	6.59	5.24	5.18	5.95	6.32	7.07	6.75	6.97	4.03	6.1	6.08	5.48	2.33	4.54	5.77	5.2	7.61	11.1	7.94	7.63	9.81	7.19	5.15	4.1	5.58	7.25	7.18	9.63	6.49	6.44	5.97	4.01	5.07	7.55	5.56	6.17	4.49	5.55	6.88	7.18	8.17	6.75	7.77	5.66	5.56	7.04	7.34	5.4	7.7	7.58	5.77	7.44	7.3	10.2	7.61	4.02	4.1	6.12	6.12	6.49	7.43	7.4	6.35	6.24	7.39	8.27	6.56	6.38	6.8	4.43	6.95	5.44	6.27	5.36	5.79	8.02	7.69	6.42	4.6	5.35	4.24	6.6	4.07	6.15	5.21	7.6	5.41	5.1	7.04	10.4	10.5	4.56	5.75	6.58	5.7	4.87	5.88	3.46	2.86	6.04	8.38	7.77	6.06	5.55	5.05	4.31	7.39	6.01	5.55	5.1	6.23	3.71	7.19	5.58	6.19	4.48	6.14	4.1	5.09	8.18	5.37	6.02	5.33	5.92	6.9	4.83	4.7	6.55	5.95	5.35	5.63	4.04	4.85	7.21	8.66	7.04	5.65	5.75	4.84	5.36	8.23	8.44	4.88	7.25	9.05	9.68	6.36	8.09	8.24	5.83	6.59	5.24	5.18	5.95	6.32	7.07	6.75	6.97	4.03	6.1	6.08	5.48	2.33	4.54	5.77	5.2	7.61	11.1	7.94	7.63	9.81	7.19	5.15	4.1
1.0	2.0	3.0	4.0	5.0	6.0	7.0	8.0	9.0	10.0	11.0	12.0	13.0	14.0	15.0	16.0	17.0	18.0	19.0	20.0	21.0	22.0	23.0	24.0	25.0	26.0	27.0	28.0	29.0	30.0	31.0	32.0	33.0	34.0	35.0	36.0	37.0	38.0	39.0	40.0	41.0	42.0	43.0	44.0	45.0	46.0	47.0	48.0	49.0	50.0	51.0	52.0	53.0	54.0	55.0	56.0	57.0	58.0	59.0	60.0	61.0	62.0	63.0	64.0	65.0	66.0	67.0	68.0	69.0	70.0	71.0	72.0	73.0	74.0	75.0	76.0	77.0	78.0	79.0	80.0	81.0	82.0	83.0	84.0	85.0	86.0	87.0	88.0	89.0	90.0	91.0	92.0	93.0	94.0	95.0	96.0	97.0	98.0	99.0	100.0	101.0	102.0	103.0	104.0	105.0	106.0	107.0	108.0	109.0	110.0	111.0	112.0	113.0	114.0	115.0	116.0	117.0	118.0	119.0	120.0	121.0	122.0	123.0	124.0	125.0	126.0	127.0	128.0	129.0	130.0	131.0	132.0	133.0	134.0	135.0	136.0	137.0	138.0	139.0	140.0	141.0	142.0	143.0	144.0	145.0	146.0	147.0	148.0	149.0	149.0	150.0	151.0	152.0	153.0	154.0	155.0	156.0	157.0	158.0	159.0	160.0	161.0	162.0	163.0	164.0	165.0	166.0	167.0	168.0	169.0	170.0	171.0	172.0	173.0	174.0	175.0	176.0	177.0	178.0	179.0	180.0	181.0	182.0	183.0	184.0	185.0	186.0	187.0	188.0	189.0	190.0	191.0	192.0	193.0	194.0	195.0	196.0	197.0	198.0	199.0	200.0	201.0	202.0	203.0	204.0	205.0	206.0	207.0	208.0	209.0	210.0	211.0	212.0	213.0	214.0	215.0	216.0	217.0	218.0	219.0	220.0	221.0	222.0	223.0	224.0	225.0	226.0	227.0	228.0	229.0	230.0	231.0	232.0	233.0	234.0	235.0	236.0	237.0	238.0	239.0	240.0	241.0	242.0	243.0	244.0	245.0	246.0	247.0	248.0	249.0	250.0	251.0	252.0	253.0	254.0	255.0	256.0	257.0	258.0	259.0	260.0	261.0	262.0	263.0	264.0	265.0	266.0	267.0	268.0	269.0	270.0	271.0	272.0	273.0	274.0	275.0	276.0	277.0	278.0	279.0	280.0	281.0	282.0	283.0	284.0	285.0	286.0	287.0	288.0	289.0	290.0	291.0	292.0	293.0	294.0	295.0	296.0	297.0	298.0	298.0	299.0	300.0	301.0
2429.0896639496673
