5829.276252860264	300.0	2000.0	75.13549654961741	0	0.0	5829.276252860264	1	0	1	-2.2584350387608643
5909.5090322955575	300.0	2911.743942621177	0.0	0	0.0	5821.252974916734	1	0	2	-2.2129497231953397
6014.279279771475	500.0	3796.4966703976684	0.0	0	0.0	5810.775950169143	1	0	2	-2.0032894349294463
6115.591159322747	500.0	4685.053602891269	0.0	0	0.0	5800.644762214016	1	0	2	-1.4822431205132365
6219.824434956917	500.0	5570.396999693682	0.0	0	0.0	5790.221434650599	1	0	2	-1.4721101541841577
7200.0	1000.0	5492.203878146291	0.0	0	854.3481831689141	5692.203878146291	1	0	2	-1.4131290650417898
8200.0	2000.0	5392.203878146289	0.0	0	682.093222384934	5592.20387814629	1	0	2	-0.622501676879059
9200.0	3000.0	5292.20387814629	0.0	0	717.3742252886786	5492.203878146291	1	0	2	0.16637143746944022
10200.0	6000.0	5192.203878146289	0.0	0	289.00241054376056	5392.20387814629	1	0	2	0.6702063015311668
11200.0	6000.0	5092.20387814629	0.0	0	173.7932330873773	5292.203878146291	1	0	2	1.4523328745945057
12390.691735972978	6000.0	4782.442968576017	0.0	0	0.0	5173.134704548996	1	0	2	1.558464135427116
13988.50569865435	6000.0	4024.847609626506	0.0	0	0.0	5013.353308280855	1	0	2	1.6917809337417737
15225.733878258468	6000.0	3663.896612061974	0.0	0	0.0	4889.630490320444	1	0	2	1.7892884148597021
16506.264378956963	6000.0	3255.31306129363	0.0	0	0.0	4761.577440250592	1	0	2	1.8812007554956398
17508.072540168803	6000.0	3153.3240839606074	0.0	0	0.0	4661.396624129409	1	0	2	1.9585503980689696
18429.080766667987	6000.0	3140.2150348115024	0.0	0	0.0	4569.295801479486	1	0	2	2.01937929266192
19382.143017861832	6000.0	3091.846558498272	0.0	0	0.0	4473.9895763601	1	0	2	2.074436510961341
20396.800649649525	6000.0	2975.7231635318094	0.0	0	0.0	4372.523813181331	1	0	2	2.1339067313694096
21653.18109824569	6000.0	2593.7046700760293	0.0	0	0.0	4246.885768321714	1	0	2	2.200091055020704
22537.54256921902	6000.0	2620.9070520053656	0.0	0	0.0	4158.449621224383	1	0	2	2.2471975129713107
23381.4321302942	6000.0	2692.628534822666	0.0	0	0.0	4074.0606651168673	1	0	2	2.2876012798257657
24200.008316337946	6000.0	2792.1947301745467	0.0	0	0.0	3992.2030465124953	1	0	2	2.3224185870793006
25044.058725135426	6000.0	2863.7392804973165	0.0	0	0.0	3907.7980056327433	1	0	2	2.3585851119447687
26127.58092885156	6000.0	2671.864856409569	0.0	0	0.0	3799.4457852611267	1	0	2	2.395503084384919
26942.79967529763	6000.0	2856.646109963499	0.0	0	0.0	3799.4457852611304	1	0	1	2.406819840210553
28345.90063584099	6000.0	2453.5451494201416	0.0	0	0.0	3799.4457852611304	1	0	1	2.6068198402105534
29293.916413946252	6000.0	2505.5293713148753	0.0	0	0.0	3799.4457852611304	1	0	1	2.6068198402105534
30703.655876726723	6000.0	2095.7899085344025	0.0	0	0.0	3799.4457852611304	1	0	1	2.6068198402105534
31889.36709143979	6000.0	1910.0786938213346	0.0	0	0.0	3799.4457852611304	1	0	1	2.6068198402105534
33255.75487398673	6000.0	1543.6909112743986	0.0	0	0.0	3799.4457852611267	1	0	1	2.6068198402105542
34204.38801573711	6000.0	1500.194455348978	0.0	0	0.0	3704.582471086087	1	0	2	2.231481030637888
35186.8764818541	6000.0	1419.4571426202826	0.0	0	0.0	3606.333624474384	1	0	2	2.464300677305228
36333.476180988415	6000.0	1272.8574434859695	0.0	0	0.0	3606.333624474384	1	0	1	2.4709949908614925
36837.380165722556	3000.0	1768.9534587518262	0.0	0	0.0	3606.333624474384	1	0	1	1.2847006297416035
37784.394870561875	6000.0	1821.9387539125066	0.0	0	0.0	3606.333624474377	1	0	1	1.9778478103015487
38654.15863405853	6000.0	1952.174990415858	0.0	0	0.0	3606.3336244743696	1	0	1	2.6709949908614976
39845.07020603133	6000.0	1761.2634184430528	0.0	0	0.0	3606.3336244743696	1	0	1	2.6709949908614976
40901.41566242286	6000.0	1704.9179620515147	0.0	0	0.0	3606.3336244743696	1	0	1	2.6709949908614976
42117.88231749719	6000.0	1488.4513069771926	0.0	0	0.0	3606.333624474377	1	0	1	2.6709949908614954
43212.29778737855	6000.0	1394.0358370958336	0.0	0	0.0	3606.333624474377	1	0	1	2.6709949908614954
44110.20079050049	6000.0	1496.1328339739025	0.0	0	0.0	3606.333624474377	1	0	1	2.6709949908614954
44894.32648668575	6000.0	1712.007137788648	0.0	0	0.0	3606.333624474377	1	0	1	2.6709949908614954
45939.26417070332	6000.0	1667.0694537710706	0.0	0	0.0	3606.333624474377	1	0	1	2.6709949908614954
46677.763033415154	6000.0	1928.5705910592387	0.0	0	0.0	3606.3336244743696	1	0	1	2.6709949908614976
47692.025000743706	6000.0	1914.3086237306911	0.0	0	0.0	3606.3336244743696	1	0	1	2.6709949908614976
49070.01096099352	6000.0	1536.322663480889	0.0	0	0.0	3606.3336244743696	1	0	1	2.6709949908614976
49845.28595070542	6000.0	1761.0476737689792	0.0	0	0.0	3606.3336244743696	1	0	1	2.6709949908614976
51172.89043947039	6000.0	1433.443185004003	0.0	0	0.0	3606.3336244743696	1	0	1	2.6709949908614976
52486.79041230017	6000.0	1119.543212174215	0.0	0	0.0	3606.3336244743696	1	0	1	2.6709949908614976
53004.080645792885	3000.0	1602.2529786815057	0.0	0	0.0	3606.3336244743696	1	0	1	1.2847006297416077
54053.141790244	6000.0	1553.1918342303886	0.0	0	0.0	3606.333624474377	1	0	1	1.9778478103015504
54620.158200988924	6000.0	1986.1754234854704	0.0	0	0.0	3606.333624474377	1	0	1	2.6709949908614954
56137.21338523757	6000.0	1469.120239236821	0.0	0	0.0	3606.333624474377	1	0	1	2.6709949908614954
57018.43980814272	6000.0	1587.8938163316698	0.0	0	0.0	3606.333624474377	1	0	1	2.6709949908614954
57981.66407783744	6000.0	1624.6695466369456	0.0	0	0.0	3606.333624474377	1	0	1	2.6709949908614954
59389.501147643656	6000.0	1216.8324768307252	0.0	0	0.0	3606.333624474377	1	0	1	2.6709949908614954
60654.01578848513	6000.0	952.3178359892534	0.0	0	0.0	3606.333624474377	1	0	1	2.6709949908614954
61937.13160307112	6000.0	669.2020214032652	0.0	0	0.0	3606.333624474377	1	0	1	2.6709949908614954
63308.3051108557	6000.0	219.6795189743735	53.42577830376911	0	0.0	3527.9846298300617	1	0	2	1.9631779055472705
63939.48103827715	3000.0	726.7492958843255	138.24570433139866	0	0.0	3666.2303341614606	1	0	1	0.23639609271064643
64416.34175135816	3000.0	1249.8885828033165	0.0	0	0.0	3666.2303341614606	1	0	1	1.9590174992589835
64914.05901016605	3000.0	1752.1713239954277	0.0	0	0.0	3666.2303341614606	1	0	1	1.9590174992589835
65901.86777132063	6000.0	1764.3625628408618	0.0	0	0.0	3666.2303341614825	1	0	1	1.9590174992589786
66958.73339572214	6000.0	1707.4969384393346	0.0	0	0.0	3666.230334161475	1	0	1	2.652164679818921
67911.8476308037	6000.0	1754.382703357776	0.0	0	0.0	3666.230334161475	1	0	1	2.6521646798189256
68679.49578495308	6000.0	1986.7345492084141	0.0	0	0.0	3666.2303341614825	1	0	1	2.652164679818924
70231.88482398249	6000.0	1434.3455101790205	0.0	0	0.0	3666.2303341614897	1	0	1	2.6521646798189193
71511.19234072736	6000.0	1155.0379934341427	0.0	0	0.0	3666.2303341614897	1	0	1	2.6521646798189193
72553.34505212435	6000.0	1112.8852820371521	0.0	0	0.0	3666.2303341614897	1	0	1	2.6521646798189193
73285.2236114662	6000.0	1381.0067226953176	0.0	0	0.0	3666.2303341614897	1	0	1	2.6521646798189193
74105.57574038906	6000.0	1560.6545937724577	0.0	0	0.0	3666.230334161475	1	0	1	2.652164679818924
74955.05573667242	6000.0	1711.1745974890996	0.0	0	0.0	3666.230334161475	1	0	1	2.652164679818924
76789.86384037901	6000.0	876.3664937825114	0.0	0	0.0	3666.230334161475	1	0	1	2.652164679818924
77601.90617165796	6000.0	1064.3241625035644	0.0	0	0.0	3666.230334161475	1	0	1	2.652164679818924
78088.26984823312	3000.0	1577.9604859284009	0.0	0	0.0	3666.230334161475	1	0	1	1.2658703186990339
78943.26378401824	6000.0	1722.9665501432887	0.0	0	0.0	3666.230334161475	1	0	1	1.9590174992589786
79825.32066364601	6000.0	1840.9096705155212	0.0	0	0.0	3666.230334161475	1	0	1	2.652164679818924
80589.09140223422	6000.0	2077.1389319273026	0.0	0	0.0	3666.230334161475	1	0	1	2.652164679818924
81733.24461545734	6000.0	1932.9857187041748	0.0	0	0.0	3666.230334161475	1	0	1	2.652164679818924
82899.59269278162	6000.0	1766.6376413798894	0.0	0	0.0	3666.230334161475	1	0	1	2.652164679818924
83947.56607251753	6000.0	1718.6642616439915	0.0	0	0.0	3666.230334161475	1	0	1	2.652164679818924
85071.53527463676	6000.0	1594.6950595247654	0.0	0	0.0	3666.230334161475	1	0	1	2.652164679818924
85766.39939387357	6000.0	1899.8309402879586	0.0	0	0.0	3666.230334161475	1	0	1	2.652164679818924
86541.62309854188	6000.0	2124.6072356196405	0.0	0	0.0	3666.230334161475	1	0	1	2.652164679818924
87766.89266626393	6000.0	1899.337667897595	0.0	0	0.0	3666.2303341614897	1	0	1	2.6521646798189193
88866.48124215302	6000.0	1799.7490920084927	0.0	0	0.0	3666.2303341614897	1	0	1	2.6521646798189193
90357.51213343159	6000.0	1308.7182007299084	0.0	0	0.0	3666.230334161475	1	0	1	2.652164679818924
91656.6345421531	6000.0	1009.5957920083982	0.0	0	0.0	3666.230334161475	1	0	1	2.652164679818924
92516.99035839812	6000.0	1149.2399757633802	0.0	0	0.0	3666.230334161475	1	0	1	2.652164679818924
93190.94382192298	6000.0	1475.2865122385222	0.0	0	0.0	3666.2303341614606	1	0	1	2.6521646798189282
94266.62411892276	6000.0	1399.606215238739	0.0	0	0.0	3666.230334161446	1	0	1	2.652164679818933
95140.32087177823	6000.0	1525.909462383276	0.0	0	0.0	3666.2303341614315	1	0	1	2.6521646798189376
96710.75465212845	6000.0	955.4756820330376	0.0	0	0.0	3666.2303341614315	1	0	1	2.6521646798189376
97703.25899708456	6000.0	962.9713370769238	0.0	0	0.0	3666.230334161417	1	0	1	2.6521646798189424
98636.56715062709	6000.0	1029.6631835343956	0.0	0	0.0	3666.230334161417	1	0	1	2.6521646798189424
99674.39166093746	6000.0	991.8386732240307	0.0	0	0.0	3666.230334161417	1	0	1	2.6521646798189424
100595.94599340014	6000.0	1070.2843407613518	0.0	0	0.0	3666.230334161417	1	0	1	2.6521646798189424
101535.03108899333	6000.0	1037.290735608845	0.0	0	0.0	3572.321824602099	1	0	2	2.273751848292078
102873.51677909469	6000.0	698.8050455075005	0.0	0	0.0	3572.3218246021133	1	0	1	2.4812775612547213
103371.50076391418	3000.0	1200.821060687998	0.0	0	0.0	3572.3218246021133	1	0	1	1.2949832001348311
104125.47111457674	3000.0	1446.850710025447	0.0	0	0.0	3572.3218246021133	1	0	1	1.988130380694776
104700.38165949011	3000.0	1814.4491106207176	0.0	0	0.0	3514.830770110755	1	0	2	1.6009712754438574
105164.14707552918	3000.0	2350.683694581641	0.0	0	0.0	3514.8307701107406	1	0	1	1.8048578486073454
106330.57449039683	6000.0	2184.25627971399	0.0	0	0.0	3514.8307701107406	1	0	1	2.004857848607345
107173.83858246938	6000.0	2340.992187641443	0.0	0	0.0	3514.8307701107406	1	0	1	2.69800502916729
108168.71765612313	6000.0	2346.1131139876907	0.0	0	0.0	3514.830770110726	1	0	1	2.6980050291672946
109158.30235401633	6000.0	2356.5284160945184	0.0	0	0.0	3514.8307701107406	1	0	1	2.69800502916729
110421.91238202465	6000.0	2092.9183880862	0.0	0	0.0	3514.8307701107406	1	0	1	2.69800502916729
111209.39125541481	6000.0	2305.4395146960337	0.0	0	0.0	3514.8307701107406	1	0	1	2.69800502916729
112201.81391896706	6000.0	2313.0168511437882	0.0	0	0.0	3514.8307701107406	1	0	1	2.69800502916729
113112.5165171405	6000.0	2402.314252970352	0.0	0	0.0	3514.830770110755	1	0	1	2.6980050291672866
114060.67203603956	6000.0	2454.1587340712913	0.0	0	0.0	3514.830770110755	1	0	1	2.6980050291672866
114946.64653534071	6000.0	2568.1842347701304	0.0	0	0.0	3514.830770110755	1	0	1	2.6980050291672866
115752.61550790796	6000.0	2762.2152622028816	0.0	0	0.0	3514.830770110755	1	0	1	2.6980050291672866
116261.6907802895	6000.0	3253.1399898213426	0.0	0	0.0	3514.830770110755	1	0	1	2.6980050291672866
117200.0	6000.0	3314.8307701108624	0.0	0	419.8156690839096	3514.830770110755	1	0	1	2.6980050291672866
118200.0	6000.0	3314.8307701108833	0.0	0	352.78770183128654	3514.830770110755	1	0	1	2.6980050291672866
119200.0	6000.0	3314.8307701108947	0.0	0	98.5248232560698	3514.830770110755	1	0	1	2.6980050291672866
120350.59855770368	6000.0	3164.23221240722	0.0	0	0.0	3514.830770110755	1	0	1	2.6980050291672866
121723.7923300677	6000.0	2791.0384400431976	0.0	0	0.0	3514.830770110755	1	0	1	2.6980050291672866
123163.12636573656	6000.0	2351.704404374347	0.0	0	0.0	3514.830770110755	1	0	1	2.6980050291672866
124156.22328162022	6000.0	2358.6074884906952	0.0	0	0.0	3514.830770110755	1	0	1	2.6980050291672866
125155.87027912709	6000.0	2358.9604909838285	0.0	0	0.0	3514.8307701107406	1	0	1	2.69800502916729
126261.62040806434	6000.0	2253.210362046594	0.0	0	0.0	3514.8307701107406	1	0	1	2.69800502916729
127303.8185434273	6000.0	2211.0122266836133	0.0	0	0.0	3514.830770110726	1	0	1	2.6980050291672946
128111.4201762543	6000.0	2403.4105938566195	0.0	0	0.0	3514.830770110726	1	0	1	2.6980050291672946
129008.14088413738	6000.0	2506.689885973542	0.0	0	0.0	3514.8307701107406	1	0	1	2.69800502916729
130189.23917742135	6000.0	2325.59159268958	0.0	0	0.0	3514.8307701107406	1	0	1	2.69800502916729
130972.50029696054	6000.0	2542.3304731503954	0.0	0	0.0	3514.8307701107406	1	0	1	2.69800502916729
131875.51416218063	6000.0	2639.3166079303173	0.0	0	0.0	3514.8307701107406	1	0	1	2.698005029167291
132976.87331057058	6000.0	2537.957459540391	0.0	0	0.0	3514.8307701107697	1	0	1	2.6980050291672866
133921.3273446949	6000.0	2593.503425416099	0.0	0	0.0	3514.8307701108133	1	0	1	2.6980050291672764
134860.91879951433	6000.0	2653.911970596665	0.0	0	0.0	3514.830770110828	1	0	1	2.698005029167267
136456.25448979353	6000.0	2058.576280317494	0.0	0	0.0	3514.830770110828	1	0	1	2.6980050291672657
138110.76580287603	6000.0	1404.0649672350062	0.0	0	0.0	3514.830770110857	1	0	1	2.6980050291672573
139822.75490297994	6000.0	692.0758671311123	0.0	0	0.0	3514.830770110886	1	0	1	2.6980050291672493
140561.14889265524	3000.0	953.6818774558275	0.0	0	0.0	3514.830770110886	1	0	1	1.3117106680473594
141362.02748042365	3000.0	1152.8032896874406	0.0	0	0.0	3514.830770110886	1	0	1	2.0048578486073043
142012.4637716898	3000.0	1502.3669984212652	0.0	0	0.0	3514.830770110886	1	0	1	2.0048578486073043
142576.227658336	3000.0	1882.2267231104565	0.0	0	0.0	3458.454381446296	1	0	2	1.6169407516013725
143205.02876400057	3000.0	2253.425617445896	0.0	0	0.0	3458.454381446267	1	0	1	1.820489523952888
143949.36183405144	3000.0	2509.092547395003	0.0	0	0.0	3458.454381446267	1	0	1	2.020489523952888
144768.6735083236	3000.0	2689.780873122848	0.0	0	0.0	3458.454381446296	1	0	1	2.02048952395288
145308.99811879333	3000.0	3095.4238016061436	0.0	0	0.0	3404.421920399298	1	0	2	1.6311197051463102
146200.0	3000.0	3115.3217322787787	0.0	0	263.07249239698285	3315.321732278622	1	0	2	1.849151636755516
147200.0	6000.0	3115.3217322788073	0.0	0	60.996124420373235	3315.321732278593	1	0	1	1.856941452920141
148412.8704141901	6000.0	2902.4513180887084	0.0	0	0.0	3315.321732278564	1	0	1	2.750088633480093
149862.960040518	6000.0	2452.361691760805	0.0	0	0.0	3315.321732278564	1	0	1	2.750088633480093
150989.0436592538	6000.0	2326.278073024993	0.0	0	0.0	3315.321732278564	1	0	1	2.750088633480093
151837.74119963677	6000.0	2477.580532641988	0.0	0	0.0	3315.321732278564	1	0	1	2.750088633480093
152534.36524972002	6000.0	2780.956482558749	0.0	0	0.0	3315.321732278593	1	0	1	2.750088633480086
153922.5153821271	6000.0	2392.8063501516776	0.0	0	0.0	3315.321732278593	1	0	1	2.750088633480086
154717.46976429343	6000.0	2597.8519679853275	0.0	0	0.0	3315.321732278593	1	0	1	2.750088633480086
155504.88465025474	6000.0	2810.43708202404	0.0	0	0.0	3315.321732278593	1	0	1	2.750088633480086
156395.86570840917	6000.0	2919.4560238696085	0.0	0	0.0	3315.321732278564	1	0	1	2.750088633480093
157200.0	6000.0	3115.3217322788005	0.0	0	190.10048216438736	3315.321732278564	1	0	1	2.750088633480093
158200.0	6000.0	3115.321732278791	0.0	0	193.2882621846802	3315.321732278564	1	0	1	2.750088633480093
159200.0	6000.0	3115.3217322787987	0.0	0	308.10749913356267	3315.321732278564	1	0	1	2.750088633480093
160200.0	6000.0	3115.321732278795	0.0	0	221.04676450652187	3315.321732278564	1	0	1	2.750088633480093
161521.85078701205	6000.0	2793.4709452667494	0.0	0	0.0	3315.321732278593	1	0	1	2.750088633480086
163126.0916346251	6000.0	2189.2300976536876	0.0	0	0.0	3315.321732278593	1	0	1	2.750088633480086
164046.37053749038	6000.0	2268.951194788432	0.0	0	0.0	3315.321732278593	1	0	1	2.750088633480086
165544.4758336483	6000.0	1770.8458986304959	0.0	0	0.0	3315.321732278593	1	0	1	2.750088633480086
166526.09940558	6000.0	1789.222326698773	0.0	0	0.0	3315.321732278593	1	0	1	2.750088633480086
167353.6145357319	6000.0	1961.707196546854	0.0	0	0.0	3315.321732278593	1	0	1	2.750088633480086
168222.28225426553	6000.0	2093.0394780131983	0.0	0	0.0	3315.321732278593	1	0	1	2.750088633480086
169781.6337900148	6000.0	1533.6879422639483	0.0	0	0.0	3315.321732278622	1	0	1	2.750088633480079
170910.87052794255	6000.0	1404.4512043362233	0.0	0	0.0	3315.321732278622	1	0	1	2.750088633480079
171700.0965248731	6000.0	1615.2252074056848	0.0	0	0.0	3315.3217322786804	1	0	1	2.750088633480071
172832.44646177118	6000.0	1482.8752705076336	0.0	0	0.0	3315.3217322787095	1	0	1	2.7500886334800585
173700.73253317468	6000.0	1614.589199104134	0.0	0	0.0	3315.3217322786804	1	0	1	2.75008863348006
174563.29814190883	6000.0	1752.0235903699743	0.0	0	0.0	3315.3217322786513	1	0	1	2.7500886334800723
175495.69030923198	6000.0	1819.631423046824	0.0	0	0.0	3315.3217322786513	1	0	1	2.7500886334800723
176610.90086556855	6000.0	1704.4208667102407	0.0	0	0.0	3315.321732278622	1	0	1	2.750088633480079
177923.19452383742	6000.0	1392.1272084413579	0.0	0	0.0	3315.321732278593	1	0	1	2.750088633480086
179671.94649415681	6000.0	643.3752381219681	0.0	0	0.0	3315.321732278622	1	0	1	2.750088633480079
180156.68763586594	3000.0	1158.6340964128372	0.0	0	0.0	3315.3217322786513	1	0	1	1.3637942723601824
180770.07653960848	3000.0	1483.9063022960634	0.0	0	0.0	3253.9828419043915	1	0	2	1.667748433332691
181354.76142517373	3000.0	1899.2214167308455	0.0	0	0.0	3253.9828419043915	1	0	1	1.871227663090147
181871.69067889475	3000.0	2382.292163009814	0.0	0	0.0	3253.9828419043915	1	0	1	2.071227663090147
182481.45793021965	3000.0	2772.5249116849277	0.0	0	0.0	3253.9828419044206	1	0	1	2.0712276630901405
183200.0	3000.0	3053.9828419045652	0.0	0	101.72518714459147	3253.9828419044206	1	0	1	2.0712276630901405
184200.0	6000.0	3053.9828419045807	0.0	0	97.06242732697865	3253.9828419044206	1	0	1	2.0712276630901405
185200.0	6000.0	3053.982841904563	0.0	0	151.74607881723205	3253.9828419044206	1	0	1	2.7643748436500855
186495.54366620455	6000.0	2758.439175699983	0.0	0	0.0	3253.9828419044206	1	0	1	2.7643748436500855
187589.519298726	6000.0	2664.463543178509	0.0	0	0.0	3253.9828419044206	1	0	1	2.7643748436500855
188654.65801545064	6000.0	2599.3248264538784	0.0	0	0.0	3253.9828419043915	1	0	1	2.764374843650092
189311.34374616478	6000.0	2942.6390957397502	0.0	0	0.0	3253.9828419043915	1	0	1	2.764374843650092
190693.45498137406	6000.0	2560.5278605304925	0.0	0	0.0	3253.9828419043915	1	0	1	2.764374843650092
191895.65910217227	6000.0	2358.3237397322846	0.0	0	0.0	3253.9828419043915	1	0	1	2.764374843650092
193225.30065386862	6000.0	2028.682188035925	0.0	0	0.0	3253.9828419043624	1	0	1	2.7643748436500974
194271.8439533658	6000.0	1982.1388885387053	0.0	0	0.0	3253.9828419043624	1	0	1	2.764374843650099
195453.6994544976	6000.0	1800.2833874068779	0.0	0	0.0	3253.9828419043624	1	0	1	2.764374843650099
196294.6223196615	6000.0	1959.3605222429758	0.0	0	0.0	3253.9828419043624	1	0	1	2.764374843650099
197380.22046258918	6000.0	1873.7623793153252	0.0	0	0.0	3253.9828419043624	1	0	1	2.764374843650099
198352.85959307072	6000.0	1901.123248833783	0.0	0	0.0	3253.9828419043624	1	0	1	2.764374843650099
199186.17141940893	6000.0	2067.8114224955866	0.0	0	0.0	3253.9828419043624	1	0	1	2.764374843650099
200213.9972497307	6000.0	2039.9855921738483	0.0	0	0.0	3253.9828419043624	1	0	1	2.764374843650099
201302.00308071703	6000.0	1951.9797611875008	0.0	0	0.0	3253.9828419043624	1	0	1	2.764374843650099
202375.07957094058	6000.0	1878.9032709639569	0.0	0	0.0	3253.9828419043624	1	0	1	2.764374843650099
203011.1059266064	6000.0	2242.8769152981185	0.0	0	0.0	3253.9828419043624	1	0	1	2.764374843650099
204089.4229780106	6000.0	2164.559863893889	0.0	0	0.0	3253.9828419043624	1	0	1	2.764374843650099
205303.37414366787	6000.0	1950.6086982366392	0.0	0	0.0	3253.9828419043624	1	0	1	2.764374843650099
206276.4946827935	6000.0	1977.4881591110043	0.0	0	0.0	3253.9828419043624	1	0	1	2.764374843650099
207268.56340270553	6000.0	1985.4194391989906	0.0	0	0.0	3253.9828419043624	1	0	1	2.764374843650099
208190.93799915104	6000.0	2063.0448427534793	0.0	0	0.0	3253.9828419043624	1	0	1	2.764374843650099
209149.856008008	6000.0	2104.126833896515	0.0	0	0.0	3253.9828419043624	1	0	1	2.764374843650099
210422.68734917004	6000.0	1831.2954927345104	0.0	0	0.0	3253.9828419043915	1	0	1	2.764374843650092
211369.50481560006	6000.0	1884.4780263044831	0.0	0	0.0	3253.9828419043915	1	0	1	2.764374843650092
212581.9407276507	6000.0	1672.0421142538096	0.0	0	0.0	3253.9828419043915	1	0	1	2.764374843650092
212957.56905083737	3000.0	2296.413791067146	0.0	0	0.0	3253.9828419043915	1	0	1	1.3780804825302022
213599.65334111376	6000.0	2654.3295007907354	0.0	0	0.0	3253.9828419043915	1	0	1	2.071227663090147
214278.3729391527	6000.0	2975.609902751787	0.0	0	0.0	3253.9828419043915	1	0	1	2.764374843650092
215200.0	6000.0	3053.9828419044993	0.0	0	154.23371912850416	3253.9828419044206	1	0	1	2.764374843650087
216200.0	6000.0	3053.9828419045275	0.0	0	114.09231734159403	3253.9828419044497	1	0	1	2.7643748436500815
217466.5075336783	6000.0	2787.47530822625	0.0	0	0.0	3253.9828419044206	1	0	1	2.7643748436500855
218565.65854742273	6000.0	2688.3242944817694	0.0	0	0.0	3253.9828419044206	1	0	1	2.7643748436500855
219747.2678724582	6000.0	2506.7149694463224	0.0	0	0.0	3253.982841904479	1	0	1	2.7643748436500775
220839.4920149493	6000.0	2414.4908269552247	0.0	0	0.0	3253.982841904479	1	0	1	2.7643748436500726
221720.56645301034	6000.0	2533.416388894159	0.0	0	0.0	3253.982841904508	1	0	1	2.764374843650066
222544.82004533766	6000.0	2709.162796566832	0.0	0	0.0	3253.982841904508	1	0	1	2.764374843650066
223319.653039207	6000.0	2934.329802697499	0.0	0	0.0	3253.982841904508	1	0	1	2.764374843650066
224776.90845167992	6000.0	2477.0743902246054	0.0	0	0.0	3253.982841904479	1	0	1	2.7643748436500672
226192.24964351635	6000.0	2061.733198388158	0.0	0	0.0	3253.9828419044497	1	0	1	2.764374843650078
227442.590657641	6000.0	1811.392184263503	0.0	0	0.0	3253.9828419044497	1	0	1	2.764374843650079
228293.15122971253	6000.0	1960.831612191994	0.0	0	0.0	3253.9828419044497	1	0	1	2.764374843650079
229184.84943750652	6000.0	2069.133404397986	0.0	0	0.0	3253.9828419044497	1	0	1	2.764374843650079
230008.5258144159	6000.0	2245.457027488622	0.0	0	0.0	3253.9828419044497	1	0	1	2.764374843650079
231182.82149891555	6000.0	2071.1613429889485	0.0	0	0.0	3253.9828419044497	1	0	1	2.764374843650079
231912.91819399502	6000.0	2341.0646479094826	0.0	0	0.0	3253.9828419044497	1	0	1	2.764374843650079
233097.03715219055	6000.0	2156.9456897139485	0.0	0	0.0	3253.9828419044497	1	0	1	2.764374843650079
233954.96148979972	6000.0	2299.0213521047676	0.0	0	0.0	3253.9828419044497	1	0	1	2.764374843650079
235017.8714144516	6000.0	2236.1114274529045	0.0	0	0.0	3253.9828419044206	1	0	1	2.764374843650083
236145.04278325426	6000.0	2108.9400586502315	0.0	0	0.0	3253.9828419044497	1	0	1	2.764374843650079
237218.47102544567	6000.0	2035.5118164588139	0.0	0	0.0	3253.9828419044497	1	0	1	2.764374843650079
238231.2077663293	6000.0	2022.775075575211	0.0	0	0.0	3253.9828419044497	1	0	1	2.764374843650079
239306.3455353984	6000.0	1947.6373065061134	0.0	0	0.0	3253.982841904479	1	0	1	2.7643748436500726
240370.22812439947	6000.0	1883.754717505019	0.0	0	0.0	3253.9828419044497	1	0	1	2.764374843650079
241254.2388513251	6000.0	1999.7439905794045	0.0	0	0.0	3253.9828419044497	1	0	1	2.764374843650079
242352.59392212218	6000.0	1901.3889197823028	0.0	0	0.0	3253.9828419044497	1	0	1	2.764374843650079
243506.96027469335	6000.0	1747.0225672110896	0.0	0	0.0	3253.9828419044497	1	0	1	2.764374843650079
245052.28888214924	6000.0	1201.6939597551834	0.0	0	0.0	3253.9828419044206	1	0	1	2.7643748436500815
246051.57875141394	6000.0	1202.4040904904882	0.0	0	0.0	3253.9828419043915	1	0	1	2.764374843650092
247428.0006753897	6000.0	825.9821665147267	0.0	0	0.0	3253.9828419043915	1	0	1	2.764374843650092
247821.18368529945	3000.0	1432.7991566049645	0.0	0	0.0	3253.9828419043915	1	0	1	1.3780804825302022
248724.89967360595	6000.0	1529.0831682984526	0.0	0	0.0	3253.9828419043915	1	0	1	2.071227663090147
249577.41336634124	6000.0	1676.5694755631614	0.0	0	0.0	3253.9828419043915	1	0	1	2.764374843650092
250905.65929617124	6000.0	1348.323545733203	0.0	0	0.0	3253.9828419043915	1	0	1	2.764374843650092
252052.8646009948	6000.0	1201.1182409096766	0.0	0	0.0	3253.9828419043915	1	0	1	2.764374843650092
252968.2070075909	6000.0	1285.7758343135367	0.0	0	0.0	3253.9828419043915	1	0	1	2.764374843650092
253578.82943534778	3000.0	1675.15340655663	0.0	0	0.0	3253.9828419043915	1	0	1	1.3780804825302022
254226.03345550146	3000.0	2027.9493864029778	0.0	0	0.0	3253.9828419043915	1	0	1	2.071227663090147
255221.65053260943	6000.0	2032.3323092950072	0.0	0	0.0	3253.9828419043915	1	0	1	2.071227663090147
256047.3219087288	6000.0	2206.6609331756335	0.0	0	0.0	3253.9828419043624	1	0	1	2.764374843650099
257627.33492783553	6000.0	1626.64791406891	0.0	0	0.0	3253.9828419043624	1	0	1	2.764374843650099
258835.61774325697	6000.0	1418.3650986474777	0.0	0	0.0	3253.9828419043333	1	0	1	2.7643748436501054
259726.80346820757	6000.0	1527.1793736968827	0.0	0	0.0	3253.9828419043333	1	0	1	2.7643748436501054
260502.859321607	6000.0	1751.1235202974663	0.0	0	0.0	3253.9828419043333	1	0	1	2.7643748436501054
261629.803958179	6000.0	1624.1788837254473	0.0	0	0.0	3253.982841904304	1	0	1	2.764374843650112
262588.01962170796	6000.0	1665.9632201965396	0.0	0	0.0	3253.9828419043915	1	0	1	2.764374843650099
263804.9196701715	6000.0	1449.063171732965	0.0	0	0.0	3253.9828419043333	1	0	1	2.764374843650099
264608.7874566628	6000.0	1645.1953852416375	0.0	0	0.0	3253.982841904304	1	0	1	2.7643748436501094
265103.2519451755	6000.0	2150.73089672889	0.0	0	0.0	3253.982841904246	1	0	1	2.7643748436501197
265583.06764752977	6000.0	2670.915194374637	0.0	0	0.0	3253.982841904217	1	0	1	2.7643748436501285
266200.0	6000.0	3053.982841904465	0.0	0	48.55359793268144	3253.982841904217	1	0	1	2.764374843650131
267200.0	6000.0	3053.98284190449	0.0	0	333.9065033957595	3253.982841904275	1	0	1	2.7643748436501188
268364.03819236666	6000.0	2889.9446495378374	0.0	0	0.0	3253.982841904275	1	0	1	2.7643748436501188
269205.01681077335	6000.0	3048.9660311310813	0.0	0	0.0	3253.982841904275	1	0	1	2.7643748436501188
270200.0	6000.0	3053.9828419044957	0.0	0	42.33951639919542	3253.982841904275	1	0	1	2.7643748436501188
271405.73932506307	6000.0	2848.243516841418	0.0	0	0.0	3253.982841904275	1	0	1	2.7643748436501188
272651.0792216469	6000.0	2602.9036202575803	0.0	0	0.0	3253.982841904275	1	0	1	2.7643748436501188
273423.95159614424	6000.0	2830.0312457601954	0.0	0	0.0	3253.982841904217	1	0	1	2.764374843650131
274601.5580010247	6000.0	2652.424840879774	0.0	0	0.0	3253.982841904217	1	0	1	2.764374843650131
275856.8427911771	6000.0	2397.1400507273097	0.0	0	0.0	3253.982841904275	1	0	1	2.7643748436501188
276473.7858984746	6000.0	2780.1969434298444	0.0	0	0.0	3253.9828419043333	1	0	1	2.7643748436501054
277440.53038330475	6000.0	2813.452458599716	0.0	0	0.0	3253.9828419043915	1	0	1	2.764374843650092
278235.0234338095	6000.0	3018.959408094958	0.0	0	0.0	3253.9828419043915	1	0	1	2.764374843650092
279434.06181836326	6000.0	2819.9210235412365	0.0	0	0.0	3253.9828419044497	1	0	1	2.764374843650079
280406.06015143066	6000.0	2847.92269047383	0.0	0	0.0	3253.9828419044497	1	0	1	2.764374843650079
281324.9260829529	6000.0	2929.0567589515877	0.0	0	0.0	3253.9828419044497	1	0	1	2.764374843650079
282681.9459545641	6000.0	2572.036887340434	0.0	0	0.0	3253.9828419044497	1	0	1	2.764374843650079
283546.1101939326	6000.0	2707.8726479718953	0.0	0	0.0	3253.9828419044497	1	0	1	2.764374843650079
284811.66219637636	6000.0	2442.320645528118	0.0	0	0.0	3253.9828419044497	1	0	1	2.764374843650079
286140.58594185335	6000.0	2113.3969000511674	0.0	0	0.0	3253.9828419044497	1	0	1	2.764374843650079
287735.9946844365	6000.0	1517.9881574679766	0.0	0	0.0	3253.9828419043915	1	0	1	2.7643748436500815
288516.92068426724	3000.0	1737.06215763719	0.0	0	0.0	3253.9828419044497	1	0	1	1.3780804825301889
289078.5897509539	3000.0	2175.3930909505416	0.0	0	0.0	3253.9828419044497	1	0	1	2.071227663090134
289656.0911014234	3000.0	2597.8917404810177	0.0	0	0.0	3253.9828419043915	1	0	1	2.071227663090147
290245.6095829516	3000.0	3008.3732589528054	0.0	0	0.0	3253.9828419043915	1	0	1	2.071227663090147
291200.0	3000.0	2958.543800199609	0.0	0	469.4201485129888	3158.543800199637	1	0	2	1.6838130425570699
292200.0	3000.0	2858.543800199692	0.0	0	269.24905996536836	3058.5438001996954	1	0	2	1.9049179058572914
293200.0	3000.0	2758.5438001996536	0.0	0	355.20265454187756	2958.543800199637	1	0	2	1.9233531129149954
294200.0	3000.0	2758.5438001996417	0.0	0	413.6254502215306	2958.543800199637	1	0	1	1.930124504499532
295200.0	3000.0	2758.5438001996295	0.0	0	425.84006947500166	2958.543800199637	1	0	1	2.1301245044995323
296200.0	3000.0	2758.5438001996336	0.0	0	598.9063950796262	2958.543800199637	1	0	1	2.1301245044995323
297263.29681095365	6000.0	2695.2469892460426	0.0	0	0.0	2958.543800199637	1	0	1	2.1301245044995323
298665.8598966082	6000.0	2292.683903591489	0.0	0	0.0	2958.543800199637	1	0	1	2.8232716850594777
299605.7898805196	6000.0	2352.753919680081	0.0	0	0.0	2958.5438001996954	1	0	1	2.823271685059467
300752.5045486816	6000.0	2206.039251518091	0.0	0	0.0	2958.5438001996954	1	0	1	2.823271685059467
8.21	8.18	9.36	9.43	11.4	7.61	5.21	3.17	5.82	5.75	4.24	7.3	8.0	5.5	4.74	6.58	5.71	6.51	5.36	6.35	5.6	5.35	5.33	4.62	3.89	5.29	4.97	5.68	6.32	8.09	6.02	6.17	7.33	5.92	7.61	4.43	5.68	4.75	6.81	5.54	6.46	6.07	5.13	6.51	5.51	4.82	5.13	7.1	8.38	5.66	4.83	7.51	4.31	6.24	5.29	5.17	5.03	4.48	7.29	7.98	7.14	5.41	6.51	5.1	5.02	4.77	8.05	7.26	6.53	4.3	4.33	5.87	6.8	7.37	7.48	6.23	6.35	7.22	6.5	7.14	7.73	5.62	5.47	5.72	5.33	6.07	7.81	6.52	6.96	4.98	5.02	4.76	6.21	6.64	5.51	5.43	5.4	6.43	4.69	5.54	7.74	5.27	4.74	4.44	6.92	8.93	5.79	7.26	5.69	7.7	11.9	9.64	5.68	6.67	5.82	5.24	4.76	6.94	6.99	5.4	4.91	8.66	8.38	5.85	5.19	6.72	6.48	5.66	6.28	4.86	5.29	5.24	2.84	5.36	5.4	5.1	5.46	5.69	4.39	4.95	6.85	7.05	6.29	5.4	6.0	6.83	9.48	4.73	7.11	6.49	8.21	8.18	9.36	9.43	11.4	7.61	5.21	3.17	5.82	5.75	4.24	7.3	8.0	5.5	4.74	6.58	5.71	6.51	5.36	6.35	5.6	5.35	5.33	4.62	3.89	5.29	4.97	5.68	6.32	8.09	6.02	6.17	7.33	5.92	7.61	4.43	5.68	4.75	6.81	5.54	6.46	6.07	5.13	6.51	5.51	4.82	5.13	7.1	8.38	5.66	4.83	7.51	4.31	6.24	5.29	5.17	5.03	4.48	7.29	7.98	7.14	5.41	6.51	5.1	5.02	4.77	8.05	7.26	6.53	4.3	4.33	5.87	6.8	7.37	7.48	6.23	6.35	7.22	6.5	7.14	7.73	5.62	5.47	5.72	5.33	6.07	7.81	6.52	6.96	4.98	5.02	4.76	6.21	6.64	5.51	5.43	5.4	6.43	4.69	5.54	7.74	5.27	4.74	4.44	6.92	8.93	5.79	7.26	5.69	7.7	11.9	9.64	5.68	6.67	5.82	5.24	4.76	6.94	6.99	5.4	4.91	8.66	8.38	5.85	5.19	6.72	6.48	5.66	6.28	4.86	5.29	5.24	2.84	5.36	5.4	5.1	5.46	5.69	4.39	4.95	6.85	7.05	6.29	5.4	6.0	6.83	9.48	4.73	7.11	6.49
1.0	2.0	3.0	4.0	5.0	6.0	7.0	8.0	9.0	10.0	11.0	12.0	13.0	14.0	15.0	16.0	17.0	18.0	19.0	20.0	21.0	22.0	23.0	24.0	25.0	26.0	27.0	28.0	29.0	30.0	31.0	32.0	33.0	34.0	35.0	36.0	37.0	38.0	39.0	40.0	41.0	42.0	43.0	44.0	45.0	46.0	47.0	48.0	49.0	50.0	51.0	52.0	53.0	54.0	55.0	56.0	57.0	58.0	59.0	60.0	61.0	62.0	63.0	64.0	65.0	66.0	67.0	68.0	69.0	70.0	71.0	72.0	73.0	74.0	75.0	76.0	77.0	78.0	79.0	80.0	81.0	82.0	83.0	84.0	85.0	86.0	87.0	88.0	89.0	90.0	91.0	92.0	93.0	94.0	95.0	96.0	97.0	98.0	99.0	100.0	101.0	102.0	103.0	104.0	105.0	106.0	107.0	108.0	109.0	110.0	111.0	112.0	113.0	114.0	115.0	116.0	117.0	118.0	119.0	120.0	121.0	122.0	123.0	124.0	125.0	126.0	127.0	128.0	129.0	130.0	131.0	132.0	133.0	134.0	135.0	136.0	137.0	138.0	139.0	140.0	141.0	142.0	143.0	144.0	145.0	146.0	147.0	148.0	149.0	149.0	150.0	151.0	152.0	153.0	154.0	155.0	156.0	157.0	158.0	159.0	160.0	161.0	162.0	163.0	164.0	165.0	166.0	167.0	168.0	169.0	170.0	171.0	172.0	173.0	174.0	175.0	176.0	177.0	178.0	179.0	180.0	181.0	182.0	183.0	184.0	185.0	186.0	187.0	188.0	189.0	190.0	191.0	192.0	193.0	194.0	195.0	196.0	197.0	198.0	199.0	200.0	201.0	202.0	203.0	204.0	205.0	206.0	207.0	208.0	209.0	210.0	211.0	212.0	213.0	214.0	215.0	216.0	217.0	218.0	219.0	220.0	221.0	222.0	223.0	224.0	225.0	226.0	227.0	228.0	229.0	230.0	231.0	232.0	233.0	234.0	235.0	236.0	237.0	238.0	239.0	240.0	241.0	242.0	243.0	244.0	245.0	246.0	247.0	248.0	249.0	250.0	251.0	252.0	253.0	254.0	255.0	256.0	257.0	258.0	259.0	260.0	261.0	262.0	263.0	264.0	265.0	266.0	267.0	268.0	269.0	270.0	271.0	272.0	273.0	274.0	275.0	276.0	277.0	278.0	279.0	280.0	281.0	282.0	283.0	284.0	285.0	286.0	287.0	288.0	289.0	290.0	291.0	292.0	293.0	294.0	295.0	296.0	297.0	298.0	298.0
5690.592653038685
