2954.6133785012967	300.0	2000.0	109.22969280573555	0	0.0	2954.6133785012967	1	0	1	-0.8237389354784548
3200.0	300.0	2754.613378501297	0.0	0	161.08298938474354	2954.613378501297	1	0	1	-0.1717777657844013
4200.0	300.0	2754.613378501297	0.0	0	872.8859535076117	2954.613378501297	1	0	1	-0.17177776578440132
5200.0	500.0	2754.6133785012976	0.0	0	814.5873195619379	2954.613378501297	1	0	1	-0.17177776578440124
6200.0	500.0	2754.613378501298	0.0	0	738.7270810495475	2954.6133785012976	1	0	1	0.3390478579815895
7200.0	500.0	2754.613378501297	0.0	0	862.3088617368239	2954.613378501297	1	0	1	0.3390478579815895
8200.0	500.0	2754.613378501298	0.0	0	835.5411981509969	2954.613378501298	1	0	1	0.3390478579815893
9200.0	1000.0	2754.6133785013003	0.0	0	710.805943779209	2954.6133785013	1	0	1	0.3390478579815893
10200.0	2000.0	2754.6133785013008	0.0	0	143.1470870018493	2954.613378501298	1	0	1	1.0321950385415346
11281.103699735184	3000.0	2673.5096787661164	0.0	0	0.0	2954.613378501297	1	0	1	1.7253422191014804
12200.0	3000.0	2754.6133785012985	0.0	0	206.98232162297427	2954.613378501297	1	0	1	2.1308073272096446
13478.916048358487	3000.0	2475.697330142811	0.0	0	0.0	2954.613378501297	1	0	1	2.1308073272096446
14606.744039419622	3000.0	2235.0865399755594	0.0	0	0.0	2841.830579395182	1	0	2	1.7444488558866391
15885.63630812673	3000.0	1828.305044397739	0.0	0	0.0	2713.941352524469	1	0	2	1.963905613180301
16849.9486303227	3000.0	1863.9927222017725	0.0	0	0.0	2713.9413525244727	1	0	1	1.968265310988099
17772.325701485974	3000.0	1941.6156510384978	0.0	0	0.0	2713.9413525244745	1	0	1	2.1682653109880996
19168.588171152925	3000.0	1545.3531813715465	0.0	0	0.0	2713.9413525244745	1	0	1	2.1682653109880996
20856.316021010232	3000.0	688.8525465285088	0.0	0	0.0	2545.1685675387416	1	0	2	1.7838869272646063
21733.250321115524	3000.0	811.9182464232201	0.0	0	0.0	2545.1685675387416	1	0	1	1.989975178003489
22575.928437874038	3000.0	969.2401296647066	0.0	0	0.0	2545.1685675387416	1	0	1	2.1899751780034893
23321.30576187767	3000.0	1223.862805661075	0.0	0	0.0	2545.1685675387416	1	0	1	2.1899751780034893
24124.352775364892	3000.0	1420.8157921738534	0.0	0	0.0	2545.168567538738	1	0	1	2.1899751780034897
24847.356734639536	3000.0	1697.8118328992114	0.0	0	0.0	2545.168567538738	1	0	1	2.1899751780034897
25865.729814805327	3000.0	1679.4387527334206	0.0	0	0.0	2545.168567538738	1	0	1	2.1899751780034897
26706.193741882496	3000.0	1838.974825656247	0.0	0	0.0	2545.168567538738	1	0	1	2.1899751780034897
27447.405834956346	3000.0	2097.762732582394	0.0	0	0.0	2545.1685675387344	1	0	1	2.18997517800349
28302.848250202063	3000.0	2242.320317336675	0.0	0	0.0	2545.1685675387344	1	0	1	2.18997517800349
29474.582558572532	3000.0	2070.5860089662046	0.0	0	0.0	2545.1685675387307	1	0	1	2.1899751780034906
31018.45495287126	3000.0	1526.7136146674754	0.0	0	0.0	2545.168567538727	1	0	1	2.189975178003491
31878.443413932226	3000.0	1666.7251536065112	0.0	0	0.0	2545.168567538727	1	0	1	2.189975178003491
32500.9976174692	3000.0	2044.170950069541	0.0	0	0.0	2545.168567538727	1	0	1	2.189975178003491
33228.4968731054	3000.0	2316.671694433341	0.0	0	0.0	2545.1685675387344	1	0	1	2.1899751780034906
34274.713564818354	3000.0	2270.455002720393	0.0	0	0.0	2545.1685675387344	1	0	1	2.1899751780034906
35200.0	3000.0	2345.1685675387466	0.0	0	216.8679685918687	2545.1685675387344	1	0	1	2.18997517800349
36238.96299117893	3000.0	2306.205576359821	0.0	0	0.0	2545.1685675387344	1	0	1	2.18997517800349
37200.0	3000.0	2345.168567538759	0.0	0	9.748848570103291	2545.1685675387344	1	0	1	2.18997517800349
38200.0	3000.0	2345.168567538753	0.0	0	303.33041089685867	2545.168567538727	1	0	1	2.189975178003491
39200.0	3000.0	2345.168567538748	0.0	0	177.70479971785971	2545.168567538727	1	0	1	2.189975178003491
40200.0	3000.0	2345.168567538752	0.0	0	183.94923828977335	2545.168567538727	1	0	1	2.189975178003491
41200.0	3000.0	2345.16856753875	0.0	0	327.57061322066875	2545.16856753872	1	0	1	2.189975178003492
42200.0	3000.0	2345.1685675387407	0.0	0	303.2415544330361	2545.16856753872	1	0	1	2.189975178003492
43200.0	3000.0	2345.168567538744	0.0	0	345.1131072208955	2545.16856753872	1	0	1	2.189975178003492
44225.73941869527	3000.0	2319.4291488434674	0.0	0	0.0	2545.16856753872	1	0	1	2.189975178003492
45338.38949721897	3000.0	2206.779070319775	0.0	0	0.0	2545.16856753872	1	0	1	2.189975178003492
46200.0	3000.0	2345.1685675387403	0.0	0	158.4106479132679	2545.168567538727	1	0	1	2.189975178003491
47200.0	3000.0	2345.168567538739	0.0	0	291.94839586793387	2545.168567538727	1	0	1	2.189975178003491
48200.0	3000.0	2345.1685675387403	0.0	0	274.2443921239901	2545.16856753872	1	0	1	2.189975178003492
49200.0	3000.0	2345.168567538747	0.0	0	368.15176398210315	2545.16856753872	1	0	1	2.189975178003492
50200.0	3000.0	2345.168567538746	0.0	0	252.28935755173734	2545.16856753872	1	0	1	2.189975178003492
51331.29554592855	3000.0	2213.873021610193	0.0	0	0.0	2545.16856753872	1	0	1	2.189975178003492
52200.0	3000.0	2345.1685675387425	0.0	0	15.464826388240908	2545.1685675387125	1	0	1	2.1899751780034924
53200.0	3000.0	2345.1685675387457	0.0	0	186.65609599402524	2545.1685675387125	1	0	1	2.1899751780034924
54200.0	3000.0	2345.168567538747	0.0	0	139.10943529030192	2545.16856753872	1	0	1	2.189975178003492
55200.0	3000.0	2345.1685675387525	0.0	0	123.30365852328396	2545.16856753872	1	0	1	2.189975178003492
56200.0	3000.0	2345.1685675387453	0.0	0	127.81863974633598	2545.16856753872	1	0	1	2.189975178003492
57200.0	3000.0	2345.1685675387434	0.0	0	258.2852739360387	2545.1685675387125	1	0	1	2.1899751780034924
58200.0	3000.0	2345.168567538738	0.0	0	137.84222726037115	2545.1685675387125	1	0	1	2.1899751780034924
59200.0	3000.0	2345.1685675387403	0.0	0	383.78272155174636	2545.1685675387125	1	0	1	2.1899751780034924
60259.48493849091	3000.0	2285.683629047841	0.0	0	0.0	2545.1685675387125	1	0	1	2.1899751780034924
61253.12475514517	3000.0	2292.0438123935937	0.0	0	0.0	2545.1685675387125	1	0	1	2.1899751780034924
62302.24912140387	3000.0	2242.9194461348925	0.0	0	0.0	2545.1685675387125	1	0	1	2.1899751780034924
63277.260991911215	3000.0	2267.9075756275433	0.0	0	0.0	2545.1685675387125	1	0	1	2.1899751780034924
64200.0	3000.0	2345.1685675387603	0.0	0	111.99099841449788	2545.1685675387052	1	0	1	2.1899751780034937
65200.0	3000.0	2345.1685675387607	0.0	0	85.15487536948058	2545.1685675387052	1	0	1	2.1899751780034937
66200.0	3000.0	2345.168567538765	0.0	0	396.3797429425467	2545.1685675387052	1	0	1	2.1899751780034937
67200.0	3000.0	2345.1685675387703	0.0	0	188.25091181363678	2545.1685675387052	1	0	1	2.189975178003493
68200.0	3000.0	2245.168567538768	0.0	0	197.6935493406345	2445.168567538698	1	0	2	1.7973475853928176
69200.0	3000.0	2245.1685675387794	0.0	0	85.17304594219604	2445.168567538698	1	0	1	2.0013086522007897
70251.24406182482	3000.0	2193.9245057139615	0.0	0	0.0	2445.168567538698	1	0	1	2.20130865220079
71367.34156167615	3000.0	2077.827005862636	0.0	0	0.0	2445.1685675387125	1	0	1	2.201308652200788
72200.0	3000.0	2245.168567538782	0.0	0	120.33788995648501	2445.1685675387125	1	0	1	2.201308652200788
73259.50705440206	3000.0	2185.6615131367116	0.0	0	0.0	2445.1685675387125	1	0	1	2.201308652200788
74200.0	3000.0	2245.1685675387753	0.0	0	333.5641806717176	2445.1685675387125	1	0	1	2.201308652200788
75200.0	3000.0	2145.168567538783	0.0	0	226.51538190388237	2345.168567538698	1	0	2	1.8080014451181121
76200.0	3000.0	2145.168567538797	0.0	0	352.04692254304246	2345.1685675387125	1	0	1	2.011620850758124
77699.06717314129	3000.0	1646.1013943975086	0.0	0	0.0	2345.1685675387125	1	0	1	2.2116208507581243
78595.45983051979	3000.0	1749.7087370190063	0.0	0	0.0	2345.1685675387125	1	0	1	2.2116208507581243
79555.33970901347	3000.0	1789.8288585253395	0.0	0	0.0	2345.1685675387125	1	0	1	2.2116208507581243
80410.11933066409	3000.0	1935.0492368747148	0.0	0	0.0	2345.1685675387125	1	0	1	2.2116208507581243
81200.0	3000.0	2145.168567538804	0.0	0	177.37791147585085	2345.168567538727	1	0	1	2.211620850758123
82200.0	3000.0	2145.1685675387926	0.0	0	158.41864458365308	2345.1685675387125	1	0	1	2.2116208507581243
83200.0	3000.0	2145.168567538793	0.0	0	232.52317634619249	2345.1685675387125	1	0	1	2.2116208507581243
84200.0	3000.0	2145.1685675388	0.0	0	258.3357494108641	2345.1685675387125	1	0	1	2.2116208507581243
85200.0	3000.0	2145.1685675388057	0.0	0	150.48447427620704	2345.168567538727	1	0	1	2.211620850758123
86221.62882846198	3000.0	2123.5397390768258	0.0	0	0.0	2345.168567538727	1	0	1	2.211620850758123
87200.0	3000.0	2145.168567538806	0.0	0	120.88704130229598	2345.168567538727	1	0	1	2.211620850758123
88200.0	3000.0	2145.1685675388067	0.0	0	232.97808288488886	2345.168567538727	1	0	1	2.211620850758123
89200.0	3000.0	2145.1685675388007	0.0	0	310.94129262190836	2345.168567538727	1	0	1	2.211620850758123
90200.0	3000.0	2145.168567538804	0.0	0	9.791496839228785	2345.1685675387125	1	0	1	2.2116208507581243
91200.0	3000.0	2145.168567538791	0.0	0	398.0750880770938	2345.168567538698	1	0	1	2.2116208507581256
92214.9536094473	3000.0	2130.214958091489	0.0	0	0.0	2345.1685675386834	1	0	1	2.211620850758127
93200.0	3000.0	2145.168567538786	0.0	0	72.74997404449095	2345.1685675386834	1	0	1	2.211620850758127
94200.0	3000.0	2145.168567538785	0.0	0	157.7010937998857	2345.1685675386834	1	0	1	2.211620850758127
95200.0	3000.0	2145.1685675387753	0.0	0	329.5078227861086	2345.1685675386834	1	0	1	2.211620850758127
96200.0	3000.0	2145.1685675387835	0.0	0	327.51716836882406	2345.168567538669	1	0	1	2.211620850758128
97200.0	3000.0	2145.168567538792	0.0	0	71.95922856872494	2345.168567538669	1	0	1	2.2116208507581288
98200.0	3000.0	2145.16856753881	0.0	0	418.9251742606284	2345.168567538669	1	0	1	2.2116208507581288
99200.0	3000.0	2145.168567538829	0.0	0	221.08194657819695	2345.1685675386834	1	0	1	2.211620850758127
100200.0	3000.0	2145.1685675388294	0.0	0	37.464837578852894	2345.1685675386834	1	0	1	2.211620850758127
101200.0	3000.0	2145.168567538827	0.0	0	207.6070298175182	2345.168567538698	1	0	1	2.2116208507581256
102325.50565787946	3000.0	2019.6629096593704	0.0	0	0.0	2345.1685675387125	1	0	1	2.2116208507581243
103415.47827300725	3000.0	1929.6902945315812	0.0	0	0.0	2345.1685675387125	1	0	1	2.2116208507581243
104200.0	3000.0	2145.1685675388444	0.0	0	110.67438292554289	2345.1685675387125	1	0	1	2.2116208507581243
105442.81378014859	3000.0	1902.3547873902664	0.0	0	0.0	2345.1685675387125	1	0	1	2.2116208507581243
106223.82722266453	3000.0	2121.341344874315	0.0	0	0.0	2345.1685675387125	1	0	1	2.2116208507581243
107200.0	3000.0	2145.168567538846	0.0	0	55.54032696639479	2345.1685675387125	1	0	1	2.2116208507581243
108200.0	3000.0	2145.168567538848	0.0	0	79.41017663478851	2345.1685675387125	1	0	1	2.2116208507581243
109295.19827700322	3000.0	2049.9702905356326	0.0	0	0.0	2345.1685675387125	1	0	1	2.2116208507581243
110200.0	3000.0	2145.168567538846	0.0	0	86.15271765548096	2345.1685675387125	1	0	1	2.2116208507581243
111200.0	3000.0	2145.1685675388326	0.0	0	238.67649119283305	2345.1685675387125	1	0	1	2.2116208507581243
112200.0	3000.0	2145.1685675388308	0.0	0	506.34330007799144	2345.168567538698	1	0	1	2.2116208507581256
113200.0	3000.0	2145.1685675388408	0.0	0	187.00205404218286	2345.168567538698	1	0	1	2.2116208507581256
114200.0	3000.0	2145.168567538837	0.0	0	131.26602992322296	2345.168567538698	1	0	1	2.2116208507581256
115200.0	3000.0	2145.1685675388394	0.0	0	275.64916453219485	2345.168567538698	1	0	1	2.2116208507581256
116233.05876662004	3000.0	2112.109800918767	0.0	0	0.0	2345.1685675386834	1	0	1	2.211620850758127
117208.74824508757	3000.0	2136.4203224512457	0.0	0	0.0	2345.1685675386834	1	0	1	2.211620850758127
118200.0	3000.0	2145.1685675388244	0.0	0	49.620011840044754	2345.1685675386834	1	0	1	2.211620850758127
119200.0	3000.0	2145.1685675388276	0.0	0	239.60672489349963	2345.1685675386834	1	0	1	2.211620850758127
120200.0	3000.0	2145.1685675388308	0.0	0	342.971437663844	2345.168567538698	1	0	1	2.2116208507581256
121200.0	3000.0	2145.168567538829	0.0	0	254.02367839223007	2345.168567538698	1	0	1	2.2116208507581256
122200.0	3000.0	2145.1685675388276	0.0	0	329.77759683197655	2345.168567538698	1	0	1	2.2116208507581256
123200.0	3000.0	2145.1685675388217	0.0	0	271.65663757191214	2345.168567538698	1	0	1	2.2116208507581256
124200.0	3000.0	2145.168567538816	0.0	0	294.5851930411591	2345.168567538698	1	0	1	2.2116208507581256
125200.0	3000.0	2145.1685675388253	0.0	0	321.1697436844843	2345.1685675387125	1	0	1	2.2116208507581243
126200.0	3000.0	2145.168567538822	0.0	0	92.52962989553635	2345.1685675387125	1	0	1	2.2116208507581243
127200.0	3000.0	2145.168567538827	0.0	0	421.521210002742	2345.1685675387125	1	0	1	2.2116208507581243
128200.0	3000.0	2145.168567538834	0.0	0	208.92901636120223	2345.168567538727	1	0	1	2.211620850758123
129200.0	3000.0	2145.168567538836	0.0	0	400.1960928963963	2345.168567538727	1	0	1	2.211620850758123
130200.0	3000.0	2045.1685675388267	0.0	0	263.5767672795773	2245.168567538727	1	0	2	1.8177560617702728
131200.0	3000.0	2045.168567538839	0.0	0	95.39477482622897	2245.168567538727	1	0	1	2.020998958781725
132200.0	3000.0	2045.1685675388344	0.0	0	240.31809670687653	2245.168567538727	1	0	1	2.2209989587817267
133200.0	3000.0	2045.1685675388426	0.0	0	63.5821409895143	2245.168567538727	1	0	1	2.2209989587817263
134200.0	3000.0	2045.1685675388408	0.0	0	281.5015805698058	2245.168567538727	1	0	1	2.2209989587817254
135300.17668247785	3000.0	1944.9918850610206	0.0	0	0.0	2245.168567538727	1	0	1	2.2209989587817254
136363.73884676408	3000.0	1881.4297207747923	0.0	0	0.0	2245.168567538727	1	0	1	2.2209989587817254
137200.0	3000.0	2045.1685675388917	0.0	0	65.96863125311211	2245.168567538727	1	0	1	2.2209989587817254
138200.0	3000.0	2045.1685675389263	0.0	0	7.2965372589824256	2245.168567538727	1	0	1	2.2209989587817254
139200.0	3000.0	1945.1685675389126	0.0	0	217.14790310931858	2145.168567538698	1	0	2	1.8265653097341676
140200.0	3000.0	1945.1685675388753	0.0	0	88.74895992479287	2145.168567538698	1	0	1	2.029523583333936
141200.0	3000.0	1945.1685675388626	0.0	0	397.73734424533905	2145.168567538727	1	0	1	2.2295235833339335
142200.0	3000.0	1945.1685675388703	0.0	0	219.43875665066298	2145.168567538727	1	0	1	2.2295235833339335
143296.3568177233	3000.0	1848.8117498155527	0.0	0	0.0	2145.168567538727	1	0	1	2.2295235833339335
144200.0	3000.0	1945.1685675388774	0.0	0	59.65732297519571	2145.168567538727	1	0	1	2.2295235833339335
145200.0	3000.0	1945.168567538821	0.0	0	131.0891985486669	2145.168567538727	1	0	1	2.2295235833339335
146200.0	3000.0	1945.1685675388444	0.0	0	156.64362009518663	2145.168567538727	1	0	1	2.2295235833339335
147200.0	3000.0	1945.1685675388467	0.0	0	201.24465730413795	2145.168567538727	1	0	1	2.2295235833339335
148200.0	3000.0	1945.1685675388303	0.0	0	57.88083965983242	2145.168567538727	1	0	1	2.2295235833339335
149200.0	3000.0	1945.1685675388044	0.0	0	71.37909088903689	2145.168567538727	1	0	1	2.2295235833339335
150200.0	3000.0	1945.168567538787	0.0	0	54.71151236744481	2145.168567538727	1	0	1	2.2295235833339335
151200.0	3000.0	1945.1685675387696	0.0	0	2.1261846211273223	2145.168567538727	1	0	1	2.2295235833339335
152304.8265517885	3000.0	1840.3420157502821	0.0	0	0.0	2145.168567538698	1	0	1	2.229523583333936
153200.0	3000.0	1945.1685675387716	0.0	0	260.65468706015963	2145.168567538698	1	0	1	2.229523583333936
154270.95088161033	3000.0	1874.217685928459	0.0	0	0.0	2145.168567538698	1	0	1	2.229523583333936
155200.0	3000.0	1945.1685675387807	0.0	0	35.70935124187963	2145.168567538727	1	0	1	2.2295235833339335
156200.0	3000.0	1945.1685675387594	0.0	0	373.2033320419141	2145.168567538698	1	0	1	2.229523583333936
157200.0	3000.0	1945.1685675387637	0.0	0	37.39121157792397	2145.168567538698	1	0	1	2.229523583333936
158337.78865797646	3000.0	1807.3799095623247	0.0	0	0.0	2145.168567538698	1	0	1	2.229523583333936
159200.0	3000.0	1945.168567538749	0.0	0	9.500868915376486	2145.168567538698	1	0	1	2.229523583333936
160200.0	3000.0	1945.1685675387043	0.0	0	150.32953662375803	2145.168567538698	1	0	1	2.229523583333936
161402.24672107087	3000.0	1742.9218464678302	0.0	0	0.0	2145.168567538698	1	0	1	2.229523583333936
162540.6024261909	3000.0	1604.5661413477947	0.0	0	0.0	2145.168567538698	1	0	1	2.229523583333936
163532.3186035866	3000.0	1612.8499639520965	0.0	0	0.0	2145.168567538727	1	0	1	2.2295235833339335
164668.36839403777	3000.0	1476.8001735009127	0.0	0	0.0	2145.168567538727	1	0	1	2.2295235833339335
165507.3762298126	3000.0	1637.7923377261131	0.0	0	0.0	2145.168567538727	1	0	1	2.2295235833339335
166449.86547892803	3000.0	1695.3030886106753	0.0	0	0.0	2145.168567538727	1	0	1	2.2295235833339335
167659.61068638423	3000.0	1485.5578811544872	0.0	0	0.0	2145.168567538727	1	0	1	2.2295235833339335
169304.10316144262	3000.0	841.065406096109	0.0	0	0.0	2145.168567538698	1	0	1	2.229523583333935
170210.08788631385	2000.0	935.0806812248597	0.0	0	0.0	2145.168567538669	1	0	1	1.418593367117609
170693.83212133497	2000.0	1451.3364462037232	0.0	0	0.0	2145.1685675386398	1	0	1	1.824058475225776
171415.34507658775	3000.0	1729.8234909509335	0.0	0	0.0	2145.1685675386398	1	0	1	1.8240584752257762
172213.69943884967	3000.0	1931.469128689014	0.0	0	0.0	2145.1685675386107	1	0	1	2.229523583333943
173200.0	3000.0	1945.168567538698	0.0	0	222.41479799849913	2145.1685675386107	1	0	1	2.229523583333943
174200.0	3000.0	1945.1685675386498	0.0	0	282.42426266672555	2145.1685675386107	1	0	1	2.229523583333943
175200.0	3000.0	1945.1685675386452	0.0	0	256.3809234139917	2145.1685675386107	1	0	1	2.229523583333943
176200.0	3000.0	1945.1685675386516	0.0	0	297.2001683411072	2145.1685675386107	1	0	1	2.229523583333943
177200.0	3000.0	1945.1685675386643	0.0	0	410.005754904676	2145.1685675386107	1	0	1	2.229523583333943
178420.8049881045	3000.0	1724.3635794342015	0.0	0	0.0	2145.1685675386107	1	0	1	2.229523583333943
179517.86071955776	3000.0	1627.3078479809594	0.0	0	0.0	2145.1685675386107	1	0	1	2.229523583333943
180758.25718366625	3000.0	1386.911383872477	0.0	0	0.0	2145.1685675386107	1	0	1	2.229523583333943
181453.9580258301	3000.0	1691.210541708627	0.0	0	0.0	2145.1685675386107	1	0	1	2.229523583333943
182546.41617589255	3000.0	1598.752391646211	0.0	0	0.0	2145.1685675386107	1	0	1	2.229523583333943
183696.21044760384	3000.0	1448.9581199349116	0.0	0	0.0	2145.1685675386107	1	0	1	2.229523583333943
184755.05377719278	3000.0	1390.1147903459896	0.0	0	0.0	2145.1685675385816	1	0	1	2.2295235833339455
185411.05760665896	3000.0	1734.1109608798065	0.0	0	0.0	2145.1685675385816	1	0	1	2.2295235833339455
186323.60972702215	3000.0	1821.558840516624	0.0	0	0.0	2145.1685675385816	1	0	1	2.2295235833339455
187200.0	3000.0	1945.1685675387243	0.0	0	31.36149282232509	2145.1685675385816	1	0	1	2.2295235833339455
188200.0	3000.0	1945.1685675387243	0.0	0	29.648128593194997	2145.1685675385816	1	0	1	2.2295235833339455
189200.0	3000.0	1945.1685675387357	0.0	0	14.828424789506244	2145.1685675385816	1	0	1	2.2295235833339455
190223.95577340107	3000.0	1921.2127941376532	0.0	0	0.0	2145.1685675385525	1	0	1	2.2295235833339477
191200.0	3000.0	1945.1685675387298	0.0	0	191.04061421897495	2145.1685675385525	1	0	1	2.2295235833339477
192200.0	3000.0	1945.1685675387223	0.0	0	115.24137744912878	2145.1685675385525	1	0	1	2.2295235833339477
193200.0	3000.0	1945.1685675387396	0.0	0	303.4237734589842	2145.1685675385233	1	0	1	2.2295235833339504
194200.0	3000.0	1945.1685675387653	0.0	0	206.3798481784179	2145.1685675385233	1	0	1	2.2295235833339504
195200.0	3000.0	1945.1685675387864	0.0	0	11.879406539694173	2145.1685675385525	1	0	1	2.2295235833339477
196200.0	3000.0	1945.168567538772	0.0	0	97.23192667681724	2145.1685675385525	1	0	1	2.2295235833339477
197200.0	3000.0	1945.1685675387635	0.0	0	251.46150925839902	2145.1685675385525	1	0	1	2.2295235833339477
198200.0	3000.0	1945.168567538786	0.0	0	192.3225474470819	2145.1685675385525	1	0	1	2.2295235833339477
199200.0	3000.0	1945.1685675387616	0.0	0	347.997980447195	2145.1685675385525	1	0	1	2.2295235833339477
200220.89037432455	3000.0	1924.2781932142266	0.0	0	0.0	2145.1685675385816	1	0	1	2.229523583333946
201200.0	3000.0	1945.1685675387996	0.0	0	54.86902352573816	2145.1685675385816	1	0	1	2.2295235833339455
202323.066609592	3000.0	1822.1019579468152	0.0	0	0.0	2145.1685675385816	1	0	1	2.2295235833339455
203200.0	3000.0	1945.168567538834	0.0	0	206.3538397027587	2145.1685675385525	1	0	1	2.229523583333947
204230.34299009896	3000.0	1914.8255774398863	0.0	0	0.0	2145.1685675385816	1	0	1	2.229523583333946
205616.47179322335	3000.0	1528.6967743155144	0.0	0	0.0	2145.1685675385816	1	0	1	2.2295235833339455
206333.25639466412	3000.0	1811.9121728747507	0.0	0	0.0	2145.1685675385816	1	0	1	2.2295235833339455
207200.0	3000.0	1945.1685675388421	0.0	0	221.90832656697603	2145.1685675385816	1	0	1	2.2295235833339455
208200.0	3000.0	1945.168567538852	0.0	0	223.41238053757115	2145.1685675385816	1	0	1	2.2295235833339455
209200.0	3000.0	1945.1685675388749	0.0	0	23.082942612934858	2145.1685675386107	1	0	1	2.2295235833339437
210360.19594407233	3000.0	1784.9726234665454	0.0	0	0.0	2145.1685675386107	1	0	1	2.229523583333943
211287.45508570923	3000.0	1857.7134818296502	0.0	0	0.0	2145.1685675385816	1	0	1	2.2295235833339455
212430.77527187293	3000.0	1714.393295665951	0.0	0	0.0	2145.1685675385816	1	0	1	2.2295235833339455
213398.68505873595	3000.0	1746.483508802951	0.0	0	0.0	2145.1685675385816	1	0	1	2.2295235833339455
214307.43120403885	3000.0	1837.7373635000486	0.0	0	0.0	2145.1685675386107	1	0	1	2.229523583333943
215329.81716370952	3000.0	1815.3514038293972	0.0	0	0.0	2145.1685675385816	1	0	1	2.229523583333945
216200.0	3000.0	1945.1685675389126	0.0	0	206.73388850479387	2145.1685675385816	1	0	1	2.2295235833339455
217200.0	3000.0	1945.1685675389356	0.0	0	268.72541129073943	2145.1685675385816	1	0	1	2.2295235833339455
218200.0	3000.0	1945.168567538929	0.0	0	301.1590409253258	2145.1685675385816	1	0	1	2.2295235833339455
219200.0	3000.0	1945.1685675389156	0.0	0	15.43876460447791	2145.1685675385816	1	0	1	2.2295235833339455
220321.24779489456	3000.0	1823.920772644378	0.0	0	0.0	2145.1685675385816	1	0	1	2.2295235833339455
221279.33871842292	3000.0	1865.829849116019	0.0	0	0.0	2145.1685675385816	1	0	1	2.2295235833339455
222200.0	3000.0	1945.1685675389347	0.0	0	16.838505507766968	2145.1685675385816	1	0	1	2.2295235833339455
223200.0	3000.0	1945.1685675389285	0.0	0	15.854080421151593	2145.1685675385816	1	0	1	2.2295235833339455
224200.0	3000.0	1945.1685675389174	0.0	0	81.77157036410063	2145.1685675385233	1	0	1	2.2295235833339495
225200.0	3000.0	1945.1685675389258	0.0	0	100.64474723336753	2145.1685675385233	1	0	1	2.2295235833339504
226308.38475598546	3000.0	1836.7838115534644	0.0	0	0.0	2145.1685675385233	1	0	1	2.2295235833339504
227200.0	3000.0	1945.1685675389322	0.0	0	89.6724355519691	2145.1685675384942	1	0	1	2.2295235833339526
228200.0	3000.0	1945.1685675389394	0.0	0	321.47062863840256	2145.1685675385233	1	0	1	2.2295235833339504
229271.13063566014	3000.0	1874.0379318787893	0.0	0	0.0	2145.1685675385525	1	0	1	2.229523583333948
230200.0	3000.0	1945.1685675389479	0.0	0	76.97384979162598	2145.1685675385525	1	0	1	2.2295235833339477
231200.0	3000.0	1945.1685675389572	0.0	0	398.91133921430446	2145.1685675385525	1	0	1	2.2295235833339477
232286.6266773893	3000.0	1858.541890149676	0.0	0	0.0	2145.1685675385525	1	0	1	2.229523583333948
233326.20986769794	3000.0	1818.958699841043	0.0	0	0.0	2145.1685675385525	1	0	1	2.2295235833339477
234200.0	3000.0	1945.1685675389772	0.0	0	286.07514914296917	2145.1685675385525	1	0	1	2.2295235833339477
235200.0	3000.0	1945.1685675390004	0.0	0	194.80983940378064	2145.1685675385525	1	0	1	2.2295235833339477
236298.8310346724	3000.0	1846.3375328666075	0.0	0	0.0	2145.1685675385525	1	0	1	2.2295235833339477
237200.0	3000.0	1945.1685675389606	0.0	0	4.451642346684821	2145.1685675385525	1	0	1	2.2295235833339477
238200.0	3000.0	1945.168567538977	0.0	0	152.40606327698333	2145.1685675385525	1	0	1	2.2295235833339477
239242.38992591467	3000.0	1902.7786416243125	0.0	0	0.0	2145.1685675385525	1	0	1	2.2295235833339477
240279.23471868216	3000.0	1865.933848856807	0.0	0	0.0	2145.1685675385525	1	0	1	2.2295235833339477
241200.0	3000.0	1945.1685675389642	0.0	0	297.74958195650834	2145.1685675385525	1	0	1	2.2295235833339477
242408.2834781693	3000.0	1736.8850893696717	0.0	0	0.0	2145.1685675385525	1	0	1	2.2295235833339477
243268.88328816212	3000.0	1876.285279376859	0.0	0	0.0	2145.1685675385816	1	0	1	2.2295235833339455
244200.0	3000.0	1945.1685675389872	0.0	0	180.99239925903385	2145.1685675385816	1	0	1	2.2295235833339455
245200.0	3000.0	1845.1685675389826	0.0	0	322.7274355775153	2045.1685675385816	1	0	2	1.8344408953638505
246200.0	3000.0	1845.1685675390418	0.0	0	65.44997440237785	2045.1685675386107	1	0	1	2.037269091412152
247200.0	3000.0	1845.168567539032	0.0	0	332.57347669504816	2045.1685675386107	1	0	1	2.237269091412152
248200.0	3000.0	1845.1685675390586	0.0	0	268.78804451599717	2045.1685675386107	1	0	1	2.237269091412151
249200.0	3000.0	1845.168567539072	0.0	0	172.03910585783888	2045.1685675386107	1	0	1	2.237269091412152
250339.99259944793	3000.0	1705.1759680911587	0.0	0	0.0	2045.1685675386398	1	0	1	2.2372690914121494
251399.00418357557	3000.0	1646.1643839635003	0.0	0	0.0	2045.1685675386398	1	0	1	2.2372690914121494
252200.0	3000.0	1845.1685675390759	0.0	0	84.86451351147844	2045.1685675386689	1	0	1	2.2372690914121476
253200.0	3000.0	1845.1685675390693	0.0	0	332.39930393573013	2045.1685675386689	1	0	1	2.2372690914121476
254427.41639290252	3000.0	1617.7521746365953	0.0	0	0.0	2045.1685675386689	1	0	1	2.2372690914121476
255410.7739699047	3000.0	1634.3945976344442	0.0	0	0.0	2045.1685675386689	1	0	1	2.2372690914121476
256318.95871858817	3000.0	1726.2098489509885	0.0	0	0.0	2045.1685675386398	1	0	1	2.2372690914121494
257200.0	3000.0	1845.1685675391482	0.0	0	50.10407542902976	2045.1685675386398	1	0	1	2.2372690914121494
258212.7654511899	3000.0	1832.4031163492791	0.0	0	0.0	2045.1685675386398	1	0	1	2.2372690914121494
259200.0	3000.0	1845.1685675391914	0.0	0	47.0962044140615	2045.1685675386398	1	0	1	2.2372690914121494
260200.0	3000.0	1845.1685675391868	0.0	0	71.39277924483758	2045.1685675386398	1	0	1	2.2372690914121494
261200.0	3000.0	1845.1685675391795	0.0	0	434.27976528703584	2045.1685675386398	1	0	1	2.2372690914121494
262200.0	3000.0	1845.1685675391861	0.0	0	242.13728043230367	2045.1685675386398	1	0	1	2.2372690914121494
263200.0	3000.0	1845.1685675391209	0.0	0	191.77799779648194	2045.1685675385816	1	0	1	2.237269091412151
264200.0	3000.0	1845.1685675391304	0.0	0	297.6081482830923	2045.1685675386107	1	0	1	2.237269091412154
265269.99510024	3000.0	1775.1734672991424	0.0	0	0.0	2045.1685675386107	1	0	1	2.237269091412152
266302.1694895258	3000.0	1742.99907801334	0.0	0	0.0	2045.1685675386689	1	0	1	2.2372690914121476
267441.29707283684	3000.0	1603.8714947022954	0.0	0	0.0	2045.1685675386689	1	0	1	2.2372690914121476
268200.0	3000.0	1845.1685675391343	0.0	0	117.8033249367727	2045.1685675386689	1	0	1	2.2372690914121476
269200.0	3000.0	1845.1685675391159	0.0	0	115.1194627569057	2045.1685675386689	1	0	1	2.2372690914121476
270200.0	3000.0	1845.1685675391714	0.0	0	118.08944789646193	2045.1685675386689	1	0	1	2.2372690914121476
271200.0	3000.0	1845.1685675392196	0.0	0	147.0935947946855	2045.1685675386689	1	0	1	2.2372690914121476
272292.0501402157	3000.0	1753.1184273234644	0.0	0	0.0	2045.1685675386689	1	0	1	2.2372690914121476
273200.0	3000.0	1845.1685675392253	0.0	0	219.09477212029742	2045.1685675386689	1	0	1	2.2372690914121476
274200.0	3000.0	1845.1685675392093	0.0	0	219.39212651463458	2045.1685675386689	1	0	1	2.2372690914121476
275200.0	3000.0	1845.1685675392096	0.0	0	25.643343894393183	2045.1685675386107	1	0	1	2.237269091412152
276200.0	3000.0	1845.1685675392332	0.0	0	235.71727475203807	2045.1685675386107	1	0	1	2.237269091412152
277200.0	3000.0	1845.168567539188	0.0	0	189.30203368124785	2045.1685675386107	1	0	1	2.237269091412152
278200.0	3000.0	1845.1685675392398	0.0	0	213.76464854634833	2045.168567538727	1	0	1	2.237269091412145
279200.0	3000.0	1845.1685675391805	0.0	0	49.46826727682492	2045.1685675386689	1	0	1	2.2372690914121467
280200.0	3000.0	1845.1685675392002	0.0	0	199.92248828080483	2045.1685675386107	1	0	1	2.237269091412152
281338.83214637736	3000.0	1706.3364211618086	0.0	0	0.0	2045.1685675385525	1	0	1	2.2372690914121565
282217.77648560936	3000.0	1827.3920819298696	0.0	0	0.0	2045.1685675385525	1	0	1	2.2372690914121565
283200.0	3000.0	1845.168567539192	0.0	0	230.79460317775374	2045.1685675385525	1	0	1	2.2372690914121565
284245.028982246	3000.0	1800.1395852932333	0.0	0	0.0	2045.1685675385525	1	0	1	2.2372690914121565
285324.11495709606	3000.0	1721.0536104431394	0.0	0	0.0	2045.1685675386107	1	0	1	2.237269091412153
286650.7657048337	3000.0	1394.4028627054386	0.0	0	0.0	2045.1685675386689	1	0	1	2.2372690914121476
287350.3739162156	3000.0	1694.7946513236272	0.0	0	0.0	2045.168567538727	1	0	1	2.237269091412143
288200.0	3000.0	1845.168567539194	0.0	0	189.83688377647195	2045.168567538727	1	0	1	2.237269091412143
289200.0	3000.0	1845.1685675392307	0.0	0	6.885034423088655	2045.168567538727	1	0	1	2.237269091412143
290205.0612199846	3000.0	1840.107347554674	0.0	0	0.0	2045.1685675387853	1	0	1	2.23726909141214
291200.0	3000.0	1845.168567539274	0.0	0	329.7124227875611	2045.1685675387853	1	0	1	2.237269091412139
292200.0	3000.0	1845.168567539287	0.0	0	293.4582959705149	2045.1685675387853	1	0	1	2.237269091412139
293200.0	3000.0	1845.1685675393483	0.0	0	203.51539295178372	2045.1685675387853	1	0	1	2.237269091412139
294200.0	3000.0	1845.168567539376	0.0	0	106.28130133618833	2045.1685675388435	1	0	1	2.2372690914121365
295200.0	3000.0	1845.168567539391	0.0	0	211.6415302475216	2045.1685675388435	1	0	1	2.2372690914121347
296200.0	3000.0	1845.1685675394237	0.0	0	284.1629150705412	2045.1685675388435	1	0	1	2.2372690914121347
297200.0	3000.0	1845.1685675395051	0.0	0	148.23021762177814	2045.1685675389017	1	0	1	2.2372690914121303
298200.0	3000.0	1845.168567539493	0.0	0	322.3159820639412	2045.1685675389017	1	0	1	2.2372690914121303
299200.0	3000.0	1845.1685675394338	0.0	0	199.46866317355307	2045.1685675388435	1	0	1	2.237269091412133
300200.0	3000.0	1845.1685675394237	0.0	0	94.25607653544284	2045.1685675388435	1	0	1	2.2372690914121347
4.26	3.08	2.2	3.83	3.74	2.97	3.02	3.5	3.17	3.26	2.84	2.63	2.99	3.39	2.72	2.87	2.88	1.46	4.49	4.4	3.89	4.24	3.5	3.64	4.38	3.5	3.01	2.21	2.59	4.84	3.32	3.45	3.13	4.18	3.5	2.8	3.17	3.8	4.17	4.94	3.85	3.15	3.86	3.76	3.26	3.83	4.12	3.72	3.53	3.1	3.79	3.14	2.77	2.64	4.01	4.14	3.14	3.79	2.71	3.95	3.42	3.27	4.6	3.41	5.27	3.65	4.01	3.32	3.44	2.91	4.36	3.89	3.79	3.44	2.27	3.88	3.46	3.7	4.7	3.72	3.13	4.69	3.46	2.95	3.98	4.59	3.94	3.96	4.03	3.27	3.08	4.25	4.63	3.89	3.89	3.92	4.69	2.91	4.34	2.27	4.6	3.57	2.46	3.68	3.58	3.3	4.12	3.31	5.29	4.6	4.3	4.52	3.06	3.76	3.29	3.59	4.2	3.54	4.27	3.97	3.3	3.75	3.63	4.75	4.22	4.0	3.7	3.5	3.46	3.58	4.26	3.73	2.58	2.68	3.29	4.44	2.99	4.41	3.73	3.3	3.35	3.96	4.08	4.37	3.21	3.56	4.78	3.72	2.43	4.07	4.26	3.08	2.2	3.83	3.74	2.97	3.02	3.5	3.17	3.26	2.84	2.63	2.99	3.39	2.72	2.87	2.88	1.46	4.49	4.4	3.89	4.24	3.5	3.64	4.38	3.5	3.01	2.21	2.59	4.84	3.32	3.45	3.13	4.18	3.5	2.8	3.17	3.8	4.17	4.94	3.85	3.15	3.86	3.76	3.26	3.83	4.12	3.72	3.53	3.1	3.79	3.14	2.77	2.64	4.01	4.14	3.14	3.79	2.71	3.95	3.42	3.27	4.6	3.41	5.27	3.65	4.01	3.32	3.44	2.91	4.36	3.89	3.79	3.44	2.27	3.88	3.46	3.7	4.7	3.72	3.13	4.69	3.46	2.95	3.98	4.59	3.94	3.96	4.03	3.27	3.08	4.25	4.63	3.89	3.89	3.92	4.69	2.91	4.34	2.27	4.6	3.57	2.46	3.68	3.58	3.3	4.12	3.31	5.29	4.6	4.3	4.52	3.06	3.76	3.29	3.59	4.2	3.54	4.27	3.97	3.3	3.75	3.63	4.75	4.22	4.0	3.7	3.5	3.46	3.58	4.26	3.73	2.58	2.68	3.29	4.44	2.99	4.41	3.73	3.3	3.35	3.96	4.08	4.37	3.21	3.56	4.78	3.72	2.43	4.07	4.26	3.08
1.0	2.0	3.0	4.0	5.0	6.0	7.0	8.0	9.0	10.0	11.0	12.0	13.0	14.0	15.0	16.0	17.0	18.0	19.0	20.0	21.0	22.0	23.0	24.0	25.0	26.0	27.0	28.0	29.0	30.0	31.0	32.0	33.0	34.0	35.0	36.0	37.0	38.0	39.0	40.0	41.0	42.0	43.0	44.0	45.0	46.0	47.0	48.0	49.0	50.0	51.0	52.0	53.0	54.0	55.0	56.0	57.0	58.0	59.0	60.0	61.0	62.0	63.0	64.0	65.0	66.0	67.0	68.0	69.0	70.0	71.0	72.0	73.0	74.0	75.0	76.0	77.0	78.0	79.0	80.0	81.0	82.0	83.0	84.0	85.0	86.0	87.0	88.0	89.0	90.0	91.0	92.0	93.0	94.0	95.0	96.0	97.0	98.0	99.0	100.0	101.0	102.0	103.0	104.0	105.0	106.0	107.0	108.0	109.0	110.0	111.0	112.0	113.0	114.0	115.0	116.0	117.0	118.0	119.0	120.0	121.0	122.0	123.0	124.0	125.0	126.0	127.0	128.0	129.0	130.0	131.0	132.0	133.0	134.0	135.0	136.0	137.0	138.0	139.0	140.0	141.0	142.0	143.0	144.0	145.0	146.0	147.0	148.0	149.0	149.0	150.0	151.0	152.0	153.0	154.0	155.0	156.0	157.0	158.0	159.0	160.0	161.0	162.0	163.0	164.0	165.0	166.0	167.0	168.0	169.0	170.0	171.0	172.0	173.0	174.0	175.0	176.0	177.0	178.0	179.0	180.0	181.0	182.0	183.0	184.0	185.0	186.0	187.0	188.0	189.0	190.0	191.0	192.0	193.0	194.0	195.0	196.0	197.0	198.0	199.0	200.0	201.0	202.0	203.0	204.0	205.0	206.0	207.0	208.0	209.0	210.0	211.0	212.0	213.0	214.0	215.0	216.0	217.0	218.0	219.0	220.0	221.0	222.0	223.0	224.0	225.0	226.0	227.0	228.0	229.0	230.0	231.0	232.0	233.0	234.0	235.0	236.0	237.0	238.0	239.0	240.0	241.0	242.0	243.0	244.0	245.0	246.0	247.0	248.0	249.0	250.0	251.0	252.0	253.0	254.0	255.0	256.0	257.0	258.0	259.0	260.0	261.0	262.0	263.0	264.0	265.0	266.0	267.0	268.0	269.0	270.0	271.0	272.0	273.0	274.0	275.0	276.0	277.0	278.0	279.0	280.0	281.0	282.0	283.0	284.0	285.0	286.0	287.0	288.0	289.0	290.0	291.0	292.0	293.0	294.0	295.0	296.0	297.0	298.0	298.0	299.0	300.0
2753.29570882001
