5308.208224444565	300.0	2000.0	140.62500128137563	0	0.0	5308.208224444565	1	0	1	-2.1428526525166167
5447.233611410267	300.0	2847.072074337728	0.0	0	0.0	5294.305685747995	1	0	2	-1.7147594569002842
5646.127092525256	500.0	3628.2892451112407	0.0	0	0.0	5274.416337636497	1	0	2	-1.498763704384063
5872.908900284707	500.0	4378.829256575845	0.0	0	0.0	5251.738156860552	1	0	2	-0.9686046476535992
6200.0	500.0	5019.029046889022	0.0	0	149.3134907171907	5219.029046889021	1	0	2	-0.9489725912016528
7200.0	1000.0	4919.029046889021	0.0	0	651.6926559664307	5119.029046889022	1	0	2	-0.8847390215081143
8200.0	1000.0	4819.029046889022	0.0	0	734.0216590116161	5019.0290468890225	1	0	2	-0.10909539461393405
9242.185637164526	3000.0	4672.6248460080415	0.0	0	0.0	4914.810483172569	1	0	2	-0.018803620158863166
10246.343882181774	3000.0	4568.050776489071	0.0	0	0.0	4814.394658670847	1	0	2	1.1586610074071506
11200.0	3000.0	4519.029046889021	0.0	0	369.9424445065124	4719.0290468890225	1	0	2	1.217675846721599
12217.335138039683	3000.0	4399.9603950453675	0.0	0	0.0	4617.295533085052	1	0	2	1.2929755246591141
13346.578469179738	3000.0	4157.792730791307	0.0	0	0.0	4504.371199971045	1	0	2	1.3607741016545547
14287.105974535109	3000.0	4123.212474900398	0.0	0	0.0	4410.318449435506	1	0	2	1.4222165446312995
15212.690216309622	3000.0	4105.069808948436	0.0	0	0.0	4317.760025258056	1	0	2	1.474256210368912
16200.0	3000.0	4019.029046889018	0.0	0	470.9590803265637	4219.029046889018	1	0	2	1.516306002066129
17200.0	3000.0	3919.0290468890175	0.0	0	203.9135669451789	4119.029046889022	1	0	2	1.5674119736301697
18200.0	3000.0	3819.0290468890166	0.0	0	228.16024708085024	4019.0290468890216	1	0	2	1.612623712276957
19200.0	3000.0	3719.0290468890175	0.0	0	223.04139687604766	3919.02904688902	1	0	2	1.6547023364142575
20200.0	3000.0	3619.0290468890166	0.0	0	468.3829306066327	3819.029046889018	1	0	2	1.6922166486285932
21200.0	3000.0	3519.029046889015	0.0	0	463.8834229757231	3719.0290468890125	1	0	2	1.7282557203979985
22209.18950459818	3000.0	3408.920591831017	0.0	0	0.0	3618.110096429191	1	0	2	1.765107145444808
23200.0	3000.0	3319.0290468890157	0.0	0	78.29965119876942	3519.0290468890016	1	0	2	1.796066258601464
24460.74828704237	6000.0	2932.20593114241	0.0	0	0.0	3392.9542181847646	1	0	2	1.8290567727635179
26022.121848168947	6000.0	2214.6950139031746	0.0	0	0.0	3236.816862072108	1	0	2	2.5570393691686037
28200.88150698927	6000.0	818.0593892008166	0.0	0	0.0	3018.9408961900735	1	0	2	2.602272869356078
28796.31726813469	3000.0	1222.6236280553949	0.0	0	0.0	3018.9408961900735	1	0	1	1.226172676756346
29815.69015295344	3000.0	1203.2507432366433	0.0	0	0.0	3018.9408961900735	1	0	1	2.1193198573162912
30993.517136267896	3000.0	1025.423759922183	0.0	0	0.0	3018.9408961900735	1	0	1	2.1193198573162912
32183.453861379254	3000.0	716.4933622996874	0.0	0	0.0	2899.9472236789334	1	0	2	1.7348809364998905
33216.060665613404	3000.0	683.8865580655406	0.0	0	0.0	2899.947223678937	1	0	1	1.940055273532259
34127.859446653354	3000.0	772.087777025594	0.0	0	0.0	2899.9472236789406	1	0	1	2.140055273532258
35026.097761307654	3000.0	873.8494623712894	0.0	0	0.0	2899.9472236789297	1	0	1	2.1400552735322593
35823.69403989817	3000.0	1076.2531837807721	0.0	0	0.0	2899.9472236789297	1	0	1	2.14005527353226
36263.74666488007	3000.0	1636.2005587988704	0.0	0	0.0	2899.9472236789297	1	0	1	2.14005527353226
36804.78096249268	3000.0	2095.1662611862725	0.0	0	0.0	2899.9472236789297	1	0	1	2.14005527353226
37356.7863073653	3000.0	2543.1609163136527	0.0	0	0.0	2899.9472236789297	1	0	1	2.14005527353226
38210.22958613279	3000.0	2689.7176375461645	0.0	0	0.0	2899.947223678937	1	0	1	2.1400552735322584
39200.0	3000.0	2600.9701822922234	0.0	0	98.30047248185292	2800.9701822921998	1	0	2	1.750861614314992
40200.0	3000.0	2600.9701822922184	0.0	0	214.81408487824956	2800.9701822921998	1	0	1	1.9556665904194128
41200.0	3000.0	2500.9701822922148	0.0	0	80.54500355066557	2700.9701822921998	1	0	2	1.7660216285025694
42220.22555115397	3000.0	2480.74463113825	0.0	0	0.0	2700.9701822921998	1	0	1	1.9700576366985607
43200.0	3000.0	2500.97018229223	0.0	0	232.39533809831482	2700.9701822921998	1	0	1	2.170057636698561
44200.0	3000.0	2500.970182292231	0.0	0	96.60272455916856	2700.9701822921998	1	0	1	2.170057636698561
45689.2704918246	3000.0	2011.699690467635	0.0	0	0.0	2700.970182292207	1	0	1	2.1700576366985596
46533.24447910776	3000.0	2167.7257031844742	0.0	0	0.0	2700.970182292207	1	0	1	2.1700576366985596
47312.45925036341	3000.0	2388.5109319288176	0.0	0	0.0	2700.9701822921998	1	0	1	2.170057636698561
48618.07850548614	3000.0	2082.8916768060885	0.0	0	0.0	2700.9701822921998	1	0	1	2.170057636698561
49438.3855058781	3000.0	2262.5846764141315	0.0	0	0.0	2700.9701822921998	1	0	1	2.170057636698561
50424.419794849695	3000.0	2276.550387442539	0.0	0	0.0	2700.9701822921998	1	0	1	2.170057636698561
51260.95847944964	3000.0	2440.0117028425957	0.0	0	0.0	2700.9701822921998	1	0	1	2.170057636698561
52309.945281022454	3000.0	2391.024901269778	0.0	0	0.0	2700.9701822921998	1	0	1	2.170057636698561
53200.0	3000.0	2500.9701822922248	0.0	0	292.1394564089642	2700.9701822921998	1	0	1	2.170057636698561
54261.604205685326	3000.0	2439.365976606894	0.0	0	0.0	2700.9701822921998	1	0	1	2.170057636698561
55200.0	3000.0	2500.970182292223	0.0	0	60.57074722027755	2700.9701822921998	1	0	1	2.170057636698561
56200.0	3000.0	2500.970182292226	0.0	0	63.3796263467957	2700.9701822921998	1	0	1	2.170057636698561
57200.0	3000.0	2500.9701822922248	0.0	0	228.89058202997694	2700.9701822921998	1	0	1	2.170057636698561
58200.0	3000.0	2500.9701822922257	0.0	0	235.43769532378792	2700.9701822921998	1	0	1	2.170057636698561
59235.754989165805	3000.0	2465.215193126426	0.0	0	0.0	2700.9701822921998	1	0	1	2.170057636698561
60306.841289730706	3000.0	2394.1288925615263	0.0	0	0.0	2700.9701822921998	1	0	1	2.170057636698561
61294.765417822106	3000.0	2406.204764470126	0.0	0	0.0	2700.9701822921925	1	0	1	2.1700576366985618
62629.32964615846	3000.0	2071.640536133775	0.0	0	0.0	2700.9701822921998	1	0	1	2.170057636698561
63411.44021397531	3000.0	2289.5299683169396	0.0	0	0.0	2700.9701822921998	1	0	1	2.170057636698561
64200.0	3000.0	2500.9701822922502	0.0	0	78.62462107917963	2700.9701822921998	1	0	1	2.170057636698561
65200.0	3000.0	2500.9701822922502	0.0	0	134.04413415799354	2700.9701822921998	1	0	1	2.170057636698561
66360.76844970052	3000.0	2340.201732591719	0.0	0	0.0	2700.970182292185	1	0	1	2.1700576366985627
67411.50875568802	3000.0	2289.461426604235	0.0	0	0.0	2700.9701822921925	1	0	1	2.1700576366985627
68297.17965349759	3000.0	2403.7905287946624	0.0	0	0.0	2700.9701822921925	1	0	1	2.1700576366985618
69737.93490886281	3000.0	1963.0352734294418	0.0	0	0.0	2700.9701822921925	1	0	1	2.1700576366985613
70579.8222321476	3000.0	2121.147950144653	0.0	0	0.0	2700.9701822921925	1	0	1	2.1700576366985618
71283.51342011924	3000.0	2417.456762173014	0.0	0	0.0	2700.9701822921925	1	0	1	2.1700576366985618
72200.0	3000.0	2500.9701822922502	0.0	0	61.794805736572016	2700.970182292178	1	0	1	2.1700576366985636
73200.0	3000.0	2500.970182292264	0.0	0	210.06625381179038	2700.970182292178	1	0	1	2.1700576366985636
74344.62481817174	3000.0	2356.3453641205338	0.0	0	0.0	2700.970182292178	1	0	1	2.1700576366985636
75368.31090073593	3000.0	2332.659281556343	0.0	0	0.0	2700.970182292178	1	0	1	2.1700576366985636
76358.53746557924	3000.0	2342.432716713043	0.0	0	0.0	2700.970182292178	1	0	1	2.1700576366985636
77355.65268008073	3000.0	2345.317502211557	0.0	0	0.0	2700.970182292178	1	0	1	2.1700576366985636
78200.0	3000.0	2500.9701822923003	0.0	0	6.1938108156609815	2700.9701822921925	1	0	1	2.1700576366985618
79200.0	3000.0	2500.970182292303	0.0	0	202.49376373727864	2700.970182292178	1	0	1	2.1700576366985636
80200.0	3000.0	2500.9701822922975	0.0	0	207.3641550639295	2700.970182292178	1	0	1	2.1700576366985636
81339.08550342177	3000.0	2361.88467887053	0.0	0	0.0	2700.970182292178	1	0	1	2.1700576366985636
82200.0	3000.0	2500.9701822922866	0.0	0	201.0852218355867	2700.9701822921634	1	0	1	2.1700576366985658
83278.30997726285	3000.0	2422.660205029429	0.0	0	0.0	2700.9701822921634	1	0	1	2.1700576366985658
84200.0	3000.0	2500.9701822922693	0.0	0	421.56632240758336	2700.9701822921634	1	0	1	2.1700576366985658
85280.19959711142	3000.0	2420.7705851808405	0.0	0	0.0	2700.9701822921634	1	0	1	2.1700576366985644
86692.38409257628	3000.0	2008.5860897159787	0.0	0	0.0	2700.9701822921634	1	0	1	2.1700576366985658
88059.36124419009	3000.0	1641.60893810216	0.0	0	0.0	2700.9701822921634	1	0	1	2.1700576366985658
88900.21040869158	3000.0	1800.7597736006771	0.0	0	0.0	2700.9701822921634	1	0	1	2.1700576366985658
89925.53047897186	3000.0	1775.4397033204052	0.0	0	0.0	2700.9701822921634	1	0	1	2.1700576366985658
91078.98040814574	3000.0	1621.9897741465277	0.0	0	0.0	2700.9701822921634	1	0	1	2.1700576366985658
92154.50630032115	3000.0	1546.463881971114	0.0	0	0.0	2700.9701822921634	1	0	1	2.1700576366985658
92970.81559964421	3000.0	1730.154582648056	0.0	0	0.0	2700.9701822921634	1	0	1	2.1700576366985658
93816.51446310543	3000.0	1884.4557191868328	0.0	0	0.0	2700.9701822921634	1	0	1	2.1700576366985658
94620.04113578734	3000.0	2080.9290465049166	0.0	0	0.0	2700.9701822921634	1	0	1	2.1700576366985658
95414.40324343504	3000.0	2286.5669388572137	0.0	0	0.0	2700.970182292149	1	0	1	2.1700576366985675
96200.0	3000.0	2422.410506635738	0.0	0	169.80758108754526	2622.410506635657	1	0	2	1.7768277183648558
97200.0	3000.0	2422.410506635718	0.0	0	266.76724120428844	2622.4105066356424	1	0	1	1.9804626367203582
98200.0	3000.0	2422.4105066357142	0.0	0	226.7676263393514	2622.4105066356424	1	0	1	2.1804626367203586
99200.0	3000.0	2422.4105066357315	0.0	0	130.8937758908578	2622.410506635657	1	0	1	2.1804626367203563
100200.0	3000.0	2422.410506635737	0.0	0	42.88842989479599	2622.4105066356424	1	0	1	2.1804626367203586
101249.98126492291	3000.0	2372.4292417128377	0.0	0	0.0	2622.4105066356424	1	0	1	2.1804626367203586
102200.0	3000.0	2327.408633128049	0.0	0	93.91308453660167	2527.408633127954	1	0	2	1.7885479514160563
103200.0	3000.0	2327.4086331280505	0.0	0	40.86189150802966	2527.408633127954	1	0	1	1.9920666595560443
104200.0	3000.0	2327.4086331280464	0.0	0	199.2320051032293	2527.408633127954	1	0	1	2.1920666595560445
105200.0	3000.0	2327.408633128055	0.0	0	189.2099390792864	2527.408633127954	1	0	1	2.1920666595560445
106200.0	3000.0	2327.40863312804	0.0	0	28.676802574133035	2527.408633127954	1	0	1	2.1920666595560445
107200.0	3000.0	2327.408633128043	0.0	0	35.86441259858839	2527.4086331279395	1	0	1	2.1920666595560463
108200.0	3000.0	2327.4086331280596	0.0	0	76.59434161963873	2527.4086331279395	1	0	1	2.1920666595560463
109200.0	3000.0	2327.4086331280655	0.0	0	153.42857609706698	2527.408633127954	1	0	1	2.1920666595560445
110200.0	3000.0	2327.4086331280646	0.0	0	414.59900278459827	2527.408633127954	1	0	1	2.1920666595560445
111200.0	3000.0	2327.4086331280605	0.0	0	316.25218850487727	2527.408633127954	1	0	1	2.1920666595560445
112250.56448055388	3000.0	2276.8441525742046	0.0	0	0.0	2527.408633127954	1	0	1	2.1920666595560445
113860.63846056319	3000.0	1666.7701725648903	0.0	0	0.0	2527.408633127954	1	0	1	2.1920666595560445
115003.77067583204	3000.0	1523.6379572960402	0.0	0	0.0	2527.408633127954	1	0	1	2.1920666595560445
115761.26869302285	3000.0	1766.1399401052533	0.0	0	0.0	2527.408633127954	1	0	1	2.1920666595560445
116607.85341754486	3000.0	1919.5552155832415	0.0	0	0.0	2527.408633127954	1	0	1	2.1920666595560445
117450.45490148837	3000.0	2076.9537316397386	0.0	0	0.0	2527.408633127954	1	0	1	2.1920666595560445
118342.16250695805	3000.0	2185.2461261700632	0.0	0	0.0	2527.408633127954	1	0	1	2.1920666595560445
119200.0	3000.0	2327.4086331281064	0.0	0	286.72573918048874	2527.408633127954	1	0	1	2.1920666595560445
120200.0	3000.0	2327.4086331281205	0.0	0	271.32438563041796	2527.4086331279686	1	0	1	2.1920666595560427
121200.0	3000.0	2327.408633128124	0.0	0	110.89305624630651	2527.4086331279686	1	0	1	2.1920666595560427
122200.0	3000.0	2327.408633128129	0.0	0	269.09344237681944	2527.4086331279686	1	0	1	2.1920666595560427
123200.0	3000.0	2327.4086331281405	0.0	0	141.7600018083176	2527.408633127983	1	0	1	2.1920666595560414
124200.0	3000.0	2327.4086331281287	0.0	0	150.66313494893257	2527.408633127983	1	0	1	2.1920666595560414
125369.97208373254	3000.0	2157.43654939559	0.0	0	0.0	2527.408633127983	1	0	1	2.1920666595560414
126200.0	3000.0	2327.408633128138	0.0	0	24.340655662555946	2527.4086331279686	1	0	1	2.1920666595560427
127200.0	3000.0	2327.408633128125	0.0	0	486.3975170698395	2527.4086331279686	1	0	1	2.1920666595560427
128442.43506723786	3000.0	2084.973565890268	0.0	0	0.0	2527.408633127983	1	0	1	2.1920666595560414
129296.67841798985	3000.0	2230.73021513828	0.0	0	0.0	2527.408633127983	1	0	1	2.1920666595560414
130200.0	3000.0	2327.4086331281314	0.0	0	34.05833230137068	2527.408633127983	1	0	1	2.1920666595560414
131416.9015458696	3000.0	2110.5070872585347	0.0	0	0.0	2527.408633127983	1	0	1	2.1920666595560396
132512.70382217527	3000.0	2014.704810952843	0.0	0	0.0	2527.408633127983	1	0	1	2.1920666595560405
133271.879975987	3000.0	2255.5286571411116	0.0	0	0.0	2527.4086331279686	1	0	1	2.192066659556043
134224.0439353855	3000.0	2303.3646977425915	0.0	0	0.0	2527.408633127954	1	0	1	2.1920666595560445
135366.79716416495	3000.0	2160.611468963147	0.0	0	0.0	2527.408633127983	1	0	1	2.1920666595560414
136321.04919383593	3000.0	2206.359439292173	0.0	0	0.0	2527.4086331280123	1	0	1	2.192066659556039
137200.0	3000.0	2239.5135525116916	0.0	0	351.76716947811656	2439.5135525116057	1	0	2	1.7980418057303211
138200.0	3000.0	2239.5135525116684	0.0	0	434.4049610517395	2439.5135525116057	1	0	1	2.0019182022544983
139200.0	3000.0	2239.513552511668	0.0	0	188.36955952545395	2439.5135525116057	1	0	1	2.2019182022544985
140200.0	3000.0	2239.513552511692	0.0	0	131.2236055538233	2439.5135525116057	1	0	1	2.2019182022544985
141200.0	3000.0	2239.513552511686	0.0	0	285.9332136089215	2439.5135525116348	1	0	1	2.201918202254495
142200.0	3000.0	2239.513552511714	0.0	0	283.89686376292957	2439.5135525116348	1	0	1	2.201918202254495
143252.50959993654	3000.0	2187.0039525751854	0.0	0	0.0	2439.5135525116348	1	0	1	2.201918202254495
144200.0	3000.0	2239.513552511747	0.0	0	396.6585336459393	2439.5135525116057	1	0	1	2.2019182022544985
145200.0	3000.0	2239.5135525117503	0.0	0	314.64239936115337	2439.5135525116348	1	0	1	2.201918202254495
146200.0	3000.0	2239.5135525117325	0.0	0	423.952379733033	2439.5135525116348	1	0	1	2.201918202254495
147200.0	3000.0	2239.513552511728	0.0	0	34.7846525850473	2439.5135525116348	1	0	1	2.201918202254495
148379.14816938044	3000.0	2060.3653831312868	0.0	0	0.0	2439.5135525116348	1	0	1	2.201918202254495
149200.0	3000.0	2239.5135525116953	0.0	0	98.64984442462446	2439.5135525116057	1	0	1	2.2019182022544985
150200.0	3000.0	2239.513552511731	0.0	0	365.6905445079901	2439.5135525116348	1	0	1	2.201918202254495
151200.0	3000.0	2239.5135525117635	0.0	0	58.06229935531155	2439.5135525116348	1	0	1	2.201918202254495
152200.0	3000.0	2239.513552511785	0.0	0	276.43144378982834	2439.5135525116348	1	0	1	2.201918202254495
153200.0	3000.0	2239.5135525117976	0.0	0	21.257599400618346	2439.513552511664	1	0	1	2.201918202254492
154200.0	3000.0	2239.513552511808	0.0	0	125.37214300964843	2439.513552511664	1	0	1	2.201918202254492
155313.53324803367	3000.0	2125.9803044781415	0.0	0	0.0	2439.5135525116348	1	0	1	2.2019182022544936
156200.0	3000.0	2239.5135525118017	0.0	0	0.35428925525047816	2439.5135525116348	1	0	1	2.201918202254495
157200.0	3000.0	2239.5135525118008	0.0	0	414.4473765025323	2439.5135525116057	1	0	1	2.2019182022544985
158200.0	3000.0	2239.5135525118267	0.0	0	360.11585294126417	2439.5135525116057	1	0	1	2.2019182022544985
159200.0	3000.0	2239.513552511832	0.0	0	179.32442822828307	2439.5135525116057	1	0	1	2.2019182022544985
160200.0	3000.0	2239.513552511852	0.0	0	399.45932434123824	2439.513552511664	1	0	1	2.2019182022544945
161271.42244093682	3000.0	2168.091111575054	0.0	0	0.0	2439.513552511664	1	0	1	2.201918202254492
162200.0	3000.0	2239.513552511863	0.0	0	263.8218585876457	2439.513552511664	1	0	1	2.201918202254492
163419.65602387796	3000.0	2019.8575286339058	0.0	0	0.0	2439.513552511664	1	0	1	2.201918202254492
164223.23226803367	3000.0	2216.281284478212	0.0	0	0.0	2439.513552511664	1	0	1	2.201918202254492
165200.0	3000.0	2239.513552511899	0.0	0	428.2170830114628	2439.513552511664	1	0	1	2.201918202254492
166200.0	3000.0	2239.5135525119117	0.0	0	71.64105566070066	2439.513552511664	1	0	1	2.201918202254492
167200.0	3000.0	2239.5135525119026	0.0	0	371.3352384863538	2439.513552511693	1	0	1	2.2019182022544914
168200.0	3000.0	2239.513552511938	0.0	0	359.0918731916172	2439.513552511751	1	0	1	2.201918202254485
169200.0	3000.0	2239.513552511972	0.0	0	447.98321624076925	2439.513552511751	1	0	1	2.2019182022544825
170200.0	3000.0	2239.513552511963	0.0	0	440.0641374855768	2439.5135525117803	1	0	1	2.2019182022544794
171229.98119975033	3000.0	2209.532352761623	0.0	0	0.0	2439.513552511751	1	0	1	2.2019182022544808
172200.0	3000.0	2239.5135525119335	0.0	0	252.45526035362855	2439.513552511751	1	0	1	2.2019182022544825
173200.0	3000.0	2239.5135525118853	0.0	0	341.20804704821785	2439.513552511751	1	0	1	2.2019182022544825
174200.0	3000.0	2239.5135525118885	0.0	0	409.6561405468965	2439.513552511751	1	0	1	2.2019182022544825
175200.0	3000.0	2239.513552511878	0.0	0	100.53744518751046	2439.5135525117803	1	0	1	2.201918202254482
176200.0	3000.0	2239.513552511866	0.0	0	213.96513830174808	2439.5135525117803	1	0	1	2.2019182022544794
177200.0	3000.0	2239.5135525118317	0.0	0	44.418365347984945	2439.5135525117803	1	0	1	2.2019182022544794
178200.0	3000.0	2239.5135525118417	0.0	0	107.752207763755	2439.5135525118094	1	0	1	2.2019182022544763
179219.1503308491	3000.0	2220.36322166271	0.0	0	0.0	2439.5135525118094	1	0	1	2.2019182022544763
180470.4825681729	3000.0	1969.0309843389284	0.0	0	0.0	2439.5135525118094	1	0	1	2.2019182022544763
181485.52698172326	3000.0	1953.9865707885788	0.0	0	0.0	2439.5135525118094	1	0	1	2.2019182022544763
182378.47251497346	3000.0	2061.0410375383844	0.0	0	0.0	2439.5135525118094	1	0	1	2.2019182022544763
183239.4251082126	3000.0	2200.0884442992365	0.0	0	0.0	2439.5135525118094	1	0	1	2.2019182022544763
184200.0	3000.0	2239.5135525118317	0.0	0	165.69679514708696	2439.5135525118094	1	0	1	2.2019182022544763
185200.0	3000.0	2239.5135525117967	0.0	0	405.31213509946247	2439.5135525118385	1	0	1	2.201918202254476
186200.0	3000.0	2239.513552511819	0.0	0	391.2800975655555	2439.5135525118676	1	0	1	2.2019182022544728
187200.0	3000.0	2239.5135525118158	0.0	0	99.49308324421872	2439.5135525118676	1	0	1	2.20191820225447
188200.0	3000.0	2239.513552511785	0.0	0	426.274213409808	2439.5135525118676	1	0	1	2.20191820225447
189276.24310081528	3000.0	2163.270451696513	0.0	0	0.0	2439.5135525118967	1	0	1	2.2019182022544688
190200.0	3000.0	2239.5135525118408	0.0	0	257.5495735051227	2439.513552511926	1	0	1	2.2019182022544666
191200.0	3000.0	2239.5135525118535	0.0	0	287.6420676961425	2439.513552511926	1	0	1	2.201918202254464
192200.0	3000.0	2239.5135525118453	0.0	0	97.07603079010732	2439.5135525118967	1	0	1	2.201918202254467
193200.0	3000.0	2239.513552511848	0.0	0	19.755421773850685	2439.5135525118967	1	0	1	2.201918202254467
194568.81806870317	3000.0	1870.6954838086738	0.0	0	0.0	2439.513552511926	1	0	1	2.201918202254464
195259.57505550576	3000.0	2179.938497006082	0.0	0	0.0	2439.5135525118676	1	0	1	2.2019182022544688
196200.0	3000.0	2239.513552511844	0.0	0	91.16832816728856	2439.5135525118676	1	0	1	2.20191820225447
197615.68824684646	3000.0	1823.8253056654096	0.0	0	0.0	2439.5135525118676	1	0	1	2.20191820225447
198661.4553988359	3000.0	1778.0581536759403	0.0	0	0.0	2439.5135525118676	1	0	1	2.20191820225447
199485.8318192802	3000.0	1953.6817332316296	0.0	0	0.0	2439.5135525118385	1	0	1	2.201918202254473
200268.26984668517	3000.0	2171.2437058266823	0.0	0	0.0	2439.5135525118385	1	0	1	2.201918202254473
201200.0	3000.0	2239.5135525118308	0.0	0	119.24513874395052	2439.5135525118676	1	0	1	2.20191820225447
202200.0	3000.0	2239.5135525118303	0.0	0	372.35880132898455	2439.5135525118676	1	0	1	2.20191820225447
203226.2131419022	3000.0	2213.3004106096005	0.0	0	0.0	2439.5135525118676	1	0	1	2.20191820225447
204200.0	3000.0	2142.134866702031	0.0	0	239.73428644039086	2342.13486670205	1	0	2	1.8084874212974889
205200.0	3000.0	2142.134866702022	0.0	0	314.11615505075315	2342.13486670205	1	0	1	2.0119186701994725
206200.0	3000.0	2142.1348667020507	0.0	0	467.4725839383609	2342.134866702021	1	0	1	2.2119186701994757
207233.04329720265	3000.0	2109.0915694994155	0.0	0	0.0	2342.134866702021	1	0	1	2.2119186701994757
208200.0	3000.0	2142.134866702064	0.0	0	62.413388014625525	2342.134866702021	1	0	1	2.2119186701994757
209200.0	3000.0	2142.1348667020757	0.0	0	211.5429775901721	2342.13486670205	1	0	1	2.2119186701994753
210437.25585557963	3000.0	1904.8790111224605	0.0	0	0.0	2342.13486670205	1	0	1	2.2119186701994726
211373.95195045302	3000.0	1968.1829162490733	0.0	0	0.0	2342.13486670205	1	0	1	2.2119186701994726
212242.54919463274	3000.0	2099.5856720693564	0.0	0	0.0	2342.13486670205	1	0	1	2.2119186701994726
213259.0731551243	3000.0	2083.061711577803	0.0	0	0.0	2342.1348667020793	1	0	1	2.21191867019947
214200.0	3000.0	2142.1348667020993	0.0	0	140.7449204560544	2342.13486670205	1	0	1	2.2119186701994726
215200.0	3000.0	2142.1348667020943	0.0	0	360.62278315992444	2342.13486670205	1	0	1	2.2119186701994726
216202.17155237382	3000.0	2039.7461590908504	0.0	0	0.0	2241.91771146463	1	0	2	1.8190914283211295
217200.0	3000.0	2041.9177114646664	0.0	0	112.4732214139658	2241.91771146463	1	0	1	2.021289085094848
218377.58811186516	3000.0	1864.3295995995086	0.0	0	0.0	2241.91771146463	1	0	1	2.221289085094848
219734.8037415936	3000.0	1507.1139698710406	0.0	0	0.0	2241.91771146463	1	0	1	2.221289085094848
220662.3271670623	3000.0	1579.5905444023858	0.0	0	0.0	2241.91771146463	1	0	1	2.221289085094848
221637.20409139176	3000.0	1604.7136200728885	0.0	0	0.0	2241.91771146463	1	0	1	2.221289085094848
222276.18366802696	3000.0	1965.7340434376692	0.0	0	0.0	2241.91771146463	1	0	1	2.221289085094849
223331.07117480203	3000.0	1910.846536662638	0.0	0	0.0	2241.91771146463	1	0	1	2.221289085094848
224292.41439401623	3000.0	1949.5033174484277	0.0	0	0.0	2241.91771146463	1	0	1	2.221289085094848
225200.0	3000.0	2041.917711464669	0.0	0	96.81741918140324	2241.91771146463	1	0	1	2.221289085094848
226340.2164767096	3000.0	1901.7012347550242	0.0	0	0.0	2241.917711464659	1	0	1	2.221289085094847
227389.07996313152	3000.0	1852.8377483331262	0.0	0	0.0	2241.91771146463	1	0	1	2.2212890850948472
228228.74628615106	3000.0	2013.1714253135551	0.0	0	0.0	2241.917711464659	1	0	1	2.221289085094847
229200.0	3000.0	2041.9177114646059	0.0	0	141.05342204519548	2241.917711464659	1	0	1	2.2212890850948455
230380.22523484533	3000.0	1861.6924766192944	0.0	0	0.0	2241.917711464659	1	0	1	2.2212890850948455
231200.0	3000.0	2041.9177114646377	0.0	0	93.65519804335781	2241.917711464688	1	0	1	2.2212890850948446
232200.0	3000.0	2041.9177114646482	0.0	0	134.2721036412404	2241.917711464688	1	0	1	2.221289085094843
233200.0	3000.0	2041.9177114646718	0.0	0	398.0761349722452	2241.917711464688	1	0	1	2.221289085094843
234200.0	3000.0	2041.9177114646518	0.0	0	131.20372850639978	2241.917711464688	1	0	1	2.221289085094843
235564.24051233585	3000.0	1677.677199128829	0.0	0	0.0	2241.917711464688	1	0	1	2.221289085094843
236958.89603950398	3000.0	1283.0216719606972	0.0	0	0.0	2241.917711464688	1	0	1	2.221289085094843
237714.5660841296	3000.0	1527.351627335067	0.0	0	0.0	2241.9177114647173	1	0	1	2.22128908509484
238720.46135345168	3000.0	1521.456358012963	0.0	0	0.0	2241.917711464688	1	0	1	2.221289085094843
239813.08771161488	3000.0	1428.8299998497498	0.0	0	0.0	2241.917711464688	1	0	1	2.221289085094843
241033.6087116742	3000.0	1208.3089997903876	0.0	0	0.0	2241.917711464688	1	0	1	2.221289085094843
241922.43068480014	3000.0	1319.4870266644662	0.0	0	0.0	2241.917711464688	1	0	1	2.221289085094843
242864.68516190778	3000.0	1377.2325495568548	0.0	0	0.0	2241.917711464688	1	0	1	2.221289085094843
243725.76580423908	3000.0	1516.1519072255549	0.0	0	0.0	2241.917711464659	1	0	1	2.2212890850948455
244515.15497626367	3000.0	1726.7627352009472	0.0	0	0.0	2241.917711464688	1	0	1	2.221289085094843
245200.0	3000.0	2041.9177114646027	0.0	0	64.88635772204725	2241.9177114647173	1	0	1	2.22128908509484
246200.0	3000.0	2041.917711464585	0.0	0	491.9615484797105	2241.9177114647173	1	0	1	2.22128908509484
247200.0	3000.0	2041.9177114646022	0.0	0	41.735094816365745	2241.9177114647464	1	0	1	2.2212890850948392
248200.0	3000.0	2041.91771146463	0.0	0	377.4057146976411	2241.9177114647173	1	0	1	2.221289085094838
249200.0	3000.0	2041.9177114646359	0.0	0	279.3587640497426	2241.9177114647464	1	0	1	2.2212890850948397
250200.0	3000.0	2041.9177114646154	0.0	0	257.3206707914942	2241.9177114647464	1	0	1	2.2212890850948375
251200.0	3000.0	2041.9177114646445	0.0	0	298.79462977152434	2241.9177114647464	1	0	1	2.2212890850948375
252200.0	3000.0	2041.9177114646827	0.0	0	325.56895440406515	2241.9177114647464	1	0	1	2.2212890850948375
253200.0	3000.0	2041.9177114646682	0.0	0	264.2301572530414	2241.9177114647173	1	0	1	2.22128908509484
254200.0	3000.0	2041.917711464689	0.0	0	95.56867417876492	2241.9177114647464	1	0	1	2.2212890850948397
255205.03771021703	3000.0	2036.880001247639	0.0	0	0.0	2241.9177114647464	1	0	1	2.2212890850948375
256254.94308579867	3000.0	1986.9746256659807	0.0	0	0.0	2241.9177114647464	1	0	1	2.2212890850948375
257200.0	3000.0	2041.9177114646782	0.0	0	134.2907231512072	2241.9177114647464	1	0	1	2.2212890850948375
258200.0	3000.0	2041.917711464669	0.0	0	160.66863394071697	2241.9177114647464	1	0	1	2.2212890850948375
259200.0	3000.0	2041.9177114646818	0.0	0	412.5848754076578	2241.9177114647464	1	0	1	2.2212890850948375
260216.3547451657	3000.0	2025.5629662989531	0.0	0	0.0	2241.9177114647464	1	0	1	2.2212890850948375
261200.0	3000.0	2041.9177114646373	0.0	0	118.38913428035448	2241.9177114647464	1	0	1	2.2212890850948375
262200.0	3000.0	2041.9177114646354	0.0	0	79.0225857863552	2241.9177114647464	1	0	1	2.2212890850948375
263691.534273152	3000.0	1550.3834383126032	0.0	0	0.0	2241.917711464659	1	0	1	2.2212890850948424
264650.0409293589	3000.0	1591.876782105722	0.0	0	0.0	2241.917711464688	1	0	1	2.2212890850948432
265362.0964190544	3000.0	1879.8212924102918	0.0	0	0.0	2241.917711464688	1	0	1	2.221289085094843
266487.95114237396	3000.0	1753.9665690907584	0.0	0	0.0	2241.9177114647464	1	0	1	2.2212890850948375
267393.8872363481	3000.0	1848.0304751166047	0.0	0	0.0	2241.9177114647464	1	0	1	2.2212890850948384
268200.0	3000.0	2041.9177114647655	0.0	0	90.80981790978694	2241.9177114648046	1	0	1	2.2212890850948366
269200.0	3000.0	2041.917711464711	0.0	0	246.62291379540693	2241.9177114648046	1	0	1	2.2212890850948326
270200.0	3000.0	2041.917711464719	0.0	0	80.73570847947849	2241.9177114647464	1	0	1	2.2212890850948335
271200.0	3000.0	2041.9177114647591	0.0	0	346.17265188187594	2241.9177114648046	1	0	1	2.2212890850948326
272200.0	3000.0	2041.9177114647218	0.0	0	291.5171415719087	2241.9177114648046	1	0	1	2.2212890850948326
273200.0	3000.0	2041.917711464785	0.0	0	155.0150999762118	2241.917711464863	1	0	1	2.2212890850948273
274564.4826812307	3000.0	1677.435030234095	0.0	0	0.0	2241.917711464921	1	0	1	2.2212890850948233
275416.22659817804	3000.0	1825.6911132867085	0.0	0	0.0	2241.917711464921	1	0	1	2.221289085094822
276200.0	3000.0	2041.9177114648137	0.0	0	297.1180048730457	2241.917711464921	1	0	1	2.221289085094822
277200.0	3000.0	2041.9177114649046	0.0	0	81.65663686546031	2241.917711464921	1	0	1	2.221289085094822
278200.0	3000.0	2041.9177114649192	0.0	0	30.01899543061154	2241.917711464979	1	0	1	2.22128908509482
279200.0	3000.0	2041.9177114649951	0.0	0	32.66599362751003	2241.917711464979	1	0	1	2.221289085094817
280200.0	3000.0	2041.9177114650065	0.0	0	243.17159668757813	2241.917711464979	1	0	1	2.221289085094821
281325.3137225848	3000.0	1916.6039888802718	0.0	0	0.0	2241.9177114650374	1	0	1	2.221289085094814
282251.04458993627	3000.0	1990.8731215287694	0.0	0	0.0	2241.917711464979	1	0	1	2.221289085094817
283478.2427498484	3000.0	1763.674961616689	0.0	0	0.0	2241.9177114650374	1	0	1	2.221289085094814
284368.0176650472	3000.0	1873.9000464178525	0.0	0	0.0	2241.9177114650374	1	0	1	2.2212890850948117
285360.01595546823	3000.0	1881.9017559967754	0.0	0	0.0	2241.917711464979	1	0	1	2.221289085094816
286200.0	3000.0	2041.917711465011	0.0	0	50.79434347292408	2241.917711464921	1	0	1	2.221289085094819
287200.0	3000.0	2041.9177114649647	0.0	0	341.38614581583533	2241.917711464863	1	0	1	2.2212890850948273
288246.49456144875	3000.0	1995.4231500161893	0.0	0	0.0	2241.917711464863	1	0	1	2.2212890850948273
289200.0	3000.0	2041.9177114648835	0.0	0	4.293432205100544	2241.917711464863	1	0	1	2.2212890850948273
290200.0	3000.0	2041.9177114648955	0.0	0	264.8894298192463	2241.917711464863	1	0	1	2.2212890850948273
291200.0	3000.0	2041.917711464907	0.0	0	473.2349266997189	2241.917711464863	1	0	1	2.2212890850948273
292200.0	3000.0	2041.917711464917	0.0	0	176.80361396778608	2241.917711464863	1	0	1	2.2212890850948273
293200.0	3000.0	2041.9177114649415	0.0	0	117.4230013677734	2241.917711464863	1	0	1	2.2212890850948273
294200.0	3000.0	2041.9177114650197	0.0	0	392.1877923475695	2241.917711464863	1	0	1	2.2212890850948273
295200.0	3000.0	2041.9177114649956	0.0	0	263.5859417481115	2241.9177114648046	1	0	1	2.2212890850948326
296200.0	3000.0	2041.917711464981	0.0	0	65.91694446094334	2241.9177114648046	1	0	1	2.2212890850948326
297200.0	3000.0	2041.9177114649847	0.0	0	173.74544684391003	2241.917711464863	1	0	1	2.2212890850948273
298200.0	3000.0	2041.9177114650365	0.0	0	213.28025149018504	2241.9177114648046	1	0	1	2.2212890850948326
299200.0	3000.0	2041.9177114649874	0.0	0	358.91668723954353	2241.917711464863	1	0	1	2.2212890850948313
300228.3411899696	3000.0	2013.5765214953444	0.0	0	0.0	2241.9177114648046	1	0	1	2.2212890850948295
2.98	4.16	4.12	3.76	3.58	4.12	3.61	3.93	2.9	3.6	4.69	4.02	5.25	3.59	5.51	5.57	4.19	3.51	5.79	5.13	3.56	3.09	2.88	3.97	4.09	3.06	3.24	4.0	4.11	2.93	4.01	6.31	4.26	4.81	3.86	3.6	3.88	4.18	4.26	1.99	3.6	3.59	3.05	2.68	3.79	3.36	3.24	4.76	2.91	3.42	4.09	5.31	4.07	3.36	3.76	2.43	2.94	2.73	3.59	3.88	3.6	3.44	3.64	3.35	2.36	2.97	4.12	3.54	3.43	3.1	3.41	3.49	2.79	3.16	3.1	2.66	4.41	3.29	5.22	3.95	2.54	3.07	2.76	3.16	3.24	2.03	3.43	4.68	3.39	3.65	4.7	5.38	3.08	4.29	4.09	2.92	3.63	3.85	3.63	4.65	3.41	3.61	4.29	4.05	4.47	3.9	3.15	3.19	1.69	2.63	3.86	2.69	3.17	4.61	3.46	3.48	4.52	3.46	4.82	2.56	2.77	5.87	2.79	3.63	3.61	3.04	3.46	3.73	3.13	2.99	3.64	4.62	4.58	3.34	4.33	4.1	5.15	2.88	4.29	5.73	4.23	4.05	3.16	3.72	3.7	3.82	4.4	3.39	3.46	2.26	2.98	4.16	4.12	3.76	3.58	4.12	3.61	3.93	2.9	3.6	4.69	4.02	5.25	3.59	5.51	5.57	4.19	3.51	5.79	5.13	3.56	3.09	2.88	3.97	4.09	3.06	3.24	4.0	4.11	2.93	4.01	6.31	4.26	4.81	3.86	3.6	3.88	4.18	4.26	1.99	3.6	3.59	3.05	2.68	3.79	3.36	3.24	4.76	2.91	3.42	4.09	5.31	4.07	3.36	3.76	2.43	2.94	2.73	3.59	3.88	3.6	3.44	3.64	3.35	2.36	2.97	4.12	3.54	3.43	3.1	3.41	3.49	2.79	3.16	3.1	2.66	4.41	3.29	5.22	3.95	2.54	3.07	2.76	3.16	3.24	2.03	3.43	4.68	3.39	3.65	4.7	5.38	3.08	4.29	4.09	2.92	3.63	3.85	3.63	4.65	3.41	3.61	4.29	4.05	4.47	3.9	3.15	3.19	1.69	2.63	3.86	2.69	3.17	4.61	3.46	3.48	4.52	3.46	4.82	2.56	2.77	5.87	2.79	3.63	3.61	3.04	3.46	3.73	3.13	2.99	3.64	4.62	4.58	3.34	4.33	4.1	5.15	2.88	4.29	5.73	4.23	4.05	3.16	3.72	3.7	3.82	4.4	3.39	3.46	2.26
1.0	2.0	3.0	4.0	5.0	6.0	7.0	8.0	9.0	10.0	11.0	12.0	13.0	14.0	15.0	16.0	17.0	18.0	19.0	20.0	21.0	22.0	23.0	24.0	25.0	26.0	27.0	28.0	29.0	30.0	31.0	32.0	33.0	34.0	35.0	36.0	37.0	38.0	39.0	40.0	41.0	42.0	43.0	44.0	45.0	46.0	47.0	48.0	49.0	50.0	51.0	52.0	53.0	54.0	55.0	56.0	57.0	58.0	59.0	60.0	61.0	62.0	63.0	64.0	65.0	66.0	67.0	68.0	69.0	70.0	71.0	72.0	73.0	74.0	75.0	76.0	77.0	78.0	79.0	80.0	81.0	82.0	83.0	84.0	85.0	86.0	87.0	88.0	89.0	90.0	91.0	92.0	93.0	94.0	95.0	96.0	97.0	98.0	99.0	100.0	101.0	102.0	103.0	104.0	105.0	106.0	107.0	108.0	109.0	110.0	111.0	112.0	113.0	114.0	115.0	116.0	117.0	118.0	119.0	120.0	121.0	122.0	123.0	124.0	125.0	126.0	127.0	128.0	129.0	130.0	131.0	132.0	133.0	134.0	135.0	136.0	137.0	138.0	139.0	140.0	141.0	142.0	143.0	144.0	145.0	146.0	147.0	148.0	149.0	149.0	150.0	151.0	152.0	153.0	154.0	155.0	156.0	157.0	158.0	159.0	160.0	161.0	162.0	163.0	164.0	165.0	166.0	167.0	168.0	169.0	170.0	171.0	172.0	173.0	174.0	175.0	176.0	177.0	178.0	179.0	180.0	181.0	182.0	183.0	184.0	185.0	186.0	187.0	188.0	189.0	190.0	191.0	192.0	193.0	194.0	195.0	196.0	197.0	198.0	199.0	200.0	201.0	202.0	203.0	204.0	205.0	206.0	207.0	208.0	209.0	210.0	211.0	212.0	213.0	214.0	215.0	216.0	217.0	218.0	219.0	220.0	221.0	222.0	223.0	224.0	225.0	226.0	227.0	228.0	229.0	230.0	231.0	232.0	233.0	234.0	235.0	236.0	237.0	238.0	239.0	240.0	241.0	242.0	243.0	244.0	245.0	246.0	247.0	248.0	249.0	250.0	251.0	252.0	253.0	254.0	255.0	256.0	257.0	258.0	259.0	260.0	261.0	262.0	263.0	264.0	265.0	266.0	267.0	268.0	269.0	270.0	271.0	272.0	273.0	274.0	275.0	276.0	277.0	278.0	279.0	280.0	281.0	282.0	283.0	284.0	285.0	286.0	287.0	288.0	289.0	290.0	291.0	292.0	293.0	294.0	295.0	296.0	297.0	298.0	298.0
5032.714780561606
