3160.7785262248535	300.0	2000.0	91.65433827914947	0	0.0	3160.7785262248535	1	0	1	-0.7582510836336185
3235.3194287837327	300.0	2925.459097441121	0.0	0	0.0	3160.7785262248535	1	0	1	-0.21107412603563397
4200.0	300.0	2960.7785262248535	0.0	0	891.0554612839801	3160.778526224853	1	0	1	-0.21107412603563397
5200.0	500.0	2960.778526224853	0.0	0	878.4216529585401	3160.7785262248526	1	0	1	-0.2110741260356339
6200.0	500.0	2960.7785262248535	0.0	0	881.227553477218	3160.778526224853	1	0	1	0.2997514977303568
7200.0	500.0	2960.7785262248535	0.0	0	863.8705349879529	3160.778526224853	1	0	1	0.2997514977303568
8200.0	1000.0	2960.778526224853	0.0	0	802.2313537583823	3160.7785262248535	1	0	1	0.2997514977303568
9200.0	2000.0	2960.778526224853	0.0	0	638.4660308760594	3160.7785262248535	1	0	1	0.9928986782903023
10200.0	3000.0	2960.7785262248526	0.0	0	578.8745416695092	3160.7785262248526	1	0	1	1.6860458588502476
11317.950469134079	6000.0	2842.8280570907764	0.0	0	0.0	3160.7785262248544	1	0	1	2.091510966958412
12611.359655391429	6000.0	2549.4188708334273	0.0	0	0.0	3160.7785262248544	1	0	1	2.784658147518357
13890.50856637148	6000.0	2270.2699598533763	0.0	0	0.0	3160.7785262248544	1	0	1	2.784658147518357
15046.773674007232	6000.0	2114.004852217622	0.0	0	0.0	3160.7785262248544	1	0	1	2.784658147518357
15866.159844732383	6000.0	2294.6186814924718	0.0	0	0.0	3160.7785262248544	1	0	1	2.784658147518357
16640.471732866805	6000.0	2520.3067933580514	0.0	0	0.0	3160.7785262248563	1	0	1	2.784658147518357
17230.849218382005	6000.0	2929.929307842851	0.0	0	0.0	3160.7785262248563	1	0	1	2.784658147518356
18217.351542457018	6000.0	2943.426983767841	0.0	0	0.0	3160.7785262248563	1	0	1	2.784658147518357
19407.178375239793	6000.0	2753.6001509850657	0.0	0	0.0	3160.7785262248563	1	0	1	2.784658147518357
20254.58670021762	6000.0	2906.1918260072375	0.0	0	0.0	3160.7785262248544	1	0	1	2.784658147518357
21200.0	6000.0	2960.778526224861	0.0	0	325.1354651190013	3160.7785262248544	1	0	1	2.784658147518357
22258.21765219367	6000.0	2902.5608740311936	0.0	0	0.0	3160.7785262248544	1	0	1	2.784658147518357
23392.570454626464	6000.0	2768.208071598399	0.0	0	0.0	3160.7785262248544	1	0	1	2.784658147518357
24289.22049358369	6000.0	2871.5580326411796	0.0	0	0.0	3160.778526224858	1	0	1	2.784658147518356
25479.60680361732	6000.0	2681.1717226075466	0.0	0	0.0	3160.778526224858	1	0	1	2.784658147518356
26504.54471292629	6000.0	2656.2338132985747	0.0	0	0.0	3160.7785262248617	1	0	1	2.784658147518355
27681.089231361828	6000.0	2479.6892948630375	0.0	0	0.0	3160.7785262248617	1	0	1	2.784658147518355
29120.364187841653	6000.0	2040.4143383832154	0.0	0	0.0	3160.7785262248617	1	0	1	2.784658147518355
30200.448428963853	6000.0	1960.3300972610161	0.0	0	0.0	3160.7785262248617	1	0	1	2.784658147518355
31016.459880869068	6000.0	2144.3186453558005	0.0	0	0.0	3160.7785262248617	1	0	1	2.784658147518355
31721.219314826187	6000.0	2439.5592113986813	0.0	0	0.0	3160.7785262248617	1	0	1	2.784658147518355
32806.77697237099	6000.0	2354.0015538538746	0.0	0	0.0	3160.778526224858	1	0	1	2.784658147518355
34073.71681551804	6000.0	2087.0617107068188	0.0	0	0.0	3160.778526224851	1	0	1	2.7846581475183565
35169.812032654445	6000.0	1990.9664935704045	0.0	0	0.0	3160.7785262248435	1	0	1	2.7846581475183587
35934.345645667716	6000.0	2226.432880557132	0.0	0	0.0	3160.7785262248435	1	0	1	2.7846581475183596
36854.50883451844	6000.0	2306.2696917064086	0.0	0	0.0	3160.7785262248435	1	0	1	2.784658147518359
37717.64275671613	6000.0	2443.135769508719	0.0	0	0.0	3160.7785262248435	1	0	1	2.784658147518359
39002.983916918776	6000.0	2157.7946093060746	0.0	0	0.0	3160.7785262248435	1	0	1	2.784658147518359
40119.75679573811	6000.0	2041.0217304867406	0.0	0	0.0	3160.778526224851	1	0	1	2.7846581475183583
41030.33399773767	6000.0	2130.4445284871827	0.0	0	0.0	3160.778526224851	1	0	1	2.7846581475183574
42113.175582831806	6000.0	2047.6029433930485	0.0	0	0.0	3160.778526224851	1	0	1	2.7846581475183574
43766.76346553473	6000.0	1394.0150606901277	0.0	0	0.0	3160.778526224851	1	0	1	2.7846581475183574
44597.82603365381	6000.0	1562.952492571041	0.0	0	0.0	3160.778526224851	1	0	1	2.7846581475183574
45453.906927241536	6000.0	1706.87159898331	0.0	0	0.0	3160.778526224851	1	0	1	2.7846581475183574
46151.251348268255	6000.0	2009.5271779565894	0.0	0	0.0	3160.778526224851	1	0	1	2.7846581475183574
47113.62170539384	6000.0	2047.1568208309995	0.0	0	0.0	3160.778526224851	1	0	1	2.7846581475183574
48094.269485671655	6000.0	2066.5090405531746	0.0	0	0.0	3160.778526224851	1	0	1	2.7846581475183574
49370.98038660927	6000.0	1789.798139615555	0.0	0	0.0	3160.778526224851	1	0	1	2.7846581475183574
50209.80973137016	6000.0	1950.9687948546748	0.0	0	0.0	3160.778526224858	1	0	1	2.784658147518356
51188.447136189636	6000.0	1972.331390035192	0.0	0	0.0	3160.778526224858	1	0	1	2.784658147518356
51785.16121403919	6000.0	2375.6173121856405	0.0	0	0.0	3160.778526224858	1	0	1	2.784658147518356
52929.21929541131	6000.0	2231.5592308135165	0.0	0	0.0	3160.778526224858	1	0	1	2.784658147518356
54054.14732575977	6000.0	2106.6312004650563	0.0	0	0.0	3160.778526224851	1	0	1	2.7846581475183574
55422.07051445455	6000.0	1738.7080117702758	0.0	0	0.0	3160.778526224851	1	0	1	2.7846581475183574
56586.950230388094	6000.0	1573.8282958367383	0.0	0	0.0	3160.778526224851	1	0	1	2.7846581475183574
57875.870361346206	6000.0	1284.9081648786237	0.0	0	0.0	3160.778526224851	1	0	1	2.7846581475183574
59054.794696698744	6000.0	1105.9838295260797	0.0	0	0.0	3160.778526224851	1	0	1	2.7846581475183574
60387.668989856116	6000.0	773.1095363686994	0.0	0	0.0	3160.778526224851	1	0	1	2.7846581475183574
61225.902474779	6000.0	934.8760514458165	0.0	0	0.0	3160.778526224851	1	0	1	2.7846581475183574
62504.18449946708	6000.0	656.5940267577334	0.0	0	0.0	3160.778526224851	1	0	1	2.7846581475183574
63043.85477925403	3000.0	1116.9237469707903	0.0	0	0.0	3160.778526224851	1	0	1	1.3983637863984675
63565.99427544369	3000.0	1594.7842507811356	0.0	0	0.0	3160.778526224851	1	0	1	2.0915109669584124
64155.29021021473	3000.0	2005.4883160100953	0.0	0	0.0	3160.778526224851	1	0	1	2.0915109669584124
65964.68257609653	6000.0	1196.0959501282998	0.0	0	0.0	3160.778526224858	1	0	1	2.0915109669584124
66504.86329856869	3000.0	1655.9152276561406	0.0	0	0.0	3160.778526224858	1	0	1	1.3983637863984661
67049.77475961445	3000.0	2111.003766610383	0.0	0	0.0	3160.778526224858	1	0	1	2.0915109669584124
67925.40314016044	6000.0	2235.3753860643833	0.0	0	0.0	3160.778526224858	1	0	1	2.0915109669584107
69050.69564941895	6000.0	2110.08287680588	0.0	0	0.0	3160.7785262248653	1	0	1	2.7846581475183547
70575.55460444755	6000.0	1585.2239217772753	0.0	0	0.0	3160.778526224851	1	0	1	2.7846581475183574
71481.61254180614	6000.0	1679.1659844186738	0.0	0	0.0	3160.778526224851	1	0	1	2.7846581475183574
72171.92666467976	3000.0	1988.8518615450664	0.0	0	0.0	3160.7785262248653	1	0	1	1.3983637863984646
72628.85379417107	3000.0	2531.924732053761	0.0	0	0.0	3160.7785262248653	1	0	1	2.0915109669584093
73934.32371880548	6000.0	2226.454807419352	0.0	0	0.0	3160.7785262248653	1	0	1	2.0915109669584098
75385.50810614674	6000.0	1775.2704200780818	0.0	0	0.0	3160.7785262248653	1	0	1	2.7846581475183547
76397.92704601798	6000.0	1762.85148020683	0.0	0	0.0	3160.7785262248653	1	0	1	2.7846581475183547
77199.3100347673	6000.0	1961.4684914575091	0.0	0	0.0	3160.7785262248653	1	0	1	2.7846581475183547
78981.21894411456	6000.0	1179.5595821102486	0.0	0	0.0	3160.778526224851	1	0	1	2.7846581475183574
80218.18661324975	6000.0	942.5919129750528	0.0	0	0.0	3160.778526224851	1	0	1	2.7846581475183574
80726.87624210044	3000.0	1433.9022841243784	0.0	0	0.0	3160.778526224851	1	0	1	1.3983637863984675
81234.30544206659	3000.0	1926.4730841582245	0.0	0	0.0	3160.7785262248362	1	0	1	2.091510966958416
81837.75517100867	3000.0	2323.023355216155	0.0	0	0.0	3160.7785262248362	1	0	1	2.091510966958416
82804.85521146674	6000.0	2355.9233147580876	0.0	0	0.0	3160.7785262248362	1	0	1	2.091510966958416
83740.87523819755	6000.0	2419.903288027289	0.0	0	0.0	3160.7785262248362	1	0	1	2.7846581475183605
84768.79298108537	6000.0	2391.9855451394596	0.0	0	0.0	3160.7785262248362	1	0	1	2.7846581475183605
85753.35657739351	6000.0	2407.4219488313324	0.0	0	0.0	3160.778526224851	1	0	1	2.7846581475183574
86871.7509455896	6000.0	2289.027580635242	0.0	0	0.0	3160.7785262248653	1	0	1	2.7846581475183547
87969.0972127807	6000.0	2191.68131344414	0.0	0	0.0	3160.7785262248653	1	0	1	2.7846581475183547
88715.75469757116	6000.0	2445.023828653688	0.0	0	0.0	3160.7785262248653	1	0	1	2.7846581475183547
89696.19303277873	6000.0	2464.585493446113	0.0	0	0.0	3160.7785262248653	1	0	1	2.7846581475183547
91048.06989136223	6000.0	2112.708634862608	0.0	0	0.0	3160.7785262248653	1	0	1	2.7846581475183547
91684.89253428884	6000.0	2475.885991935992	0.0	0	0.0	3160.7785262248653	1	0	1	2.7846581475183547
92615.46049557766	6000.0	2545.3180306471695	0.0	0	0.0	3160.7785262248653	1	0	1	2.7846581475183547
93456.4709626609	6000.0	2704.307563563936	0.0	0	0.0	3160.7785262248653	1	0	1	2.7846581475183547
95110.64897453973	6000.0	2050.1295516851133	0.0	0	0.0	3160.7785262248653	1	0	1	2.7846581475183547
95933.84069179159	6000.0	2226.9378344332436	0.0	0	0.0	3160.7785262248653	1	0	1	2.7846581475183547
96739.51241962877	6000.0	2421.2661065960647	0.0	0	0.0	3160.7785262248653	1	0	1	2.7846581475183547
97752.13460758496	6000.0	2408.64391863988	0.0	0	0.0	3160.7785262248653	1	0	1	2.7846581475183547
99122.91190450733	6000.0	2037.8666217175144	0.0	0	0.0	3160.7785262248653	1	0	1	2.7846581475183547
100209.36295080767	6000.0	1951.4155754171632	0.0	0	0.0	3160.7785262248653	1	0	1	2.7846581475183547
101263.58194562244	6000.0	1897.196580602379	0.0	0	0.0	3160.7785262248653	1	0	1	2.7846581475183547
102064.53658971016	6000.0	2096.2419365146598	0.0	0	0.0	3160.77852622488	1	0	1	2.784658147518351
102798.85553672811	6000.0	2361.922989496734	0.0	0	0.0	3160.7785262248944	1	0	1	2.7846581475183485
103630.53349905452	6000.0	2530.245027170326	0.0	0	0.0	3160.7785262248944	1	0	1	2.7846581475183485
104862.28999310119	6000.0	2298.4885331236746	0.0	0	0.0	3160.7785262248944	1	0	1	2.7846581475183485
106110.76218953902	6000.0	2050.0163366858565	0.0	0	0.0	3160.778526224909	1	0	1	2.7846581475183454
106952.32400394997	6000.0	2208.454522274903	0.0	0	0.0	3160.778526224909	1	0	1	2.7846581475183454
108130.93186772692	6000.0	2029.8466584979437	0.0	0	0.0	3160.7785262248944	1	0	1	2.7846581475183485
108884.0773545007	6000.0	2276.7011717241617	0.0	0	0.0	3160.77852622488	1	0	1	2.784658147518351
110515.78360072292	6000.0	1644.9949255019317	0.0	0	0.0	3160.7785262248653	1	0	1	2.7846581475183547
111648.2886372455	6000.0	1512.48988897935	0.0	0	0.0	3160.7785262248653	1	0	1	2.7846581475183547
112599.64626486605	6000.0	1561.1322613587865	0.0	0	0.0	3160.7785262248653	1	0	1	2.7846581475183547
114039.2614548114	6000.0	1121.517071413436	0.0	0	0.0	3160.7785262248653	1	0	1	2.7846581475183547
115167.60846446261	6000.0	993.1700617622372	0.0	0	0.0	3160.7785262248653	1	0	1	2.7846581475183547
116370.65178922053	6000.0	790.1267370043253	0.0	0	0.0	3160.7785262248653	1	0	1	2.7846581475183547
117183.59496186282	6000.0	977.1835643620284	0.0	0	0.0	3160.7785262248653	1	0	1	2.7846581475183547
117829.18100476198	6000.0	1331.5975214628772	0.0	0	0.0	3160.7785262248653	1	0	1	2.7846581475183547
118517.35307505469	6000.0	1643.4254511701633	0.0	0	0.0	3160.77852622488	1	0	1	2.784658147518351
119382.7947311267	6000.0	1777.9837950981587	0.0	0	0.0	3160.77852622488	1	0	1	2.784658147518351
120331.83101216963	6000.0	1828.9475140552365	0.0	0	0.0	3160.7785262248653	1	0	1	2.7846581475183547
121416.62631825145	6000.0	1744.152207973402	0.0	0	0.0	3160.7785262248653	1	0	1	2.7846581475183547
122164.52976326202	6000.0	1996.24876296284	0.0	0	0.0	3160.7785262248653	1	0	1	2.7846581475183547
123299.36402849838	6000.0	1861.4144977264818	0.0	0	0.0	3160.77852622488	1	0	1	2.784658147518351
124700.0748464842	6000.0	1460.70367974067	0.0	0	0.0	3160.77852622488	1	0	1	2.784658147518351
126126.01024082814	6000.0	1034.768285396727	0.0	0	0.0	3160.7785262248653	1	0	1	2.7846581475183547
127152.76255380148	6000.0	1008.015972423391	0.0	0	0.0	3160.7785262248653	1	0	1	2.7846581475183547
127798.42135677036	3000.0	1362.357169454527	0.0	0	0.0	3160.7785262248653	1	0	1	1.3983637863984646
128472.39950964329	3000.0	1688.3790165815908	0.0	0	0.0	3160.7785262248653	1	0	1	2.0915109669584093
129019.37555021206	3000.0	2141.4029760128133	0.0	0	0.0	3160.77852622488	1	0	1	2.0915109669584067
129488.9176919597	3000.0	2671.860834265189	0.0	0	0.0	3160.77852622488	1	0	1	2.0915109669584067
130584.8856860263	6000.0	2575.8928401985772	0.0	0	0.0	3160.7785262248653	1	0	1	2.0915109669584098
131768.0132258087	6000.0	2392.7653004161766	0.0	0	0.0	3160.778526224851	1	0	1	2.784658147518355
133063.6031321784	6000.0	2097.1753940465164	0.0	0	0.0	3160.77852622488	1	0	1	2.784658147518355
134394.51271417364	6000.0	1766.2658120512879	0.0	0	0.0	3160.7785262249236	1	0	1	2.784658147518346
135269.88311722892	6000.0	1890.8954089960423	0.0	0	0.0	3160.7785262249236	1	0	1	2.7846581475183423
136231.59624801995	6000.0	1929.1822782050083	0.0	0	0.0	3160.7785262249236	1	0	1	2.7846581475183423
136783.9017210283	6000.0	2376.8768051966695	0.0	0	0.0	3160.7785262249236	1	0	1	2.7846581475183423
137689.44869537975	6000.0	2471.329830845216	0.0	0	0.0	3160.7785262248944	1	0	1	2.7846581475183485
138896.6742111067	6000.0	2264.1043151182644	0.0	0	0.0	3160.7785262248944	1	0	1	2.7846581475183485
140242.2231357503	6000.0	1918.5553904746737	0.0	0	0.0	3160.7785262248944	1	0	1	2.7846581475183485
141114.17104935957	6000.0	2046.6074768653832	0.0	0	0.0	3160.7785262248944	1	0	1	2.7846581475183485
141820.65697749238	6000.0	2340.1215487325976	0.0	0	0.0	3160.7785262249236	1	0	1	2.7846581475183423
142884.48224259814	6000.0	2276.2962836268966	0.0	0	0.0	3160.7785262249236	1	0	1	2.7846581475183423
143712.20860027985	6000.0	2448.569925945198	0.0	0	0.0	3160.7785262248944	1	0	1	2.7846581475183485
144684.98192185635	6000.0	2475.796604368672	0.0	0	0.0	3160.7785262248944	1	0	1	2.7846581475183485
145882.90244371942	6000.0	2277.876082505596	0.0	0	0.0	3160.7785262248944	1	0	1	2.7846581475183485
146850.51545954758	6000.0	2310.263066677438	0.0	0	0.0	3160.7785262248653	1	0	1	2.7846581475183547
147883.93773373959	6000.0	2276.840792485459	0.0	0	0.0	3160.7785262248653	1	0	1	2.7846581475183547
149108.24080563735	6000.0	2052.5377205876785	0.0	0	0.0	3160.7785262248653	1	0	1	2.7846581475183547
150368.60659468934	6000.0	1792.1719315357166	0.0	0	0.0	3160.7785262248944	1	0	1	2.7846581475183485
151341.62735732156	6000.0	1819.151168903516	0.0	0	0.0	3160.7785262248944	1	0	1	2.7846581475183485
152505.13354886023	6000.0	1655.6449773648465	0.0	0	0.0	3160.7785262248944	1	0	1	2.7846581475183485
153236.67316517816	6000.0	1924.105361046901	0.0	0	0.0	3160.7785262248944	1	0	1	2.7846581475183485
154117.51284128425	6000.0	2043.2656849408181	0.0	0	0.0	3160.7785262248944	1	0	1	2.7846581475183485
154991.91500147938	6000.0	2168.863524745671	0.0	0	0.0	3160.7785262248653	1	0	1	2.7846581475183547
155790.82937963126	6000.0	2369.9491465937613	0.0	0	0.0	3160.7785262248653	1	0	1	2.7846581475183547
156826.80914516628	6000.0	2333.969381058745	0.0	0	0.0	3160.7785262248653	1	0	1	2.7846581475183547
157523.3192314675	6000.0	2637.4592947575297	0.0	0	0.0	3160.7785262248653	1	0	1	2.7846581475183547
158541.7605233826	6000.0	2619.0180028424493	0.0	0	0.0	3160.7785262248653	1	0	1	2.7846581475183547
159516.48723462253	6000.0	2644.2912916025443	0.0	0	0.0	3160.7785262248653	1	0	1	2.7846581475183547
160992.79369654824	6000.0	2167.984829676799	0.0	0	0.0	3160.7785262248362	1	0	1	2.7846581475183605
162187.5969160094	6000.0	1973.181610215585	0.0	0	0.0	3160.778526224807	1	0	1	2.784658147518363
163216.0629639851	6000.0	1944.7155622398916	0.0	0	0.0	3160.778526224778	1	0	1	2.7846581475183694
164140.41105409196	6000.0	2020.3674721330115	0.0	0	0.0	3160.778526224778	1	0	1	2.784658147518373
165002.446991815	6000.0	2158.331534409998	0.0	0	0.0	3160.778526224778	1	0	1	2.784658147518373
165716.73031759087	6000.0	2444.0482086341153	0.0	0	0.0	3160.778526224778	1	0	1	2.784658147518373
166393.3438041025	6000.0	2767.434722122523	0.0	0	0.0	3160.778526224778	1	0	1	2.784658147518373
167234.85372687882	6000.0	2925.924799346227	0.0	0	0.0	3160.778526224778	1	0	1	2.784658147518373
168694.61110502214	6000.0	2466.167421202915	0.0	0	0.0	3160.778526224807	1	0	1	2.7846581475183667
169419.7104286754	6000.0	2741.068097549633	0.0	0	0.0	3160.778526224807	1	0	1	2.7846581475183667
170200.4032420605	6000.0	2960.3752841645132	0.0	0	0.0	3160.778526224807	1	0	1	2.7846581475183667
171200.0	6000.0	2960.7785262249936	0.0	0	304.88890845002607	3160.778526224807	1	0	1	2.7846581475183667
172358.60197242463	6000.0	2802.1765538003833	0.0	0	0.0	3160.778526224807	1	0	1	2.7846581475183667
173200.0	6000.0	2960.778526225018	0.0	0	252.2925063490693	3160.778526224807	1	0	1	2.7846581475183667
174531.32998577654	6000.0	2629.448540448501	0.0	0	0.0	3160.778526224807	1	0	1	2.7846581475183667
175687.05247505306	6000.0	2473.7260511719674	0.0	0	0.0	3160.778526224778	1	0	1	2.784658147518373
176715.4152299627	6000.0	2445.3632962623124	0.0	0	0.0	3160.778526224778	1	0	1	2.784658147518373
178237.2745083333	6000.0	1923.5040178916993	0.0	0	0.0	3160.778526224778	1	0	1	2.784658147518373
179351.59406584885	6000.0	1809.1844603761092	0.0	0	0.0	3160.778526224778	1	0	1	2.784658147518373
180190.96390487277	6000.0	1969.8146213521782	0.0	0	0.0	3160.778526224749	1	0	1	2.7846581475183756
181123.94183294312	6000.0	2036.8366932818246	0.0	0	0.0	3160.778526224778	1	0	1	2.784658147518373
181997.50990775556	6000.0	2163.268618469377	0.0	0	0.0	3160.778526224778	1	0	1	2.784658147518373
183364.69558410384	6000.0	1796.0829421211236	0.0	0	0.0	3160.778526224778	1	0	1	2.784658147518373
184245.88445794542	6000.0	1914.8940682795283	0.0	0	0.0	3160.778526224807	1	0	1	2.784658147518369
185001.22982125526	6000.0	2159.5487049697163	0.0	0	0.0	3160.7785262248362	1	0	1	2.784658147518366
186242.20475596064	6000.0	1918.5737702643198	0.0	0	0.0	3160.778526224807	1	0	1	2.784658147518363
187200.862773251	6000.0	1959.91575297398	0.0	0	0.0	3160.778526224778	1	0	1	2.784658147518373
188361.9716763582	6000.0	1798.8068498667371	0.0	0	0.0	3160.778526224778	1	0	1	2.784658147518373
189653.86275789255	6000.0	1506.9157683324056	0.0	0	0.0	3160.778526224778	1	0	1	2.784658147518373
190901.76810952448	6000.0	1259.0104167005106	0.0	0	0.0	3160.778526224778	1	0	1	2.784658147518373
192325.41430025123	6000.0	835.3642259737675	0.0	0	0.0	3160.778526224749	1	0	1	2.784658147518377
193391.47709000699	6000.0	769.3014362180047	0.0	0	0.0	3160.778526224749	1	0	1	2.784658147518379
194057.25956006805	6000.0	1103.518966156938	0.0	0	0.0	3160.778526224749	1	0	1	2.784658147518379
195073.04851576136	6000.0	1087.7300104636506	0.0	0	0.0	3160.778526224778	1	0	1	2.784658147518373
195862.12201917297	6000.0	1298.6565070520137	0.0	0	0.0	3160.778526224749	1	0	1	2.784658147518379
196509.4140540783	6000.0	1651.3644721466596	0.0	0	0.0	3160.77852622472	1	0	1	2.7846581475183854
197467.2114772185	6000.0	1693.5670490065102	0.0	0	0.0	3160.778526224749	1	0	1	2.784658147518382
198771.29992929334	6000.0	1389.478596931714	0.0	0	0.0	3160.778526224778	1	0	1	2.784658147518373
199929.8594635815	6000.0	1230.9190626435584	0.0	0	0.0	3160.778526224807	1	0	1	2.7846581475183667
200629.29915631647	6000.0	1531.4793699085474	0.0	0	0.0	3160.778526224807	1	0	1	2.7846581475183667
201795.34870018298	6000.0	1365.4298260420442	0.0	0	0.0	3160.778526224807	1	0	1	2.7846581475183667
202966.62049969993	6000.0	1194.1580265251037	0.0	0	0.0	3160.778526224807	1	0	1	2.7846581475183667
204076.33659407203	6000.0	1084.4419321530108	0.0	0	0.0	3160.7785262248362	1	0	1	2.7846581475183605
205229.42753404472	6000.0	931.3509921803159	0.0	0	0.0	3160.7785262248362	1	0	1	2.7846581475183605
206448.66228905742	6000.0	712.1162371675919	0.0	0	0.0	3160.7785262248362	1	0	1	2.7846581475183605
207051.2724211564	3000.0	1109.5061050686181	0.0	0	0.0	3160.778526224807	1	0	1	1.3983637863984721
207660.91315109964	3000.0	1499.8653751253894	0.0	0	0.0	3160.778526224807	1	0	1	2.091510966958422
208141.85425165115	3000.0	1970.830164518703	0.0	0	0.0	3112.6844161695917	1	0	2	1.6987258592964514
209320.20703477593	6000.0	1792.4773813939369	0.0	0	0.0	3112.6844161695917	1	0	1	1.901338894136793
210402.0848588491	6000.0	1710.5995573207588	0.0	0	0.0	3112.6844161695917	1	0	1	2.794486074696738
211726.11180449693	6000.0	1386.5726116729074	0.0	0	0.0	3112.684416169621	1	0	1	2.7944860746967324
212276.44153590014	3000.0	1836.242880269699	0.0	0	0.0	3112.68441616965	1	0	1	1.408191713576837
213585.90709891362	6000.0	1526.7773172562197	0.0	0	0.0	3112.68441616965	1	0	1	2.1013388941367817
214589.7828117805	6000.0	1522.9016043893544	0.0	0	0.0	3112.684416169679	1	0	1	2.794486074696721
215874.063425819	6000.0	1238.6209903508386	0.0	0	0.0	3112.684416169679	1	0	1	2.794486074696721
216747.83725897587	6000.0	1364.8471571939613	0.0	0	0.0	3112.68441616965	1	0	1	2.7944860746967266
218007.96044676774	6000.0	1104.723969402099	0.0	0	0.0	3112.68441616965	1	0	1	2.7944860746967266
219792.783463803	6000.0	319.90095236682794	0.0	0	0.0	3112.684416169621	1	0	1	2.7944860746967324
220263.27404297062	3000.0	849.4103731992132	0.0	0	0.0	3112.68441616965	1	0	1	1.408191713576837
221036.57082147297	3000.0	1076.113594696852	0.0	0	0.0	3112.684416169621	1	0	1	2.101338894136788
221477.68382191245	3000.0	1635.0005942573932	0.0	0	0.0	3112.684416169621	1	0	1	2.101338894136788
221952.08253353118	3000.0	2160.601882638675	0.0	0	0.0	3112.68441616965	1	0	1	2.101338894136782
222507.1564942084	3000.0	2605.5279219614486	0.0	0	0.0	3112.684416169679	1	0	1	2.1013388941367763
223840.10457785308	6000.0	2272.5798383167485	0.0	0	0.0	3112.684416169679	1	0	1	2.101338894136776
224861.28399526747	6000.0	2251.4004209023897	0.0	0	0.0	3112.684416169708	1	0	1	2.7944860746967146
225564.4614480254	6000.0	2548.2229681444687	0.0	0	0.0	3112.6844161697372	1	0	1	2.7944860746967093
226809.97498820102	6000.0	2302.7094279688326	0.0	0	0.0	3112.6844161697372	1	0	1	2.7944860746967093
228588.82192053655	6000.0	1523.8624956333342	0.0	0	0.0	3112.6844161697663	1	0	1	2.794486074696704
229980.11769477278	6000.0	1132.5667213970914	0.0	0	0.0	3112.6844161697372	1	0	1	2.7944860746967093
231151.3140071239	6000.0	961.3704090459473	0.0	0	0.0	3112.6844161697372	1	0	1	2.7944860746967093
232276.17133024352	6000.0	836.5130859263314	0.0	0	0.0	3112.6844161697372	1	0	1	2.7944860746967093
232829.04814776863	3000.0	1283.6362684012192	0.0	0	0.0	3112.6844161697663	1	0	1	1.4081917135768136
233212.35472707657	3000.0	1900.3296890933048	0.0	0	0.0	3112.6844161697663	1	0	1	2.1013388941367586
233981.28701881255	6000.0	2131.397397357324	0.0	0	0.0	3112.6844161697663	1	0	1	2.101338894136758
234916.71507232665	6000.0	2195.9693438432073	0.0	0	0.0	3112.6844161697663	1	0	1	2.794486074696703
235878.34260732977	6000.0	2234.3418088400585	0.0	0	0.0	3112.6844161697372	1	0	1	2.7944860746967093
236761.06661554758	6000.0	2351.6178006222704	0.0	0	0.0	3112.6844161697372	1	0	1	2.7944860746967093
237579.79030554174	6000.0	2532.894110628113	0.0	0	0.0	3112.6844161697372	1	0	1	2.7944860746967093
238673.30829011436	6000.0	2439.3761260555075	0.0	0	0.0	3112.6844161697372	1	0	1	2.7944860746967093
239757.84005620077	6000.0	2354.844359969068	0.0	0	0.0	3112.6844161697372	1	0	1	2.7944860746967093
240583.5147587372	6000.0	2529.1696574326475	0.0	0	0.0	3112.6844161697372	1	0	1	2.7944860746967093
241405.06186033937	6000.0	2707.622555830463	0.0	0	0.0	3112.6844161697372	1	0	1	2.7944860746967093
242403.60946252025	6000.0	2709.07495364957	0.0	0	0.0	3112.684416169708	1	0	1	2.7944860746967146
243537.68881576366	6000.0	2574.9956004061605	0.0	0	0.0	3112.684416169708	1	0	1	2.7944860746967146
244413.77880762285	6000.0	2698.9056085469615	0.0	0	0.0	3112.684416169708	1	0	1	2.7944860746967146
245424.79212524378	6000.0	2687.8922909260355	0.0	0	0.0	3112.6844161697372	1	0	1	2.79448607469671
246200.0	6000.0	2912.684416169804	0.0	0	33.87928696733434	3112.6844161697372	1	0	1	2.7944860746967093
247323.809166482	6000.0	2788.8752496877682	0.0	0	0.0	3112.684416169708	1	0	1	2.794486074696713
248203.83441751564	6000.0	2908.8499986541233	0.0	0	0.0	3112.684416169708	1	0	1	2.7944860746967146
249200.0	6000.0	2912.684416169767	0.0	0	189.59356849757023	3112.684416169708	1	0	1	2.7944860746967146
250200.0	6000.0	2912.684416169762	0.0	0	197.2564266792324	3112.684416169708	1	0	1	2.7944860746967146
251200.0	6000.0	2912.6844161697522	0.0	0	181.8313156592194	3112.684416169708	1	0	1	2.7944860746967146
252200.0	6000.0	2912.6844161697677	0.0	0	358.638128513674	3112.6844161697372	1	0	1	2.7944860746967093
253200.0	6000.0	2912.684416169775	0.0	0	93.40104553077254	3112.6844161697372	1	0	1	2.7944860746967093
254382.41869372307	6000.0	2730.2657224467075	0.0	0	0.0	3112.6844161697372	1	0	1	2.7944860746967093
255288.4372922668	6000.0	2824.2471239029755	0.0	0	0.0	3112.6844161697372	1	0	1	2.7944860746967093
256200.0	6000.0	2912.684416169789	0.0	0	223.79261297709309	3112.6844161697372	1	0	1	2.7944860746967093
257598.72368263445	6000.0	2513.960733535347	0.0	0	0.0	3112.6844161697372	1	0	1	2.7944860746967093
259078.06590453855	6000.0	2034.618511631209	0.0	0	0.0	3112.6844161697372	1	0	1	2.7944860746967093
260396.51728585645	6000.0	1716.1671303133285	0.0	0	0.0	3112.6844161697663	1	0	1	2.794486074696703
261626.5033612181	6000.0	1486.1810549516279	0.0	0	0.0	3112.6844161697663	1	0	1	2.794486074696703
262962.0020726627	6000.0	1150.6823435070742	0.0	0	0.0	3112.6844161697954	1	0	1	2.794486074696703
263844.9962855877	6000.0	1267.688130582016	0.0	0	0.0	3112.6844161697663	1	0	1	2.794486074696701
265008.21210981865	6000.0	1104.4723063510946	0.0	0	0.0	3112.6844161697663	1	0	1	2.7944860746966986
265976.24235328654	6000.0	1136.4420628832538	0.0	0	0.0	3112.6844161698245	1	0	1	2.7944860746966915
266622.29384851176	6000.0	1490.390567657973	0.0	0	0.0	3112.6844161698245	1	0	1	2.7944860746966915
267349.84315729636	6000.0	1762.8412588733863	0.0	0	0.0	3112.6844161698245	1	0	1	2.7944860746966915
268258.47849002405	6000.0	1854.2059261456839	0.0	0	0.0	3112.684416169708	1	0	1	2.79448607469671
268785.24252105254	6000.0	2327.4418951171897	0.0	0	0.0	3112.68441616965	1	0	1	2.7944860746967266
269664.6018167548	6000.0	2448.0825994149864	0.0	0	0.0	3112.68441616965	1	0	1	2.7944860746967266
270336.1561145708	6000.0	2776.528301599029	0.0	0	0.0	3112.68441616965	1	0	1	2.7944860746967266
271396.3919394542	6000.0	2716.2924767156082	0.0	0	0.0	3112.6844161695917	1	0	1	2.794486074696738
272885.7941246314	6000.0	2226.8902915383887	0.0	0	0.0	3112.6844161695917	1	0	1	2.794486074696738
274060.0337828778	6000.0	2052.6506332920076	0.0	0	0.0	3112.68441616965	1	0	1	2.7944860746967266
275339.1745771033	6000.0	1773.509839066519	0.0	0	0.0	3112.68441616965	1	0	1	2.7944860746967266
276908.0838825235	6000.0	1204.6005336462244	0.0	0	0.0	3112.68441616965	1	0	1	2.7944860746967266
278235.8889290573	6000.0	876.7954871125	0.0	0	0.0	3112.68441616965	1	0	1	2.7944860746967266
278775.1892655535	3000.0	1337.4951506162338	0.0	0	0.0	3112.6844161695917	1	0	1	1.4081917135768482
279207.55351778993	3000.0	1905.1308983797915	0.0	0	0.0	3112.6844161695917	1	0	1	2.101338894136793
280438.763337373	6000.0	1673.9210787967152	0.0	0	0.0	3112.6844161695917	1	0	1	2.1013388941367976
281607.0286441743	6000.0	1505.6557719954044	0.0	0	0.0	3112.6844161695917	1	0	1	2.794486074696738
282159.4400741966	3000.0	1953.2443419730992	0.0	0	0.0	3112.6844161695917	1	0	1	1.4081917135768482
283506.53717227065	6000.0	1606.1472438990884	0.0	0	0.0	3112.6844161695917	1	0	1	2.101338894136793
284520.74849485105	6000.0	1591.9359213186758	0.0	0	0.0	3112.6844161695917	1	0	1	2.794486074696738
285199.0988121054	6000.0	1913.5856040642643	0.0	0	0.0	3112.6844161695917	1	0	1	2.794486074696738
285777.8142424411	6000.0	2334.8701737285787	0.0	0	0.0	3112.6844161695917	1	0	1	2.794486074696738
287016.2644967523	6000.0	2096.4199194174125	0.0	0	0.0	3112.68441616965	1	0	1	2.7944860746967266
287858.0114632189	6000.0	2254.6729529508793	0.0	0	0.0	3112.68441616965	1	0	1	2.7944860746967266
288965.5463865157	6000.0	2147.1380296540233	0.0	0	0.0	3112.6844161695917	1	0	1	2.794486074696738
290205.4306933694	6000.0	1907.2537228003678	0.0	0	0.0	3112.6844161695335	1	0	1	2.7944860746967426
291101.769425366	6000.0	2010.9149908037944	0.0	0	0.0	3112.6844161695917	1	0	1	2.7944860746967475
292050.92409517383	6000.0	2061.760320996001	0.0	0	0.0	3112.6844161695917	1	0	1	2.794486074696738
293013.1757432132	6000.0	2099.508672956549	0.0	0	0.0	3112.6844161695335	1	0	1	2.7944860746967404
293927.1915012847	6000.0	2185.492914884988	0.0	0	0.0	3112.6844161694753	1	0	1	2.7944860746967617
295017.37627031957	6000.0	2095.3081458501483	0.0	0	0.0	3112.6844161694753	1	0	1	2.7944860746967617
296307.67738237267	6000.0	1805.0070337970615	0.0	0	0.0	3112.6844161695335	1	0	1	2.794486074696754
297433.5426899016	6000.0	1679.141726268106	0.0	0	0.0	3112.6844161695335	1	0	1	2.7944860746967497
298848.3268119724	6000.0	1264.3576041973065	0.0	0	0.0	3112.6844161694753	1	0	1	2.7944860746967617
299759.3332727814	6000.0	1353.3511433884325	0.0	0	0.0	3112.6844161694753	1	0	1	2.7944860746967617
300912.7866211852	6000.0	1199.8977949845703	0.0	0	0.0	3112.6844161694753	1	0	1	2.7944860746967617
302014.6756059905	6000.0	1098.0088101792799	0.0	0	0.0	3112.6844161694753	1	0	1	2.7944860746967617
7.12	6.87	7.82	5.69	6.65	7.11	7.32	6.43	5.09	4.63	6.76	6.1	7.22	7.37	8.7	4.89	5.48	8.12	6.67	5.85	7.94	6.52	5.72	6.09	3.82	3.92	6.71	7.6	8.56	7.55	4.99	5.46	7.69	5.79	7.82	6.16	5.26	5.28	5.11	4.46	5.17	6.72	7.29	8.36	7.91	4.31	6.75	6.19	7.8	6.16	6.09	4.31	5.07	5.8	5.91	6.17	5.42	6.26	5.21	5.5	5.63	5.12	4.11	6.79	6.54	4.81	3.92	5.4	4.7	5.91	6.46	4.88	6.14	6.72	4.92	3.63	5.8	5.11	6.09	5.26	5.87	7.21	7.75	7.17	7.52	8.17	7.59	4.76	7.77	7.03	4.6	4.97	6.66	6.89	4.46	5.97	7.07	7.75	6.72	8.09	5.17	6.94	5.73	7.96	5.07	6.65	4.59	5.62	6.32	6.6	5.11	5.72	3.82	7.62	7.51	6.68	10.1	6.06	7.25	6.19	4.56	3.81	4.66	4.34	4.83	5.33	7.73	6.9	5.54	4.98	5.42	5.49	7.16	9.28	4.96	6.56	4.74	6.17	6.8	5.32	7.25	6.51	4.92	4.77	7.59	5.39	4.62	5.14	6.42	7.43	7.12	6.87	7.82	5.69	6.65	7.11	7.32	6.43	5.09	4.63	6.76	6.1	7.22	7.37	8.7	4.89	5.48	8.12	6.67	5.85	7.94	6.52	5.72	6.09	3.82	3.92	6.71	7.6	8.56	7.55	4.99	5.46	7.69	5.79	7.82	6.16	5.26	5.28	5.11	4.46	5.17	6.72	7.29	8.36	7.91	4.31	6.75	6.19	7.8	6.16	6.09	4.31	5.07	5.8	5.91	6.17	5.42	6.26	5.21	5.5	5.63	5.12	4.11	6.79	6.54	4.81	3.92	5.4	4.7	5.91	6.46	4.88	6.14	6.72	4.92	3.63	5.8	5.11	6.09	5.26	5.87	7.21	7.75	7.17	7.52	8.17	7.59	4.76	7.77	7.03	4.6	4.97	6.66	6.89	4.46	5.97	7.07	7.75	6.72	8.09	5.17	6.94	5.73	7.96	5.07	6.65	4.59	5.62	6.32	6.6	5.11	5.72	3.82	7.62	7.51	6.68	10.1	6.06	7.25	6.19	4.56	3.81	4.66	4.34	4.83	5.33	7.73	6.9	5.54	4.98	5.42	5.49	7.16	9.28	4.96	6.56	4.74	6.17	6.8	5.32	7.25	6.51	4.92	4.77	7.59	5.39	4.62	5.14	6.42	7.43	7.12	6.87	7.82
1.0	2.0	3.0	4.0	5.0	6.0	7.0	8.0	9.0	10.0	11.0	12.0	13.0	14.0	15.0	16.0	17.0	18.0	19.0	20.0	21.0	22.0	23.0	24.0	25.0	26.0	27.0	28.0	29.0	30.0	31.0	32.0	33.0	34.0	35.0	36.0	37.0	38.0	39.0	40.0	41.0	42.0	43.0	44.0	45.0	46.0	47.0	48.0	49.0	50.0	51.0	52.0	53.0	54.0	55.0	56.0	57.0	58.0	59.0	60.0	61.0	62.0	63.0	64.0	65.0	66.0	67.0	68.0	69.0	70.0	71.0	72.0	73.0	74.0	75.0	76.0	77.0	78.0	79.0	80.0	81.0	82.0	83.0	84.0	85.0	86.0	87.0	88.0	89.0	90.0	91.0	92.0	93.0	94.0	95.0	96.0	97.0	98.0	99.0	100.0	101.0	102.0	103.0	104.0	105.0	106.0	107.0	108.0	109.0	110.0	111.0	112.0	113.0	114.0	115.0	116.0	117.0	118.0	119.0	120.0	121.0	122.0	123.0	124.0	125.0	126.0	127.0	128.0	129.0	130.0	131.0	132.0	133.0	134.0	135.0	136.0	137.0	138.0	139.0	140.0	141.0	142.0	143.0	144.0	145.0	146.0	147.0	148.0	149.0	149.0	150.0	151.0	152.0	153.0	154.0	155.0	156.0	157.0	158.0	159.0	160.0	161.0	162.0	163.0	164.0	165.0	166.0	167.0	168.0	169.0	170.0	171.0	172.0	173.0	174.0	175.0	176.0	177.0	178.0	179.0	180.0	181.0	182.0	183.0	184.0	185.0	186.0	187.0	188.0	189.0	190.0	191.0	192.0	193.0	194.0	195.0	196.0	197.0	198.0	199.0	200.0	201.0	202.0	203.0	204.0	205.0	206.0	207.0	208.0	209.0	210.0	211.0	212.0	213.0	214.0	215.0	216.0	217.0	218.0	219.0	220.0	221.0	222.0	223.0	224.0	225.0	226.0	227.0	228.0	229.0	230.0	231.0	232.0	233.0	234.0	235.0	236.0	237.0	238.0	239.0	240.0	241.0	242.0	243.0	244.0	245.0	246.0	247.0	248.0	249.0	250.0	251.0	252.0	253.0	254.0	255.0	256.0	257.0	258.0	259.0	260.0	261.0	262.0	263.0	264.0	265.0	266.0	267.0	268.0	269.0	270.0	271.0	272.0	273.0	274.0	275.0	276.0	277.0	278.0	279.0	280.0	281.0	282.0	283.0	284.0	285.0	286.0	287.0	288.0	289.0	290.0	291.0	292.0	293.0	294.0	295.0	296.0	297.0	298.0	298.0	299.0	300.0	301.0
2996.622229924459
