5748.837039033222	300.0	2000.0	113.75519629736917	0	0.0	5748.837039033222	1	0	1	-2.402049609079958
5837.615740802133	300.0	2911.221298231089	0.0	0	0.0	5748.837039033221	1	0	1	-1.7402586094220256
5964.13734345519	300.0	3784.6996955780323	0.0	0	0.0	5748.837039033221	1	0	1	-1.7402586094220254
6132.11946218025	500.0	4599.919364980467	0.0	0	0.0	5732.038827160715	1	0	2	-2.127087677346546
6335.005906861119	500.0	5376.744275831512	0.0	0	0.0	5711.750182692629	1	0	2	-1.3973499600700288
7200.0	500.0	5425.2507733787415	0.0	0	663.906313537067	5625.250773378741	1	0	2	-1.3471179304338197
8200.0	500.0	5325.2507733787415	0.0	0	776.4209804293132	5525.250773378741	1	0	2	-1.2513368798897848
9200.0	1000.0	5225.250773378741	0.0	0	705.9594057387585	5425.250773378741	1	0	2	-1.1570207659058287
10200.0	1000.0	5125.250773378739	0.0	0	745.2044456820677	5325.250773378739	1	0	2	-0.3719857309330512
11239.863966067638	3000.0	4981.400410704337	0.0	0	0.0	5221.264376771976	1	0	2	-0.2685920966266757
12200.0	3000.0	4925.250773378739	0.0	0	60.703181557042626	5125.250773378739	1	0	2	0.9109336818266957
13200.0	3000.0	4825.250773378738	0.0	0	65.82070092903996	5025.250773378738	1	0	2	0.9900552637635791
14200.0	3000.0	4725.250773378735	0.0	0	4.845407261163928	4925.250773378737	1	0	2	1.0763561774195627
15200.0	3000.0	4625.250773378733	0.0	0	451.79108718013595	4825.250773378735	1	0	2	1.1404902374454073
16200.0	3000.0	4525.250773378732	0.0	0	29.891869306957233	4725.250773378733	1	0	2	1.2178796123897475
17200.0	3000.0	4425.2507733787315	0.0	0	352.08272685164775	4625.250773378735	1	0	2	1.2824548737493486
18200.0	3000.0	4325.250773378733	0.0	0	474.88688993816686	4525.250773378735	1	0	2	1.3432141537223299
19200.0	3000.0	4225.2507733787315	0.0	0	117.55356453750937	4425.250773378733	1	0	2	1.407892555820041
20200.0	3000.0	4125.250773378732	0.0	0	392.9655365231956	4325.250773378733	1	0	2	1.4606379920554482
21200.0	3000.0	4025.2507733787334	0.0	0	368.05078711817623	4225.2507733787315	1	0	2	1.5133741615022078
22200.0	3000.0	3925.25077337873	0.0	0	3.286720818730828	4125.2507733787315	1	0	2	1.5652712824490975
23200.0	3000.0	3825.2507733787334	0.0	0	59.012237269624165	4025.250773378735	1	0	2	1.6128821505015212
24200.0	3000.0	3725.2507733787306	0.0	0	116.56476198445671	3925.2507733787315	1	0	2	1.6548736748919814
25200.0	3000.0	3625.250773378729	0.0	0	147.4848576025688	3825.250773378728	1	0	2	1.6922075592153765
26200.0	3000.0	3525.2507733787256	0.0	0	105.27166459437285	3725.250773378728	1	0	2	1.7288282303571396
27514.172111598487	3000.0	3079.661450620387	0.0	0	0.0	3593.833562218879	1	0	2	1.7703944889270167
28358.472156116342	3000.0	3150.931401650744	0.0	0	0.0	3509.403557767091	1	0	2	1.800486144365331
29488.378188217514	3000.0	2908.034766339453	0.0	0	0.0	3396.4129545569667	1	0	2	1.8289107714800368
30224.606562518886	3000.0	3098.183554607943	0.0	0	0.0	3322.7901171268277	1	0	2	1.8505495596767378
31200.0	3000.0	3025.2507733787193	0.0	0	176.88331373326946	3225.2507733787243	1	0	2	1.870086525409714
32200.0	3000.0	2925.2507733787256	0.0	0	337.3211937340311	3125.2507733787315	1	0	2	1.8909947050169926
33200.0	3000.0	2825.2507733787224	0.0	0	375.9420864257627	3025.250773378728	1	0	2	1.9108075142912684
34200.0	3000.0	2725.2507733787215	0.0	0	151.866009064448	2925.250773378728	1	0	2	1.9302329388454633
35304.08866688147	3000.0	2510.753239809093	0.0	0	0.0	2814.84190669057	1	0	2	1.9488645453350517
36363.90617316637	3000.0	2344.9539828957118	0.0	0	0.0	2708.860156062081	1	0	2	1.9653484931294036
37200.0	3000.0	2425.250773378713	0.0	0	4.088266572834982	2625.2507733787206	1	0	2	1.977124747588372
38312.80950175194	3000.0	2201.1603214515794	0.0	0	0.0	2513.9698232035225	1	0	2	1.9902259501420387
39639.10388268262	3000.0	1742.236502427825	0.0	0	0.0	2381.340385110452	1	0	2	2.0047216182472276
40406.11448025413	3000.0	1898.5248450991585	0.0	0	0.0	2304.6393253533024	1	0	2	2.013636706540048
41581.58899870514	3000.0	1605.502874803055	0.0	0	0.0	2187.091873508216	1	0	2	2.0233371925836505
42227.71869391418	3000.0	1894.7602100731062	0.0	0	0.0	2122.4789039873067	1	0	2	2.0299420788501203
43200.0	3000.0	1825.25077337871	0.0	0	272.92139789400244	2025.2507733787206	1	0	2	2.0361593286107857
44200.0	3000.0	1725.2507733787081	0.0	0	205.50625718522497	1925.2507733787206	1	0	2	2.0433341007017303
45256.58313073631	3000.0	1563.0093295687657	0.0	0	0.0	1819.592460305088	1	0	2	2.050372710169166
46200.0	3000.0	1525.2507733787127	0.0	0	0.8516376097904867	1725.2507733787133	1	0	2	2.0562526432274173
47200.0	3000.0	1425.2507733787152	0.0	0	234.30521906282956	1625.250773378706	1	0	2	2.061042008300113
48200.0	3000.0	1325.2507733787133	0.0	0	228.53693484068936	1525.2507733786988	1	0	2	2.0658483787932305
49200.0	3000.0	1225.2507733787097	0.0	0	169.43325509312126	1425.2507733786915	1	0	2	2.070215688090157
50200.0	3000.0	1225.250773378713	0.0	0	321.2476268393366	1425.2507733786915	1	0	1	2.0716608042786175
51200.0	3000.0	1225.2507733787188	0.0	0	184.43875859364198	1425.2507733786915	1	0	1	2.2716608042786177
52200.0	3000.0	1225.2507733787197	0.0	0	248.48919930045668	1425.2507733786842	1	0	1	2.2716608042786177
53200.0	3000.0	1225.2507733787108	0.0	0	35.80090453178855	1425.2507733786842	1	0	1	2.2716608042786177
54200.0	3000.0	1225.2507733787197	0.0	0	104.25438737819786	1425.2507733786842	1	0	1	2.2716608042786177
55200.0	3000.0	1225.2507733787231	0.0	0	72.12470511929132	1425.2507733786842	1	0	1	2.2716608042786177
56224.80275667649	3000.0	1200.44801670224	0.0	0	0.0	1425.2507733786842	1	0	1	2.2716608042786177
57200.0	3000.0	1225.2507733787288	0.0	0	10.67232387742115	1425.2507733786842	1	0	1	2.2716608042786177
58216.41016003398	3000.0	1208.8406133447584	0.0	0	0.0	1425.2507733786842	1	0	1	2.2716608042786177
59200.0	3000.0	1225.2507733787324	0.0	0	49.22959763099789	1425.2507733786842	1	0	1	2.2716608042786177
60200.0	3000.0	1225.250773378731	0.0	0	373.510033691804	1425.2507733786842	1	0	1	2.2716608042786177
61200.0	3000.0	1225.250773378731	0.0	0	282.91434094356373	1425.2507733786915	1	0	1	2.2716608042786177
62200.0	3000.0	1225.25077337874	0.0	0	83.0305536847809	1425.2507733786915	1	0	1	2.2716608042786177
63200.0	3000.0	1225.2507733787415	0.0	0	266.53018140478525	1425.2507733786915	1	0	1	2.2716608042786177
64200.0	3000.0	1225.2507733787475	0.0	0	349.8717179706	1425.2507733786915	1	0	1	2.2716608042786177
65200.0	3000.0	1225.250773378746	0.0	0	352.06396103818406	1425.2507733786915	1	0	1	2.2716608042786177
66262.29379290398	3000.0	1162.956980474772	0.0	0	0.0	1425.2507733786915	1	0	1	2.2716608042786173
67200.0	3000.0	1225.2507733787475	0.0	0	79.17907819231914	1425.2507733786915	1	0	1	2.2716608042786177
68200.0	3000.0	1225.250773378741	0.0	0	228.71718328761926	1425.250773378706	1	0	1	2.2716608042786173
69200.0	3000.0	1225.250773378737	0.0	0	62.51589190523373	1425.2507733786915	1	0	1	2.2716608042786177
70636.58947050055	3000.0	788.6613028781744	0.0	0	0.0	1425.250773378677	1	0	1	2.2716608042786177
71486.51665620318	3000.0	938.734117175552	0.0	0	0.0	1425.2507733786915	1	0	1	2.2716608042786177
72216.91835520843	3000.0	1208.3324181702992	0.0	0	0.0	1425.2507733786915	1	0	1	2.2716608042786177
73200.0	3000.0	1225.2507733787277	0.0	0	19.124562830926152	1425.2507733786915	1	0	1	2.2716608042786177
74377.53771462302	3000.0	1047.7130587557162	0.0	0	0.0	1425.2507733786915	1	0	1	2.2716608042786177
75291.64591092683	3000.0	1133.6048624519076	0.0	0	0.0	1425.2507733786915	1	0	1	2.2716608042786177
76475.33711662499	3000.0	949.9136567537764	0.0	0	0.0	1425.250773378706	1	0	1	2.2716608042786173
77745.051979939	3000.0	680.1987934397747	0.0	0	0.0	1425.2507733787206	1	0	1	2.2716608042786164
78269.15741242097	3000.0	1156.093360957807	0.0	0	0.0	1425.2507733787206	1	0	1	2.2716608042786164
79402.99036923327	3000.0	1022.2604041455219	0.0	0	0.0	1425.2507733787206	1	0	1	2.2716608042786164
80493.30805990503	3000.0	931.9427134737738	0.0	0	0.0	1425.2507733787206	1	0	1	2.2716608042786164
81200.0	3000.0	1225.2507733788232	0.0	0	189.12227822036948	1425.2507733787206	1	0	1	2.2716608042786164
82200.0	3000.0	1225.2507733788123	0.0	0	492.4488248701382	1425.2507733787206	1	0	1	2.2716608042786164
83200.0	3000.0	1225.2507733787957	0.0	0	102.51354318964877	1425.250773378706	1	0	1	2.2716608042786173
84200.0	3000.0	1225.2507733787909	0.0	0	319.226030513586	1425.250773378706	1	0	1	2.2716608042786173
85200.0	3000.0	1225.2507733787897	0.0	0	59.25275940695428	1425.250773378706	1	0	1	2.2716608042786173
86200.0	3000.0	1225.2507733787836	0.0	0	208.07133157699718	1425.250773378706	1	0	1	2.2716608042786173
87200.0	3000.0	1225.2507733787822	0.0	0	172.93094959363225	1425.250773378706	1	0	1	2.2716608042786173
88200.0	3000.0	1225.2507733787952	0.0	0	336.1675597869762	1425.2507733787206	1	0	1	2.2716608042786164
89200.0	3000.0	1225.250773378795	0.0	0	433.1923164672917	1425.2507733787206	1	0	1	2.2716608042786164
90200.0	3000.0	1225.2507733787802	0.0	0	309.6906285308505	1425.2507733787206	1	0	1	2.2716608042786164
91200.0	3000.0	1225.2507733787756	0.0	0	192.31971937989874	1425.2507733787352	1	0	1	2.271660804278616
92200.0	3000.0	1225.2507733787947	0.0	0	372.4084447953792	1425.2507733787352	1	0	1	2.271660804278616
93200.0	3000.0	1225.2507733788004	0.0	0	102.44985452930268	1425.2507733787352	1	0	1	2.271660804278616
94200.0	3000.0	1225.2507733788086	0.0	0	463.2686861939146	1425.2507733787206	1	0	1	2.2716608042786164
95200.0	3000.0	1225.250773378825	0.0	0	257.2868291087507	1425.2507733787352	1	0	1	2.271660804278616
96200.0	3000.0	1225.2507733788404	0.0	0	322.6530654747039	1425.2507733787497	1	0	1	2.2716608042786155
97200.0	3000.0	1225.2507733788486	0.0	0	367.35395415779203	1425.2507733787352	1	0	1	2.271660804278616
98200.0	3000.0	1225.2507733788393	0.0	0	235.70953924347123	1425.2507733787352	1	0	1	2.271660804278616
99200.0	3000.0	1225.250773378839	0.0	0	160.37993025190372	1425.2507733787352	1	0	1	2.271660804278616
100200.0	3000.0	1225.2507733788361	0.0	0	444.8562571872171	1425.2507733787352	1	0	1	2.271660804278616
101200.0	3000.0	1225.2507733788382	0.0	0	228.6424525110051	1425.2507733787352	1	0	1	2.271660804278616
102200.0	3000.0	1225.2507733788248	0.0	0	416.8484876510047	1425.2507733787352	1	0	1	2.271660804278616
103200.0	3000.0	1225.2507733788295	0.0	0	194.47905521380017	1425.2507733787497	1	0	1	2.2716608042786155
104200.0	3000.0	1225.2507733788254	0.0	0	189.98402172530768	1425.2507733787497	1	0	1	2.2716608042786155
105200.0	3000.0	1225.2507733788234	0.0	0	283.75465750007425	1425.2507733787497	1	0	1	2.2716608042786155
106200.0	3000.0	1225.2507733788261	0.0	0	250.09966962598264	1425.2507733787497	1	0	1	2.2716608042786155
107200.0	3000.0	1225.2507733788332	0.0	0	282.5536151971319	1425.2507733787497	1	0	1	2.2716608042786155
108200.0	3000.0	1225.250773378823	0.0	0	271.27587443363154	1425.2507733787497	1	0	1	2.2716608042786155
109200.0	3000.0	1225.2507733788127	0.0	0	151.49460999398434	1425.2507733787497	1	0	1	2.2716608042786155
110200.0	3000.0	1225.2507733788138	0.0	0	236.01727412521723	1425.2507733787352	1	0	1	2.271660804278616
111200.0	3000.0	1225.2507733788145	0.0	0	217.46735340132727	1425.2507733787352	1	0	1	2.271660804278616
112405.54315109692	3000.0	1019.7076222818921	0.0	0	0.0	1425.2507733787352	1	0	1	2.271660804278616
113435.40254470948	3000.0	989.848228669345	0.0	0	0.0	1425.2507733787352	1	0	1	2.271660804278616
114651.30868411386	3000.0	773.9420892649707	0.0	0	0.0	1425.2507733787352	1	0	1	2.271660804278616
115348.50542039072	3000.0	1076.7453529881016	0.0	0	0.0	1425.2507733787497	1	0	1	2.2716608042786155
116267.655280828	3000.0	1157.5954925508177	0.0	0	0.0	1425.2507733787497	1	0	1	2.2716608042786155
117281.89974025651	3000.0	1143.3510331222983	0.0	0	0.0	1425.2507733787497	1	0	1	2.2716608042786155
118200.0	3000.0	1225.2507733788123	0.0	0	391.0655083864549	1425.2507733787497	1	0	1	2.2716608042786155
119200.0	3000.0	1225.2507733788227	0.0	0	409.5362903717905	1425.2507733787643	1	0	1	2.271660804278615
120200.0	3000.0	1225.2507733788145	0.0	0	470.22752420432516	1425.2507733787643	1	0	1	2.271660804278615
121200.0	3000.0	1225.250773378814	0.0	0	301.7532447384583	1425.2507733787643	1	0	1	2.271660804278615
122200.0	3000.0	1225.2507733788082	0.0	0	326.37810397728754	1425.2507733787643	1	0	1	2.271660804278615
123200.0	3000.0	1225.2507733788107	0.0	0	218.20657305450004	1425.2507733787643	1	0	1	2.271660804278615
124200.0	3000.0	1225.2507733787877	0.0	0	460.0392984398204	1425.2507733787643	1	0	1	2.271660804278615
125200.0	3000.0	1225.2507733787934	0.0	0	349.47439330535417	1425.2507733787643	1	0	1	2.271660804278615
126200.0	3000.0	1225.2507733787975	0.0	0	96.13920909630542	1425.2507733787643	1	0	1	2.271660804278615
127200.0	3000.0	1225.2507733787947	0.0	0	236.0717320667609	1425.2507733787643	1	0	1	2.271660804278615
128200.0	3000.0	1225.2507733788088	0.0	0	320.8388169837417	1425.2507733787788	1	0	1	2.271660804278614
129200.0	3000.0	1225.2507733788107	0.0	0	234.6264699929743	1425.2507733787788	1	0	1	2.271660804278614
130200.0	3000.0	1225.2507733788054	0.0	0	273.741278586167	1425.2507733787788	1	0	1	2.271660804278614
131200.0	3000.0	1225.2507733787988	0.0	0	285.7750823304086	1425.2507733787934	1	0	1	2.271660804278614
132200.0	3000.0	1225.2507733788102	0.0	0	323.8070718978706	1425.250773378808	1	0	1	2.2716608042786133
133200.0	3000.0	1225.2507733788075	0.0	0	191.3297051494883	1425.2507733787934	1	0	1	2.2716608042786133
134200.0	3000.0	1225.2507733787972	0.0	0	380.0415018319909	1425.2507733787643	1	0	1	2.2716608042786146
135200.0	3000.0	1225.2507733788398	0.0	0	461.6127253010345	1425.2507733787643	1	0	1	2.271660804278615
136200.0	3000.0	1225.2507733788348	0.0	0	406.38805915866396	1425.2507733787643	1	0	1	2.271660804278615
137200.0	3000.0	1225.2507733788325	0.0	0	215.30348687930382	1425.2507733787643	1	0	1	2.271660804278615
138213.09185858507	3000.0	1212.158914793748	0.0	0	0.0	1425.2507733787643	1	0	1	2.271660804278615
139200.0	3000.0	1225.2507733788061	0.0	0	133.104918450088	1425.2507733787643	1	0	1	2.271660804278615
140200.0	3000.0	1225.2507733787788	0.0	0	29.000344658532413	1425.2507733787643	1	0	1	2.271660804278615
141200.0	3000.0	1225.2507733787895	0.0	0	247.11568655839073	1425.2507733787643	1	0	1	2.271660804278615
142200.0	3000.0	1225.25077337878	0.0	0	221.32645859438344	1425.2507733787643	1	0	1	2.271660804278615
143275.23100311213	3000.0	1150.0197702666323	0.0	0	0.0	1425.2507733787643	1	0	1	2.271660804278615
144363.82402627863	3000.0	1061.426747100139	0.0	0	0.0	1425.2507733787934	1	0	1	2.2716608042786133
145280.4324493393	3000.0	1144.8183240394255	0.0	0	0.0	1425.2507733787643	1	0	1	2.271660804278615
146200.0	3000.0	1225.2507733787397	0.0	0	262.90440804173704	1425.2507733787934	1	0	1	2.2716608042786133
147563.53948072824	3000.0	861.7112926504758	0.0	0	0.0	1425.2507733787934	1	0	1	2.2716608042786133
148829.58443711433	3000.0	595.6663362644309	0.0	0	0.0	1425.2507733787934	1	0	1	2.2716608042786133
149845.26598262825	3000.0	579.9847907505127	0.0	0	0.0	1425.2507733787934	1	0	1	2.2716608042786133
150517.37987991955	3000.0	907.8708934592313	0.0	0	0.0	1425.2507733788225	1	0	1	2.2716608042786124
151702.35193808525	3000.0	722.8988352935442	0.0	0	0.0	1425.2507733788225	1	0	1	2.2716608042786124
152711.43841964542	3000.0	713.8123537333531	0.0	0	0.0	1425.2507733788225	1	0	1	2.2716608042786124
153460.691368377	3000.0	964.5594050017796	0.0	0	0.0	1425.2507733788225	1	0	1	2.2716608042786124
154200.0	3000.0	1225.2507733788088	0.0	0	70.96333341341233	1425.2507733788225	1	0	1	2.2716608042786124
155221.4026637997	3000.0	1203.8481095791228	0.0	0	0.0	1425.2507733788225	1	0	1	2.2716608042786124
156557.325371641	3000.0	867.9254017378099	0.0	0	0.0	1425.2507733788516	1	0	1	2.2716608042786124
157206.56170406783	3000.0	1218.6890693109808	0.0	0	0.0	1425.2507733788516	1	0	1	2.2716608042786115
158200.0	3000.0	1225.2507733788218	0.0	0	446.37845683429623	1425.2507733788225	1	0	1	2.2716608042786124
159200.0	3000.0	1225.2507733788323	0.0	0	12.135794369445648	1425.2507733788225	1	0	1	2.2716608042786124
160200.0	3000.0	1225.2507733788302	0.0	0	263.1025665929192	1425.2507733788225	1	0	1	2.2716608042786124
161200.0	3000.0	1225.2507733788366	0.0	0	117.06779503304278	1425.2507733787934	1	0	1	2.2716608042786133
162200.0	3000.0	1225.250773378823	0.0	0	120.75560824395507	1425.2507733787643	1	0	1	2.2716608042786146
163200.0	3000.0	1225.2507733788252	0.0	0	240.79418194614118	1425.2507733787352	1	0	1	2.271660804278616
164200.0	3000.0	1225.2507733788054	0.0	0	410.1865166260977	1425.250773378706	1	0	1	2.2716608042786173
165373.24483577823	3000.0	1052.0059376005966	0.0	0	0.0	1425.250773378706	1	0	1	2.2716608042786173
166200.0	3000.0	1225.2507733788004	0.0	0	231.19175553967943	1425.250773378706	1	0	1	2.2716608042786173
167200.0	3000.0	1225.2507733787784	0.0	0	318.986327504972	1425.250773378706	1	0	1	2.2716608042786173
168200.0	3000.0	1225.2507733787913	0.0	0	82.07170259600389	1425.2507733787352	1	0	1	2.271660804278616
169200.0	3000.0	1225.2507733787847	0.0	0	354.10520027112216	1425.2507733787352	1	0	1	2.271660804278616
170200.0	3000.0	1225.2507733787795	0.0	0	319.6502849581593	1425.2507733787352	1	0	1	2.271660804278616
171614.01348969602	3000.0	811.2372836827667	0.0	0	0.0	1425.2507733787352	1	0	1	2.271660804278617
172789.47941971765	3000.0	635.7713536611377	0.0	0	0.0	1425.2507733787352	1	0	1	2.271660804278616
173407.2214557222	3000.0	1018.0293176565536	0.0	0	0.0	1425.2507733787352	1	0	1	2.271660804278616
174361.31816437622	3000.0	1063.9326090025304	0.0	0	0.0	1425.2507733787352	1	0	1	2.271660804278616
175325.81651337852	3000.0	1099.4342600002278	0.0	0	0.0	1425.2507733787352	1	0	1	2.271660804278616
176424.90316050433	3000.0	1000.3476128744176	0.0	0	0.0	1425.2507733787352	1	0	1	2.271660804278616
177212.18536455615	3000.0	1213.0654088225929	0.0	0	0.0	1425.2507733787352	1	0	1	2.271660804278616
178200.0	3000.0	1225.2507733787083	0.0	0	369.7833451718034	1425.2507733787352	1	0	1	2.271660804278616
179200.0	3000.0	1225.2507733786897	0.0	0	312.6059253169806	1425.2507733787352	1	0	1	2.271660804278616
180200.0	3000.0	1225.2507733786786	0.0	0	298.5471361998643	1425.2507733787352	1	0	1	2.271660804278616
181200.0	3000.0	1225.2507733786927	0.0	0	10.86088078081957	1425.2507733787352	1	0	1	2.271660804278616
182268.3082354939	3000.0	1156.9425378848096	0.0	0	0.0	1425.2507733787643	1	0	1	2.271660804278615
183200.0	3000.0	1225.2507733787038	0.0	0	131.82526321994374	1425.2507733787643	1	0	1	2.271660804278615
184200.0	3000.0	1225.2507733786802	0.0	0	214.15263855922967	1425.2507733787352	1	0	1	2.271660804278616
185325.38253738818	3000.0	1099.8682359904592	0.0	0	0.0	1425.2507733787352	1	0	1	2.271660804278616
186200.0	3000.0	1225.2507733786153	0.0	0	145.040561124566	1425.250773378706	1	0	1	2.2716608042786173
187200.0	3000.0	1225.2507733786158	0.0	0	34.79323003202444	1425.250773378677	1	0	1	2.271660804278618
188220.59243126417	3000.0	1204.658342114452	0.0	0	0.0	1425.250773378677	1	0	1	2.271660804278618
189200.0	3000.0	1225.250773378607	0.0	0	314.72576140941237	1425.250773378677	1	0	1	2.271660804278618
190203.8452716789	3000.0	1221.4055016997263	0.0	0	0.0	1425.250773378706	1	0	1	2.2716608042786173
191246.8514304469	3000.0	1178.3993429317545	0.0	0	0.0	1425.250773378677	1	0	1	2.271660804278618
192200.0	3000.0	1225.2507733786533	0.0	0	262.68597927936935	1425.250773378677	1	0	1	2.271660804278618
193200.0	3000.0	1225.2507733786492	0.0	0	127.51993895843043	1425.250773378677	1	0	1	2.271660804278618
194200.0	3000.0	1225.2507733786229	0.0	0	139.95803266685107	1425.250773378677	1	0	1	2.271660804278618
195410.02021991837	3000.0	1015.2305534602319	0.0	0	0.0	1425.250773378677	1	0	1	2.271660804278618
196200.0	3000.0	1225.2507733785922	0.0	0	51.766754246666096	1425.250773378677	1	0	1	2.271660804278618
197200.0	3000.0	1225.250773378584	0.0	0	124.79241225012811	1425.250773378677	1	0	1	2.271660804278618
198216.74185916828	3000.0	1208.5089142103202	0.0	0	0.0	1425.250773378706	1	0	1	2.2716608042786173
199200.0	3000.0	1225.2507733785803	0.0	0	63.752693795075174	1425.250773378706	1	0	1	2.2716608042786173
200200.0	3000.0	1225.2507733785976	0.0	0	26.203409062087303	1425.250773378677	1	0	1	2.271660804278618
201200.0	3000.0	1225.2507733786156	0.0	0	311.22236110584345	1425.250773378677	1	0	1	2.271660804278618
202200.0	3000.0	1225.2507733786392	0.0	0	250.46256026055198	1425.250773378706	1	0	1	2.2716608042786173
203200.0	3000.0	1225.2507733786706	0.0	0	264.3830837026471	1425.250773378706	1	0	1	2.2716608042786173
204224.76584080054	3000.0	1200.4849325781474	0.0	0	0.0	1425.250773378706	1	0	1	2.2716608042786173
205369.27755817136	3000.0	1055.9732152073111	0.0	0	0.0	1425.250773378706	1	0	1	2.2716608042786173
206718.15144593743	3000.0	707.0993274412401	0.0	0	0.0	1425.250773378677	1	0	1	2.271660804278618
207643.9270092672	3000.0	781.3237641115007	0.0	0	0.0	1425.250773378677	1	0	1	2.271660804278618
208200.0	3000.0	1225.2507733786847	0.0	0	10.382223276450532	1425.2507733786479	1	0	1	2.2716608042786195
209200.0	3000.0	1225.2507733786836	0.0	0	410.34461578560877	1425.2507733786479	1	0	1	2.2716608042786195
210200.0	3000.0	1225.250773378646	0.0	0	351.75599531905027	1425.2507733786479	1	0	1	2.2716608042786195
211200.0	3000.0	1225.250773378657	0.0	0	216.25913185163517	1425.250773378677	1	0	1	2.271660804278618
212200.0	3000.0	1225.2507733786815	0.0	0	10.249264178943122	1425.250773378677	1	0	1	2.271660804278618
213200.0	3000.0	1225.2507733786874	0.0	0	430.61982240434736	1425.250773378677	1	0	1	2.271660804278618
214200.0	3000.0	1225.2507733787138	0.0	0	266.9023646390124	1425.250773378677	1	0	1	2.271660804278618
215200.0	3000.0	1225.2507733786997	0.0	0	99.71985158405732	1425.2507733786479	1	0	1	2.271660804278619
216200.0	3000.0	1225.250773378734	0.0	0	143.45841991790803	1425.2507733786479	1	0	1	2.2716608042786195
217200.0	3000.0	1225.250773378741	0.0	0	72.28366840488161	1425.2507733786479	1	0	1	2.2716608042786195
218200.0	3000.0	1225.2507733787538	0.0	0	317.5579732785991	1425.250773378677	1	0	1	2.2716608042786186
219653.60587012442	3000.0	771.6449032543189	0.0	0	0.0	1425.250773378706	1	0	1	2.271660804278618
220646.1521969404	3000.0	779.0985764383062	0.0	0	0.0	1425.250773378706	1	0	1	2.2716608042786173
221200.0	3000.0	1225.2507733787313	0.0	0	55.029084249952575	1425.250773378677	1	0	1	2.271660804278618
222287.94159689784	3000.0	1137.3091764809217	0.0	0	0.0	1425.250773378706	1	0	1	2.2716608042786173
223425.83634437012	3000.0	999.414429008633	0.0	0	0.0	1425.250773378706	1	0	1	2.2716608042786173
224200.0	3000.0	1225.2507733787538	0.0	0	12.516225434053922	1425.250773378677	1	0	1	2.271660804278618
225384.49957103093	3000.0	1040.7512023477984	0.0	0	0.0	1425.250773378706	1	0	1	2.2716608042786173
226280.86188385222	3000.0	1144.3888895265077	0.0	0	0.0	1425.2507733787352	1	0	1	2.271660804278616
227200.0	3000.0	1225.2507733787268	0.0	0	143.01722088255337	1425.2507733787352	1	0	1	2.271660804278616
228200.0	3000.0	1225.2507733787063	0.0	0	29.82623312980286	1425.2507733787352	1	0	1	2.271660804278616
229266.3155863074	3000.0	1158.9351870712906	0.0	0	0.0	1425.2507733787352	1	0	1	2.271660804278616
230200.0	3000.0	1225.2507733787181	0.0	0	66.32425797224278	1425.2507733787643	1	0	1	2.271660804278615
231200.0	3000.0	1225.2507733787106	0.0	0	506.3918471431534	1425.2507733787643	1	0	1	2.271660804278615
232200.0	3000.0	1225.250773378718	0.0	0	511.32731088087894	1425.2507733787643	1	0	1	2.271660804278615
233200.0	3000.0	1225.2507733787202	0.0	0	3.215125335409539	1425.2507733787643	1	0	1	2.271660804278615
234200.0	3000.0	1225.2507733786817	0.0	0	12.869914229231654	1425.2507733787643	1	0	1	2.271660804278615
235200.0	3000.0	1225.2507733786895	0.0	0	100.98699564023991	1425.2507733787643	1	0	1	2.271660804278615
236279.91217688884	3000.0	1145.3385964898525	0.0	0	0.0	1425.2507733787352	1	0	1	2.271660804278616
237297.04183697276	3000.0	1128.208936405921	0.0	0	0.0	1425.2507733787643	1	0	1	2.271660804278615
238200.0	3000.0	1225.2507733786854	0.0	0	176.33956440506154	1425.2507733787643	1	0	1	2.271660804278615
239200.0	3000.0	1225.2507733787047	0.0	0	281.3404586838151	1425.2507733787643	1	0	1	2.271660804278615
240200.0	3000.0	1225.250773378713	0.0	0	101.7420377410017	1425.2507733787352	1	0	1	2.271660804278616
241200.0	3000.0	1225.2507733787209	0.0	0	241.10265948117012	1425.250773378706	1	0	1	2.2716608042786173
242200.0	3000.0	1225.2507733787156	0.0	0	254.49067782814382	1425.2507733787352	1	0	1	2.271660804278616
243200.0	3000.0	1225.250773378746	0.0	0	414.2592567727843	1425.2507733787934	1	0	1	2.2716608042786137
244200.0	3000.0	1225.250773378738	0.0	0	487.2125395266048	1425.2507733787934	1	0	1	2.2716608042786133
245200.0	3000.0	1225.2507733787456	0.0	0	307.7580023595656	1425.2507733787934	1	0	1	2.2716608042786133
246208.05283330966	3000.0	1217.1979400690884	0.0	0	0.0	1425.2507733787934	1	0	1	2.2716608042786133
247200.0	3000.0	1225.25077337875	0.0	0	415.18656512571033	1425.2507733787934	1	0	1	2.2716608042786133
248200.0	3000.0	1225.2507733787243	0.0	0	452.22761744228774	1425.2507733787934	1	0	1	2.2716608042786133
249200.0	3000.0	1225.2507733787077	0.0	0	167.6940756404947	1425.2507733787934	1	0	1	2.2716608042786133
250200.0	3000.0	1225.2507733787224	0.0	0	153.54427413942176	1425.2507733787934	1	0	1	2.2716608042786133
251200.0	3000.0	1225.2507733787052	0.0	0	65.54263188623008	1425.2507733787934	1	0	1	2.2716608042786133
252200.0	3000.0	1225.2507733787124	0.0	0	239.44753930027946	1425.2507733787934	1	0	1	2.2716608042786133
253200.0	3000.0	1225.2507733787097	0.0	0	298.7333183498122	1425.2507733787934	1	0	1	2.2716608042786133
254200.0	3000.0	1225.2507733787088	0.0	0	341.23105777494493	1425.2507733787643	1	0	1	2.271660804278615
255200.0	3000.0	1225.2507733786883	0.0	0	324.1740367768216	1425.2507733787934	1	0	1	2.2716608042786133
256200.0	3000.0	1225.2507733786974	0.0	0	398.978598860529	1425.2507733787934	1	0	1	2.2716608042786133
257200.0	3000.0	1225.2507733786867	0.0	0	369.2501863196376	1425.2507733787934	1	0	1	2.2716608042786133
258200.0	3000.0	1225.2507733786983	0.0	0	247.4789247336157	1425.2507733787934	1	0	1	2.2716608042786133
259219.39814813703	3000.0	1205.852625241687	0.0	0	0.0	1425.2507733787934	1	0	1	2.2716608042786133
260200.0	3000.0	1225.2507733787133	0.0	0	278.66052084506373	1425.2507733787934	1	0	1	2.2716608042786133
261200.0	3000.0	1225.2507733787309	0.0	0	114.88248107759864	1425.2507733787934	1	0	1	2.2716608042786133
262200.0	3000.0	1225.2507733787359	0.0	0	308.63446189978276	1425.2507733787643	1	0	1	2.271660804278615
263200.0	3000.0	1225.250773378728	0.0	0	36.93981973052723	1425.2507733787643	1	0	1	2.2716608042786155
264200.0	3000.0	1225.2507733787543	0.0	0	125.30817268823739	1425.2507733787643	1	0	1	2.271660804278615
265200.0	3000.0	1225.2507733787443	0.0	0	122.64385372819379	1425.2507733788225	1	0	1	2.2716608042786124
266200.0	3000.0	1225.250773378788	0.0	0	92.11474704369903	1425.2507733788807	1	0	1	2.27166080427861
267200.0	3000.0	1225.2507733787893	0.0	0	245.98894186830148	1425.2507733788807	1	0	1	2.27166080427861
268200.0	3000.0	1225.250773378849	0.0	0	223.8453434316907	1425.250773378939	1	0	1	2.2716608042786075
269200.0	3000.0	1225.2507733788023	0.0	0	418.6744635878131	1425.2507733788807	1	0	1	2.27166080427861
270280.8980674534	3000.0	1144.3527059254147	0.0	0	0.0	1425.250773378939	1	0	1	2.2716608042786075
271200.0	3000.0	1225.2507733788489	0.0	0	60.293258245976176	1425.250773378939	1	0	1	2.2716608042786075
272200.0	3000.0	1225.2507733788336	0.0	0	306.11030939914053	1425.250773378939	1	0	1	2.2716608042786075
273200.0	3000.0	1225.2507733789043	0.0	0	145.05799900664715	1425.250773378939	1	0	1	2.2716608042786075
274358.33376268955	3000.0	1066.91701068937	0.0	0	0.0	1425.250773378939	1	0	1	2.2716608042786075
275353.6403661101	3000.0	1071.6104072687767	0.0	0	0.0	1425.250773378939	1	0	1	2.2716608042786075
276236.96890839597	3000.0	1188.281864982905	0.0	0	0.0	1425.250773378939	1	0	1	2.2716608042786075
277200.0	3000.0	1225.250773378873	0.0	0	399.2286831024685	1425.2507733788807	1	0	1	2.27166080427861
278200.0	3000.0	1225.2507733788775	0.0	0	197.58366298791952	1425.2507733788225	1	0	1	2.2716608042786124
279200.0	3000.0	1225.250773378854	0.0	0	111.87015735835303	1425.2507733788225	1	0	1	2.2716608042786124
280200.0	3000.0	1225.2507733788236	0.0	0	131.24763951578643	1425.2507733788807	1	0	1	2.27166080427861
281200.0	3000.0	1225.2507733787606	0.0	0	126.58256392827025	1425.2507733788807	1	0	1	2.27166080427861
282200.0	3000.0	1225.2507733787552	0.0	0	299.3092484443914	1425.2507733788225	1	0	1	2.2716608042786124
283200.0	3000.0	1225.250773378736	0.0	0	511.920530906762	1425.2507733788225	1	0	1	2.2716608042786124
284200.0	3000.0	1225.2507733787108	0.0	0	328.2030888351728	1425.2507733787643	1	0	1	2.271660804278614
285200.0	3000.0	1225.2507733787947	0.0	0	154.1533147477894	1425.2507733788225	1	0	1	2.2716608042786124
286200.0	3000.0	1225.2507733787736	0.0	0	169.57559700577985	1425.2507733787643	1	0	1	2.271660804278615
287200.0	3000.0	1225.2507733787982	0.0	0	366.39065247325925	1425.2507733787643	1	0	1	2.271660804278615
288200.0	3000.0	1225.2507733788127	0.0	0	34.534587103175	1425.2507733787643	1	0	1	2.271660804278615
289290.06021092116	3000.0	1135.1905624576411	0.0	0	0.0	1425.2507733787643	1	0	1	2.271660804278615
290200.0	3000.0	1225.2507733788345	0.0	0	43.71982786449371	1425.2507733787643	1	0	1	2.271660804278615
291200.0	3000.0	1225.2507733788614	0.0	0	73.49426649598172	1425.2507733787643	1	0	1	2.271660804278615
292255.3288018016	3000.0	1169.9219715772847	0.0	0	0.0	1425.2507733787643	1	0	1	2.271660804278615
293200.0	3000.0	1225.2507733788577	0.0	0	47.61835075734416	1425.2507733787643	1	0	1	2.271660804278615
294200.0	3000.0	1225.2507733788361	0.0	0	147.7466013741796	1425.2507733787643	1	0	1	2.271660804278615
295200.0	3000.0	1225.2507733788589	0.0	0	324.53501493961085	1425.2507733787643	1	0	1	2.271660804278615
296611.59366479435	3000.0	813.6571085845422	0.0	0	0.0	1425.2507733788225	1	0	1	2.271660804278614
297900.42848319496	3000.0	524.8222901839422	0.0	0	0.0	1425.2507733788225	1	0	1	2.2716608042786124
298690.6020529157	3000.0	734.6487204631842	0.0	0	0.0	1425.2507733788225	1	0	1	2.2716608042786124
299355.2717278012	3000.0	1069.9790455776847	0.0	0	0.0	1425.2507733788225	1	0	1	2.2716608042786124
300200.0	3000.0	1225.2507733788943	0.0	0	118.15929117135238	1425.2507733788225	1	0	1	2.2716608042786124
3.86	2.51	5.04	3.3	4.49	3.53	4.03	2.71	3.98	4.75	3.05	5.24	4.08	4.15	4.2	3.7	2.1	2.84	4.25	3.88	3.53	3.06	3.89	3.61	3.66	4.02	4.17	3.29	4.14	3.09	3.64	3.2	3.08	2.76	4.67	3.3	3.79	3.82	4.43	3.57	3.21	3.78	3.8	3.5	3.27	3.03	4.33	3.45	3.98	2.99	3.43	2.8	2.79	4.47	3.24	4.53	2.76	3.68	5.98	5.15	2.53	4.25	3.93	3.0	2.39	3.68	5.37	2.78	3.35	3.44	3.16	2.7	4.73	3.23	3.45	5.15	5.02	4.47	3.09	4.31	3.59	2.83	4.32	4.83	3.94	3.75	4.65	4.34	5.95	4.44	3.3	4.05	4.26	4.47	3.96	4.6	3.36	3.98	3.63	3.36	3.94	4.01	3.74	3.65	3.97	4.05	2.83	3.86	2.97	3.65	3.73	3.89	4.87	4.17	4.53	3.42	5.04	4.63	4.55	3.32	3.1	4.24	4.68	5.07	3.32	4.01	4.81	5.47	5.2	4.32	4.71	4.63	3.36	3.76	3.63	4.18	3.32	3.54	3.46	3.52	3.89	2.5	3.21	3.1	5.24	2.97	3.43	4.15	4.18	3.9	3.86	2.51	5.04	3.3	4.49	3.53	4.03	2.71	3.98	4.75	3.05	5.24	4.08	4.15	4.2	3.7	2.1	2.84	4.25	3.88	3.53	3.06	3.89	3.61	3.66	4.02	4.17	3.29	4.14	3.09	3.64	3.2	3.08	2.76	4.67	3.3	3.79	3.82	4.43	3.57	3.21	3.78	3.8	3.5	3.27	3.03	4.33	3.45	3.98	2.99	3.43	2.8	2.79	4.47	3.24	4.53	2.76	3.68	5.98	5.15	2.53	4.25	3.93	3.0	2.39	3.68	5.37	2.78	3.35	3.44	3.16	2.7	4.73	3.23	3.45	5.15	5.02	4.47	3.09	4.31	3.59	2.83	4.32	4.83	3.94	3.75	4.65	4.34	5.95	4.44	3.3	4.05	4.26	4.47	3.96	4.6	3.36	3.98	3.63	3.36	3.94	4.01	3.74	3.65	3.97	4.05	2.83	3.86	2.97	3.65	3.73	3.89	4.87	4.17	4.53	3.42	5.04	4.63	4.55	3.32	3.1	4.24	4.68	5.07	3.32	4.01	4.81	5.47	5.2	4.32	4.71	4.63	3.36	3.76	3.63	4.18	3.32	3.54	3.46	3.52	3.89	2.5	3.21	3.1	5.24	2.97	3.43
1.0	2.0	3.0	4.0	5.0	6.0	7.0	8.0	9.0	10.0	11.0	12.0	13.0	14.0	15.0	16.0	17.0	18.0	19.0	20.0	21.0	22.0	23.0	24.0	25.0	26.0	27.0	28.0	29.0	30.0	31.0	32.0	33.0	34.0	35.0	36.0	37.0	38.0	39.0	40.0	41.0	42.0	43.0	44.0	45.0	46.0	47.0	48.0	49.0	50.0	51.0	52.0	53.0	54.0	55.0	56.0	57.0	58.0	59.0	60.0	61.0	62.0	63.0	64.0	65.0	66.0	67.0	68.0	69.0	70.0	71.0	72.0	73.0	74.0	75.0	76.0	77.0	78.0	79.0	80.0	81.0	82.0	83.0	84.0	85.0	86.0	87.0	88.0	89.0	90.0	91.0	92.0	93.0	94.0	95.0	96.0	97.0	98.0	99.0	100.0	101.0	102.0	103.0	104.0	105.0	106.0	107.0	108.0	109.0	110.0	111.0	112.0	113.0	114.0	115.0	116.0	117.0	118.0	119.0	120.0	121.0	122.0	123.0	124.0	125.0	126.0	127.0	128.0	129.0	130.0	131.0	132.0	133.0	134.0	135.0	136.0	137.0	138.0	139.0	140.0	141.0	142.0	143.0	144.0	145.0	146.0	147.0	148.0	149.0	149.0	150.0	151.0	152.0	153.0	154.0	155.0	156.0	157.0	158.0	159.0	160.0	161.0	162.0	163.0	164.0	165.0	166.0	167.0	168.0	169.0	170.0	171.0	172.0	173.0	174.0	175.0	176.0	177.0	178.0	179.0	180.0	181.0	182.0	183.0	184.0	185.0	186.0	187.0	188.0	189.0	190.0	191.0	192.0	193.0	194.0	195.0	196.0	197.0	198.0	199.0	200.0	201.0	202.0	203.0	204.0	205.0	206.0	207.0	208.0	209.0	210.0	211.0	212.0	213.0	214.0	215.0	216.0	217.0	218.0	219.0	220.0	221.0	222.0	223.0	224.0	225.0	226.0	227.0	228.0	229.0	230.0	231.0	232.0	233.0	234.0	235.0	236.0	237.0	238.0	239.0	240.0	241.0	242.0	243.0	244.0	245.0	246.0	247.0	248.0	249.0	250.0	251.0	252.0	253.0	254.0	255.0	256.0	257.0	258.0	259.0	260.0	261.0	262.0	263.0	264.0	265.0	266.0	267.0	268.0	269.0	270.0	271.0	272.0	273.0	274.0	275.0	276.0	277.0	278.0	279.0	280.0	281.0	282.0	283.0	284.0	285.0	286.0	287.0	288.0	289.0	290.0	291.0	292.0	293.0	294.0	295.0	296.0
5521.409576187943
