4168.9052042186195	300.0	2000.0	65.80616773903012	0	0.0	4168.9052042186195	1	0	1	-0.9331916239154376
4229.482939093652	300.0	2933.364491637465	0.0	0	0.0	4162.847430731117	1	0	2	-0.9399986245583897
4307.018543248384	300.0	3848.0753270672594	0.0	0	0.0	4155.093870315643	1	0	2	-0.7365002822490596
5200.0	500.0	3865.7957246404812	0.0	0	800.437164582363	4065.7957246404803	1	0	2	-0.713307177582105
6200.0	500.0	3765.7957246404812	0.0	0	897.6066629948427	3965.7957246404803	1	0	2	-0.1586633001781308
7200.0	500.0	3665.795724640481	0.0	0	877.6141277539309	3865.79572464048	1	0	2	-0.11805148640392797
8200.0	500.0	3565.795724640481	0.0	0	892.0909630695169	3765.7957246404794	1	0	2	-0.08048790562053817
9200.0	1000.0	3465.7957246404826	0.0	0	792.3060989652004	3665.7957246404803	1	0	2	-0.04580902864180683
10200.0	2000.0	3365.795724640482	0.0	0	710.1691878332349	3565.7957246404803	1	0	2	0.6792983257928955
11200.0	6000.0	3265.7957246404812	0.0	0	230.41504708104185	3465.7957246404794	1	0	2	1.4030184194415534
12200.0	6000.0	3165.795724640481	0.0	0	80.7227847737031	3365.7957246404767	1	0	2	2.530069507505628
13200.0	6000.0	3065.79572464048	0.0	0	78.20915992628761	3265.795724640473	1	0	2	2.554324628409847
14200.0	6000.0	2965.7957246404803	0.0	0	159.57560443486727	3165.7957246404712	1	0	2	2.5767815965873444
15200.0	6000.0	2865.7957246404785	0.0	0	375.12000193947097	3065.7957246404712	1	0	2	2.596251490052598
16200.0	3000.0	2765.795724640478	0.0	0	574.5708599408954	2965.7957246404694	1	0	2	1.2285294141004512
17200.0	3000.0	2665.795724640482	0.0	0	628.1999494578959	2865.795724640475	1	0	2	1.9390271575473996
18200.0	3000.0	2565.79572464048	0.0	0	635.0351976682614	2765.795724640473	1	0	2	1.9548821785015198
19200.0	3000.0	2465.7957246404853	0.0	0	706.5941007107103	2665.7957246404767	1	0	2	1.9693421335287664
20200.0	3000.0	2365.7957246404862	0.0	0	534.9221037810894	2565.795724640473	1	0	2	1.9826025021649247
21200.0	3000.0	2265.795724640487	0.0	0	520.2111072919761	2465.7957246404694	1	0	2	1.994662766089184
22200.0	3000.0	2165.795724640488	0.0	0	525.5714527338059	2365.795724640466	1	0	2	2.005518196390545
23200.0	3000.0	2065.7957246404894	0.0	0	547.6207540164833	2265.795724640466	1	0	2	2.015460992362823
24200.0	3000.0	1965.795724640492	0.0	0	700.1632634963498	2165.795724640466	1	0	2	2.024420031469552
25200.0	3000.0	1865.795724640495	0.0	0	757.1289538529454	2065.7957246404767	1	0	2	2.032632233415897
26200.0	3000.0	1765.7957246404944	0.0	0	703.0642065120846	1965.7957246404767	1	0	2	2.0400927341103983
27200.0	3000.0	1665.7957246404949	0.0	0	696.1553408369036	1865.795724640473	1	0	2	2.046867807000958
28200.0	3000.0	1565.7957246404944	0.0	0	398.0754534575426	1765.7957246404694	1	0	2	2.0531347947084835
29200.0	3000.0	1465.7957246404944	0.0	0	610.743831391741	1665.795724640473	1	0	2	2.058603597803965
30200.0	3000.0	1365.7957246404962	0.0	0	647.6995875829889	1565.795724640473	1	0	2	2.0636644864078124
31200.0	3000.0	1265.7957246404958	0.0	0	623.8266987496245	1465.7957246404694	1	0	2	2.0682580890577005
32200.0	3000.0	1165.7957246404953	0.0	0	727.5700930364183	1365.7957246404694	1	0	2	2.072423774190312
33200.0	3000.0	1065.795724640489	0.0	0	759.026090942265	1265.7957246404694	1	0	2	2.076200615945915
34200.0	3000.0	1065.7957246404967	0.0	0	640.4594173385485	1265.7957246404767	1	0	1	2.0776241501271477
35200.0	6000.0	1065.7957246404999	0.0	0	101.64300973287754	1265.7957246404767	1	0	1	2.2776241501271484
36200.0	6000.0	1065.7957246404958	0.0	0	284.19237210000574	1265.7957246404767	1	0	1	2.970771330687093
37200.0	6000.0	1065.795724640501	0.0	0	650.3936551129736	1265.7957246404767	1	0	1	2.970771330687093
38200.0	6000.0	1065.7957246405017	0.0	0	140.72612667302747	1265.7957246404694	1	0	1	2.970771330687093
39200.0	6000.0	1065.79572464051	0.0	0	353.6048443272666	1265.7957246404694	1	0	1	2.970771330687093
40200.0	6000.0	1065.7957246405172	0.0	0	509.4677132348006	1265.7957246404767	1	0	1	2.970771330687093
41200.0	6000.0	1065.79572464051	0.0	0	22.537276275681506	1265.7957246404767	1	0	1	2.970771330687093
42200.0	6000.0	1065.7957246405051	0.0	0	413.40203512841254	1265.7957246404694	1	0	1	2.970771330687093
43200.0	6000.0	1065.7957246405053	0.0	0	239.8959461126724	1265.7957246404767	1	0	1	2.970771330687093
44200.0	6000.0	1065.7957246405003	0.0	0	406.04251472101896	1265.7957246404767	1	0	1	2.970771330687093
45200.0	6000.0	1065.7957246404985	0.0	0	229.3867198865555	1265.7957246404767	1	0	1	2.970771330687093
46200.0	6000.0	1065.7957246404949	0.0	0	443.84105650661513	1265.7957246404767	1	0	1	2.970771330687093
47200.0	6000.0	1065.7957246404844	0.0	0	354.2725258625287	1265.7957246404694	1	0	1	2.970771330687093
48200.0	6000.0	1065.7957246404762	0.0	0	229.4612530553277	1265.7957246404694	1	0	1	2.970771330687093
49200.0	6000.0	1065.795724640471	0.0	0	192.94618793830887	1265.7957246404621	1	0	1	2.970771330687093
50200.0	6000.0	1065.7957246404728	0.0	0	142.60104842341389	1265.7957246404621	1	0	1	2.970771330687093
51200.0	6000.0	1065.7957246404715	0.0	0	63.865287926957535	1265.7957246404621	1	0	1	2.970771330687093
52200.0	6000.0	1065.7957246404694	0.0	0	56.15502118581935	1265.7957246404694	1	0	1	2.970771330687093
53319.09023856478	6000.0	946.7054860756892	0.0	0	0.0	1265.7957246404621	1	0	1	2.970771330687093
54233.98399877846	6000.0	1031.8117258620077	0.0	0	0.0	1265.7957246404621	1	0	1	2.970771330687093
55200.0	6000.0	1065.7957246404637	0.0	0	67.9604792472237	1265.7957246404621	1	0	1	2.970771330687093
56200.0	6000.0	1065.7957246404712	0.0	0	18.16101372281264	1265.7957246404694	1	0	1	2.970771330687093
57200.0	6000.0	1065.7957246404742	0.0	0	141.50108648466266	1265.7957246404767	1	0	1	2.970771330687093
58200.0	6000.0	1065.7957246404785	0.0	0	217.50988376003806	1265.7957246404694	1	0	1	2.970771330687093
59200.0	6000.0	1065.7957246404817	0.0	0	78.47434287642682	1265.7957246404621	1	0	1	2.970771330687093
60200.0	6000.0	1065.795724640478	0.0	0	128.7198063328542	1265.7957246404621	1	0	1	2.970771330687093
61449.96604043678	6000.0	815.8296842036946	0.0	0	0.0	1265.7957246404621	1	0	1	2.970771330687093
62200.0	6000.0	1065.7957246404812	0.0	0	47.56292208312516	1265.7957246404694	1	0	1	2.970771330687093
63200.0	6000.0	1065.7957246404808	0.0	0	403.2891187460991	1265.7957246404694	1	0	1	2.970771330687093
64200.0	6000.0	1065.7957246404824	0.0	0	226.22134203241148	1265.7957246404694	1	0	1	2.970771330687093
65200.0	6000.0	1065.7957246404862	0.0	0	415.8746120851938	1265.7957246404694	1	0	1	2.970771330687093
66200.0	6000.0	1065.7957246404906	0.0	0	131.62619927844207	1265.7957246404694	1	0	1	2.970771330687093
67200.0	6000.0	1065.7957246404815	0.0	0	20.043394816835644	1265.7957246404694	1	0	1	2.970771330687093
68200.0	6000.0	1065.7957246404721	0.0	0	356.8395232211187	1265.7957246404694	1	0	1	2.970771330687093
69200.0	6000.0	1065.7957246404649	0.0	0	352.59559846666525	1265.7957246404694	1	0	1	2.970771330687093
70200.0	6000.0	1065.7957246404737	0.0	0	159.6453114518663	1265.7957246404694	1	0	1	2.970771330687093
71200.0	6000.0	1065.7957246404808	0.0	0	112.96766997032682	1265.7957246404694	1	0	1	2.970771330687093
72200.0	6000.0	1065.7957246404717	0.0	0	298.365224122128	1265.7957246404694	1	0	1	2.970771330687093
73367.98579045187	6000.0	897.809934188604	0.0	0	0.0	1265.7957246404549	1	0	1	2.9707713306870938
74200.0	6000.0	1065.7957246404671	0.0	0	93.04325129416247	1265.7957246404403	1	0	1	2.970771330687094
75200.0	6000.0	1065.7957246404558	0.0	0	464.05328105825174	1265.7957246404549	1	0	1	2.9707713306870938
76350.69761493515	6000.0	915.0981097053041	0.0	0	0.0	1265.7957246404549	1	0	1	2.9707713306870938
77342.9239690249	6000.0	922.8717556155627	0.0	0	0.0	1265.7957246404549	1	0	1	2.9707713306870938
78637.21190881159	6000.0	628.5838158288633	0.0	0	0.0	1265.7957246404549	1	0	1	2.9707713306870938
80046.7702345385	6000.0	271.02212989579533	51.99663979385082	0	0.0	1317.7923644342955	1	0	1	2.6569484578617333
80867.04345200527	6000.0	554.9260187497179	104.17710632066894	0	0.0	1421.9694707549643	1	0	1	2.3398776932054104
81776.76731859872	6000.0	645.2021521562689	0.0	0	0.0	1421.9694707549643	1	0	1	2.964940331129424
82353.47092042578	6000.0	1068.4985503291996	0.0	0	0.0	1421.9694707549643	1	0	1	2.964940331129424
83200.0	6000.0	1221.96947075499	0.0	0	234.65352921173326	1421.9694707549643	1	0	1	2.964940331129424
84200.0	6000.0	1221.969470755003	0.0	0	44.70078686023771	1421.9694707549788	1	0	1	2.964940331129423
85200.0	6000.0	1221.969470755013	0.0	0	139.95052389468765	1421.9694707549934	1	0	1	2.9649403311294225
86332.8240244496	6000.0	1089.1454463054067	0.0	0	0.0	1421.9694707549788	1	0	1	2.964940331129423
87200.0	6000.0	1221.9694707550123	0.0	0	411.7646193866385	1421.9694707549643	1	0	1	2.964940331129424
88332.74264812746	6000.0	1089.2268226275587	0.0	0	0.0	1421.9694707549643	1	0	1	2.964940331129424
89200.0	6000.0	1221.969470755004	0.0	0	218.9755403376912	1421.9694707549643	1	0	1	2.964940331129424
90200.0	6000.0	1221.9694707549922	0.0	0	344.5761170249025	1421.9694707549643	1	0	1	2.964940331129424
91200.0	6000.0	1221.969470754991	0.0	0	366.6864621676068	1421.9694707549643	1	0	1	2.964940331129424
92200.0	6000.0	1221.9694707549836	0.0	0	524.8910355738772	1421.9694707549643	1	0	1	2.964940331129424
93200.0	6000.0	1221.9694707549986	0.0	0	64.49702091010113	1421.9694707549788	1	0	1	2.964940331129423
94200.0	6000.0	1221.969470754993	0.0	0	563.3841541515285	1421.9694707549788	1	0	1	2.964940331129423
95200.0	6000.0	1221.9694707550013	0.0	0	578.7172152712737	1421.9694707549788	1	0	1	2.964940331129423
96200.0	6000.0	1221.969470755006	0.0	0	447.58035623756587	1421.9694707549788	1	0	1	2.964940331129423
97200.0	6000.0	1221.969470755019	0.0	0	215.01566996841575	1421.9694707549788	1	0	1	2.964940331129423
98200.0	6000.0	1221.9694707550266	0.0	0	330.20514396547514	1421.9694707549788	1	0	1	2.964940331129423
99200.0	6000.0	1221.96947075504	0.0	0	261.2385691667005	1421.9694707549788	1	0	1	2.964940331129423
100200.0	6000.0	1221.9694707550348	0.0	0	288.9408199387108	1421.9694707549788	1	0	1	2.964940331129423
101200.0	6000.0	1221.9694707550304	0.0	0	183.88120952139434	1421.9694707549788	1	0	1	2.964940331129423
102204.74186265536	6000.0	1217.2276080996799	0.0	0	56.88999475007586	1421.9694707549788	1	0	1	2.964940331129423
103851.13599286566	6000.0	570.8334778893709	0.0	0	0.0	1421.9694707549788	1	0	1	2.964940331129423
104556.96091851122	6000.0	865.008552243796	0.0	0	0.0	1421.9694707549643	1	0	1	2.964940331129424
105200.0	6000.0	1221.9694707550207	0.0	0	68.35903243003122	1421.9694707549788	1	0	1	2.964940331129423
106200.0	6000.0	1221.9694707550211	0.0	0	113.22274663063581	1421.9694707549788	1	0	1	2.964940331129423
107200.0	6000.0	1221.9694707550425	0.0	0	424.3745769235393	1421.9694707549934	1	0	1	2.9649403311294225
108200.0	6000.0	1221.969470755055	0.0	0	235.47389119432773	1421.9694707549934	1	0	1	2.9649403311294225
109200.0	6000.0	1221.9694707550602	0.0	0	469.5938267658348	1421.9694707549788	1	0	1	2.964940331129423
110688.25980188666	6000.0	733.7096688684154	0.0	0	0.0	1421.9694707549934	1	0	1	2.9649403311294225
111415.70254877672	6000.0	1006.2669219783394	0.0	0	0.0	1421.9694707549934	1	0	1	2.9649403311294225
112200.0	6000.0	1221.969470755065	0.0	0	214.33171107253293	1421.9694707549934	1	0	1	2.9649403311294225
113200.0	6000.0	1221.9694707550357	0.0	0	390.93137584923534	1421.9694707549934	1	0	1	2.9649403311294225
114200.0	6000.0	1221.9694707550298	0.0	0	467.53561665579036	1421.9694707549934	1	0	1	2.9649403311294225
115200.0	6000.0	1221.9694707550157	0.0	0	475.6035493155796	1421.9694707549788	1	0	1	2.964940331129423
116200.0	6000.0	1221.9694707550216	0.0	0	531.6692650758923	1421.9694707549788	1	0	1	2.964940331129423
117200.0	6000.0	1221.9694707550075	0.0	0	207.54791464834125	1421.9694707549788	1	0	1	2.964940331129423
118200.0	6000.0	1221.9694707550093	0.0	0	273.87478447584726	1421.9694707549788	1	0	1	2.964940331129423
119200.0	6000.0	1221.9694707550022	0.0	0	233.68156179240032	1421.9694707549934	1	0	1	2.9649403311294225
120200.0	6000.0	1221.9694707550068	0.0	0	250.4195410683169	1421.9694707549934	1	0	1	2.9649403311294225
121200.0	6000.0	1221.9694707550195	0.0	0	240.05214378651	1421.9694707549934	1	0	1	2.9649403311294225
122200.0	6000.0	1221.9694707550098	0.0	0	407.44432884868	1421.9694707549934	1	0	1	2.9649403311294225
123206.53859797382	6000.0	1215.430872781195	0.0	0	0.0	1421.969470755008	1	0	1	2.964940331129422
124200.0	6000.0	1221.9694707550032	0.0	0	172.84897537111829	1421.969470755008	1	0	1	2.964940331129422
125200.0	6000.0	1221.969470754985	0.0	0	245.92245718555932	1421.9694707549934	1	0	1	2.9649403311294225
126200.0	6000.0	1221.9694707549654	0.0	0	134.94980296469294	1421.9694707549934	1	0	1	2.9649403311294225
127200.0	6000.0	1221.9694707549788	0.0	0	373.9744584138534	1421.9694707549934	1	0	1	2.9649403311294225
128200.0	6000.0	1221.9694707549872	0.0	0	426.3304036527552	1421.9694707549934	1	0	1	2.9649403311294225
129766.29262185146	6000.0	655.6768489035361	0.0	0	0.0	1421.9694707549934	1	0	1	2.9649403311294225
130522.70228447844	6000.0	899.2671862765486	0.0	0	0.0	1421.9694707549934	1	0	1	2.9649403311294225
131464.94822202614	6000.0	957.0212487288574	0.0	0	0.0	1421.9694707549934	1	0	1	2.9649403311294225
132230.35639360032	6000.0	1191.6130771546593	0.0	0	0.0	1421.9694707549643	1	0	1	2.9649403311294233
133200.0	6000.0	1221.9694707550275	0.0	0	67.1898514169734	1421.9694707549643	1	0	1	2.964940331129424
134200.0	6000.0	1221.9694707550218	0.0	0	411.9487658580183	1421.9694707549352	1	0	1	2.964940331129424
135200.0	6000.0	1221.969470755029	0.0	0	534.5892266081646	1421.9694707549643	1	0	1	2.964940331129424
136200.0	6000.0	1221.9694707550086	0.0	0	345.0067375363142	1421.9694707549643	1	0	1	2.964940331129424
137200.0	6000.0	1221.9694707549888	0.0	0	257.1521698194265	1421.9694707549643	1	0	1	2.964940331129424
138200.0	6000.0	1221.9694707549954	0.0	0	19.978273993590847	1421.9694707549643	1	0	1	2.964940331129424
139200.0	6000.0	1221.9694707549913	0.0	0	114.36401487141848	1421.9694707549643	1	0	1	2.964940331129424
140200.0	6000.0	1221.9694707549966	0.0	0	97.10038081594394	1421.9694707549643	1	0	1	2.964940331129424
141200.0	6000.0	1221.9694707550107	0.0	0	262.5165715954208	1421.9694707549352	1	0	1	2.9649403311294247
142200.0	6000.0	1221.9694707550184	0.0	0	248.79253299953416	1421.9694707549352	1	0	1	2.9649403311294247
143200.0	6000.0	1221.9694707550098	0.0	0	55.6869706659636	1421.969470754906	1	0	1	2.964940331129426
144200.0	6000.0	1221.9694707549768	0.0	0	308.0011962973804	1421.969470754906	1	0	1	2.964940331129426
145200.0	6000.0	1221.9694707549488	0.0	0	503.27230207575485	1421.969470754877	1	0	1	2.964940331129427
146200.0	6000.0	1221.969470754974	0.0	0	457.3543620260025	1421.969470754877	1	0	1	2.964940331129427
147200.0	6000.0	1221.9694707549925	0.0	0	421.0100003973348	1421.969470754877	1	0	1	2.964940331129427
148200.0	6000.0	1221.9694707550045	0.0	0	238.6904477191856	1421.969470754877	1	0	1	2.964940331129427
149267.69632202564	6000.0	1154.2731487293404	0.0	0	0.0	1421.969470754877	1	0	1	2.964940331129427
150200.0	6000.0	1221.9694707549788	0.0	0	15.495344424474752	1421.9694707548479	1	0	1	2.9649403311294282
151200.0	6000.0	1221.9694707549686	0.0	0	345.67294178629527	1421.9694707548479	1	0	1	2.9649403311294282
152200.0	6000.0	1221.969470754972	0.0	0	242.54313397646183	1421.9694707548479	1	0	1	2.9649403311294282
153200.0	6000.0	1221.9694707549884	0.0	0	192.56391016149428	1421.9694707548479	1	0	1	2.9649403311294282
154200.0	6000.0	1221.9694707549697	0.0	0	465.96130708395503	1421.9694707548479	1	0	1	2.9649403311294282
155200.0	6000.0	1221.969470754955	0.0	0	444.6938345624658	1421.9694707548479	1	0	1	2.9649403311294282
156315.17165020134	6000.0	1106.797820553617	0.0	0	0.0	1421.9694707548479	1	0	1	2.9649403311294282
157281.9953976809	6000.0	1139.9740730740527	0.0	0	0.0	1421.9694707548479	1	0	1	2.9649403311294282
158424.40779662674	6000.0	997.5616741282349	0.0	0	0.0	1421.9694707548188	1	0	1	2.964940331129429
159200.0	6000.0	1221.969470754964	0.0	0	4.484262865327764	1421.9694707547897	1	0	1	2.96494033112943
160200.0	6000.0	1221.969470754975	0.0	0	350.47304558876203	1421.9694707547897	1	0	1	2.964940331129431
161200.0	6000.0	1221.9694707549775	0.0	0	123.06821291349479	1421.9694707547897	1	0	1	2.964940331129431
162200.0	6000.0	1221.969470754974	0.0	0	439.8093292953854	1421.9694707547897	1	0	1	2.964940331129431
163200.0	6000.0	1221.9694707549545	0.0	0	371.8848307746521	1421.9694707547897	1	0	1	2.964940331129431
164200.0	6000.0	1221.9694707549643	0.0	0	407.3730764253123	1421.9694707547897	1	0	1	2.964940331129431
165200.0	6000.0	1221.969470754961	0.0	0	59.594515295146266	1421.9694707548188	1	0	1	2.96494033112943
166200.0	6000.0	1221.9694707549427	0.0	0	120.00353165823617	1421.9694707548188	1	0	1	2.96494033112943
167200.0	6000.0	1221.9694707549615	0.0	0	279.3053899774095	1421.9694707548188	1	0	1	2.96494033112943
168200.0	6000.0	1221.9694707549575	0.0	0	513.796040724148	1421.9694707548188	1	0	1	2.96494033112943
169200.0	6000.0	1221.9694707549618	0.0	0	64.99807972737472	1421.9694707548188	1	0	1	2.96494033112943
170200.0	6000.0	1221.969470754963	0.0	0	108.72370460338425	1421.9694707548188	1	0	1	2.96494033112943
171200.0	6000.0	1221.9694707549297	0.0	0	371.77177985262824	1421.9694707548188	1	0	1	2.96494033112943
172200.0	6000.0	1221.9694707549252	0.0	0	325.303503445728	1421.9694707548188	1	0	1	2.96494033112943
173200.0	6000.0	1221.9694707548892	0.0	0	249.9320168295235	1421.9694707547897	1	0	1	2.96494033112943
174200.0	6000.0	1221.9694707548879	0.0	0	530.7907457299298	1421.9694707547606	1	0	1	2.964940331129431
175200.0	6000.0	1221.9694707549181	0.0	0	453.4637455892225	1421.9694707547897	1	0	1	2.964940331129431
176200.0	6000.0	1221.9694707548874	0.0	0	288.9930028375238	1421.9694707547314	1	0	1	2.9649403311294322
177242.712434339	6000.0	1179.2570364159174	0.0	0	0.0	1421.9694707547314	1	0	1	2.964940331129433
178200.0	6000.0	1221.9694707548963	0.0	0	64.1336525628576	1421.9694707547606	1	0	1	2.9649403311294327
179200.0	6000.0	1221.9694707548617	0.0	0	106.35895569805871	1421.9694707547314	1	0	1	2.9649403311294322
180200.0	6000.0	1221.9694707548608	0.0	0	174.287542598031	1421.9694707547606	1	0	1	2.964940331129432
181200.0	6000.0	1221.9694707548779	0.0	0	577.0046533985878	1421.9694707547897	1	0	1	2.964940331129431
182200.0	6000.0	1221.96947075486	0.0	0	459.8112893202342	1421.9694707547897	1	0	1	2.964940331129431
183200.0	6000.0	1221.969470754866	0.0	0	457.69156255348935	1421.9694707547606	1	0	1	2.964940331129431
184200.0	6000.0	1221.9694707548556	0.0	0	164.12452174405917	1421.9694707547606	1	0	1	2.964940331129432
185200.0	6000.0	1221.9694707548254	0.0	0	333.38101781340083	1421.9694707547606	1	0	1	2.964940331129432
186200.0	6000.0	1221.9694707548156	0.0	0	655.6770677122695	1421.9694707547897	1	0	1	2.964940331129432
187200.0	6000.0	1221.969470754866	0.0	0	275.58740501565626	1421.9694707548188	1	0	1	2.96494033112943
188200.0	6000.0	1221.9694707548613	0.0	0	290.8507364493562	1421.9694707548479	1	0	1	2.9649403311294296
189200.0	6000.0	1221.969470754895	0.0	0	156.8702219661791	1421.9694707548479	1	0	1	2.9649403311294282
190353.3209994052	6000.0	1068.648471349729	0.0	0	0.0	1421.969470754877	1	0	1	2.964940331129427
191200.0	6000.0	1221.9694707549168	0.0	0	23.04494437656831	1421.969470754906	1	0	1	2.964940331129427
192200.0	6000.0	1221.9694707549486	0.0	0	235.33109264043742	1421.9694707549352	1	0	1	2.9649403311294256
193200.0	6000.0	1221.9694707549672	0.0	0	111.98991167897475	1421.9694707549352	1	0	1	2.9649403311294247
194200.0	6000.0	1221.9694707549754	0.0	0	355.70430061625666	1421.9694707549352	1	0	1	2.9649403311294247
195200.0	6000.0	1221.9694707550018	0.0	0	137.3719385250297	1421.9694707549352	1	0	1	2.9649403311294247
196200.0	6000.0	1221.969470755014	0.0	0	474.02381416616845	1421.9694707549352	1	0	1	2.9649403311294247
197200.0	6000.0	1221.9694707550002	0.0	0	425.40870984538924	1421.9694707549352	1	0	1	2.9649403311294247
198200.0	6000.0	1221.9694707549909	0.0	0	6.706689949089196	1421.969470754906	1	0	1	2.964940331129426
199200.0	6000.0	1221.9694707549834	0.0	0	11.77331134720589	1421.969470754877	1	0	1	2.964940331129426
200542.98627943898	6000.0	878.9831913160028	0.0	0	0.0	1421.969470754877	1	0	1	2.964940331129427
201323.3514219098	6000.0	1098.6180488451444	0.0	0	0.0	1421.969470754877	1	0	1	2.964940331129427
202200.0	6000.0	1221.9694707549675	0.0	0	93.30377038009465	1421.969470754877	1	0	1	2.964940331129427
203253.19456493517	6000.0	1168.7749058197935	0.0	0	0.0	1421.969470754877	1	0	1	2.964940331129427
204490.10820621887	6000.0	931.8612645360882	0.0	0	0.0	1421.969470754906	1	0	1	2.9649403311294265
205465.63221229104	6000.0	956.3372584639155	0.0	0	0.0	1421.969470754906	1	0	1	2.964940331129426
206273.48224555855	6000.0	1148.4872251964075	0.0	0	0.0	1421.969470754906	1	0	1	2.964940331129426
207200.0	6000.0	1221.9694707549686	0.0	0	332.4880052274384	1421.9694707549352	1	0	1	2.9649403311294247
208200.0	6000.0	1221.9694707549843	0.0	0	318.404816257098	1421.9694707549352	1	0	1	2.9649403311294247
209200.0	6000.0	1221.96947075499	0.0	0	64.2541037525516	1421.9694707549352	1	0	1	2.9649403311294247
210200.0	6000.0	1221.9694707549743	0.0	0	39.11025199989672	1421.9694707549352	1	0	1	2.9649403311294247
211200.0	6000.0	1221.9694707549654	0.0	0	97.20518234523479	1421.969470754906	1	0	1	2.964940331129425
212200.0	6000.0	1221.9694707549384	0.0	0	369.952618543437	1421.969470754906	1	0	1	2.964940331129426
213200.0	6000.0	1221.9694707549775	0.0	0	5.749615576467477	1421.969470754906	1	0	1	2.964940331129426
214200.0	6000.0	1221.969470754954	0.0	0	261.5758551726758	1421.969470754877	1	0	1	2.964940331129426
215200.0	6000.0	1221.9694707549945	0.0	0	253.9524665425124	1421.969470754906	1	0	1	2.964940331129426
216200.0	6000.0	1221.969470755026	0.0	0	5.886097721057013	1421.969470754906	1	0	1	2.964940331129426
217200.0	6000.0	1221.9694707550043	0.0	0	325.1934557957575	1421.969470754906	1	0	1	2.964940331129426
218200.0	6000.0	1221.9694707549907	0.0	0	481.9137762967148	1421.969470754906	1	0	1	2.964940331129426
219200.0	6000.0	1221.9694707550004	0.0	0	88.51104892374133	1421.969470754906	1	0	1	2.964940331129426
220200.0	6000.0	1221.9694707549927	0.0	0	345.1916049030551	1421.969470754877	1	0	1	2.964940331129427
221200.0	6000.0	1221.9694707549852	0.0	0	164.44716039812192	1421.969470754877	1	0	1	2.964940331129427
222215.0554541146	6000.0	1206.914016640375	0.0	0	0.0	1421.9694707548479	1	0	1	2.9649403311294282
223249.61756592995	6000.0	1172.3519048250314	0.0	0	0.0	1421.9694707548479	1	0	1	2.9649403311294282
224200.0	6000.0	1221.9694707549645	0.0	0	469.430334462726	1421.9694707548479	1	0	1	2.9649403311294282
225310.75023886136	6000.0	1111.2192318935818	0.0	0	0.0	1421.9694707548479	1	0	1	2.9649403311294282
226200.0	6000.0	1221.9694707549727	0.0	0	147.57939426941448	1421.9694707548479	1	0	1	2.9649403311294282
227200.0	6000.0	1221.9694707549886	0.0	0	268.6080726213113	1421.969470754877	1	0	1	2.964940331129428
228247.2847831301	6000.0	1174.6846876249235	0.0	0	0.0	1421.969470754906	1	0	1	2.964940331129426
229294.34756533307	6000.0	1127.6219054219705	0.0	0	0.0	1421.969470754906	1	0	1	2.964940331129426
230200.0	6000.0	1221.969470755058	0.0	0	161.7219309268985	1421.969470754906	1	0	1	2.964940331129426
231200.0	6000.0	1221.969470755089	0.0	0	149.10085333147435	1421.9694707549352	1	0	1	2.9649403311294247
232200.0	6000.0	1221.9694707550998	0.0	0	172.9551644383755	1421.9694707549352	1	0	1	2.964940331129424
233200.0	6000.0	1221.969470755065	0.0	0	80.69453923299443	1421.9694707549352	1	0	1	2.9649403311294247
234200.0	6000.0	1221.9694707550505	0.0	0	58.72280946254614	1421.9694707549352	1	0	1	2.9649403311294247
235200.0	6000.0	1221.9694707550163	0.0	0	8.159305769164348	1421.969470754877	1	0	1	2.9649403311294265
236200.0	6000.0	1221.9694707550334	0.0	0	401.47366222392884	1421.969470754877	1	0	1	2.964940331129427
237200.0	6000.0	1221.9694707550154	0.0	0	43.36929739569314	1421.9694707548479	1	0	1	2.9649403311294282
238200.0	6000.0	1221.9694707550198	0.0	0	423.00049474363914	1421.9694707548479	1	0	1	2.9649403311294282
239200.0	6000.0	1221.9694707550211	0.0	0	115.69725498303887	1421.969470754877	1	0	1	2.964940331129428
240200.0	6000.0	1221.9694707550207	0.0	0	314.332423145941	1421.969470754877	1	0	1	2.964940331129427
241200.0	6000.0	1221.969470755012	0.0	0	232.34739012192586	1421.9694707548479	1	0	1	2.9649403311294273
242200.0	6000.0	1221.9694707549884	0.0	0	63.999045720061986	1421.9694707548479	1	0	1	2.9649403311294282
243200.0	6000.0	1221.9694707549963	0.0	0	566.573391485319	1421.9694707548188	1	0	1	2.9649403311294282
244200.0	6000.0	1221.9694707549984	0.0	0	560.2471978400717	1421.9694707548188	1	0	1	2.9649403311294282
245200.0	6000.0	1221.9694707549847	0.0	0	178.4229441625066	1421.9694707548188	1	0	1	2.96494033112943
246200.0	6000.0	1221.969470754985	0.0	0	469.6294032210717	1421.9694707548188	1	0	1	2.96494033112943
247200.0	6000.0	1221.9694707549656	0.0	0	562.359064760938	1421.9694707547897	1	0	1	2.96494033112943
248200.0	6000.0	1221.96947075496	0.0	0	266.70696435452555	1421.9694707548188	1	0	1	2.964940331129431
249200.0	6000.0	1221.969470754973	0.0	0	458.55108390629175	1421.9694707548188	1	0	1	2.96494033112943
250200.0	6000.0	1221.9694707549895	0.0	0	458.33105860304204	1421.9694707548188	1	0	1	2.96494033112943
251530.92063397318	6000.0	891.0488367818359	0.0	0	0.0	1421.9694707548188	1	0	1	2.96494033112943
252721.507059431	6000.0	700.4624113240087	0.0	0	0.0	1421.9694707548188	1	0	1	2.96494033112943
253703.8629263021	6000.0	718.1065444529048	0.0	0	0.0	1421.9694707548188	1	0	1	2.96494033112943
254399.7784905653	6000.0	1022.1909801897073	0.0	0	0.0	1421.9694707548479	1	0	1	2.9649403311294282
255200.0	6000.0	1221.9694707550025	0.0	0	27.56394652868039	1421.9694707548188	1	0	1	2.96494033112943
256200.0	6000.0	1221.969470754997	0.0	0	99.02389735009638	1421.9694707548188	1	0	1	2.96494033112943
257200.0	6000.0	1221.969470754994	0.0	0	146.16181331063854	1421.9694707548188	1	0	1	2.96494033112943
258200.0	6000.0	1221.9694707550264	0.0	0	371.2782498259621	1421.9694707548479	1	0	1	2.9649403311294282
259412.611347839	6000.0	1009.3581229159967	0.0	0	0.0	1421.9694707548188	1	0	1	2.964940331129429
260388.16632102057	6000.0	1033.8031497344368	0.0	0	0.0	1421.9694707547897	1	0	1	2.964940331129431
261200.0	6000.0	1221.9694707550182	0.0	0	78.70697871467564	1421.9694707548188	1	0	1	2.964940331129431
262200.0	6000.0	1221.9694707550102	0.0	0	509.4984252129507	1421.9694707548479	1	0	1	2.9649403311294296
263200.0	6000.0	1221.9694707549907	0.0	0	372.3532994030393	1421.9694707548479	1	0	1	2.964940331129429
264200.0	6000.0	1221.96947075499	0.0	0	408.87457791966153	1421.9694707548479	1	0	1	2.9649403311294282
265200.0	6000.0	1221.9694707549547	0.0	0	648.7180210672086	1421.9694707548479	1	0	1	2.9649403311294282
266200.0	6000.0	1221.9694707549672	0.0	0	263.3401703478885	1421.969470754906	1	0	1	2.964940331129428
267200.0	6000.0	1221.9694707550016	0.0	0	503.75005604478065	1421.969470754906	1	0	1	2.964940331129426
268200.0	6000.0	1221.9694707549938	0.0	0	76.87589805212338	1421.969470754906	1	0	1	2.9649403311294247
269200.0	6000.0	1221.9694707549875	0.0	0	467.6600983889657	1421.969470754906	1	0	1	2.964940331129426
270200.0	6000.0	1221.9694707550302	0.0	0	256.1608487669728	1421.969470754906	1	0	1	2.964940331129426
271200.0	6000.0	1221.9694707550007	0.0	0	44.803716129565146	1421.9694707549643	1	0	1	2.9649403311294256
272200.0	6000.0	1221.969470755011	0.0	0	120.64250996685587	1421.9694707549643	1	0	1	2.964940331129424
273200.0	6000.0	1221.9694707550248	0.0	0	81.00011526350863	1421.9694707549643	1	0	1	2.964940331129424
274200.0	6000.0	1221.9694707549938	0.0	0	238.42532095464412	1421.9694707549643	1	0	1	2.964940331129424
275200.0	6000.0	1221.969470754997	0.0	0	50.604144403128885	1421.9694707549643	1	0	1	2.964940331129424
276200.0	6000.0	1221.9694707549525	0.0	0	325.17467407195363	1421.9694707548479	1	0	1	2.9649403311294265
277200.0	6000.0	1221.9694707549154	0.0	0	515.28319957637	1421.9694707547314	1	0	1	2.9649403311294313
278670.0546024112	6000.0	751.9148683436792	0.0	0	0.0	1421.9694707547314	1	0	1	2.964940331129433
279490.96341717953	6000.0	931.0060535753977	0.0	0	0.0	1421.9694707547314	1	0	1	2.964940331129433
280317.6207477061	6000.0	1104.3487230488652	0.0	0	0.0	1421.9694707547314	1	0	1	2.964940331129433
281200.0	6000.0	1221.9694707549415	0.0	0	139.5834308649646	1421.9694707547314	1	0	1	2.964940331129433
282200.0	6000.0	1221.9694707549054	0.0	0	141.36025754053844	1421.9694707547314	1	0	1	2.964940331129433
283200.0	6000.0	1221.969470754968	0.0	0	398.1114722608472	1421.9694707547314	1	0	1	2.964940331129433
284200.0	6000.0	1221.9694707549386	0.0	0	510.713210197282	1421.9694707547314	1	0	1	2.964940331129433
285200.0	6000.0	1221.9694707549459	0.0	0	282.83182541735005	1421.9694707547314	1	0	1	2.964940331129433
286200.0	6000.0	1221.9694707549536	0.0	0	228.99886499339482	1421.9694707547314	1	0	1	2.964940331129433
287200.0	6000.0	1221.9694707549274	0.0	0	160.76310005813139	1421.9694707547314	1	0	1	2.964940331129433
288200.0	6000.0	1221.9694707549636	0.0	0	106.9049542977009	1421.9694707547314	1	0	1	2.964940331129433
289200.0	6000.0	1221.969470754964	0.0	0	131.87131932284683	1421.969470754615	1	0	1	2.964940331129436
290200.0	6000.0	1221.969470754964	0.0	0	279.52606892370386	1421.969470754615	1	0	1	2.9649403311294376
291200.0	6000.0	1221.9694707549893	0.0	0	416.160591839056	1421.9694707547314	1	0	1	2.964940331129435
292200.0	6000.0	1221.9694707550025	0.0	0	71.66727588325739	1421.9694707547314	1	0	1	2.964940331129433
293200.0	6000.0	1221.9694707550473	0.0	0	506.24966932920506	1421.9694707547314	1	0	1	2.964940331129433
294200.0	6000.0	1221.969470754983	0.0	0	560.7075081300572	1421.9694707547314	1	0	1	2.964940331129433
295200.0	6000.0	1221.9694707550339	0.0	0	471.8929489507573	1421.9694707547897	1	0	1	2.964940331129431
296200.0	6000.0	1221.9694707550257	0.0	0	427.15675977495266	1421.9694707548479	1	0	1	2.9649403311294305
297200.0	6000.0	1221.9694707550473	0.0	0	438.6515534473001	1421.9694707548479	1	0	1	2.9649403311294282
298200.0	6000.0	1221.969470755049	0.0	0	50.6419122396037	1421.9694707548479	1	0	1	2.9649403311294282
299200.0	6000.0	1221.9694707550432	0.0	0	24.558518233418	1421.9694707548479	1	0	1	2.9649403311294282
300200.0	6000.0	1221.9694707550689	0.0	0	456.23977916961303	1421.9694707548479	1	0	1	2.9649403311294282
9.05	9.49	6.56	7.34	6.2	9.23	9.45	8.91	8.7	8.92	9.06	8.2	8.75	11.0	11.2	7.16	8.09	7.59	8.33	9.27	10.7	13.7	9.02	6.44	6.38	8.42	8.58	13.6	12.4	9.74	8.1	11.4	15.3	9.74	8.13	9.83	6.27	8.86	9.41	7.72	8.36	8.72	11.7	10.5	8.46	5.72	6.08	5.55	7.53	6.15	7.34	4.66	8.94	9.61	8.78	9.06	6.23	7.08	11.6	7.22	9.02	8.93	6.42	9.38	10.6	8.05	7.39	7.24	6.27	7.48	10.1	7.19	6.75	7.33	5.65	5.33	9.11	7.63	9.09	8.0	7.73	5.5	10.7	6.82	8.0	7.95	8.09	11.0	7.74	14.4	13.3	9.86	10.0	11.2	9.7	9.05	9.57	7.84	3.61	6.17	8.68	8.86	8.91	7.03	12.4	4.76	6.34	10.1	10.5	9.01	10.1	16.0	10.3	10.1	7.21	9.81	7.98	8.26	7.1	7.98	9.21	6.86	8.82	10.7	4.78	4.33	7.37	8.51	7.48	9.5	11.3	8.99	6.9	7.61	7.63	7.78	10.1	11.5	7.67	10.4	10.6	10.4	8.39	9.56	7.96	7.41	12.0	7.37	7.91	6.05	9.05	9.49	6.56	7.34	6.2	9.23	9.45	8.91	8.7	8.92	9.06	8.2	8.75	11.0	11.2	7.16	8.09	7.59	8.33	9.27	10.7	13.7	9.02	6.44	6.38	8.42	8.58	13.6	12.4	9.74	8.1	11.4	15.3	9.74	8.13	9.83	6.27	8.86	9.41	7.72	8.36	8.72	11.7	10.5	8.46	5.72	6.08	5.55	7.53	6.15	7.34	4.66	8.94	9.61	8.78	9.06	6.23	7.08	11.6	7.22	9.02	8.93	6.42	9.38	10.6	8.05	7.39	7.24	6.27	7.48	10.1	7.19	6.75	7.33	5.65	5.33	9.11	7.63	9.09	8.0	7.73	5.5	10.7	6.82	8.0	7.95	8.09	11.0	7.74	14.4	13.3	9.86	10.0	11.2	9.7	9.05	9.57	7.84	3.61	6.17	8.68	8.86	8.91	7.03	12.4	4.76	6.34	10.1	10.5	9.01	10.1	16.0	10.3	10.1	7.21	9.81	7.98	8.26	7.1	7.98	9.21	6.86	8.82	10.7	4.78	4.33	7.37	8.51	7.48	9.5	11.3	8.99	6.9	7.61	7.63	7.78	10.1	11.5	7.67	10.4	10.6	10.4	8.39	9.56	7.96	7.41	12.0	7.37	7.91	6.05
1.0	2.0	3.0	4.0	5.0	6.0	7.0	8.0	9.0	10.0	11.0	12.0	13.0	14.0	15.0	16.0	17.0	18.0	19.0	20.0	21.0	22.0	23.0	24.0	25.0	26.0	27.0	28.0	29.0	30.0	31.0	32.0	33.0	34.0	35.0	36.0	37.0	38.0	39.0	40.0	41.0	42.0	43.0	44.0	45.0	46.0	47.0	48.0	49.0	50.0	51.0	52.0	53.0	54.0	55.0	56.0	57.0	58.0	59.0	60.0	61.0	62.0	63.0	64.0	65.0	66.0	67.0	68.0	69.0	70.0	71.0	72.0	73.0	74.0	75.0	76.0	77.0	78.0	79.0	80.0	81.0	82.0	83.0	84.0	85.0	86.0	87.0	88.0	89.0	90.0	91.0	92.0	93.0	94.0	95.0	96.0	97.0	98.0	99.0	100.0	101.0	102.0	103.0	104.0	105.0	106.0	107.0	108.0	109.0	110.0	111.0	112.0	113.0	114.0	115.0	116.0	117.0	118.0	119.0	120.0	121.0	122.0	123.0	124.0	125.0	126.0	127.0	128.0	129.0	130.0	131.0	132.0	133.0	134.0	135.0	136.0	137.0	138.0	139.0	140.0	141.0	142.0	143.0	144.0	145.0	146.0	147.0	148.0	149.0	149.0	150.0	151.0	152.0	153.0	154.0	155.0	156.0	157.0	158.0	159.0	160.0	161.0	162.0	163.0	164.0	165.0	166.0	167.0	168.0	169.0	170.0	171.0	172.0	173.0	174.0	175.0	176.0	177.0	178.0	179.0	180.0	181.0	182.0	183.0	184.0	185.0	186.0	187.0	188.0	189.0	190.0	191.0	192.0	193.0	194.0	195.0	196.0	197.0	198.0	199.0	200.0	201.0	202.0	203.0	204.0	205.0	206.0	207.0	208.0	209.0	210.0	211.0	212.0	213.0	214.0	215.0	216.0	217.0	218.0	219.0	220.0	221.0	222.0	223.0	224.0	225.0	226.0	227.0	228.0	229.0	230.0	231.0	232.0	233.0	234.0	235.0	236.0	237.0	238.0	239.0	240.0	241.0	242.0	243.0	244.0	245.0	246.0	247.0	248.0	249.0	250.0	251.0	252.0	253.0	254.0	255.0	256.0	257.0	258.0	259.0	260.0	261.0	262.0	263.0	264.0	265.0	266.0	267.0	268.0	269.0	270.0	271.0	272.0	273.0	274.0	275.0	276.0	277.0	278.0	279.0	280.0	281.0	282.0	283.0	284.0	285.0	286.0	287.0	288.0	289.0	290.0	291.0	292.0	293.0	294.0	295.0	296.0	297.0	298.0	298.0
4028.5172736890236
