4168.420182903262	300.0	2000.0	159.325104685822	0	0.0	4168.420182903262	1	0	1	-1.4823348048036356
4416.536553639039	500.0	2727.0719921906443	0.0	0	0.0	4143.608545829683	1	0	2	-0.933112299247529
4572.338221789044	500.0	3555.6901572256393	0.0	0	0.0	4128.028379014683	1	0	2	-0.21397875502767355
5200.0	500.0	3865.2622011935864	0.0	0	431.23930252093305	4065.2622011935855	1	0	2	-0.1987062876965968
6200.0	500.0	3765.262201193584	0.0	0	763.9416511898962	3965.2622011935846	1	0	2	-0.15843825619163504
7200.0	1000.0	3665.262201193583	0.0	0	441.04329895095816	3865.2622011935837	1	0	2	-0.11700191922715894
8200.0	1000.0	3565.2622011935823	0.0	0	421.4726016875402	3765.2622011935837	1	0	2	0.613561837071162
9200.0	1000.0	3465.2622011935828	0.0	0	562.4344696688313	3665.2622011935837	1	0	2	0.6475723462099874
10963.721108809885	2000.0	2525.1689815027094	0.0	0	0.0	3488.890090312594	1	0	2	0.7014362236489182
12972.024348447234	2000.0	1316.0354179016256	0.0	0	0.0	3288.0597663488606	1	0	2	1.443122277958112
14636.887207249853	2000.0	651.1725590990059	0.0	0	0.0	3288.0597663488606	1	0	1	1.4579206537242153
15235.504773838093	1000.0	1052.554992510767	0.0	0	0.0	3288.0597663488606	1	0	1	0.27162629260432525
15726.387222944883	1000.0	1561.6725434039777	0.0	0	0.0	3288.0597663488606	1	0	1	0.9647734731642704
16880.07459658224	1000.0	1407.9851697666247	0.0	0	0.0	3288.059766348866	1	0	1	0.9647734731642698
17267.331119531093	1000.0	2020.7286468177722	0.0	0	0.0	3288.059766348868	1	0	1	0.964773473164269
17633.604453661734	1000.0	2654.455312687132	0.0	0	0.0	3288.059766348868	1	0	1	0.9647734731642685
18200.0	1000.0	3031.4202117150394	0.0	0	113.65940183367275	3231.4202117150417	1	0	2	0.5724737902499566
19200.0	1000.0	3031.4202117150403	0.0	0	452.85590009620864	3231.4202117150417	1	0	1	0.7776798159239122
20200.0	1000.0	3031.4202117150408	0.0	0	467.1604217206186	3231.4202117150417	1	0	1	0.9776798159239121
21200.0	1000.0	3031.420211715041	0.0	0	377.0128856454103	3231.4202117150417	1	0	1	0.9776798159239121
22200.0	1000.0	3031.4202117150394	0.0	0	284.81758890811034	3231.4202117150417	1	0	1	0.9776798159239121
23200.0	1000.0	3031.420211715039	0.0	0	276.55928245425093	3231.4202117150417	1	0	1	0.9776798159239121
24200.0	1000.0	3031.4202117150408	0.0	0	567.0130270836562	3231.4202117150417	1	0	1	0.9776798159239121
25200.0	1000.0	2931.4202117150403	0.0	0	556.351357877069	3131.420211715038	1	0	2	0.590649654436088
26200.0	1000.0	2931.4202117150417	0.0	0	581.1494796208535	3131.420211715038	1	0	1	0.7989480461423225
27200.0	1000.0	2931.4202117150444	0.0	0	403.6563251935222	3131.420211715038	1	0	1	0.9989480461423227
28200.0	1000.0	2931.4202117150444	0.0	0	73.43927956869447	3131.420211715038	1	0	1	0.9989480461423227
29200.0	1000.0	2831.420211715043	0.0	0	445.14422903579907	3031.4202117150417	1	0	2	0.6111303748105748
30200.0	1000.0	2831.420211715039	0.0	0	488.1312610782952	3031.4202117150417	1	0	1	0.8184005406065606
31200.0	1000.0	2831.4202117150408	0.0	0	520.724572629988	3031.4202117150417	1	0	1	1.0184005406065608
32200.0	1000.0	2831.42021171504	0.0	0	621.4701373045827	3031.4202117150417	1	0	1	1.0184005406065608
33200.0	1000.0	2831.420211715044	0.0	0	388.81813230797707	3031.420211715049	1	0	1	1.0184005406065604
34200.0	1000.0	2831.420211715042	0.0	0	126.10086873057298	3031.4202117150453	1	0	1	1.01840054060656
35200.0	1000.0	2831.4202117150435	0.0	0	511.6194252730493	3031.4202117150453	1	0	1	1.01840054060656
36200.0	1000.0	2831.4202117150458	0.0	0	295.6417812708678	3031.4202117150417	1	0	1	1.0184005406065608
37200.0	1000.0	2731.42021171505	0.0	0	565.8232678155691	2931.420211715049	1	0	2	0.629301504724934
38200.0	1000.0	2731.4202117150503	0.0	0	467.4652606533127	2931.420211715049	1	0	1	0.8361749976889385
39200.0	1000.0	2731.420211715052	0.0	0	685.9647680570342	2931.420211715049	1	0	1	1.0361749976889387
40200.0	1000.0	2631.420211715055	0.0	0	484.69274864528415	2831.420211715056	1	0	2	0.6460886804417222
41200.0	1000.0	2631.4202117150503	0.0	0	197.82030680499884	2831.420211715056	1	0	1	0.8524017254082967
42383.720046902716	2000.0	2329.328160122065	0.0	0	0.0	2713.048207024789	1	0	2	0.666177609615854
43200.0	2000.0	2513.0482070247763	0.0	0	228.05181177185295	2713.0482070247817	1	0	1	1.5629243086053108
44200.0	2000.0	2513.048207024773	0.0	0	341.0581967156031	2713.0482070247745	1	0	1	1.762924308605312
45200.0	2000.0	2513.0482070247767	0.0	0	243.94340889865998	2713.0482070247817	1	0	1	1.762924308605311
46200.0	2000.0	2513.048207024778	0.0	0	52.59117219933978	2713.0482070247817	1	0	1	1.762924308605311
47332.57569078353	2000.0	2267.2149471629064	0.0	0	0.0	2599.7906379464475	1	0	2	1.3753251096463655
48200.0	2000.0	2399.7906379464366	0.0	0	107.49602947047242	2599.7906379464403	1	0	1	1.5778547884792216
49200.0	2000.0	2399.7906379464403	0.0	0	216.45255466861272	2599.7906379464403	1	0	1	1.7778547884792217
50200.0	2000.0	2399.7906379464343	0.0	0	129.02197328398324	2599.790637946433	1	0	1	1.7778547884792228
51321.88301672444	2000.0	2277.907621221993	0.0	0	0.0	2599.790637946433	1	0	1	1.7778547884792228
52409.71603896842	2000.0	2190.074598978009	0.0	0	0.0	2599.7906379464403	1	0	1	1.7778547884792217
53200.0	2000.0	2399.790637946429	0.0	0	105.97974620774767	2599.7906379464403	1	0	1	1.7778547884792217
54646.0600005045	2000.0	1953.7306374419277	0.0	0	0.0	2599.7906379464403	1	0	1	1.7778547884792217
55928.95625289957	2000.0	1670.8343850468564	0.0	0	0.0	2599.7906379464403	1	0	1	1.7778547884792217
56976.292384633	2000.0	1623.4982533134198	0.0	0	0.0	2599.7906379464403	1	0	1	1.7778547884792217
58205.767425440776	2000.0	1394.0232125056446	0.0	0	0.0	2599.7906379464403	1	0	1	1.7778547884792217
59033.195386043684	2000.0	1566.5952519027323	0.0	0	0.0	2599.7906379464403	1	0	1	1.7778547884792217
60234.6354617168	2000.0	1365.1551762296133	0.0	0	0.0	2599.7906379464475	1	0	1	1.7778547884792208
61553.326423210405	2000.0	1046.4642147360073	0.0	0	0.0	2599.7906379464475	1	0	1	1.7778547884792208
62408.09036875091	2000.0	1191.7002691954947	0.0	0	0.0	2599.7906379464475	1	0	1	1.7778547884792208
63227.1442229108	2000.0	1372.646415035603	0.0	0	0.0	2599.7906379464475	1	0	1	1.7778547884792208
64312.37744592786	2000.0	1287.4131920185487	0.0	0	0.0	2599.7906379464475	1	0	1	1.7778547884792208
65328.57644558495	2000.0	1271.2141923614588	0.0	0	0.0	2599.7906379464475	1	0	1	1.7778547884792208
66311.09145228523	2000.0	1288.6991856611917	0.0	0	0.0	2599.7906379464475	1	0	1	1.7778547884792206
67177.05801237996	2000.0	1422.7326255664636	0.0	0	0.0	2599.790637946455	1	0	1	1.777854788479221
67770.68858359086	2000.0	1829.1020543555574	0.0	0	0.0	2599.790637946455	1	0	1	1.7778547884792206
68543.59999350317	2000.0	2056.190644443231	0.0	0	0.0	2599.790637946455	1	0	1	1.7778547884792202
69300.65996051674	2000.0	2299.1306774296763	0.0	0	0.0	2599.7906379464694	1	0	1	1.7778547884792182
70548.25172823753	2000.0	2051.538909708891	0.0	0	0.0	2599.7906379464694	1	0	1	1.7778547884792182
72162.23153719185	2000.0	1437.5591007545854	0.0	0	0.0	2599.790637946455	1	0	1	1.7778547884792202
73255.01350209193	2000.0	1344.7771358545176	0.0	0	0.0	2599.790637946455	1	0	1	1.7778547884792202
74291.29047150587	2000.0	1308.5001664405725	0.0	0	0.0	2599.790637946455	1	0	1	1.7778547884792202
75321.97854734729	2000.0	1277.812090599148	0.0	0	0.0	2599.790637946455	1	0	1	1.7778547884792202
75978.13254801913	2000.0	1621.6580899273106	0.0	0	0.0	2599.790637946455	1	0	1	1.7778547884792202
76940.10717388596	2000.0	1659.683464060476	0.0	0	0.0	2599.790637946455	1	0	1	1.7778547884792202
78085.1101202769	2000.0	1514.6805176695323	0.0	0	0.0	2599.790637946455	1	0	1	1.7778547884792202
79294.95120257954	2000.0	1304.8394353668943	0.0	0	0.0	2599.7906379464694	1	0	1	1.7778547884792182
80107.90385125841	2000.0	1491.8867866880173	0.0	0	0.0	2599.790637946484	1	0	1	1.7778547884792164
80960.06563947073	2000.0	1639.7249984756847	0.0	0	0.0	2599.790637946484	1	0	1	1.7778547884792164
82517.01305713873	2000.0	1082.777580807669	0.0	0	0.0	2599.790637946484	1	0	1	1.7778547884792164
83846.0800007362	2000.0	753.7106372102005	0.0	0	0.0	2599.790637946484	1	0	1	1.7778547884792164
84533.06407488618	1000.0	1066.726563060238	0.0	0	0.0	2599.790637946484	1	0	1	0.39156042735932606
85118.79130111163	1000.0	1422.4266142122153	0.0	0	0.0	2541.2179153238976	1	0	2	0.6904156423969678
85576.42057744024	1000.0	1964.797337883606	0.0	0	0.0	2541.2179153238976	1	0	1	0.8918311556920501
86200.0	1000.0	2341.217915323844	0.0	0	144.29482019215357	2541.2179153238976	1	0	1	1.0918311556920504
87200.0	1000.0	2341.2179153238326	0.0	0	577.5184607565316	2541.2179153238976	1	0	1	1.0918311556920504
88200.0	1000.0	2341.2179153238276	0.0	0	242.82436902751215	2541.2179153238976	1	0	1	1.0918311556920504
89200.0	1000.0	2341.217915323813	0.0	0	563.8976399954408	2541.2179153238976	1	0	1	1.0918311556920504
90200.0	1000.0	2341.2179153238253	0.0	0	346.48988063883735	2541.2179153238976	1	0	1	1.0918311556920504
91200.0	1000.0	2341.217915323828	0.0	0	556.9530778268963	2541.2179153238976	1	0	1	1.0918311556920504
92200.0	1000.0	2241.2179153238426	0.0	0	536.192797388183	2441.2179153239267	1	0	2	0.6987309476432271
93200.0	1000.0	2241.217915323838	0.0	0	549.1704005200736	2441.217915323912	1	0	1	0.9031225441909962
94200.0	2000.0	2241.217915323822	0.0	0	163.7796425526758	2441.217915323912	1	0	1	1.1031225441909964
95200.0	2000.0	2241.2179153238285	0.0	0	221.79600896711054	2441.217915323912	1	0	1	1.7962697247509416
96294.55922963998	2000.0	2146.658685683849	0.0	0	0.0	2441.217915323912	1	0	1	1.7962697247509416
97200.0	2000.0	2241.2179153238244	0.0	0	32.32588534175011	2441.217915323912	1	0	1	1.7962697247509416
98514.1319128914	2000.0	1927.0860024324268	0.0	0	0.0	2441.217915323912	1	0	1	1.7962697247509416
99438.10322410439	2000.0	2003.1146912194417	0.0	0	0.0	2441.2179153238976	1	0	1	1.796269724750943
100780.41445780391	2000.0	1660.803457519916	0.0	0	0.0	2441.2179153238976	1	0	1	1.796269724750943
101634.75335497502	2000.0	1806.4645603488195	0.0	0	0.0	2441.2179153238976	1	0	1	1.796269724750943
102741.13064631975	2000.0	1700.0872690040962	0.0	0	0.0	2441.2179153238976	1	0	1	1.796269724750943
103825.44471320124	2000.0	1615.7732021226134	0.0	0	0.0	2441.2179153238976	1	0	1	1.796269724750943
105263.42283920858	2000.0	1177.795076115278	0.0	0	0.0	2441.2179153238976	1	0	1	1.796269724750943
106590.19684068243	2000.0	851.0210746414328	0.0	0	0.0	2441.2179153238976	1	0	1	1.796269724750943
107368.15320173994	2000.0	1073.0647135839167	0.0	0	0.0	2441.2179153238976	1	0	1	1.796269724750943
107874.98201226823	2000.0	1566.2359030556267	0.0	0	0.0	2441.2179153238976	1	0	1	1.796269724750943
108821.08862335679	2000.0	1620.1292919670739	0.0	0	0.0	2441.217915323912	1	0	1	1.7962697247509416
109493.92137306592	2000.0	1947.2965422579389	0.0	0	0.0	2441.217915323912	1	0	1	1.7962697247509416
110378.66606344016	2000.0	2062.5518518836834	0.0	0	0.0	2441.217915323912	1	0	1	1.7962697247509416
111781.67549235933	2000.0	1659.5424229645319	0.0	0	0.0	2441.217915323912	1	0	1	1.7962697247509416
113178.60050891005	2000.0	1262.6174064138052	0.0	0	0.0	2441.217915323912	1	0	1	1.7962697247509416
113971.86088703414	2000.0	1469.357028289724	0.0	0	0.0	2441.217915323912	1	0	1	1.7962697247509416
114609.95023879489	2000.0	1831.2676765289702	0.0	0	0.0	2441.217915323912	1	0	1	1.7962697247509416
115339.54808550203	2000.0	2101.6698298218444	0.0	0	0.0	2441.2179153239267	1	0	1	1.7962697247509398
116497.20494685422	3000.0	1944.0129684696535	0.0	0	0.0	2441.2179153239413	1	0	1	1.7962697247509385
118001.27957428087	3000.0	1439.9383410430087	0.0	0	0.0	2441.2179153239413	1	0	1	2.201734832859103
118902.94477115523	2000.0	1538.2731441686433	0.0	0	0.0	2441.2179153239413	1	0	1	1.3908046166427739
119790.64161905657	2000.0	1650.576296267298	0.0	0	0.0	2441.2179153239413	1	0	1	1.7962697247509385
120908.48066226028	2000.0	1532.7372530635876	0.0	0	0.0	2441.2179153239413	1	0	1	1.7962697247509385
121653.53790204025	2000.0	1787.6800132836308	0.0	0	0.0	2441.2179153239413	1	0	1	1.7962697247509385
122613.47809746598	2000.0	1827.7398178578803	0.0	0	0.0	2441.2179153239413	1	0	1	1.7962697247509385
123284.00691183725	2000.0	2157.211003486612	0.0	0	0.0	2441.2179153239413	1	0	1	1.7962697247509385
124200.0	2000.0	2241.217915323854	0.0	0	160.1033199941594	2441.2179153239413	1	0	1	1.7962697247509385
125282.95933454082	2000.0	2158.258580783029	0.0	0	0.0	2441.2179153239413	1	0	1	1.7962697247509385
126257.564913188	2000.0	2183.6530021358476	0.0	0	0.0	2441.2179153239413	1	0	1	1.7962697247509385
127200.0	2000.0	2241.217915323838	0.0	0	276.94327346041973	2441.2179153239413	1	0	1	1.7962697247509385
128200.0	2000.0	2241.217915323838	0.0	0	276.9218532730738	2441.2179153239413	1	0	1	1.7962697247509385
129200.0	2000.0	2241.2179153238394	0.0	0	160.30692521219316	2441.217915323956	1	0	1	1.7962697247509367
130200.0	2000.0	2241.217915323843	0.0	0	65.83529582241317	2441.217915323956	1	0	1	1.7962697247509367
131914.72131998918	2000.0	1526.4965953346784	0.0	0	0.0	2441.2179153239995	1	0	1	1.796269724750934
132507.00167399028	2000.0	1934.216241333556	0.0	0	0.0	2441.217915323956	1	0	1	1.796269724750935
133597.40912299452	2000.0	1843.8087923293135	0.0	0	0.0	2441.2179153239413	1	0	1	1.7962697247509367
134935.8577668925	2000.0	1505.360148431329	0.0	0	0.0	2441.2179153239413	1	0	1	1.7962697247509385
136066.7700852881	2000.0	1374.4478300357114	0.0	0	0.0	2441.2179153239413	1	0	1	1.7962697247509385
136835.0175029326	2000.0	1606.200412391221	0.0	0	0.0	2441.2179153239704	1	0	1	1.7962697247509352
137653.18340469262	2000.0	1788.0345106312193	0.0	0	0.0	2441.2179153239704	1	0	1	1.7962697247509352
138582.9967825588	2000.0	1858.221132765056	0.0	0	0.0	2441.2179153239995	1	0	1	1.796269724750932
139565.11593918854	2000.0	1876.1019761352777	0.0	0	0.0	2441.2179153239995	1	0	1	1.796269724750932
140871.68517975882	2000.0	1569.532735565021	0.0	0	0.0	2441.2179153239995	1	0	1	1.796269724750932
141392.97396322183	2000.0	2048.2439521020497	0.0	0	0.0	2441.2179153239995	1	0	1	1.796269724750932
142200.0	2000.0	2241.217915323873	0.0	0	255.39153227652423	2441.2179153239995	1	0	1	1.796269724750932
143497.9078254938	2000.0	1943.3100898301013	0.0	0	0.0	2441.2179153239995	1	0	1	1.796269724750932
145375.7455002694	2000.0	1065.472415054519	0.0	0	0.0	2441.2179153239995	1	0	1	1.796269724750932
146430.64656491604	2000.0	1010.5713504079026	0.0	0	0.0	2441.2179153239995	1	0	1	1.796269724750932
147701.20311671053	2000.0	740.0147986134235	0.0	0	0.0	2441.2179153239995	1	0	1	1.796269724750932
149147.1405545294	2000.0	294.07736079456845	0.0	0	0.0	2441.2179153240286	1	0	1	1.7962697247509292
149725.10452064488	1000.0	729.2286386141229	13.11524393502981	0	0.0	2454.333159259055	1	0	1	0.3298629359525531
150232.07634619437	1000.0	1222.256813064624	0.0	0	0.0	2454.333159259055	1	0	1	1.1017015801226773
150766.01091830083	1000.0	1688.3222409581517	0.0	0	0.0	2454.333159259055	1	0	1	1.1017015801226773
151436.6540815053	1000.0	2017.679077753721	0.0	0	0.0	2454.333159259055	1	0	1	1.1017015801226773
152200.0	1000.0	2254.333159259024	0.0	0	205.68199112641742	2454.333159259055	1	0	1	1.1017015801226773
153200.0	1000.0	2254.3331592590366	0.0	0	551.2336736116558	2454.333159259055	1	0	1	1.1017015801226773
154200.0	1000.0	2254.3331592590544	0.0	0	716.2950765642163	2454.333159259055	1	0	1	1.1017015801226773
155200.0	1000.0	2254.333159259061	0.0	0	506.5941376426199	2454.333159259055	1	0	1	1.1017015801226773
156200.0	1000.0	2254.33315925906	0.0	0	273.4864051802142	2454.333159259055	1	0	1	1.1017015801226773
157200.0	1000.0	2254.333159259041	0.0	0	325.89813573041465	2454.333159259055	1	0	1	1.1017015801226773
158200.0	1000.0	2254.3331592590116	0.0	0	420.78338681868627	2454.333159259055	1	0	1	1.1017015801226773
159200.0	1000.0	2254.3331592590193	0.0	0	232.25924539545667	2454.333159259084	1	0	1	1.101701580122676
160200.0	1000.0	2254.3331592590375	0.0	0	390.77403808615054	2454.333159259113	1	0	1	1.1017015801226708
161200.0	1000.0	2154.33315925906	0.0	0	326.1663033197983	2354.333159259142	1	0	2	0.7082899980997446
162200.0	1000.0	2154.333159259066	0.0	0	265.3965155612095	2354.333159259142	1	0	1	0.9121036432701781
163200.0	1000.0	2154.3331592590966	0.0	0	141.37911059250473	2354.333159259142	1	0	1	1.1121036432701783
164200.0	1000.0	2154.3331592591044	0.0	0	594.2058624834463	2354.333159259142	1	0	1	1.1121036432701783
165200.0	1000.0	2154.3331592591285	0.0	0	355.9178445900325	2354.333159259142	1	0	1	1.1121036432701783
166200.0	1000.0	2154.3331592591558	0.0	0	14.053136855654884	2354.333159259142	1	0	1	1.1121036432701783
167200.0	1000.0	2154.333159259142	0.0	0	635.4153730748803	2354.333159259142	1	0	1	1.1121036432701783
168200.0	1000.0	2154.333159259134	0.0	0	390.1300033360603	2354.333159259142	1	0	1	1.1121036432701783
169200.0	1000.0	2154.3331592591335	0.0	0	541.2789626875601	2354.333159259113	1	0	1	1.1121036432701812
170200.0	1000.0	2154.3331592591253	0.0	0	295.3657019522798	2354.333159259113	1	0	1	1.1121036432701812
171200.0	1000.0	2154.333159259121	0.0	0	567.088482569583	2354.333159259084	1	0	1	1.112103643270184
172200.0	1000.0	2154.333159259119	0.0	0	543.45471178359	2354.333159259084	1	0	1	1.112103643270184
173200.0	1000.0	2154.333159259113	0.0	0	490.2633849644335	2354.333159259084	1	0	1	1.112103643270184
174200.0	1000.0	2154.333159259107	0.0	0	650.9355862528319	2354.333159259055	1	0	1	1.1121036432701872
175200.0	2000.0	2154.3331592590685	0.0	0	54.92746499090572	2354.333159259084	1	0	1	1.112103643270184
176455.39485265344	2000.0	1898.9383066056826	0.0	0	0.0	2354.333159259084	1	0	1	1.8052508238301292
178099.73437205527	2000.0	1254.5987872038552	0.0	0	0.0	2354.333159259084	1	0	1	1.8052508238301292
179905.0320743622	2000.0	449.30108489692714	0.0	0	0.0	2354.333159259084	1	0	1	1.8052508238301292
180309.74172689643	1000.0	1044.5914323626957	0.0	0	0.0	2354.333159259084	1	0	1	0.418956462710239
180872.87356546024	1000.0	1481.4595937988881	0.0	0	0.0	2354.333159259084	1	0	1	1.112103643270184
181656.47138010646	1000.0	1697.8617791526804	0.0	0	0.0	2354.333159259084	1	0	1	1.112103643270184
182496.92634018254	1000.0	1857.4068190766193	0.0	0	0.0	2354.333159259113	1	0	1	1.1121036432701812
183200.0	1000.0	2154.3331592591867	0.0	0	7.493629236589186	2354.333159259142	1	0	1	1.1121036432701783
184200.0	1000.0	2154.3331592591926	0.0	0	458.2757642681536	2354.333159259113	1	0	1	1.1121036432701812
185200.0	1000.0	2154.3331592592385	0.0	0	416.7567753205658	2354.333159259113	1	0	1	1.1121036432701812
186200.0	1000.0	2154.3331592592663	0.0	0	553.4701044290268	2354.333159259142	1	0	1	1.1121036432701783
187200.0	1000.0	2154.333159259266	0.0	0	638.6740680955409	2354.333159259142	1	0	1	1.1121036432701783
188200.0	1000.0	2154.3331592592517	0.0	0	580.7122101470013	2354.333159259113	1	0	1	1.1121036432701812
189200.0	1000.0	2154.3331592592276	0.0	0	445.8847183029866	2354.333159259113	1	0	1	1.1121036432701812
190200.0	1000.0	2154.3331592592253	0.0	0	488.0055676653574	2354.333159259113	1	0	1	1.1121036432701812
191200.0	1000.0	2154.333159259207	0.0	0	496.8511885024491	2354.333159259113	1	0	1	1.1121036432701812
192200.0	1000.0	2154.3331592592067	0.0	0	493.53886319950107	2354.333159259113	1	0	1	1.1121036432701812
193200.0	1000.0	2154.3331592591853	0.0	0	612.0009541737963	2354.333159259113	1	0	1	1.1121036432701812
194200.0	1000.0	2154.3331592591658	0.0	0	717.3039347954036	2354.333159259084	1	0	1	1.112103643270184
195200.0	1000.0	2154.3331592591326	0.0	0	436.24742499692366	2354.333159259084	1	0	1	1.112103643270184
196200.0	1000.0	2154.333159259099	0.0	0	394.41007688402897	2354.333159259084	1	0	1	1.112103643270184
197200.0	1000.0	2154.333159259084	0.0	0	546.4340129504853	2354.333159259084	1	0	1	1.112103643270184
198200.0	1000.0	2154.33315925909	0.0	0	391.52977017551893	2354.333159259084	1	0	1	1.112103643270184
199200.0	1000.0	2154.3331592590785	0.0	0	506.2835191929771	2354.333159259084	1	0	1	1.112103643270184
200543.67760819034	2000.0	1810.6555510687585	0.0	0	0.0	2354.333159259113	1	0	1	1.1121036432701814
201374.706136724	2000.0	1979.627022535085	0.0	0	0.0	2354.333159259113	1	0	1	1.8052508238301266
202200.0	2000.0	2154.3331592590894	0.0	0	159.9795639727672	2354.333159259142	1	0	1	1.8052508238301253
203520.42174007703	2000.0	1833.9114191820438	0.0	0	0.0	2354.333159259142	1	0	1	1.8052508238301235
204564.22822534342	2000.0	1790.1049339156662	0.0	0	0.0	2354.333159259171	1	0	1	1.8052508238301206
205420.03930487914	2000.0	1934.293854379993	0.0	0	0.0	2354.333159259171	1	0	1	1.8052508238301206
206523.96524969535	2000.0	1830.367909563772	0.0	0	0.0	2354.333159259142	1	0	1	1.8052508238301228
207570.0053091639	2000.0	1784.3278500951888	0.0	0	0.0	2354.333159259142	1	0	1	1.8052508238301235
208893.0859789862	2000.0	1461.247180272916	0.0	0	0.0	2354.333159259142	1	0	1	1.8052508238301235
210659.67921887143	2000.0	694.6539403876951	0.0	0	0.0	2354.333159259142	1	0	1	1.8052508238301235
211369.41307901283	2000.0	984.920080246309	0.0	0	0.0	2354.333159259113	1	0	1	1.8052508238301266
212629.8698626013	2000.0	724.4632966578442	0.0	0	0.0	2354.333159259113	1	0	1	1.8052508238301266
213668.42312018474	2000.0	685.910039074439	0.0	0	0.0	2354.333159259142	1	0	1	1.8052508238301235
214610.7652360958	2000.0	743.5679231633545	0.0	0	0.0	2354.333159259142	1	0	1	1.8052508238301235
215328.12409059374	2000.0	1026.2090686653792	0.0	0	0.0	2354.333159259142	1	0	1	1.8052508238301235
216210.83773447794	2000.0	1143.495424781167	0.0	0	0.0	2354.333159259113	1	0	1	1.8052508238301255
216928.97930009087	2000.0	1425.353859168219	0.0	0	0.0	2354.333159259113	1	0	1	1.8052508238301266
217892.10414514696	2000.0	1462.2290141121366	0.0	0	0.0	2354.333159259142	1	0	1	1.8052508238301235
218943.1684738133	2000.0	1411.1646854457927	0.0	0	0.0	2354.333159259142	1	0	1	1.8052508238301235
219972.01881371366	2000.0	1382.3143455454303	0.0	0	0.0	2354.333159259142	1	0	1	1.8052508238301235
220711.9264861385	1000.0	1642.4066731205876	0.0	0	0.0	2354.333159259171	1	0	1	0.4189564627102304
221215.24203325235	1000.0	2139.091126006714	0.0	0	0.0	2354.333159259142	1	0	1	1.1121036432701783
222200.0	1000.0	2154.3331592590494	0.0	0	454.11511224429705	2354.333159259142	1	0	1	1.1121036432701783
223200.0	1000.0	2154.3331592590225	0.0	0	349.32023234353983	2354.333159259142	1	0	1	1.1121036432701783
224200.0	1000.0	2154.333159259034	0.0	0	438.7230063833704	2354.333159259142	1	0	1	1.1121036432701783
225200.0	1000.0	2154.333159259031	0.0	0	489.24413536745124	2354.333159259142	1	0	1	1.1121036432701783
226200.0	1000.0	2154.3331592590216	0.0	0	621.4380464290443	2354.333159259142	1	0	1	1.1121036432701783
227200.0	1000.0	2154.333159259023	0.0	0	396.9437308847555	2354.333159259171	1	0	1	1.1121036432701756
228200.0	1000.0	2154.3331592590316	0.0	0	593.654764812527	2354.333159259171	1	0	1	1.1121036432701756
229200.0	1000.0	2154.3331592590093	0.0	0	528.3091989309178	2354.333159259171	1	0	1	1.1121036432701756
230200.0	1000.0	2154.3331592590507	0.0	0	302.1270568674372	2354.333159259171	1	0	1	1.1121036432701756
231200.0	1000.0	2154.33315925901	0.0	0	365.52864660383784	2354.333159259171	1	0	1	1.1121036432701756
232200.0	1000.0	2154.333159258971	0.0	0	2.1440472237591166	2354.333159259171	1	0	1	1.1121036432701756
233200.0	1000.0	2154.333159258983	0.0	0	430.760254298104	2354.333159259142	1	0	1	1.1121036432701783
234200.0	1000.0	2154.3331592590057	0.0	0	356.06204347271705	2354.333159259142	1	0	1	1.1121036432701783
235200.0	1000.0	2154.3331592590057	0.0	0	574.6757970135077	2354.333159259113	1	0	1	1.1121036432701812
236200.0	1000.0	2154.3331592590416	0.0	0	572.6667925296642	2354.333159259113	1	0	1	1.1121036432701812
237200.0	1000.0	2154.333159259039	0.0	0	485.7626580486831	2354.333159259113	1	0	1	1.1121036432701812
238200.0	1000.0	2154.3331592590353	0.0	0	349.01229423479526	2354.333159259113	1	0	1	1.1121036432701812
239200.0	1000.0	2154.3331592589943	0.0	0	462.5865229793999	2354.333159259084	1	0	1	1.112103643270184
240200.0	1000.0	2154.3331592589507	0.0	0	455.6238106699602	2354.333159259084	1	0	1	1.112103643270184
241200.0	1000.0	2154.3331592589525	0.0	0	611.3326982511498	2354.333159259084	1	0	1	1.112103643270184
242200.0	1000.0	2154.333159258941	0.0	0	489.983104529907	2354.333159259084	1	0	1	1.112103643270184
243200.0	1000.0	2154.333159258929	0.0	0	558.1628161677509	2354.333159259055	1	0	1	1.1121036432701872
244200.0	1000.0	2154.3331592589443	0.0	0	530.4980002341908	2354.333159259055	1	0	1	1.1121036432701872
245200.0	1000.0	2154.333159258964	0.0	0	499.88786260641064	2354.333159259055	1	0	1	1.1121036432701872
246200.0	1000.0	2154.3331592589802	0.0	0	626.9194378854299	2354.333159259055	1	0	1	1.1121036432701872
247200.0	1000.0	2154.333159258982	0.0	0	274.0044218520634	2354.333159259055	1	0	1	1.1121036432701872
248200.0	1000.0	2154.333159258985	0.0	0	489.60956401680596	2354.333159259055	1	0	1	1.1121036432701872
249200.0	1000.0	2154.333159259015	0.0	0	509.10187642561505	2354.333159259084	1	0	1	1.112103643270184
250200.0	1000.0	2154.3331592589893	0.0	0	422.137528420717	2354.333159259084	1	0	1	1.112103643270184
251200.0	1000.0	2154.333159259001	0.0	0	458.4219829296635	2354.333159259084	1	0	1	1.112103643270184
252200.0	1000.0	2154.3331592589907	0.0	0	537.6354794969666	2354.333159259084	1	0	1	1.112103643270184
253200.0	1000.0	2154.33315925896	0.0	0	187.4611013630347	2354.333159259113	1	0	1	1.112103643270183
254200.0	1000.0	2154.33315925898	0.0	0	371.6426622145227	2354.333159259113	1	0	1	1.1121036432701812
255200.0	1000.0	2154.333159258948	0.0	0	278.40293743647635	2354.333159259113	1	0	1	1.1121036432701812
256200.0	1000.0	2154.3331592589234	0.0	0	461.127917051228	2354.333159259084	1	0	1	1.112103643270184
257200.0	1000.0	2154.3331592589084	0.0	0	664.4890865775524	2354.333159259055	1	0	1	1.1121036432701872
258200.0	1000.0	2154.3331592588906	0.0	0	567.8591909519746	2354.333159259055	1	0	1	1.1121036432701872
259200.0	1000.0	2154.333159258883	0.0	0	591.213177412079	2354.333159259055	1	0	1	1.1121036432701872
260200.0	1000.0	2154.3331592588856	0.0	0	451.9435768489202	2354.333159259084	1	0	1	1.112103643270184
261200.0	1000.0	2154.3331592588706	0.0	0	321.49157625003136	2354.333159259084	1	0	1	1.112103643270184
262200.0	1000.0	2154.3331592588565	0.0	0	438.12900928227464	2354.333159259084	1	0	1	1.112103643270184
263200.0	1000.0	2154.333159258866	0.0	0	680.1276881709928	2354.333159259084	1	0	1	1.112103643270183
264200.0	1000.0	2154.333159258818	0.0	0	648.3130474135396	2354.333159259055	1	0	1	1.1121036432701858
265200.0	1000.0	2154.3331592587624	0.0	0	660.6587057707948	2354.3331592589966	1	0	1	1.112103643270192
266200.0	1000.0	2154.333159258762	0.0	0	433.8227018312318	2354.3331592589966	1	0	1	1.1121036432701927
267200.0	1000.0	2154.3331592587383	0.0	0	454.1642834919621	2354.3331592589966	1	0	1	1.1121036432701927
268200.0	1000.0	2154.333159258693	0.0	0	437.9391893884167	2354.3331592589966	1	0	1	1.1121036432701927
269200.0	1000.0	2154.333159258763	0.0	0	589.1888926404063	2354.333159259055	1	0	1	1.1121036432701872
270200.0	1000.0	2154.3331592587806	0.0	0	519.5744512045057	2354.333159259055	1	0	1	1.1121036432701872
271200.0	1000.0	2154.333159258764	0.0	0	427.3320463934215	2354.333159259055	1	0	1	1.1121036432701872
272200.0	1000.0	2154.333159258773	0.0	0	475.95300227880944	2354.333159259055	1	0	1	1.1121036432701872
273200.0	1000.0	2154.333159258798	0.0	0	570.4043620288139	2354.333159259055	1	0	1	1.1121036432701872
274200.0	1000.0	2154.333159258808	0.0	0	661.931275170471	2354.333159259055	1	0	1	1.1121036432701872
275200.0	1000.0	2154.3331592587697	0.0	0	356.72172709944425	2354.333159259055	1	0	1	1.1121036432701872
276200.0	1000.0	2154.3331592587624	0.0	0	672.908410366741	2354.333159259055	1	0	1	1.1121036432701872
277200.0	1000.0	2154.3331592588206	0.0	0	474.433040174481	2354.333159259055	1	0	1	1.1121036432701872
278200.0	1000.0	2154.3331592588297	0.0	0	517.7900616597035	2354.333159259055	1	0	1	1.1121036432701872
279200.0	1000.0	2154.333159258822	0.0	0	567.9541397791472	2354.333159259055	1	0	1	1.1121036432701872
280200.0	1000.0	2154.333159258803	0.0	0	424.2465787641704	2354.333159259055	1	0	1	1.1121036432701872
281200.0	1000.0	2154.333159258818	0.0	0	12.188043562986422	2354.333159259055	1	0	1	1.1121036432701872
282200.0	1000.0	2154.333159258821	0.0	0	438.37450213945704	2354.333159259055	1	0	1	1.1121036432701872
283200.0	1000.0	2154.3331592588615	0.0	0	434.5024181533372	2354.333159259055	1	0	1	1.1121036432701872
284200.0	1000.0	2154.3331592588047	0.0	0	421.49921134934993	2354.333159259055	1	0	1	1.1121036432701872
285200.0	1000.0	2154.333159258874	0.0	0	388.3050555270747	2354.333159259055	1	0	1	1.1121036432701872
286200.0	1000.0	2154.3331592588547	0.0	0	616.6814377805567	2354.333159259055	1	0	1	1.1121036432701872
287200.0	1000.0	2154.33315925885	0.0	0	640.5398270016303	2354.3331592589966	1	0	1	1.1121036432701927
288200.0	1000.0	2154.3331592588747	0.0	0	547.5670974178938	2354.3331592589966	1	0	1	1.1121036432701927
289200.0	1000.0	2154.333159258892	0.0	0	102.05382400611416	2354.3331592589384	1	0	1	1.1121036432701987
290200.0	1000.0	2154.3331592588593	0.0	0	406.57093000406167	2354.3331592589384	1	0	1	1.1121036432701987
291200.0	1000.0	2154.3331592588925	0.0	0	641.2563040246023	2354.3331592589384	1	0	1	1.1121036432701987
292200.0	1000.0	2154.3331592589097	0.0	0	551.0293726181262	2354.3331592589384	1	0	1	1.1121036432701987
293200.0	1000.0	2154.333159258934	0.0	0	93.16922084311955	2354.33315925888	1	0	1	1.1121036432702043
294220.0932870856	1000.0	2134.239872173323	0.0	0	0.0	2354.33315925888	1	0	1	1.1121036432702043
295200.0	1000.0	2154.333159258921	0.0	0	25.234433647885453	2354.33315925888	1	0	1	1.112103643270202
296200.0	1000.0	2154.333159258868	0.0	0	286.84493880340597	2354.333159258822	1	0	1	1.11210364327021
297200.0	1000.0	2154.333159258795	0.0	0	401.48858523910167	2354.333159258822	1	0	1	1.11210364327021
298200.0	1000.0	2154.3331592587424	0.0	0	440.0017182818847	2354.333159258822	1	0	1	1.11210364327021
299200.0	1000.0	2154.3331592587847	0.0	0	609.1226141283405	2354.333159258822	1	0	1	1.11210364327021
300200.0	1000.0	2154.3331592587633	0.0	0	468.5567430105875	2354.333159258822	1	0	1	1.11210364327021
3.13	3.02	1.34	2.05	2.11	1.22	1.47	1.51	1.05	1.05	1.89	2.34	0.83	2.48	1.76	1.81	1.83	1.85	1.9	2.34	2.46	2.76	2.19	1.34	1.54	1.58	1.58	2.51	1.76	1.36	2.0	1.68	2.26	2.63	2.79	2.84	1.56	1.75	2.53	3.1	3.15	2.36	1.69	2.93	2.2	2.72	1.66	2.34	2.63	1.6	1.83	1.61	2.63	1.48	2.84	1.84	1.19	1.81	2.39	1.6	2.76	2.5	2.49	2.61	2.15	2.29	1.53	1.34	2.11	1.31	2.14	2.35	2.44	1.44	2.17	1.89	2.0	1.87	1.19	1.75	1.2	1.89	2.94	1.73	2.06	2.13	2.17	2.75	2.79	3.2	2.22	2.61	2.34	1.63	2.62	1.76	2.17	2.58	1.84	1.53	1.54	1.6	2.31	3.27	2.51	2.69	1.64	2.07	1.66	3.05	3.41	3.12	2.26	1.99	2.41	2.26	1.98	2.39	2.71	2.19	2.49	2.12	2.97	2.29	2.51	1.9	1.99	0.88	2.68	1.91	1.55	1.99	2.28	2.31	2.06	1.37	2.04	3.65	2.19	1.52	1.07	1.42	1.48	1.73	1.62	2.21	1.99	1.51	1.97	2.5	3.13	3.02	1.34	2.05	2.11	1.22	1.47	1.51	1.05	1.05	1.89	2.34	0.83	2.48	1.76	1.81	1.83	1.85	1.9	2.34	2.46	2.76	2.19	1.34	1.54	1.58	1.58	2.51	1.76	1.36	2.0	1.68	2.26	2.63	2.79	2.84	1.56	1.75	2.53	3.1	3.15	2.36	1.69	2.93	2.2	2.72	1.66	2.34	2.63	1.6	1.83	1.61	2.63	1.48	2.84	1.84	1.19	1.81	2.39	1.6	2.76	2.5	2.49	2.61	2.15	2.29	1.53	1.34	2.11	1.31	2.14	2.35	2.44	1.44	2.17	1.89	2.0	1.87	1.19	1.75	1.2	1.89	2.94	1.73	2.06	2.13	2.17	2.75	2.79	3.2	2.22	2.61	2.34	1.63	2.62	1.76	2.17	2.58	1.84	1.53	1.54	1.6	2.31	3.27	2.51	2.69	1.64	2.07	1.66	3.05	3.41	3.12	2.26	1.99	2.41	2.26	1.98	2.39	2.71	2.19	2.49	2.12	2.97	2.29	2.51	1.9	1.99	0.88	2.68	1.91	1.55	1.99	2.28	2.31	2.06	1.37	2.04	3.65	2.19	1.52	1.07	1.42	1.48	1.73	1.62	2.21	1.99	1.51	1.97	2.5	3.13
1.0	2.0	3.0	4.0	5.0	6.0	7.0	8.0	9.0	10.0	11.0	12.0	13.0	14.0	15.0	16.0	17.0	18.0	19.0	20.0	21.0	22.0	23.0	24.0	25.0	26.0	27.0	28.0	29.0	30.0	31.0	32.0	33.0	34.0	35.0	36.0	37.0	38.0	39.0	40.0	41.0	42.0	43.0	44.0	45.0	46.0	47.0	48.0	49.0	50.0	51.0	52.0	53.0	54.0	55.0	56.0	57.0	58.0	59.0	60.0	61.0	62.0	63.0	64.0	65.0	66.0	67.0	68.0	69.0	70.0	71.0	72.0	73.0	74.0	75.0	76.0	77.0	78.0	79.0	80.0	81.0	82.0	83.0	84.0	85.0	86.0	87.0	88.0	89.0	90.0	91.0	92.0	93.0	94.0	95.0	96.0	97.0	98.0	99.0	100.0	101.0	102.0	103.0	104.0	105.0	106.0	107.0	108.0	109.0	110.0	111.0	112.0	113.0	114.0	115.0	116.0	117.0	118.0	119.0	120.0	121.0	122.0	123.0	124.0	125.0	126.0	127.0	128.0	129.0	130.0	131.0	132.0	133.0	134.0	135.0	136.0	137.0	138.0	139.0	140.0	141.0	142.0	143.0	144.0	145.0	146.0	147.0	148.0	149.0	149.0	150.0	151.0	152.0	153.0	154.0	155.0	156.0	157.0	158.0	159.0	160.0	161.0	162.0	163.0	164.0	165.0	166.0	167.0	168.0	169.0	170.0	171.0	172.0	173.0	174.0	175.0	176.0	177.0	178.0	179.0	180.0	181.0	182.0	183.0	184.0	185.0	186.0	187.0	188.0	189.0	190.0	191.0	192.0	193.0	194.0	195.0	196.0	197.0	198.0	199.0	200.0	201.0	202.0	203.0	204.0	205.0	206.0	207.0	208.0	209.0	210.0	211.0	212.0	213.0	214.0	215.0	216.0	217.0	218.0	219.0	220.0	221.0	222.0	223.0	224.0	225.0	226.0	227.0	228.0	229.0	230.0	231.0	232.0	233.0	234.0	235.0	236.0	237.0	238.0	239.0	240.0	241.0	242.0	243.0	244.0	245.0	246.0	247.0	248.0	249.0	250.0	251.0	252.0	253.0	254.0	255.0	256.0	257.0	258.0	259.0	260.0	261.0	262.0	263.0	264.0	265.0	266.0	267.0	268.0	269.0	270.0	271.0	272.0	273.0	274.0	275.0	276.0	277.0	278.0	279.0	280.0	281.0	282.0	283.0	284.0	285.0	286.0	287.0	288.0	289.0	290.0	291.0	292.0	293.0	294.0	295.0	296.0	297.0	298.0	298.0	299.0
3903.8063290036857
