5994.165769301716	300.0	2000.0	87.53250098390848	0	0.0	5994.165769301716	1	0	1	-2.4941453644321854
6129.712987754883	500.0	2850.898059701515	0.0	0	0.0	5980.611047456398	1	0	2	-2.373254172163302
6287.083978208496	500.0	3677.789970202542	0.0	0	0.0	5964.873948411037	1	0	2	-1.6472607349805402
6417.265595682499	500.0	4534.590190981137	0.0	0	0.0	5951.8557866636365	1	0	2	-1.6339046381877944
6574.795626749334	500.0	5361.307156807619	0.0	0	0.0	5936.102783556953	1	0	2	-1.618552140811314
7200.0	500.0	5673.582346231888	0.0	0	504.9147545723172	5873.582346231888	1	0	2	-1.586588880791973
8200.0	1000.0	5573.582346231887	0.0	0	836.4352446986077	5773.582346231887	1	0	2	-1.4934410652975487
9200.0	1000.0	5473.582346231888	0.0	0	786.8129489353087	5673.582346231886	1	0	2	-0.7017168750495241
10200.0	2000.0	5373.582346231886	0.0	0	586.753537498811	5573.582346231884	1	0	2	-0.6045301401873175
11236.793731091959	3000.0	5233.109242030732	0.0	0	33.859478496658994	5469.902973122689	1	0	2	0.1889872041372428
12621.148484536572	3000.0	4710.3190132416585	0.0	0	0.0	5331.467497778229	1	0	2	0.7249225842466842
13295.73007343447	3000.0	4968.279265453972	0.0	0	0.0	5264.00933888844	1	0	2	0.8027803483183388
14200.0	3000.0	4973.582346231889	0.0	0	132.71855478870748	5173.582346231886	1	0	2	0.8699440994021268
15200.0	3000.0	4873.582346231885	0.0	0	284.3650807379672	5073.582346231884	1	0	2	0.9481533407496121
16225.453915766411	3000.0	4745.583038888834	0.0	0	0.0	4971.036954655245	1	0	2	1.039195182577172
17200.0	3000.0	4673.582346231891	0.0	0	333.81520274365175	4873.582346231891	1	0	2	1.1060523887754767
18200.0	3000.0	4573.5823462318895	0.0	0	489.9423666424882	4773.582346231893	1	0	2	1.1773586593188794
19200.0	3000.0	4473.582346231884	0.0	0	409.66586463326894	4673.5823462318895	1	0	2	1.2479435877083545
20200.0	3000.0	4373.582346231883	0.0	0	537.7753963613322	4573.582346231891	1	0	2	1.3130038778562034
21200.0	3000.0	4273.582346231887	0.0	0	181.6038901667962	4473.582346231895	1	0	2	1.3769861370640077
22213.87101369651	3000.0	4158.324231165727	0.0	0	0.0	4372.195244862247	1	0	2	1.442109968439175
23200.0	3000.0	4073.5823462318913	0.0	0	376.1104450024395	4273.582346231899	1	0	2	1.4888499622897187
24200.0	3000.0	3973.58234623189	0.0	0	554.9023719267243	4173.582346231895	1	0	2	1.5386818311755515
25200.0	3000.0	3873.5823462318913	0.0	0	484.00600411250343	4073.582346231895	1	0	2	1.5857735067900534
26200.0	3000.0	3773.5823462318913	0.0	0	91.97575897950446	3973.5823462318986	1	0	2	1.635385280625373
27200.0	3000.0	3673.5823462318886	0.0	0	315.62430321433203	3873.582346231895	1	0	2	1.6721383106071073
28200.0	3000.0	3573.582346231892	0.0	0	238.7889478153338	3773.5823462318986	1	0	2	1.7101131813113204
29200.0	3000.0	3473.5823462318913	0.0	0	376.8832528971361	3673.582346231895	1	0	2	1.744468006918251
30200.0	3000.0	3373.5823462318945	0.0	0	464.3830678747654	3573.582346231895	1	0	2	1.7758762458699653
31200.0	3000.0	3273.5823462318976	0.0	0	414.51867929991204	3473.5823462318913	1	0	2	1.8055573517364523
32200.0	3000.0	3173.582346231896	0.0	0	391.40324438459356	3373.5823462318913	1	0	2	1.8328732646963644
33200.0	3000.0	3073.5823462318936	0.0	0	413.6417315755789	3273.582346231884	1	0	2	1.8579206913397608
34200.0	3000.0	2973.582346231891	0.0	0	331.1108974756571	3173.5823462318804	1	0	2	1.8811089450938319
35200.0	3000.0	2873.5823462318867	0.0	0	576.924152439482	3073.5823462318767	1	0	2	1.9010876379513364
36200.0	3000.0	2773.5823462318826	0.0	0	493.39575217699166	2973.5823462318804	1	0	2	1.9204249210037199
37200.0	3000.0	2673.5823462318867	0.0	0	411.22263538857806	2873.5823462318876	1	0	2	1.9379898834213047
38200.0	3000.0	2573.5823462318917	0.0	0	407.145284005157	2773.5823462318876	1	0	2	1.9540208358168207
39200.0	3000.0	2473.582346231896	0.0	0	147.04599333068472	2673.5823462318876	1	0	2	1.9694033639061004
40200.0	3000.0	2373.582346231902	0.0	0	513.0774046824445	2573.5823462318876	1	0	2	1.98168838035539
41200.0	3000.0	2273.5823462319026	0.0	0	446.15628682459646	2473.5823462318876	1	0	2	1.9937188102682704
42200.0	3000.0	2173.5823462319095	0.0	0	273.1367784539834	2373.5823462318876	1	0	2	2.0051141778028345
43200.0	3000.0	2073.5823462319067	0.0	0	289.4808534191616	2273.5823462318876	1	0	2	2.014929004198016
44200.0	3000.0	1973.582346231907	0.0	0	141.0301278693587	2173.582346231895	1	0	2	2.0248204982079607
45200.0	3000.0	1873.5823462319124	0.0	0	457.9265337819015	2073.582346231895	1	0	2	2.0321809455187925
46200.0	3000.0	1773.5823462319079	0.0	0	497.7401114750828	1973.5823462318804	1	0	2	2.0395683712054047
47200.0	3000.0	1673.582346231903	0.0	0	231.74219493008422	1873.5823462318804	1	0	2	2.046657037111383
48200.0	3000.0	1573.5823462319015	0.0	0	23.035255838804005	1773.582346231873	1	0	2	2.0535214120069094
49200.0	3000.0	1473.5823462318986	0.0	0	270.0445256468229	1673.5823462318658	1	0	2	2.058476407895889
50200.0	3000.0	1473.5823462319029	0.0	0	436.16198631809675	1673.5823462318658	1	0	1	2.0603057880233018
51200.0	3000.0	1473.5823462319042	0.0	0	653.4367969806335	1673.5823462318658	1	0	1	2.260305788023302
52200.0	3000.0	1473.5823462318972	0.0	0	276.5571879800118	1673.5823462318658	1	0	1	2.260305788023302
53200.0	3000.0	1473.5823462319	0.0	0	111.53474986597575	1673.5823462318658	1	0	1	2.260305788023302
54200.0	3000.0	1473.5823462318967	0.0	0	347.3938484209866	1673.5823462318585	1	0	1	2.2603057880233024
55200.0	3000.0	1473.5823462318926	0.0	0	356.99055581111315	1673.5823462318585	1	0	1	2.2603057880233024
56200.0	3000.0	1473.5823462318933	0.0	0	247.97361584354803	1673.5823462318658	1	0	1	2.260305788023302
57200.0	3000.0	1473.5823462318945	0.0	0	13.60089387599146	1673.5823462318585	1	0	1	2.2603057880233024
58200.0	3000.0	1473.5823462319017	0.0	0	212.89733270412398	1673.5823462318658	1	0	1	2.260305788023302
59200.0	3000.0	1473.5823462319022	0.0	0	368.3032584504108	1673.5823462318658	1	0	1	2.260305788023302
60200.0	3000.0	1473.5823462319056	0.0	0	186.53815541117365	1673.582346231873	1	0	1	2.2603057880233015
61200.0	3000.0	1473.5823462319095	0.0	0	233.61412869061314	1673.5823462318804	1	0	1	2.2603057880233015
62200.0	3000.0	1473.5823462319086	0.0	0	355.7827442440539	1673.5823462318804	1	0	1	2.2603057880233015
63200.0	3000.0	1473.5823462319147	0.0	0	421.6392838419997	1673.5823462318876	1	0	1	2.2603057880233006
64200.0	3000.0	1473.582346231913	0.0	0	284.7469778373197	1673.5823462318804	1	0	1	2.2603057880233015
65200.0	3000.0	1473.582346231919	0.0	0	443.26438290593796	1673.5823462318804	1	0	1	2.2603057880233015
66200.0	3000.0	1473.5823462319356	0.0	0	206.30158268594823	1673.582346231895	1	0	1	2.2603057880233006
67200.0	3000.0	1473.5823462319195	0.0	0	449.69386172622035	1673.5823462318804	1	0	1	2.2603057880233006
68200.0	3000.0	1473.5823462319272	0.0	0	116.0463402610767	1673.5823462318804	1	0	1	2.2603057880233015
69200.0	3000.0	1473.5823462319038	0.0	0	392.53914204133616	1673.5823462318658	1	0	1	2.260305788023302
70215.72565390472	3000.0	1457.856692327185	0.0	0	0.0	1673.5823462318658	1	0	1	2.260305788023302
71302.66494186109	3000.0	1370.9174043708233	0.0	0	0.0	1673.5823462318513	1	0	1	2.260305788023303
72284.05037590704	3000.0	1389.5319703248706	0.0	0	0.0	1673.5823462318513	1	0	1	2.260305788023303
73200.0	3000.0	1473.582346231907	0.0	0	484.1320301973028	1673.5823462318513	1	0	1	2.260305788023303
74200.0	3000.0	1473.5823462319106	0.0	0	281.1446134190337	1673.5823462318513	1	0	1	2.260305788023303
75200.0	3000.0	1473.5823462319306	0.0	0	373.64720737900643	1673.5823462318513	1	0	1	2.260305788023303
76200.0	3000.0	1473.5823462319254	0.0	0	87.08531572585343	1673.5823462318513	1	0	1	2.260305788023303
77200.0	3000.0	1473.5823462319495	0.0	0	456.58196355875407	1673.5823462318658	1	0	1	2.260305788023302
78200.0	3000.0	1473.5823462319504	0.0	0	201.6829080087773	1673.5823462318658	1	0	1	2.260305788023302
79200.0	3000.0	1473.5823462319445	0.0	0	197.9042608338641	1673.5823462318658	1	0	1	2.260305788023302
80200.0	3000.0	1473.5823462319602	0.0	0	49.65233093245479	1673.5823462318658	1	0	1	2.260305788023302
81200.0	3000.0	1473.5823462319477	0.0	0	300.349997654208	1673.5823462318513	1	0	1	2.260305788023303
82200.0	3000.0	1473.5823462319452	0.0	0	213.01852567440073	1673.5823462318658	1	0	1	2.260305788023302
83211.14645088582	3000.0	1462.435895346107	0.0	0	0.0	1673.5823462318658	1	0	1	2.260305788023302
84200.0	3000.0	1473.582346231916	0.0	0	372.8654407574504	1673.5823462318658	1	0	1	2.260305788023302
85200.0	3000.0	1473.5823462319086	0.0	0	453.89218049746705	1673.5823462318513	1	0	1	2.260305788023303
86200.0	3000.0	1473.582346231926	0.0	0	483.86583990161307	1673.5823462318513	1	0	1	2.260305788023303
87200.0	3000.0	1473.5823462319315	0.0	0	192.13530033626012	1673.5823462318658	1	0	1	2.260305788023302
88200.0	3000.0	1473.5823462319272	0.0	0	220.08596282437793	1673.5823462318658	1	0	1	2.260305788023302
89200.0	3000.0	1473.582346231928	0.0	0	263.70326381683117	1673.5823462318804	1	0	1	2.2603057880233015
90200.0	3000.0	1473.582346231942	0.0	0	345.3273868609249	1673.5823462318804	1	0	1	2.2603057880233015
91200.0	3000.0	1473.5823462319395	0.0	0	139.72523439733777	1673.5823462318804	1	0	1	2.2603057880233015
92200.0	3000.0	1473.5823462319458	0.0	0	328.5930968003522	1673.582346231895	1	0	1	2.2603057880233006
93200.0	3000.0	1473.582346231962	0.0	0	353.8301547736628	1673.582346231895	1	0	1	2.2603057880233006
94200.0	3000.0	1473.5823462319531	0.0	0	171.60211185873777	1673.582346231895	1	0	1	2.2603057880233006
95238.64342593332	3000.0	1434.9389202986376	0.0	0	0.0	1673.5823462319095	1	0	1	2.2603057880232997
96200.0	3000.0	1473.5823462319584	0.0	0	158.6795542612963	1673.582346231895	1	0	1	2.2603057880233006
97200.0	3000.0	1473.5823462319638	0.0	0	46.74441948233289	1673.582346231895	1	0	1	2.2603057880233006
98200.0	3000.0	1473.5823462319693	0.0	0	122.6863062986231	1673.5823462318804	1	0	1	2.2603057880233015
99200.0	3000.0	1473.5823462319877	0.0	0	518.6448751380376	1673.582346231895	1	0	1	2.2603057880233006
100200.0	3000.0	1473.5823462319959	0.0	0	390.6436459604156	1673.582346231895	1	0	1	2.2603057880233006
101200.0	3000.0	1473.58234623198	0.0	0	521.3167938609404	1673.582346231895	1	0	1	2.2603057880233006
102200.0	3000.0	1473.5823462319884	0.0	0	647.3543279503501	1673.582346231895	1	0	1	2.2603057880233006
103200.0	3000.0	1473.5823462319909	0.0	0	692.1866092679702	1673.582346231895	1	0	1	2.2603057880233006
104200.0	3000.0	1473.5823462319875	0.0	0	344.88984473964956	1673.582346231895	1	0	1	2.2603057880233006
105200.0	3000.0	1473.5823462319909	0.0	0	355.99619978004193	1673.582346231895	1	0	1	2.2603057880233006
106200.0	3000.0	1473.5823462319856	0.0	0	313.3067289663886	1673.5823462319095	1	0	1	2.2603057880232997
107200.0	3000.0	1473.5823462319784	0.0	0	5.794329057360301	1673.5823462319095	1	0	1	2.2603057880232997
108263.34575888953	3000.0	1410.236587342447	0.0	0	0.0	1673.5823462319095	1	0	1	2.2603057880232997
109301.89181963484	3000.0	1371.6905265971218	0.0	0	0.0	1673.5823462319095	1	0	1	2.2603057880232997
110200.0	3000.0	1473.582346231969	0.0	0	187.68760245847807	1673.5823462319095	1	0	1	2.2603057880232997
111200.0	3000.0	1473.5823462319859	0.0	0	136.05141540012846	1673.5823462319095	1	0	1	2.2603057880232997
112200.0	3000.0	1473.5823462319809	0.0	0	401.56864944673725	1673.582346231895	1	0	1	2.2603057880233006
113200.0	3000.0	1473.5823462319781	0.0	0	503.6369971227541	1673.5823462319095	1	0	1	2.2603057880232997
114200.0	3000.0	1473.5823462319668	0.0	0	367.85499200176855	1673.5823462319095	1	0	1	2.2603057880232997
115200.0	3000.0	1473.5823462319593	0.0	0	350.156448004127	1673.5823462319095	1	0	1	2.2603057880232997
116200.0	3000.0	1473.582346231951	0.0	0	252.78913199824456	1673.5823462319095	1	0	1	2.2603057880232997
117200.0	3000.0	1473.5823462319465	0.0	0	466.65680994588183	1673.5823462319095	1	0	1	2.2603057880232997
118200.0	3000.0	1473.5823462319413	0.0	0	239.06474585691467	1673.582346231895	1	0	1	2.2603057880233006
119200.0	3000.0	1473.582346231948	0.0	0	152.2512982605258	1673.582346231895	1	0	1	2.2603057880233006
120200.0	3000.0	1473.5823462319522	0.0	0	364.49704321481113	1673.5823462319095	1	0	1	2.2603057880232997
121200.0	3000.0	1473.5823462319577	0.0	0	1.9999361071968451	1673.5823462319095	1	0	1	2.2603057880232997
122243.84907457461	3000.0	1429.7332716573408	0.0	0	0.0	1673.5823462319095	1	0	1	2.2603057880232997
123200.0	3000.0	1473.5823462319734	0.0	0	216.01993576526002	1673.5823462319095	1	0	1	2.2603057880232997
124572.2442190453	3000.0	1101.338127186673	0.0	0	0.0	1673.582346231924	1	0	1	2.260305788023299
125710.74318207709	3000.0	962.8391641548883	0.0	0	0.0	1673.582346231924	1	0	1	2.260305788023299
126611.38401475495	3000.0	1062.1983314770187	0.0	0	0.0	1673.582346231924	1	0	1	2.260305788023299
127382.46755082111	3000.0	1291.1147954108567	0.0	0	0.0	1673.582346231924	1	0	1	2.260305788023299
128319.192774968	3000.0	1354.389571263962	0.0	0	0.0	1673.582346231924	1	0	1	2.260305788023299
129200.0	3000.0	1473.5823462319481	0.0	0	205.23808909155196	1673.582346231924	1	0	1	2.260305788023299
130200.0	3000.0	1473.5823462319509	0.0	0	342.198074844302	1673.5823462319095	1	0	1	2.2603057880232997
131200.0	3000.0	1473.582346231956	0.0	0	437.28667076728016	1673.582346231895	1	0	1	2.2603057880233006
132200.0	3000.0	1473.5823462319868	0.0	0	82.58424755450687	1673.582346231924	1	0	1	2.2603057880232997
133200.0	3000.0	1473.5823462319872	0.0	0	261.4333241930872	1673.5823462319095	1	0	1	2.2603057880232997
134200.0	3000.0	1473.5823462319709	0.0	0	18.337429857754614	1673.5823462319095	1	0	1	2.2603057880232997
135200.0	3000.0	1473.5823462319795	0.0	0	356.40660382047645	1673.5823462319095	1	0	1	2.2603057880232997
136200.0	3000.0	1473.5823462319934	0.0	0	366.11572485079523	1673.5823462319095	1	0	1	2.2603057880232997
137200.0	3000.0	1473.5823462319827	0.0	0	55.366391152114375	1673.5823462319095	1	0	1	2.2603057880232997
138200.0	3000.0	1473.5823462320036	0.0	0	6.510734229173977	1673.5823462319386	1	0	1	2.2603057880232984
139200.0	3000.0	1473.5823462320043	0.0	0	371.4666513054399	1673.5823462319386	1	0	1	2.2603057880232984
140200.0	3000.0	1473.5823462319786	0.0	0	465.3613748452335	1673.5823462319095	1	0	1	2.2603057880232997
141200.0	3000.0	1473.5823462319966	0.0	0	471.1050853265624	1673.5823462319386	1	0	1	2.2603057880232984
142200.0	3000.0	1473.582346232017	0.0	0	450.2298724052962	1673.5823462319386	1	0	1	2.2603057880232984
143200.0	3000.0	1473.5823462320436	0.0	0	133.3156964186055	1673.5823462319386	1	0	1	2.2603057880232984
144200.0	3000.0	1473.582346232041	0.0	0	529.6537103336887	1673.5823462319095	1	0	1	2.2603057880232997
145200.0	3000.0	1473.5823462320732	0.0	0	530.6957763203827	1673.5823462319095	1	0	1	2.2603057880232997
146200.0	3000.0	1473.5823462320318	0.0	0	307.43631720004487	1673.5823462319095	1	0	1	2.2603057880232997
147200.0	3000.0	1473.582346232012	0.0	0	638.7818179403839	1673.5823462319095	1	0	1	2.2603057880232997
148200.0	3000.0	1473.582346232047	0.0	0	503.35441716524656	1673.5823462319095	1	0	1	2.2603057880232997
149200.0	3000.0	1473.5823462320416	0.0	0	496.91332109607174	1673.5823462319095	1	0	1	2.2603057880232997
150200.0	3000.0	1473.5823462320407	0.0	0	306.6455827896425	1673.5823462319095	1	0	1	2.2603057880232997
151200.0	3000.0	1473.5823462320905	0.0	0	491.3707895158441	1673.5823462319386	1	0	1	2.2603057880232984
152284.75859102636	3000.0	1388.823755205678	0.0	0	0.0	1673.5823462319386	1	0	1	2.2603057880232984
153200.0	3000.0	1473.5823462320081	0.0	0	86.73397300657234	1673.5823462319095	1	0	1	2.2603057880232997
154200.0	3000.0	1473.5823462320168	0.0	0	316.6440749052563	1673.5823462319386	1	0	1	2.2603057880232984
155200.0	3000.0	1473.582346232017	0.0	0	273.1333066688967	1673.5823462319677	1	0	1	2.260305788023297
156200.0	3000.0	1473.5823462320159	0.0	0	219.8033932215185	1673.5823462319677	1	0	1	2.260305788023297
157200.0	3000.0	1473.582346232023	0.0	0	593.9147595920367	1673.5823462319677	1	0	1	2.260305788023297
158200.0	3000.0	1473.5823462320357	0.0	0	434.97511098819086	1673.5823462319677	1	0	1	2.260305788023297
159200.0	3000.0	1473.5823462320418	0.0	0	594.0492530997144	1673.5823462319677	1	0	1	2.260305788023297
160200.0	3000.0	1473.5823462320325	0.0	0	315.9826383233594	1673.5823462319968	1	0	1	2.2603057880232953
161222.7030665462	3000.0	1450.8792796857813	0.0	0	0.0	1673.5823462319677	1	0	1	2.260305788023297
162313.07016763717	3000.0	1360.5121785948502	0.0	0	0.0	1673.5823462319677	1	0	1	2.260305788023297
163200.0	3000.0	1473.5823462320272	0.0	0	199.37440727112698	1673.5823462319968	1	0	1	2.260305788023296
164200.0	3000.0	1473.5823462320338	0.0	0	453.84122703952016	1673.5823462319968	1	0	1	2.2603057880232953
165200.0	3000.0	1473.5823462320136	0.0	0	243.40320943386178	1673.5823462319968	1	0	1	2.2603057880232953
166200.0	3000.0	1473.5823462320054	0.0	0	418.03873851092067	1673.5823462319968	1	0	1	2.2603057880232953
167200.0	3000.0	1473.5823462319818	0.0	0	255.50664292980218	1673.5823462319677	1	0	1	2.260305788023297
168200.0	3000.0	1473.582346231987	0.0	0	286.879785415862	1673.5823462319677	1	0	1	2.260305788023297
169200.0	3000.0	1473.582346231996	0.0	0	275.045616676216	1673.5823462319677	1	0	1	2.260305788023297
170200.0	3000.0	1473.5823462319663	0.0	0	316.3423927652184	1673.5823462319677	1	0	1	2.260305788023297
171214.4615822191	3000.0	1459.1207640128853	0.0	0	0.0	1673.5823462319968	1	0	1	2.2603057880232953
172200.0	3000.0	1473.582346231992	0.0	0	400.45880759559805	1673.5823462319968	1	0	1	2.2603057880232953
173200.0	3000.0	1473.582346231999	0.0	0	325.87380304548424	1673.5823462319968	1	0	1	2.2603057880232953
174200.0	3000.0	1473.5823462319934	0.0	0	473.66818423062796	1673.5823462319968	1	0	1	2.2603057880232953
175200.0	3000.0	1473.582346231973	0.0	0	60.57748964696657	1673.5823462319968	1	0	1	2.2603057880232953
176200.0	3000.0	1473.582346231961	0.0	0	188.2428622454463	1673.5823462319968	1	0	1	2.2603057880232953
177200.0	3000.0	1473.5823462319645	0.0	0	354.42563422379317	1673.5823462319968	1	0	1	2.2603057880232953
178200.0	3000.0	1473.5823462319752	0.0	0	138.3213745346584	1673.5823462319677	1	0	1	2.260305788023297
179200.0	3000.0	1473.5823462319865	0.0	0	471.00912606783095	1673.5823462319386	1	0	1	2.2603057880232984
180200.0	3000.0	1473.5823462319893	0.0	0	219.2090133515885	1673.5823462319677	1	0	1	2.260305788023297
181200.0	3000.0	1473.5823462319968	0.0	0	322.02450164721813	1673.5823462319677	1	0	1	2.260305788023297
182200.0	3000.0	1473.5823462319588	0.0	0	166.70192682769266	1673.5823462319677	1	0	1	2.260305788023297
183200.0	3000.0	1473.5823462319495	0.0	0	342.362453445734	1673.5823462319677	1	0	1	2.260305788023297
184200.0	3000.0	1473.5823462319422	0.0	0	415.38476483276463	1673.5823462319677	1	0	1	2.260305788023297
185200.0	3000.0	1473.5823462319772	0.0	0	487.4777887019736	1673.5823462319677	1	0	1	2.260305788023297
186200.0	3000.0	1473.5823462319952	0.0	0	205.50808953683008	1673.5823462319677	1	0	1	2.260305788023297
187200.0	3000.0	1473.5823462319922	0.0	0	83.80392574938014	1673.5823462320259	1	0	1	2.2603057880232944
188200.0	3000.0	1473.5823462320107	0.0	0	230.50606130209053	1673.5823462320259	1	0	1	2.260305788023294
189200.0	3000.0	1473.5823462319959	0.0	0	433.22486188382027	1673.5823462320259	1	0	1	2.260305788023294
190200.0	3000.0	1473.5823462319888	0.0	0	336.89117109167273	1673.5823462320259	1	0	1	2.260305788023294
191200.0	3000.0	1473.5823462319934	0.0	0	181.17476189124864	1673.5823462320259	1	0	1	2.260305788023294
192200.0	3000.0	1473.582346231964	0.0	0	274.90733089248533	1673.5823462319968	1	0	1	2.2603057880232953
193200.0	3000.0	1473.582346231948	0.0	0	60.660398665087996	1673.5823462319677	1	0	1	2.260305788023297
194200.0	3000.0	1473.582346231979	0.0	0	327.30632456805324	1673.5823462319968	1	0	1	2.2603057880232953
195200.0	3000.0	1473.5823462319852	0.0	0	390.80356449840474	1673.5823462319968	1	0	1	2.2603057880232953
196422.06819132724	3000.0	1251.514154904739	0.0	0	0.0	1673.5823462319968	1	0	1	2.2603057880232953
197399.86147154518	3000.0	1273.7208746867832	0.0	0	0.0	1673.5823462319968	1	0	1	2.2603057880232953
198200.0	3000.0	1473.5823462319515	0.0	0	264.5029912592436	1673.5823462319677	1	0	1	2.260305788023296
199200.0	3000.0	1473.5823462319288	0.0	0	535.8906877056288	1673.5823462319677	1	0	1	2.260305788023297
200200.0	3000.0	1473.5823462319076	0.0	0	442.9345701960847	1673.5823462319677	1	0	1	2.260305788023297
201200.0	3000.0	1473.582346231919	0.0	0	551.4826216351939	1673.5823462319968	1	0	1	2.2603057880232953
202200.0	3000.0	1473.5823462318926	0.0	0	215.86338208583766	1673.5823462319677	1	0	1	2.260305788023297
203200.0	3000.0	1473.582346231886	0.0	0	514.6968021946377	1673.5823462319677	1	0	1	2.260305788023297
204200.0	3000.0	1473.5823462318833	0.0	0	231.04646018738276	1673.5823462319677	1	0	1	2.260305788023297
205200.0	3000.0	1473.5823462318876	0.0	0	207.59535258129472	1673.5823462319677	1	0	1	2.260305788023297
206200.0	3000.0	1473.5823462319108	0.0	0	7.724579552159412	1673.5823462319386	1	0	1	2.260305788023298
207200.0	3000.0	1473.5823462318933	0.0	0	63.83192111068638	1673.5823462319386	1	0	1	2.2603057880232984
208200.0	3000.0	1473.582346231871	0.0	0	318.4952125713462	1673.5823462319386	1	0	1	2.2603057880232984
209200.0	3000.0	1473.582346231843	0.0	0	125.38377791160019	1673.5823462319095	1	0	1	2.2603057880232997
210200.0	3000.0	1473.5823462318683	0.0	0	351.8823807128065	1673.5823462319095	1	0	1	2.2603057880232997
211200.0	3000.0	1473.582346231873	0.0	0	355.99735174386296	1673.5823462319386	1	0	1	2.2603057880232984
212200.0	3000.0	1473.5823462318856	0.0	0	416.7253541686514	1673.5823462319386	1	0	1	2.2603057880232984
213200.0	3000.0	1473.5823462318858	0.0	0	327.6189873268595	1673.5823462319677	1	0	1	2.260305788023297
214200.0	3000.0	1473.5823462318544	0.0	0	399.2856866539223	1673.5823462319677	1	0	1	2.260305788023297
215200.0	3000.0	1473.582346231868	0.0	0	259.21484176575905	1673.5823462319968	1	0	1	2.2603057880232953
216200.0	3000.0	1473.582346231896	0.0	0	363.8585712715867	1673.5823462319968	1	0	1	2.2603057880232953
217220.89079740166	3000.0	1452.6915488302618	0.0	0	0.0	1673.5823462319968	1	0	1	2.2603057880232953
218200.0	3000.0	1473.5823462319036	0.0	0	341.54236776940525	1673.5823462319968	1	0	1	2.2603057880232953
219200.0	3000.0	1473.5823462318588	0.0	0	20.00744494778337	1673.5823462319968	1	0	1	2.2603057880232953
220200.0	3000.0	1473.5823462318374	0.0	0	189.04648880913737	1673.5823462319968	1	0	1	2.2603057880232953
221200.0	3000.0	1473.5823462318308	0.0	0	276.0950714976643	1673.5823462319968	1	0	1	2.2603057880232953
222200.0	3000.0	1473.582346231821	0.0	0	361.1196460862702	1673.5823462319968	1	0	1	2.2603057880232953
223200.0	3000.0	1473.5823462318035	0.0	0	389.80616213937174	1673.5823462319677	1	0	1	2.260305788023297
224200.0	3000.0	1473.5823462318067	0.0	0	428.69339149902225	1673.5823462319968	1	0	1	2.2603057880232953
225200.0	3000.0	1473.582346231791	0.0	0	189.41375541771413	1673.5823462319968	1	0	1	2.2603057880232953
226200.0	3000.0	1473.5823462318033	0.0	0	320.56771377820405	1673.5823462319677	1	0	1	2.260305788023297
227200.0	3000.0	1473.5823462318003	0.0	0	48.643552165827714	1673.5823462319677	1	0	1	2.260305788023297
228200.0	3000.0	1473.5823462317949	0.0	0	96.60386358600226	1673.5823462319677	1	0	1	2.260305788023297
229200.0	3000.0	1473.5823462317924	0.0	0	356.06354463114985	1673.5823462319386	1	0	1	2.2603057880232984
230200.0	3000.0	1473.5823462318035	0.0	0	292.78339563836926	1673.5823462319386	1	0	1	2.2603057880232984
231200.0	3000.0	1473.5823462317962	0.0	0	228.40010216552764	1673.5823462319386	1	0	1	2.2603057880232984
232279.12145919996	3000.0	1394.4608870318466	0.0	0	0.0	1673.5823462319386	1	0	1	2.2603057880232984
233200.0	3000.0	1473.5823462318265	0.0	0	130.19295911322115	1673.5823462319386	1	0	1	2.2603057880232984
234200.0	3000.0	1473.582346231853	0.0	0	458.3560472810059	1673.5823462319386	1	0	1	2.2603057880232984
235200.0	3000.0	1473.5823462318938	0.0	0	35.5729430737847	1673.5823462319677	1	0	1	2.260305788023297
236200.0	3000.0	1473.5823462318872	0.0	0	248.10425449316972	1673.5823462319386	1	0	1	2.2603057880232984
237200.0	3000.0	1473.5823462318767	0.0	0	383.4553886644426	1673.5823462319677	1	0	1	2.260305788023297
238200.0	3000.0	1473.582346231898	0.0	0	145.23306032651453	1673.5823462319677	1	0	1	2.260305788023297
239200.0	3000.0	1473.582346231899	0.0	0	289.7659992452245	1673.5823462319677	1	0	1	2.260305788023297
240200.0	3000.0	1473.5823462318992	0.0	0	129.39153270190582	1673.5823462319677	1	0	1	2.260305788023297
241200.0	3000.0	1473.5823462319363	0.0	0	117.544742495229	1673.5823462319677	1	0	1	2.260305788023296
242200.0	3000.0	1473.5823462319408	0.0	0	16.095799626840744	1673.5823462319386	1	0	1	2.2603057880232975
243297.51246605415	3000.0	1376.0698801778021	0.0	0	0.0	1673.5823462319677	1	0	1	2.260305788023297
244372.93879995434	3000.0	1300.643546277624	0.0	0	0.0	1673.5823462319677	1	0	1	2.260305788023297
245293.9483636441	3000.0	1379.633982587888	0.0	0	0.0	1673.5823462319677	1	0	1	2.260305788023297
246200.0	3000.0	1473.5823462319602	0.0	0	377.48995241805096	1673.5823462319677	1	0	1	2.260305788023297
247200.0	3000.0	1473.5823462319504	0.0	0	296.0299500179244	1673.5823462319677	1	0	1	2.260305788023297
248200.0	3000.0	1473.5823462319813	0.0	0	540.0426799065608	1673.5823462319677	1	0	1	2.260305788023297
249200.0	3000.0	1473.5823462319752	0.0	0	516.6031417640042	1673.5823462319677	1	0	1	2.260305788023297
250200.0	3000.0	1473.5823462319825	0.0	0	646.1067570233718	1673.5823462319677	1	0	1	2.260305788023297
251200.0	3000.0	1473.582346231989	0.0	0	668.0250317147584	1673.5823462319677	1	0	1	2.260305788023297
252200.0	3000.0	1473.5823462320075	0.0	0	470.68123809900135	1673.5823462319677	1	0	1	2.260305788023297
253200.0	3000.0	1473.5823462319902	0.0	0	449.72153192933183	1673.5823462319677	1	0	1	2.260305788023297
254200.0	3000.0	1473.5823462320207	0.0	0	189.37306667680969	1673.5823462319968	1	0	1	2.2603057880232953
255282.55013171784	3000.0	1391.0322145141572	0.0	0	0.0	1673.5823462319968	1	0	1	2.2603057880232953
256626.1610737403	3000.0	1047.4212724917113	0.0	0	0.0	1673.5823462319968	1	0	1	2.2603057880232953
257841.6162541952	3000.0	831.9660920368733	0.0	0	0.0	1673.5823462319968	1	0	1	2.2603057880232953
258967.75370157344	3000.0	705.8286446586218	0.0	0	0.0	1673.5823462319968	1	0	1	2.2603057880232953
259868.23299286465	3000.0	805.3493533673786	0.0	0	0.0	1673.5823462319677	1	0	1	2.260305788023297
260564.41485100792	3000.0	1109.1674952240992	0.0	0	0.0	1673.5823462319386	1	0	1	2.2603057880232984
261208.88198347692	3000.0	1464.700362755115	0.0	0	0.0	1673.5823462319095	1	0	1	2.2603057880232997
262200.0	3000.0	1473.5823462320484	0.0	0	203.4673417256854	1673.5823462319095	1	0	1	2.2603057880232997
263200.0	3000.0	1473.5823462320925	0.0	0	439.30011989112245	1673.5823462319677	1	0	1	2.260305788023298
264200.0	3000.0	1473.5823462320902	0.0	0	532.1074210330262	1673.5823462319677	1	0	1	2.2603057880232975
265200.0	3000.0	1473.5823462321243	0.0	0	232.33790605637478	1673.5823462319677	1	0	1	2.260305788023297
266200.0	3000.0	1473.582346232091	0.0	0	503.5578466737643	1673.5823462319677	1	0	1	2.260305788023297
267200.0	3000.0	1473.5823462320907	0.0	0	104.11027870187536	1673.5823462319677	1	0	1	2.260305788023297
268200.0	3000.0	1473.5823462320648	0.0	0	49.73868063883856	1673.5823462320259	1	0	1	2.2603057880232944
269200.0	3000.0	1473.582346232064	0.0	0	424.8267906510155	1673.5823462320259	1	0	1	2.260305788023294
270200.0	3000.0	1473.5823462320236	0.0	0	92.74122305354103	1673.5823462320259	1	0	1	2.260305788023294
271209.2326365823	3000.0	1464.349709649754	0.0	0	0.0	1673.582346232084	1	0	1	2.2603057880232917
272200.0	3000.0	1473.5823462320384	0.0	0	136.99576540786074	1673.5823462321423	1	0	1	2.260305788023289
273310.1361330536	3000.0	1363.4462131784094	0.0	0	0.0	1673.5823462321423	1	0	1	2.2603057880232877
274627.6072786918	3000.0	1045.9750675401901	0.0	0	0.0	1673.5823462322005	1	0	1	2.2603057880232846
275414.45233778167	3000.0	1259.1300084503628	0.0	0	0.0	1673.5823462322005	1	0	1	2.2603057880232846
276200.0	3000.0	1473.5823462320461	0.0	0	165.88107325078454	1673.5823462322005	1	0	1	2.2603057880232846
277200.0	3000.0	1473.5823462320404	0.0	0	310.9914650715655	1673.5823462322005	1	0	1	2.2603057880232846
278200.0	3000.0	1473.5823462320768	0.0	0	409.34711002587574	1673.5823462322587	1	0	1	2.260305788023282
279200.0	3000.0	1473.5823462320893	0.0	0	271.48402482137317	1673.5823462322587	1	0	1	2.260305788023282
280200.0	3000.0	1473.5823462320689	0.0	0	238.78336662740912	1673.5823462322587	1	0	1	2.260305788023282
281200.0	3000.0	1473.582346232114	0.0	0	45.019085011212155	1673.5823462322587	1	0	1	2.260305788023282
282200.0	3000.0	1473.5823462321623	0.0	0	175.17538620054256	1673.582346232317	1	0	1	2.26030578802328
283337.5393125146	3000.0	1336.0430337175465	0.0	0	0.0	1673.5823462322587	1	0	1	2.2603057880232815
284200.0	3000.0	1473.582346232161	0.0	0	227.79126722819638	1673.5823462322587	1	0	1	2.260305788023282
285200.0	3000.0	1473.5823462321205	0.0	0	83.76356306957314	1673.5823462322587	1	0	1	2.2603057880232833
286200.0	3000.0	1473.5823462321277	0.0	0	405.1628401094349	1673.5823462322005	1	0	1	2.2603057880232846
287200.0	3000.0	1473.5823462321418	0.0	0	116.82608318695566	1673.5823462321423	1	0	1	2.2603057880232877
288200.0	3000.0	1473.5823462321332	0.0	0	243.82234427460935	1673.5823462321423	1	0	1	2.2603057880232877
289200.0	3000.0	1473.5823462321844	0.0	0	394.1937175541534	1673.5823462321423	1	0	1	2.2603057880232877
290200.0	3000.0	1473.5823462322048	0.0	0	478.5250433588517	1673.5823462321423	1	0	1	2.2603057880232877
291200.0	3000.0	1473.5823462322116	0.0	0	307.3180199537892	1673.5823462321423	1	0	1	2.2603057880232877
292200.0	3000.0	1473.5823462322444	0.0	0	72.83124622685136	1673.5823462321423	1	0	1	2.2603057880232877
293200.0	3000.0	1473.5823462322562	0.0	0	337.8355894666747	1673.5823462321423	1	0	1	2.2603057880232877
294200.0	3000.0	1473.582346232256	0.0	0	335.41122836776776	1673.5823462321423	1	0	1	2.2603057880232877
295200.0	3000.0	1473.582346232253	0.0	0	536.226747126726	1673.5823462321423	1	0	1	2.2603057880232877
296200.0	3000.0	1473.5823462322037	0.0	0	417.10464481054805	1673.5823462321423	1	0	1	2.2603057880232877
297200.0	3000.0	1473.5823462322057	0.0	0	602.5956967826933	1673.5823462321423	1	0	1	2.2603057880232877
298200.0	3000.0	1473.582346232213	0.0	0	397.38066320313374	1673.5823462321423	1	0	1	2.2603057880232877
299200.0	3000.0	1473.5823462322608	0.0	0	497.3251457741135	1673.5823462321423	1	0	1	2.2603057880232877
300200.0	3000.0	1473.5823462322548	0.0	0	544.8477323733969	1673.5823462321423	1	0	1	2.2603057880232877
4.85	6.92	4.96	6.94	4.62	2.19	2.53	4.15	4.47	3.57	4.22	4.99	4.55	5.87	5.8	3.72	4.37	5.02	6.14	2.94	4.52	5.05	3.88	5.24	5.55	4.24	3.8	5.42	7.94	4.7	4.92	4.41	4.63	4.53	6.82	4.71	4.54	3.75	5.69	7.01	3.64	3.05	4.58	5.24	7.32	7.42	3.45	5.42	5.24	4.29	4.22	3.85	5.26	2.9	3.95	4.74	6.88	6.08	4.6	4.99	6.49	3.14	4.43	4.24	3.75	2.86	5.35	5.86	5.24	4.38	4.88	3.39	3.1	4.0	4.75	5.15	3.04	4.16	4.81	4.97	3.44	4.82	4.74	3.81	4.31	5.04	3.88	3.44	3.25	3.65	4.65	3.87	6.21	6.54	7.21	7.14	8.05	7.39	4.34	4.45	3.15	2.97	2.18	3.51	4.48	4.74	4.53	5.93	6.07	4.96	6.3	3.98	4.29	4.49	4.43	3.86	3.37	3.98	2.06	3.08	4.27	3.74	3.86	5.44	4.25	4.31	3.12	3.45	3.53	4.31	4.74	3.31	4.55	6.16	6.58	6.3	3.63	4.64	6.19	4.93	7.12	7.59	5.14	4.83	6.14	4.2	2.83	4.3	5.15	5.19	4.85	6.92	4.96	6.94	4.62	2.19	2.53	4.15	4.47	3.57	4.22	4.99	4.55	5.87	5.8	3.72	4.37	5.02	6.14	2.94	4.52	5.05	3.88	5.24	5.55	4.24	3.8	5.42	7.94	4.7	4.92	4.41	4.63	4.53	6.82	4.71	4.54	3.75	5.69	7.01	3.64	3.05	4.58	5.24	7.32	7.42	3.45	5.42	5.24	4.29	4.22	3.85	5.26	2.9	3.95	4.74	6.88	6.08	4.6	4.99	6.49	3.14	4.43	4.24	3.75	2.86	5.35	5.86	5.24	4.38	4.88	3.39	3.1	4.0	4.75	5.15	3.04	4.16	4.81	4.97	3.44	4.82	4.74	3.81	4.31	5.04	3.88	3.44	3.25	3.65	4.65	3.87	6.21	6.54	7.21	7.14	8.05	7.39	4.34	4.45	3.15	2.97	2.18	3.51	4.48	4.74	4.53	5.93	6.07	4.96	6.3	3.98	4.29	4.49	4.43	3.86	3.37	3.98	2.06	3.08	4.27	3.74	3.86	5.44	4.25	4.31	3.12	3.45	3.53	4.31	4.74	3.31	4.55	6.16	6.58	6.3	3.63	4.64	6.19	4.93	7.12	7.59	5.14	4.83	6.14	4.2	2.83
1.0	2.0	3.0	4.0	5.0	6.0	7.0	8.0	9.0	10.0	11.0	12.0	13.0	14.0	15.0	16.0	17.0	18.0	19.0	20.0	21.0	22.0	23.0	24.0	25.0	26.0	27.0	28.0	29.0	30.0	31.0	32.0	33.0	34.0	35.0	36.0	37.0	38.0	39.0	40.0	41.0	42.0	43.0	44.0	45.0	46.0	47.0	48.0	49.0	50.0	51.0	52.0	53.0	54.0	55.0	56.0	57.0	58.0	59.0	60.0	61.0	62.0	63.0	64.0	65.0	66.0	67.0	68.0	69.0	70.0	71.0	72.0	73.0	74.0	75.0	76.0	77.0	78.0	79.0	80.0	81.0	82.0	83.0	84.0	85.0	86.0	87.0	88.0	89.0	90.0	91.0	92.0	93.0	94.0	95.0	96.0	97.0	98.0	99.0	100.0	101.0	102.0	103.0	104.0	105.0	106.0	107.0	108.0	109.0	110.0	111.0	112.0	113.0	114.0	115.0	116.0	117.0	118.0	119.0	120.0	121.0	122.0	123.0	124.0	125.0	126.0	127.0	128.0	129.0	130.0	131.0	132.0	133.0	134.0	135.0	136.0	137.0	138.0	139.0	140.0	141.0	142.0	143.0	144.0	145.0	146.0	147.0	148.0	149.0	149.0	150.0	151.0	152.0	153.0	154.0	155.0	156.0	157.0	158.0	159.0	160.0	161.0	162.0	163.0	164.0	165.0	166.0	167.0	168.0	169.0	170.0	171.0	172.0	173.0	174.0	175.0	176.0	177.0	178.0	179.0	180.0	181.0	182.0	183.0	184.0	185.0	186.0	187.0	188.0	189.0	190.0	191.0	192.0	193.0	194.0	195.0	196.0	197.0	198.0	199.0	200.0	201.0	202.0	203.0	204.0	205.0	206.0	207.0	208.0	209.0	210.0	211.0	212.0	213.0	214.0	215.0	216.0	217.0	218.0	219.0	220.0	221.0	222.0	223.0	224.0	225.0	226.0	227.0	228.0	229.0	230.0	231.0	232.0	233.0	234.0	235.0	236.0	237.0	238.0	239.0	240.0	241.0	242.0	243.0	244.0	245.0	246.0	247.0	248.0	249.0	250.0	251.0	252.0	253.0	254.0	255.0	256.0	257.0	258.0	259.0	260.0	261.0	262.0	263.0	264.0	265.0	266.0	267.0	268.0	269.0	270.0	271.0	272.0	273.0	274.0	275.0	276.0	277.0	278.0	279.0	280.0	281.0	282.0	283.0	284.0	285.0	286.0	287.0	288.0	289.0	290.0	291.0	292.0	293.0	294.0	295.0	296.0
5792.409651713772
