5509.297094654687	300.0	2000.0	139.01483552245236	0	0.0	5509.297094654687	1	0	1	-2.3190293498877184
5656.426139147799	300.0	2838.158051057576	0.0	0	0.0	5494.584190205374	1	0	2	-1.8978008826114632
5831.275294224969	500.0	3645.823980472689	0.0	0	0.0	5477.099274697657	1	0	2	-1.682318888618986
6076.651897078394	500.0	4375.909717333921	0.0	0	0.0	5452.561614412315	1	0	2	-1.1503161081136575
6550.890356593296	1000.0	4854.24741186753	0.0	0	0.0	5405.137768460825	1	0	2	-1.1123103646421972
7200.0	1000.0	5140.226804120155	0.0	0	214.40107553697544	5340.226804120154	1	0	2	-0.3735350293263217
8200.0	1000.0	5040.226804120156	0.0	0	526.0758351648619	5240.226804120153	1	0	2	-0.2952155921603073
9200.0	1000.0	4940.226804120155	0.0	0	477.39823202608386	5140.226804120153	1	0	2	-0.20837838319250726
10200.0	2000.0	4840.226804120153	0.0	0	546.0566741964358	5040.226804120151	1	0	2	-0.12573318694698418
11353.83792466471	3000.0	4571.005086988974	0.0	0	0.0	4924.843011653681	1	0	2	0.6631784308886006
12542.032977393723	3000.0	4263.9905289870585	0.0	0	0.0	4806.0235063807795	1	0	2	1.160260604930275
13554.888637876706	3000.0	4149.849302455779	0.0	0	0.0	4704.737940332485	1	0	2	1.2396521555467568
14200.0	3000.0	4440.226804120155	0.0	0	114.64159674993607	4640.226804120157	1	0	2	1.2806421145365279
15200.0	3000.0	4340.226804120153	0.0	0	592.5192952953385	4540.226804120157	1	0	2	1.3336294377653886
16200.0	3000.0	4240.226804120152	0.0	0	86.38222652204786	4440.226804120159	1	0	2	1.4000547313321663
17430.3683048245	3000.0	3886.8216688131997	0.0	0	0.0	4317.189973637705	1	0	2	1.466358490578882
18811.9660118305	3000.0	3367.064191106605	0.0	0	0.0	4179.030202937109	1	0	2	1.5405679642684573
19654.840996717594	3000.0	3439.901707730801	0.0	0	0.0	4094.7427044483975	1	0	2	1.587018001148154
20456.106266450533	3000.0	3558.50991102457	0.0	0	0.0	4014.6161774751054	1	0	2	1.6220380490036304
21200.0	3000.0	3740.2268041201555	0.0	0	19.139861544677842	3940.2268041201605	1	0	2	1.6521387046311227
22420.12971024057	3000.0	3398.0841228555273	0.0	0	0.0	3818.2138330961025	1	0	2	1.6942102812812294
23719.300788636698	3000.0	2968.9959366197877	0.0	0	0.0	3688.296725256492	1	0	2	1.741820544948168
24910.30075837116	3000.0	2658.8959699118777	0.0	0	0.0	3569.1967282830374	1	0	2	1.779530960758101
26041.987545287106	3000.0	2414.0405043043374	0.0	0	0.0	3456.0280495914412	1	0	2	1.8129910871387453
26870.25706037071	3000.0	2502.9440377123756	0.0	0	0.0	3373.201098083082	1	0	2	1.837174070717099
27777.667483117686	3000.0	2504.792572690704	0.0	0	0.0	3282.460055808391	1	0	2	1.8595644503073419
28861.923121334945	3000.0	2420.536934473444	0.0	0	0.0	3282.460055808391	1	0	1	1.8646905316049973
29719.129719617362	3000.0	2563.3303361910253	0.0	0	0.0	3282.4600558083876	1	0	1	2.0646905316049984
30509.273277418335	3000.0	2773.186778390051	0.0	0	0.0	3282.4600558083876	1	0	1	2.0646905316049984
31200.0	3000.0	3082.4600558083835	0.0	0	42.840247919499234	3282.4600558083876	1	0	1	2.0646905316049984
32279.794698818423	3000.0	2894.6858871081163	0.0	0	0.0	3174.4805859265434	1	0	2	1.6821372563057833
33410.674719954324	3000.0	2763.8058659722246	0.0	0	0.0	3174.480585926558	1	0	1	1.8886330552797213
34244.442870549065	3000.0	2930.0377153774784	0.0	0	0.0	3174.4805859265543	1	0	1	2.088633055279721
35200.0	3000.0	2878.9248729814617	0.0	0	394.93064313422656	3078.9248729814717	1	0	2	1.7006473254804269
36200.0	3000.0	2878.9248729814644	0.0	0	238.0588368697645	3078.924872981479	1	0	1	1.9079894921884706
37200.0	3000.0	2878.9248729814594	0.0	0	136.64544273516367	3078.924872981479	1	0	1	2.1079894921884703
38468.207136366254	3000.0	2483.8970229785755	0.0	0	0.0	2952.1041593448535	1	0	2	1.7264042145431602
39290.76178685659	3000.0	2579.0869074392135	0.0	0	0.0	2869.8486942958116	1	0	2	1.941422608962279
40235.42501154269	3000.0	2634.423682753112	0.0	0	0.0	2869.8486942958116	1	0	1	1.944953444580126
41200.0	3000.0	2669.8486942958025	0.0	0	3.4889650256882305	2869.8486942958116	1	0	1	2.144953444580126
42200.0	3000.0	2669.8486942958034	0.0	0	441.92938613203296	2869.8486942958043	1	0	1	2.144953444580127
43452.452576848074	3000.0	2417.396117447732	0.0	0	0.0	2869.8486942958116	1	0	1	2.144953444580126
44893.494106000304	3000.0	1976.354588295502	0.0	0	0.0	2869.8486942958043	1	0	1	2.144953444580127
46350.01566564938	3000.0	1519.8330286464175	0.0	0	0.0	2869.848694295797	1	0	1	2.1449534445801284
47350.57471856451	3000.0	1519.2739757312977	0.0	0	0.0	2869.848694295797	1	0	1	2.1449534445801284
48338.02376464067	3000.0	1531.8249296551353	0.0	0	0.0	2869.848694295797	1	0	1	2.1449534445801284
48982.59785748124	3000.0	1887.2508368145595	0.0	0	0.0	2869.848694295797	1	0	1	2.1449534445801284
49802.29505674467	3000.0	2067.5536375511324	0.0	0	0.0	2869.848694295797	1	0	1	2.1449534445801284
50361.48948361168	3000.0	2508.3592106841133	0.0	0	0.0	2869.848694295797	1	0	1	2.1449534445801284
51200.0	3000.0	2585.997642656958	0.0	0	169.70309140627796	2785.99764265697	1	0	2	1.7534923365063793
52628.196622514755	3000.0	2157.801020142203	0.0	0	0.0	2785.99764265697	1	0	1	1.9579068808272533
53582.13634054525	3000.0	2203.861302111707	0.0	0	0.0	2785.99764265697	1	0	1	2.1579068808272535
54486.66886976703	3000.0	2299.3287728899327	0.0	0	0.0	2785.9976426569774	1	0	1	2.157906880827252
55200.0	3000.0	2514.664529633668	0.0	0	217.60112508382008	2714.664529633679	1	0	2	1.7642404777916982
56200.0	3000.0	2514.6645296336756	0.0	0	177.16659397029434	2714.664529633679	1	0	1	1.9681647475891757
57200.0	3000.0	2514.6645296336765	0.0	0	277.1686356984719	2714.664529633679	1	0	1	2.168164747589176
58200.0	3000.0	2514.664529633673	0.0	0	382.98875676556054	2714.664529633679	1	0	1	2.168164747589176
59200.0	3000.0	2514.6645296336683	0.0	0	428.6588899465132	2714.664529633679	1	0	1	2.168164747589176
60203.355131464305	3000.0	2511.309398169368	0.0	0	0.0	2714.664529633679	1	0	1	2.168164747589176
61200.0	3000.0	2514.6645296336715	0.0	0	11.834238193048805	2714.664529633679	1	0	1	2.168164747589176
62233.286322486485	3000.0	2481.378207147187	0.0	0	0.0	2714.664529633679	1	0	1	2.168164747589176
63345.19813537364	3000.0	2369.4663942600255	0.0	0	0.0	2714.664529633679	1	0	1	2.168164747589176
64396.59266143032	3000.0	2318.0718682033557	0.0	0	0.0	2714.664529633679	1	0	1	2.168164747589176
65200.0	3000.0	2514.664529633679	0.0	0	30.097045171518403	2714.664529633679	1	0	1	2.168164747589176
66200.0	3000.0	2514.66452963369	0.0	0	327.7082927134761	2714.6645296336937	1	0	1	2.168164747589175
67200.0	3000.0	2514.6645296337056	0.0	0	253.7806588671083	2714.6645296337083	1	0	1	2.1681647475891728
68200.0	3000.0	2514.6645296337038	0.0	0	328.919119514263	2714.6645296337083	1	0	1	2.1681647475891723
69200.0	3000.0	2514.6645296336897	0.0	0	242.5078618565458	2714.6645296337083	1	0	1	2.1681647475891714
70200.0	3000.0	2514.664529633696	0.0	0	37.07910466429894	2714.6645296337083	1	0	1	2.1681647475891714
71200.0	3000.0	2514.6645296337056	0.0	0	214.2716138895048	2714.664529633723	1	0	1	2.1681647475891697
72200.0	3000.0	2514.664529633691	0.0	0	486.9444555287773	2714.664529633723	1	0	1	2.1681647475891697
73200.0	3000.0	2514.6645296336887	0.0	0	200.74680802311923	2714.6645296337374	1	0	1	2.168164747589168
74200.0	3000.0	2514.6645296336924	0.0	0	74.02344521183113	2714.6645296337374	1	0	1	2.168164747589168
75200.0	3000.0	2514.664529633687	0.0	0	152.74115837532736	2714.6645296337374	1	0	1	2.168164747589168
76426.82447463227	3000.0	2165.1576075382063	0.0	0	0.0	2591.982082170507	1	0	2	1.7804668765984581
77200.0	3000.0	2391.9820821704725	0.0	0	38.059943401269265	2591.982082170507	1	0	1	1.9842922956980436
78200.0	3000.0	2391.98208217046	0.0	0	401.8962299340492	2591.982082170507	1	0	1	2.184292295698044
79423.81617216318	3000.0	2168.165910007264	0.0	0	0.0	2591.9820821704925	1	0	1	2.1842922956980453
80474.97595589198	3000.0	2117.0061262784543	0.0	0	0.0	2591.9820821704925	1	0	1	2.1842922956980453
81587.89309478065	3000.0	2004.0889873897718	0.0	0	0.0	2591.9820821704925	1	0	1	2.1842922956980453
82536.58447862488	3000.0	2055.3976035455507	0.0	0	0.0	2591.982082170478	1	0	1	2.1842922956980475
83673.78403014858	3000.0	1918.1980520218442	0.0	0	0.0	2591.982082170478	1	0	1	2.1842922956980475
84791.15424608761	3000.0	1800.8278360828256	0.0	0	0.0	2591.982082170478	1	0	1	2.1842922956980475
85611.86545490922	3000.0	1980.1166272612152	0.0	0	0.0	2591.982082170478	1	0	1	2.1842922956980475
86724.62431774488	3000.0	1867.3577644255456	0.0	0	0.0	2591.982082170478	1	0	1	2.1842922956980475
87970.11362578243	3000.0	1621.8684563879767	0.0	0	0.0	2591.982082170478	1	0	1	2.1842922956980475
88893.94889930011	3000.0	1698.0331828702906	0.0	0	0.0	2591.9820821704925	1	0	1	2.1842922956980453
89879.19128743997	3000.0	1712.790794730438	0.0	0	0.0	2591.9820821704925	1	0	1	2.1842922956980453
90663.68284996189	3000.0	1928.2992322085177	0.0	0	0.0	2591.9820821704925	1	0	1	2.1842922956980453
91407.16154667208	3000.0	2184.820535498314	0.0	0	0.0	2591.9820821704925	1	0	1	2.1842922956980453
92505.94177250347	3000.0	2086.0403096669233	0.0	0	0.0	2591.9820821704925	1	0	1	2.1842922956980453
93509.02264009677	3000.0	2082.9594420736307	0.0	0	0.0	2591.9820821704925	1	0	1	2.1842922956980453
94438.8624263336	3000.0	2060.1356772131185	0.0	0	0.0	2498.9981035467936	1	0	2	1.792811761399706
95200.0	3000.0	2222.884346180058	0.0	0	139.88379236191395	2422.88434618013	1	0	2	2.0009046225605855
96200.0	3000.0	2222.8843461800684	0.0	0	130.8204929135827	2422.88434618013	1	0	1	2.0036918961586094
97200.0	3000.0	2222.8843461800716	0.0	0	257.5652675654128	2422.88434618013	1	0	1	2.2036918961586096
98200.0	3000.0	2222.884346180075	0.0	0	92.72723227481765	2422.88434618013	1	0	1	2.2036918961586096
99200.0	3000.0	2222.884346180071	0.0	0	193.8716917064594	2422.88434618013	1	0	1	2.2036918961586096
100200.0	3000.0	2222.8843461800698	0.0	0	37.220106815642794	2422.88434618013	1	0	1	2.2036918961586096
101200.0	3000.0	2222.8843461800675	0.0	0	257.61784067230474	2422.88434618013	1	0	1	2.2036918961586096
102200.0	3000.0	2222.884346180076	0.0	0	407.02879377728095	2422.88434618013	1	0	1	2.2036918961586096
103200.0	3000.0	2222.8843461800852	0.0	0	54.01885573781328	2422.8843461801443	1	0	1	2.203691896158608
104278.85434103271	3000.0	2144.0300051473796	0.0	0	0.0	2422.8843461801443	1	0	1	2.203691896158608
105200.0	3000.0	2222.8843461801093	0.0	0	309.2721353345696	2422.8843461801443	1	0	1	2.203691896158608
106200.0	3000.0	2222.884346180096	0.0	0	11.055312637676252	2422.8843461801443	1	0	1	2.203691896158608
107200.0	3000.0	2222.884346180089	0.0	0	293.0825179907697	2422.8843461801443	1	0	1	2.203691896158608
108286.01280444296	3000.0	2136.8715417371195	0.0	0	0.0	2422.8843461801443	1	0	1	2.203691896158608
109381.73372397179	3000.0	2041.1506222082705	0.0	0	0.0	2422.8843461801443	1	0	1	2.203691896158608
110200.0	3000.0	2222.8843461800716	0.0	0	191.22467383596813	2422.8843461801443	1	0	1	2.203691896158608
111200.0	3000.0	2222.8843461800907	0.0	0	310.44988221113454	2422.8843461801443	1	0	1	2.203691896158608
112200.0	3000.0	2222.8843461800966	0.0	0	293.89760731766	2422.8843461801443	1	0	1	2.203691896158608
113200.0	3000.0	2222.884346180085	0.0	0	586.5733859999891	2422.8843461801443	1	0	1	2.203691896158608
114200.0	3000.0	2222.884346180082	0.0	0	348.1055039665662	2422.8843461801443	1	0	1	2.203691896158608
115513.35483760036	3000.0	1909.529508579715	0.0	0	0.0	2422.8843461801443	1	0	1	2.203691896158608
116700.37790807404	3000.0	1722.5064381060492	0.0	0	0.0	2422.8843461801443	1	0	1	2.203691896158608
118180.663936976	3000.0	1242.2204092040895	0.0	0	0.0	2422.8843461801443	1	0	1	2.203691896158608
119142.05220966952	3000.0	1280.832136510561	0.0	0	0.0	2422.8843461801443	1	0	1	2.203691896158608
120905.82219650273	3000.0	517.0621496773674	0.0	0	0.0	2422.8843461801443	1	0	1	2.203691896158608
121961.75026033311	3000.0	511.3149849640689	50.180899117068236	0	0.0	2473.0652452972136	1	0	1	1.8971682106359724
122988.84851261215	3000.0	490.96239312866857	6.745660443638457	0	0.0	2479.8109057408437	1	0	1	2.157028756945389
123477.02212444818	2000.0	1002.7887812926376	0.0	0	0.0	2479.8109057408437	1	0	1	1.3865725033908904
124139.55661104507	2000.0	1340.2542946957465	0.0	0	0.0	2479.8109057408583	1	0	1	1.7920376114990533
124985.14899116947	2000.0	1494.661914571368	0.0	0	0.0	2479.8109057408583	1	0	1	1.7920376114990533
125893.76217022492	3000.0	1586.0487355159228	0.0	0	0.0	2479.810905740873	1	0	1	1.7920376114990517
126578.81899829156	3000.0	1900.9919074492807	0.0	0	0.0	2479.810905740873	1	0	1	2.1975027196072165
127313.26234234728	3000.0	2166.5485633935723	0.0	0	0.0	2479.810905740873	1	0	1	2.1975027196072165
128200.0	3000.0	2279.810905740861	0.0	0	285.1057334094512	2479.810905740873	1	0	1	2.1975027196072165
129200.0	3000.0	2279.810905740873	0.0	0	328.6526597555494	2479.810905740873	1	0	1	2.1975027196072165
130200.0	3000.0	2279.8109057408883	0.0	0	426.6869475201529	2479.810905740873	1	0	1	2.1975027196072165
131200.0	3000.0	2279.8109057409033	0.0	0	232.6155912449758	2479.8109057408874	1	0	1	2.197502719607216
132200.0	3000.0	2279.810905740934	0.0	0	414.90438518929295	2479.8109057409165	1	0	1	2.1975027196072134
133200.0	3000.0	2279.81090574093	0.0	0	417.4925666102208	2479.810905740902	1	0	1	2.197502719607214
134200.0	3000.0	2279.8109057409692	0.0	0	262.122939702851	2479.8109057409165	1	0	1	2.1975027196072117
135284.11197495688	3000.0	2195.698930784061	0.0	0	0.0	2479.8109057408874	1	0	1	2.1975027196072148
136334.56429030595	3000.0	2145.2466154349827	0.0	0	0.0	2479.8109057409165	1	0	1	2.197502719607214
137200.0	3000.0	2279.810905740925	0.0	0	124.82577901237528	2479.8109057409165	1	0	1	2.197502719607211
138200.0	3000.0	2279.8109057409456	0.0	0	362.4404328374658	2479.8109057409456	1	0	1	2.1975027196072086
139707.6004523961	3000.0	1772.2104533448735	0.0	0	0.0	2479.8109057409456	1	0	1	2.1975027196072086
140902.20647170095	3000.0	1577.6044340399817	0.0	0	0.0	2479.8109057409165	1	0	1	2.197502719607211
141639.27719447084	3000.0	1840.5337112701252	0.0	0	0.0	2479.8109057409456	1	0	1	2.1975027196072086
142361.75800781482	3000.0	2118.0528979261644	0.0	0	0.0	2479.8109057409456	1	0	1	2.1975027196072086
143200.0	3000.0	2279.810905740979	0.0	0	341.7608404251223	2479.8109057409747	1	0	1	2.197502719607205
144379.07488600435	3000.0	2100.736019736605	0.0	0	0.0	2479.8109057409747	1	0	1	2.197502719607205
145209.06303321358	3000.0	2270.7478725273695	0.0	0	0.0	2479.8109057409747	1	0	1	2.197502719607205
146200.0	3000.0	2279.810905740956	0.0	0	272.21283655267325	2479.8109057409747	1	0	1	2.197502719607205
147200.0	3000.0	2279.8109057409665	0.0	0	457.8520758333907	2479.8109057409456	1	0	1	2.1975027196072086
148200.0	3000.0	2179.8109057409656	0.0	0	288.8239279735426	2379.8109057409165	1	0	2	1.8044031314943132
149200.0	3000.0	2179.810905740952	0.0	0	337.9243483192986	2379.8109057409165	1	0	1	2.0081584980856437
150200.0	3000.0	2179.8109057409783	0.0	0	48.115556238160934	2379.8109057409165	1	0	1	2.208158498085644
151953.03696009592	3000.0	1426.7739456450752	0.0	0	0.0	2379.8109057409165	1	0	1	2.208158498085644
153129.35975580954	3000.0	1250.4511499314979	0.0	0	0.0	2379.8109057409165	1	0	1	2.208158498085644
154084.85973734668	3000.0	1294.9511683943551	0.0	0	0.0	2379.8109057409165	1	0	1	2.208158498085644
155234.20488905624	3000.0	1145.6060166847578	0.0	0	0.0	2379.8109057409456	1	0	1	2.2081584980856412
156499.5741940183	3000.0	880.236711722694	0.0	0	0.0	2379.8109057409456	1	0	1	2.2081584980856412
158030.9120228324	3000.0	348.8988829086037	0.0	0	0.0	2379.8109057409456	1	0	1	2.2081584980856412
159190.50073198453	3000.0	416.7491490173498	227.43897526085857	0	0.0	2607.2498810018005	1	0	1	0.8177504890097296
159921.8837497408	2000.0	685.3661312610622	0.0	0	0.0	2607.2498810018005	1	0	1	1.3714541243585516
160620.16650212547	2000.0	987.0833788764169	0.0	0	0.0	2607.2498810018005	1	0	1	1.7769192324667162
161276.8372333622	2000.0	1330.4126476396896	0.0	0	0.0	2607.2498810018005	1	0	1	1.7769192324667162
162049.55321099237	2000.0	1557.6966700095172	0.0	0	0.0	2607.2498810017714	1	0	1	1.77691923246672
162538.5053622157	2000.0	2068.7445187861945	0.0	0	0.0	2607.2498810018005	1	0	1	1.7769192324667162
163274.72443857085	3000.0	2332.5254424310783	0.0	0	0.0	2607.2498810018296	1	0	1	1.7769192324667156
164200.0	3000.0	2407.249881001913	0.0	0	471.57860691897804	2607.2498810018296	1	0	1	2.182384340574877
165200.0	3000.0	2407.2498810019115	0.0	0	174.02146280289162	2607.2498810018296	1	0	1	2.182384340574877
166200.0	3000.0	2407.249881001892	0.0	0	214.7245139098959	2607.2498810018296	1	0	1	2.182384340574877
168268.50084690764	3000.0	1338.7490340942256	0.0	0	0.0	2607.2498810018296	1	0	1	2.182384340574877
169069.7651839956	3000.0	1537.484697006263	0.0	0	0.0	2607.2498810018296	1	0	1	2.182384340574877
169810.91942115017	3000.0	1796.3304598516625	0.0	0	0.0	2607.2498810018587	1	0	1	2.1823843405748735
170276.43555520225	3000.0	2330.814325799627	0.0	0	0.0	2607.2498810018296	1	0	1	2.182384340574877
171200.0	3000.0	2407.249881001881	0.0	0	69.53996938857017	2607.2498810018587	1	0	1	2.1823843405748735
172200.0	3000.0	2407.2498810018405	0.0	0	32.223481099819764	2607.2498810018587	1	0	1	2.1823843405748735
173200.0	3000.0	2407.2498810018296	0.0	0	104.78601594537031	2607.2498810018296	1	0	1	2.182384340574877
174436.2598681486	3000.0	2170.9900128532363	0.0	0	0.0	2607.2498810018005	1	0	1	2.182384340574881
175208.170308481	3000.0	2399.0795725208422	0.0	0	0.0	2607.2498810018005	1	0	1	2.182384340574881
176279.8615475819	3000.0	2327.3883334199536	0.0	0	0.0	2607.2498810018296	1	0	1	2.18238434057488
177414.88541214145	3000.0	2192.3644688604336	0.0	0	0.0	2607.2498810018296	1	0	1	2.182384340574877
178509.6216025107	3000.0	2097.6282784911346	0.0	0	0.0	2607.2498810018296	1	0	1	2.182384340574877
179327.4785316278	3000.0	2279.771349374033	0.0	0	0.0	2607.249881001888	1	0	1	2.182384340574872
180200.0	3000.0	2407.2498810018437	0.0	0	454.3564288718044	2607.249881001888	1	0	1	2.18238434057487
181200.0	3000.0	2407.2498810018624	0.0	0	124.04880063745077	2607.249881001917	1	0	1	2.1823843405748664
182245.30239417203	3000.0	2361.9474868298316	0.0	0	0.0	2607.249881001888	1	0	1	2.18238434057487
183224.22132526373	3000.0	2383.028555738123	0.0	0	0.0	2607.2498810018587	1	0	1	2.1823843405748735
184200.0	3000.0	2407.249881001843	0.0	0	401.5064462789451	2607.2498810018587	1	0	1	2.1823843405748735
185200.0	3000.0	2407.249881001829	0.0	0	460.69186402330524	2607.2498810018587	1	0	1	2.1823843405748735
186200.0	3000.0	2407.2498810018337	0.0	0	268.9437469608383	2607.2498810018587	1	0	1	2.1823843405748735
187200.0	3000.0	2407.249881001812	0.0	0	37.92512312962208	2607.2498810018296	1	0	1	2.182384340574877
188200.0	3000.0	2407.2498810018083	0.0	0	204.37429841706762	2607.2498810018296	1	0	1	2.182384340574877
189200.0	3000.0	2407.249881001831	0.0	0	269.7524301907979	2607.2498810018005	1	0	1	2.182384340574881
190211.03143200048	3000.0	2396.2184490013615	0.0	0	0.0	2607.2498810018005	1	0	1	2.182384340574881
191200.0	3000.0	2407.2498810018396	0.0	0	448.5521686448483	2607.2498810018005	1	0	1	2.182384340574881
192717.0973915626	3000.0	1890.1524894392621	0.0	0	0.0	2607.2498810018005	1	0	1	2.182384340574881
194434.0256560793	3000.0	1173.224224922551	0.0	0	0.0	2607.2498810017714	1	0	1	2.1823843405748846
195778.4926572813	3000.0	828.7572237205154	0.0	0	0.0	2607.2498810017423	1	0	1	2.1823843405748873
196832.29561169533	3000.0	774.9542693064493	0.0	0	0.0	2607.2498810017423	1	0	1	2.182384340574888
197799.1794966852	3000.0	808.0703843165788	0.0	0	0.0	2607.2498810017423	1	0	1	2.182384340574888
198412.44496246698	3000.0	1194.8049185347936	0.0	0	0.0	2607.2498810017714	1	0	1	2.1823843405748846
199076.16101874327	3000.0	1531.0888622585062	0.0	0	0.0	2607.2498810017423	1	0	1	2.182384340574888
199645.51433581993	3000.0	1961.7355451818412	0.0	0	0.0	2607.2498810017423	1	0	1	2.182384340574888
200200.0	3000.0	2407.2498810017755	0.0	0	80.43410947080702	2607.2498810017423	1	0	1	2.182384340574888
201200.0	3000.0	2407.249881001769	0.0	0	108.22988685593009	2607.2498810017714	1	0	1	2.1823843405748846
202200.0	3000.0	2407.2498810017587	0.0	0	200.04991633890313	2607.2498810017714	1	0	1	2.1823843405748846
203200.0	3000.0	2407.2498810017228	0.0	0	101.40282435508561	2607.2498810017423	1	0	1	2.182384340574888
204200.0	3000.0	2407.249881001719	0.0	0	297.66815004113596	2607.2498810017423	1	0	1	2.182384340574888
205200.0	3000.0	2407.249881001737	0.0	0	165.8933446939045	2607.2498810017423	1	0	1	2.182384340574888
206200.0	3000.0	2407.2498810016887	0.0	0	225.89347523034667	2607.2498810017423	1	0	1	2.182384340574888
207200.0	3000.0	2407.2498810016855	0.0	0	392.2200260425452	2607.2498810017714	1	0	1	2.1823843405748846
208200.0	3000.0	2407.2498810017105	0.0	0	168.65292318188585	2607.2498810017714	1	0	1	2.1823843405748846
209200.0	3000.0	2407.249881001686	0.0	0	237.3361164793605	2607.2498810018005	1	0	1	2.182384340574881
210200.0	3000.0	2407.2498810016555	0.0	0	94.5065336569096	2607.2498810018005	1	0	1	2.182384340574881
211614.7808531614	3000.0	1992.469027840245	0.0	0	0.0	2607.2498810018005	1	0	1	2.182384340574881
212981.1880296467	3000.0	1626.0618513549798	0.0	0	0.0	2607.2498810018005	1	0	1	2.182384340574881
213914.28219779482	3000.0	1692.9676832068465	0.0	0	0.0	2607.2498810018296	1	0	1	2.182384340574877
214695.4563679182	3000.0	1911.7935130834958	0.0	0	0.0	2607.2498810018296	1	0	1	2.182384340574877
215233.29664819856	3000.0	2373.9532328031205	0.0	0	0.0	2607.2498810018296	1	0	1	2.182384340574877
216200.0	3000.0	2407.249881001685	0.0	0	333.6433789662842	2607.2498810018005	1	0	1	2.182384340574881
217248.91126598665	3000.0	2358.3386150150595	0.0	0	0.0	2607.2498810018005	1	0	1	2.182384340574881
218391.54729888056	3000.0	2215.702582121161	0.0	0	0.0	2607.2498810018296	1	0	1	2.182384340574877
219200.0	3000.0	2407.249881001725	0.0	0	142.19299903869978	2607.2498810018296	1	0	1	2.182384340574877
220200.0	3000.0	2407.2498810017346	0.0	0	214.25077376287663	2607.2498810018296	1	0	1	2.182384340574877
221200.0	3000.0	2407.249881001713	0.0	0	380.4786696760857	2607.2498810018296	1	0	1	2.182384340574877
222200.0	3000.0	2407.249881001745	0.0	0	227.04594516914221	2607.2498810018296	1	0	1	2.182384340574877
223200.0	3000.0	2407.249881001739	0.0	0	145.43235196569003	2607.2498810018587	1	0	1	2.1823843405748735
224200.0	3000.0	2407.2498810017432	0.0	0	193.67362914822297	2607.2498810018587	1	0	1	2.1823843405748735
225226.5539204028	3000.0	2380.695960598911	0.0	0	0.0	2607.2498810018587	1	0	1	2.1823843405748735
226200.0	3000.0	2407.249881001725	0.0	0	209.38543285359628	2607.2498810018587	1	0	1	2.1823843405748735
227200.0	3000.0	2407.2498810017373	0.0	0	393.1658889481914	2607.2498810018296	1	0	1	2.182384340574877
228392.62734011392	3000.0	2214.6225408878167	0.0	0	0.0	2607.2498810018296	1	0	1	2.182384340574877
229563.498006006	3000.0	2043.7518749957587	0.0	0	0.0	2607.2498810018587	1	0	1	2.1823843405748735
230376.51957371333	3000.0	2230.730307288469	0.0	0	0.0	2607.2498810018296	1	0	1	2.182384340574877
231376.22691892448	3000.0	2231.0229620773234	0.0	0	0.0	2607.2498810018296	1	0	1	2.182384340574877
232273.81385860685	3000.0	2333.436022394951	0.0	0	0.0	2607.2498810018587	1	0	1	2.1823843405748735
233547.7311871478	3000.0	2059.5186938540437	0.0	0	0.0	2607.2498810018296	1	0	1	2.182384340574875
234467.2645336577	3000.0	2139.985347344121	0.0	0	0.0	2607.2498810018296	1	0	1	2.182384340574877
235265.4676721814	3000.0	2341.7822088204093	0.0	0	0.0	2607.2498810018296	1	0	1	2.182384340574877
236200.0	3000.0	2407.2498810018196	0.0	0	83.18321270783781	2607.2498810018296	1	0	1	2.182384340574877
237442.63504016594	3000.0	2164.6148408358417	0.0	0	0.0	2607.2498810018005	1	0	1	2.182384340574881
238410.91747893265	3000.0	2196.3324020691343	0.0	0	0.0	2607.2498810017714	1	0	1	2.1823843405748824
239607.95048933054	3000.0	1999.2993916712398	0.0	0	0.0	2607.2498810018005	1	0	1	2.1823843405748824
240957.27952686645	3000.0	1649.9703541353067	0.0	0	0.0	2607.2498810018296	1	0	1	2.182384340574878
242174.32217001443	3000.0	1432.9277109873112	0.0	0	0.0	2607.2498810018296	1	0	1	2.182384340574877
243355.98072614108	3000.0	1251.2691548606838	0.0	0	0.0	2607.2498810018005	1	0	1	2.182384340574881
243915.88701819122	3000.0	1691.3628628105291	0.0	0	0.0	2607.2498810018005	1	0	1	2.182384340574881
244534.92739876133	3000.0	2072.3224822404172	0.0	0	0.0	2607.2498810018005	1	0	1	2.182384340574881
245200.0	3000.0	2407.249881001731	0.0	0	58.24779255085741	2607.2498810018005	1	0	1	2.182384340574881
246200.0	3000.0	2407.249881001757	0.0	0	147.44039755142876	2607.2498810018005	1	0	1	2.182384340574881
247200.0	3000.0	2407.249881001771	0.0	0	286.0612069371855	2607.2498810017714	1	0	1	2.1823843405748846
248333.61304583374	3000.0	2273.636835168028	0.0	0	0.0	2607.2498810018005	1	0	1	2.1823843405748837
249200.0	3000.0	2407.249881001768	0.0	0	66.25721332989633	2607.2498810018005	1	0	1	2.182384340574881
250200.0	3000.0	2407.249881001812	0.0	0	148.59320145699894	2607.2498810018005	1	0	1	2.182384340574881
251200.0	3000.0	2407.249881001828	0.0	0	354.291497104452	2607.2498810018005	1	0	1	2.182384340574881
252200.0	3000.0	2407.2498810018387	0.0	0	254.17253312995308	2607.2498810018005	1	0	1	2.182384340574881
253468.6428944504	3000.0	2138.6069865514073	0.0	0	0.0	2607.2498810018296	1	0	1	2.182384340574877
254552.67391457752	3000.0	2054.575966424295	0.0	0	0.0	2607.2498810018005	1	0	1	2.182384340574881
255247.80559387233	3000.0	2359.4442871294964	0.0	0	0.0	2607.2498810018296	1	0	1	2.18238434057488
256200.0	3000.0	2407.24988100182	0.0	0	195.51282806729432	2607.2498810018296	1	0	1	2.182384340574877
257242.80344428416	3000.0	2364.4464367176793	0.0	0	0.0	2607.2498810018587	1	0	1	2.1823843405748735
258200.0	3000.0	2407.24988100184	0.0	0	24.71607963225688	2607.2498810018587	1	0	1	2.1823843405748735
259200.0	3000.0	2407.2498810018305	0.0	0	86.91568405591534	2607.249881001888	1	0	1	2.18238434057487
260200.0	3000.0	2407.2498810018265	0.0	0	313.2815542863682	2607.249881001917	1	0	1	2.1823843405748664
261232.65008632516	3000.0	2374.5997946766884	0.0	0	0.0	2607.249881001917	1	0	1	2.1823843405748664
262200.0	3000.0	2407.249881001834	0.0	0	371.6292520184361	2607.249881001917	1	0	1	2.1823843405748664
263200.0	3000.0	2407.2498810017487	0.0	0	257.5944158725906	2607.249881001888	1	0	1	2.1823843405748664
264763.7312650385	3000.0	1687.1454894594135	0.0	0	0.0	2450.876754498051	1	0	2	1.795735788926312
266159.7672719865	3000.0	1291.1094825113485	0.0	0	0.0	2450.876754498051	1	0	1	2.0006900604235645
267246.5506054849	3000.0	1204.32614901302	0.0	0	0.0	2450.876754498051	1	0	1	2.2006900604235646
268616.93756035325	3000.0	833.9391941447034	0.0	0	0.0	2450.876754498051	1	0	1	2.2006900604235646
270417.31045306276	3000.0	233.86429251805438	200.29799108283135	0	0.0	2651.1747455808218	1	0	1	0.9844770216049303
271459.65818907303	3000.0	444.2160649906375	252.69950848280843	0	0.0	2903.874254063645	1	0	1	0.6232091455046398
272372.1641678412	3000.0	533.5123429658094	1.8022567433387167	0	0.0	2905.6765108070103	1	0	1	2.128293990457299
272823.0635539297	2000.0	1082.6129568772965	0.0	0	0.0	2905.6765108070686	1	0	1	1.3281773147009925
273609.9787968455	3000.0	1295.697713961513	0.0	0	0.0	2905.6765108070103	1	0	1	1.7336424228091667
274786.2933179293	3000.0	1119.3831928777086	0.0	0	0.0	2905.6765108070103	1	0	1	2.1391075309173315
275694.8444722989	3000.0	1210.8320385081229	0.0	0	0.0	2905.676510806952	1	0	1	2.139107530917341
276481.29342751147	3000.0	1424.3830832956446	0.0	0	0.0	2905.6765108070686	1	0	1	2.1391075309173253
277005.4918495574	3000.0	1900.1846612497893	0.0	0	0.0	2905.6765108071268	1	0	1	2.139107530917312
277727.7476444705	3000.0	2177.928866336695	0.0	0	0.0	2905.6765108071268	1	0	1	2.139107530917312
278659.87315694353	3000.0	2245.803353863599	0.0	0	0.0	2905.6765108070686	1	0	1	2.1391075309173218
279451.64269708603	3000.0	2454.0338137211993	0.0	0	0.0	2905.6765108070686	1	0	1	2.1391075309173218
280200.0	3000.0	2705.6765108072095	0.0	0	73.09040021843975	2905.6765108070686	1	0	1	2.1391075309173218
281330.9234884012	6000.0	2461.6606735658956	0.0	0	0.0	2792.584161966981	1	0	2	1.7524851836110071
282200.0	3000.0	2592.5841619671246	0.0	0	266.8256930264761	2792.584161966981	1	0	1	1.2637779913281284
283200.0	3000.0	2592.5841619671623	0.0	0	327.2235112521448	2792.584161967039	1	0	1	2.156925171888065
284463.3885128994	3000.0	2329.1956490677353	0.0	0	0.0	2792.584161967039	1	0	1	2.156925171888065
285245.7342982696	3000.0	2546.8498636975432	0.0	0	0.0	2792.584161967039	1	0	1	2.156925171888065
286200.0	3000.0	2592.584161967105	0.0	0	177.20871280517895	2792.584161966981	1	0	1	2.1569251718880738
287200.0	3000.0	2592.5841619670805	0.0	0	350.7230621162453	2792.584161966981	1	0	1	2.1569251718880738
288497.0809838159	3000.0	2295.50317815126	0.0	0	0.0	2792.584161967039	1	0	1	2.156925171888065
289484.64816570334	3000.0	2307.9359962638264	0.0	0	0.0	2792.584161967039	1	0	1	2.156925171888065
290644.9339399757	3000.0	2147.6502219915114	0.0	0	0.0	2792.5841619670973	1	0	1	2.156925171888058
291284.0195074732	3000.0	2508.564654493967	0.0	0	0.0	2792.5841619670973	1	0	1	2.1569251718880564
292200.0	3000.0	2592.5841619671955	0.0	0	414.3852283518063	2792.5841619671555	1	0	1	2.1569251718880476
293614.8507967817	3000.0	2036.248285507254	0.0	0	0.0	2651.0990822889144	1	0	2	1.7730698859953697
294581.8374942041	3000.0	2069.2615880848234	0.0	0	0.0	2651.0990822889144	1	0	1	1.9767508917755792
295200.0	3000.0	2451.099082288949	0.0	0	25.442971532873344	2651.0990822889144	1	0	1	2.1767508917755793
296200.0	3000.0	2451.099082288977	0.0	0	395.68788626260357	2651.0990822889726	1	0	1	2.176750891775572
297200.0	3000.0	2451.0990822889826	0.0	0	243.83979901490966	2651.0990822889726	1	0	1	2.176750891775572
298200.0	3000.0	2451.0990822890076	0.0	0	250.7987963813357	2651.099082289031	1	0	1	2.176750891775564
299200.0	3000.0	2451.0990822890017	0.0	0	52.518574537476525	2651.099082289031	1	0	1	2.176750891775564
300877.5023980654	3000.0	1773.596684223575	0.0	0	0.0	2651.0990822889726	1	0	1	2.1767508917755687
2.75	2.35	2.2	2.66	3.73	3.53	2.48	2.79	4.63	6.96	4.54	3.3	1.61	2.12	4.31	5.55	2.73	2.77	3.16	2.83	3.31	3.2	3.65	3.32	4.78	6.2	3.67	2.78	3.88	5.86	4.22	4.16	2.87	3.63	3.39	4.04	4.63	2.79	2.2	2.2	2.63	2.75	3.0	5.06	4.36	5.92	2.76	2.85	4.17	5.4	3.71	3.17	5.5	5.07	3.26	2.98	2.93	2.58	3.19	3.98	5.61	4.41	3.34	3.08	3.85	4.56	6.95	3.67	4.12	4.33	3.06	4.17	4.83	2.86	3.7	3.15	2.73	3.06	3.0	2.78	3.45	3.65	2.71	3.79	2.95	3.7	2.55	2.43	3.15	4.12	4.45	4.62	3.54	3.36	3.83	4.12	4.6	4.24	2.86	3.85	3.44	3.2	2.28	3.66	4.12	4.01	3.9	5.9	4.29	2.5	1.83	3.21	2.49	3.05	2.42	1.87	3.0	2.79	3.67	2.8	3.19	4.11	4.92	3.95	4.84	4.98	5.07	4.63	3.72	2.41	3.06	3.27	3.85	2.31	3.02	3.02	3.9	4.85	2.29	3.75	5.14	4.4	4.05	3.89	3.9	2.18	2.37	3.2	3.97	4.67	2.75	2.35	2.2	2.66	3.73	3.53	2.48	2.79	4.63	6.96	4.54	3.3	1.61	2.12	4.31	5.55	2.73	2.77	3.16	2.83	3.31	3.2	3.65	3.32	4.78	6.2	3.67	2.78	3.88	5.86	4.22	4.16	2.87	3.63	3.39	4.04	4.63	2.79	2.2	2.2	2.63	2.75	3.0	5.06	4.36	5.92	2.76	2.85	4.17	5.4	3.71	3.17	5.5	5.07	3.26	2.98	2.93	2.58	3.19	3.98	5.61	4.41	3.34	3.08	3.85	4.56	6.95	3.67	4.12	4.33	3.06	4.17	4.83	2.86	3.7	3.15	2.73	3.06	3.0	2.78	3.45	3.65	2.71	3.79	2.95	3.7	2.55	2.43	3.15	4.12	4.45	4.62	3.54	3.36	3.83	4.12	4.6	4.24	2.86	3.85	3.44	3.2	2.28	3.66	4.12	4.01	3.9	5.9	4.29	2.5	1.83	3.21	2.49	3.05	2.42	1.87	3.0	2.79	3.67	2.8	3.19	4.11	4.92	3.95	4.84	4.98	5.07	4.63	3.72	2.41	3.06	3.27	3.85	2.31	3.02	3.02	3.9	4.85	2.29	3.75	5.14	4.4	4.05	3.89	3.9	2.18	2.37	3.2	3.97	4.67
1.0	2.0	3.0	4.0	5.0	6.0	7.0	8.0	9.0	10.0	11.0	12.0	13.0	14.0	15.0	16.0	17.0	18.0	19.0	20.0	21.0	22.0	23.0	24.0	25.0	26.0	27.0	28.0	29.0	30.0	31.0	32.0	33.0	34.0	35.0	36.0	37.0	38.0	39.0	40.0	41.0	42.0	43.0	44.0	45.0	46.0	47.0	48.0	49.0	50.0	51.0	52.0	53.0	54.0	55.0	56.0	57.0	58.0	59.0	60.0	61.0	62.0	63.0	64.0	65.0	66.0	67.0	68.0	69.0	70.0	71.0	72.0	73.0	74.0	75.0	76.0	77.0	78.0	79.0	80.0	81.0	82.0	83.0	84.0	85.0	86.0	87.0	88.0	89.0	90.0	91.0	92.0	93.0	94.0	95.0	96.0	97.0	98.0	99.0	100.0	101.0	102.0	103.0	104.0	105.0	106.0	107.0	108.0	109.0	110.0	111.0	112.0	113.0	114.0	115.0	116.0	117.0	118.0	119.0	120.0	121.0	122.0	123.0	124.0	125.0	126.0	127.0	128.0	129.0	130.0	131.0	132.0	133.0	134.0	135.0	136.0	137.0	138.0	139.0	140.0	141.0	142.0	143.0	144.0	145.0	146.0	147.0	148.0	149.0	149.0	150.0	151.0	152.0	153.0	154.0	155.0	156.0	157.0	158.0	159.0	160.0	161.0	162.0	163.0	164.0	165.0	166.0	167.0	168.0	169.0	170.0	171.0	172.0	173.0	174.0	175.0	176.0	177.0	178.0	179.0	180.0	181.0	182.0	183.0	184.0	185.0	186.0	187.0	188.0	189.0	190.0	191.0	192.0	193.0	194.0	195.0	196.0	197.0	198.0	199.0	200.0	201.0	202.0	203.0	204.0	205.0	206.0	207.0	208.0	209.0	210.0	211.0	212.0	213.0	214.0	215.0	216.0	217.0	218.0	219.0	220.0	221.0	222.0	223.0	224.0	225.0	226.0	227.0	228.0	229.0	230.0	231.0	232.0	233.0	234.0	235.0	236.0	237.0	238.0	239.0	240.0	241.0	242.0	243.0	244.0	245.0	246.0	247.0	248.0	249.0	250.0	251.0	252.0	253.0	254.0	255.0	256.0	257.0	258.0	259.0	260.0	261.0	262.0	263.0	264.0	265.0	266.0	267.0	268.0	269.0	270.0	271.0	272.0	273.0	274.0	275.0	276.0	277.0	278.0	279.0	280.0	281.0	282.0	283.0	284.0	285.0	286.0	287.0	288.0	289.0	290.0	291.0	292.0	293.0	294.0	295.0	296.0	297.0	298.0	298.0
5239.912375479131
