4578.653349284527	300.0	2000.0	101.29226156832271	0	0.0	4578.653349284527	1	0	1	-1.3647991615438702
4689.175983880036	300.0	2878.4251019449393	0.0	0	0.0	4567.601085824976	1	0	2	-1.1621559733249347
4794.999668753105	300.0	3762.019048584565	0.0	0	0.0	4557.01871733767	1	0	2	-0.955626932603882
5200.0	500.0	4316.51868421298	0.0	0	250.5245734401069	4516.51868421298	1	0	2	-0.9430216820756614
6200.0	500.0	4216.5186842129815	0.0	0	856.8747013859265	4416.51868421298	1	0	2	-0.3835532927377241
7200.0	500.0	4116.518684212981	0.0	0	850.9407897477586	4316.518684212979	1	0	2	-0.32739836771019304
8200.0	500.0	4016.5186842129797	0.0	0	750.3501318301196	4216.518684212979	1	0	2	-0.27491137602055643
9200.0	1000.0	3916.5186842129788	0.0	0	600.1814102100216	4116.518684212977	1	0	2	-0.22593236872036604
10200.0	1000.0	3816.5186842129797	0.0	0	648.7047165732129	4016.518684212978	1	0	2	0.5128308113296494
11200.0	3000.0	3716.518684212977	0.0	0	490.05912514208467	3916.5186842129724	1	0	2	0.5554520583965761
12200.0	3000.0	3616.518684212975	0.0	0	110.9104189186728	3816.5186842129715	1	0	2	1.694843006793005
13420.573686468682	3000.0	3273.887629097424	0.0	0	0.0	3694.461315566101	1	0	2	1.7400399056377733
14357.422505653114	3000.0	3243.35392799455	0.0	0	0.0	3600.7764336476557	1	0	2	1.7725115989073887
15200.0	3000.0	3316.5186842129747	0.0	0	211.8482615410776	3516.518684212966	1	0	2	1.7954169537338207
16200.0	3000.0	3216.518684212977	0.0	0	479.6135540853593	3416.518684212966	1	0	2	1.821368566493811
17200.0	3000.0	3116.5186842129756	0.0	0	192.71768566798346	3316.5186842129606	1	0	2	1.8484741965504337
18200.0	3000.0	3016.5186842129774	0.0	0	536.5448487918584	3216.5186842129624	1	0	2	1.8708098479992394
19200.0	3000.0	2916.5186842129765	0.0	0	518.7944514673218	3116.5186842129624	1	0	2	1.8924719159233723
20200.0	3000.0	2816.518684212981	0.0	0	355.70072707401414	3016.518684212966	1	0	2	1.9126540767689495
21200.0	3000.0	2716.5186842129774	0.0	0	155.81046458979472	2916.5186842129588	1	0	2	1.93167003359978
22200.0	3000.0	2616.518684212978	0.0	0	185.70383451701855	2816.5186842129588	1	0	2	1.9481378654735884
23322.588592294444	3000.0	2381.671232689092	0.0	0	0.0	2704.2598249835173	1	0	2	1.9651614571533063
24492.571460364245	3000.0	2094.6900778123177	0.0	0	0.0	2587.2615381765427	1	0	2	1.9811844567333188
25423.26419898548	3000.0	2070.9280653289584	0.0	0	0.0	2494.1922643144208	1	0	2	1.993211988090808
26433.82018628912	3000.0	1959.3164792949574	0.0	0	0.0	2393.136665584061	1	0	2	2.004194473404556
27388.397503391985	3000.0	1909.2814304818037	0.0	0	0.0	2297.6789338737726	1	0	2	2.0136911400392172
28200.0	3000.0	2016.518684212983	0.0	0	74.89460141912059	2216.5186842129624	1	0	2	2.021346641628139
29200.0	3000.0	1916.5186842129833	0.0	0	451.80506633470213	2116.5186842129624	1	0	2	2.0287079045381873
30212.7841506267	3000.0	1802.4561185236166	0.0	0	0.0	2015.2402691502975	1	0	2	2.0370756552595544
31776.774625334132	3000.0	1082.0665963454464	0.0	0	0.0	1858.8412216795623	1	0	2	2.047741344427794
32813.328044642505	3000.0	1045.5131770370738	0.0	0	0.0	1858.8412216795623	1	0	1	2.0498539020792226
34156.904587712765	3000.0	701.9366339668084	0.0	0	0.0	1858.841221679555	1	0	1	2.2498539020792228
35022.98830508359	3000.0	835.8529165959715	0.0	0	0.0	1858.841221679555	1	0	1	2.2498539020792228
36146.3579314836	3000.0	712.4832901959569	0.0	0	0.0	1858.841221679555	1	0	1	2.2498539020792228
37231.10381943333	3000.0	627.737402246232	0.0	0	0.0	1858.841221679555	1	0	1	2.2498539020792228
38247.654834944864	3000.0	611.1863867346917	0.0	0	0.0	1858.841221679555	1	0	1	2.2498539020792228
38957.42663883842	3000.0	901.4145828411313	0.0	0	0.0	1858.841221679555	1	0	1	2.2498539020792228
39622.42561621222	3000.0	1236.4156054673344	0.0	0	0.0	1858.841221679555	1	0	1	2.2498539020792228
40348.52608905251	3000.0	1510.315132627035	0.0	0	0.0	1858.841221679555	1	0	1	2.2498539020792228
41715.79630157688	3000.0	1143.0449201026586	0.0	0	0.0	1858.841221679555	1	0	1	2.2498539020792228
42673.17232287799	3000.0	1185.6688988015421	0.0	0	0.0	1858.841221679555	1	0	1	2.2498539020792228
43578.81466331083	3000.0	1280.0265583686928	0.0	0	0.0	1858.841221679555	1	0	1	2.2498539020792228
44352.60303370637	3000.0	1506.2381879731622	0.0	0	0.0	1858.841221679555	1	0	1	2.2498539020792228
45200.0	3000.0	1658.8412216795255	0.0	0	201.23986773902288	1858.841221679555	1	0	1	2.2498539020792228
46200.0	3000.0	1658.841221679526	0.0	0	601.0089652520328	1858.8412216795623	1	0	1	2.2498539020792228
47275.22160701272	3000.0	1583.6196146668026	0.0	0	0.0	1858.8412216795623	1	0	1	2.2498539020792228
48376.76778641264	3000.0	1482.0734352668892	0.0	0	0.0	1858.8412216795623	1	0	1	2.2498539020792228
49200.0	3000.0	1658.8412216795318	0.0	0	118.50474036564992	1858.8412216795623	1	0	1	2.2498539020792228
50200.0	3000.0	1658.8412216795364	0.0	0	616.5517446922604	1858.8412216795623	1	0	1	2.2498539020792228
51200.0	3000.0	1658.8412216795273	0.0	0	306.80104111446417	1858.8412216795623	1	0	1	2.2498539020792228
52389.609537072225	3000.0	1469.231684607301	0.0	0	0.0	1858.8412216795696	1	0	1	2.2498539020792223
53336.44527063378	3000.0	1522.3959510457505	0.0	0	0.0	1858.8412216795768	1	0	1	2.2498539020792214
54252.54774416432	3000.0	1606.2934775152096	0.0	0	0.0	1858.8412216795768	1	0	1	2.2498539020792214
55200.0	3000.0	1658.8412216795346	0.0	0	274.5219493275217	1858.8412216795841	1	0	1	2.2498539020792214
56200.0	3000.0	1658.8412216795323	0.0	0	475.95960793602717	1858.8412216795768	1	0	1	2.2498539020792214
57200.0	3000.0	1658.8412216795307	0.0	0	518.3244163684794	1858.8412216795841	1	0	1	2.2498539020792214
58200.0	3000.0	1658.841221679532	0.0	0	370.7203072287157	1858.8412216795841	1	0	1	2.2498539020792214
59200.0	3000.0	1658.8412216795282	0.0	0	401.1087918198318	1858.8412216795841	1	0	1	2.2498539020792214
60200.0	3000.0	1658.8412216795273	0.0	0	282.2535605667872	1858.8412216795841	1	0	1	2.2498539020792214
61200.0	3000.0	1658.8412216795232	0.0	0	336.15411258999666	1858.8412216795841	1	0	1	2.2498539020792214
62200.0	3000.0	1658.8412216795148	0.0	0	552.314744672105	1858.8412216795841	1	0	1	2.2498539020792214
63200.0	3000.0	1658.8412216795136	0.0	0	652.7220219967567	1858.8412216795841	1	0	1	2.2498539020792214
64200.0	3000.0	1658.8412216795125	0.0	0	643.6185115385961	1858.8412216795841	1	0	1	2.2498539020792214
65200.0	3000.0	1658.8412216795189	0.0	0	52.17673220542201	1858.8412216795841	1	0	1	2.2498539020792214
66200.0	3000.0	1658.841221679512	0.0	0	481.6922406730737	1858.8412216795841	1	0	1	2.249853902079221
67200.0	3000.0	1658.8412216795027	0.0	0	644.2565054751904	1858.8412216795696	1	0	1	2.249853902079222
68200.0	3000.0	1658.8412216794989	0.0	0	297.7396845360199	1858.8412216795696	1	0	1	2.2498539020792223
69200.0	3000.0	1658.8412216794886	0.0	0	209.63479840944638	1858.8412216795696	1	0	1	2.2498539020792223
70200.0	3000.0	1658.8412216794948	0.0	0	223.4289711468591	1858.8412216795696	1	0	1	2.2498539020792223
71200.0	3000.0	1658.8412216794975	0.0	0	432.4521813902684	1858.8412216795696	1	0	1	2.2498539020792223
72200.0	3000.0	1658.8412216794982	0.0	0	210.740636344839	1858.8412216795696	1	0	1	2.2498539020792223
73200.0	3000.0	1658.8412216794989	0.0	0	423.2646752208384	1858.841221679555	1	0	1	2.2498539020792228
74200.0	3000.0	1658.8412216794832	0.0	0	73.02955298844608	1858.841221679555	1	0	1	2.2498539020792228
75200.0	3000.0	1658.8412216794688	0.0	0	199.2630454894097	1858.841221679555	1	0	1	2.2498539020792228
76200.0	3000.0	1658.8412216794745	0.0	0	400.50087628771143	1858.841221679555	1	0	1	2.2498539020792228
77200.0	3000.0	1658.8412216794704	0.0	0	413.98373729108425	1858.841221679555	1	0	1	2.2498539020792228
78200.0	3000.0	1658.8412216794795	0.0	0	627.4953515106754	1858.841221679555	1	0	1	2.2498539020792228
79200.0	3000.0	1658.841221679481	0.0	0	501.5876726843562	1858.841221679555	1	0	1	2.2498539020792228
80200.0	3000.0	1658.8412216794918	0.0	0	579.8673409080511	1858.841221679555	1	0	1	2.2498539020792228
81200.0	3000.0	1658.8412216795	0.0	0	395.2449031573633	1858.841221679555	1	0	1	2.2498539020792228
82200.0	3000.0	1658.8412216795134	0.0	0	525.9952537466597	1858.841221679555	1	0	1	2.2498539020792228
83200.0	3000.0	1658.841221679522	0.0	0	361.2900025396957	1858.841221679555	1	0	1	2.2498539020792228
84200.0	3000.0	1658.8412216795268	0.0	0	288.8465542818303	1858.841221679555	1	0	1	2.2498539020792228
85200.0	3000.0	1658.8412216795225	0.0	0	573.7688292272505	1858.841221679555	1	0	1	2.2498539020792228
86200.0	3000.0	1658.8412216795064	0.0	0	132.77322786019067	1858.841221679555	1	0	1	2.2498539020792228
87240.22527725465	3000.0	1618.6159444248513	0.0	0	0.0	1858.841221679555	1	0	1	2.2498539020792228
88200.0	3000.0	1658.8412216794904	0.0	0	44.60109053031192	1858.841221679555	1	0	1	2.2498539020792228
89200.0	3000.0	1658.8412216794954	0.0	0	230.15111165204144	1858.8412216795696	1	0	1	2.2498539020792223
90200.0	3000.0	1658.841221679492	0.0	0	345.22667968094174	1858.8412216795696	1	0	1	2.2498539020792223
91200.0	3000.0	1658.841221679497	0.0	0	560.2935186797695	1858.841221679555	1	0	1	2.2498539020792228
92200.0	3000.0	1658.8412216795025	0.0	0	716.8914691368846	1858.841221679555	1	0	1	2.2498539020792228
93200.0	3000.0	1658.8412216794893	0.0	0	391.04904083834845	1858.841221679555	1	0	1	2.2498539020792228
94200.0	3000.0	1658.8412216794736	0.0	0	503.40503866224026	1858.841221679555	1	0	1	2.2498539020792228
95200.0	3000.0	1658.8412216794736	0.0	0	342.56285921047674	1858.841221679555	1	0	1	2.2498539020792228
96200.0	3000.0	1658.8412216794595	0.0	0	216.58135475995368	1858.8412216795696	1	0	1	2.2498539020792223
97200.0	3000.0	1658.8412216794527	0.0	0	153.11773445819563	1858.841221679555	1	0	1	2.2498539020792228
98200.0	3000.0	1658.841221679438	0.0	0	408.79184940348205	1858.841221679555	1	0	1	2.2498539020792228
99200.0	3000.0	1658.8412216794407	0.0	0	452.01273286044307	1858.841221679555	1	0	1	2.2498539020792228
100200.0	3000.0	1658.8412216794384	0.0	0	229.33139503316488	1858.8412216795405	1	0	1	2.249853902079224
101360.45938821457	3000.0	1498.3818334648715	0.0	0	0.0	1858.8412216795405	1	0	1	2.249853902079224
102200.0	3000.0	1658.8412216794513	0.0	0	338.77930797060253	1858.8412216795405	1	0	1	2.249853902079224
103200.0	3000.0	1658.8412216794386	0.0	0	503.6203078778926	1858.8412216795405	1	0	1	2.249853902079224
104200.0	3000.0	1658.841221679427	0.0	0	225.87191098516632	1858.841221679555	1	0	1	2.2498539020792228
105200.0	3000.0	1658.841221679427	0.0	0	420.31299032847164	1858.841221679555	1	0	1	2.2498539020792228
106200.0	3000.0	1658.8412216794338	0.0	0	209.7311445579835	1858.841221679555	1	0	1	2.2498539020792228
107200.0	3000.0	1658.841221679427	0.0	0	218.77443763552583	1858.8412216795696	1	0	1	2.2498539020792223
108200.0	3000.0	1658.841221679419	0.0	0	116.17451187413826	1858.8412216795696	1	0	1	2.2498539020792223
109200.0	3000.0	1658.841221679426	0.0	0	484.766142251392	1858.8412216795696	1	0	1	2.2498539020792223
110200.0	3000.0	1658.8412216794318	0.0	0	470.6568686186365	1858.8412216795696	1	0	1	2.2498539020792223
111200.0	3000.0	1658.8412216794259	0.0	0	48.467900047951844	1858.8412216795696	1	0	1	2.2498539020792223
112200.0	3000.0	1658.8412216794338	0.0	0	190.7737667891779	1858.8412216795696	1	0	1	2.2498539020792223
113200.0	3000.0	1658.8412216794322	0.0	0	295.46091945900116	1858.8412216795696	1	0	1	2.2498539020792223
114200.0	3000.0	1658.841221679417	0.0	0	513.1811378920538	1858.8412216795696	1	0	1	2.2498539020792223
115200.0	3000.0	1658.8412216794125	0.0	0	595.1280713985616	1858.8412216795696	1	0	1	2.2498539020792223
116200.0	3000.0	1658.8412216794147	0.0	0	601.3797217627289	1858.8412216795696	1	0	1	2.2498539020792223
117200.0	3000.0	1658.841221679414	0.0	0	169.84085155108187	1858.8412216795696	1	0	1	2.2498539020792223
118200.0	3000.0	1658.841221679423	0.0	0	11.201886646245839	1858.8412216795841	1	0	1	2.2498539020792214
119200.0	3000.0	1658.8412216794181	0.0	0	286.87145650718594	1858.8412216795841	1	0	1	2.2498539020792214
120200.0	3000.0	1658.8412216794154	0.0	0	152.02678372689115	1858.8412216795841	1	0	1	2.2498539020792214
121200.0	3000.0	1658.8412216794045	0.0	0	304.55031676964427	1858.8412216795841	1	0	1	2.2498539020792214
122200.0	3000.0	1658.8412216793938	0.0	0	454.3647424118244	1858.8412216795696	1	0	1	2.2498539020792223
123200.0	3000.0	1658.8412216793877	0.0	0	85.64461885075434	1858.8412216795696	1	0	1	2.2498539020792223
124301.09809781025	3000.0	1557.743123869129	0.0	0	0.0	1858.8412216795696	1	0	1	2.2498539020792223
125370.57551870107	3000.0	1488.2657029783084	0.0	0	0.0	1858.8412216795696	1	0	1	2.2498539020792223
126200.0	3000.0	1658.841221679373	0.0	0	111.60317230624787	1858.841221679555	1	0	1	2.2498539020792228
127200.0	3000.0	1658.8412216793577	0.0	0	121.80614207022882	1858.841221679555	1	0	1	2.2498539020792228
128200.0	3000.0	1658.841221679361	0.0	0	145.41548906719254	1858.841221679555	1	0	1	2.2498539020792228
129200.0	3000.0	1658.8412216793552	0.0	0	205.54999130962824	1858.8412216795405	1	0	1	2.249853902079224
130200.0	3000.0	1658.8412216793372	0.0	0	226.80488462561334	1858.841221679526	1	0	1	2.249853902079225
131679.40518056432	3000.0	1179.436041115026	0.0	0	0.0	1858.8412216795405	1	0	1	2.2498539020792245
132621.59336049188	3000.0	1237.2478611874828	0.0	0	0.0	1858.8412216795405	1	0	1	2.2498539020792236
133273.6050224801	3000.0	1585.2361991992782	0.0	0	0.0	1858.841221679526	1	0	1	2.249853902079225
134398.1203261958	3000.0	1460.7208954835505	0.0	0	0.0	1858.841221679526	1	0	1	2.2498539020792263
135200.0	3000.0	1658.8412216793638	0.0	0	33.47956256521866	1858.841221679526	1	0	1	2.249853902079225
136200.0	3000.0	1658.8412216793788	0.0	0	49.434183214296354	1858.841221679526	1	0	1	2.249853902079225
137200.0	3000.0	1658.8412216793945	0.0	0	51.57803556890576	1858.841221679526	1	0	1	2.249853902079225
138200.0	3000.0	1658.8412216793843	0.0	0	83.04022935460671	1858.841221679526	1	0	1	2.249853902079225
139200.0	3000.0	1658.8412216793834	0.0	0	283.03242354051326	1858.841221679526	1	0	1	2.249853902079225
140200.0	3000.0	1658.8412216793695	0.0	0	568.3449564504263	1858.841221679526	1	0	1	2.249853902079225
141200.0	3000.0	1658.8412216793736	0.0	0	668.4444122629066	1858.841221679555	1	0	1	2.2498539020792228
142200.0	3000.0	1658.8412216793963	0.0	0	671.2539283306396	1858.841221679555	1	0	1	2.2498539020792228
143200.0	3000.0	1658.8412216793686	0.0	0	439.6878816082899	1858.841221679526	1	0	1	2.249853902079225
144200.0	3000.0	1658.8412216793745	0.0	0	637.4377071441559	1858.841221679526	1	0	1	2.249853902079225
145200.0	3000.0	1658.8412216793656	0.0	0	202.70381868295954	1858.8412216794968	1	0	1	2.2498539020792268
146200.0	3000.0	1658.8412216793497	0.0	0	396.8943902537867	1858.8412216794968	1	0	1	2.2498539020792268
147200.0	3000.0	1658.8412216793654	0.0	0	444.9902261214156	1858.8412216794677	1	0	1	2.2498539020792285
148200.0	3000.0	1658.8412216793797	0.0	0	436.7250548674492	1858.8412216794968	1	0	1	2.2498539020792268
149200.0	3000.0	1658.8412216793668	0.0	0	246.92054386410746	1858.8412216794968	1	0	1	2.2498539020792268
150200.0	3000.0	1658.8412216793588	0.0	0	319.73935220512794	1858.8412216794968	1	0	1	2.2498539020792268
151200.0	3000.0	1658.8412216794022	0.0	0	305.24831427569734	1858.8412216794968	1	0	1	2.2498539020792268
152200.0	3000.0	1658.8412216793977	0.0	0	543.4933776577818	1858.8412216794677	1	0	1	2.2498539020792285
153200.0	3000.0	1658.8412216794293	0.0	0	364.0286627417663	1858.8412216794677	1	0	1	2.2498539020792285
154200.0	3000.0	1658.8412216794243	0.0	0	230.74415654013865	1858.8412216794677	1	0	1	2.2498539020792285
155200.0	3000.0	1658.8412216794356	0.0	0	55.698520863137674	1858.8412216794677	1	0	1	2.2498539020792285
156200.0	3000.0	1658.8412216794263	0.0	0	216.22396224705153	1858.8412216794677	1	0	1	2.2498539020792285
157545.76160949722	3000.0	1313.0796121821954	0.0	0	0.0	1858.8412216794677	1	0	1	2.2498539020792285
158683.50078763807	3000.0	1175.3404340413495	0.0	0	0.0	1858.8412216794677	1	0	1	2.2498539020792285
159453.88714671924	3000.0	1404.9540749601952	0.0	0	0.0	1858.8412216794386	1	0	1	2.2498539020792303
160200.0	3000.0	1658.8412216794416	0.0	0	231.18887852496118	1858.8412216794386	1	0	1	2.2498539020792303
161200.0	3000.0	1658.8412216794463	0.0	0	191.97890434612054	1858.8412216794386	1	0	1	2.2498539020792303
162491.79134437855	3000.0	1367.0498773008985	0.0	0	0.0	1858.8412216794386	1	0	1	2.2498539020792316
163325.1280361292	3000.0	1533.7131855502485	0.0	0	0.0	1858.8412216794386	1	0	1	2.2498539020792303
164278.52283154696	3000.0	1580.3183901324867	0.0	0	0.0	1858.8412216794386	1	0	1	2.2498539020792303
165200.0	3000.0	1658.8412216794266	0.0	0	409.408956079511	1858.8412216794386	1	0	1	2.2498539020792303
166200.0	3000.0	1658.8412216794322	0.0	0	328.62198057118803	1858.8412216794386	1	0	1	2.2498539020792303
167200.0	3000.0	1658.8412216794593	0.0	0	287.6303650084301	1858.8412216794677	1	0	1	2.2498539020792285
168200.0	3000.0	1658.8412216794839	0.0	0	350.5462572523393	1858.8412216794677	1	0	1	2.2498539020792285
169200.0	3000.0	1658.8412216795086	0.0	0	293.0148207608727	1858.8412216794677	1	0	1	2.2498539020792285
170200.0	3000.0	1658.8412216794868	0.0	0	411.58220764884027	1858.8412216794386	1	0	1	2.2498539020792303
171200.0	3000.0	1658.8412216794738	0.0	0	419.1172857681522	1858.8412216794677	1	0	1	2.2498539020792285
172200.0	3000.0	1658.841221679472	0.0	0	306.6099429667229	1858.8412216794677	1	0	1	2.2498539020792285
173200.0	3000.0	1658.8412216794518	0.0	0	72.25662882151664	1858.8412216794386	1	0	1	2.2498539020792303
174200.0	3000.0	1658.8412216794497	0.0	0	194.3932523529802	1858.8412216794386	1	0	1	2.2498539020792303
175200.0	3000.0	1658.8412216794566	0.0	0	126.51626831313479	1858.8412216794095	1	0	1	2.249853902079232
176200.0	3000.0	1658.8412216794975	0.0	0	34.79243654856691	1858.8412216794095	1	0	1	2.249853902079232
177200.0	3000.0	1658.8412216794623	0.0	0	127.77949947133311	1858.8412216794095	1	0	1	2.249853902079232
178200.0	3000.0	1658.8412216794918	0.0	0	217.50559993286151	1858.8412216794386	1	0	1	2.2498539020792303
179413.04734764824	3000.0	1445.7938740312577	0.0	0	0.0	1858.8412216794386	1	0	1	2.2498539020792303
180886.40199517075	3000.0	972.4392265087455	0.0	0	0.0	1858.8412216794386	1	0	1	2.2498539020792303
182094.94020050697	3000.0	763.9010211724843	0.0	0	0.0	1858.8412216794095	1	0	1	2.249853902079232
183240.7108537423	3000.0	618.1303679371576	0.0	0	0.0	1858.8412216794095	1	0	1	2.249853902079232
184006.51865705507	3000.0	852.3225646243706	0.0	0	0.0	1858.8412216794095	1	0	1	2.249853902079232
184772.83247404688	3000.0	1086.0087476325505	0.0	0	0.0	1858.8412216793804	1	0	1	2.249853902079234
185732.8724216434	3000.0	1125.968800036016	0.0	0	0.0	1858.8412216793513	1	0	1	2.249853902079235
186674.64670993737	3000.0	1184.194511742051	0.0	0	0.0	1858.8412216793513	1	0	1	2.2498539020792356
187409.2533910547	3000.0	1449.5878306247641	0.0	0	0.0	1858.8412216793804	1	0	1	2.249853902079234
188461.7436083922	3000.0	1397.0976132872634	0.0	0	0.0	1858.8412216793513	1	0	1	2.2498539020792356
189427.30716600464	3000.0	1431.5340556747944	0.0	0	0.0	1858.8412216793804	1	0	1	2.249853902079235
190498.54110383155	3000.0	1360.3001178479014	0.0	0	0.0	1858.8412216793804	1	0	1	2.249853902079234
191226.2593184723	3000.0	1632.5819032071563	0.0	0	0.0	1858.8412216793804	1	0	1	2.249853902079234
192304.72302434652	3000.0	1554.118197332913	0.0	0	0.0	1858.8412216793804	1	0	1	2.249853902079234
193200.0	3000.0	1658.8412216794477	0.0	0	152.5239477159339	1858.8412216793804	1	0	1	2.249853902079234
194200.0	3000.0	1658.8412216794597	0.0	0	307.74667397799203	1858.8412216794095	1	0	1	2.249853902079232
195200.0	3000.0	1658.841221679442	0.0	0	489.07954962868826	1858.8412216794386	1	0	1	2.2498539020792303
196200.0	3000.0	1658.8412216794525	0.0	0	401.8101032692357	1858.8412216794095	1	0	1	2.249853902079232
197242.01574691056	3000.0	1616.8254747688845	0.0	0	0.0	1858.8412216793804	1	0	1	2.249853902079234
198200.0	3000.0	1658.8412216794238	0.0	0	208.8038825679978	1858.8412216793804	1	0	1	2.249853902079234
199200.0	3000.0	1658.8412216793877	0.0	0	449.6765315507364	1858.8412216793804	1	0	1	2.249853902079234
200254.9065554978	3000.0	1603.9346661815932	0.0	0	0.0	1858.8412216793513	1	0	1	2.249853902079235
201361.67100510988	3000.0	1497.170216569501	0.0	0	0.0	1858.8412216793222	1	0	1	2.2498539020792374
202200.0	3000.0	1658.8412216793652	0.0	0	150.08226376539096	1858.8412216793513	1	0	1	2.2498539020792356
203200.0	3000.0	1658.8412216793427	0.0	0	169.31848453593557	1858.8412216793804	1	0	1	2.249853902079234
204200.0	3000.0	1658.841221679357	0.0	0	447.78610239125555	1858.8412216793804	1	0	1	2.249853902079234
205200.0	3000.0	1658.8412216793472	0.0	0	263.0110645193199	1858.8412216794095	1	0	1	2.249853902079232
206200.0	3000.0	1658.8412216793358	0.0	0	345.5075533541967	1858.8412216794095	1	0	1	2.249853902079232
207200.0	3000.0	1658.8412216793465	0.0	0	572.6599557885493	1858.8412216794386	1	0	1	2.2498539020792303
208200.0	3000.0	1658.8412216793347	0.0	0	617.0289163213165	1858.8412216794677	1	0	1	2.2498539020792285
209200.0	3000.0	1658.84122167932	0.0	0	435.5074227748264	1858.8412216794677	1	0	1	2.2498539020792285
210200.0	3000.0	1658.8412216793163	0.0	0	303.20180990966037	1858.8412216794677	1	0	1	2.2498539020792285
211200.0	3000.0	1658.8412216793186	0.0	0	628.6913223089941	1858.8412216794677	1	0	1	2.2498539020792285
212200.0	3000.0	1658.8412216793165	0.0	0	567.7541663536686	1858.8412216794677	1	0	1	2.2498539020792285
213200.0	3000.0	1658.8412216793076	0.0	0	522.0967638080474	1858.8412216794677	1	0	1	2.2498539020792285
214200.0	3000.0	1658.8412216792965	0.0	0	492.7140284256311	1858.8412216794386	1	0	1	2.2498539020792303
215200.0	3000.0	1658.8412216792915	0.0	0	423.7130183138361	1858.8412216794095	1	0	1	2.249853902079232
216200.0	3000.0	1658.8412216793236	0.0	0	598.7663939495396	1858.8412216794095	1	0	1	2.249853902079232
217200.0	3000.0	1658.841221679322	0.0	0	543.6235514722648	1858.8412216793804	1	0	1	2.249853902079234
218200.0	3000.0	1658.841221679298	0.0	0	349.9951326988521	1858.8412216794095	1	0	1	2.249853902079232
219200.0	3000.0	1658.841221679309	0.0	0	382.0143071860948	1858.8412216794386	1	0	1	2.2498539020792303
220200.0	3000.0	1658.8412216792824	0.0	0	568.9200383457937	1858.8412216794677	1	0	1	2.2498539020792285
221200.0	3000.0	1658.8412216792879	0.0	0	261.9846838139638	1858.8412216794677	1	0	1	2.2498539020792285
222200.0	3000.0	1658.841221679305	0.0	0	380.4400975123863	1858.8412216794677	1	0	1	2.2498539020792285
223200.0	3000.0	1658.8412216793304	0.0	0	232.9283195504977	1858.8412216794677	1	0	1	2.2498539020792285
224362.18532592306	3000.0	1496.6558957562438	0.0	0	0.0	1858.8412216794677	1	0	1	2.2498539020792285
225200.0	3000.0	1658.8412216793097	0.0	0	166.21386156708468	1858.8412216794677	1	0	1	2.2498539020792285
226200.0	3000.0	1658.8412216793013	0.0	0	539.7902567351703	1858.8412216794677	1	0	1	2.2498539020792285
227200.0	3000.0	1658.8412216793379	0.0	0	502.53680444159545	1858.8412216794386	1	0	1	2.2498539020792303
228200.0	3000.0	1658.8412216793124	0.0	0	542.883216120099	1858.8412216794386	1	0	1	2.2498539020792303
229200.0	3000.0	1658.84122167932	0.0	0	433.0336472139461	1858.8412216794386	1	0	1	2.2498539020792303
230200.0	3000.0	1658.8412216793306	0.0	0	352.1796603783441	1858.8412216794095	1	0	1	2.249853902079232
231200.0	3000.0	1658.841221679348	0.0	0	604.1595760487544	1858.8412216793804	1	0	1	2.249853902079234
232200.0	3000.0	1658.841221679349	0.0	0	77.12787417162326	1858.8412216794095	1	0	1	2.249853902079232
233200.0	3000.0	1658.8412216793174	0.0	0	470.74473980240873	1858.8412216793804	1	0	1	2.249853902079234
234200.0	3000.0	1658.8412216793317	0.0	0	599.0598620249948	1858.8412216794095	1	0	1	2.249853902079232
235200.0	3000.0	1658.8412216793256	0.0	0	498.1277075786784	1858.8412216794095	1	0	1	2.249853902079232
236205.9266343121	3000.0	1652.9145873672257	0.0	0	0.0	1858.8412216794095	1	0	1	2.249853902079232
237200.0	3000.0	1658.841221679302	0.0	0	393.9368922729918	1858.8412216794095	1	0	1	2.249853902079232
238200.0	3000.0	1658.8412216793172	0.0	0	425.939419063885	1858.8412216794386	1	0	1	2.2498539020792303
239200.0	3000.0	1658.8412216792894	0.0	0	387.26931492667063	1858.8412216794386	1	0	1	2.2498539020792303
240200.0	3000.0	1658.8412216792924	0.0	0	529.2988380505703	1858.8412216794386	1	0	1	2.2498539020792303
241200.0	3000.0	1658.8412216793113	0.0	0	691.8349563044612	1858.8412216794677	1	0	1	2.2498539020792285
242200.0	3000.0	1658.8412216793258	0.0	0	617.2502732923022	1858.8412216794677	1	0	1	2.2498539020792285
243200.0	3000.0	1658.8412216793358	0.0	0	446.5113868008775	1858.8412216794677	1	0	1	2.2498539020792285
244200.0	3000.0	1658.8412216793758	0.0	0	442.78430910242605	1858.8412216794677	1	0	1	2.2498539020792285
245200.0	3000.0	1658.8412216793367	0.0	0	485.6943135437323	1858.8412216794386	1	0	1	2.2498539020792303
246200.0	3000.0	1658.8412216793527	0.0	0	163.04790811403655	1858.8412216794386	1	0	1	2.2498539020792303
247200.0	3000.0	1658.8412216793683	0.0	0	324.051654098148	1858.8412216794386	1	0	1	2.2498539020792303
248200.0	3000.0	1658.8412216794002	0.0	0	523.9016990176169	1858.8412216794386	1	0	1	2.2498539020792303
249200.0	3000.0	1658.8412216793968	0.0	0	0.640111278713448	1858.8412216794386	1	0	1	2.2498539020792303
250292.92804089555	3000.0	1565.9131807838608	0.0	0	0.0	1858.8412216794677	1	0	1	2.2498539020792285
251200.0	3000.0	1658.841221679406	0.0	0	153.3726036750013	1858.8412216794677	1	0	1	2.2498539020792285
252200.0	3000.0	1658.8412216794175	0.0	0	333.98291247797897	1858.8412216794677	1	0	1	2.2498539020792285
253200.0	3000.0	1658.8412216794277	0.0	0	443.7181048929633	1858.8412216794968	1	0	1	2.2498539020792268
254200.0	3000.0	1658.8412216794368	0.0	0	271.4506671993586	1858.8412216794968	1	0	1	2.2498539020792268
255200.0	3000.0	1658.8412216794025	0.0	0	515.1587569215044	1858.8412216794968	1	0	1	2.2498539020792268
256331.4816933889	3000.0	1527.3595282905383	0.0	0	0.0	1858.8412216794968	1	0	1	2.2498539020792268
257200.0	3000.0	1658.8412216794204	0.0	0	261.6365046922292	1858.841221679526	1	0	1	2.249853902079225
258200.0	3000.0	1658.8412216794343	0.0	0	353.40085898400866	1858.841221679555	1	0	1	2.2498539020792228
259200.0	3000.0	1658.841221679458	0.0	0	518.3828261755407	1858.8412216795841	1	0	1	2.2498539020792214
260200.0	3000.0	1658.8412216794443	0.0	0	32.13355101097841	1858.8412216795841	1	0	1	2.2498539020792214
261200.0	3000.0	1658.8412216794788	0.0	0	309.1828121386352	1858.8412216795841	1	0	1	2.2498539020792214
262200.0	3000.0	1658.8412216794775	0.0	0	408.3259714017331	1858.8412216795841	1	0	1	2.2498539020792214
263200.0	3000.0	1658.84122167946	0.0	0	451.42531850235537	1858.8412216795841	1	0	1	2.2498539020792223
264200.0	3000.0	1658.8412216795134	0.0	0	556.7830536035472	1858.8412216795841	1	0	1	2.249853902079222
265200.0	3000.0	1658.8412216795641	0.0	0	540.0256724982755	1858.8412216795841	1	0	1	2.2498539020792214
266200.0	3000.0	1658.8412216795869	0.0	0	409.1455923705362	1858.8412216796423	1	0	1	2.249853902079218
267200.0	3000.0	1658.8412216796148	0.0	0	132.13390897226054	1858.8412216796423	1	0	1	2.249853902079218
268200.0	3000.0	1658.8412216796078	0.0	0	81.3009337943513	1858.8412216795841	1	0	1	2.2498539020792214
269200.0	3000.0	1658.841221679596	0.0	0	137.86153139988892	1858.841221679526	1	0	1	2.249853902079225
270200.0	3000.0	1658.8412216796341	0.0	0	397.3591421786696	1858.8412216794677	1	0	1	2.2498539020792285
271200.0	3000.0	1658.8412216796844	0.0	0	403.6470272811712	1858.8412216794677	1	0	1	2.2498539020792285
272200.0	3000.0	1658.8412216796655	0.0	0	231.22233756870264	1858.841221679526	1	0	1	2.249853902079225
273200.0	3000.0	1658.8412216796771	0.0	0	166.33299411879852	1858.8412216794677	1	0	1	2.2498539020792285
274200.0	3000.0	1658.8412216796778	0.0	0	348.3745252288645	1858.8412216794677	1	0	1	2.2498539020792285
275200.0	3000.0	1658.8412216796744	0.0	0	460.8295747251832	1858.8412216794095	1	0	1	2.249853902079232
276200.0	3000.0	1658.8412216797117	0.0	0	73.85753187013324	1858.8412216794095	1	0	1	2.249853902079232
277200.0	3000.0	1658.8412216797226	0.0	0	132.55783237476135	1858.8412216794095	1	0	1	2.249853902079232
278200.0	3000.0	1658.841221679704	0.0	0	143.60470095498022	1858.8412216794095	1	0	1	2.249853902079232
279200.0	3000.0	1658.8412216796878	0.0	0	17.164679609413724	1858.8412216794095	1	0	1	2.249853902079232
280672.52235778177	3000.0	1186.31886389797	0.0	0	0.0	1858.8412216794095	1	0	1	2.249853902079232
281500.88194712094	3000.0	1357.9592745588643	0.0	0	0.0	1858.8412216794095	1	0	1	2.249853902079232
282546.0355433529	3000.0	1312.8056783269044	0.0	0	0.0	1858.8412216794095	1	0	1	2.249853902079232
283401.1857810787	3000.0	1457.6554406010855	0.0	0	0.0	1858.8412216794095	1	0	1	2.249853902079232
284500.7451058833	3000.0	1358.096115796497	0.0	0	0.0	1858.8412216794095	1	0	1	2.249853902079232
285540.7476735077	3000.0	1318.0935481720326	0.0	0	0.0	1858.8412216794095	1	0	1	2.249853902079232
286211.4894569975	3000.0	1647.3517646822236	0.0	0	0.0	1858.8412216794095	1	0	1	2.249853902079232
287273.2138153357	3000.0	1585.6274063440594	0.0	0	0.0	1858.8412216794677	1	0	1	2.2498539020792285
288200.0	3000.0	1658.8412216798013	0.0	0	146.4597266523051	1858.841221679526	1	0	1	2.249853902079225
289200.0	3000.0	1658.84122167975	0.0	0	523.2271345704794	1858.841221679526	1	0	1	2.249853902079225
290200.0	3000.0	1658.8412216798022	0.0	0	459.477300384664	1858.841221679526	1	0	1	2.249853902079225
291200.0	3000.0	1658.8412216797674	0.0	0	674.2180225643096	1858.8412216794677	1	0	1	2.2498539020792285
292200.0	3000.0	1658.841221679701	0.0	0	611.4449265681906	1858.8412216794095	1	0	1	2.249853902079232
293200.0	3000.0	1658.8412216797087	0.0	0	366.110595786653	1858.8412216794095	1	0	1	2.249853902079232
294200.0	3000.0	1658.8412216796687	0.0	0	371.7257077845861	1858.8412216794095	1	0	1	2.249853902079232
295200.0	3000.0	1658.8412216795975	0.0	0	212.01723818527535	1858.8412216793513	1	0	1	2.2498539020792356
296200.0	3000.0	1658.841221679606	0.0	0	167.353419195686	1858.841221679293	1	0	1	2.249853902079239
297200.0	3000.0	1658.8412216795894	0.0	0	121.28443232428981	1858.841221679293	1	0	1	2.249853902079239
298200.0	3000.0	1658.8412216795718	0.0	0	334.22097700694576	1858.841221679293	1	0	1	2.249853902079239
299200.0	3000.0	1658.841221679566	0.0	0	352.628600959084	1858.8412216793513	1	0	1	2.2498539020792356
300200.0	3000.0	1658.8412216796469	0.0	0	280.69496284169145	1858.8412216793513	1	0	1	2.2498539020792356
3.98	4.16	3.98	2.51	2.58	4.24	5.78	2.88	2.49	3.87	3.54	5.27	4.61	5.86	5.78	5.03	4.31	4.09	3.13	3.34	4.0	3.65	4.0	4.16	5.27	2.42	1.84	3.05	2.2	3.2	4.48	3.29	3.44	3.61	3.63	4.02	2.81	3.34	3.09	4.37	6.01	6.75	3.2	3.68	5.47	6.83	3.43	2.05	3.68	4.0	4.8	4.74	4.97	6.36	6.52	4.34	5.26	7.21	9.8	6.36	3.96	8.32	6.58	4.52	4.41	5.5	7.43	4.43	4.71	4.25	2.85	4.46	6.3	7.52	7.15	6.6	5.39	6.81	3.34	5.8	6.78	4.01	3.83	4.6	4.46	6.65	9.15	9.79	5.94	7.05	5.21	5.17	3.82	5.9	4.78	3.85	2.97	5.11	5.19	5.64	5.76	4.67	3.24	4.53	6.1	5.88	2.39	4.05	4.97	6.29	8.53	6.59	3.7	3.59	3.53	4.89	6.06	6.95	2.63	3.83	3.44	5.35	2.18	3.85	4.24	3.13	2.4	3.36	4.08	3.19	3.52	3.73	3.95	3.45	5.4	6.12	8.48	8.79	7.09	6.44	4.47	3.65	5.32	4.38	3.65	4.24	5.5	5.76	4.43	5.51	3.98	4.16	3.98	2.51	2.58	4.24	5.78	2.88	2.49	3.87	3.54	5.27	4.61	5.86	5.78	5.03	4.31	4.09	3.13	3.34	4.0	3.65	4.0	4.16	5.27	2.42	1.84	3.05	2.2	3.2	4.48	3.29	3.44	3.61	3.63	4.02	2.81	3.34	3.09	4.37	6.01	6.75	3.2	3.68	5.47	6.83	3.43	2.05	3.68	4.0	4.8	4.74	4.97	6.36	6.52	4.34	5.26	7.21	9.8	6.36	3.96	8.32	6.58	4.52	4.41	5.5	7.43	4.43	4.71	4.25	2.85	4.46	6.3	7.52	7.15	6.6	5.39	6.81	3.34	5.8	6.78	4.01	3.83	4.6	4.46	6.65	9.15	9.79	5.94	7.05	5.21	5.17	3.82	5.9	4.78	3.85	2.97	5.11	5.19	5.64	5.76	4.67	3.24	4.53	6.1	5.88	2.39	4.05	4.97	6.29	8.53	6.59	3.7	3.59	3.53	4.89	6.06	6.95	2.63	3.83	3.44	5.35	2.18	3.85	4.24	3.13	2.4	3.36	4.08	3.19	3.52	3.73	3.95	3.45	5.4	6.12	8.48	8.79	7.09	6.44	4.47	3.65	5.32	4.38	3.65	4.24	5.5	5.76	4.43	5.51
1.0	2.0	3.0	4.0	5.0	6.0	7.0	8.0	9.0	10.0	11.0	12.0	13.0	14.0	15.0	16.0	17.0	18.0	19.0	20.0	21.0	22.0	23.0	24.0	25.0	26.0	27.0	28.0	29.0	30.0	31.0	32.0	33.0	34.0	35.0	36.0	37.0	38.0	39.0	40.0	41.0	42.0	43.0	44.0	45.0	46.0	47.0	48.0	49.0	50.0	51.0	52.0	53.0	54.0	55.0	56.0	57.0	58.0	59.0	60.0	61.0	62.0	63.0	64.0	65.0	66.0	67.0	68.0	69.0	70.0	71.0	72.0	73.0	74.0	75.0	76.0	77.0	78.0	79.0	80.0	81.0	82.0	83.0	84.0	85.0	86.0	87.0	88.0	89.0	90.0	91.0	92.0	93.0	94.0	95.0	96.0	97.0	98.0	99.0	100.0	101.0	102.0	103.0	104.0	105.0	106.0	107.0	108.0	109.0	110.0	111.0	112.0	113.0	114.0	115.0	116.0	117.0	118.0	119.0	120.0	121.0	122.0	123.0	124.0	125.0	126.0	127.0	128.0	129.0	130.0	131.0	132.0	133.0	134.0	135.0	136.0	137.0	138.0	139.0	140.0	141.0	142.0	143.0	144.0	145.0	146.0	147.0	148.0	149.0	149.0	150.0	151.0	152.0	153.0	154.0	155.0	156.0	157.0	158.0	159.0	160.0	161.0	162.0	163.0	164.0	165.0	166.0	167.0	168.0	169.0	170.0	171.0	172.0	173.0	174.0	175.0	176.0	177.0	178.0	179.0	180.0	181.0	182.0	183.0	184.0	185.0	186.0	187.0	188.0	189.0	190.0	191.0	192.0	193.0	194.0	195.0	196.0	197.0	198.0	199.0	200.0	201.0	202.0	203.0	204.0	205.0	206.0	207.0	208.0	209.0	210.0	211.0	212.0	213.0	214.0	215.0	216.0	217.0	218.0	219.0	220.0	221.0	222.0	223.0	224.0	225.0	226.0	227.0	228.0	229.0	230.0	231.0	232.0	233.0	234.0	235.0	236.0	237.0	238.0	239.0	240.0	241.0	242.0	243.0	244.0	245.0	246.0	247.0	248.0	249.0	250.0	251.0	252.0	253.0	254.0	255.0	256.0	257.0	258.0	259.0	260.0	261.0	262.0	263.0	264.0	265.0	266.0	267.0	268.0	269.0	270.0	271.0	272.0	273.0	274.0	275.0	276.0	277.0	278.0	279.0	280.0	281.0	282.0	283.0	284.0	285.0	286.0	287.0	288.0	289.0	290.0	291.0	292.0	293.0	294.0	295.0	296.0	297.0	298.0	298.0
4350.229254081732
