6090.79701515069	300.0	2000.0	98.57061706271662	0	0.0	6090.79701515069	1	0	1	-2.655251717753948
6197.078006601498	300.0	2893.719008549192	0.0	0	0.0	6090.79701515069	1	0	1	-2.0808441956159434
6356.776146099125	500.0	3718.051055101801	0.0	0	0.0	6074.827201200926	1	0	2	-2.4684536520792357
6649.844047824656	1000.0	4395.676363203716	0.0	0	0.0	6045.520411028372	1	0	2	-1.7315316504532041
6796.910493300519	500.0	5233.903273180266	0.0	0	0.0	6030.8137664807855	1	0	2	-2.406508960373896
7200.0	500.0	5790.5048158108375	0.0	0	249.240122963035	5990.504815810838	1	0	2	-1.6911783642288445
8200.0	1000.0	5690.504815810837	0.0	0	771.5530336574984	5890.504815810838	1	0	2	-1.609830528845059
9200.0	3000.0	5590.504815810836	0.0	0	469.0056642331292	5790.504815810837	1	0	2	-0.8164599422942553
10313.396113228891	6000.0	5365.769091259054	0.0	0	0.0	5679.165204487947	1	0	2	0.4069658509072137
11252.00855427703	6000.0	5333.295406106098	0.0	0	0.0	5585.30396038313	1	0	2	1.1897184513639356
12269.957428899941	6000.0	5213.551644020898	0.0	0	0.0	5483.5090729208405	1	0	2	1.288277534231419
13488.665547396258	6000.0	4872.972713674949	0.0	0	0.0	5361.638261071209	1	0	2	1.3977989633465997
14682.811495606915	6000.0	4559.412170643225	0.0	0	0.0	5242.223666250142	1	0	2	1.4983029222817805
16048.34818520603	6000.0	4057.3218120841966	0.0	0	0.0	5105.669997290224	1	0	2	1.6146220931312756
17482.97896478171	6000.0	3479.2279545509546	0.0	0	0.0	4962.206919332659	1	0	2	1.722643550564692
19024.30986867609	6000.0	2783.763960267139	0.0	0	0.0	4808.073828943221	1	0	2	1.8479349583809528
19767.594106635377	6000.0	2966.1512985119257	0.0	0	0.0	4733.745405147296	1	0	2	1.9137187716430883
21379.337539279473	6000.0	2193.2335226034193	0.0	0	0.0	4572.571061882885	1	0	2	2.0019398130788453
22876.905333045084	6000.0	1545.9089494612463	0.0	0	0.0	4422.814282506326	1	0	2	2.0987435397472662
23711.032094906266	6000.0	1628.3695114139516	0.0	0	0.0	4339.401606320214	1	0	2	2.1549817949927155
25132.495100095206	6000.0	1064.7602057061176	0.0	0	0.0	4197.255305801325	1	0	2	2.2233466711527985
25984.96189712885	6000.0	1127.0467289691107	0.0	0	0.0	4112.008626097962	1	0	2	2.2700626584426478
26414.544014410698	3000.0	1654.5063999590807	0.0	0	0.0	4069.05041436978	1	0	2	0.9079242535582945
26819.771821846538	3000.0	2208.7558117796552	0.0	0	0.0	4028.527633626196	1	0	2	1.6190562043318222
27408.68337363729	6000.0	2560.953104809825	0.0	0	0.0	3969.636478447115	1	0	2	1.6424605573923534
28288.63692805567	6000.0	2593.0041949496144	0.0	0	0.0	3881.64112300528	1	0	2	2.3668020580724956
29183.50792840109	6000.0	2608.6460945696476	0.0	0	0.0	3792.1540229707352	1	0	2	2.3989868405935058
30772.489738730914	6000.0	1860.7661032068424	0.0	0	0.0	3633.2558419377565	1	0	2	2.4512687228898127
32348.9983969267	6000.0	1126.6065791914764	0.0	0	0.0	3475.604976118182	1	0	2	2.496353676600843
33846.24092282832	6000.0	629.3640532898493	0.0	0	0.0	3475.604976118175	1	0	1	2.5089603853336575
34253.14180152768	3000.0	1222.4631745904871	0.0	0	0.0	3475.6049761181675	1	0	1	1.3226660242137693
34769.272945612945	3000.0	1654.7189160967027	0.0	0	0.0	3423.991861709648	1	0	2	1.6262120155509403
35315.02774119262	3000.0	2054.3886409590577	0.0	0	0.0	3369.4163821516813	1	0	2	1.8400823367135635
35649.816382089775	3000.0	2686.1211359721897	0.0	0	0.0	3335.937518061968	1	0	2	1.8500409178276016
36300.60576603103	6000.0	3035.3317520309356	0.0	0	0.0	3335.937518061961	1	0	1	1.8519653938632117
37200.0	6000.0	3135.93751806197	0.0	0	34.805601301377465	3335.9375180619536	1	0	1	2.745112574423158
38272.07021834887	6000.0	3063.867299713104	0.0	0	0.0	3335.9375180619536	1	0	1	2.745112574423159
39613.82444015209	6000.0	2722.1130779098844	0.0	0	0.0	3335.9375180619536	1	0	1	2.745112574423159
41637.475243725145	6000.0	1698.46227433683	0.0	0	0.0	3335.9375180619536	1	0	1	2.745112574423159
44360.43495972127	6000.0	200.0	224.49744165929718	0	0.0	3560.4349597212713	1	0	1	1.358059354165517
45251.10235077934	3000.0	527.9299164025316	218.59730746059873	0	0.0	3779.032267181872	1	0	1	-0.08378871220760087
45828.08962830311	3000.0	893.2439111263934	0.0	0	0.0	3721.333539429499	1	0	2	1.535802775340187
46570.71716047603	3000.0	1076.3536257361723	0.0	0	0.0	3647.0707862122	1	0	2	1.7590679593778815
46995.984380750735	3000.0	1608.5596834339872	0.0	0	0.0	3604.5440641847163	1	0	2	1.7755734176801055
47401.61609738518	3000.0	2202.9279667995447	0.0	0	0.0	3604.5440641847163	1	0	1	1.7783961413501657
47844.57760551067	3000.0	2715.670307861507	0.0	0	0.0	3560.2479133721718	1	0	2	1.5882903173898857
48420.68138695874	3000.0	3081.9561482686327	0.0	0	0.0	3502.637535227368	1	0	2	1.8041723517500836
49708.23349037238	6000.0	2665.6488345136304	0.0	0	0.0	3373.8823248860062	1	0	2	1.8320956335414318
50949.869429812665	6000.0	2299.8493011293244	0.0	0	0.0	3249.7187309419824	1	0	2	2.5575607467205064
52006.58314782226	3000.0	2243.1355831197325	0.0	0	0.0	3249.7187309419824	1	0	1	1.1790453365836209
53009.978867824226	3000.0	2239.7398631177675	0.0	0	0.0	3249.7187309419824	1	0	1	2.072192517143566
53643.91341594686	3000.0	2605.805314995135	0.0	0	0.0	3249.7187309419824	1	0	1	2.072192517143566
54726.7296015651	3000.0	2522.9891293768915	0.0	0	0.0	3249.7187309419824	1	0	1	2.072192517143566
55431.89016630363	3000.0	2817.828564638356	0.0	0	0.0	3249.718730941975	1	0	1	2.072192517143568
56200.0	3000.0	3049.7187309419883	0.0	0	13.22143831570429	3249.718730941975	1	0	1	2.072192517143568
57200.0	3000.0	3049.7187309419883	0.0	0	368.7041747007461	3249.718730941975	1	0	1	2.072192517143568
58200.0	3000.0	3049.718730941986	0.0	0	196.0964580100699	3249.718730941975	1	0	1	2.072192517143568
59200.0	3000.0	3049.7187309419874	0.0	0	43.79903094435576	3249.718730941975	1	0	1	2.072192517143568
60200.0	3000.0	2949.718730941975	0.0	0	152.18552979498781	3149.7187309419605	1	0	2	1.686842825036883
61200.0	3000.0	2849.718730941973	0.0	0	353.4191414205925	3049.7187309419533	1	0	2	1.9064808315518982
62200.0	3000.0	2749.718730941961	0.0	0	327.9858273956561	2949.7187309419533	1	0	2	1.9250499391612248
63200.0	3000.0	2649.718730941957	0.0	0	508.3345726671323	2849.718730941946	1	0	2	1.9418368306848794
64200.0	3000.0	2649.7187309419514	0.0	0	580.4017391287707	2849.718730941946	1	0	1	1.9481547982339988
65200.0	3000.0	2649.718730941954	0.0	0	101.84183760805172	2849.7187309419533	1	0	1	2.148154798233998
66200.0	3000.0	2649.718730941954	0.0	0	329.0269339643419	2849.718730941946	1	0	1	2.1481547982339992
67200.0	3000.0	2649.7187309419555	0.0	0	187.87687069000094	2849.718730941946	1	0	1	2.1481547982339992
68200.0	3000.0	2649.718730941956	0.0	0	297.4610184625926	2849.718730941946	1	0	1	2.1481547982339997
69335.7318314068	3000.0	2513.986899535158	0.0	0	0.0	2849.7187309419533	1	0	1	2.148154798233998
70200.0	3000.0	2649.718730941939	0.0	0	57.83322142242105	2849.7187309419387	1	0	1	2.148154798234
71200.0	3000.0	2649.7187309419387	0.0	0	467.2399698727095	2849.7187309419387	1	0	1	2.148154798234
72200.0	3000.0	2649.71873094193	0.0	0	370.29015006181726	2849.7187309419533	1	0	1	2.148154798233998
73200.0	3000.0	2549.7187309419146	0.0	0	468.9923494425311	2749.718730941924	1	0	2	1.7574627237576332
74200.0	3000.0	2449.718730941915	0.0	0	431.72574158855423	2649.7187309419096	1	0	2	1.9717278746434088
75200.0	3000.0	2449.718730941899	0.0	0	329.2875776831643	2649.718730941895	1	0	1	1.976931766217821
76200.0	3000.0	2449.718730941895	0.0	0	384.2339019792853	2649.7187309418805	1	0	1	2.176931766217823
77200.0	3000.0	2449.7187309418714	0.0	0	437.75155879335944	2649.7187309418805	1	0	1	2.176931766217823
78200.0	3000.0	2449.7187309418673	0.0	0	507.4114128907968	2649.718730941895	1	0	1	2.1769317662178214
79200.0	3000.0	2449.718730941867	0.0	0	558.6988851461938	2649.718730941895	1	0	1	2.1769317662178214
81470.45447257979	6000.0	1179.264258362086	0.0	0	0.0	2649.718730941895	1	0	1	2.176931766217821
82660.2388939115	3000.0	989.4798370303729	0.0	0	0.0	2649.718730941895	1	0	1	1.4837845856578762
83333.61957261908	3000.0	1316.099158322804	0.0	0	0.0	2649.718730941895	1	0	1	2.1769317662178214
83876.60806734978	3000.0	1773.1106635920953	0.0	0	0.0	2649.718730941895	1	0	1	2.1769317662178214
84386.88392247143	3000.0	2262.834808470448	0.0	0	0.0	2649.7187309419096	1	0	1	2.1769317662178196
85200.0	3000.0	2449.7187309419023	0.0	0	303.3884531563235	2649.7187309419096	1	0	1	2.1769317662178196
86200.0	3000.0	2449.7187309419046	0.0	0	364.35449504331336	2649.718730941924	1	0	1	2.1769317662178174
87200.0	3000.0	2449.7187309418873	0.0	0	59.47068691984168	2649.7187309419096	1	0	1	2.1769317662178196
88200.0	3000.0	2349.7187309418723	0.0	0	448.9135277938185	2549.7187309419096	1	0	2	1.7847071560594874
89200.0	3000.0	2349.7187309418728	0.0	0	226.2024062149867	2549.7187309419096	1	0	1	1.9894336959412773
90200.0	3000.0	2349.718730941882	0.0	0	311.5382922394929	2549.7187309419096	1	0	1	2.1894336959412772
91200.0	3000.0	2349.7187309418764	0.0	0	398.0440587576595	2549.718730941895	1	0	1	2.1894336959412795
92200.0	3000.0	2349.7187309418655	0.0	0	500.43516608228674	2549.718730941895	1	0	1	2.1894336959412795
93200.0	3000.0	2349.7187309418528	0.0	0	264.9492563677486	2549.718730941895	1	0	1	2.1894336959412795
94324.6981879299	3000.0	2225.020543011952	0.0	0	0.0	2549.7187309419096	1	0	1	2.1894336959412772
95200.0	3000.0	2349.718730941844	0.0	0	266.5994887225388	2549.7187309419096	1	0	1	2.1894336959412772
96200.0	3000.0	2349.7187309418237	0.0	0	131.61236156865198	2549.718730941895	1	0	1	2.1894336959412795
97200.0	3000.0	2349.7187309418177	0.0	0	418.0408918269386	2549.718730941895	1	0	1	2.1894336959412795
98200.0	3000.0	2249.718730941823	0.0	0	420.4032956142182	2449.7187309419096	1	0	2	1.7965648067332363
99200.0	3000.0	2249.718730941828	0.0	0	539.70630929248	2449.7187309419096	1	0	1	2.0008158242655747
100200.0	3000.0	2249.718730941835	0.0	0	503.6072882612789	2449.7187309419096	1	0	1	2.200815824265575
101200.0	3000.0	2249.718730941827	0.0	0	595.5564156342152	2449.7187309419096	1	0	1	2.200815824265575
102202.68514473585	3000.0	2247.0335862059883	0.0	0	294.7497322673007	2449.7187309419096	1	0	1	2.200815824265575
104321.4164895021	6000.0	1128.3022414397308	0.0	0	0.0	2449.7187309419096	1	0	1	2.200815824265575
104884.16217820923	3000.0	1565.5565527326023	0.0	0	0.0	2449.7187309419096	1	0	1	1.50766864370563
105396.46961225705	3000.0	2053.2491186847783	0.0	0	0.0	2449.7187309419096	1	0	1	2.200815824265575
106200.0	3000.0	2249.718730941823	0.0	0	151.9561853218911	2449.7187309419096	1	0	1	2.200815824265575
107200.0	3000.0	2249.7187309418177	0.0	0	269.3391347540746	2449.7187309419096	1	0	1	2.200815824265575
108200.0	3000.0	2249.718730941826	0.0	0	349.87091048910224	2449.718730941924	1	0	1	2.2008158242655735
109200.0	3000.0	2249.7187309418346	0.0	0	310.5189217093139	2449.718730941924	1	0	1	2.2008158242655735
110289.67716878779	3000.0	2160.0415621540383	0.0	0	0.0	2449.718730941924	1	0	1	2.2008158242655735
111200.0	3000.0	2249.7187309418314	0.0	0	42.03744489638484	2449.718730941924	1	0	1	2.2008158242655735
112200.0	3000.0	2249.7187309418255	0.0	0	269.15455464327533	2449.7187309419387	1	0	1	2.2008158242655718
113200.0	3000.0	2249.7187309418177	0.0	0	47.68562614584516	2449.7187309419387	1	0	1	2.2008158242655718
114200.0	3000.0	2249.718730941812	0.0	0	163.17925028922036	2449.7187309419387	1	0	1	2.2008158242655718
115200.0	3000.0	2249.7187309418123	0.0	0	185.44032658026845	2449.718730941924	1	0	1	2.2008158242655735
116200.0	3000.0	2249.7187309418214	0.0	0	239.137413224802	2449.718730941924	1	0	1	2.2008158242655735
117200.0	3000.0	2249.718730941819	0.0	0	240.46430736659386	2449.718730941924	1	0	1	2.2008158242655735
118200.0	3000.0	2249.7187309418214	0.0	0	381.41829453673563	2449.718730941924	1	0	1	2.2008158242655735
119200.0	3000.0	2249.718730941825	0.0	0	119.61272633470071	2449.718730941924	1	0	1	2.2008158242655735
120200.0	3000.0	2249.718730941827	0.0	0	220.58014532610832	2449.718730941924	1	0	1	2.2008158242655735
121200.0	3000.0	2249.7187309418264	0.0	0	288.1521144563885	2449.718730941924	1	0	1	2.2008158242655735
122375.34281790852	3000.0	2074.3759130333174	0.0	0	0.0	2449.718730941924	1	0	1	2.2008158242655735
123249.68879362375	3000.0	2200.0299373180997	0.0	0	0.0	2449.718730941924	1	0	1	2.2008158242655735
124200.0	3000.0	2249.7187309418514	0.0	0	35.523054416509694	2449.718730941924	1	0	1	2.2008158242655735
125200.0	3000.0	2249.7187309418505	0.0	0	47.88727145365556	2449.718730941924	1	0	1	2.2008158242655735
126200.0	3000.0	2249.718730941846	0.0	0	409.43035271481494	2449.7187309419387	1	0	1	2.2008158242655718
127200.0	3000.0	2249.718730941842	0.0	0	455.90782556710474	2449.7187309419387	1	0	1	2.2008158242655718
128200.0	3000.0	2249.7187309418273	0.0	0	435.92283519072225	2449.7187309419387	1	0	1	2.2008158242655718
129200.0	3000.0	2249.7187309418305	0.0	0	302.4982044179487	2449.7187309419387	1	0	1	2.2008158242655718
130200.0	3000.0	2249.7187309418327	0.0	0	342.08029096759856	2449.718730941924	1	0	1	2.2008158242655735
131200.0	3000.0	2249.718730941828	0.0	0	407.80190308534657	2449.718730941924	1	0	1	2.200815824265572
132200.0	3000.0	2249.7187309418364	0.0	0	264.2183130416961	2449.7187309419533	1	0	1	2.200815824265571
133200.0	3000.0	2249.7187309418314	0.0	0	321.19156567094615	2449.718730941968	1	0	1	2.20081582426557
134200.0	3000.0	2249.7187309418	0.0	0	692.1279503390833	2449.7187309419387	1	0	1	2.2008158242655713
135200.0	3000.0	2249.718730941774	0.0	0	672.5885555913555	2449.7187309419387	1	0	1	2.2008158242655718
136200.0	6000.0	2249.7187309418014	0.0	0	387.0668735631043	2449.7187309419387	1	0	1	2.2008158242655718
137200.0	6000.0	2249.7187309418077	0.0	0	275.4984938732523	2449.718730941968	1	0	1	2.893963004825513
138204.06054156905	6000.0	2245.658189372771	0.0	0	0.0	2449.718730941968	1	0	1	2.893963004825513
139579.84139169208	6000.0	1869.8773392497667	0.0	0	0.0	2449.718730941968	1	0	1	2.893963004825513
140920.51282992412	6000.0	1529.205901017741	0.0	0	0.0	2449.718730941968	1	0	1	2.893963004825513
142580.8561942434	6000.0	868.8625366984845	0.0	0	0.0	2449.718730941968	1	0	1	2.893963004825513
143300.59867266173	6000.0	1149.1200582801341	0.0	0	0.0	2449.718730941968	1	0	1	2.893963004825513
144068.1624163718	6000.0	1381.5563145700407	0.0	0	0.0	2449.718730941968	1	0	1	2.893963004825513
145031.4780596253	6000.0	1418.2406713164835	0.0	0	0.0	2449.7187309419387	1	0	1	2.8939630048255167
146385.79172234735	6000.0	1063.9270085944459	0.0	0	0.0	2449.7187309419387	1	0	1	2.8939630048255167
147838.73650409275	6000.0	610.9822268490628	0.0	0	0.0	2449.7187309419387	1	0	1	2.8939630048255167
148399.38811877748	3000.0	1050.3306121643077	0.0	0	0.0	2449.7187309419387	1	0	1	1.5076686437056268
148876.0515766732	3000.0	1573.6671542686038	0.0	0	0.0	2449.7187309419387	1	0	1	2.2008158242655718
150110.4814588042	6000.0	1339.23727213761	0.0	0	0.0	2449.718730941968	1	0	1	2.200815824265568
150997.05885699147	3000.0	1452.659873950323	0.0	0	0.0	2449.718730941968	1	0	1	1.5076686437056237
152094.55304519954	3000.0	1355.1656857422347	0.0	0	0.0	2449.718730941968	1	0	1	2.2008158242655687
153147.6266081105	3000.0	1302.0921228313032	0.0	0	0.0	2449.718730941968	1	0	1	2.2008158242655687
153995.14667920445	3000.0	1454.5720517373745	0.0	0	0.0	2449.718730941968	1	0	1	2.2008158242655687
154675.41667431072	3000.0	1774.3020566310774	0.0	0	0.0	2449.7187309419387	1	0	1	2.2008158242655718
155204.8798022859	3000.0	2244.838928655886	0.0	0	0.0	2449.7187309419387	1	0	1	2.2008158242655718
156200.0	3000.0	2249.718730941756	0.0	0	357.7612492388871	2449.7187309419387	1	0	1	2.2008158242655718
157200.0	3000.0	2249.7187309417745	0.0	0	389.5309186488448	2449.718730941968	1	0	1	2.2008158242655687
158200.0	3000.0	2249.7187309417973	0.0	0	461.66698420298053	2449.718730941968	1	0	1	2.2008158242655687
159200.0	3000.0	2249.7187309417964	0.0	0	458.8548716575315	2449.718730941968	1	0	1	2.2008158242655687
160200.0	3000.0	2249.7187309418146	0.0	0	470.9790306756622	2449.718730941968	1	0	1	2.2008158242655687
161200.0	3000.0	2249.718730941822	0.0	0	361.5138669187436	2449.7187309419387	1	0	1	2.2008158242655718
162200.0	3000.0	2249.718730941808	0.0	0	530.2401384158293	2449.7187309419387	1	0	1	2.2008158242655718
163200.0	3000.0	2249.718730941815	0.0	0	673.3280131449574	2449.718730941968	1	0	1	2.2008158242655687
164310.2554627578	6000.0	2139.463268184013	0.0	0	0.0	2449.718730941997	1	0	1	2.2008158242655655
165564.01173875292	6000.0	1885.7069921888758	0.0	0	0.0	2449.718730941997	1	0	1	2.8939630048255105
166820.74110232742	6000.0	1628.977628614318	0.0	0	0.0	2449.718730941997	1	0	1	2.8939630048255105
168342.40513683742	6000.0	1107.3135941043395	0.0	0	0.0	2449.718730941997	1	0	1	2.8939630048255105
168877.45808795042	3000.0	1572.2606429913646	0.0	0	0.0	2449.718730941997	1	0	1	1.5076686437056204
169628.0612956148	3000.0	1821.6574353269668	0.0	0	0.0	2449.718730941997	1	0	1	2.2008158242655655
170390.04510466993	3000.0	2059.673626271815	0.0	0	0.0	2449.718730941968	1	0	1	2.2008158242655687
171200.0	3000.0	2249.7187309417336	0.0	0	252.1519590462267	2449.718730941968	1	0	1	2.2008158242655687
172200.0	3000.0	2249.718730941732	0.0	0	537.0879155446601	2449.718730941968	1	0	1	2.2008158242655687
173200.0	3000.0	2249.718730941727	0.0	0	391.6633710034366	2449.718730941968	1	0	1	2.2008158242655687
174200.0	3000.0	2149.7187309417673	0.0	0	439.73218727341737	2349.718730942026	1	0	2	1.8073075674950023
175200.0	3000.0	2149.71873094179	0.0	0	621.0360133187205	2349.718730942026	1	0	1	2.0111725482139136
176200.0	3000.0	2149.718730941775	0.0	0	573.5087631282804	2349.718730942026	1	0	1	2.2111725482139137
177200.0	6000.0	2149.718730941817	0.0	0	392.2668702105584	2349.718730942026	1	0	1	2.2111725482139137
178200.0	6000.0	2149.718730941823	0.0	0	277.2468671826937	2349.718730942026	1	0	1	2.9043197287738587
179201.23639416337	6000.0	2148.4823367784534	0.0	0	0.0	2349.718730941997	1	0	1	2.90431972877386
180411.13951285157	6000.0	1938.5792180902158	0.0	0	0.0	2349.718730941968	1	0	1	2.904319728773865
182441.12110376856	6000.0	908.5976271732202	0.0	0	0.0	2349.718730941968	1	0	1	2.904319728773865
183389.32998317532	6000.0	960.3887477664797	0.0	0	0.0	2349.718730941968	1	0	1	2.904319728773865
184103.54218088475	6000.0	1246.176550057076	0.0	0	0.0	2349.718730941968	1	0	1	2.904319728773865
184401.7709096197	3000.0	1947.947821322114	0.0	0	0.0	2349.718730941968	1	0	1	1.5180253676539748
185306.50929133748	6000.0	2043.2094396042935	0.0	0	0.0	2349.7187309419387	1	0	1	2.2111725482139217
186200.0	6000.0	2149.718730941792	0.0	0	131.99866682416177	2349.718730941997	1	0	1	2.904319728773863
187757.3092362182	6000.0	1592.409494723615	0.0	0	0.0	2349.718730942026	1	0	1	2.9043197287738587
189362.83745672816	6000.0	986.8812742136656	0.0	0	0.0	2349.718730942026	1	0	1	2.9043197287738587
192164.35853548723	6000.0	200.0	1014.6398045454137	0	0.0	3364.3585354874667	1	0	1	-3.253002306333414
193207.8262082069	3000.0	602.2147250929225	445.6823978126	0	0.0	3810.0409333000716	1	0	1	-1.4573891776475634
193792.50948365577	3000.0	959.0631220991496	0.0	0	0.0	3751.572605755151	1	0	2	1.5249640434797729
194386.41554028224	3000.0	1305.7664598100625	0.0	0	0.0	3692.182000092551	1	0	2	1.745599155146051
195026.50698085257	3000.0	1601.6658751827106	0.0	0	0.0	3628.172856035497	1	0	2	1.7662191412474288
195700.18999912217	3000.0	1860.6145550861067	0.0	0	0.0	3560.804554208502	1	0	2	1.7862915126470595
196296.39901542652	3000.0	2204.784637151355	0.0	0	0.0	3501.1836525781255	1	0	2	1.8045756863398021
196930.03775932026	3000.0	2507.782018868279	0.0	0	0.0	3437.819778188801	1	0	2	1.8215739476851163
197364.859752862	3000.0	3029.4778259723666	0.0	0	0.0	3394.3375788346166	1	0	2	1.834725591560165
198200.0	3000.0	3194.3375788343574	0.0	0	389.1083487353462	3394.3375788346166	1	0	1	1.8373760478407193
200355.99388967294	6000.0	2038.3436891614062	0.0	0	0.0	3394.3375788346166	1	0	1	2.037376047840719
202391.03703719107	6000.0	799.7962268914869	0.0	0	0.0	3190.833264082845	1	0	2	2.3662006652492233
203133.2677162609	3000.0	1057.5655478216859	0.0	0	0.0	3190.833264082845	1	0	1	1.1920050923485808
204229.84238422202	3000.0	960.9908798605017	0.0	0	0.0	3190.8332640827866	1	0	1	2.0851522729085357
205026.36739033775	3000.0	1164.4658737447717	0.0	0	0.0	3190.8332640827866	1	0	1	2.0851522729085383
205696.46094307047	3000.0	1494.3723210120554	0.0	0	0.0	3190.8332640828157	1	0	1	2.085152272908532
206299.6104507262	3000.0	1891.2228133563094	0.0	0	0.0	3190.8332640828157	1	0	1	2.085152272908532
207232.6566565513	3000.0	1864.8719869487268	0.0	0	0.0	3097.528643500322	1	0	2	1.6996907835402326
207975.208640994	3000.0	2122.320002506028	0.0	0	0.0	3097.528643500322	1	0	1	1.9043494646879928
208604.69921857392	3000.0	2492.829424926098	0.0	0	0.0	3097.528643500322	1	0	1	2.104349464687993
209253.425851974	3000.0	2844.102791526035	0.0	0	0.0	3097.5286435002927	1	0	1	2.1043494646879988
210200.0	3000.0	2897.5286435000457	0.0	0	191.7022169068223	3097.5286435002927	1	0	1	2.1043494646879988
211200.0	3000.0	2797.5286435000576	0.0	0	512.6597663829743	2997.5286435002927	1	0	2	1.7159112601230904
212200.0	3000.0	2797.5286435000357	0.0	0	268.89396110066446	2997.5286435002927	1	0	1	1.9232181842692175
213200.0	3000.0	2797.528643500028	0.0	0	380.63425688946154	2997.5286435002636	1	0	1	2.123218184269223
214204.73530940918	3000.0	2792.7933340908694	0.0	0	0.0	2997.5286435002636	1	0	1	2.123218184269223
215200.0	3000.0	2797.5286435000285	0.0	0	331.10392424446763	2997.5286435002636	1	0	1	2.123218184269223
216200.0	3000.0	2797.5286435000294	0.0	0	199.45264618250076	2997.5286435002636	1	0	1	2.123218184269223
217200.0	3000.0	2797.52864350003	0.0	0	260.19399579564924	2997.5286435002636	1	0	1	2.123218184269223
218200.0	3000.0	2797.5286435000144	0.0	0	175.7496819535445	2997.5286435002636	1	0	1	2.123218184269223
219200.0	3000.0	2697.5286435000226	0.0	0	272.7700263092993	2897.5286435002636	1	0	2	1.7342940511925113
220200.0	3000.0	2697.528643500012	0.0	0	502.800425611902	2897.5286435002636	1	0	1	1.9404538698736207
221200.0	3000.0	2697.5286435000294	0.0	0	354.4484779983759	2897.5286435002636	1	0	1	2.140453869873621
222200.0	3000.0	2697.5286435000276	0.0	0	281.5835070388275	2897.5286435002636	1	0	1	2.140453869873621
223200.0	3000.0	2697.528643500021	0.0	0	216.2539772929449	2897.5286435002636	1	0	1	2.140453869873621
224200.0	3000.0	2597.5286435000316	0.0	0	319.65224602859234	2797.5286435002927	1	0	2	1.7505025647445274
225200.0	3000.0	2497.5286435000285	0.0	0	438.43259977331036	2697.5286435002927	1	0	2	1.96517187753216
226200.0	3000.0	2497.5286435000294	0.0	0	398.5087462165684	2697.5286435002927	1	0	1	1.9705295677989023
227200.0	3000.0	2497.5286435000576	0.0	0	513.9546013420331	2697.5286435002927	1	0	1	2.1705295677989027
228200.0	3000.0	2497.528643500046	0.0	0	536.3001480835956	2697.5286435002927	1	0	1	2.1705295677989027
229564.62530422883	6000.0	2132.9033392712076	0.0	0	0.0	2697.528643500322	1	0	1	2.1705295677988983
231324.90683761114	6000.0	1372.6218058888971	0.0	0	0.0	2697.528643500322	1	0	1	2.8636767483588432
232453.78559836096	3000.0	1243.7430451390546	0.0	0	0.0	2697.5286435002927	1	0	1	1.4773823872389575
233208.10010539368	3000.0	1489.4285381063357	0.0	0	0.0	2697.528643500322	1	0	1	2.1705295677988987
233711.7472137244	3000.0	1985.781429775618	0.0	0	0.0	2697.528643500322	1	0	1	2.1705295677988987
234415.52379013045	3000.0	2282.0048533695813	0.0	0	0.0	2697.5286435002927	1	0	1	2.1705295677989027
235585.456209457	3000.0	2112.0724340429956	0.0	0	0.0	2697.5286435002927	1	0	1	2.170529567798903
236336.30524578155	3000.0	2361.2233977184787	0.0	0	0.0	2697.528643500322	1	0	1	2.1705295677988987
237200.0	3000.0	2497.528643500048	0.0	0	96.97279462352162	2697.528643500322	1	0	1	2.1705295677988987
238200.0	3000.0	2497.5286435000507	0.0	0	182.1465502216597	2697.528643500322	1	0	1	2.1705295677988987
239200.0	3000.0	2497.52864350006	0.0	0	280.8991550197243	2697.528643500351	1	0	1	2.1705295677988943
240200.0	3000.0	2497.5286435000635	0.0	0	491.3790754128131	2697.52864350038	1	0	1	2.1705295677988907
241200.0	3000.0	2497.5286435000603	0.0	0	312.53291383344913	2697.52864350038	1	0	1	2.1705295677988907
242200.0	3000.0	2497.528643500025	0.0	0	237.9145597392344	2697.528643500351	1	0	1	2.1705295677988943
243200.0	3000.0	2497.5286435000417	0.0	0	37.01949030003743	2697.528643500351	1	0	1	2.170529567798893
244200.0	3000.0	2497.5286435000617	0.0	0	176.4012949023163	2697.52864350038	1	0	1	2.170529567798893
245256.04957477955	3000.0	2441.4790687204945	0.0	0	0.0	2697.52864350038	1	0	1	2.1705295677988907
246200.0	3000.0	2497.528643500054	0.0	0	276.26849001442315	2697.528643500409	1	0	1	2.1705295677988867
247200.0	3000.0	2497.5286435000667	0.0	0	396.5411896511214	2697.528643500409	1	0	1	2.1705295677988867
248200.0	3000.0	2497.528643500068	0.0	0	370.36400285715354	2697.528643500409	1	0	1	2.1705295677988867
249200.0	3000.0	2497.5286435000694	0.0	0	585.7334988318908	2697.52864350038	1	0	1	2.1705295677988907
250200.0	3000.0	2497.5286435000785	0.0	0	597.4718482830503	2697.528643500409	1	0	1	2.1705295677988867
251928.95316320643	6000.0	1768.5754802936663	0.0	0	0.0	2697.528643500409	1	0	1	2.1705295677988867
252525.52337711048	3000.0	2172.005266389637	0.0	0	0.0	2697.528643500409	1	0	1	1.4773823872389418
253292.61236466846	3000.0	2404.9162788316357	0.0	0	0.0	2697.528643500409	1	0	1	2.1705295677988867
254200.0	3000.0	2497.5286435000785	0.0	0	356.36447734208195	2697.528643500438	1	0	1	2.1705295677988827
255200.0	3000.0	2497.52864350004	0.0	0	419.37093884829665	2697.528643500409	1	0	1	2.1705295677988867
256200.0	3000.0	2497.5286435000626	0.0	0	325.5009696097113	2697.528643500409	1	0	1	2.1705295677988867
257200.0	3000.0	2497.528643500042	0.0	0	38.284396757691866	2697.528643500409	1	0	1	2.1705295677988867
258200.0	3000.0	2497.528643500055	0.0	0	182.56089153085486	2697.528643500409	1	0	1	2.1705295677988867
259200.0	3000.0	2497.5286435000457	0.0	0	141.24220137792872	2697.528643500409	1	0	1	2.170529567798889
260200.0	3000.0	2497.52864350005	0.0	0	143.50220131050446	2697.528643500409	1	0	1	2.1705295677988867
261200.0	3000.0	2497.5286435000585	0.0	0	207.22813794016838	2697.52864350038	1	0	1	2.1705295677988885
262200.0	3000.0	2497.528643500083	0.0	0	201.2150000994734	2697.52864350038	1	0	1	2.1705295677988907
263335.68911167287	3000.0	2361.839531827241	0.0	0	0.0	2697.528643500409	1	0	1	2.170529567798888
264200.0	3000.0	2497.5286435001194	0.0	0	252.6714412670699	2697.528643500409	1	0	1	2.170529567798889
265200.0	3000.0	2497.528643500054	0.0	0	330.4462138946401	2697.528643500351	1	0	1	2.170529567798893
266200.0	3000.0	2497.5286435000494	0.0	0	364.3601888747071	2697.5286435002927	1	0	1	2.1705295677989027
267200.0	3000.0	2497.528643500058	0.0	0	61.326209197344724	2697.528643500351	1	0	1	2.1705295677988943
268341.2219492204	3000.0	2356.306694279679	0.0	0	0.0	2697.528643500409	1	0	1	2.170529567798888
269200.0	3000.0	2497.5286435000157	0.0	0	14.131637590238824	2697.5286435002927	1	0	1	2.170529567798899
270320.1239568898	3000.0	2377.4046866102017	0.0	0	0.0	2697.5286435002927	1	0	1	2.1705295677989027
271200.0	3000.0	2497.528643500005	0.0	0	39.946412770368624	2697.5286435002927	1	0	1	2.1705295677989027
272200.0	3000.0	2497.528643500034	0.0	0	331.13142842351226	2697.5286435002927	1	0	1	2.1705295677989027
273200.0	3000.0	2497.5286435000844	0.0	0	179.0264397209976	2697.528643500351	1	0	1	2.1705295677988996
274200.0	3000.0	2497.5286435000885	0.0	0	108.10955262422794	2697.528643500351	1	0	1	2.1705295677988943
275200.0	3000.0	2497.5286435001294	0.0	0	469.2995111041819	2697.528643500351	1	0	1	2.1705295677988943
276200.0	3000.0	2497.5286435001863	0.0	0	275.2672926139785	2697.528643500409	1	0	1	2.1705295677988867
277200.0	3000.0	2497.528643500186	0.0	0	476.71613312291447	2697.528643500409	1	0	1	2.1705295677988867
278200.0	3000.0	2497.5286435002063	0.0	0	166.0938527865219	2697.528643500409	1	0	1	2.1705295677988867
279200.0	3000.0	2497.5286435001535	0.0	0	270.09606854064623	2697.528643500351	1	0	1	2.17052956779889
280200.0	3000.0	2497.528643500137	0.0	0	286.64698701899033	2697.528643500409	1	0	1	2.1705295677988867
281200.0	3000.0	2497.5286435000994	0.0	0	192.43305719504133	2697.5286435002927	1	0	1	2.170529567798898
282200.0	3000.0	2497.5286435000844	0.0	0	410.77887341362657	2697.528643500351	1	0	1	2.1705295677988943
283200.0	3000.0	2497.5286435000244	0.0	0	697.1904785234365	2697.528643500409	1	0	1	2.1705295677988867
284200.0	6000.0	2497.528643500081	0.0	0	550.903471550846	2697.528643500409	1	0	1	2.1705295677988867
285200.0	6000.0	2497.528643500103	0.0	0	283.7180203666212	2697.528643500409	1	0	1	2.8636767483588317
286212.8689292623	6000.0	2484.6597142378637	0.0	0	0.0	2697.5286435004673	1	0	1	2.8636767483588232
287388.5225593497	6000.0	2309.0060841504123	0.0	0	0.0	2697.5286435004673	1	0	1	2.8636767483588232
288599.88932861306	6000.0	2097.639314887115	0.0	0	0.0	2697.5286435004673	1	0	1	2.8636767483588232
289914.3779970228	6000.0	1783.1506464773518	0.0	0	0.0	2697.5286435005255	1	0	1	2.8636767483588157
291364.05027117446	6000.0	1333.478372325739	0.0	0	0.0	2697.5286435005255	1	0	1	2.8636767483588157
292378.4242510964	6000.0	1319.1043924038763	0.0	0	0.0	2697.5286435005837	1	0	1	2.8636767483588077
293340.33513138356	6000.0	1357.1935121166584	0.0	0	0.0	2697.5286435005837	1	0	1	2.8636767483588077
294232.8729907528	6000.0	1464.6556527474118	0.0	0	0.0	2697.5286435005837	1	0	1	2.8636767483588077
295274.5230507837	6000.0	1423.0055927165297	0.0	0	0.0	2697.5286435005837	1	0	1	2.8636767483588077
296093.2473398859	6000.0	1604.2813036143752	0.0	0	0.0	2697.528643500642	1	0	1	2.863676748358804
297264.06397737766	6000.0	1433.4646661226664	0.0	0	0.0	2697.5286435007	1	0	1	2.8636767483587917
298501.7536340568	6000.0	1195.7750094435244	0.0	0	0.0	2697.528643500642	1	0	1	2.8636767483587993
299174.7817501547	3000.0	1522.7468933457226	0.0	0	0.0	2697.528643500642	1	0	1	1.4773823872389098
300128.28461639583	3000.0	1569.2440271045414	0.0	0	0.0	2697.5286435007	1	0	1	2.1705295677988468
301133.75037455297	3000.0	1563.7782689474645	0.0	0	0.0	2697.5286435007583	1	0	1	2.1705295677988388
4.92	6.35	8.26	4.09	5.24	5.09	5.5	7.8	5.47	5.43	6.37	3.68	4.56	6.37	4.66	4.39	5.58	6.22	5.62	6.6	6.66	8.72	7.7	4.29	5.53	3.09	2.92	4.37	6.06	8.39	7.39	3.75	5.87	5.0	3.54	2.66	1.89	2.39	4.34	4.15	5.12	6.89	6.53	4.24	3.56	3.49	3.6	3.86	3.72	3.71	5.04	4.18	3.74	4.66	4.87	6.26	4.74	6.64	3.66	3.66	3.7	3.48	3.26	4.1	4.56	5.29	5.56	5.32	4.33	4.76	4.99	6.61	7.7	3.72	3.49	3.82	2.5	4.33	6.64	4.23	2.73	4.67	3.89	4.9	6.99	4.62	4.97	2.76	4.7	3.07	4.38	5.55	6.19	6.39	8.09	7.25	2.4	3.95	5.06	5.2	3.93	4.38	3.39	4.07	2.95	4.2	3.65	3.07	4.56	3.44	4.91	3.97	3.17	3.35	3.86	3.15	4.01	4.24	3.31	4.85	5.66	4.95	4.74	3.54	5.83	4.62	6.09	8.47	10.8	9.99	6.96	5.51	5.49	6.09	3.81	3.93	6.09	8.62	5.92	4.91	6.34	4.81	5.72	4.14	3.86	3.29	3.53	4.87	4.04	5.34	4.92	6.35	8.26	4.09	5.24	5.09	5.5	7.8	5.47	5.43	6.37	3.68	4.56	6.37	4.66	4.39	5.58	6.22	5.62	6.6	6.66	8.72	7.7	4.29	5.53	3.09	2.92	4.37	6.06	8.39	7.39	3.75	5.87	5.0	3.54	2.66	1.89	2.39	4.34	4.15	5.12	6.89	6.53	4.24	3.56	3.49	3.6	3.86	3.72	3.71	5.04	4.18	3.74	4.66	4.87	6.26	4.74	6.64	3.66	3.66	3.7	3.48	3.26	4.1	4.56	5.29	5.56	5.32	4.33	4.76	4.99	6.61	7.7	3.72	3.49	3.82	2.5	4.33	6.64	4.23	2.73	4.67	3.89	4.9	6.99	4.62	4.97	2.76	4.7	3.07	4.38	5.55	6.19	6.39	8.09	7.25	2.4	3.95	5.06	5.2	3.93	4.38	3.39	4.07	2.95	4.2	3.65	3.07	4.56	3.44	4.91	3.97	3.17	3.35	3.86	3.15	4.01	4.24	3.31	4.85	5.66	4.95	4.74	3.54	5.83	4.62	6.09	8.47	10.8	9.99	6.96	5.51	5.49	6.09	3.81	3.93	6.09	8.62	5.92	4.91	6.34	4.81	5.72	4.14	3.86	3.29	3.53	4.87
1.0	2.0	3.0	4.0	5.0	6.0	7.0	8.0	9.0	10.0	11.0	12.0	13.0	14.0	15.0	16.0	17.0	18.0	19.0	20.0	21.0	22.0	23.0	24.0	25.0	26.0	27.0	28.0	29.0	30.0	31.0	32.0	33.0	34.0	35.0	36.0	37.0	38.0	39.0	40.0	41.0	42.0	43.0	44.0	45.0	46.0	47.0	48.0	49.0	50.0	51.0	52.0	53.0	54.0	55.0	56.0	57.0	58.0	59.0	60.0	61.0	62.0	63.0	64.0	65.0	66.0	67.0	68.0	69.0	70.0	71.0	72.0	73.0	74.0	75.0	76.0	77.0	78.0	79.0	80.0	81.0	82.0	83.0	84.0	85.0	86.0	87.0	88.0	89.0	90.0	91.0	92.0	93.0	94.0	95.0	96.0	97.0	98.0	99.0	100.0	101.0	102.0	103.0	104.0	105.0	106.0	107.0	108.0	109.0	110.0	111.0	112.0	113.0	114.0	115.0	116.0	117.0	118.0	119.0	120.0	121.0	122.0	123.0	124.0	125.0	126.0	127.0	128.0	129.0	130.0	131.0	132.0	133.0	134.0	135.0	136.0	137.0	138.0	139.0	140.0	141.0	142.0	143.0	144.0	145.0	146.0	147.0	148.0	149.0	149.0	150.0	151.0	152.0	153.0	154.0	155.0	156.0	157.0	158.0	159.0	160.0	161.0	162.0	163.0	164.0	165.0	166.0	167.0	168.0	169.0	170.0	171.0	172.0	173.0	174.0	175.0	176.0	177.0	178.0	179.0	180.0	181.0	182.0	183.0	184.0	185.0	186.0	187.0	188.0	189.0	190.0	191.0	192.0	193.0	194.0	195.0	196.0	197.0	198.0	199.0	200.0	201.0	202.0	203.0	204.0	205.0	206.0	207.0	208.0	209.0	210.0	211.0	212.0	213.0	214.0	215.0	216.0	217.0	218.0	219.0	220.0	221.0	222.0	223.0	224.0	225.0	226.0	227.0	228.0	229.0	230.0	231.0	232.0	233.0	234.0	235.0	236.0	237.0	238.0	239.0	240.0	241.0	242.0	243.0	244.0	245.0	246.0	247.0	248.0	249.0	250.0	251.0	252.0	253.0	254.0	255.0	256.0	257.0	258.0	259.0	260.0	261.0	262.0	263.0	264.0	265.0	266.0	267.0	268.0	269.0	270.0	271.0	272.0	273.0	274.0	275.0	276.0	277.0	278.0	279.0	280.0	281.0	282.0	283.0	284.0	285.0	286.0	287.0	288.0	289.0	290.0	291.0	292.0	293.0	294.0	295.0	296.0	297.0
5895.698043412269
