5911.5879499747325	300.0	2000.0	113.78992144619488	0	0.0	5911.5879499747325	1	0	1	-2.5654972060797356
6125.8647460703005	500.0	2764.2955242948756	0.0	0	0.0	5890.160270365176	1	0	2	-2.284939605828211
6269.714175333857	500.0	3606.0611521049636	0.0	0	0.0	5875.775327438821	1	0	2	-1.5582108170008409
6508.582643418321	500.0	4343.305837212053	0.0	0	0.0	5851.888480630375	1	0	2	-1.5366495583535804
6710.151349792618	500.0	5121.580260200326	0.0	0	0.0	5831.731609992944	1	0	2	-1.5146749146666565
7200.0	500.0	5582.746744972204	0.0	0	390.5560783967785	5782.746744972204	1	0	2	-1.4914538292679183
8200.0	500.0	5482.746744972204	0.0	0	894.850991688757	5682.746744972204	1	0	2	-1.4038471461328004
9200.0	1000.0	5382.746744972203	0.0	0	779.03248952188	5582.746744972204	1	0	2	-1.3065140410489433
10200.0	1000.0	5282.7467449722035	0.0	0	701.9552838753825	5482.746744972204	1	0	2	-0.5178289796564433
11200.0	3000.0	5182.746744972202	0.0	0	183.35114193109075	5382.746744972203	1	0	2	-0.4177856540152538
12252.662832253987	3000.0	5024.8176294928135	0.0	0	0.0	5277.480461746801	1	0	2	0.7835490729320798
13200.0	3000.0	4982.746744972201	0.0	0	258.0546054735496	5182.746744972201	1	0	2	0.8568730967775877
14200.0	3000.0	4882.7467449722	0.0	0	325.2682632251963	5082.746744972201	1	0	2	0.9396571223653757
15200.0	3000.0	4782.746744972201	0.0	0	85.8365528449649	4982.746744972201	1	0	2	1.0287710572520705
16200.0	3000.0	4682.746744972202	0.0	0	277.29161844360897	4882.746744972201	1	0	2	1.0991899121571598
17200.0	3000.0	4582.7467449722	0.0	0	121.41700079239672	4782.746744972201	1	0	2	1.179013145551066
18200.0	3000.0	4482.746744972199	0.0	0	440.96100011281305	4682.746744972201	1	0	2	1.2415870120693429
19200.0	3000.0	4382.7467449722	0.0	0	440.11459448267124	4582.746744972203	1	0	2	1.3072128400640626
20200.0	3000.0	4282.746744972203	0.0	0	388.39051288685005	4482.746744972206	1	0	2	1.3690318672240571
21200.0	3000.0	4182.7467449722035	0.0	0	162.98837409059706	4382.746744972206	1	0	2	1.433576271511959
22200.0	3000.0	4082.7467449722008	0.0	0	220.5672517885614	4282.746744972199	1	0	2	1.4867626045917923
23200.0	3000.0	3982.746744972206	0.0	0	325.8624665384996	4182.74674497221	1	0	2	1.5347284113930206
24200.0	3000.0	3882.746744972205	0.0	0	72.3118059821063	4082.7467449722135	1	0	2	1.5863781712295124
25200.0	3000.0	3782.7467449722053	0.0	0	302.9518846351275	3982.7467449722135	1	0	2	1.6283155204922826
26200.0	3000.0	3682.7467449722053	0.0	0	607.2308784215274	3882.746744972217	1	0	2	1.6671080669029181
27200.0	3000.0	3582.7467449722	0.0	0	368.8471534345954	3782.746744972206	1	0	2	1.7063613368352601
28200.0	3000.0	3482.7467449721985	0.0	0	554.5356088956178	3682.746744972206	1	0	2	1.7403825990854624
29200.0	3000.0	3382.7467449721985	0.0	0	446.51951748824285	3582.746744972206	1	0	2	1.7729302950897126
30200.0	3000.0	3282.746744972201	0.0	0	204.67244365800798	3482.74674497221	1	0	2	1.8049507010096597
31257.643038088125	3000.0	3119.3394030752606	0.0	0	0.0	3376.9824411633963	1	0	2	1.833895582100351
32341.308792488435	3000.0	2927.307073234916	0.0	0	0.0	3268.6158657233645	1	0	2	1.8602155378804923
33200.0	3000.0	2982.7467449721885	0.0	0	91.47737968010188	3182.746744972199	1	0	2	1.8818575146146321
34200.0	3000.0	2882.746744972199	0.0	0	76.25358291415614	3082.7467449722135	1	0	2	1.901203858564307
35200.0	3000.0	2782.7467449722035	0.0	0	31.880214970195084	2982.746744972217	1	0	2	1.9210210648869004
36200.0	3000.0	2682.7467449722108	0.0	0	136.23229170135892	2882.7467449722244	1	0	2	1.9375708806122862
37200.0	3000.0	2582.746744972207	0.0	0	346.920599021556	2782.7467449722244	1	0	2	1.9529804457223874
38200.0	3000.0	2482.7467449722103	0.0	0	445.1392068885034	2682.746744972217	1	0	2	1.967227564661419
39200.0	3000.0	2382.7467449722103	0.0	0	447.9775736369338	2582.746744972217	1	0	2	1.9804957276025361
40200.0	3000.0	2282.7467449722044	0.0	0	443.1550607791214	2482.7467449722026	1	0	2	1.992723995457393
41200.0	3000.0	2182.746744972208	0.0	0	402.6602085452032	2382.74674497221	1	0	2	2.0039344600800466
42200.0	3000.0	2082.7467449722044	0.0	0	334.8669488749074	2282.7467449722026	1	0	2	2.0139724875684877
43396.17299001323	3000.0	1766.9564559576527	0.0	0	0.0	2163.1294459708806	1	0	2	2.0245351471393986
44627.09672690046	3000.0	1412.9403453816826	0.0	0	0.0	2040.037072282139	1	0	2	2.0351667164387237
45584.41289021451	3000.0	1455.6241820676312	0.0	0	0.0	2040.037072282139	1	0	1	2.0376468236738736
46574.58853812872	3000.0	1465.4485341534219	0.0	0	0.0	2040.037072282139	1	0	1	2.237646823673874
47646.763598611484	3000.0	1393.2734736706582	0.0	0	0.0	2040.037072282139	1	0	1	2.237646823673874
48612.64063024588	3000.0	1427.3964420362702	0.0	0	0.0	2040.0370722821463	1	0	1	2.237646823673873
49340.63012087719	3000.0	1699.4069514049538	0.0	0	0.0	2040.0370722821463	1	0	1	2.237646823673873
50295.23428364734	3000.0	1744.8027886348113	0.0	0	0.0	2040.0370722821535	1	0	1	2.2376468236738725
51200.0	3000.0	1840.0370722821401	0.0	0	15.549039240831917	2040.0370722821463	1	0	1	2.237646823673873
52200.0	3000.0	1840.0370722821344	0.0	0	368.5912717103856	2040.0370722821463	1	0	1	2.237646823673873
53332.276978733185	3000.0	1707.7600935489465	0.0	0	0.0	2040.037072282139	1	0	1	2.237646823673874
54222.28839397188	3000.0	1817.7486783102468	0.0	0	0.0	2040.037072282139	1	0	1	2.237646823673874
55200.0	3000.0	1840.037072282131	0.0	0	279.84347046761104	2040.037072282139	1	0	1	2.237646823673874
56200.0	3000.0	1840.0370722821347	0.0	0	493.319019430739	2040.0370722821317	1	0	1	2.2376468236738742
57200.0	3000.0	1840.0370722821385	0.0	0	394.2932445774277	2040.037072282139	1	0	1	2.237646823673874
58507.358271139114	3000.0	1532.6788011430226	0.0	0	0.0	2040.037072282139	1	0	1	2.237646823673874
59364.13645391057	3000.0	1675.9006183715644	0.0	0	0.0	2040.037072282139	1	0	1	2.237646823673874
60200.0	3000.0	1840.0370722821476	0.0	0	124.59702806775022	2040.037072282139	1	0	1	2.237646823673874
61200.0	3000.0	1840.0370722821535	0.0	0	528.98741959584	2040.037072282139	1	0	1	2.237646823673874
62200.0	3000.0	1840.0370722821485	0.0	0	506.8551644308027	2040.037072282139	1	0	1	2.237646823673874
63200.588681745045	3000.0	1839.4483905370998	0.0	0	0.0	2040.037072282139	1	0	1	2.237646823673874
64200.0	3000.0	1840.0370722821506	0.0	0	196.22018661777838	2040.037072282139	1	0	1	2.237646823673874
65200.0	3000.0	1840.0370722821406	0.0	0	91.93662074328313	2040.037072282139	1	0	1	2.237646823673874
66349.84645613714	3000.0	1690.1906161450104	0.0	0	0.0	2040.0370722821463	1	0	1	2.2376468236738734
67365.4410446656	3000.0	1674.5960276165506	0.0	0	0.0	2040.0370722821463	1	0	1	2.237646823673873
68200.0	3000.0	1840.0370722821378	0.0	0	32.26516007275495	2040.0370722821535	1	0	1	2.2376468236738725
69227.73000445362	3000.0	1812.3070678285103	0.0	0	0.0	2040.037072282139	1	0	1	2.237646823673874
70200.0	3000.0	1840.0370722821378	0.0	0	52.2203478335141	2040.037072282139	1	0	1	2.237646823673874
71200.0	3000.0	1840.037072282134	0.0	0	284.58616356702987	2040.037072282139	1	0	1	2.237646823673874
72200.0	3000.0	1840.0370722821299	0.0	0	120.43147304517333	2040.037072282139	1	0	1	2.237646823673874
73200.0	3000.0	1840.03707228214	0.0	0	372.10490136059525	2040.037072282139	1	0	1	2.237646823673874
74200.0	3000.0	1840.0370722821276	0.0	0	201.4482005979371	2040.037072282139	1	0	1	2.237646823673874
75200.0	3000.0	1840.0370722821335	0.0	0	127.1436039974651	2040.037072282139	1	0	1	2.237646823673874
76200.0	3000.0	1840.0370722821365	0.0	0	330.38787400459114	2040.037072282139	1	0	1	2.237646823673874
77200.0	3000.0	1840.0370722821483	0.0	0	450.45002278886386	2040.037072282139	1	0	1	2.237646823673874
78200.0	3000.0	1840.0370722821397	0.0	0	463.3721793086297	2040.037072282139	1	0	1	2.237646823673874
79200.0	3000.0	1840.037072282129	0.0	0	354.9808115330379	2040.0370722821244	1	0	1	2.2376468236738747
80209.55047998861	3000.0	1830.4865922935307	0.0	0	0.0	2040.037072282139	1	0	1	2.237646823673874
81205.42500061139	3000.0	1834.6120716707546	0.0	0	0.0	2040.0370722821244	1	0	1	2.2376468236738747
82200.0	3000.0	1840.0370722821506	0.0	0	111.091479531824	2040.037072282139	1	0	1	2.237646823673874
83200.0	3000.0	1840.0370722821551	0.0	0	342.25083725004515	2040.037072282139	1	0	1	2.237646823673874
84200.0	3000.0	1840.0370722821667	0.0	0	300.31496411144326	2040.037072282139	1	0	1	2.237646823673874
85200.0	3000.0	1840.0370722821638	0.0	0	285.2999046846089	2040.0370722821244	1	0	1	2.2376468236738747
86200.0	3000.0	1840.037072282153	0.0	0	368.2855019617564	2040.0370722821244	1	0	1	2.2376468236738747
87302.04873671957	3000.0	1737.9883355625818	0.0	0	0.0	2040.0370722821244	1	0	1	2.2376468236738747
88200.0	3000.0	1840.0370722821635	0.0	0	217.26509982938296	2040.0370722821244	1	0	1	2.2376468236738747
89200.0	3000.0	1840.0370722821658	0.0	0	253.89864766949904	2040.037072282139	1	0	1	2.237646823673874
90227.51361037057	3000.0	1812.5234619116054	0.0	0	0.0	2040.037072282139	1	0	1	2.237646823673874
91200.0	3000.0	1840.0370722821765	0.0	0	74.20345912364428	2040.037072282139	1	0	1	2.237646823673874
92200.0	3000.0	1840.0370722821758	0.0	0	29.061507469494245	2040.037072282139	1	0	1	2.237646823673874
93200.0	3000.0	1840.0370722821585	0.0	0	168.73051993992704	2040.037072282139	1	0	1	2.237646823673874
94200.0	3000.0	1840.0370722821397	0.0	0	307.99804716902145	2040.037072282139	1	0	1	2.237646823673874
95200.0	3000.0	1840.0370722821515	0.0	0	470.3759682758682	2040.037072282139	1	0	1	2.237646823673874
96200.0	3000.0	1840.0370722821622	0.0	0	329.4577601815836	2040.037072282139	1	0	1	2.237646823673874
97200.0	3000.0	1840.0370722821465	0.0	0	294.2414984281495	2040.037072282139	1	0	1	2.237646823673874
98200.0	3000.0	1840.0370722821438	0.0	0	265.0474954081001	2040.037072282139	1	0	1	2.237646823673874
99200.0	3000.0	1840.0370722821438	0.0	0	182.12706663730205	2040.0370722821535	1	0	1	2.2376468236738725
100200.0	3000.0	1840.0370722821467	0.0	0	168.993122261003	2040.0370722821535	1	0	1	2.2376468236738725
101216.60977364772	3000.0	1823.4272986344267	0.0	0	0.0	2040.0370722821535	1	0	1	2.2376468236738725
102200.0	3000.0	1840.0370722821467	0.0	0	104.7104995068803	2040.0370722821535	1	0	1	2.2376468236738725
103200.0	3000.0	1840.0370722821513	0.0	0	190.78025286587945	2040.0370722821535	1	0	1	2.2376468236738725
104200.0	3000.0	1840.0370722821453	0.0	0	36.32586411849479	2040.0370722821535	1	0	1	2.2376468236738725
105200.0	3000.0	1840.0370722821428	0.0	0	363.6020387289609	2040.0370722821535	1	0	1	2.2376468236738725
106200.0	3000.0	1840.0370722821422	0.0	0	356.0529083835718	2040.0370722821535	1	0	1	2.2376468236738725
107200.0	3000.0	1840.0370722821403	0.0	0	419.4494177415472	2040.0370722821535	1	0	1	2.2376468236738725
108376.40509574044	3000.0	1663.63197654169	0.0	0	0.0	2040.037072282139	1	0	1	2.237646823673874
109200.0	3000.0	1840.0370722821417	0.0	0	10.412360958391218	2040.037072282139	1	0	1	2.237646823673874
110200.0	3000.0	1840.037072282132	0.0	0	111.69674543068686	2040.037072282139	1	0	1	2.237646823673874
111200.0	3000.0	1840.0370722821217	0.0	0	307.8547573508258	2040.037072282139	1	0	1	2.237646823673874
112200.0	3000.0	1840.0370722821233	0.0	0	62.472285265655955	2040.037072282139	1	0	1	2.237646823673874
113200.0	3000.0	1840.03707228214	0.0	0	312.78787068054953	2040.037072282139	1	0	1	2.237646823673874
114200.0	3000.0	1840.0370722821428	0.0	0	490.20973735745065	2040.0370722821244	1	0	1	2.2376468236738747
115200.0	3000.0	1840.0370722821413	0.0	0	349.7716110496549	2040.037072282139	1	0	1	2.237646823673874
116200.0	3000.0	1840.0370722821422	0.0	0	515.9271002920141	2040.0370722821535	1	0	1	2.2376468236738725
117200.0	3000.0	1840.0370722821388	0.0	0	222.64136291916657	2040.0370722821535	1	0	1	2.2376468236738725
118407.43587987417	3000.0	1632.6011924079492	0.0	0	0.0	2040.0370722821535	1	0	1	2.2376468236738725
119200.0	3000.0	1840.0370722821265	0.0	0	85.74890242789115	2040.037072282139	1	0	1	2.237646823673874
120200.0	3000.0	1840.0370722821388	0.0	0	450.86539628345054	2040.037072282139	1	0	1	2.237646823673874
121211.28702845637	3000.0	1828.7500438257493	0.0	0	0.0	2040.0370722821244	1	0	1	2.2376468236738747
122200.0	3000.0	1840.037072282105	0.0	0	406.90958307635447	2040.0370722821244	1	0	1	2.2376468236738747
123200.0	3000.0	1840.0370722820796	0.0	0	324.0942512087058	2040.0370722821244	1	0	1	2.2376468236738747
124200.0	3000.0	1840.0370722820899	0.0	0	256.436661588421	2040.0370722821244	1	0	1	2.2376468236738747
125200.0	3000.0	1840.0370722820858	0.0	0	232.99134831663105	2040.0370722821244	1	0	1	2.2376468236738747
126200.0	3000.0	1840.0370722820978	0.0	0	149.082579757247	2040.0370722821244	1	0	1	2.2376468236738747
127619.70125372261	3000.0	1420.3358185594911	0.0	0	0.0	2040.0370722821244	1	0	1	2.2376468236738747
128826.56833401874	3000.0	1213.4687382633679	0.0	0	0.0	2040.0370722821099	1	0	1	2.237646823673876
129876.25980723003	3000.0	1163.777265052086	0.0	0	0.0	2040.0370722821099	1	0	1	2.237646823673876
130774.82878232443	3000.0	1265.2082899576935	0.0	0	0.0	2040.0370722821099	1	0	1	2.237646823673876
132034.68009824093	3000.0	1005.3569740411697	0.0	0	0.0	2040.0370722820662	1	0	1	2.237646823673878
132819.64381373694	3000.0	1220.3932585451814	0.0	0	0.0	2040.0370722820953	1	0	1	2.237646823673877
133298.04974672443	3000.0	1741.9873255577293	0.0	0	0.0	2040.0370722821099	1	0	1	2.2376468236738756
134200.0	3000.0	1840.037072282165	0.0	0	308.8023621114553	2040.0370722820808	1	0	1	2.2376468236738773
135200.0	3000.0	1840.037072282149	0.0	0	574.68877244537	2040.0370722820808	1	0	1	2.237646823673878
136200.0	3000.0	1840.0370722821551	0.0	0	388.37740272894735	2040.0370722820808	1	0	1	2.237646823673878
137200.0	3000.0	1840.0370722821535	0.0	0	315.87686529383063	2040.0370722820808	1	0	1	2.237646823673878
138200.0	3000.0	1840.037072282124	0.0	0	358.7295489393582	2040.0370722820808	1	0	1	2.237646823673878
139200.0	3000.0	1840.0370722821303	0.0	0	244.1284675154311	2040.0370722820808	1	0	1	2.237646823673878
140200.0	3000.0	1840.0370722821106	0.0	0	80.31310765154194	2040.0370722820808	1	0	1	2.237646823673878
141200.0	3000.0	1840.0370722821108	0.0	0	115.21620997859281	2040.0370722820808	1	0	1	2.237646823673878
142200.0	3000.0	1840.037072282092	0.0	0	382.3608426329738	2040.0370722820808	1	0	1	2.237646823673878
143255.95436983983	3000.0	1784.0827024422756	0.0	0	0.0	2040.0370722820808	1	0	1	2.237646823673878
144200.0	3000.0	1840.0370722821035	0.0	0	209.75989319357905	2040.0370722820808	1	0	1	2.237646823673878
145200.0	3000.0	1840.0370722820835	0.0	0	203.2916783450346	2040.0370722820808	1	0	1	2.237646823673878
146200.0	3000.0	1840.0370722821128	0.0	0	214.15582613265724	2040.0370722821099	1	0	1	2.237646823673876
147200.0	3000.0	1840.037072282094	0.0	0	156.81455212726723	2040.0370722820808	1	0	1	2.237646823673878
148200.0	3000.0	1840.0370722820687	0.0	0	157.2670156180102	2040.0370722820808	1	0	1	2.237646823673878
149200.0	3000.0	1840.0370722820733	0.0	0	227.67825368596823	2040.0370722820808	1	0	1	2.237646823673878
150200.0	3000.0	1840.0370722820521	0.0	0	421.67020548990695	2040.0370722820808	1	0	1	2.237646823673878
151200.0	3000.0	1840.0370722820987	0.0	0	5.385832300002221	2040.0370722820808	1	0	1	2.237646823673878
152200.0	3000.0	1840.0370722821176	0.0	0	409.9657025975175	2040.0370722820808	1	0	1	2.237646823673878
153200.0	3000.0	1840.037072282104	0.0	0	262.8045917387062	2040.0370722820808	1	0	1	2.237646823673878
154200.0	3000.0	1840.0370722820805	0.0	0	420.3898744014441	2040.0370722820808	1	0	1	2.237646823673878
155200.0	3000.0	1840.0370722820721	0.0	0	286.17165269792895	2040.0370722820808	1	0	1	2.237646823673878
156200.0	3000.0	1840.0370722820674	0.0	0	178.96627560196794	2040.0370722820808	1	0	1	2.237646823673878
157200.0	3000.0	1840.0370722820758	0.0	0	543.4484806375403	2040.0370722821099	1	0	1	2.237646823673876
158200.0	3000.0	1840.037072282094	0.0	0	65.66314897171105	2040.0370722821099	1	0	1	2.237646823673876
159200.0	3000.0	1840.0370722820771	0.0	0	2.267286044167122	2040.0370722820808	1	0	1	2.237646823673878
160200.0	3000.0	1840.0370722820974	0.0	0	61.56103431707015	2040.0370722821099	1	0	1	2.237646823673876
161200.0	3000.0	1840.0370722820685	0.0	0	307.50800233113114	2040.0370722821099	1	0	1	2.237646823673876
162200.0	3000.0	1840.0370722820355	0.0	0	121.59748455663794	2040.0370722821099	1	0	1	2.237646823673876
163202.76942092166	3000.0	1837.26765136041	0.0	0	0.0	2040.0370722821099	1	0	1	2.237646823673876
164200.0	3000.0	1840.0370722820587	0.0	0	82.66428696963703	2040.0370722821099	1	0	1	2.237646823673876
165200.0	3000.0	1840.0370722820758	0.0	0	162.07955537349335	2040.0370722821099	1	0	1	2.237646823673876
166200.0	3000.0	1840.0370722820808	0.0	0	226.39687617254094	2040.0370722821099	1	0	1	2.237646823673876
167200.0	3000.0	1840.0370722820837	0.0	0	462.0068727270118	2040.0370722820808	1	0	1	2.237646823673877
168200.0	3000.0	1840.0370722820835	0.0	0	530.9984615257126	2040.0370722820808	1	0	1	2.237646823673878
169200.0	3000.0	1840.0370722821322	0.0	0	171.58936504766461	2040.0370722821099	1	0	1	2.2376468236738765
170244.33167202957	3000.0	1795.705400252521	0.0	0	0.0	2040.0370722821099	1	0	1	2.237646823673876
171200.0	3000.0	1840.037072282121	0.0	0	180.97369402711047	2040.0370722821099	1	0	1	2.237646823673876
172200.0	3000.0	1840.0370722821076	0.0	0	418.2992539295519	2040.037072282139	1	0	1	2.237646823673874
173200.0	3000.0	1840.037072282088	0.0	0	456.55725328839617	2040.037072282139	1	0	1	2.237646823673874
174200.0	3000.0	1840.0370722820871	0.0	0	388.34022823919076	2040.037072282168	1	0	1	2.2376468236738725
175200.0	3000.0	1840.0370722821021	0.0	0	515.0159299059014	2040.037072282168	1	0	1	2.2376468236738716
176200.0	3000.0	1840.037072282086	0.0	0	556.9917730400048	2040.037072282168	1	0	1	2.2376468236738716
177200.0	3000.0	1840.0370722820999	0.0	0	579.8212855585443	2040.037072282139	1	0	1	2.237646823673874
178200.0	3000.0	1840.037072282089	0.0	0	514.5299720544717	2040.037072282139	1	0	1	2.237646823673874
179200.0	3000.0	1840.037072282086	0.0	0	357.0966611643671	2040.037072282139	1	0	1	2.2376468236738747
180200.0	3000.0	1840.0370722820878	0.0	0	325.9283262717363	2040.037072282139	1	0	1	2.237646823673874
181611.40552434846	3000.0	1428.6315479336158	0.0	0	0.0	2040.037072282168	1	0	1	2.2376468236738716
182592.4341621981	3000.0	1447.602910083977	0.0	0	0.0	2040.0370722821972	1	0	1	2.2376468236738694
183240.42341448483	3000.0	1799.6136577972563	0.0	0	0.0	2040.0370722821972	1	0	1	2.2376468236738694
184200.0	3000.0	1840.0370722820826	0.0	0	334.4648309597105	2040.0370722822263	1	0	1	2.237646823673868
185200.0	3000.0	1840.0370722820933	0.0	0	382.4025426149019	2040.0370722822554	1	0	1	2.237646823673866
186200.0	3000.0	1840.037072282103	0.0	0	255.1291759412561	2040.0370722822554	1	0	1	2.237646823673865
187200.0	3000.0	1840.03707228208	0.0	0	353.0139572987973	2040.0370722822263	1	0	1	2.2376468236738662
188200.0	3000.0	1840.0370722820555	0.0	0	500.7903199493012	2040.0370722822263	1	0	1	2.237646823673867
189200.0	3000.0	1840.0370722820232	0.0	0	437.31903337154654	2040.0370722821972	1	0	1	2.2376468236738685
190200.0	3000.0	1840.0370722820649	0.0	0	310.07993738754885	2040.0370722822263	1	0	1	2.237646823673868
191200.0	3000.0	1840.0370722820792	0.0	0	485.95124662836315	2040.0370722822263	1	0	1	2.237646823673867
192200.0	3000.0	1840.03707228209	0.0	0	293.82041988126	2040.0370722822554	1	0	1	2.237646823673866
193407.20117354652	3000.0	1632.8358987355725	0.0	0	0.0	2040.0370722822554	1	0	1	2.237646823673865
194242.96179695099	3000.0	1797.075275331115	0.0	0	0.0	2040.0370722822554	1	0	1	2.237646823673865
195200.0	3000.0	1840.0370722820908	0.0	0	335.1417734118586	2040.0370722822263	1	0	1	2.237646823673867
196259.98895246346	3000.0	1780.0481198186053	0.0	0	0.0	2040.0370722822263	1	0	1	2.237646823673867
197200.0	3000.0	1840.0370722820956	0.0	0	73.40975744221942	2040.0370722822263	1	0	1	2.237646823673867
198200.0	3000.0	1840.0370722820987	0.0	0	68.16382010871894	2040.0370722822263	1	0	1	2.237646823673867
199687.9945971261	3000.0	1352.0424751559856	0.0	0	0.0	2040.0370722821972	1	0	1	2.2376468236738694
200762.6560436587	3000.0	1277.3810286233734	0.0	0	0.0	2040.0370722821972	1	0	1	2.2376468236738694
201688.92891489787	3000.0	1351.1081573841968	0.0	0	0.0	2040.0370722821972	1	0	1	2.2376468236738694
202358.41583212581	3000.0	1681.62124015624	0.0	0	0.0	2040.0370722821972	1	0	1	2.2376468236738694
203200.0	3000.0	1840.0370722820492	0.0	0	165.10455523757264	2040.0370722821972	1	0	1	2.2376468236738694
204200.0	3000.0	1840.037072282077	0.0	0	307.25886119154165	2040.0370722822263	1	0	1	2.237646823673867
205200.0	3000.0	1840.0370722820803	0.0	0	430.6027523280645	2040.0370722822554	1	0	1	2.237646823673865
206200.0	3000.0	1840.0370722821037	0.0	0	214.45090322257602	2040.0370722822554	1	0	1	2.2376468236738645
207216.12808837093	3000.0	1823.9089839111905	0.0	0	235.68184569306322	2040.0370722822554	1	0	1	2.237646823673865
208303.44878920374	3000.0	1736.5882830783587	0.0	0	0.0	2040.0370722822554	1	0	1	2.237646823673865
209200.0	3000.0	1840.037072282114	0.0	0	241.65668788470794	2040.0370722822554	1	0	1	2.237646823673865
210200.0	3000.0	1840.0370722821124	0.0	0	256.66797475956264	2040.0370722822554	1	0	1	2.237646823673865
211200.0	3000.0	1840.0370722821208	0.0	0	442.21584894970874	2040.0370722822554	1	0	1	2.237646823673865
212200.0	3000.0	1840.037072282099	0.0	0	288.17851732476265	2040.0370722822554	1	0	1	2.237646823673865
213200.0	3000.0	1840.0370722821147	0.0	0	179.34420326480176	2040.0370722822554	1	0	1	2.237646823673865
214200.0	3000.0	1840.03707228213	0.0	0	74.47791266409331	2040.0370722822263	1	0	1	2.2376468236738667
215211.34635384943	3000.0	1828.6907184326815	0.0	0	0.0	2040.0370722822263	1	0	1	2.237646823673867
216200.0	3000.0	1840.0370722820824	0.0	0	150.38940808785264	2040.0370722822263	1	0	1	2.237646823673867
217273.82383334692	3000.0	1766.2132389351577	0.0	0	0.0	2040.0370722822554	1	0	1	2.237646823673865
218264.98514060644	3000.0	1775.0519316755824	0.0	0	0.0	2040.0370722822263	1	0	1	2.237646823673867
219500.7512711481	3000.0	1539.2858011339717	0.0	0	0.0	2040.0370722822263	1	0	1	2.237646823673867
220212.2608790855	3000.0	1827.7761931965754	0.0	0	0.0	2040.0370722821972	1	0	1	2.2376468236738694
221200.0	3000.0	1840.0370722820453	0.0	0	253.0433531071758	2040.0370722821972	1	0	1	2.2376468236738694
222200.0	3000.0	1840.037072282072	0.0	0	129.76361925614765	2040.0370722822263	1	0	1	2.237646823673867
223200.0	3000.0	1840.037072282083	0.0	0	316.5542880645371	2040.0370722822263	1	0	1	2.237646823673867
224200.0	3000.0	1840.0370722820733	0.0	0	84.99201787466882	2040.0370722821972	1	0	1	2.2376468236738694
225200.0	3000.0	1840.0370722820617	0.0	0	264.2190781078243	2040.037072282168	1	0	1	2.2376468236738716
226200.0	3000.0	1840.0370722820257	0.0	0	216.37131521091214	2040.037072282168	1	0	1	2.2376468236738716
227200.0	3000.0	1840.037072282024	0.0	0	455.1074468100269	2040.037072282168	1	0	1	2.2376468236738716
228200.0	3000.0	1840.0370722820405	0.0	0	93.40363912517205	2040.0370722821972	1	0	1	2.2376468236738694
229200.0	3000.0	1840.037072282014	0.0	0	221.32315534955706	2040.037072282168	1	0	1	2.2376468236738716
230231.4041963148	3000.0	1808.632875967223	0.0	0	0.0	2040.037072282168	1	0	1	2.2376468236738716
231200.0	3000.0	1840.0370722820335	0.0	0	103.47274393303087	2040.037072282139	1	0	1	2.237646823673874
232200.0	3000.0	1840.0370722820123	0.0	0	424.414477124461	2040.037072282139	1	0	1	2.237646823673874
233200.0	3000.0	1840.0370722819957	0.0	0	444.5692247807747	2040.037072282139	1	0	1	2.237646823673874
234200.0	3000.0	1840.037072282027	0.0	0	496.1524440784415	2040.037072282168	1	0	1	2.2376468236738716
235200.0	3000.0	1840.0370722820571	0.0	0	86.02986086442252	2040.0370722821972	1	0	1	2.2376468236738702
236200.0	3000.0	1840.0370722820558	0.0	0	70.39989735011477	2040.0370722821972	1	0	1	2.2376468236738694
237200.0	3000.0	1840.0370722820317	0.0	0	28.78871317845187	2040.037072282168	1	0	1	2.2376468236738716
238200.0	3000.0	1840.0370722820428	0.0	0	260.435605414008	2040.0370722821972	1	0	1	2.23764682367387
239200.0	3000.0	1840.0370722820426	0.0	0	262.91712253924925	2040.0370722822263	1	0	1	2.237646823673867
240200.0	3000.0	1840.0370722820423	0.0	0	192.26251735750702	2040.0370722822263	1	0	1	2.237646823673867
241200.0	3000.0	1840.0370722820353	0.0	0	360.3437182069174	2040.0370722822263	1	0	1	2.237646823673867
242200.0	3000.0	1840.0370722820348	0.0	0	348.43038124390296	2040.0370722822263	1	0	1	2.237646823673867
243200.0	3000.0	1840.0370722820046	0.0	0	277.47678570999415	2040.0370722822263	1	0	1	2.237646823673868
244200.0	3000.0	1840.0370722820062	0.0	0	510.69333342282334	2040.0370722822263	1	0	1	2.237646823673867
245200.0	3000.0	1840.0370722820574	0.0	0	246.9213966302923	2040.0370722822554	1	0	1	2.237646823673865
246200.0	3000.0	1840.037072282025	0.0	0	76.10507880954538	2040.0370722822263	1	0	1	2.237646823673867
247200.0	3000.0	1840.0370722819953	0.0	0	108.72750649414957	2040.0370722821972	1	0	1	2.2376468236738694
248200.0	3000.0	1840.0370722819837	0.0	0	429.9895870180917	2040.0370722821972	1	0	1	2.2376468236738694
249217.42595230753	3000.0	1822.6111199744348	0.0	0	0.0	2040.0370722822263	1	0	1	2.237646823673867
250200.0	3000.0	1840.0370722819594	0.0	0	125.79599349523778	2040.0370722822263	1	0	1	2.237646823673867
251200.0	3000.0	1840.0370722819707	0.0	0	337.7765057575307	2040.0370722822554	1	0	1	2.237646823673866
252200.0	3000.0	1840.0370722819796	0.0	0	210.90240033864393	2040.0370722822845	1	0	1	2.2376468236738636
253200.0	3000.0	1840.0370722820057	0.0	0	205.85497662521084	2040.0370722823136	1	0	1	2.237646823673862
254200.0	3000.0	1840.0370722820041	0.0	0	78.40294440765865	2040.0370722823136	1	0	1	2.237646823673861
255200.0	3000.0	1840.0370722820148	0.0	0	434.74045546300476	2040.0370722823136	1	0	1	2.237646823673861
256200.0	3000.0	1840.0370722820212	0.0	0	77.19657858257415	2040.0370722823427	1	0	1	2.2376468236738587
257200.0	3000.0	1840.0370722819903	0.0	0	140.444945707859	2040.0370722823136	1	0	1	2.2376468236738605
258374.8769024933	3000.0	1665.1601697887106	0.0	0	0.0	2040.0370722823136	1	0	1	2.237646823673861
259200.0	3000.0	1840.0370722820212	0.0	0	72.91599799809046	2040.0370722823427	1	0	1	2.2376468236738587
260219.41185587423	3000.0	1820.6252164077941	0.0	0	0.0	2040.0370722823136	1	0	1	2.237646823673861
261200.0	3000.0	1840.0370722820257	0.0	0	38.69311466295039	2040.0370722823136	1	0	1	2.237646823673861
262200.0	3000.0	1840.0370722820087	0.0	0	506.8396239976282	2040.0370722822845	1	0	1	2.2376468236738627
263200.0	3000.0	1840.0370722820314	0.0	0	481.07785851683	2040.0370722823136	1	0	1	2.2376468236738614
264200.0	3000.0	1840.037072282014	0.0	0	626.124110564997	2040.0370722822845	1	0	1	2.237646823673861
265200.0	3000.0	1840.037072282051	0.0	0	477.0735293572652	2040.0370722822845	1	0	1	2.2376468236738627
266200.0	3000.0	1840.0370722820128	0.0	0	235.2319873375818	2040.0370722822263	1	0	1	2.237646823673867
267200.0	3000.0	1840.0370722819948	0.0	0	292.0218493374996	2040.0370722822263	1	0	1	2.237646823673867
268200.0	3000.0	1840.0370722819885	0.0	0	111.50789669185178	2040.0370722822263	1	0	1	2.237646823673867
269200.0	3000.0	1840.0370722819414	0.0	0	132.81126627360936	2040.037072282168	1	0	1	2.2376468236738707
270212.76216930663	3000.0	1827.274902975304	0.0	0	0.0	2040.037072282168	1	0	1	2.2376468236738716
271200.0	3000.0	1840.03707228193	0.0	0	39.72705833544023	2040.037072282168	1	0	1	2.2376468236738716
272200.0	3000.0	1840.0370722819148	0.0	0	222.8134167623939	2040.037072282168	1	0	1	2.2376468236738716
273200.0	3000.0	1840.0370722818311	0.0	0	287.6366211695713	2040.037072282168	1	0	1	2.2376468236738716
274200.0	3000.0	1840.0370722817952	0.0	0	359.4562124965596	2040.037072282168	1	0	1	2.2376468236738716
275200.0	3000.0	1840.0370722818113	0.0	0	68.39048566774	2040.0370722822263	1	0	1	2.237646823673868
276339.71580612863	3000.0	1700.3212661532082	0.0	0	0.0	2040.0370722822263	1	0	1	2.237646823673867
277240.1438899152	3000.0	1799.8931823665414	0.0	0	0.0	2040.037072282168	1	0	1	2.2376468236738716
278576.0151161023	3000.0	1464.02195617944	0.0	0	0.0	2040.0370722822263	1	0	1	2.237646823673867
279411.96733230044	3000.0	1628.0697399812975	0.0	0	0.0	2040.0370722822263	1	0	1	2.237646823673867
280382.15652910346	3000.0	1657.8805431782039	0.0	0	0.0	2040.0370722822263	1	0	1	2.237646823673867
281423.8427093374	3000.0	1616.1943629442585	0.0	0	0.0	2040.0370722822263	1	0	1	2.237646823673867
282200.0	3000.0	1840.0370722816897	0.0	0	51.0637116379221	2040.0370722822263	1	0	1	2.237646823673867
283200.0	3000.0	1840.0370722816983	0.0	0	559.0796460477286	2040.0370722822263	1	0	1	2.237646823673867
284200.0	3000.0	1840.0370722816724	0.0	0	557.6110247146571	2040.0370722822263	1	0	1	2.237646823673867
285200.0	3000.0	1840.0370722816695	0.0	0	270.5706485530827	2040.0370722822263	1	0	1	2.237646823673868
286200.0	3000.0	1840.037072281644	0.0	0	261.48284410347696	2040.0370722822845	1	0	1	2.2376468236738627
287200.0	3000.0	1840.037072281653	0.0	0	290.5167285473435	2040.0370722822263	1	0	1	2.2376468236738654
288200.0	3000.0	1840.0370722817097	0.0	0	450.74473383824807	2040.0370722822263	1	0	1	2.237646823673867
289200.0	3000.0	1840.0370722816936	0.0	0	379.5856048083515	2040.0370722822263	1	0	1	2.237646823673867
290200.0	3000.0	1840.0370722817293	0.0	0	336.2754102408653	2040.0370722822845	1	0	1	2.2376468236738627
291200.0	3000.0	1840.0370722817736	0.0	0	324.7920401589945	2040.0370722822845	1	0	1	2.2376468236738627
292200.0	3000.0	1840.037072281765	0.0	0	290.9641176383011	2040.0370722823427	1	0	1	2.2376468236738605
293200.0	3000.0	1840.037072281832	0.0	0	59.73364713502815	2040.0370722823427	1	0	1	2.2376468236738587
294200.0	3000.0	1840.0370722818398	0.0	0	173.6683511948795	2040.0370722823427	1	0	1	2.2376468236738587
295200.0	3000.0	1840.037072281887	0.0	0	324.3027385996538	2040.0370722823427	1	0	1	2.2376468236738587
296200.0	3000.0	1840.037072281852	0.0	0	151.9918569268193	2040.0370722822845	1	0	1	2.2376468236738627
297200.0	3000.0	1840.0370722818438	0.0	0	246.83518060308415	2040.0370722823427	1	0	1	2.2376468236738587
298200.0	3000.0	1840.0370722818075	0.0	0	484.9734297047253	2040.0370722823427	1	0	1	2.2376468236738587
299200.0	3000.0	1840.0370722817622	0.0	0	371.374552986701	2040.0370722823427	1	0	1	2.2376468236738587
300200.0	3000.0	1840.0370722818225	0.0	0	181.57866567227757	2040.0370722823427	1	0	1	2.2376468236738587
3.19	5.24	5.87	2.92	2.97	3.41	4.03	3.95	3.26	3.97	3.61	5.06	7.41	6.33	2.46	3.66	5.75	4.22	4.66	6.52	5.51	6.59	6.16	3.76	4.6	3.06	2.21	4.17	3.68	4.19	4.69	6.3	6.37	4.6	4.73	4.63	4.48	2.25	3.08	4.09	2.88	2.78	4.2	4.27	1.97	3.73	3.74	3.7	5.09	5.13	4.02	5.65	1.78	4.51	5.43	4.95	4.3	3.97	4.51	3.12	3.63	3.29	3.82	3.81	3.15	4.89	3.67	3.85	3.36	4.83	4.34	5.22	4.6	3.6	3.71	3.02	4.62	4.91	6.13	5.1	3.02	4.12	3.63	4.84	3.29	3.7	4.03	4.98	5.61	4.43	4.05	3.96	5.4	3.42	2.98	3.8	4.63	4.63	3.76	5.17	4.61	3.85	3.23	3.6	4.31	2.41	4.69	6.92	6.79	5.99	6.68	3.31	3.27	4.98	3.72	4.21	4.2	4.92	5.6	2.97	3.43	2.18	2.88	2.26	4.14	2.77	4.01	5.18	7.44	4.25	4.69	5.78	4.67	4.12	4.01	4.67	4.61	2.61	4.22	4.9	4.0	4.97	5.38	4.88	3.97	3.88	5.49	4.44	4.37	4.69	3.19	5.24	5.87	2.92	2.97	3.41	4.03	3.95	3.26	3.97	3.61	5.06	7.41	6.33	2.46	3.66	5.75	4.22	4.66	6.52	5.51	6.59	6.16	3.76	4.6	3.06	2.21	4.17	3.68	4.19	4.69	6.3	6.37	4.6	4.73	4.63	4.48	2.25	3.08	4.09	2.88	2.78	4.2	4.27	1.97	3.73	3.74	3.7	5.09	5.13	4.02	5.65	1.78	4.51	5.43	4.95	4.3	3.97	4.51	3.12	3.63	3.29	3.82	3.81	3.15	4.89	3.67	3.85	3.36	4.83	4.34	5.22	4.6	3.6	3.71	3.02	4.62	4.91	6.13	5.1	3.02	4.12	3.63	4.84	3.29	3.7	4.03	4.98	5.61	4.43	4.05	3.96	5.4	3.42	2.98	3.8	4.63	4.63	3.76	5.17	4.61	3.85	3.23	3.6	4.31	2.41	4.69	6.92	6.79	5.99	6.68	3.31	3.27	4.98	3.72	4.21	4.2	4.92	5.6	2.97	3.43	2.18	2.88	2.26	4.14	2.77	4.01	5.18	7.44	4.25	4.69	5.78	4.67	4.12	4.01	4.67	4.61	2.61	4.22	4.9	4.0	4.97	5.38	4.88	3.97	3.88	5.49	4.44
1.0	2.0	3.0	4.0	5.0	6.0	7.0	8.0	9.0	10.0	11.0	12.0	13.0	14.0	15.0	16.0	17.0	18.0	19.0	20.0	21.0	22.0	23.0	24.0	25.0	26.0	27.0	28.0	29.0	30.0	31.0	32.0	33.0	34.0	35.0	36.0	37.0	38.0	39.0	40.0	41.0	42.0	43.0	44.0	45.0	46.0	47.0	48.0	49.0	50.0	51.0	52.0	53.0	54.0	55.0	56.0	57.0	58.0	59.0	60.0	61.0	62.0	63.0	64.0	65.0	66.0	67.0	68.0	69.0	70.0	71.0	72.0	73.0	74.0	75.0	76.0	77.0	78.0	79.0	80.0	81.0	82.0	83.0	84.0	85.0	86.0	87.0	88.0	89.0	90.0	91.0	92.0	93.0	94.0	95.0	96.0	97.0	98.0	99.0	100.0	101.0	102.0	103.0	104.0	105.0	106.0	107.0	108.0	109.0	110.0	111.0	112.0	113.0	114.0	115.0	116.0	117.0	118.0	119.0	120.0	121.0	122.0	123.0	124.0	125.0	126.0	127.0	128.0	129.0	130.0	131.0	132.0	133.0	134.0	135.0	136.0	137.0	138.0	139.0	140.0	141.0	142.0	143.0	144.0	145.0	146.0	147.0	148.0	149.0	149.0	150.0	151.0	152.0	153.0	154.0	155.0	156.0	157.0	158.0	159.0	160.0	161.0	162.0	163.0	164.0	165.0	166.0	167.0	168.0	169.0	170.0	171.0	172.0	173.0	174.0	175.0	176.0	177.0	178.0	179.0	180.0	181.0	182.0	183.0	184.0	185.0	186.0	187.0	188.0	189.0	190.0	191.0	192.0	193.0	194.0	195.0	196.0	197.0	198.0	199.0	200.0	201.0	202.0	203.0	204.0	205.0	206.0	207.0	208.0	209.0	210.0	211.0	212.0	213.0	214.0	215.0	216.0	217.0	218.0	219.0	220.0	221.0	222.0	223.0	224.0	225.0	226.0	227.0	228.0	229.0	230.0	231.0	232.0	233.0	234.0	235.0	236.0	237.0	238.0	239.0	240.0	241.0	242.0	243.0	244.0	245.0	246.0	247.0	248.0	249.0	250.0	251.0	252.0	253.0	254.0	255.0	256.0	257.0	258.0	259.0	260.0	261.0	262.0	263.0	264.0	265.0	266.0	267.0	268.0	269.0	270.0	271.0	272.0	273.0	274.0	275.0	276.0	277.0	278.0	279.0	280.0	281.0	282.0	283.0	284.0	285.0	286.0	287.0	288.0	289.0	290.0	291.0	292.0	293.0	294.0	295.0	296.0	297.0
5668.148931830905
