4861.972391356987	300.0	2000.0	91.77461523968914	0	0.0	4861.972391356987	1	0	1	-1.500043436909201
4963.153567948594	300.0	2888.700705749232	0.0	0	0.0	4851.854273697826	1	0	2	-1.354604419465171
5045.458870186741	300.0	3798.164873287271	0.0	0	0.0	4843.6237434740115	1	0	2	-1.1483120533581423
5200.0	500.0	4628.169630492686	0.0	0	25.671315245310325	4828.169630492685	1	0	2	-1.139531590687902
6200.0	500.0	4528.169630492685	0.0	0	892.2884269249325	4728.1696304926845	1	0	2	-0.5828821641355857
7200.0	500.0	4428.169630492686	0.0	0	834.7200128787963	4628.169630492685	1	0	2	-0.5148648568406278
8200.0	500.0	4328.1696304926845	0.0	0	852.2920785570032	4528.169630492684	1	0	2	-0.45069146535051197
9200.0	1000.0	4228.169630492686	0.0	0	673.2133221420663	4428.169630492685	1	0	2	-0.39033873581695566
10200.0	1000.0	4128.1696304926845	0.0	0	709.1791339888423	4328.169630492683	1	0	2	0.3593969204271432
11255.45748694336	3000.0	3967.1663948549867	0.0	0	0.0	4222.623881798344	1	0	2	0.42125132027826495
12356.567601925326	3000.0	3755.9452683748254	0.0	0	0.0	4112.512870300148	1	0	2	1.5747172881644693
13200.0	3000.0	3828.1696304926845	0.0	0	49.98350365406077	4028.1696304926827	1	0	2	1.6146251336366246
14200.0	3000.0	3728.1696304926845	0.0	0	63.21385912971709	3928.169630492681	1	0	2	1.6508892929051462
15414.473292379571	3000.0	3392.249008875156	0.0	0	0.0	3806.722301254722	1	0	2	1.6998362504880458
16392.371702662396	3000.0	3316.56075756405	0.0	0	0.0	3708.9324602264423	1	0	2	1.7364077794955715
17335.94473213036	3000.0	3278.6304251492897	0.0	0	0.0	3614.575157279647	1	0	2	1.7679783903880602
18465.638437002068	3000.0	3035.967349790409	0.0	0	0.0	3501.6057867924756	1	0	2	1.800838416204643
19200.0	3000.0	3228.1696304926886	0.0	0	77.62185518641127	3428.16963049269	1	0	2	1.8228382742086238
20458.344201481927	3000.0	2843.9910088625675	0.0	0	0.0	3302.335210344492	1	0	2	1.8511154005999741
21755.24186484984	3000.0	2417.4035791578626	0.0	0	0.0	3172.6454440076996	1	0	2	1.8825114997444303
22456.181732855228	3000.0	2646.3697243519327	0.0	0	0.0	3102.5514572071625	1	0	2	1.899827157119452
23207.488975080152	3000.0	2819.931757904519	0.0	0	0.0	3027.4207329846686	1	0	2	1.914472298468569
24200.0	3000.0	2728.169630492688	0.0	0	331.8850669487838	2928.169630492688	1	0	2	1.9289497682642542
25200.0	3000.0	2628.1696304926863	0.0	0	306.368613307106	2828.169630492688	1	0	2	1.945867512490639
26200.0	3000.0	2528.1696304926877	0.0	0	388.6865308912638	2728.1696304926845	1	0	2	1.9607221817319567
27200.0	3000.0	2428.1696304926922	0.0	0	209.51942715514815	2628.169630492692	1	0	2	1.9752664871088674
28200.0	3000.0	2328.1696304926922	0.0	0	220.46302908739744	2528.169630492692	1	0	2	1.9874589795657973
29200.0	3000.0	2228.1696304926954	0.0	0	44.29593858657972	2428.169630492699	1	0	2	2.000505084348612
30298.39414083065	3000.0	2019.9360755789828	0.0	0	0.0	2318.330216409635	1	0	2	2.011435375415278
31416.307701659654	3000.0	1790.2311586670783	0.0	0	0.0	2206.5388603267384	1	0	2	2.0219136326611555
32595.887191313366	3000.0	1492.693720047991	0.0	0	0.0	2088.5809113613614	1	0	2	2.031401393454524
33210.66537623981	3000.0	1877.9155351215443	0.0	0	0.0	2088.5809113613614	1	0	1	2.033997762319667
34200.0	3000.0	1888.5809113613557	0.0	0	265.61172841825464	2088.5809113613614	1	0	1	2.2339977623196665
35253.89371280818	3000.0	1834.6871985531739	0.0	0	0.0	2088.580911361365	1	0	1	2.2339977623196665
36200.0	3000.0	1888.5809113613477	0.0	0	213.40167695377022	2088.580911361365	1	0	1	2.2339977623196665
37200.0	3000.0	1888.580911361351	0.0	0	27.872026788434596	2088.5809113613723	1	0	1	2.2339977623196656
38200.0	3000.0	1888.5809113613543	0.0	0	77.41350895160576	2088.5809113613723	1	0	1	2.2339977623196656
39489.791268909095	3000.0	1598.7896424522696	0.0	0	0.0	2088.5809113613795	1	0	1	2.233997762319665
40784.17618638227	3000.0	1304.404724979095	0.0	0	0.0	2088.5809113613795	1	0	1	2.233997762319665
41854.16084270134	3000.0	1234.42006866002	0.0	0	0.0	2088.5809113613795	1	0	1	2.233997762319665
43165.93633054302	3000.0	922.6445808183408	0.0	0	0.0	2088.5809113613795	1	0	1	2.233997762319665
44438.60778238242	3000.0	649.9731289789474	0.0	0	0.0	2088.580911361387	1	0	1	2.2339977623196647
45226.615050369386	2000.0	861.9658609919796	0.0	0	0.0	2088.5809113613795	1	0	1	1.423067546103336
45858.291317983436	2000.0	1230.2895933779348	0.0	0	0.0	2088.5809113613795	1	0	1	1.8285326542115006
46495.151581637736	2000.0	1593.4293297236386	0.0	0	0.0	2088.5809113613795	1	0	1	1.8285326542115006
47200.0	2000.0	1888.5809113613693	0.0	0	82.57578307210497	2088.5809113613795	1	0	1	1.8285326542115006
48200.0	2000.0	1888.580911361373	0.0	0	330.85560187126976	2088.580911361387	1	0	1	1.8285326542115
49200.0	2000.0	1888.5809113613645	0.0	0	429.48210261017084	2088.580911361387	1	0	1	1.8285326542115
50200.0	3000.0	1888.5809113613614	0.0	0	150.03569826758758	2088.580911361387	1	0	1	1.8285326542115001
51334.527557058944	3000.0	1754.0533543024096	0.0	0	0.0	2088.580911361387	1	0	1	2.2339977623196647
52200.0	3000.0	1888.5809113613577	0.0	0	2.9961365200870205	2088.580911361387	1	0	1	2.2339977623196647
53200.0	3000.0	1888.5809113613614	0.0	0	325.36640304068715	2088.580911361387	1	0	1	2.2339977623196647
54200.0	3000.0	1888.5809113613593	0.0	0	223.0739945861933	2088.580911361394	1	0	1	2.2339977623196643
55200.0	3000.0	1888.580911361356	0.0	0	277.2006798309667	2088.580911361394	1	0	1	2.2339977623196643
56200.0	3000.0	1888.5809113613486	0.0	0	313.84364130363974	2088.580911361394	1	0	1	2.2339977623196643
57210.621100348144	3000.0	1877.9598110132054	0.0	0	0.0	2088.580911361394	1	0	1	2.2339977623196643
58200.0	3000.0	1888.5809113613573	0.0	0	269.8279643239948	2088.580911361394	1	0	1	2.2339977623196643
59200.0	3000.0	1888.5809113613645	0.0	0	193.4550096203675	2088.580911361394	1	0	1	2.2339977623196643
60286.92467049044	3000.0	1801.6562408709192	0.0	0	0.0	2088.580911361394	1	0	1	2.2339977623196643
61244.27693649197	3000.0	1844.3039748693989	0.0	0	0.0	2088.5809113614014	1	0	1	2.2339977623196634
62200.0	3000.0	1888.580911361373	0.0	0	77.95203196474904	2088.5809113614014	1	0	1	2.2339977623196634
63200.0	3000.0	1888.5809113613757	0.0	0	222.79773166478117	2088.5809113614014	1	0	1	2.2339977623196634
64627.03464927221	3000.0	1461.5462620891685	0.0	0	0.0	2088.5809113614014	1	0	1	2.2339977623196634
65218.4876848927	3000.0	1870.0932264686712	0.0	0	0.0	2088.580911361394	1	0	1	2.2339977623196643
66200.0	3000.0	1888.5809113613695	0.0	0	337.95689459255664	2088.580911361394	1	0	1	2.233997762319664
67200.0	3000.0	1888.5809113613502	0.0	0	136.74608052008261	2088.5809113613723	1	0	1	2.2339977623196656
68272.25357700606	3000.0	1816.3273343552933	0.0	0	0.0	2088.580911361365	1	0	1	2.2339977623196665
69227.27918803704	3000.0	1861.3017233243181	0.0	0	0.0	2088.580911361365	1	0	1	2.2339977623196665
70342.77951323247	3000.0	1745.8013981288964	0.0	0	0.0	2088.5809113613795	1	0	1	2.233997762319665
71365.24982067075	3000.0	1723.3310906906054	0.0	0	0.0	2088.5809113613795	1	0	1	2.233997762319665
72200.0	3000.0	1888.5809113613718	0.0	0	201.12272023847618	2088.5809113613795	1	0	1	2.233997762319665
73200.0	3000.0	1888.580911361371	0.0	0	180.07673776577576	2088.5809113613795	1	0	1	2.233997762319665
74200.0	3000.0	1888.5809113613777	0.0	0	343.19880896250834	2088.580911361394	1	0	1	2.2339977623196643
75200.0	3000.0	1888.5809113613818	0.0	0	99.13477667467669	2088.580911361394	1	0	1	2.2339977623196643
76200.0	3000.0	1888.580911361371	0.0	0	96.86999233376991	2088.580911361394	1	0	1	2.2339977623196643
77200.0	3000.0	1888.5809113613689	0.0	0	184.58047001362138	2088.5809113613795	1	0	1	2.233997762319665
78200.0	3000.0	1888.580911361366	0.0	0	413.7390658908407	2088.580911361394	1	0	1	2.2339977623196643
79375.41298215828	3000.0	1713.1679292030794	0.0	0	0.0	2088.580911361394	1	0	1	2.2339977623196643
80233.37520302541	3000.0	1855.2057083359562	0.0	0	0.0	2088.580911361394	1	0	1	2.2339977623196643
81200.0	3000.0	1888.5809113613582	0.0	0	167.00598729997	2088.580911361394	1	0	1	2.2339977623196643
82200.0	3000.0	1888.5809113613584	0.0	0	49.812017326272326	2088.580911361394	1	0	1	2.2339977623196643
83200.0	3000.0	1888.5809113613705	0.0	0	200.6635889889876	2088.580911361394	1	0	1	2.2339977623196643
84200.0	3000.0	1888.5809113613677	0.0	0	402.90278672728164	2088.580911361394	1	0	1	2.2339977623196643
85292.56608897734	3000.0	1796.0148223840201	0.0	0	0.0	2088.580911361394	1	0	1	2.2339977623196643
86252.1479910566	3000.0	1836.4329203047573	0.0	0	0.0	2088.5809113614087	1	0	1	2.233997762319663
87268.33192388748	3000.0	1820.2489874738653	0.0	0	0.0	2088.580911361394	1	0	1	2.2339977623196643
88200.0	3000.0	1888.5809113613611	0.0	0	125.53917750713299	2088.580911361394	1	0	1	2.2339977623196643
89200.0	3000.0	1888.580911361369	0.0	0	19.210157685374725	2088.5809113613795	1	0	1	2.233997762319665
90200.0	3000.0	1888.5809113613727	0.0	0	120.5918490326876	2088.580911361365	1	0	1	2.2339977623196665
91200.0	3000.0	1888.580911361376	0.0	0	139.75348977393878	2088.580911361365	1	0	1	2.2339977623196665
92200.0	3000.0	1888.580911361378	0.0	0	9.8621500259178	2088.580911361365	1	0	1	2.2339977623196665
93200.0	3000.0	1888.5809113613846	0.0	0	294.261768200653	2088.580911361365	1	0	1	2.2339977623196665
94200.0	3000.0	1888.580911361386	0.0	0	137.31031786858512	2088.580911361365	1	0	1	2.2339977623196665
95268.56931130208	3000.0	1820.0116000593032	0.0	0	0.0	2088.580911361365	1	0	1	2.2339977623196665
96471.6848585043	3000.0	1616.8960528570883	0.0	0	0.0	2088.580911361365	1	0	1	2.2339977623196665
97200.0	3000.0	1888.5809113613818	0.0	0	48.49602824971953	2088.580911361365	1	0	1	2.2339977623196665
98200.0	3000.0	1888.5809113613782	0.0	0	266.47955331056437	2088.5809113613504	1	0	1	2.2339977623196674
99258.75467609288	3000.0	1829.826235268489	0.0	0	0.0	2088.5809113613504	1	0	1	2.2339977623196674
100529.26732963193	3000.0	1559.3135817294433	0.0	0	0.0	2088.5809113613504	1	0	1	2.2339977623196674
101406.27931629535	3000.0	1682.3015950660279	0.0	0	0.0	2088.5809113613504	1	0	1	2.2339977623196674
102200.0	3000.0	1888.5809113613811	0.0	0	54.34564015174692	2088.5809113613504	1	0	1	2.2339977623196674
103201.93540812477	3000.0	1886.6455032366173	0.0	0	0.0	2088.580911361365	1	0	1	2.2339977623196665
104200.0	3000.0	1888.5809113613927	0.0	0	290.77581541906693	2088.580911361365	1	0	1	2.2339977623196665
105200.0	3000.0	1888.5809113613911	0.0	0	344.02931571799854	2088.580911361365	1	0	1	2.2339977623196665
106200.0	3000.0	1888.580911361367	0.0	0	294.4400859284069	2088.580911361365	1	0	1	2.2339977623196665
107424.65898736576	3000.0	1663.9219239956005	0.0	0	0.0	2088.580911361365	1	0	1	2.2339977623196665
108465.00404345711	3000.0	1623.576867904251	0.0	0	0.0	2088.580911361365	1	0	1	2.2339977623196665
109694.07004106947	3000.0	1394.510870291881	0.0	0	0.0	2088.580911361365	1	0	1	2.2339977623196665
110446.29109732309	3000.0	1642.2898140382645	0.0	0	0.0	2088.5809113613504	1	0	1	2.2339977623196674
111200.0	3000.0	1888.5809113613516	0.0	0	114.12959422395215	2088.580911361336	1	0	1	2.2339977623196687
112200.0	3000.0	1888.5809113613523	0.0	0	124.04509832293843	2088.580911361336	1	0	1	2.2339977623196687
113541.89049181379	3000.0	1546.6904195475786	0.0	0	0.0	2088.580911361336	1	0	1	2.2339977623196687
114286.64118846974	3000.0	1801.9397228916307	0.0	0	0.0	2088.580911361336	1	0	1	2.2339977623196687
115200.0	3000.0	1888.5809113613677	0.0	0	53.154904036578955	2088.580911361336	1	0	1	2.2339977623196687
116200.0	3000.0	1888.5809113613739	0.0	0	249.92834507269436	2088.5809113613504	1	0	1	2.2339977623196674
117200.0	3000.0	1888.5809113613795	0.0	0	514.4301715816837	2088.5809113613504	1	0	1	2.2339977623196674
118200.0	3000.0	1888.5809113613727	0.0	0	339.0428106348554	2088.5809113613504	1	0	1	2.2339977623196674
119200.0	3000.0	1888.580911361372	0.0	0	367.2063779365708	2088.5809113613504	1	0	1	2.2339977623196674
120200.0	3000.0	1888.5809113613848	0.0	0	380.0373983314639	2088.5809113613504	1	0	1	2.2339977623196674
121200.0	3000.0	1888.5809113613666	0.0	0	90.37968446021841	2088.5809113613504	1	0	1	2.2339977623196674
122373.00541998642	3000.0	1715.5754913749358	0.0	0	0.0	2088.5809113613504	1	0	1	2.2339977623196674
123380.2882947552	3000.0	1708.2926166061575	0.0	0	0.0	2088.5809113613504	1	0	1	2.2339977623196674
124200.36070759183	3000.0	1888.2202037695163	0.0	0	0.0	2088.5809113613504	1	0	1	2.2339977623196674
125200.0	3000.0	1888.5809113613357	0.0	0	11.908862600728753	2088.5809113613504	1	0	1	2.2339977623196674
126526.35864054774	3000.0	1562.2222708135926	0.0	0	0.0	2088.5809113613504	1	0	1	2.2339977623196674
127432.69066885622	3000.0	1655.8902425051167	0.0	0	0.0	2088.5809113613504	1	0	1	2.2339977623196674
128557.89194555221	3000.0	1530.6889658091318	0.0	0	0.0	2088.5809113613504	1	0	1	2.2339977623196674
129686.98435334851	3000.0	1401.5965580128313	0.0	0	0.0	2088.5809113613504	1	0	1	2.2339977623196674
130691.24575544463	3000.0	1397.335155916715	0.0	0	0.0	2088.580911361336	1	0	1	2.2339977623196687
131342.52010894014	3000.0	1746.0608024211967	0.0	0	0.0	2088.5809113613213	1	0	1	2.233997762319669
132200.0	3000.0	1888.580911361376	0.0	0	423.06228320798255	2088.580911361365	1	0	1	2.2339977623196674
133200.0	3000.0	1888.5809113613454	0.0	0	494.1041497090191	2088.5809113613213	1	0	1	2.2339977623196683
134200.0	3000.0	1888.5809113613027	0.0	0	33.07446292202803	2088.5809113613213	1	0	1	2.2339977623196696
135200.0	3000.0	1888.5809113612931	0.0	0	125.06051545144874	2088.5809113612922	1	0	1	2.2339977623196714
136200.0	3000.0	1888.5809113612913	0.0	0	293.1060185088136	2088.580911361263	1	0	1	2.233997762319673
137200.0	3000.0	1888.5809113612975	0.0	0	325.9777178912191	2088.580911361263	1	0	1	2.233997762319674
138377.77974810574	3000.0	1710.8011632555397	0.0	0	0.0	2088.580911361263	1	0	1	2.233997762319674
139763.80547693116	3000.0	1324.7754344301056	0.0	0	0.0	2088.580911361234	1	0	1	2.2339977623196763
140645.86891791652	3000.0	1442.7119934447544	0.0	0	0.0	2088.580911361205	1	0	1	2.2339977623196785
141480.29289509877	3000.0	1608.2880162625022	0.0	0	0.0	2088.580911361205	1	0	1	2.2339977623196785
142200.0	3000.0	1888.5809113612781	0.0	0	179.54325270326808	2088.580911361205	1	0	1	2.2339977623196785
143200.0	3000.0	1888.5809113612725	0.0	0	35.27035568971769	2088.580911361205	1	0	1	2.2339977623196785
144277.98726737653	3000.0	1810.5936439847349	0.0	0	0.0	2088.580911361205	1	0	1	2.2339977623196785
145352.35689908342	3000.0	1736.2240122778737	0.0	0	0.0	2088.580911361205	1	0	1	2.2339977623196785
146330.97609890302	3000.0	1757.604812458245	0.0	0	0.0	2088.580911361234	1	0	1	2.2339977623196763
147372.0456265956	3000.0	1716.5352847656648	0.0	0	0.0	2088.580911361234	1	0	1	2.2339977623196763
148313.46248207983	3000.0	1775.1184292814087	0.0	0	0.0	2088.580911361234	1	0	1	2.2339977623196763
149200.0	3000.0	1888.580911361232	0.0	0	173.4340625955665	2088.580911361234	1	0	1	2.2339977623196763
150382.0723290571	3000.0	1706.5085823041654	0.0	0	0.0	2088.580911361234	1	0	1	2.2339977623196763
151597.94902729086	3000.0	1490.6318840704212	0.0	0	0.0	2088.580911361263	1	0	1	2.233997762319674
152683.21786294895	3000.0	1405.3630484123116	0.0	0	0.0	2088.580911361263	1	0	1	2.233997762319674
153674.02845326136	3000.0	1414.552458099912	0.0	0	0.0	2088.580911361263	1	0	1	2.233997762319674
154200.0	3000.0	1888.5809113612863	0.0	0	65.35024401213741	2088.580911361263	1	0	1	2.233997762319674
155200.0	3000.0	1888.58091136125	0.0	0	507.6677151104668	2088.580911361263	1	0	1	2.233997762319674
156200.0	3000.0	1888.5809113612477	0.0	0	106.35619988726103	2088.580911361234	1	0	1	2.2339977623196763
157200.0	3000.0	1888.580911361253	0.0	0	301.59488787222654	2088.580911361263	1	0	1	2.233997762319674
158200.0	3000.0	1888.5809113612424	0.0	0	252.5662604663521	2088.580911361263	1	0	1	2.233997762319674
159214.62127723446	3000.0	1873.9596341268175	0.0	0	0.0	2088.580911361263	1	0	1	2.233997762319674
160459.64593383306	3000.0	1628.9349775282265	0.0	0	0.0	2088.5809113612922	1	0	1	2.233997762319672
161483.71353809992	3000.0	1604.8673732613636	0.0	0	0.0	2088.5809113612922	1	0	1	2.233997762319672
162200.0	3000.0	1888.580911361274	0.0	0	32.18225414666813	2088.580911361263	1	0	1	2.233997762319674
163200.0	3000.0	1888.580911361306	0.0	0	254.63382688854472	2088.580911361263	1	0	1	2.233997762319674
164200.0	3000.0	1888.5809113613159	0.0	0	24.62189937083167	2088.580911361263	1	0	1	2.233997762319674
165259.930153946	3000.0	1828.6507574152888	0.0	0	0.0	2088.5809113612922	1	0	1	2.233997762319672
166200.0	3000.0	1888.5809113613216	0.0	0	8.624934862164082	2088.5809113612922	1	0	1	2.233997762319672
167200.0	3000.0	1888.5809113613057	0.0	0	333.5227964386868	2088.580911361263	1	0	1	2.233997762319674
168200.0	3000.0	1888.5809113612868	0.0	0	198.57092262405786	2088.580911361234	1	0	1	2.2339977623196763
169200.0	3000.0	1888.5809113612956	0.0	0	12.05640277787461	2088.580911361234	1	0	1	2.2339977623196763
170609.9271283872	3000.0	1478.6537829740707	0.0	0	0.0	2088.580911361234	1	0	1	2.2339977623196763
171559.67705294123	3000.0	1528.903858420069	0.0	0	0.0	2088.580911361205	1	0	1	2.2339977623196785
172484.52134330844	3000.0	1604.059568052835	0.0	0	0.0	2088.580911361176	1	0	1	2.2339977623196807
173386.82057592442	3000.0	1701.76033543685	0.0	0	0.0	2088.580911361176	1	0	1	2.2339977623196807
174200.0	3000.0	1888.580911361258	0.0	0	293.4595123476465	2088.580911361176	1	0	1	2.2339977623196807
175200.0	3000.0	1888.5809113612715	0.0	0	483.9139473820105	2088.5809113611467	1	0	1	2.233997762319683
176200.0	3000.0	1888.5809113612804	0.0	0	418.42082198892604	2088.5809113611467	1	0	1	2.233997762319683
177200.0	3000.0	1888.5809113613184	0.0	0	262.87530289575807	2088.5809113611467	1	0	1	2.233997762319683
178419.11849020957	3000.0	1669.462421151764	0.0	0	0.0	2088.5809113611467	1	0	1	2.233997762319683
179268.41817082604	3000.0	1820.16274053533	0.0	0	0.0	2088.5809113611467	1	0	1	2.233997762319683
180200.0	3000.0	1888.5809113613723	0.0	0	37.469049367209664	2088.5809113611467	1	0	1	2.233997762319683
181254.73112780481	3000.0	1833.8497835565515	0.0	0	0.0	2088.5809113611467	1	0	1	2.233997762319683
182200.0	3000.0	1888.5809113613943	0.0	0	31.964346533932257	2088.5809113611467	1	0	1	2.233997762319683
183200.0	3000.0	1888.58091136139	0.0	0	364.442070515448	2088.5809113611467	1	0	1	2.233997762319683
184200.0	3000.0	1888.5809113613868	0.0	0	290.5257560184691	2088.5809113611467	1	0	1	2.233997762319683
185200.0	3000.0	1888.5809113613825	0.0	0	124.87469493257231	2088.5809113611467	1	0	1	2.233997762319683
186453.90953703067	3000.0	1634.6713743306964	0.0	0	0.0	2088.5809113611467	1	0	1	2.233997762319683
187781.92078256613	3000.0	1306.6601287952394	0.0	0	0.0	2088.5809113611467	1	0	1	2.233997762319683
189333.80925986372	3000.0	754.771651497615	0.0	0	0.0	2088.5809113611176	1	0	1	2.233997762319685
190241.98519904175	3000.0	846.5957123196109	0.0	0	0.0	2088.5809113611176	1	0	1	2.233997762319685
190995.97899790577	3000.0	1092.6019134555822	0.0	0	0.0	2088.5809113611176	1	0	1	2.233997762319685
192663.4275909018	3000.0	425.1533204595805	0.0	0	0.0	2088.5809113611467	1	0	1	2.233997762319683
193879.88051304163	3000.0	370.7437888343684	162.04339051462102	0	0.0	2250.624301875767	1	0	1	1.2482496853582994
194552.82067730525	3000.0	697.8036245707193	0.0	0	0.0	2250.624301875767	1	0	1	2.2205100284460255
195282.7155189879	2000.0	967.9087828880606	0.0	0	0.0	2250.6243018757377	1	0	1	1.4095798122296985
195877.87291127833	2000.0	1372.751390597624	0.0	0	0.0	2250.6243018757377	1	0	1	1.8150449203378631
196509.71401407412	2000.0	1740.9102878018216	0.0	0	0.0	2250.6243018757377	1	0	1	1.8150449203378631
197222.4902124588	3000.0	2028.1340894171428	0.0	0	0.0	2250.6243018757377	1	0	1	1.8150449203378634
198200.0	3000.0	2050.624301875949	0.0	0	194.90159541682806	2250.6243018757086	1	0	1	2.220510028446031
199200.0	3000.0	2050.624301875923	0.0	0	8.867269125883467	2250.6243018757086	1	0	1	2.220510028446031
200200.0	3000.0	2050.624301875908	0.0	0	116.4844660050585	2250.6243018756504	1	0	1	2.2205100284460353
201250.98521744745	3000.0	1999.6390844284465	0.0	0	0.0	2250.6243018756504	1	0	1	2.220510028446036
202200.0	3000.0	2050.6243018759055	0.0	0	210.54729542406858	2250.6243018756504	1	0	1	2.220510028446036
203200.0	3000.0	2050.624301875886	0.0	0	291.8657026773144	2250.6243018756504	1	0	1	2.220510028446036
204200.0	3000.0	2050.6243018758837	0.0	0	413.8908041897812	2250.6243018756504	1	0	1	2.220510028446036
205200.0	3000.0	2050.624301875914	0.0	0	94.36731694245827	2250.6243018756504	1	0	1	2.220510028446036
206216.61783050257	3000.0	2034.006471373354	0.0	0	0.0	2250.6243018756504	1	0	1	2.220510028446036
207200.0	3000.0	2050.624301875924	0.0	0	428.2328578408924	2250.6243018756504	1	0	1	2.220510028446036
208200.0	3000.0	2050.624301875923	0.0	0	129.34913588743075	2250.6243018756504	1	0	1	2.220510028446036
209200.0	3000.0	2050.6243018759187	0.0	0	72.57117720964015	2250.6243018756795	1	0	1	2.220510028446034
210410.6037754354	3000.0	1840.0205264405286	0.0	0	0.0	2250.6243018756504	1	0	1	2.220510028446036
211506.903422887	3000.0	1743.7208789889276	0.0	0	0.0	2250.6243018756504	1	0	1	2.220510028446036
212272.4106320307	3000.0	1978.2136698452193	0.0	0	0.0	2250.6243018756504	1	0	1	2.220510028446036
213200.0	3000.0	2050.6243018759073	0.0	0	41.55919047919451	2250.6243018756504	1	0	1	2.220510028446036
214200.0	3000.0	2050.6243018759105	0.0	0	144.55973174172686	2250.6243018756504	1	0	1	2.220510028446036
215200.0	3000.0	2050.624301875906	0.0	0	452.60864467697684	2250.6243018756504	1	0	1	2.220510028446036
216200.0	3000.0	2050.624301875893	0.0	0	408.5035628984042	2250.6243018756504	1	0	1	2.220510028446036
217211.9894889608	3000.0	2038.6348129151004	0.0	0	0.0	2250.6243018756504	1	0	1	2.220510028446036
218200.0	3000.0	2050.624301875895	0.0	0	123.69361731098616	2250.6243018756504	1	0	1	2.2205100284460357
219200.0	3000.0	2050.624301875916	0.0	0	109.26605608366663	2250.6243018756504	1	0	1	2.220510028446036
220200.0	3000.0	2050.624301875886	0.0	0	51.41973035444971	2250.6243018756504	1	0	1	2.220510028446036
221200.0	3000.0	2050.624301875877	0.0	0	163.647892483772	2250.6243018756213	1	0	1	2.220510028446038
222200.0	3000.0	2050.624301875878	0.0	0	302.7100165844022	2250.6243018756213	1	0	1	2.2205100284460384
223200.0	3000.0	2050.624301875886	0.0	0	183.31807922222652	2250.6243018756504	1	0	1	2.220510028446037
224200.0	3000.0	2050.6243018759105	0.0	0	10.83096505337744	2250.6243018756504	1	0	1	2.220510028446036
225207.53779871535	3000.0	2043.0865031605142	0.0	0	0.0	2250.6243018756504	1	0	1	2.220510028446036
226310.26109412863	3000.0	1940.3632077472193	0.0	0	0.0	2250.6243018756213	1	0	1	2.2205100284460384
227200.0	3000.0	2050.6243018758723	0.0	0	259.28132248847396	2250.6243018756213	1	0	1	2.2205100284460384
228200.0	3000.0	2050.6243018758882	0.0	0	262.07245610366226	2250.6243018756213	1	0	1	2.2205100284460384
229200.0	3000.0	2050.6243018759037	0.0	0	222.037659159163	2250.6243018756504	1	0	1	2.220510028446036
230200.0	3000.0	2050.624301875877	0.0	0	14.750582592416322	2250.6243018756504	1	0	1	2.220510028446036
231200.0	3000.0	2050.6243018758723	0.0	0	246.71990637958515	2250.6243018756504	1	0	1	2.220510028446036
232200.0	3000.0	2050.6243018758914	0.0	0	10.648946685920237	2250.6243018756795	1	0	1	2.220510028446033
233200.0	3000.0	2050.6243018758782	0.0	0	192.92615367626422	2250.6243018757086	1	0	1	2.220510028446031
234200.0	3000.0	2050.6243018758832	0.0	0	122.21385002008174	2250.6243018757377	1	0	1	2.220510028446028
235200.0	3000.0	2050.6243018759046	0.0	0	35.30629059881903	2250.6243018757377	1	0	1	2.220510028446028
236397.0113048695	3000.0	1853.6129970063957	0.0	0	0.0	2250.6243018757377	1	0	1	2.2205100284460286
237509.26297954487	3000.0	1741.361322331019	0.0	0	0.0	2250.6243018757377	1	0	1	2.220510028446028
238227.22024785422	3000.0	2023.404054021674	0.0	0	0.0	2250.6243018757377	1	0	1	2.220510028446028
239200.0	3000.0	2050.6243018758882	0.0	0	18.87201452354202	2250.6243018757377	1	0	1	2.220510028446028
240200.0	3000.0	2050.6243018758723	0.0	0	258.23578693764284	2250.6243018757377	1	0	1	2.220510028446028
241200.0	3000.0	2050.624301875898	0.0	0	281.03399266678025	2250.6243018757377	1	0	1	2.220510028446028
242200.0	3000.0	2050.624301875897	0.0	0	3.224372589349514	2250.6243018757086	1	0	1	2.220510028446031
243200.0	3000.0	2050.6243018758864	0.0	0	57.664704502007226	2250.6243018757086	1	0	1	2.220510028446031
244418.16853379738	3000.0	1832.4557680785165	0.0	0	0.0	2250.6243018757086	1	0	1	2.220510028446031
245562.88999937612	3000.0	1687.7343024997836	0.0	0	0.0	2250.6243018757086	1	0	1	2.220510028446031
246705.94036091634	3000.0	1544.68394095955	0.0	0	0.0	2250.6243018756795	1	0	1	2.2205100284460313
247458.38992780153	3000.0	1792.2343740743627	0.0	0	0.0	2250.6243018756795	1	0	1	2.220510028446033
248813.30178040615	3000.0	1437.3225214697136	0.0	0	0.0	2250.6243018756504	1	0	1	2.220510028446036
249876.23510708686	3000.0	1374.389194789022	0.0	0	0.0	2250.6243018756504	1	0	1	2.220510028446036
250734.0991796064	3000.0	1516.5251222694599	0.0	0	0.0	2250.6243018756504	1	0	1	2.220510028446036
251541.13162145842	3000.0	1709.4926804174495	0.0	0	0.0	2250.6243018756504	1	0	1	2.220510028446036
252871.37855491045	3000.0	1379.2457469654178	0.0	0	0.0	2250.6243018756504	1	0	1	2.220510028446036
253467.6076324249	3000.0	1783.0166694509817	0.0	0	0.0	2250.6243018756213	1	0	1	2.2205100284460384
254200.0	3000.0	2050.6243018758623	0.0	0	195.8270934993052	2250.6243018756213	1	0	1	2.2205100284460384
255200.0	3000.0	2050.624301875866	0.0	0	482.7774289660447	2250.6243018756213	1	0	1	2.2205100284460384
256245.29785627336	3000.0	2005.326445602534	0.0	0	108.43783564964542	2250.6243018756213	1	0	1	2.2205100284460384
257200.0	3000.0	2050.6243018758532	0.0	0	1.681359509093454	2250.6243018756213	1	0	1	2.2205100284460384
258354.11986494306	3000.0	1896.5044369327788	0.0	0	0.0	2250.6243018756504	1	0	1	2.220510028446036
259200.0	3000.0	2050.6243018758632	0.0	0	133.12527095261612	2250.6243018756504	1	0	1	2.220510028446036
260200.0	3000.0	2050.6243018758696	0.0	0	331.68893306847895	2250.6243018756504	1	0	1	2.220510028446036
261268.9974775065	3000.0	1981.6268243693855	0.0	0	0.0	2250.6243018756504	1	0	1	2.220510028446036
262200.0	3000.0	2050.6243018758405	0.0	0	93.04717283314676	2250.6243018756504	1	0	1	2.220510028446036
263202.28562977834	3000.0	2048.3386720974945	0.0	0	0.0	2250.6243018756504	1	0	1	2.2205100284460366
264200.0	3000.0	2050.624301875908	0.0	0	107.42131366289686	2250.6243018757377	1	0	1	2.220510028446033
265200.0	3000.0	2050.624301875888	0.0	0	262.92299830546835	2250.624301875767	1	0	1	2.2205100284460255
266200.0	3000.0	2050.6243018759315	0.0	0	435.4164052043343	2250.624301875767	1	0	1	2.2205100284460255
267200.0	3000.0	2050.624301876007	0.0	0	485.9523290733341	2250.624301875767	1	0	1	2.2205100284460255
268200.0	3000.0	2050.6243018759983	0.0	0	386.525500888878	2250.624301875825	1	0	1	2.22051002844602
269200.0	3000.0	2050.6243018760442	0.0	0	364.9583175381995	2250.6243018758832	1	0	1	2.220510028446015
270200.0	3000.0	2050.6243018760315	0.0	0	104.30109926912701	2250.624301875825	1	0	1	2.2205100284460193
271344.5252208542	3000.0	1906.0990810218598	0.0	0	0.0	2250.624301875767	1	0	1	2.2205100284460255
272200.0	3000.0	2050.6243018761193	0.0	0	28.960891118622385	2250.624301875767	1	0	1	2.2205100284460255
273200.0	3000.0	2050.6243018761343	0.0	0	224.6440919121378	2250.624301875767	1	0	1	2.2205100284460255
274200.0	3000.0	2050.6243018761143	0.0	0	331.65278345841216	2250.624301875767	1	0	1	2.2205100284460255
275200.0	3000.0	2050.624301876168	0.0	0	73.26640618400415	2250.624301875767	1	0	1	2.2205100284460255
276200.0	3000.0	2050.6243018761875	0.0	0	33.45813320908928	2250.6243018757086	1	0	1	2.220510028446031
277200.0	3000.0	2050.624301876209	0.0	0	32.453459880140144	2250.6243018757086	1	0	1	2.220510028446031
278200.0	3000.0	2050.6243018762234	0.0	0	64.50586095743347	2250.6243018756504	1	0	1	2.220510028446036
279200.0	3000.0	2050.624301876239	0.0	0	45.058944275951944	2250.6243018756504	1	0	1	2.2205100284460353
280200.0	3000.0	2050.624301876205	0.0	0	255.44331404950935	2250.624301875592	1	0	1	2.2205100284460415
281200.0	3000.0	2050.6243018762766	0.0	0	484.67543939116877	2250.624301875592	1	0	1	2.2205100284460415
282200.0	3000.0	2050.6243018762952	0.0	0	365.73861478455365	2250.624301875592	1	0	1	2.2205100284460415
283200.0	3000.0	2050.6243018763435	0.0	0	426.409009717172	2250.624301875534	1	0	1	2.2205100284460464
284200.0	3000.0	2050.624301876398	0.0	0	273.9569014859153	2250.624301875592	1	0	1	2.2205100284460433
285200.0	3000.0	2050.6243018764676	0.0	0	406.8518244358129	2250.624301875592	1	0	1	2.2205100284460415
286200.0	3000.0	2050.6243018764862	0.0	0	92.82162823301041	2250.624301875534	1	0	1	2.2205100284460464
287200.0	3000.0	2050.6243018765235	0.0	0	284.24973148299614	2250.624301875534	1	0	1	2.2205100284460464
288548.12028229615	3000.0	1702.5040195804092	0.0	0	0.0	2250.624301875476	1	0	1	2.2205100284460517
289403.30048026075	3000.0	1847.3238216158086	0.0	0	0.0	2250.6243018754176	1	0	1	2.220510028446057
290392.2352766054	3000.0	1858.3890252711649	0.0	0	0.0	2250.624301875476	1	0	1	2.2205100284460517
291200.0	3000.0	2050.6243018765686	0.0	0	18.206995125336107	2250.624301875476	1	0	1	2.2205100284460517
292200.0	3000.0	2050.6243018766118	0.0	0	3.5417862622998655	2250.624301875476	1	0	1	2.2205100284460517
293200.0	3000.0	2050.62430187656	0.0	0	190.95829990052152	2250.6243018754176	1	0	1	2.220510028446055
294656.57177450386	3000.0	1594.0525273726942	0.0	0	0.0	2250.6243018754176	1	0	1	2.220510028446057
295436.0701769238	3000.0	1814.554124952765	0.0	0	0.0	2250.6243018754176	1	0	1	2.220510028446057
296261.5396300906	3000.0	1989.0846717859595	0.0	0	0.0	2250.6243018754176	1	0	1	2.220510028446057
297242.5677236477	3000.0	2008.05657822884	0.0	0	0.0	2250.6243018754176	1	0	1	2.220510028446057
298200.0	3000.0	2050.6243018765226	0.0	0	227.01002599159256	2250.6243018754176	1	0	1	2.220510028446057
299240.50624014944	3000.0	2010.118061727122	0.0	0	0.0	2250.6243018754176	1	0	1	2.220510028446057
300200.0	3000.0	2050.624301876504	0.0	0	65.99722543539247	2250.6243018753594	1	0	1	2.2205100284460624
5.6	5.27	3.29	4.01	3.13	2.76	2.7	3.8	5.55	3.08	3.28	3.66	3.48	3.68	3.94	2.62	3.01	3.24	4.17	4.29	5.95	5.1	5.09	2.42	3.58	3.46	3.51	2.83	4.25	4.65	3.13	4.1	2.68	2.97	1.93	2.7	3.8	2.58	2.28	2.6	3.46	3.97	3.96	4.74	4.17	3.57	2.53	3.74	4.77	4.62	4.04	2.88	4.37	4.83	3.48	3.03	2.8	3.45	3.32	2.51	4.38	6.26	2.84	3.74	2.87	3.04	3.38	5.05	4.38	3.58	3.52	3.52	3.7	4.22	2.88	3.37	3.13	3.34	4.12	3.26	3.81	3.76	3.01	3.65	4.24	4.34	3.57	3.49	2.97	4.22	2.68	3.16	3.66	3.3	1.69	2.85	3.87	3.6	2.71	5.25	5.09	3.76	1.42	3.79	3.21	4.69	3.81	2.54	3.14	3.28	3.81	5.65	4.68	4.75	4.11	3.2	2.97	3.09	3.16	4.51	3.42	2.95	3.64	2.33	3.27	2.53	4.85	7.03	4.38	3.81	4.68	5.39	3.6	2.69	2.85	4.17	3.83	4.58	3.95	2.61	2.47	3.53	3.88	3.56	3.76	3.16	3.19	3.01	4.25	5.0	5.6	5.27	3.29	4.01	3.13	2.76	2.7	3.8	5.55	3.08	3.28	3.66	3.48	3.68	3.94	2.62	3.01	3.24	4.17	4.29	5.95	5.1	5.09	2.42	3.58	3.46	3.51	2.83	4.25	4.65	3.13	4.1	2.68	2.97	1.93	2.7	3.8	2.58	2.28	2.6	3.46	3.97	3.96	4.74	4.17	3.57	2.53	3.74	4.77	4.62	4.04	2.88	4.37	4.83	3.48	3.03	2.8	3.45	3.32	2.51	4.38	6.26	2.84	3.74	2.87	3.04	3.38	5.05	4.38	3.58	3.52	3.52	3.7	4.22	2.88	3.37	3.13	3.34	4.12	3.26	3.81	3.76	3.01	3.65	4.24	4.34	3.57	3.49	2.97	4.22	2.68	3.16	3.66	3.3	1.69	2.85	3.87	3.6	2.71	5.25	5.09	3.76	1.42	3.79	3.21	4.69	3.81	2.54	3.14	3.28	3.81	5.65	4.68	4.75	4.11	3.2	2.97	3.09	3.16	4.51	3.42	2.95	3.64	2.33	3.27	2.53	4.85	7.03	4.38	3.81	4.68	5.39	3.6	2.69	2.85	4.17	3.83	4.58	3.95	2.61	2.47	3.53	3.88	3.56	3.76	3.16	3.19	3.01	4.25	5.0
1.0	2.0	3.0	4.0	5.0	6.0	7.0	8.0	9.0	10.0	11.0	12.0	13.0	14.0	15.0	16.0	17.0	18.0	19.0	20.0	21.0	22.0	23.0	24.0	25.0	26.0	27.0	28.0	29.0	30.0	31.0	32.0	33.0	34.0	35.0	36.0	37.0	38.0	39.0	40.0	41.0	42.0	43.0	44.0	45.0	46.0	47.0	48.0	49.0	50.0	51.0	52.0	53.0	54.0	55.0	56.0	57.0	58.0	59.0	60.0	61.0	62.0	63.0	64.0	65.0	66.0	67.0	68.0	69.0	70.0	71.0	72.0	73.0	74.0	75.0	76.0	77.0	78.0	79.0	80.0	81.0	82.0	83.0	84.0	85.0	86.0	87.0	88.0	89.0	90.0	91.0	92.0	93.0	94.0	95.0	96.0	97.0	98.0	99.0	100.0	101.0	102.0	103.0	104.0	105.0	106.0	107.0	108.0	109.0	110.0	111.0	112.0	113.0	114.0	115.0	116.0	117.0	118.0	119.0	120.0	121.0	122.0	123.0	124.0	125.0	126.0	127.0	128.0	129.0	130.0	131.0	132.0	133.0	134.0	135.0	136.0	137.0	138.0	139.0	140.0	141.0	142.0	143.0	144.0	145.0	146.0	147.0	148.0	149.0	149.0	150.0	151.0	152.0	153.0	154.0	155.0	156.0	157.0	158.0	159.0	160.0	161.0	162.0	163.0	164.0	165.0	166.0	167.0	168.0	169.0	170.0	171.0	172.0	173.0	174.0	175.0	176.0	177.0	178.0	179.0	180.0	181.0	182.0	183.0	184.0	185.0	186.0	187.0	188.0	189.0	190.0	191.0	192.0	193.0	194.0	195.0	196.0	197.0	198.0	199.0	200.0	201.0	202.0	203.0	204.0	205.0	206.0	207.0	208.0	209.0	210.0	211.0	212.0	213.0	214.0	215.0	216.0	217.0	218.0	219.0	220.0	221.0	222.0	223.0	224.0	225.0	226.0	227.0	228.0	229.0	230.0	231.0	232.0	233.0	234.0	235.0	236.0	237.0	238.0	239.0	240.0	241.0	242.0	243.0	244.0	245.0	246.0	247.0	248.0	249.0	250.0	251.0	252.0	253.0	254.0	255.0	256.0	257.0	258.0	259.0	260.0	261.0	262.0	263.0	264.0	265.0	266.0	267.0	268.0	269.0	270.0	271.0	272.0	273.0	274.0	275.0	276.0	277.0	278.0	279.0	280.0	281.0	282.0	283.0	284.0	285.0	286.0	287.0	288.0	289.0	290.0	291.0	292.0	293.0	294.0	295.0	296.0	297.0	298.0	298.0
4695.771419850834
