4935.553823492429	300.0	2000.0	320.57306435442416	0	0.0	4935.553823492429	1	0	1	-2.883511998075642
5270.077697493943	300.0	2632.023738598335	0.0	0	0.0	4902.101436092277	1	0	2	-1.3968525180799167
5598.476829001875	500.0	3270.7846939396086	0.0	0	0.0	4869.261522941483	1	0	2	-1.171753999287875
6050.712729448639	500.0	3773.325203448167	0.0	0	0.0	4824.0379328968065	1	0	2	-0.630527748453004
6329.266040509481	500.0	4466.916561281241	0.0	0	0.0	4796.1826017907215	1	0	2	-0.6069390096749525
7200.0	500.0	4509.10920584167	0.0	0	538.8664923442466	4709.109205841671	1	0	2	-0.5681912574757778
8200.0	500.0	4409.109205841668	0.0	0	724.9787365613684	4609.109205841669	1	0	2	-0.5023368435112548
9200.0	1000.0	4309.109205841668	0.0	0	385.8256661469004	4509.109205841671	1	0	2	-0.43726584150806264
10200.0	1000.0	4209.109205841669	0.0	0	427.75710258987965	4409.109205841672	1	0	2	0.3147810760525463
11200.0	2000.0	4109.109205841671	0.0	0	17.858375295727456	4309.1092058416725	1	0	2	0.3763302753946613
13214.355314158476	3000.0	2893.318360267348	0.0	0	0.0	4107.673674425825	1	0	2	1.158890324676147
14080.524869811206	2000.0	2940.531849049346	0.0	0	0.0	4021.056718860553	1	0	2	0.8062830325581214
15332.007316748673	2000.0	2563.9011574181322	0.0	0	0.0	3895.9084741668084	1	0	2	1.259298620006352
16568.460699773997	2000.0	2203.8024360902737	0.0	0	0.0	3772.263135864274	1	0	2	1.3084056709581413
17381.825264348434	2000.0	2309.1014150583896	0.0	0	0.0	3690.926679406826	1	0	2	1.3379187580302172
17979.632760776913	2000.0	2651.5131689870577	0.0	0	0.0	3631.145929763974	1	0	2	1.359750227301955
19054.452467754527	2000.0	2469.2114913116816	0.0	0	0.0	3523.6639590662126	1	0	2	1.3886975728021729
19793.441290763894	2000.0	2656.3237860013805	0.0	0	0.0	3449.7650767652776	1	0	2	1.4122628912036044
20434.600929821812	2000.0	2951.0481830376702	0.0	0	0.0	3385.649112859486	1	0	2	1.429725200863373
21675.55561590735	2000.0	2585.9980283435802	0.0	0	0.0	3261.553644250933	1	0	2	1.4573919365435462
22906.72120650233	2000.0	2231.7158786891023	0.0	0	0.0	3138.4370851914355	1	0	2	1.4821494705740537
24032.22895253267	2000.0	1993.6573580557344	0.0	0	0.0	3025.886310588412	1	0	2	1.50736528689249
25353.275149179313	2000.0	1672.6111614090926	0.0	0	0.0	3025.886310588412	1	0	1	1.5125739714212638
26381.578978534395	2000.0	1644.3073320540143	0.0	0	0.0	3025.8863105884157	1	0	1	1.7125739714212633
27205.14211889025	2000.0	1738.3878776625738	0.0	0	0.0	2943.529996552832	1	0	2	1.3235292093305602
28300.47844352819	2000.0	1643.0515530246344	0.0	0	0.0	2943.529996552832	1	0	1	1.527254615761007
28974.853988854153	2000.0	1968.676007698672	0.0	0	0.0	2943.5299965528357	1	0	1	1.7272546157610067
29714.542704624342	2000.0	2228.9872919284853	0.0	0	0.0	2943.5299965528357	1	0	1	1.7272546157610067
30352.45891417673	2000.0	2591.071082376101	0.0	0	0.0	2943.5299965528357	1	0	1	1.7272546157610067
31288.66971556891	2000.0	2561.239200844702	0.0	0	0.0	2849.9089164136167	1	0	2	1.3387216650679066
32614.183766199712	3000.0	2103.173745150816	0.0	0	0.0	2717.357511350532	1	0	2	1.558252265934728
33682.08340741691	2000.0	2035.2741039336208	0.0	0	0.0	2717.357511350536	1	0	1	1.1568594573103976
34590.920690703584	2000.0	2126.4368206469508	0.0	0	0.0	2717.357511350536	1	0	1	1.7623245654185624
35200.0	2000.0	2517.357511350536	0.0	0	30.676105992810335	2717.357511350536	1	0	1	1.7623245654185626
36200.0	2000.0	2517.357511350531	0.0	0	371.6520096216045	2717.357511350536	1	0	1	1.7623245654185626
37200.0	2000.0	2517.3575113505344	0.0	0	232.95363148782053	2717.357511350536	1	0	1	1.7623245654185626
38829.25496474552	2000.0	1888.1025466050105	0.0	0	0.0	2717.357511350536	1	0	1	1.7623245654185626
39868.649746455645	2000.0	1848.707764894892	0.0	0	0.0	2717.357511350536	1	0	1	1.7623245654185626
40962.198265357234	2000.0	1755.1592459932992	0.0	0	0.0	2717.357511350536	1	0	1	1.7623245654185626
42498.588990020486	2000.0	1218.7685213300515	0.0	0	0.0	2717.357511350536	1	0	1	1.7623245654185626
43681.0689209088	2000.0	1036.2885904417462	0.0	0	0.0	2717.357511350536	1	0	1	1.7623245654185626
44881.98597643759	2000.0	835.3715349129627	0.0	0	0.0	2717.357511350543	1	0	1	1.7623245654185615
45970.81017409971	2000.0	746.5473372508451	0.0	0	0.0	2717.357511350543	1	0	1	1.7623245654185615
46461.45011932423	1000.0	1255.9073920263222	0.0	0	0.0	2717.357511350543	1	0	1	0.37603020429867123
46999.62243749383	1000.0	1717.7350738567175	0.0	0	0.0	2717.3575113505503	1	0	1	1.0691773848586155
47371.12623074078	1000.0	2346.2312806097707	0.0	0	0.0	2717.3575113505503	1	0	1	1.0691773848586155
48200.0	1000.0	2517.357511350548	0.0	0	483.60402448592504	2717.3575113505503	1	0	1	1.0691773848586155
49200.0	1000.0	2517.35751135055	0.0	0	265.4312233688761	2717.357511350543	1	0	1	1.0691773848586164
50200.0	1000.0	2417.3575113505494	0.0	0	389.9905440691946	2617.357511350536	1	0	2	0.6775054840370117
51200.0	1000.0	2417.357511350554	0.0	0	403.59008137775527	2617.357511350536	1	0	1	0.8824938737767352
52200.0	1000.0	2417.357511350556	0.0	0	405.2010899809029	2617.357511350536	1	0	1	1.0824938737767353
53200.0	1000.0	2417.3575113505594	0.0	0	560.3324811142666	2617.357511350536	1	0	1	1.0824938737767353
54200.0	1000.0	2417.357511350562	0.0	0	508.72184120822203	2617.357511350536	1	0	1	1.0824938737767353
55200.0	1000.0	2417.357511350561	0.0	0	536.7315931258345	2617.357511350536	1	0	1	1.0824938737767353
56200.0	1000.0	2417.3575113505663	0.0	0	656.8110106424792	2617.357511350536	1	0	1	1.0824938737767353
57200.0	1000.0	2417.3575113505667	0.0	0	569.450872003792	2617.3575113505285	1	0	1	1.0824938737767362
58200.0	1000.0	2417.3575113505544	0.0	0	515.5299307381138	2617.3575113505212	1	0	1	1.0824938737767371
59200.0	1000.0	2417.357511350557	0.0	0	567.5244608789944	2617.3575113505212	1	0	1	1.0824938737767371
60200.0	1000.0	2417.357511350557	0.0	0	288.27677863343706	2617.3575113505212	1	0	1	1.0824938737767371
61200.0	1000.0	2417.3575113505585	0.0	0	541.3353166941088	2617.3575113505212	1	0	1	1.0824938737767371
62200.0	1000.0	2417.3575113505635	0.0	0	387.8572293249017	2617.3575113505212	1	0	1	1.0824938737767371
63200.0	1000.0	2417.3575113505613	0.0	0	369.0551971418681	2617.3575113505212	1	0	1	1.0824938737767371
64561.75064720638	1000.0	2055.6068641441793	0.0	0	0.0	2617.357511350514	1	0	1	1.082493873776738
65445.939064962404	1000.0	2171.4184463881584	0.0	0	0.0	2617.3575113505067	1	0	1	1.082493873776739
66200.0	1000.0	2417.357511350578	0.0	0	330.4695230174402	2617.3575113505285	1	0	1	1.0824938737767376
67200.0	1000.0	2417.3575113505826	0.0	0	388.8912687077682	2617.3575113505212	1	0	1	1.082493873776737
68200.0	1000.0	2417.3575113505963	0.0	0	276.8616809171799	2617.357511350536	1	0	1	1.0824938737767356
69200.0	1000.0	2417.357511350592	0.0	0	471.3726696980011	2617.357511350536	1	0	1	1.0824938737767353
70200.0	1000.0	2417.3575113505985	0.0	0	498.53900706947024	2617.357511350536	1	0	1	1.0824938737767353
71200.0	1000.0	2417.357511350594	0.0	0	530.1811467164953	2617.357511350536	1	0	1	1.0824938737767353
72200.0	1000.0	2417.3575113505954	0.0	0	521.8493328834884	2617.357511350536	1	0	1	1.0824938737767353
73200.0	1000.0	2417.357511350592	0.0	0	358.49563429990667	2617.357511350536	1	0	1	1.0824938737767353
74200.0	1000.0	2417.357511350593	0.0	0	319.11729623358406	2617.357511350536	1	0	1	1.0824938737767353
75200.0	1000.0	2417.3575113505945	0.0	0	518.5457942831854	2617.357511350536	1	0	1	1.0824938737767353
76200.0	1000.0	2417.35751135061	0.0	0	518.4824615693651	2617.357511350536	1	0	1	1.0824938737767353
77200.0	1000.0	2417.3575113506045	0.0	0	424.70263067363703	2617.3575113505503	1	0	1	1.0824938737767333
78200.0	1000.0	2417.3575113506126	0.0	0	396.46147607713647	2617.3575113505503	1	0	1	1.0824938737767333
79200.0	1000.0	2417.357511350628	0.0	0	450.94258328144497	2617.3575113505503	1	0	1	1.0824938737767333
80200.0	1000.0	2417.357511350636	0.0	0	441.69570950577327	2617.3575113505503	1	0	1	1.0824938737767333
81200.0	1000.0	2417.357511350637	0.0	0	399.35415386848035	2617.3575113505503	1	0	1	1.0824938737767333
82200.0	1000.0	2417.3575113506345	0.0	0	284.9291259164165	2617.357511350536	1	0	1	1.0824938737767353
83200.0	1000.0	2417.3575113506377	0.0	0	425.19595427230524	2617.3575113505212	1	0	1	1.0824938737767371
84200.0	1000.0	2417.3575113506467	0.0	0	333.5944310493069	2617.3575113505212	1	0	1	1.0824938737767371
85200.0	1000.0	2417.357511350643	0.0	0	552.4479166521924	2617.3575113505212	1	0	1	1.0824938737767371
86200.0	1000.0	2417.3575113506313	0.0	0	473.9173812778463	2617.3575113505212	1	0	1	1.0824938737767371
87200.0	1000.0	2317.357511350613	0.0	0	624.4607498676633	2517.3575113505067	1	0	2	0.6898620847282095
88200.0	1000.0	2317.3575113506035	0.0	0	470.64714247290976	2517.3575113505067	1	0	1	0.8946226569481718
89200.0	1000.0	2317.3575113506035	0.0	0	489.85586854176654	2517.3575113505212	1	0	1	1.0946226569481703
90200.0	1000.0	2317.3575113505985	0.0	0	200.15748832537793	2517.3575113505212	1	0	1	1.0946226569481703
91200.0	1000.0	2317.3575113506113	0.0	0	256.5843461378681	2517.3575113505212	1	0	1	1.0946226569481703
92200.0	1000.0	2317.357511350614	0.0	0	342.360704165083	2517.3575113505212	1	0	1	1.0946226569481703
93200.0	1000.0	2317.3575113506054	0.0	0	557.4501885951759	2517.3575113505212	1	0	1	1.0946226569481703
94200.0	1000.0	2317.3575113505995	0.0	0	396.3979918672703	2517.3575113505212	1	0	1	1.0946226569481703
95200.0	1000.0	2317.3575113506135	0.0	0	527.035830854642	2517.357511350536	1	0	1	1.0946226569481685
96200.0	1000.0	2317.3575113506217	0.0	0	587.1310227687209	2517.357511350536	1	0	1	1.0946226569481685
97200.0	1000.0	2317.357511350602	0.0	0	429.43755051953485	2517.357511350536	1	0	1	1.0946226569481685
98200.0	1000.0	2217.357511350603	0.0	0	274.53988326857507	2417.357511350565	1	0	2	0.7018210648277801
99200.0	1000.0	2117.357511350601	0.0	0	468.6749892781081	2317.357511350565	1	0	2	0.9119280260031194
100200.0	1000.0	2117.3575113506045	0.0	0	453.977404948193	2317.3575113505794	1	0	1	0.9157069137267472
101200.0	1000.0	2117.357511350604	0.0	0	433.95432989018445	2317.357511350565	1	0	1	1.1157069137267488
102200.0	1000.0	2117.3575113505876	0.0	0	421.77714217269386	2317.3575113505503	1	0	1	1.1157069137267503
103200.0	1000.0	2117.3575113505776	0.0	0	444.7466610153351	2317.357511350536	1	0	1	1.1157069137267517
104200.0	1000.0	2117.357511350575	0.0	0	364.7516535160976	2317.357511350536	1	0	1	1.1157069137267517
105200.0	1000.0	2117.357511350574	0.0	0	383.7892022860906	2317.357511350536	1	0	1	1.1157069137267517
106200.0	1000.0	2117.3575113505653	0.0	0	338.06162944540847	2317.3575113505212	1	0	1	1.115706913726753
107200.0	1000.0	2117.357511350558	0.0	0	239.96792651577562	2317.3575113505212	1	0	1	1.115706913726753
108200.0	1000.0	2117.3575113505663	0.0	0	664.2399058309529	2317.3575113505212	1	0	1	1.115706913726753
109200.0	1000.0	2117.3575113505804	0.0	0	496.2041711325146	2317.3575113505212	1	0	1	1.115706913726753
110200.0	1000.0	2117.357511350587	0.0	0	523.7596636055532	2317.3575113505212	1	0	1	1.115706913726753
111200.0	1000.0	2117.357511350592	0.0	0	187.62181174720172	2317.3575113505212	1	0	1	1.115706913726753
112200.0	1000.0	2117.3575113505885	0.0	0	558.9676781891176	2317.3575113505212	1	0	1	1.115706913726753
113200.0	1000.0	2117.3575113505963	0.0	0	598.3113095524604	2317.3575113505212	1	0	1	1.115706913726753
114200.0	1000.0	2117.357511350605	0.0	0	402.9714173940738	2317.3575113505212	1	0	1	1.115706913726753
115200.0	1000.0	2117.357511350612	0.0	0	315.36783734221535	2317.3575113505212	1	0	1	1.115706913726753
116200.0	1000.0	2117.3575113506213	0.0	0	505.1725320337282	2317.3575113505212	1	0	1	1.115706913726753
117200.0	1000.0	2117.357511350624	0.0	0	562.9249275700276	2317.3575113505212	1	0	1	1.115706913726753
118200.0	1000.0	2117.3575113506104	0.0	0	582.3802615466848	2317.3575113505212	1	0	1	1.115706913726753
119200.0	1000.0	2117.3575113506195	0.0	0	671.2074349915492	2317.3575113505212	1	0	1	1.115706913726753
120200.0	1000.0	2117.3575113506186	0.0	0	441.207098406725	2317.357511350536	1	0	1	1.1157069137267517
121200.0	1000.0	2117.3575113506186	0.0	0	293.98571196667035	2317.357511350536	1	0	1	1.1157069137267517
122200.0	1000.0	2117.3575113506326	0.0	0	671.6025488435116	2317.357511350536	1	0	1	1.1157069137267517
123200.0	1000.0	2117.357511350626	0.0	0	425.9061813231092	2317.357511350536	1	0	1	1.1157069137267517
124200.0	1000.0	2117.3575113506276	0.0	0	559.3738408304198	2317.357511350536	1	0	1	1.1157069137267517
125200.0	1000.0	2117.3575113506245	0.0	0	577.4177841385099	2317.357511350536	1	0	1	1.1157069137267517
126200.0	1000.0	2117.3575113506286	0.0	0	486.6580120725557	2317.357511350536	1	0	1	1.1157069137267517
127200.0	1000.0	2117.357511350628	0.0	0	564.5749491167808	2317.357511350536	1	0	1	1.1157069137267517
128200.0	1000.0	2117.357511350604	0.0	0	727.8264575477951	2317.3575113505212	1	0	1	1.115706913726753
129200.0	1000.0	2117.357511350592	0.0	0	723.672234925747	2317.357511350536	1	0	1	1.1157069137267517
130200.0	1000.0	2117.3575113506035	0.0	0	85.73260106258385	2317.357511350536	1	0	1	1.1157069137267517
131200.0	1000.0	2117.357511350589	0.0	0	443.80192043996067	2317.3575113505212	1	0	1	1.115706913726753
132200.0	1000.0	2117.35751135062	0.0	0	510.81672268893453	2317.357511350565	1	0	1	1.115706913726751
133200.0	1000.0	2117.3575113506045	0.0	0	422.8835986452177	2317.3575113505503	1	0	1	1.1157069137267503
134200.0	1000.0	2117.357511350619	0.0	0	504.24842080054805	2317.357511350565	1	0	1	1.1157069137267488
135200.0	1000.0	2117.3575113506013	0.0	0	309.75744498861604	2317.357511350565	1	0	1	1.1157069137267488
136231.90122148357	1000.0	2085.4562898670247	0.0	0	0.0	2317.357511350536	1	0	1	1.1157069137267517
137200.0	1000.0	2117.3575113505863	0.0	0	0.5751077022287063	2317.357511350536	1	0	1	1.1157069137267517
138200.0	1000.0	2117.3575113505767	0.0	0	330.13648352993187	2317.357511350536	1	0	1	1.1157069137267517
139200.0	1000.0	2117.3575113505644	0.0	0	613.6652894371655	2317.357511350536	1	0	1	1.1157069137267517
140200.0	1000.0	2117.3575113505894	0.0	0	299.5981612742762	2317.357511350536	1	0	1	1.1157069137267517
141200.0	1000.0	2117.357511350608	0.0	0	507.7997643937124	2317.357511350536	1	0	1	1.1157069137267517
142200.0	1000.0	2117.357511350616	0.0	0	683.4464575200109	2317.357511350536	1	0	1	1.1157069137267517
143200.0	1000.0	2117.3575113506026	0.0	0	623.77152682413	2317.3575113505067	1	0	1	1.1157069137267546
144200.0	1000.0	2117.3575113505744	0.0	0	350.62765802573995	2317.3575113504776	1	0	1	1.1157069137267572
145200.0	1000.0	2117.3575113505626	0.0	0	451.3885354375525	2317.3575113505067	1	0	1	1.1157069137267546
146200.0	1000.0	2117.357511350563	0.0	0	293.09404401661595	2317.3575113505067	1	0	1	1.1157069137267546
147200.0	1000.0	2117.35751135054	0.0	0	119.23622639544192	2317.3575113505067	1	0	1	1.1157069137267546
148200.0	1000.0	2117.3575113505494	0.0	0	407.88626199695864	2317.3575113505067	1	0	1	1.1157069137267546
149200.0	1000.0	2117.3575113505017	0.0	0	601.5885332149337	2317.3575113504776	1	0	1	1.1157069137267572
150200.0	1000.0	2117.3575113505162	0.0	0	286.67920364116435	2317.3575113504485	1	0	1	1.11570691372676
151200.0	1000.0	2117.357511350553	0.0	0	643.9177638376714	2317.3575113504485	1	0	1	1.11570691372676
152200.0	1000.0	2117.35751135055	0.0	0	674.0461819896882	2317.3575113504485	1	0	1	1.11570691372676
153200.0	1000.0	2117.357511350532	0.0	0	365.8857018510753	2317.3575113504485	1	0	1	1.11570691372676
154200.0	1000.0	2117.3575113505112	0.0	0	134.9327114642656	2317.3575113504485	1	0	1	1.11570691372676
155200.0	1000.0	2117.357511350533	0.0	0	453.7281548951578	2317.3575113504776	1	0	1	1.1157069137267572
156200.0	1000.0	2117.3575113505285	0.0	0	364.568088043452	2317.3575113504776	1	0	1	1.1157069137267572
157200.0	1000.0	2117.35751135053	0.0	0	367.3612200182979	2317.3575113504776	1	0	1	1.1157069137267572
158200.0	1000.0	2117.3575113505453	0.0	0	460.3923252474051	2317.3575113505067	1	0	1	1.1157069137267546
159200.0	1000.0	2117.3575113505694	0.0	0	240.84479769831523	2317.3575113504776	1	0	1	1.1157069137267572
160200.0	1000.0	2117.357511350578	0.0	0	389.89072080128244	2317.3575113505067	1	0	1	1.1157069137267546
161200.0	1000.0	2117.357511350587	0.0	0	399.2884414414002	2317.3575113505067	1	0	1	1.1157069137267546
162200.0	1000.0	2117.3575113505913	0.0	0	361.1077325264341	2317.3575113505067	1	0	1	1.1157069137267546
163200.0	1000.0	2117.357511350584	0.0	0	656.981878483406	2317.3575113505067	1	0	1	1.1157069137267546
164200.0	1000.0	2117.357511350582	0.0	0	412.05508485712926	2317.3575113504776	1	0	1	1.1157069137267572
165200.0	1000.0	2117.3575113505467	0.0	0	305.07726272716536	2317.3575113504776	1	0	1	1.1157069137267572
166200.0	1000.0	2117.357511350579	0.0	0	543.3050387123367	2317.3575113505067	1	0	1	1.1157069137267546
167200.0	1000.0	2117.3575113505362	0.0	0	473.6307236353168	2317.3575113505067	1	0	1	1.1157069137267546
168200.0	1000.0	2117.357511350544	0.0	0	455.62608975946205	2317.3575113505067	1	0	1	1.1157069137267546
169200.0	1000.0	2117.357511350543	0.0	0	481.1329938535346	2317.357511350536	1	0	1	1.1157069137267517
170200.0	1000.0	2117.357511350524	0.0	0	433.30344074143795	2317.357511350536	1	0	1	1.1157069137267517
171200.0	1000.0	2117.3575113505126	0.0	0	586.9475935248192	2317.357511350536	1	0	1	1.1157069137267517
172200.0	1000.0	2117.3575113504867	0.0	0	505.90002409683075	2317.357511350536	1	0	1	1.1157069137267517
173200.0	1000.0	2117.3575113504826	0.0	0	507.11906500702025	2317.357511350536	1	0	1	1.1157069137267517
174200.0	1000.0	2117.3575113504903	0.0	0	391.0213507754379	2317.357511350536	1	0	1	1.1157069137267517
175200.0	1000.0	2117.3575113504717	0.0	0	387.54896300827386	2317.357511350536	1	0	1	1.1157069137267517
176200.0	1000.0	2117.3575113504767	0.0	0	384.46406245513936	2317.3575113505067	1	0	1	1.1157069137267546
177200.0	1000.0	2117.3575113504594	0.0	0	515.6084052281803	2317.3575113504776	1	0	1	1.1157069137267572
178200.0	1000.0	2117.357511350452	0.0	0	617.9473690232553	2317.3575113504485	1	0	1	1.11570691372676
179200.0	1000.0	2117.35751135049	0.0	0	622.5072518222732	2317.3575113504485	1	0	1	1.11570691372676
180200.0	1000.0	2117.357511350505	0.0	0	419.4029885047348	2317.3575113504485	1	0	1	1.11570691372676
181200.0	1000.0	2117.3575113504976	0.0	0	491.6477286500158	2317.3575113504485	1	0	1	1.11570691372676
182200.0	1000.0	2117.3575113504976	0.0	0	512.4302317738184	2317.3575113504485	1	0	1	1.11570691372676
183200.0	1000.0	2117.3575113504826	0.0	0	518.7050089186523	2317.3575113504194	1	0	1	1.1157069137267628
184200.0	1000.0	2117.3575113504994	0.0	0	575.9153567041212	2317.3575113504194	1	0	1	1.1157069137267628
185200.0	1000.0	2117.357511350519	0.0	0	690.6792257769848	2317.3575113504194	1	0	1	1.1157069137267628
186200.0	2000.0	2117.357511350522	0.0	0	164.34723109781044	2317.3575113504194	1	0	1	1.1157069137267628
187509.1177434318	2000.0	1808.2397679187209	0.0	0	0.0	2317.3575113504485	1	0	1	1.808854094286705
188906.63592999062	2000.0	1410.7215813598987	0.0	0	0.0	2317.3575113504776	1	0	1	1.808854094286703
189860.19754526805	2000.0	1457.159966082448	0.0	0	0.0	2317.3575113504776	1	0	1	1.8088540942867024
191546.32418085885	2000.0	771.0333304916592	0.0	0	0.0	2317.3575113505067	1	0	1	1.8088540942866995
193343.81494725434	2000.0	207.21213734647824	233.66957325031424	0	0.0	2551.0270846008207	1	0	1	0.38588090466693425
193974.52811949654	1000.0	670.6233197748355	94.12435467055803	0	0.0	2645.1514392713725	1	0	1	-0.17897701218433293
194362.67030132213	1000.0	1282.4811379492141	0.0	0	0.0	2645.1514392713434	1	0	1	1.0789162963989618
194895.5572990005	1000.0	1749.5941402708104	0.0	0	0.0	2645.1514392713434	1	0	1	1.0789162963989642
195339.88973986782	1000.0	2305.261699403473	0.0	0	0.0	2645.1514392713434	1	0	1	1.0789162963989618
196200.0	1000.0	2445.151439271309	0.0	0	389.2068705588463	2645.1514392713434	1	0	1	1.0789162963989642
197200.0	1000.0	2345.1514392713307	0.0	0	613.2385107082082	2545.1514392713725	1	0	2	0.6864949473302051
198200.0	1000.0	2245.151439271338	0.0	0	139.24023477736046	2445.1514392713434	1	0	2	0.8989212770253758
199200.0	1000.0	2145.151439271348	0.0	0	307.18989593398874	2345.1514392713434	1	0	2	0.9093314456229752
200200.0	1000.0	2145.151439271383	0.0	0	321.7292383078893	2345.1514392713434	1	0	1	0.9130102459873812
201200.0	1000.0	2145.1514392713634	0.0	0	368.56307106962777	2345.1514392713434	1	0	1	1.1130102459873814
202200.0	1000.0	2145.151439271402	0.0	0	484.6734073923726	2345.1514392713434	1	0	1	1.1130102459873814
203200.0	1000.0	2145.1514392714007	0.0	0	550.5830003162264	2345.1514392713725	1	0	1	1.1130102459873785
204200.0	1000.0	2145.151439271375	0.0	0	368.8241275802138	2345.1514392713434	1	0	1	1.1130102459873814
205200.0	1000.0	2145.1514392713734	0.0	0	599.8262354186445	2345.1514392713434	1	0	1	1.1130102459873814
206200.0	1000.0	2145.1514392713875	0.0	0	499.8752286582021	2345.1514392713143	1	0	1	1.1130102459873843
207200.0	1000.0	2145.1514392713943	0.0	0	520.4942500969628	2345.1514392713143	1	0	1	1.1130102459873843
208200.0	1000.0	2145.151439271398	0.0	0	542.7261459454312	2345.1514392713143	1	0	1	1.1130102459873843
209200.0	1000.0	2145.1514392714284	0.0	0	581.3782925061823	2345.1514392713143	1	0	1	1.1130102459873843
210200.0	1000.0	2145.1514392714153	0.0	0	413.59533643134637	2345.151439271285	1	0	1	1.1130102459873872
211200.0	1000.0	2145.151439271432	0.0	0	335.1701261730341	2345.151439271285	1	0	1	1.1130102459873872
212200.0	1000.0	2145.151439271451	0.0	0	516.1763390529959	2345.151439271285	1	0	1	1.1130102459873872
213552.8493375753	1000.0	1792.30210169618	0.0	0	0.0	2345.151439271256	1	0	1	1.11301024598739
214424.96364104055	1000.0	1920.187798230902	0.0	0	0.0	2345.151439271285	1	0	1	1.1130102459873883
215200.0	1000.0	2145.151439271435	0.0	0	31.916735649720067	2345.151439271285	1	0	1	1.1130102459873872
216200.0	1000.0	2145.1514392714353	0.0	0	236.98415352462325	2345.1514392713143	1	0	1	1.1130102459873843
217200.0	1000.0	2145.1514392714375	0.0	0	388.2338854461268	2345.1514392713143	1	0	1	1.1130102459873843
218200.0	1000.0	2145.1514392714066	0.0	0	330.7050964316877	2345.1514392713143	1	0	1	1.1130102459873843
219200.0	1000.0	2145.1514392714216	0.0	0	610.5866541978612	2345.1514392713434	1	0	1	1.1130102459873814
220200.0	1000.0	2145.1514392714153	0.0	0	412.1006189826003	2345.1514392713434	1	0	1	1.1130102459873814
221200.0	1000.0	2145.151439271397	0.0	0	455.6552113247453	2345.1514392713143	1	0	1	1.1130102459873843
222200.0	1000.0	2145.151439271426	0.0	0	421.06789182848297	2345.1514392713434	1	0	1	1.1130102459873814
223200.0	1000.0	2145.1514392714353	0.0	0	262.75332234808593	2345.1514392713143	1	0	1	1.1130102459873843
224200.0	1000.0	2145.1514392714375	0.0	0	330.37300137459533	2345.1514392713143	1	0	1	1.1130102459873843
225200.0	1000.0	2145.151439271415	0.0	0	495.95365092280554	2345.1514392713434	1	0	1	1.1130102459873814
226200.0	1000.0	2145.1514392714066	0.0	0	300.75559511678875	2345.1514392713143	1	0	1	1.1130102459873843
227200.0	1000.0	2145.151439271408	0.0	0	297.8921239187184	2345.1514392713143	1	0	1	1.1130102459873843
228200.0	1000.0	2145.151439271404	0.0	0	580.9224217651936	2345.1514392713143	1	0	1	1.1130102459873843
229200.0	1000.0	2145.1514392714116	0.0	0	457.91622186638415	2345.1514392713143	1	0	1	1.1130102459873843
230200.0	1000.0	2145.1514392713707	0.0	0	402.3982081741269	2345.1514392713143	1	0	1	1.1130102459873843
231200.0	1000.0	2145.151439271395	0.0	0	117.47236026049359	2345.1514392713434	1	0	1	1.1130102459873814
232200.0	1000.0	2145.1514392713957	0.0	0	524.7313618072658	2345.1514392713434	1	0	1	1.1130102459873814
233200.0	1000.0	2145.151439271405	0.0	0	432.89288663541083	2345.1514392713434	1	0	1	1.1130102459873814
234200.0	1000.0	2145.151439271392	0.0	0	442.07793379647774	2345.1514392713434	1	0	1	1.1130102459873814
235200.0	1000.0	2145.151439271383	0.0	0	466.7838585822028	2345.1514392713434	1	0	1	1.1130102459873814
236200.0	1000.0	2145.15143927139	0.0	0	508.0837812125101	2345.1514392713434	1	0	1	1.1130102459873814
237200.0	1000.0	2145.1514392713616	0.0	0	510.0294838573318	2345.1514392713434	1	0	1	1.1130102459873814
238200.0	1000.0	2145.1514392713757	0.0	0	344.5849186704436	2345.1514392713434	1	0	1	1.1130102459873814
239200.0	1000.0	2145.1514392713852	0.0	0	503.50854297928163	2345.1514392713434	1	0	1	1.1130102459873814
240200.0	1000.0	2145.1514392714134	0.0	0	38.728552411921555	2345.1514392713725	1	0	1	1.1130102459873785
241200.0	1000.0	2145.1514392714403	0.0	0	296.3663475983776	2345.1514392714016	1	0	1	1.1130102459873756
242200.0	1000.0	2145.1514392714603	0.0	0	611.4030751380196	2345.1514392714307	1	0	1	1.1130102459873727
243200.0	1000.0	2145.1514392714503	0.0	0	583.5886087249964	2345.15143927146	1	0	1	1.11301024598737
244200.0	1000.0	2145.1514392714435	0.0	0	511.1826017330459	2345.151439271489	1	0	1	1.1130102459873672
245200.0	1000.0	2145.151439271424	0.0	0	358.105197550467	2345.151439271489	1	0	1	1.1130102459873672
246200.0	1000.0	2145.1514392714016	0.0	0	575.2942266730242	2345.151439271489	1	0	1	1.1130102459873672
247200.0	1000.0	2145.1514392713834	0.0	0	456.4392386585823	2345.151439271489	1	0	1	1.1130102459873672
248200.0	1000.0	2145.1514392713684	0.0	0	538.7582655057486	2345.151439271518	1	0	1	1.1130102459873643
249200.0	1000.0	2145.151439271355	0.0	0	390.944958011969	2345.151439271518	1	0	1	1.1130102459873643
250200.0	1000.0	2145.1514392713584	0.0	0	519.5760209647124	2345.151439271518	1	0	1	1.1130102459873643
251200.0	1000.0	2145.1514392713525	0.0	0	242.77254149509827	2345.151439271547	1	0	1	1.1130102459873614
252200.0	1000.0	2145.1514392713293	0.0	0	443.9706085999496	2345.151439271518	1	0	1	1.1130102459873643
253200.0	1000.0	2145.151439271353	0.0	0	605.7607871858927	2345.151439271518	1	0	1	1.1130102459873643
254200.0	1000.0	2145.151439271381	0.0	0	551.1427556467534	2345.151439271518	1	0	1	1.1130102459873643
255200.0	1000.0	2145.151439271372	0.0	0	381.62617428365047	2345.151439271518	1	0	1	1.1130102459873643
256200.0	1000.0	2145.1514392713416	0.0	0	318.556267099455	2345.151439271518	1	0	1	1.1130102459873643
257200.0	1000.0	2145.151439271319	0.0	0	604.0453618102765	2345.151439271518	1	0	1	1.1130102459873643
258200.0	1000.0	2145.151439271366	0.0	0	457.93243188332417	2345.151439271489	1	0	1	1.1130102459873672
259200.0	1000.0	2145.1514392713793	0.0	0	468.287068470323	2345.151439271489	1	0	1	1.1130102459873672
260200.0	1000.0	2145.1514392714053	0.0	0	411.84276935388334	2345.151439271489	1	0	1	1.1130102459873672
261200.0	1000.0	2145.1514392714103	0.0	0	431.1573436240142	2345.151439271489	1	0	1	1.1130102459873672
262200.0	1000.0	2145.1514392713893	0.0	0	550.140816827945	2345.151439271489	1	0	1	1.1130102459873672
263200.0	1000.0	2145.1514392713766	0.0	0	619.2550157131627	2345.15143927146	1	0	1	1.113010245987369
264200.0	1000.0	2145.1514392713907	0.0	0	495.80549947323743	2345.151439271489	1	0	1	1.113010245987366
265200.0	1000.0	2145.1514392713602	0.0	0	550.3867068318068	2345.151439271518	1	0	1	1.1130102459873643
266200.0	1000.0	2145.1514392713125	0.0	0	417.1121834323276	2345.151439271518	1	0	1	1.1130102459873643
267200.0	1000.0	2145.1514392712993	0.0	0	399.82348959951196	2345.151439271518	1	0	1	1.1130102459873643
268200.0	1000.0	2145.151439271248	0.0	0	651.6666257733013	2345.151439271518	1	0	1	1.1130102459873643
269200.0	1000.0	2145.1514392712124	0.0	0	486.7861386666191	2345.15143927146	1	0	1	1.11301024598737
270200.0	1000.0	2145.1514392711956	0.0	0	401.17323213792406	2345.15143927146	1	0	1	1.11301024598737
271200.0	1000.0	2145.1514392712375	0.0	0	452.55255501082866	2345.151439271518	1	0	1	1.1130102459873643
272200.0	1000.0	2145.151439271215	0.0	0	477.385960156098	2345.151439271518	1	0	1	1.1130102459873643
273200.0	1000.0	2145.151439271175	0.0	0	471.9765644822037	2345.151439271518	1	0	1	1.1130102459873643
274200.0	1000.0	2145.1514392711438	0.0	0	637.9740310584893	2345.15143927146	1	0	1	1.11301024598737
275200.0	1000.0	2145.1514392711338	0.0	0	491.34382594545605	2345.15143927146	1	0	1	1.11301024598737
276200.0	1000.0	2145.151439271132	0.0	0	537.1586700485786	2345.1514392714016	1	0	1	1.1130102459873756
277200.0	1000.0	2145.151439271162	0.0	0	674.5576295324136	2345.1514392714016	1	0	1	1.1130102459873756
278200.0	2000.0	2145.151439271175	0.0	0	248.34857115586055	2345.1514392713434	1	0	1	1.1130102459873814
279990.8983717391	2000.0	1354.2530675321098	0.0	0	0.0	2345.1514392713434	1	0	1	1.8061574265473266
281075.73338894086	2000.0	1269.4180503303626	0.0	0	0.0	2345.1514392713434	1	0	1	1.8061574265473266
282195.15391073364	2000.0	1149.9975285376663	0.0	0	0.0	2345.1514392713434	1	0	1	1.8061574265473266
282990.80370579014	2000.0	1354.347733481181	0.0	0	0.0	2345.1514392713434	1	0	1	1.8061574265473266
284529.1165506963	2000.0	816.0348885749926	0.0	0	0.0	2345.1514392713434	1	0	1	1.8061574265473266
286370.1305743713	2000.0	216.4324090105702	241.4115441106202	0	0.0	2586.5629833819694	1	0	1	0.3348442162595966
286826.79891130695	1000.0	767.9158883815552	8.151816306583356	0	0.0	2594.714799688547	1	0	1	0.34328243126539515
287235.4963674405	1000.0	1359.2184322480075	0.0	0	0.0	2594.714799688547	1	0	1	1.0853405096648405
287887.99295999965	1000.0	1706.7218396888998	0.0	0	0.0	2594.714799688547	1	0	1	1.0853405096648405
288322.61470334744	1000.0	2272.10009634107	0.0	0	0.0	2594.7147996884887	1	0	1	1.085340509664842
289200.0	1000.0	2394.7147996885524	0.0	0	422.75151565653505	2594.7147996884887	1	0	1	1.0853405096648479
290200.0	1000.0	2394.7147996885546	0.0	0	481.33271469641477	2594.714799688547	1	0	1	1.0853405096648405
291200.0	1000.0	2394.714799688587	0.0	0	444.6477763480507	2594.714799688605	1	0	1	1.0853405096648334
292200.0	1000.0	2394.7147996885774	0.0	0	459.1849992466159	2594.714799688547	1	0	1	1.0853405096648405
293200.0	1000.0	2394.7147996885287	0.0	0	520.7379609268974	2594.714799688547	1	0	1	1.0853405096648405
294200.0	1000.0	2394.7147996885315	0.0	0	325.04997997143073	2594.714799688605	1	0	1	1.0853405096648334
295200.0	1000.0	2394.714799688547	0.0	0	279.52620236593066	2594.714799688605	1	0	1	1.0853405096648334
296200.0	1000.0	2394.714799688558	0.0	0	374.1789607947576	2594.7147996886633	1	0	1	1.085340509664826
297200.0	1000.0	2394.7147996885005	0.0	0	591.5636384138488	2594.7147996886633	1	0	1	1.085340509664826
298200.0	1000.0	2394.714799688512	0.0	0	619.2139336638502	2594.7147996887215	1	0	1	1.0853405096648188
299200.0	1000.0	2394.7147996885465	0.0	0	500.95190387411276	2594.7147996887215	1	0	1	1.0853405096648188
300200.0	1000.0	2394.7147996884946	0.0	0	621.4131664346205	2594.7147996887215	1	0	1	1.0853405096648188
1.3	1.49	1.92	1.67	1.96	1.75	2.19	1.87	2.17	2.43	1.85	1.77	2.98	2.61	2.41	2.58	1.98	2.25	1.46	1.81	1.46	2.03	2.25	2.54	3.08	2.65	1.96	1.66	2.5	2.54	3.29	4.15	3.01	1.58	1.46	1.49	2.27	1.3	1.23	1.36	2.2	2.22	2.53	2.56	1.46	1.66	1.68	2.02	1.85	1.9	1.8	2.44	2.4	2.2	2.5	1.83	2.19	1.56	1.77	0.86	0.98	1.83	1.48	1.82	1.89	2.25	1.9	1.89	1.63	1.58	2.02	2.34	1.49	1.82	1.82	2.5	2.1	1.31	1.99	1.75	2.51	2.24	2.51	1.75	1.71	1.66	1.32	1.91	2.48	2.31	2.06	1.93	2.43	1.71	1.83	1.92	2.22	1.67	1.85	2.03	1.78	2.15	1.61	2.88	2.12	1.95	1.55	2.48	2.26	2.32	1.9	2.85	2.37	1.88	2.64	2.48	1.93	2.49	2.21	2.04	2.94	1.52	2.47	3.43	2.97	0.97	1.88	1.53	2.14	2.19	1.64	1.07	1.23	1.97	2.12	1.96	2.57	2.51	2.37	2.05	1.54	1.77	1.58	2.18	2.29	1.6	3.1	2.76	2.05	2.11	1.3	1.49	1.92	1.67	1.96	1.75	2.19	1.87	2.17	2.43	1.85	1.77	2.98	2.61	2.41	2.58	1.98	2.25	1.46	1.81	1.46	2.03	2.25	2.54	3.08	2.65	1.96	1.66	2.5	2.54	3.29	4.15	3.01	1.58	1.46	1.49	2.27	1.3	1.23	1.36	2.2	2.22	2.53	2.56	1.46	1.66	1.68	2.02	1.85	1.9	1.8	2.44	2.4	2.2	2.5	1.83	2.19	1.56	1.77	0.86	0.98	1.83	1.48	1.82	1.89	2.25	1.9	1.89	1.63	1.58	2.02	2.34	1.49	1.82	1.82	2.5	2.1	1.31	1.99	1.75	2.51	2.24	2.51	1.75	1.71	1.66	1.32	1.91	2.48	2.31	2.06	1.93	2.43	1.71	1.83	1.92	2.22	1.67	1.85	2.03	1.78	2.15	1.61	2.88	2.12	1.95	1.55	2.48	2.26	2.32	1.9	2.85	2.37	1.88	2.64	2.48	1.93	2.49	2.21	2.04	2.94	1.52	2.47	3.43	2.97	0.97	1.88	1.53	2.14	2.19	1.64	1.07	1.23	1.97	2.12	1.96	2.57	2.51	2.37	2.05	1.54	1.77	1.58	2.18	2.29	1.6	3.1	2.76	2.05	2.11	1.3
1.0	2.0	3.0	4.0	5.0	6.0	7.0	8.0	9.0	10.0	11.0	12.0	13.0	14.0	15.0	16.0	17.0	18.0	19.0	20.0	21.0	22.0	23.0	24.0	25.0	26.0	27.0	28.0	29.0	30.0	31.0	32.0	33.0	34.0	35.0	36.0	37.0	38.0	39.0	40.0	41.0	42.0	43.0	44.0	45.0	46.0	47.0	48.0	49.0	50.0	51.0	52.0	53.0	54.0	55.0	56.0	57.0	58.0	59.0	60.0	61.0	62.0	63.0	64.0	65.0	66.0	67.0	68.0	69.0	70.0	71.0	72.0	73.0	74.0	75.0	76.0	77.0	78.0	79.0	80.0	81.0	82.0	83.0	84.0	85.0	86.0	87.0	88.0	89.0	90.0	91.0	92.0	93.0	94.0	95.0	96.0	97.0	98.0	99.0	100.0	101.0	102.0	103.0	104.0	105.0	106.0	107.0	108.0	109.0	110.0	111.0	112.0	113.0	114.0	115.0	116.0	117.0	118.0	119.0	120.0	121.0	122.0	123.0	124.0	125.0	126.0	127.0	128.0	129.0	130.0	131.0	132.0	133.0	134.0	135.0	136.0	137.0	138.0	139.0	140.0	141.0	142.0	143.0	144.0	145.0	146.0	147.0	148.0	149.0	149.0	150.0	151.0	152.0	153.0	154.0	155.0	156.0	157.0	158.0	159.0	160.0	161.0	162.0	163.0	164.0	165.0	166.0	167.0	168.0	169.0	170.0	171.0	172.0	173.0	174.0	175.0	176.0	177.0	178.0	179.0	180.0	181.0	182.0	183.0	184.0	185.0	186.0	187.0	188.0	189.0	190.0	191.0	192.0	193.0	194.0	195.0	196.0	197.0	198.0	199.0	200.0	201.0	202.0	203.0	204.0	205.0	206.0	207.0	208.0	209.0	210.0	211.0	212.0	213.0	214.0	215.0	216.0	217.0	218.0	219.0	220.0	221.0	222.0	223.0	224.0	225.0	226.0	227.0	228.0	229.0	230.0	231.0	232.0	233.0	234.0	235.0	236.0	237.0	238.0	239.0	240.0	241.0	242.0	243.0	244.0	245.0	246.0	247.0	248.0	249.0	250.0	251.0	252.0	253.0	254.0	255.0	256.0	257.0	258.0	259.0	260.0	261.0	262.0	263.0	264.0	265.0	266.0	267.0	268.0	269.0	270.0	271.0	272.0	273.0	274.0	275.0	276.0	277.0	278.0	279.0	280.0	281.0	282.0	283.0	284.0	285.0	286.0	287.0	288.0	289.0	290.0	291.0	292.0	293.0	294.0	295.0	296.0	297.0	298.0	298.0	299.0
4285.6308997312135
