5663.83752250404	300.0	2000.0	145.43119952121896	0	0.0	5663.83752250404	1	0	1	-2.503478102465477
5770.067031511779	300.0	2883.1475400914874	0.0	0	0.0	5653.214571603266	1	0	2	-2.0485317491794097
5926.8889443339385	500.0	3710.6434359871114	0.0	0	0.0	5637.53238032105	1	0	2	-1.83478855851867
6132.0077728573815	500.0	4485.012724611324	0.0	0	0.0	5617.020497468707	1	0	2	-1.3053595566151504
6312.194003123104	500.0	5286.807871319029	0.0	0	0.0	5599.001874442134	1	0	2	-1.28723554561059
7200.0	500.0	5310.221274754444	0.0	0	754.5940871210469	5510.2212747544445	1	0	2	-1.2370008480675936
8200.0	500.0	5210.221274754444	0.0	0	881.6866601306328	5410.221274754444	1	0	2	-1.143046408604694
9200.0	1000.0	5110.2212747544445	0.0	0	811.1942996913076	5310.221274754445	1	0	2	-1.0515546671641214
10200.0	1000.0	5010.221274754443	0.0	0	745.1244709921557	5210.221274754444	1	0	2	-0.26973966091470414
11200.0	3000.0	4910.221274754444	0.0	0	459.32068257143874	5110.2212747544445	1	0	2	-0.18275629999616372
12200.0	3000.0	4810.221274754443	0.0	0	569.3344050350661	5010.221274754444	1	0	2	0.9972613381970225
13200.0	3000.0	4710.221274754443	0.0	0	590.9577515480196	4910.221274754444	1	0	2	1.0758677585992273
14200.0	3000.0	4610.2212747544445	0.0	0	298.6948953159772	4810.221274754444	1	0	2	1.1511698779620652
15200.0	3000.0	4510.221274754442	0.0	0	421.5586750041821	4710.221274754442	1	0	2	1.2225663148739425
16200.0	3000.0	4410.221274754445	0.0	0	621.2092888030074	4610.221274754445	1	0	2	1.2887377615487596
17200.0	3000.0	4310.221274754446	0.0	0	532.3845923303488	4510.221274754447	1	0	2	1.3522285167975316
18200.0	3000.0	4210.22127475445	0.0	0	609.9221479820881	4410.221274754449	1	0	2	1.4119602250468708
19200.0	3000.0	4110.221274754449	0.0	0	469.2934649369381	4310.221274754445	1	0	2	1.4677735892741208
20200.0	3000.0	4010.2212747544513	0.0	0	189.88745642549475	4210.221274754449	1	0	2	1.522961851696671
21231.711201054775	3000.0	3875.3389535941983	0.0	0	0.0	4107.050154648965	1	0	2	1.5767364827290327
22200.0	3000.0	3810.2212747544486	0.0	0	271.7777296439526	4010.2212747544436	1	0	2	1.616337579326813
23200.0	3000.0	3710.221274754447	0.0	0	352.71787700443747	3910.22127475444	1	0	2	1.6574537999796708
24432.94177396223	3000.0	3353.985323395991	0.0	0	0.0	3786.9270973582097	1	0	2	1.7053745255904955
26482.644842264253	3000.0	2099.311948263763	0.0	0	0.0	3581.9567905280055	1	0	2	1.7715887702678226
27218.27980346313	3000.0	2290.1134909449925	0.0	0	0.0	3508.39329440811	1	0	2	1.8012648491636156
28039.020110605514	3000.0	2387.29915308837	0.0	0	0.0	3426.319263693873	1	0	2	1.8234473278279262
29114.990620108143	3000.0	2203.731592635482	0.0	0	0.0	3318.722212743618	1	0	2	1.8499886644264847
30208.617049410394	3000.0	2000.742520403007	0.0	0	0.0	3209.3595698133977	1	0	2	1.8749961739696717
31088.524676580306	3000.0	2032.8441305161043	0.0	0	0.0	3121.368807096409	1	0	2	1.895278626437666
32104.18228389544	3000.0	1915.6207624694603	0.0	0	0.0	3019.803046364901	1	0	2	1.9141155190874035
32663.284735644767	3000.0	2300.608065545198	0.0	0	0.0	2963.892801189966	1	0	2	1.9269430156794458
33210.44067781416	3000.0	2698.7365291588794	0.0	0	0.0	2909.177206973036	1	0	2	1.9362521344619212
34200.0	3000.0	2610.2212747544477	0.0	0	14.93418810285948	2810.2212747544436	1	0	2	1.9502447549426625
35200.0	3000.0	2510.22127475444	0.0	0	139.65855009031657	2710.2212747544363	1	0	2	1.9638696053528037
36200.0	3000.0	2410.2212747544363	0.0	0	294.90290732777066	2610.2212747544327	1	0	2	1.9774292280601338
37200.0	3000.0	2310.2212747544318	0.0	0	308.19766371691367	2510.2212747544254	1	0	2	1.9897667239407246
38200.0	3000.0	2210.2212747544327	0.0	0	288.20246330172813	2410.221274754418	1	0	2	2.0011754197812777
39200.0	3000.0	2110.221274754433	0.0	0	418.0097175463161	2310.2212747544254	1	0	2	2.011336610945129
40200.0	3000.0	2010.2212747544286	0.0	0	578.7992663692712	2210.22127475444	1	0	2	2.020541488085643
41200.0	3000.0	1910.2212747544306	0.0	0	448.3354046294553	2110.22127475444	1	0	2	2.029153884110368
42200.0	3000.0	1810.221274754437	0.0	0	90.79512769328721	2010.2212747544472	1	0	2	2.03752596947809
43200.0	3000.0	1710.2212747544436	0.0	0	266.9823745150861	1910.2212747544618	1	0	2	2.044266226013377
44200.0	3000.0	1610.2212747544468	0.0	0	309.77892084456835	1810.2212747544618	1	0	2	2.050588787746952
45200.0	3000.0	1510.2212747544381	0.0	0	278.7793584651372	1710.2212747544545	1	0	2	2.056417556666079
46200.0	3000.0	1410.2212747544427	0.0	0	195.07803356089426	1610.2212747544545	1	0	2	2.06167886884272
47528.686360321604	3000.0	1081.5349144328409	0.0	0	0.0	1610.2212747544545	1	0	1	2.063469536877675
48476.00971251297	3000.0	1134.2115622414804	0.0	0	0.0	1610.2212747544545	1	0	1	2.2634695368776754
49229.42844717742	3000.0	1380.7928275770278	0.0	0	0.0	1610.2212747544545	1	0	1	2.2634695368776754
50284.04712047741	3000.0	1326.1741542770528	0.0	0	0.0	1610.2212747544545	1	0	1	2.2634695368776754
51200.0	3000.0	1410.221274754454	0.0	0	91.99326364909939	1610.2212747544545	1	0	1	2.2634695368776754
52200.0	3000.0	1410.2212747544518	0.0	0	89.66783759988175	1610.2212747544545	1	0	1	2.2634695368776754
53200.0	3000.0	1410.221274754453	0.0	0	45.494951934189885	1610.2212747544545	1	0	1	2.2634695368776754
54200.0	3000.0	1410.2212747544536	0.0	0	241.81093519268325	1610.2212747544472	1	0	1	2.2634695368776754
55200.0	3000.0	1410.2212747544575	0.0	0	501.1062593806055	1610.2212747544472	1	0	1	2.2634695368776754
56200.0	3000.0	1410.2212747544602	0.0	0	545.9402908815682	1610.2212747544545	1	0	1	2.2634695368776754
57200.0	3000.0	1410.2212747544559	0.0	0	518.5415287105643	1610.2212747544545	1	0	1	2.2634695368776754
58200.0	3000.0	1410.2212747544556	0.0	0	550.7821440317348	1610.2212747544618	1	0	1	2.2634695368776745
59200.0	3000.0	1410.2212747544577	0.0	0	294.9983712207177	1610.2212747544618	1	0	1	2.2634695368776745
60200.0	3000.0	1410.2212747544552	0.0	0	467.39196382926457	1610.2212747544618	1	0	1	2.2634695368776745
61200.0	3000.0	1410.2212747544463	0.0	0	386.2351964932823	1610.2212747544545	1	0	1	2.2634695368776754
62200.0	3000.0	1410.2212747544459	0.0	0	494.3716708158754	1610.2212747544545	1	0	1	2.2634695368776754
63200.0	3000.0	1410.2212747544445	0.0	0	253.19322906732123	1610.2212747544545	1	0	1	2.2634695368776754
64200.0	3000.0	1410.2212747544477	0.0	0	239.39013045229512	1610.2212747544545	1	0	1	2.2634695368776754
65200.0	3000.0	1410.221274754446	0.0	0	163.85639489431196	1610.2212747544545	1	0	1	2.2634695368776754
66200.0	3000.0	1410.221274754436	0.0	0	157.6353205908963	1610.22127475444	1	0	1	2.2634695368776754
67200.0	3000.0	1410.2212747544422	0.0	0	15.64066726967576	1610.2212747544545	1	0	1	2.263469536877676
68200.0	3000.0	1410.221274754432	0.0	0	65.58265838648367	1610.2212747544545	1	0	1	2.2634695368776754
69200.0	3000.0	1410.2212747544067	0.0	0	243.50623455655295	1610.2212747544545	1	0	1	2.2634695368776754
70200.0	3000.0	1410.221274754382	0.0	0	579.560021524434	1610.2212747544545	1	0	1	2.2634695368776754
71200.0	3000.0	1410.2212747543742	0.0	0	451.98120864892553	1610.2212747544545	1	0	1	2.2634695368776754
72264.20850911818	3000.0	1346.0127656361974	0.0	0	0.0	1610.2212747544545	1	0	1	2.2634695368776754
73200.0	3000.0	1410.221274754372	0.0	0	225.24874284432735	1610.2212747544545	1	0	1	2.2634695368776754
74200.0	3000.0	1410.2212747543651	0.0	0	530.5685728632379	1610.2212747544545	1	0	1	2.2634695368776754
75200.0	3000.0	1410.2212747543585	0.0	0	392.06936876162945	1610.2212747544545	1	0	1	2.2634695368776754
76200.0	3000.0	1410.221274754367	0.0	0	146.4492937057803	1610.2212747544545	1	0	1	2.2634695368776754
77200.0	3000.0	1410.2212747543638	0.0	0	95.07519589172443	1610.2212747544545	1	0	1	2.2634695368776754
78200.0	3000.0	1410.2212747543595	0.0	0	318.14821859725635	1610.2212747544545	1	0	1	2.2634695368776754
79510.32477739986	3000.0	1099.8964973545214	0.0	0	0.0	1610.2212747544545	1	0	1	2.2634695368776754
80207.9967445366	3000.0	1402.2245302177673	0.0	0	0.0	1610.2212747544545	1	0	1	2.2634695368776754
81200.0	3000.0	1410.2212747543745	0.0	0	172.39339409125387	1610.2212747544545	1	0	1	2.2634695368776754
82200.0	3000.0	1410.2212747543717	0.0	0	341.6378906350874	1610.2212747544545	1	0	1	2.2634695368776754
83200.0	3000.0	1410.2212747543701	0.0	0	344.1577718133922	1610.2212747544545	1	0	1	2.2634695368776754
84200.0	3000.0	1410.2212747543642	0.0	0	562.9010787016887	1610.2212747544545	1	0	1	2.2634695368776754
85200.0	3000.0	1410.221274754346	0.0	0	699.3062506515416	1610.22127475444	1	0	1	2.263469536877676
86200.0	3000.0	1410.221274754337	0.0	0	627.0831497748586	1610.22127475444	1	0	1	2.263469536877676
87200.0	3000.0	1410.221274754319	0.0	0	512.0570327427413	1610.22127475444	1	0	1	2.263469536877676
88200.0	3000.0	1410.221274754301	0.0	0	459.823125451192	1610.22127475444	1	0	1	2.263469536877676
89200.0	3000.0	1410.2212747542976	0.0	0	526.828088045193	1610.22127475444	1	0	1	2.263469536877676
90200.0	3000.0	1410.2212747542894	0.0	0	137.55176343681524	1610.22127475444	1	0	1	2.263469536877676
91200.0	3000.0	1410.2212747542794	0.0	0	219.03824303405418	1610.2212747544545	1	0	1	2.2634695368776754
92200.0	3000.0	1410.2212747542933	0.0	0	214.18976585382188	1610.221274754469	1	0	1	2.2634695368776745
93200.0	3000.0	1410.221274754293	0.0	0	188.06109487949288	1610.221274754469	1	0	1	2.2634695368776745
94200.0	3000.0	1410.2212747542876	0.0	0	73.32577873510309	1610.221274754469	1	0	1	2.2634695368776745
95200.0	3000.0	1410.2212747542762	0.0	0	353.2189899319055	1610.221274754469	1	0	1	2.2634695368776745
96200.0	3000.0	1410.221274754284	0.0	0	399.3222306135722	1610.221274754469	1	0	1	2.2634695368776745
97200.0	3000.0	1410.2212747542978	0.0	0	189.8670523311157	1610.221274754469	1	0	1	2.2634695368776745
98259.37204613189	3000.0	1350.8492286224084	0.0	0	0.0	1610.2212747544545	1	0	1	2.2634695368776754
99200.0	3000.0	1410.2212747543094	0.0	0	263.74995918040804	1610.2212747544545	1	0	1	2.2634695368776754
100200.0	3000.0	1410.221274754327	0.0	0	375.7007360866846	1610.2212747544545	1	0	1	2.2634695368776754
101200.0	3000.0	1410.2212747543379	0.0	0	75.406245898208	1610.2212747544545	1	0	1	2.2634695368776754
102200.0	3000.0	1410.2212747543108	0.0	0	104.80985505467106	1610.22127475444	1	0	1	2.263469536877676
103200.0	3000.0	1410.2212747542853	0.0	0	275.3716506081546	1610.22127475444	1	0	1	2.263469536877676
104200.0	3000.0	1410.2212747542674	0.0	0	252.89644537797722	1610.22127475444	1	0	1	2.263469536877676
105200.0	3000.0	1410.2212747542592	0.0	0	491.4833713952976	1610.22127475444	1	0	1	2.263469536877676
106200.0	3000.0	1410.2212747542542	0.0	0	457.43891157442704	1610.22127475444	1	0	1	2.263469536877676
107200.0	3000.0	1410.221274754277	0.0	0	591.6048007271165	1610.22127475444	1	0	1	2.263469536877676
108200.0	3000.0	1410.2212747542812	0.0	0	447.26997012672655	1610.22127475444	1	0	1	2.263469536877676
109332.75499616656	3000.0	1277.4662785877117	0.0	0	0.0	1610.2212747544545	1	0	1	2.2634695368776754
110894.96204280025	3000.0	715.2592319540272	0.0	0	0.0	1610.2212747544545	1	0	1	2.2634695368776754
111890.37694357657	3000.0	719.8443311777123	0.0	0	0.0	1610.2212747544545	1	0	1	2.2634695368776754
112460.00121992876	3000.0	1150.2200548255153	0.0	0	0.0	1610.2212747544545	1	0	1	2.2634695368776754
113200.0	3000.0	1410.221274754256	0.0	0	192.82650558283785	1610.2212747544545	1	0	1	2.2634695368776754
114200.0	3000.0	1410.2212747542678	0.0	0	342.22459278260067	1610.2212747544545	1	0	1	2.2634695368776754
115200.0	3000.0	1410.221274754274	0.0	0	451.25542415749806	1610.2212747544545	1	0	1	2.2634695368776754
116200.0	3000.0	1410.2212747542872	0.0	0	603.63299228283	1610.2212747544545	1	0	1	2.2634695368776754
117200.0	3000.0	1410.221274754308	0.0	0	600.7792798111041	1610.221274754469	1	0	1	2.2634695368776745
118200.0	3000.0	1410.2212747543115	0.0	0	362.30564702481206	1610.221274754469	1	0	1	2.2634695368776745
119414.551654417	3000.0	1195.669620337323	0.0	0	0.0	1610.2212747544836	1	0	1	2.263469536877674
120200.0	3000.0	1410.2212747543235	0.0	0	61.178454227454495	1610.2212747544836	1	0	1	2.263469536877674
121200.0	3000.0	1410.22127475433	0.0	0	384.85204504391004	1610.2212747544836	1	0	1	2.263469536877674
122255.20523144882	3000.0	1355.0160433055034	0.0	0	0.0	1610.2212747544836	1	0	1	2.263469536877674
123200.0	3000.0	1410.2212747543374	0.0	0	10.660723011227674	1610.2212747544836	1	0	1	2.263469536877674
124200.0	3000.0	1410.2212747543388	0.0	0	192.66731649721623	1610.2212747544836	1	0	1	2.263469536877674
125200.0	3000.0	1410.2212747543433	0.0	0	281.20676997884584	1610.221274754469	1	0	1	2.2634695368776745
126200.0	3000.0	1410.2212747543472	0.0	0	202.92820557876257	1610.221274754469	1	0	1	2.2634695368776745
127285.99586752463	3000.0	1324.2254072297	0.0	0	0.0	1610.2212747544545	1	0	1	2.2634695368776754
128329.0261531185	3000.0	1281.1951216358254	0.0	0	0.0	1610.2212747544545	1	0	1	2.2634695368776754
129200.0	3000.0	1410.2212747543142	0.0	0	139.62355126673356	1610.2212747544545	1	0	1	2.2634695368776754
130200.0	3000.0	1410.2212747543138	0.0	0	385.8142615144898	1610.2212747544545	1	0	1	2.2634695368776754
131200.0	3000.0	1410.2212747543172	0.0	0	544.5123423611803	1610.22127475444	1	0	1	2.263469536877676
132200.0	3000.0	1410.2212747543397	0.0	0	476.2178123877966	1610.2212747544545	1	0	1	2.263469536877676
133200.0	3000.0	1410.2212747543329	0.0	0	136.84571704090922	1610.22127475444	1	0	1	2.2634695368776754
134200.0	3000.0	1410.221274754335	0.0	0	12.043673914595274	1610.22127475444	1	0	1	2.263469536877676
135200.0	3000.0	1410.221274754307	0.0	0	457.6625778430607	1610.2212747544108	1	0	1	2.263469536877677
136200.0	3000.0	1410.2212747542685	0.0	0	396.51223362909514	1610.2212747544108	1	0	1	2.263469536877677
137200.0	3000.0	1410.221274754292	0.0	0	276.2436223368859	1610.22127475444	1	0	1	2.263469536877676
138200.0	3000.0	1410.2212747542749	0.0	0	423.84261396943475	1610.22127475444	1	0	1	2.263469536877676
139200.0	3000.0	1410.2212747542656	0.0	0	499.0595723576844	1610.2212747544108	1	0	1	2.263469536877677
140200.0	3000.0	1410.2212747542735	0.0	0	400.16971187558374	1610.2212747544108	1	0	1	2.263469536877677
141200.0	3000.0	1410.2212747542762	0.0	0	510.0121379723714	1610.2212747543817	1	0	1	2.2634695368776785
142200.0	3000.0	1410.2212747542367	0.0	0	164.6198177774495	1610.2212747543526	1	0	1	2.26346953687768
143200.0	3000.0	1410.2212747542678	0.0	0	93.05987749499036	1610.2212747543526	1	0	1	2.26346953687768
144200.0	3000.0	1410.2212747542628	0.0	0	197.860436953546	1610.2212747543526	1	0	1	2.26346953687768
145476.38850075798	3000.0	1133.832773996272	0.0	0	0.0	1610.2212747543526	1	0	1	2.26346953687768
146486.08545013252	3000.0	1124.1358246217303	0.0	0	0.0	1610.2212747543526	1	0	1	2.26346953687768
147414.087582098	3000.0	1196.133692656238	0.0	0	0.0	1610.2212747543526	1	0	1	2.26346953687768
148310.96426692625	3000.0	1299.2570078280196	0.0	0	0.0	1610.2212747543526	1	0	1	2.26346953687768
149200.0	3000.0	1410.2212747542724	0.0	0	121.3462147457758	1610.2212747543526	1	0	1	2.26346953687768
150200.0	3000.0	1410.221274754277	0.0	0	452.6758033465012	1610.2212747543526	1	0	1	2.26346953687768
151200.0	3000.0	1410.2212747542767	0.0	0	435.9214389923727	1610.2212747543526	1	0	1	2.26346953687768
152200.0	3000.0	1410.2212747542685	0.0	0	210.86073707527248	1610.2212747543526	1	0	1	2.26346953687768
153200.0	3000.0	1410.2212747542721	0.0	0	262.44366986627574	1610.2212747543235	1	0	1	2.2634695368776816
154200.0	3000.0	1410.2212747542972	0.0	0	329.78426344212494	1610.2212747543526	1	0	1	2.26346953687768
155200.0	3000.0	1410.2212747542958	0.0	0	132.240993003099	1610.2212747543526	1	0	1	2.26346953687768
156200.0	3000.0	1410.2212747542987	0.0	0	271.121339686244	1610.2212747543526	1	0	1	2.26346953687768
157200.0	3000.0	1410.2212747542724	0.0	0	461.18623817453044	1610.2212747543235	1	0	1	2.2634695368776816
158200.0	3000.0	1410.221274754279	0.0	0	262.9187678838498	1610.2212747543235	1	0	1	2.2634695368776816
159200.0	3000.0	1410.2212747542783	0.0	0	267.2359851153451	1610.2212747543235	1	0	1	2.2634695368776816
160200.0	3000.0	1410.2212747543026	0.0	0	329.7438411140756	1610.2212747543235	1	0	1	2.2634695368776816
161200.0	3000.0	1410.2212747542958	0.0	0	359.8867653500929	1610.2212747543235	1	0	1	2.2634695368776816
162200.0	3000.0	1410.2212747542774	0.0	0	616.9883722169034	1610.2212747542944	1	0	1	2.263469536877683
163200.0	3000.0	1410.221274754279	0.0	0	584.804646190023	1610.2212747542944	1	0	1	2.263469536877683
164200.0	3000.0	1410.2212747542935	0.0	0	533.4202729995013	1610.2212747542944	1	0	1	2.263469536877683
165200.0	3000.0	1410.221274754283	0.0	0	545.8268399426888	1610.2212747542944	1	0	1	2.263469536877683
166200.0	3000.0	1410.2212747542715	0.0	0	517.1711881162191	1610.2212747542653	1	0	1	2.2634695368776843
167200.0	3000.0	1410.2212747542737	0.0	0	599.0083328188921	1610.2212747542653	1	0	1	2.2634695368776843
168200.0	3000.0	1410.2212747542749	0.0	0	458.75076266992255	1610.2212747542944	1	0	1	2.263469536877683
169200.0	3000.0	1410.2212747542449	0.0	0	306.28434248204576	1610.2212747542944	1	0	1	2.263469536877683
170200.0	3000.0	1410.22127475426	0.0	0	58.69827048544539	1610.2212747542944	1	0	1	2.263469536877683
171200.0	3000.0	1410.221274754267	0.0	0	130.6077268179506	1610.2212747543235	1	0	1	2.2634695368776816
172200.0	3000.0	1410.221274754295	0.0	0	256.15183505625464	1610.2212747543235	1	0	1	2.2634695368776816
173349.65507871032	3000.0	1260.5661960439468	0.0	0	0.0	1610.2212747542944	1	0	1	2.263469536877683
175253.88582143633	3000.0	356.3354533179855	0.0	0	0.0	1610.2212747543235	1	0	1	2.2634695368776816
176194.56722304554	3000.0	551.3156547497125	135.66160304094456	0	0.0	1745.8828777952585	1	0	1	1.442479352398033
177244.29546188127	3000.0	501.5874159139923	0.0	0	0.0	1745.8828777952294	1	0	1	2.256448970643702
178302.61643362723	3000.0	485.7033746018405	42.43693043384576	0	0.0	1788.3198082290764	1	0	1	1.999434092337778
179091.20531606345	3000.0	697.1144921656456	0.0	0	0.0	1788.3198082290473	1	0	1	2.2540556749408545
180038.16590162154	3000.0	750.1539066076015	0.0	0	0.0	1788.3198082290473	1	0	1	2.2540556749408545
180820.32507446356	3000.0	967.994733765597	0.0	0	0.0	1788.3198082290473	1	0	1	2.2540556749408545
181796.61867588566	3000.0	991.7011323434821	0.0	0	0.0	1788.3198082290473	1	0	1	2.2540556749408545
182350.18719551136	3000.0	1438.1326127178008	0.0	0	0.0	1788.3198082290473	1	0	1	2.2540556749408545
183230.09321081635	3000.0	1558.2265974128336	0.0	0	0.0	1788.3198082290473	1	0	1	2.2540556749408545
184421.86622674164	3000.0	1366.4535814875055	0.0	0	0.0	1788.3198082290473	1	0	1	2.2540556749408545
185200.0	3000.0	1588.3198082291497	0.0	0	76.77816995471949	1788.3198082290764	1	0	1	2.2540556749408527
186200.0	3000.0	1588.3198082291715	0.0	0	291.9806087363686	1788.3198082290764	1	0	1	2.2540556749408527
187200.0	3000.0	1588.3198082291583	0.0	0	154.15647244648426	1788.3198082290473	1	0	1	2.2540556749408545
188200.0	3000.0	1588.319808229142	0.0	0	255.98687400610652	1788.3198082290473	1	0	1	2.2540556749408545
189200.0	3000.0	1588.3198082291492	0.0	0	344.52923195192125	1788.3198082290473	1	0	1	2.2540556749408545
190200.0	3000.0	1588.319808229153	0.0	0	471.20370781986276	1788.3198082290764	1	0	1	2.2540556749408527
191200.0	3000.0	1588.319808229137	0.0	0	143.88064563900116	1788.3198082291055	1	0	1	2.254055674940851
192200.0	3000.0	1588.3198082291667	0.0	0	160.44684597628657	1788.3198082291055	1	0	1	2.254055674940851
193200.0	3000.0	1588.3198082291578	0.0	0	209.50785008838284	1788.3198082291055	1	0	1	2.254055674940851
194200.0	3000.0	1588.3198082291874	0.0	0	127.60645602826844	1788.3198082291055	1	0	1	2.254055674940851
195200.0	3000.0	1588.3198082291976	0.0	0	208.4010040067369	1788.3198082291055	1	0	1	2.254055674940851
196554.96849071266	3000.0	1233.3513175165276	0.0	0	0.0	1788.3198082291055	1	0	1	2.254055674940851
197200.0	3000.0	1588.3198082291667	0.0	0	8.622234999289503	1788.3198082291055	1	0	1	2.254055674940851
198200.0	3000.0	1588.3198082291608	0.0	0	428.1972913783684	1788.3198082291055	1	0	1	2.254055674940851
199314.09312896492	3000.0	1474.2266792642467	0.0	0	0.0	1788.3198082291055	1	0	1	2.254055674940851
200200.0	3000.0	1588.3198082291788	0.0	0	194.80686818921822	1788.3198082291055	1	0	1	2.254055674940851
201200.0	3000.0	1588.3198082291829	0.0	0	96.79434973854222	1788.3198082291347	1	0	1	2.2540556749408496
202200.0	3000.0	1588.3198082291894	0.0	0	217.78424617572455	1788.3198082291347	1	0	1	2.2540556749408496
203200.0	3000.0	1588.319808229196	0.0	0	443.87740273191594	1788.3198082291347	1	0	1	2.2540556749408496
204200.0	3000.0	1588.3198082292224	0.0	0	463.9446699531982	1788.3198082291347	1	0	1	2.2540556749408496
205200.0	3000.0	1588.3198082292097	0.0	0	537.1100476830907	1788.3198082291055	1	0	1	2.254055674940851
206200.0	3000.0	1588.3198082292363	0.0	0	652.8058669910533	1788.3198082291055	1	0	1	2.254055674940851
207200.0	3000.0	1588.3198082292358	0.0	0	211.6848273804062	1788.3198082291055	1	0	1	2.254055674940851
208200.0	3000.0	1588.319808229262	0.0	0	63.720835569751216	1788.3198082291347	1	0	1	2.2540556749408496
209200.0	3000.0	1588.3198082292429	0.0	0	432.29440355909173	1788.3198082291347	1	0	1	2.2540556749408496
210200.0	3000.0	1588.319808229275	0.0	0	309.31335338775534	1788.3198082291638	1	0	1	2.254055674940848
211200.0	3000.0	1588.319808229278	0.0	0	562.165069351584	1788.3198082291347	1	0	1	2.2540556749408496
212200.0	3000.0	1588.3198082292738	0.0	0	164.51759526130627	1788.3198082291055	1	0	1	2.254055674940851
213200.0	3000.0	1588.3198082292758	0.0	0	312.6039753751538	1788.3198082291055	1	0	1	2.254055674940851
214398.6593491783	3000.0	1389.6604590509785	0.0	0	0.0	1788.3198082291055	1	0	1	2.254055674940851
215308.88264978316	3000.0	1479.4371584461264	0.0	0	0.0	1788.3198082291055	1	0	1	2.254055674940851
216200.0	3000.0	1588.3198082292552	0.0	0	203.51451653667027	1788.3198082291347	1	0	1	2.2540556749408496
217200.0	3000.0	1588.319808229265	0.0	0	309.5025503411889	1788.3198082291638	1	0	1	2.254055674940848
218200.0	3000.0	1588.319808229293	0.0	0	490.16719249120797	1788.3198082291929	1	0	1	2.254055674940846
219200.0	3000.0	1588.319808229295	0.0	0	417.67605600703973	1788.3198082291929	1	0	1	2.254055674940846
220200.0	3000.0	1588.3198082292827	0.0	0	128.44664738647407	1788.3198082291638	1	0	1	2.254055674940848
221200.0	3000.0	1588.319808229279	0.0	0	213.122485167376	1788.3198082291347	1	0	1	2.2540556749408496
222200.0	3000.0	1588.3198082292793	0.0	0	213.4873698731244	1788.3198082291347	1	0	1	2.2540556749408496
223200.0	3000.0	1588.31980822925	0.0	0	480.77993910736404	1788.3198082291347	1	0	1	2.2540556749408496
224200.0	3000.0	1588.3198082292772	0.0	0	448.3667278934736	1788.3198082291347	1	0	1	2.2540556749408496
225200.0	3000.0	1588.3198082292565	0.0	0	38.21873275839607	1788.3198082291347	1	0	1	2.2540556749408496
226200.0	3000.0	1588.3198082292588	0.0	0	153.40617798423045	1788.3198082291347	1	0	1	2.2540556749408496
227200.0	3000.0	1588.3198082292556	0.0	0	178.20941869082162	1788.3198082291638	1	0	1	2.254055674940848
228441.24798737883	3000.0	1347.07182085044	0.0	0	0.0	1788.3198082291638	1	0	1	2.254055674940848
229246.36316242613	3000.0	1541.9566458031243	0.0	0	0.0	1788.3198082291347	1	0	1	2.2540556749408496
230212.83549018836	3000.0	1575.4843180408986	0.0	0	0.0	1788.3198082291638	1	0	1	2.254055674940848
231200.0	3000.0	1588.3198082292565	0.0	0	308.52153586244094	1788.3198082291929	1	0	1	2.254055674940846
232200.0	3000.0	1588.3198082292176	0.0	0	386.08989664629917	1788.3198082291929	1	0	1	2.254055674940846
233200.0	3000.0	1588.3198082292286	0.0	0	668.9796683797322	1788.3198082291929	1	0	1	2.254055674940846
234200.0	3000.0	1588.3198082292283	0.0	0	511.4402873744839	1788.3198082291929	1	0	1	2.254055674940846
235200.0	3000.0	1588.3198082292322	0.0	0	688.5078658425191	1788.3198082291929	1	0	1	2.254055674940846
236200.0	3000.0	1588.3198082292304	0.0	0	402.50904814581736	1788.3198082291929	1	0	1	2.254055674940846
237200.0	3000.0	1588.319808229221	0.0	0	396.742773548438	1788.3198082291638	1	0	1	2.254055674940848
238200.0	3000.0	1588.3198082292406	0.0	0	406.17842047513113	1788.3198082291638	1	0	1	2.254055674940848
239200.0	3000.0	1588.3198082292702	0.0	0	167.42683723763912	1788.3198082291929	1	0	1	2.254055674940846
240200.0	3000.0	1588.3198082292743	0.0	0	416.6641510744812	1788.3198082291638	1	0	1	2.254055674940848
241200.0	3000.0	1588.319808229265	0.0	0	2.1196345656353515	1788.3198082291638	1	0	1	2.254055674940848
242262.43995412978	3000.0	1525.879854099514	0.0	0	0.0	1788.3198082291347	1	0	1	2.2540556749408496
243200.0	3000.0	1588.3198082292893	0.0	0	260.51631177496165	1788.3198082291055	1	0	1	2.254055674940851
244200.0	3000.0	1588.3198082292981	0.0	0	321.1422348433116	1788.3198082291055	1	0	1	2.254055674940851
245200.0	3000.0	1588.3198082292947	0.0	0	481.1539923733508	1788.3198082291055	1	0	1	2.254055674940851
246200.0	3000.0	1588.3198082292824	0.0	0	254.12994976295158	1788.3198082291347	1	0	1	2.2540556749408496
247200.0	3000.0	1588.3198082292533	0.0	0	210.22631704286323	1788.3198082291055	1	0	1	2.254055674940851
248200.0	3000.0	1588.3198082292527	0.0	0	23.3934929810639	1788.3198082291347	1	0	1	2.2540556749408496
249200.0	3000.0	1588.3198082292508	0.0	0	267.4364877320186	1788.3198082291347	1	0	1	2.2540556749408496
250200.0	3000.0	1588.31980822926	0.0	0	28.447936221404234	1788.3198082291347	1	0	1	2.2540556749408496
251200.0	3000.0	1588.3198082292542	0.0	0	470.06919304380426	1788.3198082291347	1	0	1	2.2540556749408496
252200.0	3000.0	1588.319808229257	0.0	0	318.1461830626067	1788.3198082291055	1	0	1	2.254055674940851
253200.0	3000.0	1588.3198082292497	0.0	0	196.99456755575375	1788.3198082291055	1	0	1	2.254055674940851
254200.0	3000.0	1588.319808229224	0.0	0	522.2922882352141	1788.3198082290764	1	0	1	2.2540556749408527
255200.0	3000.0	1588.3198082292135	0.0	0	302.94082866364624	1788.3198082290764	1	0	1	2.2540556749408527
256200.0	3000.0	1588.3198082291997	0.0	0	523.4074609008094	1788.3198082290473	1	0	1	2.2540556749408545
257200.0	3000.0	1588.3198082292106	0.0	0	385.74102310161106	1788.3198082290473	1	0	1	2.2540556749408545
258200.0	3000.0	1588.3198082292013	0.0	0	283.95373025373556	1788.3198082290473	1	0	1	2.2540556749408545
259683.96176952333	3000.0	1104.358038705887	0.0	0	0.0	1788.3198082290764	1	0	1	2.2540556749408527
260539.3957200662	3000.0	1248.9240881629946	0.0	0	0.0	1788.3198082290473	1	0	1	2.2540556749408545
261460.78133528447	3000.0	1327.5384729447608	0.0	0	0.0	1788.3198082291055	1	0	1	2.2540556749408522
262200.0	3000.0	1588.3198082292467	0.0	0	343.2858031921787	1788.3198082291055	1	0	1	2.254055674940851
263200.0	3000.0	1588.3198082292568	0.0	0	508.044866710261	1788.3198082290473	1	0	1	2.254055674940853
264200.0	3000.0	1588.31980822924	0.0	0	588.2278903252445	1788.3198082290473	1	0	1	2.254055674940854
265200.0	3000.0	1588.3198082291874	0.0	0	545.258474865579	1788.3198082289891	1	0	1	2.2540556749408576
266200.0	3000.0	1588.3198082292517	0.0	0	741.1411274174461	1788.3198082289891	1	0	1	2.2540556749408576
267200.0	3000.0	1588.3198082292074	0.0	0	553.7844596076757	1788.3198082289891	1	0	1	2.2540556749408576
268200.0	3000.0	1588.3198082291735	0.0	0	21.000255006423686	1788.3198082290473	1	0	1	2.2540556749408545
269200.0	3000.0	1588.3198082291362	0.0	0	214.48266217519995	1788.3198082289891	1	0	1	2.2540556749408576
270200.0	3000.0	1588.319808229134	0.0	0	369.019322400738	1788.319808228931	1	0	1	2.2540556749408616
271386.87607252813	3000.0	1401.4437357010747	0.0	0	0.0	1788.319808228931	1	0	1	2.2540556749408616
272565.6016806091	3000.0	1222.7181276201432	0.0	0	0.0	1788.319808228931	1	0	1	2.2540556749408616
273503.89824656694	3000.0	1284.4215616623426	0.0	0	0.0	1788.319808228931	1	0	1	2.2540556749408616
274200.0	3000.0	1588.319808229233	0.0	0	128.51961080316687	1788.3198082288727	1	0	1	2.2540556749408647
275213.90357910073	3000.0	1574.4162291285077	0.0	0	0.0	1788.319808228931	1	0	1	2.2540556749408616
276200.0	3000.0	1588.319808229212	0.0	0	173.46637832047418	1788.319808228931	1	0	1	2.2540556749408616
277275.43969875434	3000.0	1512.8801094748665	0.0	0	0.0	1788.319808228931	1	0	1	2.2540556749408616
278200.0	3000.0	1588.3198082291512	0.0	0	302.17796688206727	1788.3198082288727	1	0	1	2.2540556749408647
279200.0	3000.0	1588.3198082291601	0.0	0	208.08678659901489	1788.3198082288727	1	0	1	2.2540556749408647
280200.0	3000.0	1588.319808229204	0.0	0	548.3456696046051	1788.3198082288727	1	0	1	2.2540556749408647
281200.0	3000.0	1588.3198082291797	0.0	0	623.8174439111026	1788.3198082288145	1	0	1	2.254055674940868
282478.7507858059	3000.0	1309.5690224232749	0.0	0	0.0	1788.319808228931	1	0	1	2.2540556749408642
283200.0	3000.0	1588.3198082292356	0.0	0	47.23325527366251	1788.3198082289891	1	0	1	2.2540556749408576
284200.0	3000.0	1588.3198082291728	0.0	0	338.2925722472137	1788.3198082289891	1	0	1	2.2540556749408576
285200.0	3000.0	1588.3198082291924	0.0	0	355.95784000790445	1788.3198082289891	1	0	1	2.2540556749408576
286200.0	3000.0	1588.3198082291603	0.0	0	349.4984623462078	1788.3198082290473	1	0	1	2.2540556749408545
287200.0	3000.0	1588.3198082291574	0.0	0	584.98024511314	1788.3198082290473	1	0	1	2.2540556749408545
288200.0	3000.0	1588.3198082291176	0.0	0	493.91389003477525	1788.3198082290473	1	0	1	2.2540556749408545
289200.0	3000.0	1588.3198082291167	0.0	0	528.1028001603554	1788.3198082291055	1	0	1	2.254055674940851
290200.0	3000.0	1588.3198082291965	0.0	0	501.69662361749215	1788.3198082291055	1	0	1	2.254055674940851
291200.0	3000.0	1588.3198082291408	0.0	0	465.9536628680653	1788.3198082291055	1	0	1	2.254055674940851
292200.0	3000.0	1588.3198082291847	0.0	0	105.43690582655836	1788.3198082291055	1	0	1	2.254055674940851
293200.0	3000.0	1588.3198082291378	0.0	0	193.22189249959774	1788.3198082291055	1	0	1	2.254055674940851
294504.8866066293	3000.0	1283.4332015998496	0.0	0	0.0	1788.3198082291638	1	0	1	2.2540556749408505
295200.0	3000.0	1588.3198082291062	0.0	0	44.624745152599644	1788.3198082291638	1	0	1	2.254055674940848
296249.5680915241	3000.0	1538.7517167049382	0.0	0	0.0	1788.319808229222	1	0	1	2.2540556749408442
297200.93130468624	3000.0	1587.3885035427866	0.0	0	0.0	1788.3198082292802	1	0	1	2.254055674940841
298200.0	3000.0	1588.3198082290505	0.0	0	447.93264544563135	1788.3198082292802	1	0	1	2.254055674940841
299200.0	3000.0	1588.3198082290492	0.0	0	551.8868461456732	1788.3198082292802	1	0	1	2.254055674940841
300200.0	3000.0	1588.319808228996	0.0	0	466.6906375407125	1788.319808229222	1	0	1	2.2540556749408442
3.57	5.71	8.21	4.76	4.62	6.09	6.37	8.32	5.03	5.71	7.48	6.14	7.21	3.58	3.65	3.34	3.59	4.44	2.92	1.38	2.28	3.43	3.34	3.87	3.61	4.47	3.71	4.9	3.99	3.42	4.41	4.16	3.64	6.04	6.41	5.28	3.7	4.25	4.81	4.51	3.46	2.25	3.92	5.29	3.45	4.18	3.32	4.3	5.83	7.98	8.03	7.66	4.15	4.34	4.33	4.97	6.01	4.46	2.95	3.36	4.19	3.23	4.83	5.75	5.62	4.18	3.85	4.97	6.39	3.25	3.93	3.82	3.94	2.58	3.38	4.07	4.12	6.45	8.86	8.07	8.04	5.21	5.43	5.75	4.12	4.34	3.23	3.92	4.38	5.09	6.56	4.51	3.44	3.47	4.21	4.34	4.78	5.87	4.55	5.46	5.76	7.21	6.5	2.39	2.31	2.86	4.47	6.55	5.24	6.73	9.23	10.5	4.69	3.19	5.24	5.87	2.92	2.97	3.41	4.03	3.95	3.26	3.97	3.61	5.06	7.41	6.33	2.46	3.66	5.75	4.22	4.66	6.52	5.51	6.59	6.16	3.76	4.6	3.06	2.21	4.17	3.68	4.19	4.69	6.3	6.37	4.6	4.73	4.63	5.04	3.57	5.71	8.21	4.76	4.62	6.09	6.37	8.32	5.03	5.71	7.48	6.14	7.21	3.58	3.65	3.34	3.59	4.44	2.92	1.38	2.28	3.43	3.34	3.87	3.61	4.47	3.71	4.9	3.99	3.42	4.41	4.16	3.64	6.04	6.41	5.28	3.7	4.25	4.81	4.51	3.46	2.25	3.92	5.29	3.45	4.18	3.32	4.3	5.83	7.98	8.03	7.66	4.15	4.34	4.33	4.97	6.01	4.46	2.95	3.36	4.19	3.23	4.83	5.75	5.62	4.18	3.85	4.97	6.39	3.25	3.93	3.82	3.94	2.58	3.38	4.07	4.12	6.45	8.86	8.07	8.04	5.21	5.43	5.75	4.12	4.34	3.23	3.92	4.38	5.09	6.56	4.51	3.44	3.47	4.21	4.34	4.78	5.87	4.55	5.46	5.76	7.21	6.5	2.39	2.31	2.86	4.47	6.55	5.24	6.73	9.23	10.5	4.69	3.19	5.24	5.87	2.92	2.97	3.41	4.03	3.95	3.26	3.97	3.61	5.06	7.41	6.33	2.46	3.66	5.75	4.22	4.66	6.52	5.51	6.59	6.16	3.76	4.6	3.06	2.21	4.17	3.68	4.19	4.69	6.3	6.37	4.6	4.73
1.0	2.0	3.0	4.0	5.0	6.0	7.0	8.0	9.0	10.0	11.0	12.0	13.0	14.0	15.0	16.0	17.0	18.0	19.0	20.0	21.0	22.0	23.0	24.0	25.0	26.0	27.0	28.0	29.0	30.0	31.0	32.0	33.0	34.0	35.0	36.0	37.0	38.0	39.0	40.0	41.0	42.0	43.0	44.0	45.0	46.0	47.0	48.0	49.0	50.0	51.0	52.0	53.0	54.0	55.0	56.0	57.0	58.0	59.0	60.0	61.0	62.0	63.0	64.0	65.0	66.0	67.0	68.0	69.0	70.0	71.0	72.0	73.0	74.0	75.0	76.0	77.0	78.0	79.0	80.0	81.0	82.0	83.0	84.0	85.0	86.0	87.0	88.0	89.0	90.0	91.0	92.0	93.0	94.0	95.0	96.0	97.0	98.0	99.0	100.0	101.0	102.0	103.0	104.0	105.0	106.0	107.0	108.0	109.0	110.0	111.0	112.0	113.0	114.0	115.0	116.0	117.0	118.0	119.0	120.0	121.0	122.0	123.0	124.0	125.0	126.0	127.0	128.0	129.0	130.0	131.0	132.0	133.0	134.0	135.0	136.0	137.0	138.0	139.0	140.0	141.0	142.0	143.0	144.0	145.0	146.0	147.0	148.0	149.0	149.0	150.0	151.0	152.0	153.0	154.0	155.0	156.0	157.0	158.0	159.0	160.0	161.0	162.0	163.0	164.0	165.0	166.0	167.0	168.0	169.0	170.0	171.0	172.0	173.0	174.0	175.0	176.0	177.0	178.0	179.0	180.0	181.0	182.0	183.0	184.0	185.0	186.0	187.0	188.0	189.0	190.0	191.0	192.0	193.0	194.0	195.0	196.0	197.0	198.0	199.0	200.0	201.0	202.0	203.0	204.0	205.0	206.0	207.0	208.0	209.0	210.0	211.0	212.0	213.0	214.0	215.0	216.0	217.0	218.0	219.0	220.0	221.0	222.0	223.0	224.0	225.0	226.0	227.0	228.0	229.0	230.0	231.0	232.0	233.0	234.0	235.0	236.0	237.0	238.0	239.0	240.0	241.0	242.0	243.0	244.0	245.0	246.0	247.0	248.0	249.0	250.0	251.0	252.0	253.0	254.0	255.0	256.0	257.0	258.0	259.0	260.0	261.0	262.0	263.0	264.0	265.0	266.0	267.0	268.0	269.0	270.0	271.0	272.0	273.0	274.0	275.0	276.0	277.0	278.0	279.0	280.0	281.0	282.0	283.0	284.0	285.0	286.0	287.0	288.0	289.0	290.0	291.0	292.0	293.0	294.0	295.0	296.0	297.0
5412.42330092069
