6189.507638134398	300.0	2000.0	107.63810980862658	0	0.0	6189.507638134398	1	0	1	-2.805390421793131
6284.363144688812	300.0	2905.144493445586	0.0	0	0.0	6189.507638134398	1	0	1	-2.1790520236788273
6435.883262536971	500.0	3738.47236381261	0.0	0	0.0	6174.355626349582	1	0	2	-2.567256369963845
6547.728530893312	500.0	4615.442568620636	0.0	0	0.0	6163.171099513948	1	0	2	-1.8440105505095086
6681.272986195294	500.0	5468.543667788455	0.0	0	0.0	6149.816653983749	1	0	2	-1.831313715283057
7200.0	500.0	5897.943952603278	0.0	0	400.1614696413053	6097.94395260328	1	0	2	-1.806922523514194
8200.0	1000.0	5797.943952603276	0.0	0	703.5125375832331	5997.943952603279	1	0	2	-1.7172157009710447
9200.0	1000.0	5697.943952603275	0.0	0	799.335962414103	5897.943952603278	1	0	2	-0.9241129550476095
10200.0	1000.0	5597.943952603273	0.0	0	829.7606334367993	5797.9439526032775	1	0	2	-0.8244665104015243
11200.0	3000.0	5497.943952603274	0.0	0	410.8338054021624	5697.943952603278	1	0	2	-0.7242512808757303
12200.0	3000.0	5397.943952603272	0.0	0	250.7147260791844	5597.943952603277	1	0	2	0.475365002143711
13200.0	3000.0	5297.943952603274	0.0	0	446.87598277345023	5497.943952603278	1	0	2	0.5674853488707616
14200.0	3000.0	5197.943952603274	0.0	0	31.92675142681037	5397.94395260328	1	0	2	0.670533785756025
15369.827475063155	3000.0	4911.133730033805	0.0	0	0.0	5280.961205096966	1	0	2	0.7769599368986077
16200.0	3000.0	4997.943952603276	0.0	0	151.28028276529403	5197.943952603284	1	0	2	0.8515898216851419
17200.0	3000.0	4897.943952603277	0.0	0	354.0607773308875	5097.943952603282	1	0	2	0.9270033112552233
18200.0	3000.0	4797.943952603277	0.0	0	536.4755822584411	4997.943952603284	1	0	2	1.0068052332306465
19200.0	3000.0	4697.943952603278	0.0	0	419.18151206232506	4897.9439526032875	1	0	2	1.085857092783049
20200.0	3000.0	4597.943952603281	0.0	0	659.79124600672	4797.943952603289	1	0	2	1.1591480331481732
21200.0	3000.0	4497.94395260328	0.0	0	448.6516993575133	4697.9439526032875	1	0	2	1.2305275700712057
22200.0	3000.0	4397.943952603279	0.0	0	178.4396586531293	4597.9439526032875	1	0	2	1.3014147025135971
23200.0	3000.0	4297.943952603279	0.0	0	439.8948739709922	4497.9439526032875	1	0	2	1.360878031161445
24200.0	3000.0	4197.943952603281	0.0	0	325.80059194797286	4397.943952603291	1	0	2	1.4208592160108406
25200.0	3000.0	4097.94395260328	0.0	0	461.54038432387824	4297.9439526032875	1	0	2	1.475091444927414
26200.0	3000.0	3997.9439526032775	0.0	0	354.1861867059197	4197.94395260328	1	0	2	1.5275238860397675
27200.0	3000.0	3897.9439526032793	0.0	0	513.3145188640519	4097.9439526032875	1	0	2	1.5749697725140408
28200.0	3000.0	3797.943952603276	0.0	0	531.278921178935	3997.94395260328	1	0	2	1.619715402807353
29200.0	3000.0	3697.9439526032793	0.0	0	630.2663668555615	3897.94395260328	1	0	2	1.660992198969974
30200.0	3000.0	3597.9439526032775	0.0	0	318.325242741128	3797.94395260328	1	0	2	1.7007361518847919
31200.0	3000.0	3497.943952603278	0.0	0	377.80562806327	3697.94395260328	1	0	2	1.7357618256545466
32200.0	3000.0	3397.943952603276	0.0	0	487.0964805232652	3597.94395260328	1	0	2	1.7683254028642552
33200.0	3000.0	3297.943952603276	0.0	0	340.10338757354475	3497.943952603273	1	0	2	1.7987098054643618
34200.0	3000.0	3197.943952603276	0.0	0	393.81577943157754	3397.9439526032693	1	0	2	1.8265898378815733
35200.0	3000.0	3097.9439526032775	0.0	0	548.506240134775	3297.9439526032656	1	0	2	1.8516168258480985
36200.0	3000.0	2997.943952603279	0.0	0	437.90694790727866	3197.9439526032656	1	0	2	1.8749520675027274
37200.0	3000.0	2897.9439526032747	0.0	0	137.47340833857015	3097.9439526032584	1	0	2	1.8979889927853244
38200.0	3000.0	2797.9439526032866	0.0	0	122.68876811525843	2997.9439526032656	1	0	2	1.9173371467143858
39200.0	3000.0	2697.9439526032934	0.0	0	176.29037414552295	2897.9439526032656	1	0	2	1.934709305927347
40200.0	3000.0	2597.9439526032957	0.0	0	110.96438527439022	2797.9439526032584	1	0	2	1.9513654310450206
41200.0	3000.0	2497.943952603302	0.0	0	300.2015533697486	2697.9439526032584	1	0	2	1.9651714799262028
42200.0	3000.0	2397.943952603304	0.0	0	167.41638519835396	2597.9439526032656	1	0	2	1.9793946376999947
43200.0	3000.0	2297.9439526033043	0.0	0	100.53377625666326	2497.9439526032584	1	0	2	1.9918362804371996
44200.0	3000.0	2197.9439526033098	0.0	0	421.6032588503731	2397.9439526032656	1	0	2	2.002306245943777
45200.0	3000.0	2097.9439526033157	0.0	0	189.19802261295263	2297.94395260328	1	0	2	2.0128801929153175
46200.0	3000.0	1997.9439526033104	0.0	0	420.4969768338633	2197.9439526032875	1	0	2	2.0217404769652605
47200.0	3000.0	1897.9439526033132	0.0	0	266.2958553171993	2097.94395260328	1	0	2	2.030425072276381
48200.0	3000.0	1797.943952603317	0.0	0	118.64756246611068	1997.943952603273	1	0	2	2.038478124748332
49200.0	3000.0	1697.9439526033082	0.0	0	311.8536918043974	1897.9439526032584	1	0	2	2.0449702337867874
50200.0	3000.0	1597.9439526033057	0.0	0	483.6955310486883	1797.9439526032584	1	0	2	2.0511434757444165
51200.0	3000.0	1497.9439526033016	0.0	0	236.7084817006762	1697.9439526032584	1	0	2	2.057109818974123
52200.0	3000.0	1397.9439526033057	0.0	0	172.95530111911648	1597.9439526032584	1	0	2	2.062421118118475
53200.0	3000.0	1297.9439526033054	0.0	0	211.2939914201488	1497.9439526032584	1	0	2	2.067076830625448
54200.0	3000.0	1197.9439526033082	0.0	0	379.9631398607744	1397.9439526032656	1	0	2	2.0712313151007162
55200.0	3000.0	1097.943952603308	0.0	0	385.82238546197914	1297.9439526032656	1	0	2	2.0751125434892015
56200.0	3000.0	1097.9439526033082	0.0	0	272.14279661326873	1297.9439526032656	1	0	1	2.0764957758493803
57200.0	3000.0	1097.9439526033075	0.0	0	226.97385042337555	1297.9439526032656	1	0	1	2.2764957758493805
58200.0	3000.0	1097.943952603312	0.0	0	208.3785539961027	1297.9439526032656	1	0	1	2.2764957758493805
59200.0	3000.0	1097.943952603313	0.0	0	165.10174981494492	1297.9439526032656	1	0	1	2.2764957758493805
60200.0	3000.0	1097.9439526033093	0.0	0	236.1132428846322	1297.9439526032656	1	0	1	2.2764957758493805
61200.0	3000.0	1097.9439526032952	0.0	0	414.88042993564886	1297.9439526032656	1	0	1	2.2764957758493805
62200.0	3000.0	1097.9439526033034	0.0	0	493.28184326433984	1297.9439526032656	1	0	1	2.2764957758493805
63200.0	3000.0	1097.9439526032993	0.0	0	304.5473055543116	1297.9439526032584	1	0	1	2.2764957758493805
64200.0	3000.0	1097.9439526032995	0.0	0	232.77428156253882	1297.9439526032584	1	0	1	2.2764957758493805
65200.0	3000.0	1097.9439526033007	0.0	0	256.1646799821974	1297.9439526032584	1	0	1	2.2764957758493805
66200.0	3000.0	1097.943952603295	0.0	0	354.8585315820237	1297.9439526032438	1	0	1	2.276495775849381
67200.0	3000.0	1097.9439526033052	0.0	0	187.98852939685457	1297.943952603251	1	0	1	2.276495775849381
68200.0	3000.0	1097.9439526032954	0.0	0	334.48928069557587	1297.943952603251	1	0	1	2.276495775849381
69200.0	3000.0	1097.9439526032907	0.0	0	152.9406207221473	1297.943952603222	1	0	1	2.276495775849382
70200.0	3000.0	1097.9439526032816	0.0	0	183.09880577142758	1297.943952603222	1	0	1	2.276495775849382
71200.0	3000.0	1097.9439526032866	0.0	0	321.87109386129305	1297.943952603222	1	0	1	2.276495775849382
72200.0	3000.0	1097.9439526032945	0.0	0	408.39254901729873	1297.9439526032365	1	0	1	2.2764957758493813
73200.0	3000.0	1097.9439526032845	0.0	0	460.90610404888866	1297.9439526032365	1	0	1	2.2764957758493813
74200.0	3000.0	1097.9439526032893	0.0	0	406.87728046751	1297.9439526032365	1	0	1	2.2764957758493813
75200.0	3000.0	1097.9439526032822	0.0	0	380.37240972525615	1297.9439526032365	1	0	1	2.2764957758493813
76200.0	3000.0	1097.9439526032647	0.0	0	489.8664114326384	1297.9439526032365	1	0	1	2.2764957758493813
77200.0	3000.0	1097.943952603272	0.0	0	431.2783641246788	1297.9439526032365	1	0	1	2.2764957758493813
78200.0	3000.0	1097.9439526032684	0.0	0	66.73543411304126	1297.9439526032365	1	0	1	2.2764957758493813
79200.0	3000.0	1097.9439526032781	0.0	0	461.8634335867828	1297.943952603251	1	0	1	2.276495775849381
80200.0	3000.0	1097.9439526032897	0.0	0	299.3290895680984	1297.9439526032656	1	0	1	2.2764957758493805
81200.0	3000.0	1097.9439526032843	0.0	0	282.86942410020856	1297.9439526032656	1	0	1	2.2764957758493805
82200.0	3000.0	1097.9439526032743	0.0	0	256.2309969065536	1297.9439526032802	1	0	1	2.27649577584938
83200.0	3000.0	1097.9439526032706	0.0	0	337.36520521460625	1297.9439526032947	1	0	1	2.276495775849379
84200.0	3000.0	1097.9439526032895	0.0	0	547.7944768878515	1297.9439526032947	1	0	1	2.276495775849379
85200.0	3000.0	1097.9439526032947	0.0	0	375.5496396024246	1297.9439526033093	1	0	1	2.2764957758493787
86200.0	3000.0	1097.9439526033007	0.0	0	404.8295387771941	1297.9439526033093	1	0	1	2.2764957758493787
87200.0	3000.0	1097.9439526032859	0.0	0	248.2335680064425	1297.9439526033093	1	0	1	2.2764957758493787
88200.0	3000.0	1097.943952603278	0.0	0	321.29026689559396	1297.9439526033093	1	0	1	2.2764957758493787
89200.0	3000.0	1097.9439526032966	0.0	0	326.30984920570336	1297.9439526033239	1	0	1	2.2764957758493782
90200.0	3000.0	1097.9439526032934	0.0	0	655.4510986684472	1297.9439526033239	1	0	1	2.2764957758493782
91200.0	3000.0	1097.943952603307	0.0	0	436.6136792036705	1297.9439526033239	1	0	1	2.2764957758493782
92200.0	3000.0	1097.9439526032972	0.0	0	33.29203617719759	1297.9439526033239	1	0	1	2.2764957758493782
93200.0	3000.0	1097.9439526032988	0.0	0	233.38650194407091	1297.9439526033384	1	0	1	2.276495775849378
94200.0	3000.0	1097.9439526032938	0.0	0	21.646455410620547	1297.9439526033384	1	0	1	2.276495775849378
95200.0	3000.0	1097.9439526032836	0.0	0	474.4972450964997	1297.9439526033239	1	0	1	2.2764957758493782
96341.06355181712	3000.0	956.8804007861679	0.0	0	0.0	1297.9439526033239	1	0	1	2.2764957758493782
97487.7744550967	3000.0	810.1694975065927	0.0	0	0.0	1297.9439526033239	1	0	1	2.2764957758493782
98200.0	3000.0	1097.9439526032982	0.0	0	41.92319381063862	1297.9439526033239	1	0	1	2.2764957758493782
99200.0	3000.0	1097.943952603301	0.0	0	96.81841063803586	1297.9439526033239	1	0	1	2.2764957758493782
100200.0	3000.0	1097.9439526032982	0.0	0	333.6112045872287	1297.9439526033093	1	0	1	2.2764957758493787
101348.35232950808	3000.0	949.5916230952105	0.0	0	0.0	1297.9439526033093	1	0	1	2.2764957758493787
102200.0	3000.0	1097.943952603294	0.0	0	58.41777565982193	1297.9439526033093	1	0	1	2.2764957758493787
103200.0	3000.0	1097.943952603293	0.0	0	180.66463623262825	1297.9439526033093	1	0	1	2.2764957758493787
104200.0	3000.0	1097.9439526032809	0.0	0	342.70929650402104	1297.9439526033093	1	0	1	2.2764957758493787
105200.0	3000.0	1097.943952603278	0.0	0	209.32794130707043	1297.9439526032947	1	0	1	2.276495775849379
106200.0	3000.0	1097.9439526032847	0.0	0	341.0003420798894	1297.9439526032947	1	0	1	2.276495775849379
107200.0	3000.0	1097.9439526032875	0.0	0	505.7383960046136	1297.9439526032947	1	0	1	2.276495775849379
108200.0	3000.0	1097.9439526032938	0.0	0	80.71595981244172	1297.9439526032947	1	0	1	2.276495775849379
109227.62543563273	3000.0	1070.3185169705653	0.0	0	0.0	1297.9439526032947	1	0	1	2.276495775849379
110200.0	3000.0	1097.9439526032957	0.0	0	268.0576126403903	1297.9439526032947	1	0	1	2.276495775849379
111200.0	3000.0	1097.9439526032934	0.0	0	337.24739354429767	1297.9439526032947	1	0	1	2.276495775849379
112200.0	3000.0	1097.9439526032886	0.0	0	369.2879353417229	1297.9439526032947	1	0	1	2.276495775849379
113200.0	3000.0	1097.9439526032925	0.0	0	369.3349232067558	1297.9439526032947	1	0	1	2.276495775849379
114200.0	3000.0	1097.9439526032957	0.0	0	228.4002279562992	1297.9439526032947	1	0	1	2.276495775849379
115200.0	3000.0	1097.9439526033075	0.0	0	240.06692749995273	1297.9439526032947	1	0	1	2.276495775849379
116200.0	3000.0	1097.9439526033198	0.0	0	414.5402651702607	1297.9439526033093	1	0	1	2.2764957758493787
117200.0	3000.0	1097.9439526033445	0.0	0	692.0617517849751	1297.9439526033093	1	0	1	2.2764957758493787
118200.0	3000.0	1097.9439526033557	0.0	0	409.2465047598089	1297.9439526033093	1	0	1	2.2764957758493787
119376.23736314877	3000.0	921.7065894545954	0.0	0	0.0	1297.9439526033093	1	0	1	2.2764957758493787
120250.32401684202	3000.0	1047.6199357613527	0.0	0	0.0	1297.9439526033093	1	0	1	2.2764957758493787
121200.0	3000.0	1097.9439526033707	0.0	0	161.34531310747843	1297.9439526033093	1	0	1	2.2764957758493787
122200.0	3000.0	1097.9439526033718	0.0	0	65.16952339063573	1297.9439526033093	1	0	1	2.2764957758493787
123200.0	3000.0	1097.9439526033639	0.0	0	399.7929408130003	1297.9439526033093	1	0	1	2.2764957758493787
124200.0	3000.0	1097.9439526033734	0.0	0	323.69320308788156	1297.9439526033093	1	0	1	2.2764957758493787
125200.0	3000.0	1097.9439526033798	0.0	0	498.8458263615903	1297.9439526032947	1	0	1	2.276495775849379
126200.0	3000.0	1097.9439526033807	0.0	0	73.69029818956915	1297.9439526032947	1	0	1	2.276495775849379
127200.0	3000.0	1097.9439526033684	0.0	0	413.2895260521618	1297.9439526032947	1	0	1	2.276495775849379
128200.0	3000.0	1097.9439526033805	0.0	0	143.88106037373655	1297.9439526032947	1	0	1	2.276495775849379
129200.0	3000.0	1097.9439526033864	0.0	0	277.64621366713254	1297.9439526033093	1	0	1	2.2764957758493787
130200.0	3000.0	1097.9439526033734	0.0	0	111.76510995237913	1297.9439526033093	1	0	1	2.2764957758493787
131200.0	3000.0	1097.943952603357	0.0	0	150.89674842113163	1297.9439526032947	1	0	1	2.2764957758493787
132200.0	3000.0	1097.9439526033564	0.0	0	322.32806579972384	1297.9439526032947	1	0	1	2.276495775849379
133200.0	3000.0	1097.9439526033323	0.0	0	372.21253527281806	1297.9439526033239	1	0	1	2.2764957758493782
134200.0	3000.0	1097.9439526033614	0.0	0	140.89687505934853	1297.943952603353	1	0	1	2.2764957758493773
135200.0	3000.0	1097.9439526033732	0.0	0	310.62476291751955	1297.943952603353	1	0	1	2.2764957758493773
136200.0	3000.0	1097.9439526033475	0.0	0	292.3543094797642	1297.943952603382	1	0	1	2.276495775849376
137200.0	3000.0	1097.9439526033489	0.0	0	124.96055139330565	1297.943952603382	1	0	1	2.276495775849376
138431.78611440712	3000.0	866.1578381962048	0.0	0	0.0	1297.9439526034112	1	0	1	2.276495775849375
139235.61548962645	3000.0	1062.3284629768887	0.0	0	0.0	1297.9439526034403	1	0	1	2.2764957758493742
140200.0	3000.0	1097.9439526033339	0.0	0	246.90270246448927	1297.9439526034403	1	0	1	2.2764957758493742
141200.0	3000.0	1097.9439526033254	0.0	0	285.58576200230164	1297.9439526034403	1	0	1	2.2764957758493742
142200.0	3000.0	1097.943952603333	0.0	0	619.6194223485072	1297.9439526034403	1	0	1	2.2764957758493742
143200.0	3000.0	1097.9439526033427	0.0	0	698.9672748438024	1297.9439526034694	1	0	1	2.276495775849373
144200.0	3000.0	1097.9439526033261	0.0	0	552.0078582937131	1297.9439526034694	1	0	1	2.276495775849373
145200.0	3000.0	1097.9439526033084	0.0	0	54.16419517266331	1297.9439526034694	1	0	1	2.276495775849373
146200.0	3000.0	1097.943952603284	0.0	0	252.1626014696667	1297.9439526034694	1	0	1	2.276495775849373
147200.0	3000.0	1097.9439526033175	0.0	0	390.08003412609105	1297.9439526034985	1	0	1	2.276495775849372
148200.0	3000.0	1097.9439526033232	0.0	0	459.2549784096482	1297.9439526034985	1	0	1	2.276495775849372
149200.0	3000.0	1097.9439526033345	0.0	0	22.278730351652484	1297.9439526034985	1	0	1	2.276495775849372
150200.0	3000.0	1097.9439526033298	0.0	0	398.5200482048094	1297.9439526034694	1	0	1	2.276495775849373
151200.0	3000.0	1097.9439526033416	0.0	0	606.8632029825822	1297.9439526034985	1	0	1	2.276495775849372
152200.0	3000.0	1097.9439526033448	0.0	0	356.7185045101214	1297.9439526035276	1	0	1	2.276495775849371
153200.0	3000.0	1097.9439526033796	0.0	0	360.74706629663706	1297.9439526035276	1	0	1	2.276495775849371
154200.0	3000.0	1097.943952603398	0.0	0	461.95420255645877	1297.9439526035276	1	0	1	2.276495775849371
155200.0	3000.0	1097.9439526033555	0.0	0	570.7862361978041	1297.9439526034985	1	0	1	2.276495775849372
156200.0	3000.0	1097.9439526033868	0.0	0	155.88201919442508	1297.9439526035276	1	0	1	2.276495775849371
157268.4947924472	3000.0	1029.4491601562274	0.0	0	0.0	1297.9439526035276	1	0	1	2.276495775849371
158200.0	3000.0	1097.9439526034068	0.0	0	380.0695226484968	1297.9439526035276	1	0	1	2.276495775849371
159200.0	3000.0	1097.9439526034503	0.0	0	565.4123684282822	1297.9439526035276	1	0	1	2.276495775849371
160200.0	3000.0	1097.9439526034744	0.0	0	537.0968635399768	1297.9439526035276	1	0	1	2.276495775849371
161200.0	3000.0	1097.943952603495	0.0	0	572.3665737617121	1297.9439526035276	1	0	1	2.276495775849371
162200.0	3000.0	1097.9439526034867	0.0	0	336.8215967992146	1297.9439526035276	1	0	1	2.276495775849371
163200.0	3000.0	1097.9439526034696	0.0	0	377.903605634172	1297.9439526034985	1	0	1	2.276495775849372
164200.0	3000.0	1097.943952603437	0.0	0	290.73088675149484	1297.9439526034985	1	0	1	2.276495775849372
165200.0	3000.0	1097.9439526034605	0.0	0	89.19908561406191	1297.9439526034985	1	0	1	2.276495775849373
166200.0	3000.0	1097.9439526034548	0.0	0	608.6605618911271	1297.9439526034985	1	0	1	2.276495775849372
167200.0	3000.0	1097.9439526034698	0.0	0	458.17630907992134	1297.9439526034985	1	0	1	2.276495775849372
168200.0	3000.0	1097.94395260349	0.0	0	611.0802676060994	1297.9439526034985	1	0	1	2.276495775849372
169200.0	3000.0	1097.9439526034694	0.0	0	442.89160684123635	1297.9439526034694	1	0	1	2.276495775849373
170200.0	3000.0	1097.9439526034791	0.0	0	498.71890738166985	1297.9439526034694	1	0	1	2.276495775849373
171200.0	3000.0	1097.9439526034666	0.0	0	273.9128041752556	1297.9439526034694	1	0	1	2.276495775849373
172200.0	3000.0	1097.9439526034748	0.0	0	267.96603225535364	1297.9439526034694	1	0	1	2.276495775849373
173200.0	3000.0	1097.9439526034905	0.0	0	568.9647366095742	1297.9439526034694	1	0	1	2.276495775849373
174200.0	3000.0	1097.943952603475	0.0	0	442.8181212146301	1297.9439526034694	1	0	1	2.276495775849373
175200.0	3000.0	1097.943952603475	0.0	0	576.4765514089086	1297.9439526034694	1	0	1	2.276495775849373
176200.0	3000.0	1097.9439526034712	0.0	0	255.17028690798907	1297.9439526034694	1	0	1	2.276495775849373
177200.0	3000.0	1097.9439526035048	0.0	0	496.8613515862089	1297.9439526034694	1	0	1	2.276495775849373
178200.0	3000.0	1097.9439526035023	0.0	0	430.5603585971112	1297.9439526034694	1	0	1	2.276495775849373
179200.0	3000.0	1097.9439526034896	0.0	0	254.02067315892782	1297.9439526034985	1	0	1	2.276495775849372
180200.0	3000.0	1097.9439526035198	0.0	0	373.55775933281984	1297.9439526034985	1	0	1	2.276495775849372
181200.0	3000.0	1097.9439526034816	0.0	0	360.01929082372226	1297.9439526034694	1	0	1	2.276495775849373
182200.0	3000.0	1097.9439526034744	0.0	0	539.7992247049697	1297.9439526034403	1	0	1	2.2764957758493742
183200.0	3000.0	1097.9439526035171	0.0	0	76.12520064233104	1297.9439526034403	1	0	1	2.2764957758493747
184200.0	3000.0	1097.9439526035117	0.0	0	563.8393751492549	1297.9439526034403	1	0	1	2.2764957758493742
185200.0	3000.0	1097.9439526035135	0.0	0	575.9920129118836	1297.9439526034403	1	0	1	2.2764957758493742
186200.0	3000.0	1097.9439526035294	0.0	0	295.59769433451584	1297.9439526034403	1	0	1	2.2764957758493742
187200.0	3000.0	1097.9439526035508	0.0	0	222.88353559104144	1297.9439526034403	1	0	1	2.2764957758493742
188200.0	3000.0	1097.9439526035412	0.0	0	74.51671540594543	1297.9439526034403	1	0	1	2.2764957758493742
189200.0	3000.0	1097.9439526035349	0.0	0	409.6195316462836	1297.9439526034403	1	0	1	2.2764957758493742
190200.0	3000.0	1097.9439526035303	0.0	0	281.4900710944785	1297.9439526034403	1	0	1	2.2764957758493742
191267.48841815197	3000.0	1030.455534451552	0.0	0	0.0	1297.9439526034112	1	0	1	2.2764957758493747
192200.0	3000.0	1097.9439526035421	0.0	0	183.50888371362817	1297.9439526034403	1	0	1	2.2764957758493742
193200.0	3000.0	1097.9439526035467	0.0	0	102.3384098119277	1297.9439526034112	1	0	1	2.276495775849375
194200.0	3000.0	1097.9439526035637	0.0	0	231.78299382829573	1297.9439526034112	1	0	1	2.276495775849375
195200.0	3000.0	1097.943952603559	0.0	0	281.48818338807905	1297.9439526034112	1	0	1	2.276495775849375
196200.0	3000.0	1097.9439526035512	0.0	0	464.38623995677335	1297.9439526034403	1	0	1	2.2764957758493742
197200.0	3000.0	1097.9439526035299	0.0	0	162.25619733831263	1297.9439526034403	1	0	1	2.2764957758493742
198200.0	3000.0	1097.9439526035617	0.0	0	516.7486618874827	1297.9439526034403	1	0	1	2.2764957758493742
199200.0	3000.0	1097.943952603545	0.0	0	626.956956736627	1297.9439526034403	1	0	1	2.2764957758493742
200200.0	3000.0	1097.9439526035303	0.0	0	551.2345472988673	1297.9439526034694	1	0	1	2.276495775849373
201200.0	3000.0	1097.9439526035553	0.0	0	189.06239585881121	1297.9439526034694	1	0	1	2.276495775849373
202200.0	3000.0	1097.9439526035594	0.0	0	264.4477755611879	1297.9439526034694	1	0	1	2.276495775849373
203200.0	3000.0	1097.9439526035374	0.0	0	491.39220056598424	1297.9439526034694	1	0	1	2.276495775849373
204200.0	3000.0	1097.943952603549	0.0	0	69.21321730909403	1297.9439526034403	1	0	1	2.2764957758493742
205200.0	3000.0	1097.94395260354	0.0	0	48.42114335572114	1297.9439526034112	1	0	1	2.2764957758493747
206200.0	3000.0	1097.9439526035012	0.0	0	5.818934552458813	1297.943952603382	1	0	1	2.276495775849376
207200.0	3000.0	1097.943952603508	0.0	0	344.0978175966593	1297.943952603382	1	0	1	2.276495775849376
208200.0	3000.0	1097.9439526035121	0.0	0	428.7277296841203	1297.943952603382	1	0	1	2.276495775849376
209200.0	3000.0	1097.9439526035128	0.0	0	394.6785151696822	1297.943952603353	1	0	1	2.2764957758493773
210200.0	3000.0	1097.9439526034807	0.0	0	266.8594056443253	1297.943952603353	1	0	1	2.2764957758493773
211200.0	3000.0	1097.9439526034737	0.0	0	296.2290256017004	1297.9439526033239	1	0	1	2.2764957758493782
212200.0	3000.0	1097.9439526034548	0.0	0	428.21692809814704	1297.9439526033239	1	0	1	2.2764957758493782
213200.0	3000.0	1097.943952603476	0.0	0	113.77168143715244	1297.9439526033239	1	0	1	2.2764957758493782
214200.0	3000.0	1097.9439526034744	0.0	0	162.3762599118054	1297.9439526032947	1	0	1	2.276495775849379
215200.0	3000.0	1097.943952603491	0.0	0	408.5418710001395	1297.9439526032947	1	0	1	2.276495775849379
216200.0	3000.0	1097.943952603484	0.0	0	386.16428818780696	1297.9439526032947	1	0	1	2.276495775849379
217200.0	3000.0	1097.9439526034748	0.0	0	311.9811307286436	1297.9439526032947	1	0	1	2.276495775849379
218358.2191651956	3000.0	939.7247874078635	0.0	0	0.0	1297.9439526032947	1	0	1	2.276495775849379
219242.85409822362	3000.0	1055.0898543798353	0.0	0	0.0	1297.9439526032656	1	0	1	2.2764957758493805
220200.0	3000.0	1097.943952603433	0.0	0	143.2335369209759	1297.9439526032656	1	0	1	2.2764957758493805
221200.0	3000.0	1097.9439526034002	0.0	0	492.48873248076416	1297.9439526032656	1	0	1	2.2764957758493805
222200.0	3000.0	1097.9439526033702	0.0	0	394.24612603808055	1297.9439526032365	1	0	1	2.2764957758493813
223200.0	3000.0	1097.9439526033486	0.0	0	428.5129963629588	1297.9439526032365	1	0	1	2.2764957758493813
224200.0	3000.0	1097.9439526033252	0.0	0	225.67119766483665	1297.9439526032656	1	0	1	2.2764957758493805
225200.0	3000.0	1097.9439526033088	0.0	0	381.9536104276194	1297.9439526032656	1	0	1	2.2764957758493805
226200.0	3000.0	1097.9439526033448	0.0	0	342.45190887816716	1297.9439526032947	1	0	1	2.276495775849379
227200.0	3000.0	1097.943952603363	0.0	0	39.598717402725015	1297.9439526032947	1	0	1	2.276495775849379
228200.0	3000.0	1097.9439526033457	0.0	0	234.00865828627138	1297.9439526032947	1	0	1	2.276495775849379
229200.0	3000.0	1097.943952603362	0.0	0	253.57849768191227	1297.9439526032947	1	0	1	2.276495775849379
230200.0	3000.0	1097.9439526033525	0.0	0	311.8320940134872	1297.9439526032947	1	0	1	2.276495775849379
231200.0	3000.0	1097.943952603357	0.0	0	244.62621643653256	1297.9439526032656	1	0	1	2.2764957758493805
232200.0	3000.0	1097.9439526033575	0.0	0	320.6336332971405	1297.9439526032656	1	0	1	2.2764957758493805
233200.0	3000.0	1097.9439526033411	0.0	0	525.8659619532409	1297.9439526032365	1	0	1	2.2764957758493813
234200.0	3000.0	1097.9439526033725	0.0	0	559.9644292395969	1297.9439526032365	1	0	1	2.2764957758493813
235200.0	3000.0	1097.9439526033382	0.0	0	403.80952397733927	1297.9439526032365	1	0	1	2.2764957758493813
236200.0	3000.0	1097.9439526033718	0.0	0	141.11269698105752	1297.9439526032365	1	0	1	2.2764957758493813
237200.0	3000.0	1097.9439526033873	0.0	0	153.74927631035098	1297.9439526032656	1	0	1	2.2764957758493805
238200.0	3000.0	1097.943952603394	0.0	0	205.46973750545294	1297.9439526032656	1	0	1	2.2764957758493805
239200.0	3000.0	1097.9439526034048	0.0	0	568.1460457997164	1297.9439526032656	1	0	1	2.2764957758493805
240200.0	3000.0	1097.9439526034255	0.0	0	601.6546331003192	1297.9439526032947	1	0	1	2.276495775849379
241200.0	3000.0	1097.943952603439	0.0	0	164.2698866572464	1297.9439526032947	1	0	1	2.276495775849379
242493.42531396876	3000.0	804.5186386346757	0.0	0	0.0	1297.9439526032947	1	0	1	2.276495775849379
243207.2980115776	3000.0	1090.6459410258287	0.0	0	0.0	1297.9439526032947	1	0	1	2.276495775849379
244200.0	3000.0	1097.9439526034193	0.0	0	213.6660859984113	1297.9439526032947	1	0	1	2.276495775849379
245311.58547853833	3000.0	986.3584740651186	0.0	0	0.0	1297.9439526032947	1	0	1	2.276495775849379
246463.32752860626	3000.0	834.6164239971557	0.0	0	0.0	1297.9439526032947	1	0	1	2.276495775849379
247200.0	3000.0	1097.9439526033723	0.0	0	170.52134796444443	1297.9439526032947	1	0	1	2.276495775849379
248200.0	3000.0	1097.9439526033689	0.0	0	235.91309674541117	1297.9439526032947	1	0	1	2.276495775849379
249200.0	3000.0	1097.9439526033411	0.0	0	418.2434366554953	1297.9439526032656	1	0	1	2.2764957758493805
250259.45635559212	3000.0	1038.4875970111993	0.0	0	0.0	1297.9439526032074	1	0	1	2.276495775849382
251200.0	3000.0	1097.9439526033293	0.0	0	178.27537773223594	1297.9439526032074	1	0	1	2.2764957758493822
252369.6599720693	3000.0	928.2839805340647	0.0	0	0.0	1297.9439526032365	1	0	1	2.2764957758493813
253200.0	3000.0	1097.9439526033773	0.0	0	119.23348667199025	1297.9439526032365	1	0	1	2.2764957758493813
254200.0	3000.0	1097.9439526033536	0.0	0	233.90162137546577	1297.9439526032365	1	0	1	2.2764957758493813
255200.0	3000.0	1097.943952603342	0.0	0	295.2034106059873	1297.9439526032365	1	0	1	2.2764957758493813
256200.0	3000.0	1097.9439526033657	0.0	0	296.967738452513	1297.9439526032656	1	0	1	2.2764957758493805
257303.96986453643	3000.0	993.9740880669182	0.0	0	0.0	1297.9439526032947	1	0	1	2.2764957758493796
258332.9272720077	3000.0	965.0166805955799	0.0	0	0.0	1297.9439526032656	1	0	1	2.2764957758493805
259200.0	3000.0	1097.9439526032957	0.0	0	108.66220627501025	1297.9439526032656	1	0	1	2.2764957758493805
260200.0	3000.0	1097.9439526033043	0.0	0	169.38428834764636	1297.9439526032656	1	0	1	2.2764957758493805
261200.0	3000.0	1097.9439526032793	0.0	0	286.7512297349749	1297.9439526032365	1	0	1	2.2764957758493813
262200.0	3000.0	1097.9439526032895	0.0	0	489.20170626600157	1297.9439526032365	1	0	1	2.2764957758493813
263200.0	3000.0	1097.943952603274	0.0	0	254.34501360205468	1297.9439526032365	1	0	1	2.2764957758493805
264200.0	3000.0	1097.9439526032934	0.0	0	304.3754398987512	1297.9439526032074	1	0	1	2.2764957758493822
265200.0	3000.0	1097.9439526033057	0.0	0	380.6710723062861	1297.9439526031492	1	0	1	2.2764957758493845
266200.0	3000.0	1097.9439526033113	0.0	0	595.5361179667525	1297.943952603091	1	0	1	2.2764957758493862
267200.0	3000.0	1097.9439526033175	0.0	0	498.7052672293503	1297.943952603091	1	0	1	2.2764957758493862
268200.0	3000.0	1097.9439526033796	0.0	0	47.744866084482055	1297.943952603091	1	0	1	2.2764957758493862
269200.0	3000.0	1097.9439526033907	0.0	0	216.00915614049882	1297.943952603091	1	0	1	2.2764957758493862
270200.0	3000.0	1097.9439526033584	0.0	0	68.23975122295087	1297.9439526030328	1	0	1	2.276495775849389
271200.0	3000.0	1097.9439526033982	0.0	0	322.8384368682164	1297.943952603091	1	0	1	2.2764957758493862
272200.0	3000.0	1097.9439526033561	0.0	0	401.3903547297814	1297.9439526031492	1	0	1	2.2764957758493845
273200.0	3000.0	1097.9439526033868	0.0	0	542.1956221343135	1297.9439526031492	1	0	1	2.2764957758493845
274200.0	3000.0	1097.943952603327	0.0	0	311.2635842883028	1297.9439526031492	1	0	1	2.2764957758493845
275217.38087463303	3000.0	1080.5630779702428	0.0	0	0.0	1297.943952603091	1	0	1	2.2764957758493862
276200.0	3000.0	1097.9439526033275	0.0	0	402.10871194157517	1297.9439526031492	1	0	1	2.2764957758493845
277200.0	3000.0	1097.9439526032866	0.0	0	266.9225125036901	1297.9439526031492	1	0	1	2.2764957758493845
278200.0	3000.0	1097.9439526032882	0.0	0	528.8597278330708	1297.943952603091	1	0	1	2.2764957758493862
279200.0	3000.0	1097.9439526032693	0.0	0	377.7116763656377	1297.9439526031492	1	0	1	2.2764957758493845
280200.0	3000.0	1097.9439526032413	0.0	0	47.10073194565484	1297.943952603091	1	0	1	2.2764957758493853
281200.0	3000.0	1097.943952603242	0.0	0	290.0230411160737	1297.943952603091	1	0	1	2.2764957758493862
282200.0	3000.0	1097.943952603225	0.0	0	173.56200001761317	1297.943952603091	1	0	1	2.2764957758493862
283200.0	3000.0	1097.9439526032725	0.0	0	283.5924953788053	1297.943952603091	1	0	1	2.2764957758493862
284200.0	3000.0	1097.943952603275	0.0	0	400.6394571699202	1297.943952603091	1	0	1	2.2764957758493862
285200.0	3000.0	1097.9439526032652	0.0	0	256.06945193966385	1297.943952603091	1	0	1	2.2764957758493862
286200.0	3000.0	1097.9439526032784	0.0	0	332.52534065087093	1297.943952603091	1	0	1	2.2764957758493862
287269.08761044533	3000.0	1028.8563421579343	0.0	0	0.0	1297.943952603091	1	0	1	2.2764957758493862
288643.2424115723	3000.0	654.7015410309292	0.0	0	0.0	1297.943952603091	1	0	1	2.2764957758493862
289424.4555358017	3000.0	873.4884168015312	0.0	0	0.0	1297.943952603091	1	0	1	2.2764957758493862
290206.17225351604	3000.0	1091.771699087216	0.0	0	0.0	1297.9439526030328	1	0	1	2.276495775849389
291200.0	3000.0	1097.9439526032752	0.0	0	618.0462474645465	1297.9439526030328	1	0	1	2.276495775849389
292200.0	3000.0	1097.943952603297	0.0	0	703.8119292805204	1297.9439526030328	1	0	1	2.276495775849389
293200.0	3000.0	1097.9439526032866	0.0	0	374.6254482254735	1297.9439526030328	1	0	1	2.276495775849389
294200.0	3000.0	1097.943952603212	0.0	0	89.45933070284082	1297.9439526030328	1	0	1	2.276495775849389
295200.0	3000.0	1097.9439526032043	0.0	0	233.20345222065225	1297.9439526030328	1	0	1	2.276495775849389
296200.0	3000.0	1097.9439526032475	0.0	0	298.99046994553646	1297.9439526029746	1	0	1	2.2764957758493907
297200.0	3000.0	1097.9439526032347	0.0	0	332.9668550507631	1297.9439526029746	1	0	1	2.2764957758493907
298200.0	3000.0	1097.9439526031751	0.0	0	341.8338117915555	1297.9439526029164	1	0	1	2.276495775849393
299200.0	3000.0	1097.943952603241	0.0	0	98.20246057695476	1297.9439526029164	1	0	1	2.276495775849393
300200.0	3000.0	1097.9439526031963	0.0	0	371.2641333579086	1297.9439526029164	1	0	1	2.276495775849393
4.7	2.78	4.67	5.9	6.43	5.65	6.13	3.71	3.39	3.51	6.0	8.14	6.39	7.3	7.0	4.75	5.21	5.36	7.75	6.51	5.2	7.62	7.0	4.82	5.43	5.62	6.43	4.0	6.15	7.88	4.04	4.84	4.0	4.44	4.22	3.68	3.81	4.11	5.0	4.17	4.71	3.97	4.93	7.17	5.57	4.26	3.9	4.84	4.15	3.99	3.67	4.24	4.17	3.83	4.67	5.8	6.02	4.55	3.7	3.73	4.88	4.54	2.61	4.2	4.45	5.38	6.75	5.83	5.14	7.01	4.32	3.51	4.76	4.82	3.94	3.96	5.93	7.61	5.65	5.62	4.0	4.3	4.63	7.21	7.85	4.43	3.32	2.66	4.84	3.64	2.49	4.19	4.0	4.51	3.53	4.03	2.94	3.95	5.09	5.72	6.16	3.6	2.71	3.54	4.05	4.61	5.79	4.78	5.06	6.45	8.83	8.9	2.91	4.44	4.58	3.49	3.97	5.82	5.17	3.65	4.54	4.12	5.43	4.14	3.67	4.38	4.46	4.0	5.05	5.97	3.47	3.41	2.75	3.3	4.59	6.29	8.6	7.52	3.74	4.51	5.28	4.46	4.03	4.14	6.56	5.03	4.16	5.03	5.55	3.51	4.7	2.78	4.67	5.9	6.43	5.65	6.13	3.71	3.39	3.51	6.0	8.14	6.39	7.3	7.0	4.75	5.21	5.36	7.75	6.51	5.2	7.62	7.0	4.82	5.43	5.62	6.43	4.0	6.15	7.88	4.04	4.84	4.0	4.44	4.22	3.68	3.81	4.11	5.0	4.17	4.71	3.97	4.93	7.17	5.57	4.26	3.9	4.84	4.15	3.99	3.67	4.24	4.17	3.83	4.67	5.8	6.02	4.55	3.7	3.73	4.88	4.54	2.61	4.2	4.45	5.38	6.75	5.83	5.14	7.01	4.32	3.51	4.76	4.82	3.94	3.96	5.93	7.61	5.65	5.62	4.0	4.3	4.63	7.21	7.85	4.43	3.32	2.66	4.84	3.64	2.49	4.19	4.0	4.51	3.53	4.03	2.94	3.95	5.09	5.72	6.16	3.6	2.71	3.54	4.05	4.61	5.79	4.78	5.06	6.45	8.83	8.9	2.91	4.44	4.58	3.49	3.97	5.82	5.17	3.65	4.54	4.12	5.43	4.14	3.67	4.38	4.46	4.0	5.05	5.97	3.47	3.41	2.75	3.3	4.59	6.29	8.6	7.52	3.74	4.51	5.28	4.46	4.03	4.14	6.56	5.03	4.16
1.0	2.0	3.0	4.0	5.0	6.0	7.0	8.0	9.0	10.0	11.0	12.0	13.0	14.0	15.0	16.0	17.0	18.0	19.0	20.0	21.0	22.0	23.0	24.0	25.0	26.0	27.0	28.0	29.0	30.0	31.0	32.0	33.0	34.0	35.0	36.0	37.0	38.0	39.0	40.0	41.0	42.0	43.0	44.0	45.0	46.0	47.0	48.0	49.0	50.0	51.0	52.0	53.0	54.0	55.0	56.0	57.0	58.0	59.0	60.0	61.0	62.0	63.0	64.0	65.0	66.0	67.0	68.0	69.0	70.0	71.0	72.0	73.0	74.0	75.0	76.0	77.0	78.0	79.0	80.0	81.0	82.0	83.0	84.0	85.0	86.0	87.0	88.0	89.0	90.0	91.0	92.0	93.0	94.0	95.0	96.0	97.0	98.0	99.0	100.0	101.0	102.0	103.0	104.0	105.0	106.0	107.0	108.0	109.0	110.0	111.0	112.0	113.0	114.0	115.0	116.0	117.0	118.0	119.0	120.0	121.0	122.0	123.0	124.0	125.0	126.0	127.0	128.0	129.0	130.0	131.0	132.0	133.0	134.0	135.0	136.0	137.0	138.0	139.0	140.0	141.0	142.0	143.0	144.0	145.0	146.0	147.0	148.0	149.0	149.0	150.0	151.0	152.0	153.0	154.0	155.0	156.0	157.0	158.0	159.0	160.0	161.0	162.0	163.0	164.0	165.0	166.0	167.0	168.0	169.0	170.0	171.0	172.0	173.0	174.0	175.0	176.0	177.0	178.0	179.0	180.0	181.0	182.0	183.0	184.0	185.0	186.0	187.0	188.0	189.0	190.0	191.0	192.0	193.0	194.0	195.0	196.0	197.0	198.0	199.0	200.0	201.0	202.0	203.0	204.0	205.0	206.0	207.0	208.0	209.0	210.0	211.0	212.0	213.0	214.0	215.0	216.0	217.0	218.0	219.0	220.0	221.0	222.0	223.0	224.0	225.0	226.0	227.0	228.0	229.0	230.0	231.0	232.0	233.0	234.0	235.0	236.0	237.0	238.0	239.0	240.0	241.0	242.0	243.0	244.0	245.0	246.0	247.0	248.0	249.0	250.0	251.0	252.0	253.0	254.0	255.0	256.0	257.0	258.0	259.0	260.0	261.0	262.0	263.0	264.0	265.0	266.0	267.0	268.0	269.0	270.0	271.0	272.0	273.0	274.0	275.0	276.0	277.0	278.0	279.0	280.0	281.0	282.0	283.0	284.0	285.0	286.0	287.0	288.0	289.0	290.0	291.0	292.0	293.0	294.0	295.0	296.0
5979.477547547132
