5012.227231455501	300.0	2000.0	74.43759390206513	0	0.0	5012.227231455501	1	0	1	-1.5121291477811476
5098.138175710892	300.0	2905.49796131907	0.0	0	0.0	5003.636137029962	1	0	2	-1.4696835708153186
5182.014382953319	300.0	3813.2341333524	0.0	0	0.0	4995.248516305719	1	0	2	-1.263135212266429
5324.464905645168	500.0	4656.538558391366	0.0	0	0.0	4981.003464036534	1	0	2	-1.2532937484081366
6200.0	500.0	4693.449954601051	0.0	0	773.1500311411692	4893.44995460105	1	0	2	-0.7036714569567915
7200.0	500.0	4593.44995460105	0.0	0	804.1971463944383	4793.44995460105	1	0	2	-0.6293525682361817
8200.0	500.0	4493.449954601049	0.0	0	802.5347958497587	4693.44995460105	1	0	2	-0.5588312234598092
9200.0	1000.0	4393.4499546010475	0.0	0	712.5100706302546	4593.449954601048	1	0	2	-0.49214888312710936
10200.0	1000.0	4293.449954601048	0.0	0	710.8051311003164	4493.449954601049	1	0	2	0.26384074594127027
11200.0	3000.0	4193.449954601047	0.0	0	374.888915028876	4393.449954601049	1	0	2	0.32459846913384
12200.0	3000.0	4093.4499546010447	0.0	0	571.7305120338751	4293.4499546010475	1	0	2	1.4769817699056964
13200.0	3000.0	3993.4499546010434	0.0	0	290.9798224024562	4193.449954601045	1	0	2	1.5298488739893705
14200.0	3000.0	3893.449954601042	0.0	0	122.46315614145715	4093.449954601043	1	0	2	1.5819591261251122
15200.0	3000.0	3793.4499546010416	0.0	0	563.3845283641913	3993.4499546010393	1	0	2	1.6214609956434596
16200.0	3000.0	3693.4499546010416	0.0	0	446.59877476885595	3893.449954601041	1	0	2	1.6633842460118409
17200.0	3000.0	3593.4499546010406	0.0	0	265.3300685946924	3793.4499546010375	1	0	2	1.701790964057208
18290.819250672845	3000.0	3393.5487788609153	0.0	0	0.0	3684.3680295337563	1	0	2	1.7445700847211485
19200.0	3000.0	3393.4499546010447	0.0	0	107.49449977436598	3593.449954601043	1	0	2	1.7739727527356222
20200.0	3000.0	3293.4499546010434	0.0	0	19.780690024410433	3493.449954601041	1	0	2	1.8027801587117485
21200.0	3000.0	3193.4499546010447	0.0	0	304.7383285618016	3393.449954601041	1	0	2	1.8280882112759511
22200.0	3000.0	3093.449954601048	0.0	0	277.21089195530294	3293.4499546010447	1	0	2	1.853368918667445
23200.0	3000.0	2993.4499546010466	0.0	0	74.80811518740302	3193.4499546010484	1	0	2	1.879516643428684
24200.0	3000.0	2893.449954601046	0.0	0	182.31513597975209	3093.4499546010484	1	0	2	1.8983006548809223
25200.0	3000.0	2793.4499546010484	0.0	0	506.6523691553739	2993.449954601052	1	0	2	1.9168068976577892
26200.0	3000.0	2693.449954601046	0.0	0	298.86748179823917	2893.4499546010484	1	0	2	1.9350619760024472
27200.0	3000.0	2593.4499546010493	0.0	0	371.6643918001755	2793.449954601052	1	0	2	1.9509052019834243
28200.0	3000.0	2493.4499546010506	0.0	0	136.60394345297027	2693.4499546010557	1	0	2	1.9664897526589746
29200.0	3000.0	2393.449954601053	0.0	0	41.10044723158353	2593.4499546010557	1	0	2	1.9809889445092892
30200.0	3000.0	2293.449954601051	0.0	0	393.6450391751314	2493.4499546010557	1	0	2	1.991483923776695
31200.0	3000.0	2193.449954601054	0.0	0	243.19018856408002	2393.4499546010593	1	0	2	2.002925877791116
32200.0	3000.0	2093.449954601048	0.0	0	47.677471068494924	2293.4499546010593	1	0	2	2.0142937454954457
33200.0	3000.0	1993.4499546010493	0.0	0	57.499168340124015	2193.4499546010593	1	0	2	2.023132368183998
34221.81879471615	3000.0	1869.4492804132794	0.0	0	0.0	2091.268075129443	1	0	2	2.031890939267364
35200.0	3000.0	1891.2680751294292	0.0	0	268.3336422959401	2091.2680751294465	1	0	1	2.0337907498615726
36200.0	3000.0	1891.2680751294279	0.0	0	107.63261785707437	2091.268075129454	1	0	1	2.2337907498615723
37200.0	3000.0	1891.2680751294256	0.0	0	391.86495707950235	2091.268075129454	1	0	1	2.2337907498615723
38200.0	3000.0	1891.2680751294213	0.0	0	335.49861221126775	2091.268075129454	1	0	1	2.2337907498615723
39200.0	3000.0	1891.2680751294185	0.0	0	279.9380215045385	2091.268075129454	1	0	1	2.2337907498615723
40207.94776821214	3000.0	1883.320306917273	0.0	0	0.0	2091.2680751294465	1	0	1	2.2337907498615728
41200.0	3000.0	1891.26807512942	0.0	0	111.60612303829839	2091.268075129454	1	0	1	2.2337907498615723
42200.0	3000.0	1891.2680751294206	0.0	0	419.1660699144195	2091.2680751294465	1	0	1	2.2337907498615728
43200.0	3000.0	1891.268075129426	0.0	0	324.52557889076706	2091.2680751294465	1	0	1	2.2337907498615728
44200.0	3000.0	1891.268075129428	0.0	0	82.66546929020114	2091.2680751294392	1	0	1	2.233790749861573
45200.0	3000.0	1891.2680751294283	0.0	0	307.9144397599666	2091.2680751294392	1	0	1	2.233790749861573
46200.0	3000.0	1891.2680751294185	0.0	0	138.17155567689042	2091.2680751294392	1	0	1	2.233790749861573
47263.999541921	3000.0	1827.2685332084213	0.0	0	0.0	2091.2680751294392	1	0	1	2.233790749861573
48200.0	3000.0	1891.268075129424	0.0	0	343.9087108443273	2091.2680751294392	1	0	1	2.233790749861573
49200.0	3000.0	1891.2680751294247	0.0	0	472.10454672088963	2091.2680751294392	1	0	1	2.233790749861573
50200.0	3000.0	1891.2680751294274	0.0	0	491.20726668199495	2091.2680751294392	1	0	1	2.233790749861573
51200.0	3000.0	1891.2680751294345	0.0	0	451.4541535043536	2091.2680751294392	1	0	1	2.233790749861573
52200.0	3000.0	1891.2680751294322	0.0	0	549.5044768296211	2091.2680751294392	1	0	1	2.233790749861573
53200.0	3000.0	1891.268075129425	0.0	0	463.6143462348773	2091.2680751294392	1	0	1	2.233790749861573
54200.0	3000.0	1891.268075129426	0.0	0	357.2095199655014	2091.268075129432	1	0	1	2.2337907498615737
55200.0	3000.0	1891.2680751294304	0.0	0	20.907687197970517	2091.268075129432	1	0	1	2.2337907498615737
56200.0	3000.0	1891.2680751294238	0.0	0	68.79591144541337	2091.268075129432	1	0	1	2.2337907498615737
57321.259028604894	3000.0	1770.0090465245314	0.0	0	0.0	2091.268075129432	1	0	1	2.2337907498615737
58264.73080417582	3000.0	1826.5372709535993	0.0	0	0.0	2091.2680751294392	1	0	1	2.233790749861573
59200.0	3000.0	1891.268075129415	0.0	0	203.86789825316373	2091.268075129432	1	0	1	2.2337907498615737
60200.0	3000.0	1891.2680751294197	0.0	0	382.39845945191337	2091.2680751294247	1	0	1	2.2337907498615746
61200.0	3000.0	1891.2680751294213	0.0	0	124.34405425583827	2091.2680751294247	1	0	1	2.2337907498615746
62207.28261390033	3000.0	1883.9854612290935	0.0	0	0.0	2091.2680751294247	1	0	1	2.2337907498615746
63251.27272607097	3000.0	1839.995349058452	0.0	0	0.0	2091.2680751294247	1	0	1	2.2337907498615746
64226.363423955736	3000.0	1864.9046511736906	0.0	0	0.0	2091.2680751294247	1	0	1	2.2337907498615746
65200.0	3000.0	1891.2680751294317	0.0	0	323.43500750069506	2091.2680751294247	1	0	1	2.2337907498615746
66200.0	3000.0	1891.2680751294408	0.0	0	192.1517029825336	2091.2680751294247	1	0	1	2.233790749861574
67200.0	3000.0	1891.2680751294556	0.0	0	433.49969728218275	2091.2680751294392	1	0	1	2.233790749861573
68200.0	3000.0	1891.2680751294567	0.0	0	253.61265164970246	2091.2680751294392	1	0	1	2.233790749861573
69200.0	3000.0	1891.2680751294681	0.0	0	50.49456479748187	2091.268075129454	1	0	1	2.2337907498615728
70200.0	3000.0	1891.2680751294617	0.0	0	189.90255681533017	2091.268075129454	1	0	1	2.2337907498615723
71200.0	3000.0	1891.2680751294592	0.0	0	234.779850512743	2091.2680751294392	1	0	1	2.233790749861573
72200.0	3000.0	1891.2680751294586	0.0	0	269.7250636501267	2091.2680751294392	1	0	1	2.233790749861573
73200.0	3000.0	1891.268075129456	0.0	0	465.1480253125774	2091.2680751294392	1	0	1	2.233790749861573
74200.0	3000.0	1891.2680751294588	0.0	0	212.9206460412388	2091.2680751294392	1	0	1	2.233790749861573
75200.0	3000.0	1891.2680751294668	0.0	0	501.41416332246445	2091.2680751294392	1	0	1	2.233790749861573
76200.0	3000.0	1891.268075129468	0.0	0	412.8203887664131	2091.268075129454	1	0	1	2.2337907498615723
77200.0	3000.0	1891.2680751294788	0.0	0	272.8968971012073	2091.268075129454	1	0	1	2.2337907498615723
78200.0	3000.0	1891.2680751294617	0.0	0	501.9801149847917	2091.2680751294683	1	0	1	2.233790749861571
79200.0	3000.0	1891.2680751294538	0.0	0	701.5892759403214	2091.2680751294683	1	0	1	2.233790749861571
80200.0	3000.0	1891.268075129436	0.0	0	628.5383601320063	2091.2680751294683	1	0	1	2.233790749861571
81200.0	3000.0	1891.2680751294447	0.0	0	402.4397799350263	2091.2680751294683	1	0	1	2.233790749861571
82436.31935351237	3000.0	1654.9487216170771	0.0	0	0.0	2091.2680751294683	1	0	1	2.233790749861571
83368.63820366972	3000.0	1722.6298714597365	0.0	0	0.0	2091.268075129483	1	0	1	2.23379074986157
84200.0	3000.0	1891.2680751294542	0.0	0	33.00132506112277	2091.268075129483	1	0	1	2.23379074986157
85200.0	3000.0	1891.2680751294695	0.0	0	344.5627419275406	2091.2680751294974	1	0	1	2.233790749861569
86200.0	3000.0	1891.2680751294706	0.0	0	455.3346769681084	2091.2680751294974	1	0	1	2.233790749861569
87200.0	3000.0	1891.2680751294713	0.0	0	275.1503562435828	2091.268075129512	1	0	1	2.233790749861568
88200.0	3000.0	1891.268075129475	0.0	0	423.56231315486366	2091.268075129512	1	0	1	2.233790749861568
89200.0	3000.0	1891.268075129483	0.0	0	375.1773378726357	2091.268075129512	1	0	1	2.233790749861568
90200.0	3000.0	1891.2680751294872	0.0	0	350.56182657064346	2091.268075129512	1	0	1	2.233790749861568
91200.0	3000.0	1891.2680751294995	0.0	0	411.33144887528033	2091.2680751295266	1	0	1	2.2337907498615666
92200.0	3000.0	1891.268075129497	0.0	0	550.9704835760058	2091.2680751295266	1	0	1	2.2337907498615666
93200.0	3000.0	1891.2680751294943	0.0	0	469.3414723192982	2091.2680751295266	1	0	1	2.2337907498615666
94200.0	3000.0	1891.2680751294897	0.0	0	439.1689101269876	2091.268075129541	1	0	1	2.2337907498615657
95200.0	3000.0	1891.2680751294968	0.0	0	286.2176932126313	2091.2680751295557	1	0	1	2.2337907498615643
96200.0	3000.0	1891.2680751295024	0.0	0	390.0555955761083	2091.2680751295557	1	0	1	2.2337907498615643
97200.0	3000.0	1891.268075129508	0.0	0	250.1700206126843	2091.2680751295557	1	0	1	2.2337907498615643
98200.0	3000.0	1891.2680751295072	0.0	0	177.20197375921998	2091.26807512957	1	0	1	2.2337907498615635
99200.0	3000.0	1891.2680751294945	0.0	0	350.4377550083882	2091.2680751295557	1	0	1	2.2337907498615643
100200.0	3000.0	1891.268075129477	0.0	0	143.967938441172	2091.2680751295557	1	0	1	2.2337907498615643
101262.85859637975	3000.0	1828.4094787497327	0.0	0	0.0	2091.26807512957	1	0	1	2.2337907498615635
102406.37218780383	3000.0	1684.8958873256727	0.0	0	0.0	2091.26807512957	1	0	1	2.2337907498615635
103447.08739544044	3000.0	1644.180679689083	0.0	0	0.0	2091.2680751295848	1	0	1	2.233790749861562
104200.0	3000.0	1891.268075129525	0.0	0	218.70079335040646	2091.2680751295848	1	0	1	2.233790749861562
105200.0	3000.0	1891.2680751295345	0.0	0	328.05671816553513	2091.2680751295848	1	0	1	2.233790749861562
106200.0	3000.0	1891.2680751295352	0.0	0	549.5936739720782	2091.2680751295848	1	0	1	2.233790749861562
107200.0	3000.0	1891.268075129551	0.0	0	283.2604420267453	2091.2680751295848	1	0	1	2.233790749861562
108200.0	3000.0	1891.2680751295504	0.0	0	508.312418105721	2091.2680751295848	1	0	1	2.233790749861562
109200.0	3000.0	1891.2680751295536	0.0	0	336.1000130849279	2091.26807512957	1	0	1	2.2337907498615635
110200.0	3000.0	1891.2680751295431	0.0	0	531.8146812272898	2091.26807512957	1	0	1	2.2337907498615635
111200.0	3000.0	1891.2680751295554	0.0	0	545.2575645484321	2091.26807512957	1	0	1	2.2337907498615635
112200.0	3000.0	1891.2680751295566	0.0	0	247.12718939167098	2091.26807512957	1	0	1	2.2337907498615635
113200.0	3000.0	1891.2680751295607	0.0	0	36.26504097097495	2091.26807512957	1	0	1	2.2337907498615635
114377.42604798995	3000.0	1713.8420271396094	0.0	0	0.0	2091.26807512957	1	0	1	2.2337907498615635
115337.95260611632	3000.0	1753.3154690132392	0.0	0	0.0	2091.26807512957	1	0	1	2.2337907498615635
116200.0	3000.0	1891.2680751295652	0.0	0	90.58607293087698	2091.26807512957	1	0	1	2.2337907498615635
117200.0	3000.0	1891.2680751295713	0.0	0	496.93146194047586	2091.2680751295848	1	0	1	2.233790749861562
118200.0	3000.0	1891.268075129572	0.0	0	623.7360027929535	2091.2680751295848	1	0	1	2.233790749861562
119200.0	3000.0	1891.2680751295852	0.0	0	502.50256733178685	2091.2680751295848	1	0	1	2.233790749861562
120200.0	3000.0	1891.2680751295866	0.0	0	333.67239497526316	2091.2680751295848	1	0	1	2.233790749861562
121200.0	3000.0	1891.2680751295932	0.0	0	234.87984793874784	2091.2680751295848	1	0	1	2.233790749861562
122200.0	3000.0	1891.2680751296	0.0	0	291.96286995538685	2091.2680751295993	1	0	1	2.2337907498615612
123200.0	3000.0	1891.2680751296102	0.0	0	300.10215247051383	2091.2680751295993	1	0	1	2.2337907498615612
124200.0	3000.0	1891.268075129601	0.0	0	251.37955759564647	2091.2680751295848	1	0	1	2.233790749861562
125212.60836500952	3000.0	1878.659710120076	0.0	0	189.70433633941866	2091.2680751295848	1	0	1	2.233790749861562
126897.19361899445	3000.0	1194.0744561351394	0.0	0	0.0	2091.2680751295848	1	0	1	2.233790749861562
127745.97587134952	3000.0	1345.2922037800645	0.0	0	0.0	2091.2680751295848	1	0	1	2.233790749861562
128519.02404184501	3000.0	1572.2440332845806	0.0	0	0.0	2091.2680751295848	1	0	1	2.233790749861562
129349.28072331431	3000.0	1741.9873518152708	0.0	0	0.0	2091.2680751295848	1	0	1	2.233790749861562
130205.81650470996	3000.0	1885.4515704196192	0.0	0	0.0	2091.2680751295848	1	0	1	2.233790749861562
131200.0	3000.0	1891.2680751295993	0.0	0	403.3293548919173	2091.2680751295993	1	0	1	2.2337907498615612
132200.0	3000.0	1891.2680751295738	0.0	0	548.5182995962095	2091.26807512957	1	0	1	2.233790749861563
133200.0	3000.0	1891.2680751295818	0.0	0	520.1059124023886	2091.2680751295993	1	0	1	2.233790749861562
134200.0	3000.0	1891.2680751295852	0.0	0	309.2624556244991	2091.2680751295993	1	0	1	2.2337907498615612
135200.0	3000.0	1891.2680751296145	0.0	0	441.6257307801279	2091.2680751295993	1	0	1	2.2337907498615612
136200.0	3000.0	1891.2680751296075	0.0	0	603.4761938120355	2091.2680751295993	1	0	1	2.2337907498615612
137200.0	3000.0	1891.2680751295566	0.0	0	718.0026551949559	2091.2680751295993	1	0	1	2.2337907498615612
138200.0	3000.0	1891.2680751295627	0.0	0	426.29595646294183	2091.2680751295993	1	0	1	2.2337907498615612
139200.0	3000.0	1891.2680751295256	0.0	0	299.1373527519172	2091.2680751295993	1	0	1	2.2337907498615612
140200.0	3000.0	1891.2680751295507	0.0	0	542.7625738678616	2091.2680751295993	1	0	1	2.2337907498615612
141647.29231556252	6000.0	1443.9757595669944	0.0	0	0.0	2091.26807512957	1	0	1	2.233790749861563
142200.0	3000.0	1891.2680751295243	0.0	0	91.06364650645992	2091.26807512957	1	0	1	1.5406435693016185
143200.0	3000.0	1891.2680751295354	0.0	0	413.3057628593815	2091.26807512957	1	0	1	2.2337907498615635
144200.0	3000.0	1891.2680751295457	0.0	0	357.4208804637892	2091.26807512957	1	0	1	2.2337907498615635
145200.0	3000.0	1891.2680751295356	0.0	0	177.094415728905	2091.2680751295993	1	0	1	2.2337907498615612
146200.0	3000.0	1891.2680751295484	0.0	0	423.16826816202956	2091.2680751295993	1	0	1	2.2337907498615612
147200.0	3000.0	1891.2680751295547	0.0	0	567.0606026299065	2091.2680751295993	1	0	1	2.2337907498615612
148200.0	3000.0	1891.2680751295327	0.0	0	422.0650348152267	2091.26807512957	1	0	1	2.2337907498615635
149302.9410400358	3000.0	1788.3270350937203	0.0	0	0.0	2091.26807512957	1	0	1	2.2337907498615635
150358.68347787872	3000.0	1732.5845972507996	0.0	0	0.0	2091.26807512957	1	0	1	2.2337907498615635
151200.0	3000.0	1891.2680751295236	0.0	0	1.9749459682789166	2091.26807512957	1	0	1	2.2337907498615635
152200.0	3000.0	1891.2680751295343	0.0	0	317.7352390359738	2091.26807512957	1	0	1	2.2337907498615635
153200.0	3000.0	1891.2680751295175	0.0	0	218.92519834145787	2091.268075129541	1	0	1	2.2337907498615657
154200.0	3000.0	1891.2680751295234	0.0	0	89.18847430698224	2091.268075129541	1	0	1	2.2337907498615657
155200.0	3000.0	1891.2680751295136	0.0	0	441.9712118519237	2091.26807512957	1	0	1	2.2337907498615635
156200.0	3000.0	1891.2680751295247	0.0	0	272.42390711183543	2091.26807512957	1	0	1	2.2337907498615635
157200.0	3000.0	1891.2680751295197	0.0	0	64.04089971838403	2091.26807512957	1	0	1	2.2337907498615635
158200.0	3000.0	1891.2680751294934	0.0	0	266.5683993281564	2091.268075129541	1	0	1	2.2337907498615657
159200.0	3000.0	1891.2680751294906	0.0	0	284.2926897738653	2091.268075129541	1	0	1	2.2337907498615657
160200.0	3000.0	1891.2680751294756	0.0	0	69.7951857050648	2091.268075129541	1	0	1	2.2337907498615657
161200.0	3000.0	1891.2680751294738	0.0	0	538.4761615704629	2091.268075129541	1	0	1	2.2337907498615657
162210.0206092079	3000.0	1881.247465921597	0.0	0	0.0	2091.268075129541	1	0	1	2.2337907498615657
163200.0	3000.0	1891.2680751294947	0.0	0	168.92054511234164	2091.268075129541	1	0	1	2.2337907498615657
164200.0	3000.0	1891.2680751294702	0.0	0	332.23426654044306	2091.26807512957	1	0	1	2.2337907498615635
165200.0	3000.0	1891.2680751294606	0.0	0	503.13814083859324	2091.268075129541	1	0	1	2.2337907498615657
166200.0	3000.0	1891.2680751294474	0.0	0	473.2975816138496	2091.268075129541	1	0	1	2.2337907498615657
167414.74397037123	3000.0	1676.5241047582379	0.0	0	0.0	2091.268075129541	1	0	1	2.2337907498615657
168200.0	3000.0	1891.2680751294833	0.0	0	58.528082422650186	2091.268075129541	1	0	1	2.2337907498615652
169200.0	3000.0	1891.2680751294868	0.0	0	270.201665247092	2091.268075129541	1	0	1	2.2337907498615657
170200.0	3000.0	1891.2680751295006	0.0	0	163.14085881406209	2091.268075129541	1	0	1	2.2337907498615657
171560.32922010514	3000.0	1530.938855024357	0.0	0	0.0	2091.268075129541	1	0	1	2.2337907498615657
172474.6018731727	3000.0	1616.666201956817	0.0	0	0.0	2091.26807512957	1	0	1	2.2337907498615635
173200.0	3000.0	1891.2680751295338	0.0	0	167.12411165153026	2091.26807512957	1	0	1	2.2337907498615635
174200.0	3000.0	1891.2680751295245	0.0	0	314.6954464041337	2091.26807512957	1	0	1	2.2337907498615635
175200.0	3000.0	1891.2680751295268	0.0	0	279.758608215343	2091.2680751295993	1	0	1	2.2337907498615626
176200.0	3000.0	1891.2680751295334	0.0	0	405.7816348283086	2091.26807512957	1	0	1	2.2337907498615635
177200.0	3000.0	1891.2680751295325	0.0	0	383.52431785699446	2091.268075129541	1	0	1	2.2337907498615643
178200.0	3000.0	1891.2680751295334	0.0	0	50.48981034284225	2091.26807512957	1	0	1	2.2337907498615635
179200.0	3000.0	1891.2680751295027	0.0	0	229.71561082499102	2091.26807512957	1	0	1	2.2337907498615635
180205.79683901195	3000.0	1885.4712361175605	0.0	0	47.27128945547156	2091.26807512957	1	0	1	2.2337907498615635
181341.76393152986	3000.0	1749.5041435996748	0.0	0	0.0	2091.26807512957	1	0	1	2.2337907498615635
182561.4199129207	3000.0	1529.848162208814	0.0	0	0.0	2091.26807512957	1	0	1	2.2337907498615635
183381.1355730197	3000.0	1710.1325021098528	0.0	0	0.0	2091.26807512957	1	0	1	2.2337907498615635
184200.0	3000.0	1891.2680751295868	0.0	0	160.77676955694915	2091.2680751295993	1	0	1	2.2337907498615626
185200.0	3000.0	1891.2680751295725	0.0	0	377.87308646933525	2091.2680751295993	1	0	1	2.2337907498615612
186200.0	3000.0	1891.2680751295798	0.0	0	218.47116753525916	2091.2680751296284	1	0	1	2.233790749861559
187200.0	3000.0	1891.2680751295895	0.0	0	274.36305238335626	2091.2680751296284	1	0	1	2.2337907498615603
188200.0	3000.0	1891.268075129599	0.0	0	104.14630844906787	2091.2680751296284	1	0	1	2.233790749861559
189200.0	3000.0	1891.2680751296066	0.0	0	35.934345663845306	2091.2680751296575	1	0	1	2.2337907498615577
190200.0	3000.0	1891.2680751296066	0.0	0	174.8635670123913	2091.2680751296866	1	0	1	2.233790749861556
191200.0	3000.0	1891.2680751296098	0.0	0	273.8902628948563	2091.2680751296866	1	0	1	2.2337907498615546
192200.0	3000.0	1891.2680751296118	0.0	0	308.4849736863398	2091.2680751296866	1	0	1	2.2337907498615546
193200.0	3000.0	1891.2680751296189	0.0	0	318.0409018594655	2091.2680751296866	1	0	1	2.2337907498615546
194219.4266071804	3000.0	1871.8414679492494	0.0	0	0.0	2091.2680751296866	1	0	1	2.2337907498615546
195742.8170512476	3000.0	1348.4510238820264	0.0	0	0.0	2091.2680751296866	1	0	1	2.2337907498615546
196700.96326176682	3000.0	1390.3048133628104	0.0	0	0.0	2091.2680751297157	1	0	1	2.2337907498615523
197200.0	3000.0	1891.2680751296723	0.0	0	6.415133195056114	2091.268075129745	1	0	1	2.2337907498615497
198200.0	3000.0	1891.2680751296757	0.0	0	241.61476451568888	2091.268075129745	1	0	1	2.2337907498615497
199200.0	3000.0	1891.2680751296614	0.0	0	309.0271710262168	2091.268075129745	1	0	1	2.2337907498615497
200200.0	3000.0	1891.2680751296623	0.0	0	267.2896772492968	2091.268075129803	1	0	1	2.2337907498615466
201200.0	3000.0	1891.2680751296664	0.0	0	500.8428161633492	2091.268075129803	1	0	1	2.2337907498615452
202200.0	3000.0	1891.2680751296703	0.0	0	542.5980738394428	2091.268075129774	1	0	1	2.2337907498615475
203200.0	3000.0	1891.2680751296518	0.0	0	418.9750519179797	2091.268075129745	1	0	1	2.2337907498615497
204200.0	3000.0	1891.2680751296716	0.0	0	257.9107065553544	2091.2680751297157	1	0	1	2.2337907498615523
205200.0	3000.0	1891.2680751296593	0.0	0	151.94216641806997	2091.2680751296866	1	0	1	2.2337907498615532
206510.1761017406	3000.0	1581.0919733890896	0.0	0	0.0	2091.2680751296866	1	0	1	2.2337907498615546
207201.79579575392	3000.0	1889.4722793757746	0.0	0	0.0	2091.2680751297157	1	0	1	2.2337907498615523
208200.0	3000.0	1891.2680751296934	0.0	0	395.79247010836843	2091.2680751297157	1	0	1	2.2337907498615523
209200.0	3000.0	1891.2680751297064	0.0	0	186.3738740028639	2091.2680751296866	1	0	1	2.2337907498615532
210266.33629124952	3000.0	1824.93178388017	0.0	0	0.0	2091.2680751296866	1	0	1	2.2337907498615546
211540.13221756913	3000.0	1551.1358575605664	0.0	0	0.0	2091.2680751296866	1	0	1	2.2337907498615546
212657.43238734588	3000.0	1433.8356877838096	0.0	0	0.0	2091.2680751296866	1	0	1	2.2337907498615546
213544.30587899056	3000.0	1546.9621961391258	0.0	0	0.0	2091.2680751296575	1	0	1	2.233790749861557
214256.60954560756	3000.0	1834.6585295221043	0.0	0	0.0	2091.2680751296575	1	0	1	2.233790749861557
215200.0	3000.0	1891.2680751296307	0.0	0	377.79208478794317	2091.2680751296575	1	0	1	2.233790749861557
216200.0	3000.0	1891.2680751296348	0.0	0	560.8835555323167	2091.2680751296575	1	0	1	2.233790749861557
217200.0	3000.0	1891.2680751296207	0.0	0	320.7822060599865	2091.2680751296284	1	0	1	2.2337907498615577
218200.0	3000.0	1891.2680751296498	0.0	0	138.23462216497865	2091.2680751296284	1	0	1	2.233790749861559
219200.0	3000.0	1891.2680751296625	0.0	0	192.5393476378522	2091.2680751296284	1	0	1	2.233790749861559
220200.0	3000.0	1891.2680751296832	0.0	0	136.58583307647496	2091.2680751296284	1	0	1	2.233790749861559
221200.0	3000.0	1891.2680751297112	0.0	0	28.325779835373396	2091.2680751296575	1	0	1	2.2337907498615572
222200.0	3000.0	1891.2680751297225	0.0	0	381.9278911399015	2091.2680751296284	1	0	1	2.233790749861559
223200.0	3000.0	1891.2680751296805	0.0	0	506.6720225975441	2091.2680751296284	1	0	1	2.233790749861559
224200.0	3000.0	1891.2680751296982	0.0	0	500.09332702337997	2091.2680751296575	1	0	1	2.233790749861557
225200.0	3000.0	1891.2680751296712	0.0	0	534.0647542078514	2091.2680751296575	1	0	1	2.233790749861557
226200.0	3000.0	1891.2680751296507	0.0	0	472.4520481043437	2091.2680751296284	1	0	1	2.233790749861559
227200.0	3000.0	1891.268075129648	0.0	0	644.5282406838669	2091.2680751296575	1	0	1	2.233790749861557
228200.0	3000.0	1891.2680751296211	0.0	0	668.175352312508	2091.2680751296575	1	0	1	2.233790749861557
229200.0	3000.0	1891.2680751296575	0.0	0	648.689936442126	2091.2680751296866	1	0	1	2.2337907498615546
230200.0	3000.0	1891.268075129637	0.0	0	385.09941704868106	2091.2680751296866	1	0	1	2.2337907498615546
231466.72232030993	3000.0	1624.5457548197078	0.0	0	0.0	2091.2680751296866	1	0	1	2.2337907498615546
232359.4898432912	3000.0	1731.7782318384488	0.0	0	0.0	2091.2680751296866	1	0	1	2.2337907498615546
233200.0	3000.0	1891.2680751296264	0.0	0	306.6299371358764	2091.2680751296866	1	0	1	2.2337907498615546
234200.0	3000.0	1891.268075129646	0.0	0	315.3216034389916	2091.2680751296866	1	0	1	2.2337907498615546
235200.0	3000.0	1891.268075129648	0.0	0	382.4009417791967	2091.2680751296866	1	0	1	2.2337907498615546
236200.0	3000.0	1891.268075129664	0.0	0	414.5766815720708	2091.2680751296866	1	0	1	2.2337907498615546
237200.0	3000.0	1891.2680751296332	0.0	0	383.81797045844723	2091.2680751296575	1	0	1	2.233790749861557
238200.0	3000.0	1891.268075129616	0.0	0	529.7639621562266	2091.2680751296575	1	0	1	2.233790749861557
239200.0	3000.0	1891.2680751296182	0.0	0	493.59984309750143	2091.2680751296284	1	0	1	2.2337907498615577
240200.0	3000.0	1891.2680751296027	0.0	0	522.9911179236951	2091.2680751296284	1	0	1	2.233790749861559
241200.0	3000.0	1891.2680751295973	0.0	0	439.7120125016663	2091.2680751296284	1	0	1	2.233790749861559
242200.0	3000.0	1891.2680751295927	0.0	0	340.9753422221984	2091.2680751296575	1	0	1	2.233790749861558
243200.0	3000.0	1891.2680751295788	0.0	0	308.431909396284	2091.2680751296284	1	0	1	2.2337907498615577
244200.0	3000.0	1891.2680751295727	0.0	0	280.68824107167893	2091.2680751296284	1	0	1	2.233790749861559
245200.0	3000.0	1891.26807512956	0.0	0	134.14904051704798	2091.2680751296284	1	0	1	2.233790749861559
246200.0	3000.0	1891.2680751295811	0.0	0	354.293888774846	2091.2680751296284	1	0	1	2.233790749861559
247200.0	3000.0	1891.2680751295684	0.0	0	276.02346804676927	2091.2680751296575	1	0	1	2.233790749861557
248200.0	3000.0	1891.268075129558	0.0	0	393.3479938725359	2091.2680751296575	1	0	1	2.233790749861557
249200.0	3000.0	1891.2680751295527	0.0	0	450.9670645337319	2091.2680751296575	1	0	1	2.233790749861557
250200.0	3000.0	1891.2680751295923	0.0	0	375.7458966477425	2091.2680751296575	1	0	1	2.233790749861557
251200.0	3000.0	1891.2680751295902	0.0	0	26.214197389781475	2091.2680751296575	1	0	1	2.233790749861557
252200.0	3000.0	1891.2680751296118	0.0	0	107.74219116556924	2091.2680751296575	1	0	1	2.233790749861557
253200.0	3000.0	1891.2680751295966	0.0	0	383.3949392734794	2091.2680751296575	1	0	1	2.233790749861557
254200.0	3000.0	1891.2680751295907	0.0	0	345.387163009902	2091.2680751296866	1	0	1	2.233790749861556
255200.0	3000.0	1891.26807512957	0.0	0	581.8124428465671	2091.2680751296866	1	0	1	2.2337907498615546
256200.0	3000.0	1891.2680751295657	0.0	0	477.1320190524566	2091.2680751296866	1	0	1	2.2337907498615546
257200.0	3000.0	1891.2680751295575	0.0	0	451.6831533391087	2091.2680751296284	1	0	1	2.2337907498615577
258200.0	3000.0	1891.2680751295525	0.0	0	414.50298468853	2091.2680751296284	1	0	1	2.2337907498615603
259200.0	3000.0	1891.2680751295848	0.0	0	446.959193967341	2091.2680751296575	1	0	1	2.233790749861558
260200.0	3000.0	1891.2680751296348	0.0	0	580.3738096797897	2091.2680751296575	1	0	1	2.233790749861557
261200.0	3000.0	1891.268075129618	0.0	0	306.8105218150886	2091.2680751296866	1	0	1	2.2337907498615546
262250.3953577817	3000.0	1840.872717347942	0.0	0	0.0	2091.2680751296866	1	0	1	2.2337907498615546
263200.0	3000.0	1891.2680751295802	0.0	0	137.76942784059793	2091.2680751296575	1	0	1	2.233790749861554
264251.1003436113	3000.0	1840.1677315183513	0.0	0	0.0	2091.268075129774	1	0	1	2.2337907498615515
265200.0	3000.0	1891.268075129678	0.0	0	90.62880242848769	2091.268075129832	1	0	1	2.233790749861543
266200.0	3000.0	1891.2680751297364	0.0	0	382.4890098142205	2091.2680751298903	1	0	1	2.2337907498615412
267200.0	3000.0	1891.268075129709	0.0	0	463.9156292407424	2091.2680751298903	1	0	1	2.2337907498615386
268200.0	3000.0	1891.2680751296793	0.0	0	555.4714462243137	2091.2680751298903	1	0	1	2.2337907498615386
269200.0	3000.0	1891.268075129681	0.0	0	485.7692335865577	2091.2680751298903	1	0	1	2.2337907498615386
270200.0	3000.0	1891.268075129692	0.0	0	141.70428832247853	2091.2680751300068	1	0	1	2.2337907498615315
271200.0	3000.0	1891.2680751296837	0.0	0	323.5568314115517	2091.2680751300068	1	0	1	2.2337907498615324
272200.0	3000.0	1891.2680751296805	0.0	0	62.9851112618926	2091.2680751300068	1	0	1	2.2337907498615297
273200.0	3000.0	1891.268075129644	0.0	0	316.7766415317892	2091.2680751300068	1	0	1	2.2337907498615297
274200.0	3000.0	1891.268075129593	0.0	0	170.1316388133564	2091.2680751300068	1	0	1	2.2337907498615297
275428.02203056874	3000.0	1663.24604456081	0.0	0	0.0	2091.2680751300068	1	0	1	2.2337907498615297
276395.7230292681	3000.0	1695.545045861449	0.0	0	0.0	2091.2680751300068	1	0	1	2.2337907498615297
277200.0	3000.0	1891.2680751295059	0.0	0	78.98137359617976	2091.2680751300068	1	0	1	2.2337907498615297
278200.0	3000.0	1891.2680751295584	0.0	0	348.0413464215235	2091.2680751300068	1	0	1	2.2337907498615297
279200.0	3000.0	1891.2680751294893	0.0	0	86.68772094760789	2091.2680751299486	1	0	1	2.233790749861534
280200.0	3000.0	1891.2680751294786	0.0	0	408.1300050771679	2091.2680751299486	1	0	1	2.233790749861534
281200.0	3000.0	1891.2680751294956	0.0	0	524.4765555815538	2091.2680751299486	1	0	1	2.233790749861534
282200.0	3000.0	1891.2680751294706	0.0	0	592.326987608627	2091.2680751299486	1	0	1	2.233790749861534
283200.0	3000.0	1891.2680751294479	0.0	0	432.9744661966106	2091.2680751299486	1	0	1	2.233790749861534
284200.0	3000.0	1891.2680751294201	0.0	0	317.0506651918986	2091.2680751299486	1	0	1	2.233790749861534
285200.0	3000.0	1891.2680751294292	0.0	0	482.33750249049626	2091.2680751299486	1	0	1	2.233790749861534
286200.0	3000.0	1891.268075129359	0.0	0	691.3652985839872	2091.2680751298903	1	0	1	2.2337907498615386
287200.0	3000.0	1891.268075129357	0.0	0	391.94317935139406	2091.2680751298903	1	0	1	2.2337907498615386
288200.0	3000.0	1891.2680751293728	0.0	0	266.0749717100407	2091.2680751298903	1	0	1	2.2337907498615386
289200.0	3000.0	1891.2680751293803	0.0	0	465.86228695651516	2091.2680751298903	1	0	1	2.2337907498615386
291037.90520365746	6000.0	1053.3628714718898	0.0	0	0.0	2091.2680751298903	1	0	1	2.233790749861539
292287.45681842323	6000.0	803.8112567061892	0.0	0	0.0	2091.2680751299486	1	0	1	2.9269379304214787
293597.6112575909	6000.0	493.65681753854597	0.0	0	0.0	2091.2680751300068	1	0	1	2.926937930421474
294195.71201357024	3000.0	895.5560615591913	0.0	0	0.0	2091.2680751300068	1	0	1	1.5406435693015847
294828.0544259771	3000.0	1263.2136491522651	0.0	0	0.0	2091.2680751300068	1	0	1	2.2337907498615297
295475.4707823177	3000.0	1615.7972928116885	0.0	0	0.0	2091.2680751300068	1	0	1	2.2337907498615297
296200.0	3000.0	1891.268075129444	0.0	0	163.9163968071225	2091.2680751300068	1	0	1	2.2337907498615297
297200.0	3000.0	1891.2680751294554	0.0	0	376.8387035616324	2091.2680751299486	1	0	1	2.233790749861534
298200.0	3000.0	1891.268075129472	0.0	0	59.56677181093255	2091.2680751299486	1	0	1	2.233790749861534
299200.0	3000.0	1891.2680751294529	0.0	0	186.47176258196123	2091.2680751299486	1	0	1	2.233790749861534
300200.0	3000.0	1891.268075129439	0.0	0	245.0490329535096	2091.2680751299486	1	0	1	2.233790749861534
5.82	3.94	2.17	4.03	5.46	4.11	5.64	4.65	3.01	5.02	7.49	5.03	2.32	2.72	4.01	3.67	3.34	2.7	4.56	5.13	5.31	6.19	4.78	3.8	5.17	4.18	2.13	3.08	3.26	3.83	3.75	4.89	5.05	3.22	3.6	4.55	4.15	4.19	4.05	4.23	2.9	2.28	4.53	5.18	5.07	4.91	5.69	6.01	5.98	3.05	4.63	3.81	2.63	4.24	4.24	3.63	2.36	2.72	3.96	3.61	4.77	6.75	5.95	3.87	3.6	4.16	3.13	4.85	4.78	5.76	7.15	5.35	7.65	10.2	9.81	5.6	2.46	3.7	4.46	5.63	5.84	5.8	4.85	5.62	5.92	5.76	5.33	6.8	4.03	4.19	4.87	3.5	4.53	5.99	5.13	3.86	3.32	3.02	4.47	5.62	6.08	5.04	6.63	5.17	6.99	9.63	6.97	3.14	3.16	2.77	3.72	5.69	6.09	7.85	6.12	2.79	4.41	3.44	5.21	4.25	1.87	2.24	4.04	4.65	4.19	4.29	6.68	9.09	6.21	5.69	7.63	9.97	7.18	5.0	6.36	3.17	3.28	6.65	6.43	3.06	4.92	6.37	6.2	4.38	2.86	3.87	5.83	4.97	3.39	5.17	5.82	3.94	2.17	4.03	5.46	4.11	5.64	4.65	3.01	5.02	7.49	5.03	2.32	2.72	4.01	3.67	3.34	2.7	4.56	5.13	5.31	6.19	4.78	3.8	5.17	4.18	2.13	3.08	3.26	3.83	3.75	4.89	5.05	3.22	3.6	4.55	4.15	4.19	4.05	4.23	2.9	2.28	4.53	5.18	5.07	4.91	5.69	6.01	5.98	3.05	4.63	3.81	2.63	4.24	4.24	3.63	2.36	2.72	3.96	3.61	4.77	6.75	5.95	3.87	3.6	4.16	3.13	4.85	4.78	5.76	7.15	5.35	7.65	10.2	9.81	5.6	2.46	3.7	4.46	5.63	5.84	5.8	4.85	5.62	5.92	5.76	5.33	6.8	4.03	4.19	4.87	3.5	4.53	5.99	5.13	3.86	3.32	3.02	4.47	5.62	6.08	5.04	6.63	5.17	6.99	9.63	6.97	3.14	3.16	2.77	3.72	5.69	6.09	7.85	6.12	2.79	4.41	3.44	5.21	4.25	1.87	2.24	4.04	4.65	4.19	4.29	6.68	9.09	6.21	5.69	7.63	9.97	7.18	5.0	6.36	3.17	3.28	6.65	6.43	3.06	4.92	6.37	6.2	4.38	2.86	3.87	5.83	4.97	3.39	5.17
1.0	2.0	3.0	4.0	5.0	6.0	7.0	8.0	9.0	10.0	11.0	12.0	13.0	14.0	15.0	16.0	17.0	18.0	19.0	20.0	21.0	22.0	23.0	24.0	25.0	26.0	27.0	28.0	29.0	30.0	31.0	32.0	33.0	34.0	35.0	36.0	37.0	38.0	39.0	40.0	41.0	42.0	43.0	44.0	45.0	46.0	47.0	48.0	49.0	50.0	51.0	52.0	53.0	54.0	55.0	56.0	57.0	58.0	59.0	60.0	61.0	62.0	63.0	64.0	65.0	66.0	67.0	68.0	69.0	70.0	71.0	72.0	73.0	74.0	75.0	76.0	77.0	78.0	79.0	80.0	81.0	82.0	83.0	84.0	85.0	86.0	87.0	88.0	89.0	90.0	91.0	92.0	93.0	94.0	95.0	96.0	97.0	98.0	99.0	100.0	101.0	102.0	103.0	104.0	105.0	106.0	107.0	108.0	109.0	110.0	111.0	112.0	113.0	114.0	115.0	116.0	117.0	118.0	119.0	120.0	121.0	122.0	123.0	124.0	125.0	126.0	127.0	128.0	129.0	130.0	131.0	132.0	133.0	134.0	135.0	136.0	137.0	138.0	139.0	140.0	141.0	142.0	143.0	144.0	145.0	146.0	147.0	148.0	149.0	149.0	150.0	151.0	152.0	153.0	154.0	155.0	156.0	157.0	158.0	159.0	160.0	161.0	162.0	163.0	164.0	165.0	166.0	167.0	168.0	169.0	170.0	171.0	172.0	173.0	174.0	175.0	176.0	177.0	178.0	179.0	180.0	181.0	182.0	183.0	184.0	185.0	186.0	187.0	188.0	189.0	190.0	191.0	192.0	193.0	194.0	195.0	196.0	197.0	198.0	199.0	200.0	201.0	202.0	203.0	204.0	205.0	206.0	207.0	208.0	209.0	210.0	211.0	212.0	213.0	214.0	215.0	216.0	217.0	218.0	219.0	220.0	221.0	222.0	223.0	224.0	225.0	226.0	227.0	228.0	229.0	230.0	231.0	232.0	233.0	234.0	235.0	236.0	237.0	238.0	239.0	240.0	241.0	242.0	243.0	244.0	245.0	246.0	247.0	248.0	249.0	250.0	251.0	252.0	253.0	254.0	255.0	256.0	257.0	258.0	259.0	260.0	261.0	262.0	263.0	264.0	265.0	266.0	267.0	268.0	269.0	270.0	271.0	272.0	273.0	274.0	275.0	276.0	277.0	278.0	279.0	280.0	281.0	282.0	283.0	284.0	285.0	286.0	287.0	288.0	289.0	290.0	291.0	292.0	293.0	294.0	295.0	296.0	297.0	298.0	298.0
4866.131824926395
