3917.3980357044393	300.0	2000.0	220.70901070931262	0	0.0	3917.3980357044393	1	0	1	-1.737440186725801
4075.766136986854	300.0	2825.7950885893447	0.0	0	0.0	3901.561225576198	1	0	2	-0.8285345441733396
4330.904138364357	500.0	3545.1432870740914	0.0	0	0.0	3876.0474254384485	1	0	2	-0.6194177384201172
5200.0	500.0	3589.137839274884	0.0	0	646.2150415676042	3789.1378392748843	1	0	2	-0.08855054758466113
6200.0	500.0	3489.137839274884	0.0	0	831.5760728580326	3689.137839274884	1	0	2	-0.0536544522294551
7200.0	500.0	3489.1378392748834	0.0	0	816.4381032467536	3689.1378392748834	1	0	1	-0.040193275799794814
8200.0	500.0	3389.137839274883	0.0	0	631.5697507193117	3589.137839274883	1	0	2	-0.22107456534444903
9200.0	1000.0	3289.1378392748843	0.0	0	270.42588186803005	3489.137839274883	1	0	2	0.009822967895649626
10200.0	1000.0	3189.1378392748843	0.0	0	475.53061922864254	3389.137839274882	1	0	2	0.7299159879113615
11200.0	1000.0	3089.1378392748807	0.0	0	276.09545729581805	3289.1378392748784	1	0	2	0.7556515189644619
12200.0	1000.0	2989.1378392748784	0.0	0	411.64667661866224	3189.1378392748757	1	0	2	0.7786199014042634
13200.0	1000.0	2989.1378392748775	0.0	0	502.9310994901025	3189.137839274874	1	0	1	0.7869032176723
14200.0	1000.0	2989.1378392748775	0.0	0	642.1999009544925	3189.137839274872	1	0	1	0.9869032176723005
15200.0	2000.0	2989.1378392748775	0.0	0	174.34086918168578	3189.137839274872	1	0	1	0.9869032176723005
16200.0	2000.0	2989.1378392748775	0.0	0	241.5619876481178	3189.137839274872	1	0	1	1.6800503982322457
17200.0	2000.0	2989.1378392748793	0.0	0	88.6272324646161	3189.137839274874	1	0	1	1.6800503982322454
18282.34219976909	2000.0	2906.7956395057868	0.0	0	0.0	3189.137839274872	1	0	1	1.6800503982322454
20007.318929633857	2000.0	2181.818909641017	0.0	0	0.0	3189.13783927487	1	0	1	1.6800503982322457
21765.80094219256	2000.0	1423.3368970823099	0.0	0	0.0	3189.13783927487	1	0	1	1.680050398232246
23886.91808680736	2000.0	302.219752467512	0.0	0	0.0	3189.13783927487	1	0	1	1.680050398232246
24423.375027612412	1000.0	765.7628116624584	0.0	0	0.0	3189.137839274874	1	0	1	0.293756037112355
25151.116830055846	1000.0	965.2468289746816	0.0	0	0.0	3116.3636590305287	1	0	2	0.5981165556483858
25651.319407231902	1000.0	1465.0442517986219	0.0	0	0.0	3116.3636590305287	1	0	1	0.8019895743810256
25967.824959649457	1000.0	2148.53869938107	0.0	0	0.0	3116.3636590305287	1	0	1	1.0019895743810256
26345.595565396343	1000.0	2770.7680936341876	0.0	0	0.0	3116.3636590305287	1	0	1	1.0019895743810256
27200.0	1000.0	2916.36365903053	0.0	0	298.65299447533835	3116.3636590305287	1	0	1	1.0019895743810256
28200.0	1000.0	2916.363659030531	0.0	0	410.4482688478165	3116.3636590305323	1	0	1	1.001989574381025
29200.0	1000.0	2816.3636590305337	0.0	0	534.9358340896542	3016.3636590305323	1	0	2	0.6138720832550932
30200.0	1000.0	2816.363659030532	0.0	0	489.1337443094453	3016.3636590305323	1	0	1	0.8211807869793399
31200.0	1000.0	2816.3636590305296	0.0	0	517.3394545182127	3016.3636590305323	1	0	1	1.0211807869793401
32200.0	1000.0	2716.3636590305277	0.0	0	264.1393366022203	2916.3636590305287	1	0	2	0.6321348654731378
33200.0	1000.0	2716.3636590305264	0.0	0	70.15179261024605	2916.3636590305287	1	0	1	0.8387140607977612
34200.0	1000.0	2616.363659030515	0.0	0	243.35333943108708	2816.363659030514	1	0	2	0.6494119899302149
35200.0	1000.0	2616.363659030515	0.0	0	630.9217127315278	2816.363659030514	1	0	1	0.854718572054887
36200.0	1000.0	2616.3636590305136	0.0	0	598.5261860641258	2816.3636590305105	1	0	1	1.0547185720548877
37200.0	1000.0	2516.3636590305236	0.0	0	620.8327292970862	2716.363659030525	1	0	2	0.6635848805189825
38200.0	1000.0	2516.363659030527	0.0	0	376.427594879402	2716.363659030525	1	0	1	0.869315916087518
39200.0	1000.0	2416.363659030536	0.0	0	478.1534114808819	2616.3636590305396	1	0	2	0.6775110337272291
40200.0	1000.0	2416.3636590305414	0.0	0	162.2724938015017	2616.3636590305396	1	0	1	0.8826200890151288
41200.0	1000.0	2416.36365903054	0.0	0	389.74074834556814	2616.3636590305323	1	0	1	1.0826200890151298
42200.0	1000.0	2416.3636590305427	0.0	0	382.94751252075366	2616.3636590305323	1	0	1	1.0826200890151298
43200.0	1000.0	2416.363659030537	0.0	0	276.4546694789533	2616.3636590305323	1	0	1	1.0826200890151298
44212.804400965244	1000.0	2403.559258065289	0.0	0	0.0	2616.3636590305323	1	0	1	1.0826200890151298
45200.0	1000.0	2416.36365903053	0.0	0	224.31723932737805	2616.3636590305323	1	0	1	1.0826200890151298
46200.0	1000.0	2416.3636590305305	0.0	0	477.3361720183093	2616.3636590305323	1	0	1	1.0826200890151298
47200.0	1000.0	2416.3636590305287	0.0	0	506.348380072086	2616.3636590305323	1	0	1	1.0826200890151298
48200.0	1000.0	2416.3636590305377	0.0	0	367.13857163312787	2616.3636590305396	1	0	1	1.082620089015129
49200.0	1000.0	2416.363659030534	0.0	0	586.274223593231	2616.3636590305396	1	0	1	1.082620089015129
50200.0	1000.0	2416.363659030533	0.0	0	611.8151218331841	2616.363659030547	1	0	1	1.082620089015128
51200.0	1000.0	2416.3636590305364	0.0	0	570.1895879504518	2616.3636590305396	1	0	1	1.082620089015129
52200.0	1000.0	2316.3636590305277	0.0	0	581.5091528489647	2516.3636590305323	1	0	2	0.6899814446656697
53211.78925045355	2000.0	2203.395483531628	0.0	0	0.0	2415.184733985174	1	0	2	0.9030258449235613
54418.83128425877	2000.0	1996.3534497264054	0.0	0	0.0	2415.184733985174	1	0	1	1.5990386416900506
55443.1129614082	2000.0	1972.071772576975	0.0	0	0.0	2415.184733985174	1	0	1	1.7990386416900508
56436.01553960177	2000.0	1979.1691943834066	0.0	0	0.0	2415.184733985174	1	0	1	1.7990386416900508
57479.62366247095	2000.0	1935.5610715142307	0.0	0	0.0	2415.1847339851665	1	0	1	1.7990386416900517
58200.0	2000.0	2215.1847339851834	0.0	0	123.89258750857698	2415.1847339851665	1	0	1	1.7990386416900517
59200.0	2000.0	2215.18473398519	0.0	0	13.033359121844114	2415.184733985174	1	0	1	1.7990386416900508
60200.0	2000.0	2215.1847339851884	0.0	0	50.3933292307629	2415.184733985174	1	0	1	1.7990386416900508
61200.0	2000.0	2215.1847339851834	0.0	0	93.59915377855941	2415.184733985174	1	0	1	1.7990386416900508
62239.49747825242	2000.0	2175.687255732762	0.0	0	0.0	2415.184733985174	1	0	1	1.7990386416900508
63436.457280627525	2000.0	1978.7274533576565	0.0	0	0.0	2415.184733985181	1	0	1	1.79903864169005
64390.3154753343	2000.0	2024.86925865088	0.0	0	0.0	2415.184733985181	1	0	1	1.79903864169005
65297.388894374	2000.0	2117.7958396111735	0.0	0	0.0	2415.184733985181	1	0	1	1.79903864169005
66200.0	2000.0	2215.184733985173	0.0	0	90.1360506604542	2415.1847339851884	1	0	1	1.79903864169005
67200.0	2000.0	2215.1847339851715	0.0	0	61.95433252947987	2415.1847339851884	1	0	1	1.7990386416900497
68200.0	2000.0	2215.184733985182	0.0	0	247.17063749485533	2415.1847339851956	1	0	1	1.799038641690049
69200.0	2000.0	2215.1847339851793	0.0	0	220.93973492727673	2415.184733985181	1	0	1	1.79903864169005
70200.0	2000.0	2215.1847339851865	0.0	0	92.50538922568376	2415.184733985181	1	0	1	1.79903864169005
71200.0	2000.0	2215.184733985178	0.0	0	254.65039281037753	2415.184733985181	1	0	1	1.79903864169005
72200.0	2000.0	2215.1847339851865	0.0	0	205.62245535718102	2415.184733985181	1	0	1	1.79903864169005
73435.10909225038	2000.0	1980.0756417348118	0.0	0	0.0	2415.184733985181	1	0	1	1.79903864169005
74980.26584838232	2000.0	1434.9188856028823	0.0	0	0.0	2415.1847339851956	1	0	1	1.7990386416900486
75979.22079578968	2000.0	1435.9639381955194	0.0	0	0.0	2415.1847339851956	1	0	1	1.7990386416900486
76978.01652843607	2000.0	1437.1682055491226	0.0	0	0.0	2415.1847339851956	1	0	1	1.7990386416900486
78023.03422174093	2000.0	1392.1505122442757	0.0	0	0.0	2415.18473398521	1	0	1	1.799038641690047
78788.69504315502	2000.0	1626.4896908301985	0.0	0	0.0	2415.18473398521	1	0	1	1.799038641690047
79589.58096239435	2000.0	1825.6037715908606	0.0	0	0.0	2415.18473398521	1	0	1	1.799038641690047
80291.94753675477	2000.0	2123.237197230444	0.0	0	0.0	2415.1847339851956	1	0	1	1.7990386416900486
81200.0	2000.0	2215.184733985206	0.0	0	59.2834461829043	2415.1847339851956	1	0	1	1.7990386416900486
82869.12855211565	2000.0	1546.0561818695537	0.0	0	0.0	2415.1847339851956	1	0	1	1.7990386416900486
83547.84488716652	2000.0	1867.3398468186856	0.0	0	0.0	2415.1847339851956	1	0	1	1.7990386416900486
84641.63283609781	2000.0	1773.5518978874104	0.0	0	0.0	2415.1847339851956	1	0	1	1.7990386416900486
85366.58082360143	2000.0	2048.6039103838	0.0	0	0.0	2415.1847339851956	1	0	1	1.7990386416900486
86229.1555781609	2000.0	2186.0291558242934	0.0	0	0.0	2415.1847339851956	1	0	1	1.7990386416900486
87200.0	2000.0	2215.184733985193	0.0	0	225.96997620968614	2415.18473398521	1	0	1	1.799038641690047
88254.5469600402	2000.0	2160.637773944998	0.0	0	0.0	2415.18473398521	1	0	1	1.799038641690047
89325.8853241677	2000.0	2089.2994098174872	0.0	0	0.0	2415.18473398521	1	0	1	1.799038641690047
90292.4206564715	2000.0	2122.7640775136842	0.0	0	0.0	2415.1847339852247	1	0	1	1.7990386416900455
91200.0	2000.0	2215.1847339851856	0.0	0	21.313240046278224	2415.1847339852393	1	0	1	1.799038641690044
92200.0	2000.0	2215.1847339851774	0.0	0	484.8832779022632	2415.1847339852393	1	0	1	1.799038641690044
93200.0	2000.0	2215.184733985176	0.0	0	395.0892488523532	2415.1847339852247	1	0	1	1.7990386416900455
94413.26876615365	2000.0	2001.9159678315339	0.0	0	0.0	2415.1847339852393	1	0	1	1.799038641690044
95200.0	2000.0	2215.1847339851793	0.0	0	15.687288140397868	2415.184733985254	1	0	1	1.799038641690043
96200.0	2000.0	2215.18473398519	0.0	0	72.53291081596399	2415.184733985254	1	0	1	1.7990386416900426
97268.98006388817	2000.0	2146.2046700970095	0.0	0	0.0	2415.184733985254	1	0	1	1.7990386416900426
98201.27367900779	2000.0	2213.911054977395	0.0	0	0.0	2415.184733985254	1	0	1	1.7990386416900426
99200.0	2000.0	2215.1847339851934	0.0	0	233.61545144271804	2415.1847339852684	1	0	1	1.7990386416900408
100721.84780122669	3000.0	1693.3369327585083	0.0	0	0.0	2415.184733985283	1	0	1	1.7990386416900397
101572.48505539293	2000.0	1842.6996785922706	0.0	0	0.0	2415.184733985283	1	0	1	1.3935735335818749
102567.2077118085	2000.0	1847.9770221767062	0.0	0	0.0	2415.1847339852975	1	0	1	1.799038641690038
103496.40664745071	2000.0	1918.7780865344942	0.0	0	0.0	2415.1847339852975	1	0	1	1.799038641690038
104622.21983293758	2000.0	1792.9649010476264	0.0	0	0.0	2415.1847339852975	1	0	1	1.799038641690038
105484.74502225422	3000.0	1930.4397117310007	0.0	0	0.0	2415.1847339852975	1	0	1	1.799038641690038
106716.71829627044	3000.0	1698.4664377147917	0.0	0	0.0	2415.1847339852975	1	0	1	2.2045037497982025
108306.73755548208	3000.0	1108.447178503157	0.0	0	0.0	2415.1847339852975	1	0	1	2.2045037497982025
109711.74060528439	2000.0	703.444128700852	0.0	0	0.0	2415.1847339852975	1	0	1	1.3935735335818733
110728.37555789726	2000.0	686.8091760879709	0.0	0	0.0	2415.1847339852975	1	0	1	1.799038641690038
111798.99637465017	2000.0	616.1883593350616	0.0	0	0.0	2415.1847339852975	1	0	1	1.799038641690038
112992.52395215399	2000.0	446.2496948833551	23.588913052110115	0	0.0	2438.7736470374075	1	0	1	1.6549991290990145
113780.68183837373	2000.0	658.0918086636184	0.0	0	0.0	2438.773647037393	1	0	1	1.796532607411677
115403.96982187878	2000.0	200.0	165.1961748414339	0	0.0	2603.96982187884	1	0	1	0.7995069378694606
117076.39059950472	2000.0	200.0	672.4207776259381	0	0.0	3276.3905995047826	1	0	1	-2.361445509291524
117719.96109662984	1000.0	702.6267062653667	191.4129573663443	0	0.0	3422.587802895243	1	0	2	-1.313467426674241
118144.66524649448	1000.0	1277.9225564007293	0.0	0	0.0	3422.587802895243	1	0	1	0.7314378698219576
118569.30486811916	1000.0	1810.8189726135906	0.0	0	0.0	3380.123840732791	1	0	2	0.539835897935759
118980.33728872724	1000.0	2358.6833099447103	0.0	0	0.0	3339.020598671981	1	0	2	0.7501529817120056
119348.20821667406	1000.0	2954.02528920321	0.0	0	0.0	3302.233505877288	1	0	2	0.7592974786541213
120200.0	1000.0	3102.2335058772524	0.0	0	253.37387511091947	3302.233505877288	1	0	1	0.7614421815731389
121200.0	1000.0	3002.2335058772455	0.0	0	333.56521927469294	3202.2335058772733	1	0	2	0.5763651872240607
122200.0	1000.0	2902.233505877256	0.0	0	570.7198689638753	3102.2335058773024	1	0	2	0.7968394871983528
123200.0	1000.0	2902.2335058772646	0.0	0	659.0784542766196	3102.2335058773024	1	0	1	0.8048069619545521
124200.0	1000.0	2902.2335058772815	0.0	0	382.02426969514636	3102.2335058773024	1	0	1	1.0048069619545523
125200.0	1000.0	2802.2335058772715	0.0	0	574.7576264779636	3002.233505877288	1	0	2	0.6164182870941303
126200.0	1000.0	2702.23350587727	0.0	0	526.7627854856837	2902.2335058772733	1	0	2	0.8342674461563443
127200.0	1000.0	2702.2335058772665	0.0	0	530.2925916222011	2902.2335058772587	1	0	1	0.8410653811831588
128200.0	1000.0	2702.2335058772774	0.0	0	459.4997020741139	2902.2335058772587	1	0	1	1.041065381183159
129200.0	1000.0	2702.2335058772715	0.0	0	484.4149337155686	2902.2335058772587	1	0	1	1.041065381183159
130200.0	1000.0	2602.2335058772705	0.0	0	636.2701898599189	2802.2335058773024	1	0	2	0.6506604229491316
131200.0	1000.0	2602.233505877256	0.0	0	375.4145587585517	2802.233505877288	1	0	1	0.85686385639458
132200.0	1000.0	2602.2335058772874	0.0	0	318.01522765506525	2802.2335058773315	1	0	1	1.0568638563945782
133200.0	1000.0	2602.2335058772605	0.0	0	637.6720059332147	2802.2335058773024	1	0	1	1.0568638563945771
134200.0	1000.0	2602.233505877255	0.0	0	539.7683306392864	2802.233505877317	1	0	1	1.0568638563945767
135200.0	1000.0	2602.2335058772496	0.0	0	592.553609591414	2802.233505877288	1	0	1	1.0568638563945818
136200.0	1000.0	2602.2335058772305	0.0	0	441.20370616111904	2802.233505877317	1	0	1	1.0568638563945774
137200.0	1000.0	2602.2335058772264	0.0	0	458.4647195764701	2802.233505877317	1	0	1	1.0568638563945774
138200.0	1000.0	2602.233505877187	0.0	0	526.5197339452279	2802.233505877317	1	0	1	1.0568638563945774
139200.0	1000.0	2602.233505877181	0.0	0	548.1260371701792	2802.233505877288	1	0	1	1.0568638563945818
140323.84078425603	2000.0	2478.392721621136	0.0	0	0.0	2802.233505877288	1	0	1	1.056863856394582
142134.27869976027	2000.0	1667.9548061168873	0.0	0	0.0	2802.233505877288	1	0	1	1.7500110369545272
143942.02571030502	2000.0	860.2077955721568	0.0	0	0.0	2802.233505877317	1	0	1	1.7500110369545228
144990.4498839781	1000.0	811.7836218991026	0.0	0	0.0	2802.233505877317	1	0	1	0.3637166758346323
145837.8295454912	1000.0	964.4039603859635	0.0	0	0.0	2802.233505877317	1	0	1	1.0568638563945774
146350.86560674896	1000.0	1451.3678991282343	0.0	0	0.0	2802.233505877346	1	0	1	1.0568638563945731
146835.55316013767	1000.0	1966.6803457395154	0.0	0	0.0	2802.233505877317	1	0	1	1.0568638563945774
147213.32497810747	1000.0	2588.9085277697186	0.0	0	0.0	2802.233505877317	1	0	1	1.0568638563945774
148200.0	1000.0	2602.233505877169	0.0	0	486.4639809730579	2802.233505877346	1	0	1	1.0568638563945731
149200.0	1000.0	2602.2335058771805	0.0	0	528.1913441408251	2802.233505877346	1	0	1	1.0568638563945731
150200.0	1000.0	2602.2335058771732	0.0	0	596.4472028056625	2802.233505877346	1	0	1	1.0568638563945731
151200.0	1000.0	2502.2335058771882	0.0	0	536.2517695207789	2702.233505877375	1	0	2	0.6657378251055867
152200.0	1000.0	2502.2335058771887	0.0	0	584.1682273506012	2702.233505877375	1	0	1	0.8712717322001657
153200.0	1000.0	2502.2335058771455	0.0	0	551.3225813512108	2702.233505877375	1	0	1	1.071271732200166
154200.0	1000.0	2502.233505877126	0.0	0	678.0507672057138	2702.233505877375	1	0	1	1.071271732200166
155200.0	1000.0	2502.2335058771196	0.0	0	654.414221999963	2702.233505877375	1	0	1	1.071271732200166
156200.0	1000.0	2502.233505877105	0.0	0	664.7518710796721	2702.233505877375	1	0	1	1.071271732200166
157200.0	1000.0	2502.2335058770987	0.0	0	330.2039366021927	2702.233505877375	1	0	1	1.071271732200166
158200.0	1000.0	2502.233505877112	0.0	0	501.60812024286133	2702.233505877375	1	0	1	1.071271732200166
159200.0	1000.0	2502.2335058771087	0.0	0	296.72776189874276	2702.233505877375	1	0	1	1.071271732200166
160200.0	1000.0	2502.2335058770973	0.0	0	392.7465257055301	2702.233505877375	1	0	1	1.071271732200166
161200.0	1000.0	2502.233505877108	0.0	0	417.75265941087855	2702.233505877375	1	0	1	1.071271732200166
162200.0	1000.0	2502.233505877157	0.0	0	512.9792424715997	2702.233505877375	1	0	1	1.071271732200166
163200.0	1000.0	2502.233505877127	0.0	0	468.76632363611134	2702.233505877375	1	0	1	1.071271732200166
164200.0	1000.0	2502.233505877117	0.0	0	509.2370586647594	2702.2335058774042	1	0	1	1.0712717322001621
165200.0	1000.0	2502.233505877123	0.0	0	666.7298211183515	2702.2335058774042	1	0	1	1.0712717322001621
166200.0	1000.0	2502.233505877125	0.0	0	514.0762052889913	2702.2335058774042	1	0	1	1.0712717322001621
167200.0	1000.0	2402.233505877134	0.0	0	589.5403306494991	2602.2335058774042	1	0	2	0.6792477416194721
168200.0	1000.0	2402.2335058771296	0.0	0	369.9368426724104	2602.2335058774042	1	0	1	0.8844019360203169
169501.1007511261	2000.0	2101.132754751037	0.0	0	0.0	2602.2335058774042	1	0	1	1.084401936020317
171722.6644893416	2000.0	879.569016535536	0.0	0	0.0	2602.2335058774042	1	0	1	1.777549116580262
172792.6442232866	1000.0	809.5892825905656	0.0	0	0.0	2602.2335058774042	1	0	1	0.39125475546037036
173332.91813153544	1000.0	1269.3153743417292	0.0	0	0.0	2602.2335058774042	1	0	1	1.084401936020317
174043.3990843915	1000.0	1558.834421485676	0.0	0	0.0	2602.2335058774042	1	0	1	1.084401936020317
174576.29803108828	1000.0	2025.9354747888863	0.0	0	0.0	2602.233505877375	1	0	1	1.0844019360203208
175200.0	1000.0	2402.233505877201	0.0	0	329.7102210528683	2602.2335058774042	1	0	1	1.084401936020317
176200.0	1000.0	2402.233505877188	0.0	0	519.9704631163622	2602.2335058774042	1	0	1	1.084401936020317
177200.0	1000.0	2402.233505877167	0.0	0	389.6190573289932	2602.2335058774042	1	0	1	1.084401936020317
178200.0	1000.0	2402.233505877181	0.0	0	392.54887554366724	2602.233505877375	1	0	1	1.0844019360203208
179200.0	1000.0	2402.2335058772005	0.0	0	456.632284893014	2602.2335058774042	1	0	1	1.084401936020317
180200.0	1000.0	2402.2335058771946	0.0	0	286.3644335642748	2602.2335058774333	1	0	1	1.084401936020314
181200.0	1000.0	2302.233505877197	0.0	0	380.96903428662336	2502.2335058774333	1	0	2	0.6917784237479851
182200.0	1000.0	2302.23350587718	0.0	0	182.72760128765367	2502.2335058774333	1	0	1	0.8963599065510943
183200.0	1000.0	2302.2335058771796	0.0	0	282.3206115963985	2502.2335058774333	1	0	1	1.0963599065510945
184200.0	1000.0	2302.23350587719	0.0	0	460.2049155138957	2502.2335058774333	1	0	1	1.0963599065510945
185200.0	1000.0	2302.2335058771896	0.0	0	522.8952947834623	2502.2335058774333	1	0	1	1.0963599065510945
186200.0	1000.0	2302.233505877187	0.0	0	473.02708681023796	2502.2335058774333	1	0	1	1.0963599065510945
187200.0	1000.0	2302.2335058771673	0.0	0	486.5603134886478	2502.2335058774333	1	0	1	1.0963599065510945
188200.0	1000.0	2202.2335058771455	0.0	0	518.1854394227266	2402.2335058774333	1	0	2	0.7029836619310366
189200.0	1000.0	2202.233505877151	0.0	0	140.85831157388748	2402.2335058774333	1	0	1	0.9072437796826152
190200.0	1000.0	2202.2335058771414	0.0	0	300.00026955394424	2402.2335058774042	1	0	1	1.1072437796826182
191200.0	1000.0	2202.2335058771705	0.0	0	372.7916974337131	2402.2335058774042	1	0	1	1.1072437796826182
192200.0	1000.0	2202.23350587717	0.0	0	424.66772713910905	2402.2335058774042	1	0	1	1.1072437796826182
193200.0	1000.0	2202.2335058771687	0.0	0	67.80697029968724	2402.2335058774042	1	0	1	1.1072437796826182
194200.0	1000.0	2202.2335058771773	0.0	0	425.50424892039155	2402.233505877375	1	0	1	1.1072437796826213
195200.0	1000.0	2202.2335058771937	0.0	0	327.1787773136748	2402.2335058774042	1	0	1	1.1072437796826182
196200.0	1000.0	2202.2335058772182	0.0	0	197.6677785217762	2402.2335058774333	1	0	1	1.1072437796826153
197200.0	1000.0	2202.2335058772182	0.0	0	428.2430740314594	2402.2335058774333	1	0	1	1.1072437796826153
198200.0	1000.0	2202.2335058772073	0.0	0	591.9961933512823	2402.2335058774333	1	0	1	1.1072437796826153
199200.0	1000.0	2202.233505877234	0.0	0	493.90113610911067	2402.2335058774333	1	0	1	1.1072437796826158
200200.0	1000.0	2202.233505877247	0.0	0	748.9923751982278	2402.2335058774624	1	0	1	1.1072437796826122
201200.0	1000.0	2202.233505877226	0.0	0	513.8570785840857	2402.2335058774624	1	0	1	1.1072437796826122
202200.0	1000.0	2202.2335058772287	0.0	0	421.07404513916117	2402.2335058774624	1	0	1	1.1072437796826122
203200.0	1000.0	2202.2335058772305	0.0	0	562.317797817057	2402.2335058774624	1	0	1	1.1072437796826122
204200.0	1000.0	2202.233505877224	0.0	0	477.0715870752465	2402.2335058774333	1	0	1	1.1072437796826153
205200.0	1000.0	2202.2335058772333	0.0	0	465.15720047793	2402.2335058774333	1	0	1	1.1072437796826153
206200.0	1000.0	2202.2335058772314	0.0	0	531.3184003118658	2402.2335058774042	1	0	1	1.1072437796826182
207200.0	1000.0	2202.2335058772173	0.0	0	586.0521733296919	2402.2335058774042	1	0	1	1.1072437796826182
208200.0	1000.0	2202.233505877229	0.0	0	570.9216544812662	2402.2335058774042	1	0	1	1.1072437796826182
209200.0	1000.0	2202.2335058772373	0.0	0	354.3292229118233	2402.2335058774333	1	0	1	1.1072437796826153
210200.0	1000.0	2202.233505877242	0.0	0	329.4185118782916	2402.2335058774624	1	0	1	1.1072437796826122
211200.0	1000.0	2202.233505877268	0.0	0	155.55804722281755	2402.2335058774624	1	0	1	1.1072437796826122
212200.0	1000.0	2202.2335058772924	0.0	0	339.53684871364385	2402.2335058774916	1	0	1	1.1072437796826093
213200.0	1000.0	2202.2335058772906	0.0	0	321.5394846900017	2402.2335058774916	1	0	1	1.1072437796826093
214200.0	1000.0	2202.2335058773137	0.0	0	469.73780900775455	2402.2335058774916	1	0	1	1.1072437796826093
215200.0	1000.0	2202.233505877311	0.0	0	502.4933433905244	2402.2335058774624	1	0	1	1.1072437796826122
216200.0	1000.0	2202.2335058773187	0.0	0	677.059443232225	2402.2335058774916	1	0	1	1.1072437796826093
217200.0	1000.0	2202.233505877296	0.0	0	586.5226011766936	2402.2335058774916	1	0	1	1.1072437796826093
218200.0	1000.0	2202.2335058772956	0.0	0	651.8688512217486	2402.2335058774916	1	0	1	1.1072437796826093
219200.0	1000.0	2202.233505877281	0.0	0	640.8528051527101	2402.2335058774916	1	0	1	1.1072437796826093
220200.0	1000.0	2202.2335058772933	0.0	0	690.825233510288	2402.2335058774916	1	0	1	1.1072437796826093
221200.0	1000.0	2202.233505877257	0.0	0	523.2794864789175	2402.2335058774624	1	0	1	1.1072437796826122
222281.4656945855	2000.0	2120.7678112917674	0.0	0	0.0	2402.2335058774333	1	0	1	1.1072437796826153
223905.04362390263	2000.0	1497.1898819746523	0.0	0	0.0	2402.2335058774333	1	0	1	1.8003909602425605
224915.23140342027	2000.0	1487.0021024570035	0.0	0	0.0	2402.2335058774333	1	0	1	1.8003909602425605
226218.17498390342	2000.0	1184.0585219738548	0.0	0	0.0	2402.2335058774624	1	0	1	1.8003909602425574
226920.98063167837	2000.0	1481.2528741989024	0.0	0	0.0	2402.2335058774624	1	0	1	1.8003909602425574
227705.60197509668	2000.0	1696.6315307805794	0.0	0	0.0	2402.2335058774624	1	0	1	1.8003909602425574
228619.33924553564	2000.0	1782.8942603416158	0.0	0	0.0	2402.2335058774333	1	0	1	1.8003909602425605
229692.78903913486	2000.0	1709.4444667423736	0.0	0	0.0	2402.2335058774042	1	0	1	1.8003909602425636
230562.18606493194	2000.0	1840.047440945298	0.0	0	0.0	2402.2335058774042	1	0	1	1.8003909602425636
232249.12900324902	2000.0	1153.1045026282172	0.0	0	0.0	2402.2335058774042	1	0	1	1.8003909602425636
233088.05821202454	2000.0	1314.1752938527106	0.0	0	0.0	2402.2335058774042	1	0	1	1.8003909602425636
234215.5838961676	2000.0	1186.6496097096406	0.0	0	0.0	2402.2335058774042	1	0	1	1.8003909602425636
235063.59819028553	2000.0	1338.6353155917266	0.0	0	0.0	2402.2335058774042	1	0	1	1.8003909602425636
235923.26085366003	2000.0	1478.9726522172	0.0	0	0.0	2402.2335058774042	1	0	1	1.8003909602425636
236621.11755613596	2000.0	1781.1159497413116	0.0	0	0.0	2402.2335058774042	1	0	1	1.8003909602425636
237967.9251398244	2000.0	1434.308366052847	0.0	0	0.0	2402.2335058774042	1	0	1	1.8003909602425636
239086.35131335005	2000.0	1315.8821925271961	0.0	0	0.0	2402.2335058774042	1	0	1	1.8003909602425636
239900.48705130763	2000.0	1501.7464545696255	0.0	0	0.0	2402.2335058774042	1	0	1	1.8003909602425636
240793.92507673695	2000.0	1608.3084291402952	0.0	0	0.0	2402.2335058774042	1	0	1	1.8003909602425636
241587.36273689763	2000.0	1814.87076897959	0.0	0	0.0	2402.2335058774042	1	0	1	1.8003909602425636
242519.8400900629	2000.0	1882.393415814322	0.0	0	0.0	2402.2335058774042	1	0	1	1.8003909602425636
243803.66380685024	2000.0	1598.5696990269914	0.0	0	0.0	2402.2335058774333	1	0	1	1.8003909602425605
244452.4344289353	2000.0	1949.7990769419173	0.0	0	0.0	2402.2335058774333	1	0	1	1.8003909602425605
245201.19072747315	2000.0	2201.042778404081	0.0	0	0.0	2402.2335058774333	1	0	1	1.8003909602425605
246304.4351537532	2000.0	2097.7983521240094	0.0	0	0.0	2402.2335058774333	1	0	1	1.8003909602425605
247200.0	2000.0	2202.2335058772333	0.0	0	114.8466138583899	2402.2335058774333	1	0	1	1.8003909602425605
248435.22134654358	2000.0	1967.0121593336412	0.0	0	0.0	2402.2335058774333	1	0	1	1.8003909602425605
249598.1003779344	2000.0	1804.1331279428355	0.0	0	0.0	2402.2335058774333	1	0	1	1.8003909602425605
250443.83576263435	2000.0	1958.3977432428971	0.0	0	0.0	2402.2335058774624	1	0	1	1.8003909602425574
251496.07273376794	2000.0	1906.1607721092823	0.0	0	0.0	2402.2335058774624	1	0	1	1.8003909602425574
252596.8839496309	2000.0	1805.3495562463372	0.0	0	0.0	2402.2335058774333	1	0	1	1.8003909602425605
253657.30592579464	2000.0	1744.927580082565	0.0	0	0.0	2402.2335058774333	1	0	1	1.8003909602425605
254200.0	2000.0	2202.2335058771937	0.0	0	27.59529725057655	2402.2335058774333	1	0	1	1.8003909602425605
255200.0	2000.0	2202.2335058772205	0.0	0	488.4789237600053	2402.2335058774624	1	0	1	1.8003909602425574
256200.0	2000.0	2202.233505877213	0.0	0	81.23825040718657	2402.2335058774624	1	0	1	1.8003909602425574
257521.8203883345	2000.0	1880.4131175426858	0.0	0	0.0	2402.2335058774333	1	0	1	1.8003909602425605
258988.15554409355	2000.0	1414.0779617836508	0.0	0	0.0	2402.2335058774333	1	0	1	1.8003909602425605
259629.6226319591	2000.0	1772.6108739180843	0.0	0	0.0	2402.2335058774333	1	0	1	1.8003909602425605
260820.67332015708	2000.0	1581.5601857201468	0.0	0	0.0	2402.2335058774333	1	0	1	1.8003909602425605
261776.00681226913	2000.0	1626.2266936080835	0.0	0	0.0	2402.2335058774333	1	0	1	1.8003909602425605
262855.8386348312	2000.0	1546.3948710460604	0.0	0	0.0	2402.2335058774333	1	0	1	1.8003909602425587
264179.75467237446	2000.0	1222.4788335027351	0.0	0	0.0	2402.2335058774042	1	0	1	1.8003909602425598
265648.01887627237	2000.0	754.2146296048372	0.0	0	0.0	2402.233505877375	1	0	1	1.8003909602425665
266258.80968212854	1000.0	1143.4238237486388	0.0	0	0.0	2402.233505877375	1	0	1	0.41409659912267627
266908.2060829098	1000.0	1494.0274229674294	0.0	0	0.0	2402.233505877375	1	0	1	1.1072437796826213
267325.1258809308	1000.0	2077.107624946435	0.0	0	0.0	2402.233505877317	1	0	1	1.1072437796826275
268200.0	1000.0	2202.2335058772146	0.0	0	532.0797495163279	2402.2335058772587	1	0	1	1.1072437796826335
269200.0	1000.0	2202.233505877172	0.0	0	538.3534792647115	2402.2335058772587	1	0	1	1.1072437796826335
270200.0	1000.0	2202.2335058771664	0.0	0	408.202404865413	2402.2335058772587	1	0	1	1.1072437796826335
271200.0	1000.0	2202.2335058772096	0.0	0	465.99420406227	2402.2335058772587	1	0	1	1.1072437796826335
272200.0	1000.0	2202.233505877232	0.0	0	522.1562982369214	2402.2335058772587	1	0	1	1.1072437796826335
273200.0	1000.0	2202.233505877236	0.0	0	634.4695456131012	2402.2335058772587	1	0	1	1.1072437796826335
274200.0	1000.0	2202.233505877227	0.0	0	450.9245355934254	2402.2335058772587	1	0	1	1.1072437796826335
275200.0	1000.0	2202.233505877188	0.0	0	656.0744798470987	2402.2335058772587	1	0	1	1.1072437796826335
276200.0	1000.0	2202.2335058771487	0.0	0	526.3541640206822	2402.2335058772005	1	0	1	1.1072437796826395
277200.0	1000.0	2202.2335058772105	0.0	0	393.9505052595632	2402.2335058772005	1	0	1	1.1072437796826395
278200.0	1000.0	2202.2335058771746	0.0	0	678.3133254532004	2402.2335058772005	1	0	1	1.1072437796826395
279200.0	1000.0	2202.233505877161	0.0	0	547.9715023874887	2402.2335058772005	1	0	1	1.1072437796826395
280200.0	1000.0	2202.23350587722	0.0	0	510.42852282430977	2402.2335058772005	1	0	1	1.1072437796826395
281200.0	1000.0	2202.2335058772414	0.0	0	329.58979602210457	2402.2335058772005	1	0	1	1.1072437796826395
282200.0	1000.0	2202.233505877241	0.0	0	543.6774094961584	2402.2335058772005	1	0	1	1.1072437796826395
283200.0	1000.0	2202.2335058772846	0.0	0	639.0046736836666	2402.2335058772587	1	0	1	1.1072437796826335
284200.0	1000.0	2202.2335058772405	0.0	0	612.9380789396819	2402.2335058772587	1	0	1	1.1072437796826335
285200.0	1000.0	2202.2335058772346	0.0	0	578.6471053467831	2402.2335058772587	1	0	1	1.1072437796826335
286200.0	1000.0	2202.2335058771832	0.0	0	511.7596211261116	2402.2335058772587	1	0	1	1.1072437796826335
287200.0	1000.0	2202.2335058771746	0.0	0	597.8397048924817	2402.2335058772005	1	0	1	1.1072437796826395
288200.0	1000.0	2202.233505877226	0.0	0	540.5889373753453	2402.2335058772005	1	0	1	1.1072437796826395
289200.0	1000.0	2202.233505877186	0.0	0	343.65189173381077	2402.2335058772005	1	0	1	1.1072437796826395
290200.0	1000.0	2202.2335058771796	0.0	0	147.11553616734454	2402.2335058772005	1	0	1	1.1072437796826395
291450.9336465746	2000.0	1951.2998593026143	0.0	0	0.0	2402.2335058772005	1	0	1	1.1072437796826395
292500.28722359135	2000.0	1901.9462822858736	0.0	0	0.0	2402.2335058771423	1	0	1	1.8003909602425907
294195.99474330724	2000.0	1206.2387625699962	0.0	0	0.0	2402.2335058771423	1	0	1	1.8003909602425907
294746.14268238726	1000.0	1656.0908234899834	0.0	0	0.0	2402.2335058771423	1	0	1	0.41409659912270036
295231.6473253213	1000.0	2170.586180555976	0.0	0	0.0	2402.2335058771423	1	0	1	1.1072437796826455
296200.0	1000.0	2202.2335058772337	0.0	0	645.0189644773491	2402.233505877084	1	0	1	1.1072437796826515
297200.0	1000.0	2202.233505877274	0.0	0	616.0506228508311	2402.2335058771423	1	0	1	1.1072437796826455
298200.0	1000.0	2202.2335058772846	0.0	0	567.7032603301341	2402.2335058771423	1	0	1	1.1072437796826455
299200.0	1000.0	2202.2335058773247	0.0	0	499.26905740244547	2402.2335058771423	1	0	1	1.1072437796826455
300200.0	1000.0	2202.233505877318	0.0	0	469.0785071091377	2402.2335058771423	1	0	1	1.1072437796826455
2.2	3.22	3.46	1.89	1.86	1.67	1.66	1.48	1.6	2.12	2.99	2.72	2.37	2.75	1.81	1.71	1.02	0.97	1.27	1.07	1.66	1.96	2.92	1.38	2.18	2.34	1.93	1.95	1.29	1.46	2.12	3.05	2.8	2.18	2.05	1.54	1.63	2.28	1.67	1.33	1.36	1.97	1.45	1.86	2.03	2.0	3.56	3.22	1.6	1.51	2.42	2.14	1.67	1.99	3.13	2.0	2.32	1.86	1.41	1.61	2.17	2.54	3.09	2.71	2.5	2.87	2.72	2.84	2.44	1.77	1.23	1.91	1.33	2.27	3.0	1.82	2.39	2.55	0.88	2.47	1.78	2.24	2.04	2.88	1.45	1.7	2.47	2.81	3.12	2.92	1.9	2.5	2.97	2.02	3.13	1.34	2.35	3.22	1.98	2.25	1.95	3.93	3.04	2.81	1.24	1.54	2.35	2.18	2.09	2.43	1.99	1.11	1.46	1.51	2.55	3.04	1.19	1.75	2.4	2.24	2.18	2.73	1.96	2.11	2.54	2.85	2.22	1.25	2.0	3.07	2.2	2.54	2.27	2.29	3.19	2.13	1.37	1.39	1.75	1.39	1.32	1.02	2.39	2.86	2.49	1.77	2.27	2.42	2.07	2.27	2.2	3.22	3.46	1.89	1.86	1.67	1.66	1.48	1.6	2.12	2.99	2.72	2.37	2.75	1.81	1.71	1.02	0.97	1.27	1.07	1.66	1.96	2.92	1.38	2.18	2.34	1.93	1.95	1.29	1.46	2.12	3.05	2.8	2.18	2.05	1.54	1.63	2.28	1.67	1.33	1.36	1.97	1.45	1.86	2.03	2.0	3.56	3.22	1.6	1.51	2.42	2.14	1.67	1.99	3.13	2.0	2.32	1.86	1.41	1.61	2.17	2.54	3.09	2.71	2.5	2.87	2.72	2.84	2.44	1.77	1.23	1.91	1.33	2.27	3.0	1.82	2.39	2.55	0.88	2.47	1.78	2.24	2.04	2.88	1.45	1.7	2.47	2.81	3.12	2.92	1.9	2.5	2.97	2.02	3.13	1.34	2.35	3.22	1.98	2.25	1.95	3.93	3.04	2.81	1.24	1.54	2.35	2.18	2.09	2.43	1.99	1.11	1.46	1.51	2.55	3.04	1.19	1.75	2.4	2.24	2.18	2.73	1.96	2.11	2.54	2.85	2.22	1.25	2.0	3.07	2.2	2.54	2.27	2.29	3.19	2.13	1.37	1.39	1.75	1.39	1.32	1.02	2.39	2.86	2.49	1.77	2.27	2.42	2.07	2.27	2.2
1.0	2.0	3.0	4.0	5.0	6.0	7.0	8.0	9.0	10.0	11.0	12.0	13.0	14.0	15.0	16.0	17.0	18.0	19.0	20.0	21.0	22.0	23.0	24.0	25.0	26.0	27.0	28.0	29.0	30.0	31.0	32.0	33.0	34.0	35.0	36.0	37.0	38.0	39.0	40.0	41.0	42.0	43.0	44.0	45.0	46.0	47.0	48.0	49.0	50.0	51.0	52.0	53.0	54.0	55.0	56.0	57.0	58.0	59.0	60.0	61.0	62.0	63.0	64.0	65.0	66.0	67.0	68.0	69.0	70.0	71.0	72.0	73.0	74.0	75.0	76.0	77.0	78.0	79.0	80.0	81.0	82.0	83.0	84.0	85.0	86.0	87.0	88.0	89.0	90.0	91.0	92.0	93.0	94.0	95.0	96.0	97.0	98.0	99.0	100.0	101.0	102.0	103.0	104.0	105.0	106.0	107.0	108.0	109.0	110.0	111.0	112.0	113.0	114.0	115.0	116.0	117.0	118.0	119.0	120.0	121.0	122.0	123.0	124.0	125.0	126.0	127.0	128.0	129.0	130.0	131.0	132.0	133.0	134.0	135.0	136.0	137.0	138.0	139.0	140.0	141.0	142.0	143.0	144.0	145.0	146.0	147.0	148.0	149.0	149.0	150.0	151.0	152.0	153.0	154.0	155.0	156.0	157.0	158.0	159.0	160.0	161.0	162.0	163.0	164.0	165.0	166.0	167.0	168.0	169.0	170.0	171.0	172.0	173.0	174.0	175.0	176.0	177.0	178.0	179.0	180.0	181.0	182.0	183.0	184.0	185.0	186.0	187.0	188.0	189.0	190.0	191.0	192.0	193.0	194.0	195.0	196.0	197.0	198.0	199.0	200.0	201.0	202.0	203.0	204.0	205.0	206.0	207.0	208.0	209.0	210.0	211.0	212.0	213.0	214.0	215.0	216.0	217.0	218.0	219.0	220.0	221.0	222.0	223.0	224.0	225.0	226.0	227.0	228.0	229.0	230.0	231.0	232.0	233.0	234.0	235.0	236.0	237.0	238.0	239.0	240.0	241.0	242.0	243.0	244.0	245.0	246.0	247.0	248.0	249.0	250.0	251.0	252.0	253.0	254.0	255.0	256.0	257.0	258.0	259.0	260.0	261.0	262.0	263.0	264.0	265.0	266.0	267.0	268.0	269.0	270.0	271.0	272.0	273.0	274.0	275.0	276.0	277.0	278.0	279.0	280.0	281.0	282.0	283.0	284.0	285.0	286.0	287.0	288.0	289.0	290.0	291.0	292.0	293.0	294.0	295.0	296.0	297.0	298.0	298.0	299.0
3558.0205759885685
