4607.724832442857	300.0	2000.0	187.56398259387026	0	0.0	4607.724832442857	1	0	1	-1.8877517374337194
4780.868428029844	300.0	2809.5420448543146	0.0	0	0.0	4590.4104728841585	1	0	2	-1.1776762273313013
5014.684154866011	300.0	3552.344745334531	0.0	0	0.0	4567.028900200542	1	0	2	-0.9637710646687674
5244.18348989722	300.0	4299.895476800201	0.0	0	0.0	4544.0789666974215	1	0	2	-0.9498556578142572
6200.0	500.0	4248.497315687146	0.0	0	534.0194763524505	4448.497315687144	1	0	2	-0.9124364899651538
7200.0	500.0	4148.4973156871465	0.0	0	733.7852993941151	4348.497315687144	1	0	2	-0.34495230446213365
8200.0	500.0	4048.497315687146	0.0	0	629.1289702140875	4248.497315687144	1	0	2	-0.2913034104368466
9200.0	500.0	3948.497315687144	0.0	0	758.5477039511916	4148.497315687143	1	0	2	-0.24124922262737153
10200.0	1000.0	3848.497315687142	0.0	0	592.2947215015229	4048.497315687141	1	0	2	-0.19454507762630308
11200.0	1000.0	3748.4973156871424	0.0	0	422.74644086524495	3948.49731568714	1	0	2	0.542433716961155
12200.0	1000.0	3648.4973156871424	0.0	0	555.9320134902573	3848.49731568714	1	0	2	0.5820709303029831
13200.0	1000.0	3548.497315687144	0.0	0	468.7082769110566	3748.49731568714	1	0	2	0.6195001982279557
14200.0	1000.0	3448.497315687145	0.0	0	609.5123678343243	3648.497315687142	1	0	2	0.653102805265555
15200.0	1000.0	3348.4973156871447	0.0	0	706.7230440848161	3548.497315687142	1	0	2	0.6845633265765005
16200.0	1000.0	3248.4973156871465	0.0	0	432.61452711321726	3448.497315687144	1	0	2	0.7141079315974599
17200.0	1000.0	3148.497315687146	0.0	0	434.98918422130373	3348.4973156871456	1	0	2	0.7405820241466429
18200.0	1000.0	3048.4973156871415	0.0	0	717.9234143332797	3248.497315687142	1	0	2	0.7645894272308162
19200.0	2000.0	2948.4973156871415	0.0	0	154.86704170826852	3148.497315687144	1	0	2	0.7884707774330222
20200.0	2000.0	2848.497315687143	0.0	0	95.7665791700274	3048.4973156871492	1	0	2	1.5021722792093972
21200.0	2000.0	2748.497315687142	0.0	0	269.89632229740164	2948.4973156871456	1	0	2	1.5199716912582106
22200.0	2000.0	2648.497315687141	0.0	0	194.01888505249008	2848.497315687142	1	0	2	1.5375617992722703
23200.0	2000.0	2548.4973156871365	0.0	0	414.6615807074413	2748.497315687142	1	0	2	1.5523407606718913
24200.0	2000.0	2448.4973156871374	0.0	0	333.5428830512392	2648.4973156871456	1	0	2	1.5667256401246967
25552.007597365333	2000.0	1961.2889585852727	0.0	0	0.0	2513.2965559506047	1	0	2	1.5841604716952893
26437.5480448513	2000.0	1987.1944663507104	0.0	0	0.0	2424.74251120201	1	0	2	1.5957189844328974
27821.770102346763	2000.0	1464.5502031057006	0.0	0	0.0	2286.32030545246	1	0	2	1.6084345963862594
28986.265091688667	2000.0	1183.6057148296077	0.0	0	0.0	2169.870806518269	1	0	2	1.6191122921224699
30311.72085918515	2000.0	858.149947333125	0.0	0	0.0	2169.870806518269	1	0	1	1.6220279332639354
31075.87925089544	2000.0	1093.991555622838	0.0	0	0.0	2169.870806518269	1	0	1	1.8220279332639355
32177.5707690818	2000.0	992.3000374364746	0.0	0	0.0	2169.870806518269	1	0	1	1.8220279332639355
32847.61043311179	1000.0	1322.2603734064921	0.0	0	0.0	2169.8708065182727	1	0	1	0.43573357214404534
33291.06381327784	1000.0	1878.8069932404337	0.0	0	0.0	2169.8708065182655	1	0	1	1.1288807527039908
34200.0	1000.0	1969.87080651827	0.0	0	175.1699299191896	2169.8708065182655	1	0	1	1.128880752703991
35200.0	1000.0	1969.8708065182727	0.0	0	226.95858534532454	2169.8708065182655	1	0	1	1.1288807527039908
36200.0	1000.0	1969.870806518271	0.0	0	205.74713918165799	2169.8708065182655	1	0	1	1.1288807527039908
37200.0	1000.0	1969.87080651827	0.0	0	625.6538363618529	2169.8708065182655	1	0	1	1.1288807527039908
38200.0	1000.0	1969.870806518279	0.0	0	604.6821279528667	2169.8708065182655	1	0	1	1.1288807527039908
39200.0	1000.0	1969.870806518281	0.0	0	493.5096098975919	2169.8708065182655	1	0	1	1.1288807527039908
40200.0	1000.0	1969.870806518279	0.0	0	581.3605314613014	2169.870806518258	1	0	1	1.1288807527039915
41200.0	1000.0	1969.870806518281	0.0	0	675.1828861400718	2169.870806518258	1	0	1	1.1288807527039915
42200.0	1000.0	1969.870806518281	0.0	0	514.068027756206	2169.870806518258	1	0	1	1.1288807527039915
43200.0	1000.0	1969.8708065182727	0.0	0	381.891892937434	2169.870806518258	1	0	1	1.1288807527039915
44200.0	1000.0	1969.8708065182695	0.0	0	660.9904812422756	2169.8708065182655	1	0	1	1.1288807527039908
45440.49395302089	2000.0	1729.37685349738	0.0	0	0.0	2169.8708065182655	1	0	1	1.1288807527039908
46200.0	2000.0	1969.8708065182618	0.0	0	79.12787713262514	2169.8708065182655	1	0	1	1.8220279332639362
47473.41758988809	2000.0	1696.4532166301644	0.0	0	0.0	2169.870806518258	1	0	1	1.8220279332639366
48269.5404200339	2000.0	1900.3303864843547	0.0	0	0.0	2169.870806518258	1	0	1	1.8220279332639366
49200.0	2000.0	1969.8708065182518	0.0	0	5.073300056057633	2169.870806518258	1	0	1	1.8220279332639366
50636.74152843185	2000.0	1533.1292780864012	0.0	0	0.0	2169.870806518258	1	0	1	1.8220279332639366
51758.3862599188	2000.0	1411.484546599444	0.0	0	0.0	2169.870806518258	1	0	1	1.8220279332639366
52454.298654849015	2000.0	1715.572151669226	0.0	0	0.0	2169.870806518251	1	0	1	1.822027933263937
53200.0	2000.0	1969.8708065182436	0.0	0	114.05688540516712	2169.870806518251	1	0	1	1.822027933263937
54200.0	2000.0	1969.8708065182445	0.0	0	310.4009244920526	2169.870806518251	1	0	1	1.822027933263937
55200.0	2000.0	1969.8708065182395	0.0	0	230.5412124025097	2169.870806518251	1	0	1	1.822027933263937
56200.0	2000.0	1969.8708065182404	0.0	0	269.61088508668763	2169.870806518251	1	0	1	1.822027933263937
57200.0	2000.0	1969.8708065182393	0.0	0	62.303935454488965	2169.870806518258	1	0	1	1.8220279332639366
58376.82157161022	2000.0	1793.0492349080218	0.0	0	0.0	2169.870806518258	1	0	1	1.8220279332639366
59230.23115951812	2000.0	1939.6396470001214	0.0	0	0.0	2169.870806518258	1	0	1	1.8220279332639366
60200.0	2000.0	1969.8708065182363	0.0	0	290.9465745321504	2169.870806518251	1	0	1	1.822027933263937
61215.116729775415	2000.0	1954.7540767428118	0.0	0	0.0	2169.870806518251	1	0	1	1.822027933263937
62200.0	2000.0	1969.870806518229	0.0	0	300.00745727095637	2169.870806518251	1	0	1	1.822027933263937
63200.0	2000.0	1969.87080651823	0.0	0	193.8362068917413	2169.870806518251	1	0	1	1.822027933263937
64400.25634574279	2000.0	1769.6144607754468	0.0	0	0.0	2169.870806518251	1	0	1	1.822027933263937
65200.0	2000.0	1969.8708065182398	0.0	0	12.792209543040371	2169.870806518251	1	0	1	1.822027933263937
66427.2867548766	2000.0	1742.58405164165	0.0	0	0.0	2169.870806518258	1	0	1	1.822027933263937
67519.68137623559	2000.0	1650.1894302826622	0.0	0	0.0	2169.8708065182727	1	0	1	1.822027933263936
68601.51043032855	2000.0	1568.3603761896995	0.0	0	0.0	2169.870806518258	1	0	1	1.8220279332639366
69348.05532691571	2000.0	1821.815479602551	0.0	0	0.0	2169.8708065182873	1	0	1	1.8220279332639349
70200.0	2000.0	1969.870806518268	0.0	0	69.9920242610533	2169.8708065182873	1	0	1	1.8220279332639342
71200.0	2000.0	1969.8708065182618	0.0	0	114.03390584039153	2169.870806518302	1	0	1	1.822027933263933
72200.0	2000.0	1969.8708065182677	0.0	0	84.98194756198791	2169.8708065182873	1	0	1	1.8220279332639342
73324.71916999291	2000.0	1845.1516365253597	0.0	0	0.0	2169.870806518302	1	0	1	1.822027933263933
74200.0	2000.0	1969.8708065182718	0.0	0	102.0918242862972	2169.8708065183164	1	0	1	1.8220279332639318
75200.0	2000.0	1969.8708065182636	0.0	0	354.9117066003382	2169.8708065183164	1	0	1	1.8220279332639318
76200.0	2000.0	1969.8708065182727	0.0	0	465.2438353113539	2169.8708065183164	1	0	1	1.8220279332639318
77200.0	2000.0	1969.8708065182755	0.0	0	59.38338200830913	2169.8708065183164	1	0	1	1.8220279332639318
78307.29904250643	2000.0	1862.571764011863	0.0	0	0.0	2169.8708065183164	1	0	1	1.8220279332639318
79296.65305679564	2000.0	1873.2177497226642	0.0	0	0.0	2169.8708065183164	1	0	1	1.8220279332639318
80200.0	2000.0	1969.870806518306	0.0	0	242.59213514026487	2169.8708065183164	1	0	1	1.8220279332639318
81200.0	2000.0	1969.870806518311	0.0	0	374.06651430499915	2169.8708065183164	1	0	1	1.8220279332639318
82200.0	2000.0	1969.87080651832	0.0	0	265.4976543719531	2169.870806518302	1	0	1	1.822027933263933
83200.0	2000.0	1969.8708065183146	0.0	0	265.8952562631166	2169.870806518302	1	0	1	1.822027933263933
84200.0	2000.0	1969.8708065183146	0.0	0	95.36836844857316	2169.870806518302	1	0	1	1.822027933263933
85200.0	2000.0	1969.8708065183027	0.0	0	215.57284162424912	2169.870806518302	1	0	1	1.822027933263933
86200.0	2000.0	1969.8708065183114	0.0	0	365.95692212363065	2169.870806518302	1	0	1	1.822027933263933
87200.0	2000.0	1969.8708065182982	0.0	0	210.0422587666253	2169.870806518302	1	0	1	1.822027933263933
88200.0	2000.0	1969.8708065182982	0.0	0	99.38169593570638	2169.870806518302	1	0	1	1.822027933263933
89200.0	2000.0	1969.8708065183037	0.0	0	106.48508377374674	2169.870806518302	1	0	1	1.822027933263933
90200.0	2000.0	1969.8708065183146	0.0	0	274.82110060882405	2169.870806518302	1	0	1	1.822027933263933
91858.82480955882	2000.0	1311.0459969594847	0.0	0	0.0	2169.870806518302	1	0	1	1.822027933263933
93068.91916571026	2000.0	1100.9516408080526	0.0	0	0.0	2169.870806518302	1	0	1	1.822027933263933
93707.32027890133	2000.0	1462.5505276169943	0.0	0	0.0	2169.870806518302	1	0	1	1.822027933263933
94393.88614153219	2000.0	1775.9846649861304	0.0	0	0.0	2169.870806518302	1	0	1	1.822027933263933
95602.6232902343	2000.0	1567.2475162840365	0.0	0	0.0	2169.8708065183164	1	0	1	1.8220279332639318
96552.10595863794	2000.0	1617.76484788039	0.0	0	0.0	2169.870806518302	1	0	1	1.822027933263933
97894.79925828063	2000.0	1275.0715482376934	0.0	0	0.0	2169.870806518302	1	0	1	1.822027933263933
98904.21836121846	2000.0	1265.652445299845	0.0	0	0.0	2169.870806518302	1	0	1	1.822027933263933
99740.75886540438	1000.0	1429.1119411139218	0.0	0	0.0	2169.870806518302	1	0	1	0.4357335721440426
100368.86490597062	1000.0	1801.0059005476817	0.0	0	0.0	2169.870806518302	1	0	1	1.1288807527039877
101200.0	1000.0	1969.8708065183073	0.0	0	234.83874806491076	2169.870806518302	1	0	1	1.1288807527039877
102311.57094560172	1000.0	1858.2998609165766	0.0	0	0.0	2169.870806518302	1	0	1	1.1288807527039877
103200.0	1000.0	1969.8708065182936	0.0	0	411.7247336124856	2169.8708065182873	1	0	1	1.128880752703989
104200.0	1000.0	1969.87080651829	0.0	0	212.164983585375	2169.8708065182727	1	0	1	1.1288807527039904
105200.0	1000.0	1969.870806518284	0.0	0	368.5333551774529	2169.870806518258	1	0	1	1.1288807527039915
106200.0	1000.0	1969.8708065182764	0.0	0	554.5636376495531	2169.870806518258	1	0	1	1.1288807527039915
107200.0	1000.0	1969.8708065182545	0.0	0	706.2319110126264	2169.870806518258	1	0	1	1.1288807527039915
108200.0	1000.0	1969.8708065182468	0.0	0	331.8530475823063	2169.870806518258	1	0	1	1.1288807527039915
109200.0	1000.0	1969.8708065182545	0.0	0	478.2821115672559	2169.870806518258	1	0	1	1.1288807527039915
110200.0	1000.0	1969.8708065182573	0.0	0	356.79578623706766	2169.870806518258	1	0	1	1.1288807527039915
111200.0	1000.0	1969.870806518271	0.0	0	39.387970432959264	2169.870806518258	1	0	1	1.1288807527039915
112200.0	1000.0	1969.8708065182664	0.0	0	415.88047763374925	2169.870806518258	1	0	1	1.1288807527039915
113200.0	1000.0	1969.8708065182627	0.0	0	505.35093368188245	2169.870806518258	1	0	1	1.1288807527039915
114200.0	1000.0	1969.8708065182623	0.0	0	549.9574663798849	2169.8708065182727	1	0	1	1.1288807527039904
115200.0	1000.0	1969.8708065182586	0.0	0	398.7941261533124	2169.8708065182727	1	0	1	1.1288807527039904
116200.0	1000.0	1969.8708065182532	0.0	0	541.8524816231802	2169.8708065182727	1	0	1	1.1288807527039904
117200.0	1000.0	1969.8708065182473	0.0	0	528.6988970392558	2169.8708065182727	1	0	1	1.1288807527039904
118490.78948739046	1000.0	1679.0813191277946	0.0	0	0.0	2169.8708065182873	1	0	1	1.128880752703989
119200.0	1000.0	1969.8708065182518	0.0	0	149.02219868697284	2169.8708065182873	1	0	1	1.128880752703989
120200.0	1000.0	1969.870806518249	0.0	0	616.7543019196892	2169.8708065182873	1	0	1	1.128880752703989
121200.0	1000.0	1969.8708065182564	0.0	0	683.3163564599527	2169.8708065182873	1	0	1	1.128880752703989
122200.0	1000.0	1969.8708065182736	0.0	0	376.3427372756123	2169.8708065182873	1	0	1	1.128880752703989
123200.0	1000.0	1969.8708065182846	0.0	0	641.2200374007662	2169.8708065182873	1	0	1	1.128880752703989
124348.93071641476	2000.0	1820.9400901035203	0.0	0	0.0	2169.8708065182873	1	0	1	1.128880752703989
125200.0	1000.0	1969.8708065182773	0.0	0	334.6974432034476	2169.8708065182727	1	0	1	0.43573357214404507
126200.0	1000.0	1969.87080651828	0.0	0	580.7059789149644	2169.8708065182727	1	0	1	1.1288807527039904
127200.0	1000.0	1969.8708065182727	0.0	0	484.0847073289915	2169.8708065182727	1	0	1	1.1288807527039904
128200.0	1000.0	1969.8708065182796	0.0	0	315.00942286857753	2169.8708065182727	1	0	1	1.1288807527039904
129200.0	2000.0	1969.8708065182882	0.0	0	254.8809929406416	2169.8708065182727	1	0	1	1.1288807527039901
130200.0	2000.0	1969.8708065182827	0.0	0	87.47727711254265	2169.8708065182727	1	0	1	1.8220279332639353
131200.0	2000.0	1969.8708065182973	0.0	0	398.4938154386473	2169.8708065182727	1	0	1	1.8220279332639353
132685.11247776204	2000.0	1484.7583287562402	0.0	0	0.0	2169.8708065182727	1	0	1	1.822027933263935
133789.2952604231	2000.0	1380.5755460951625	0.0	0	0.0	2169.8708065182727	1	0	1	1.8220279332639353
134649.8959797535	2000.0	1519.974826764746	0.0	0	0.0	2169.8708065182436	1	0	1	1.8220279332639373
135892.10424539607	2000.0	1277.7665611222042	0.0	0	0.0	2169.8708065182436	1	0	1	1.8220279332639377
137727.71152993134	2000.0	442.1592765869334	0.0	0	0.0	2169.8708065182436	1	0	1	1.8220279332639377
138394.57439472314	1000.0	775.296411795164	0.0	0	0.0	2169.8708065182727	1	0	1	0.43573357214404507
139387.9618228127	2000.0	781.9089837055728	0.0	0	0.0	2169.8708065182727	1	0	1	1.1288807527039901
140508.0469020311	2000.0	661.8239044871815	0.0	0	0.0	2169.870806518302	1	0	1	1.822027933263933
141829.73340966683	2000.0	416.13294878131006	75.99555192983473	0	0.0	2245.86635844814	1	0	1	1.3594981465395442
142336.16154992278	1000.0	909.7048085254028	0.0	0	0.0	2245.86635844814	1	0	1	0.42917709699866224
142932.5091544234	1000.0	1313.3572040248002	0.0	0	0.0	2245.866358448111	1	0	1	1.12232427755861
143758.0707219589	1000.0	1487.795636489281	0.0	0	0.0	2245.866358448111	1	0	1	1.12232427755861
144346.3995444221	1000.0	1899.4668140260617	0.0	0	0.0	2245.866358448111	1	0	1	1.12232427755861
145200.0	1000.0	2045.8663584482083	0.0	0	365.7368270684674	2245.866358448111	1	0	1	1.12232427755861
146200.0	1000.0	2045.86635844818	0.0	0	593.0976439483638	2245.866358448111	1	0	1	1.12232427755861
147200.0	1000.0	2045.8663584481787	0.0	0	483.2477280855819	2245.866358448082	1	0	1	1.1223242775586126
148200.0	1000.0	2045.866358448201	0.0	0	147.70875553166843	2245.866358448082	1	0	1	1.1223242775586126
149200.0	1000.0	2045.866358448207	0.0	0	629.8666543154104	2245.866358448082	1	0	1	1.1223242775586126
150200.0	1000.0	2045.8663584481865	0.0	0	647.4693761838425	2245.866358448082	1	0	1	1.1223242775586126
151200.0	1000.0	2045.8663584481792	0.0	0	633.6398411618429	2245.866358448082	1	0	1	1.1223242775586126
152200.0	1000.0	2045.8663584481824	0.0	0	547.3893599985167	2245.866358448053	1	0	1	1.1223242775586153
153200.0	1000.0	2045.866358448201	0.0	0	431.1225529614312	2245.866358448082	1	0	1	1.1223242775586126
154200.0	1000.0	2045.8663584481628	0.0	0	332.88295532838674	2245.866358448053	1	0	1	1.1223242775586153
155200.0	1000.0	2045.866358448165	0.0	0	429.21633222015225	2245.866358448053	1	0	1	1.1223242775586153
156200.0	1000.0	2045.8663584481628	0.0	0	519.4527036991494	2245.8663584480237	1	0	1	1.1223242775586177
157200.0	1000.0	2045.866358448165	0.0	0	512.041524332366	2245.8663584480237	1	0	1	1.1223242775586177
158200.0	1000.0	2045.866358448196	0.0	0	343.4267662266793	2245.8663584480237	1	0	1	1.1223242775586177
159200.0	2000.0	2045.8663584482038	0.0	0	58.85069775523152	2245.8663584480237	1	0	1	1.1223242775586177
160200.0	2000.0	2045.8663584482365	0.0	0	163.75366645964095	2245.8663584480237	1	0	1	1.815471458118563
161200.0	1000.0	2045.8663584482547	0.0	0	411.06142797289067	2245.8663584480237	1	0	1	0.4291770969986727
162200.0	1000.0	2045.8663584482683	0.0	0	594.0675571909815	2245.8663584480237	1	0	1	1.1223242775586177
163200.0	1000.0	2045.8663584482488	0.0	0	568.0748823138711	2245.8663584479946	1	0	1	1.1223242775586204
164200.0	1000.0	2045.8663584482583	0.0	0	603.2944283348334	2245.8663584479946	1	0	1	1.1223242775586204
165499.69916301378	2000.0	1746.1671954344747	0.0	0	0.0	2245.8663584479946	1	0	1	1.1223242775586204
166332.19747803436	2000.0	1913.668880413913	0.0	0	0.0	2245.8663584480237	1	0	1	1.8154714581185645
167200.0	2000.0	2045.866358448266	0.0	0	343.5263612777926	2245.8663584480237	1	0	1	1.815471458118563
168273.51158830556	2000.0	1972.3547701427474	0.0	0	0.0	2245.866358448053	1	0	1	1.8154714581185625
169200.0	2000.0	2045.8663584483281	0.0	0	1.2567104756599292	2245.866358448053	1	0	1	1.8154714581185603
170200.0	2000.0	2045.8663584482942	0.0	0	293.57524620404	2245.866358448053	1	0	1	1.8154714581185603
171200.0	2000.0	2045.8663584483038	0.0	0	336.2218945529894	2245.866358448082	1	0	1	1.8154714581185578
172200.0	2000.0	2045.8663584482942	0.0	0	175.03814137290465	2245.866358448082	1	0	1	1.8154714581185578
173246.800653961	2000.0	1999.0657044872823	0.0	0	0.0	2245.86635844814	1	0	1	1.8154714581185547
174502.94005008374	2000.0	1742.9263083645683	0.0	0	0.0	2245.866358448169	1	0	1	1.8154714581185512
175613.534090988	2000.0	1632.332267460312	0.0	0	0.0	2245.866358448169	1	0	1	1.8154714581185498
176731.1176369748	2000.0	1514.7487214734576	0.0	0	0.0	2245.866358448169	1	0	1	1.8154714581185498
177944.0438024814	2000.0	1301.8225559668788	0.0	0	0.0	2245.866358448169	1	0	1	1.8154714581185498
179190.98878982247	2000.0	1054.877568625834	0.0	0	0.0	2245.866358448169	1	0	1	1.8154714581185498
180435.39475836972	2000.0	810.4716000786004	0.0	0	0.0	2245.8663584481983	1	0	1	1.8154714581185474
181360.25710339277	2000.0	885.6092550555275	0.0	0	0.0	2245.8663584481983	1	0	1	1.8154714581185474
182029.28757179136	1000.0	1216.578786656943	0.0	0	0.0	2245.8663584481983	1	0	1	0.429177096998657
182681.6220329517	1000.0	1564.244325496603	0.0	0	0.0	2245.8663584482274	1	0	1	1.1223242775585995
183200.0	1000.0	2045.8663584482983	0.0	0	33.356653967435705	2245.8663584482274	1	0	1	1.1223242775585995
184200.0	1000.0	2045.8663584483284	0.0	0	191.04269370203838	2245.8663584482274	1	0	1	1.1223242775585995
185200.0	1000.0	2045.8663584483552	0.0	0	270.51082764126477	2245.8663584482274	1	0	1	1.1223242775585995
186200.0	1000.0	2045.8663584483738	0.0	0	635.8769667839224	2245.8663584482274	1	0	1	1.1223242775585995
187200.0	1000.0	2045.8663584484011	0.0	0	540.9760030125035	2245.8663584482274	1	0	1	1.1223242775585995
188200.0	1000.0	2045.8663584484211	0.0	0	537.9861994098756	2245.8663584482274	1	0	1	1.1223242775585995
189200.0	1000.0	2045.8663584484352	0.0	0	556.1883594941173	2245.8663584482565	1	0	1	1.122324277558597
190200.0	1000.0	2045.8663584484325	0.0	0	703.8605735034798	2245.8663584482274	1	0	1	1.1223242775585995
191200.0	1000.0	2045.8663584484007	0.0	0	511.5022853082046	2245.8663584482274	1	0	1	1.1223242775585995
192200.0	1000.0	2045.8663584483838	0.0	0	396.8523544646159	2245.8663584482274	1	0	1	1.1223242775585995
193200.0	1000.0	2045.8663584483884	0.0	0	530.0340244414983	2245.8663584482274	1	0	1	1.1223242775585995
194339.23478093682	2000.0	1906.6315775115338	0.0	0	0.0	2245.8663584482565	1	0	1	1.1223242775585969
195236.18047009574	2000.0	2009.6858883526309	0.0	0	0.0	2245.8663584482274	1	0	1	1.8154714581185447
196598.83148953688	2000.0	1647.0348689114837	0.0	0	0.0	2245.8663584482274	1	0	1	1.8154714581185447
197679.76597508672	2000.0	1566.1003833616298	0.0	0	0.0	2245.8663584482274	1	0	1	1.8154714581185447
199027.525138823	2000.0	1218.3412196253876	0.0	0	0.0	2245.8663584482274	1	0	1	1.8154714581185447
199991.34125627385	2000.0	1254.5251021745162	0.0	0	0.0	2245.8663584482274	1	0	1	1.8154714581185447
200605.31925642703	2000.0	1640.5471020212879	0.0	0	0.0	2245.8663584481983	1	0	1	1.8154714581185474
201392.1130159986	2000.0	1853.7533424497558	0.0	0	0.0	2245.8663584481983	1	0	1	1.8154714581185474
202200.0	2000.0	2045.8663584483702	0.0	0	247.38342908534105	2245.8663584481983	1	0	1	1.8154714581185474
203200.0	2000.0	2045.866358448407	0.0	0	448.7878674007952	2245.8663584482274	1	0	1	1.8154714581185447
204200.0	2000.0	2045.8663584483766	0.0	0	481.5943042887666	2245.8663584482274	1	0	1	1.8154714581185447
205200.0	2000.0	2045.8663584483647	0.0	0	536.9392733337008	2245.8663584482274	1	0	1	1.8154714581185447
206344.00760736468	2000.0	1901.858751083706	0.0	0	0.0	2245.8663584482274	1	0	1	1.8154714581185447
207200.0	2000.0	2045.8663584483738	0.0	0	31.714523140137317	2245.8663584482274	1	0	1	1.8154714581185447
208268.40384053104	2000.0	1977.4625179173381	0.0	0	0.0	2245.8663584481983	1	0	1	1.8154714581185474
209200.0	2000.0	2045.8663584484075	0.0	0	178.83649036774295	2245.8663584481983	1	0	1	1.8154714581185474
210200.0	2000.0	2045.8663584483988	0.0	0	401.37998614893877	2245.8663584481983	1	0	1	1.8154714581185474
211200.0	2000.0	2045.8663584484038	0.0	0	198.09661797093577	2245.8663584481983	1	0	1	1.8154714581185474
212350.81277930606	2000.0	1895.053579142356	0.0	0	0.0	2245.8663584481983	1	0	1	1.8154714581185474
213558.97232712538	2000.0	1686.8940313229878	0.0	0	0.0	2245.866358448169	1	0	1	1.8154714581185498
214368.88974060168	2000.0	1876.9766178466848	0.0	0	0.0	2245.86635844814	1	0	1	1.8154714581185525
215644.89977415494	2000.0	1600.966584293441	0.0	0	0.0	2245.866358448169	1	0	1	1.8154714581185498
216910.5686876519	2000.0	1335.2976707964813	0.0	0	0.0	2245.866358448169	1	0	1	1.8154714581185498
217648.53869536135	2000.0	1597.3276630870605	0.0	0	0.0	2245.8663584481983	1	0	1	1.8154714581185474
218864.3383990972	2000.0	1381.5279593511889	0.0	0	0.0	2245.8663584481983	1	0	1	1.8154714581185478
219534.58656145402	2000.0	1711.2797969943829	0.0	0	0.0	2245.8663584481983	1	0	1	1.8154714581185474
220595.32194816656	2000.0	1650.5444102818692	0.0	0	0.0	2245.8663584481983	1	0	1	1.8154714581185474
222039.74104656026	2000.0	1206.125311888158	0.0	0	0.0	2245.866358448169	1	0	1	1.8154714581185494
222785.96212823977	2000.0	1459.9042302086468	0.0	0	0.0	2245.866358448169	1	0	1	1.8154714581185498
223544.16808240928	2000.0	1701.6982760391468	0.0	0	0.0	2245.866358448169	1	0	1	1.8154714581185498
224200.0	2000.0	2045.8663584484475	0.0	0	64.02702548663365	2245.866358448169	1	0	1	1.8154714581185498
225200.0	2000.0	2045.8663584484648	0.0	0	210.76485473764478	2245.8663584481983	1	0	1	1.8154714581185474
226200.0	2000.0	2045.8663584484616	0.0	0	407.58272380614653	2245.8663584481983	1	0	1	1.8154714581185474
227200.0	2000.0	2045.8663584484398	0.0	0	62.020091732236324	2245.8663584481983	1	0	1	1.8154714581185474
228269.8700301402	2000.0	1975.9963283082416	0.0	0	0.0	2245.866358448169	1	0	1	1.815471458118548
229273.85229638938	2000.0	1972.0140620591014	0.0	0	0.0	2245.866358448169	1	0	1	1.8154714581185498
230200.0	2000.0	2045.8663584484616	0.0	0	127.68626598568517	2245.86635844814	1	0	1	1.8154714581185525
231305.826567592	2000.0	1940.0397908564623	0.0	0	0.0	2245.86635844814	1	0	1	1.8154714581185525
232239.6406899241	2000.0	2006.2256685243724	0.0	0	0.0	2245.866358448169	1	0	1	1.8154714581185498
233200.0	2000.0	2045.8663584484702	0.0	0	18.785174443240976	2245.8663584481983	1	0	1	1.8154714581185474
234200.0	2000.0	2045.8663584484702	0.0	0	9.18959170053131	2245.8663584481983	1	0	1	1.8154714581185494
235200.0	2000.0	2045.8663584484589	0.0	0	4.491897489584517	2245.8663584481983	1	0	1	1.8154714581185494
236200.0	2000.0	2045.8663584484602	0.0	0	137.6129214487446	2245.866358448169	1	0	1	1.8154714581185498
237200.0	2000.0	2045.8663584484702	0.0	0	162.69646405568346	2245.866358448169	1	0	1	1.8154714581185498
238200.0	2000.0	2045.8663584484711	0.0	0	311.9125501261733	2245.866358448169	1	0	1	1.8154714581185498
239200.0	2000.0	2045.8663584484702	0.0	0	81.11784544371767	2245.866358448169	1	0	1	1.8154714581185498
240503.56305132344	2000.0	1742.3033071250252	0.0	0	0.0	2245.866358448169	1	0	1	1.8154714581185498
241479.363421191	2000.0	1766.502937257451	0.0	0	0.0	2245.866358448169	1	0	1	1.8154714581185498
242531.13443670137	2000.0	1714.7319217471033	0.0	0	0.0	2245.866358448169	1	0	1	1.8154714581185498
243344.42231155268	2000.0	1901.4440468957735	0.0	0	0.0	2245.866358448169	1	0	1	1.8154714581185498
244661.6043317433	2000.0	1584.2620267051743	0.0	0	0.0	2245.866358448169	1	0	1	1.8154714581185498
245828.17959820686	2000.0	1417.6867602416107	0.0	0	0.0	2245.866358448169	1	0	1	1.8154714581185498
246992.38091370623	2000.0	1253.485444742258	0.0	0	0.0	2245.866358448169	1	0	1	1.8154714581185498
247503.38736245027	1000.0	1742.4789959982033	0.0	0	0.0	2245.866358448169	1	0	1	0.42917709699865964
248239.6448540839	1000.0	2006.2215043645874	0.0	0	0.0	2245.866358448169	1	0	1	1.1223242775586049
249200.0	1000.0	2045.8663584484561	0.0	0	69.67472133823321	2245.866358448169	1	0	1	1.1223242775586049
250200.0	1000.0	2045.8663584484766	0.0	0	495.63517913303804	2245.866358448169	1	0	1	1.1223242775586049
251344.20994121776	1000.0	1901.656417230769	0.0	0	0.0	2245.866358448169	1	0	1	1.1223242775586049
252200.0	1000.0	2045.866358448519	0.0	0	268.58712132950313	2245.866358448169	1	0	1	1.1223242775586049
253200.0	1000.0	2045.8663584485103	0.0	0	245.85990966504323	2245.866358448169	1	0	1	1.1223242775586049
254200.0	1000.0	2045.8663584485303	0.0	0	612.0675037467445	2245.866358448169	1	0	1	1.1223242775586049
255200.0	1000.0	2045.8663584485244	0.0	0	510.1552803250961	2245.866358448169	1	0	1	1.1223242775586049
256200.0	1000.0	2045.8663584485166	0.0	0	655.9849856128276	2245.866358448169	1	0	1	1.1223242775586049
257200.0	1000.0	2045.8663584485112	0.0	0	330.25191290391376	2245.866358448169	1	0	1	1.1223242775586049
258200.0	1000.0	2045.8663584485025	0.0	0	479.36398316250416	2245.8663584481983	1	0	1	1.1223242775586022
259200.0	1000.0	2045.8663584485075	0.0	0	347.5511617427401	2245.8663584482274	1	0	1	1.1223242775585995
260200.0	1000.0	2045.8663584485107	0.0	0	72.03604567909497	2245.8663584482274	1	0	1	1.1223242775585995
261200.0	1000.0	2045.866358448504	0.0	0	333.48234881905955	2245.8663584482565	1	0	1	1.122324277558597
262200.0	1000.0	2045.8663584485066	0.0	0	430.05911293349345	2245.8663584482856	1	0	1	1.1223242775585944
263200.0	1000.0	2045.8663584484857	0.0	0	631.6130553109106	2245.8663584482856	1	0	1	1.1223242775585922
264200.0	1000.0	2045.866358448502	0.0	0	524.8548332172213	2245.8663584483147	1	0	1	1.1223242775585918
265200.0	1000.0	2045.8663584485512	0.0	0	514.094650833169	2245.8663584482856	1	0	1	1.1223242775585944
266200.0	1000.0	2045.8663584485466	0.0	0	423.5504273158731	2245.8663584482856	1	0	1	1.1223242775585944
267278.7316233697	1000.0	1967.1347350788833	0.0	0	0.0	2245.866358448402	1	0	1	1.122324277558587
268200.0	1000.0	2045.866358448562	0.0	0	299.80361645505764	2245.866358448402	1	0	1	1.122324277558584
269200.0	1000.0	2045.8663584485748	0.0	0	676.0904935739236	2245.8663584484602	1	0	1	1.1223242775585787
270200.0	1000.0	2045.8663584486617	0.0	0	512.3950114484178	2245.8663584485184	1	0	1	1.1223242775585736
271200.0	1000.0	2045.8663584486976	0.0	0	521.5503492542775	2245.8663584485184	1	0	1	1.1223242775585736
272200.0	1000.0	2045.866358448684	0.0	0	573.5151145464042	2245.8663584485184	1	0	1	1.1223242775585736
273200.0	1000.0	2045.8663584486467	0.0	0	509.8388088023057	2245.8663584485184	1	0	1	1.1223242775585736
274200.0	1000.0	2045.8663584486753	0.0	0	268.25571546977153	2245.8663584485184	1	0	1	1.1223242775585736
275200.0	1000.0	2045.866358448694	0.0	0	374.44182902312605	2245.8663584485766	1	0	1	1.1223242775585682
276200.0	1000.0	2045.866358448729	0.0	0	485.42469619825715	2245.8663584485766	1	0	1	1.1223242775585682
277200.0	1000.0	2045.866358448744	0.0	0	526.2550881526549	2245.866358448635	1	0	1	1.1223242775585631
278206.0496452748	2000.0	2039.8167131739742	0.0	0	0.0	2245.866358448635	1	0	1	1.1223242775585631
279200.0	2000.0	2045.8663584487795	0.0	0	178.81890192686114	2245.866358448635	1	0	1	1.8154714581185083
280200.0	2000.0	2045.8663584487217	0.0	0	195.23785476823105	2245.866358448635	1	0	1	1.8154714581185083
281693.95191035984	2000.0	1551.9144480888663	0.0	0	0.0	2245.866358448635	1	0	1	1.8154714581185083
282655.1954638303	2000.0	1590.6708946183185	0.0	0	0.0	2245.8663584485766	1	0	1	1.8154714581185136
283842.4881028125	2000.0	1403.378255636158	0.0	0	0.0	2245.8663584485766	1	0	1	1.8154714581185136
285002.54270270874	2000.0	1243.323655739901	0.0	0	0.0	2245.8663584485766	1	0	1	1.8154714581185136
286386.61749019544	2000.0	859.2488682531916	0.0	0	0.0	2245.8663584485766	1	0	1	1.8154714581185136
286984.8220034662	1000.0	1261.0443549824697	0.0	0	0.0	2245.8663584485766	1	0	1	0.42917709699862316
287551.0615434645	1000.0	1694.8048149841413	0.0	0	0.0	2245.8663584485766	1	0	1	1.1223242775585682
288200.0	1000.0	2045.8663584486112	0.0	0	222.69867012451869	2245.8663584485766	1	0	1	1.1223242775585682
289200.0	2000.0	2045.8663584486367	0.0	0	46.19233666564105	2245.866358448635	1	0	1	1.1223242775585631
290200.0	1000.0	2045.8663584486103	0.0	0	219.61598620697623	2245.866358448635	1	0	1	0.429177096998618
291200.0	1000.0	2045.866358448583	0.0	0	552.4097310431534	2245.866358448635	1	0	1	1.1223242775585631
292200.0	1000.0	2045.8663584485935	0.0	0	211.87590134405764	2245.866358448635	1	0	1	1.1223242775585631
293200.0	1000.0	2045.8663584485466	0.0	0	252.4265390948276	2245.866358448635	1	0	1	1.1223242775585631
294200.0	1000.0	2045.8663584485412	0.0	0	400.6101824970101	2245.866358448693	1	0	1	1.1223242775585578
295200.0	1000.0	2045.8663584486058	0.0	0	667.112788849161	2245.866358448693	1	0	1	1.1223242775585578
296200.0	1000.0	2045.8663584485703	0.0	0	607.1695973979658	2245.866358448693	1	0	1	1.1223242775585578
297200.0	1000.0	2045.866358448582	0.0	0	284.45448241371196	2245.866358448693	1	0	1	1.1223242775585578
298200.0	1000.0	2045.8663584486058	0.0	0	528.5162999416352	2245.866358448693	1	0	1	1.1223242775585578
299200.0	1000.0	2045.8663584486376	0.0	0	549.0005551849026	2245.866358448693	1	0	1	1.1223242775585578
300200.0	1000.0	2045.8663584486094	0.0	0	563.5735941205639	2245.866358448693	1	0	1	1.1223242775585578
1.9	1.64	2.28	2.02	2.15	2.35	1.9	2.07	2.09	2.24	2.84	1.6	2.32	3.46	1.8	2.77	2.9	2.4	2.71	2.27	1.95	1.96	2.05	1.84	1.69	2.02	2.05	2.05	2.03	1.85	1.18	1.66	2.44	2.29	2.85	3.04	2.9	2.33	1.9	2.44	2.06	2.77	1.48	2.55	2.44	1.69	1.93	2.76	2.85	2.81	3.43	3.58	1.89	2.35	1.78	2.48	2.65	2.75	2.07	2.21	2.1	2.27	1.75	2.51	2.54	1.98	2.8	1.95	1.37	3.07	2.71	2.92	2.86	2.34	1.95	2.49	2.68	2.2	2.21	2.32	2.55	2.58	3.06	2.02	2.61	2.12	1.52	1.65	2.32	2.49	2.28	1.91	1.59	2.06	1.9	1.34	2.0	1.02	2.07	1.47	2.2	2.64	3.12	1.96	1.6	1.6	0.88	1.89	2.14	3.01	2.41	1.84	1.69	0.75	1.88	3.08	2.77	2.02	2.56	2.18	1.82	2.06	1.98	1.66	2.28	2.95	3.12	1.46	2.27	2.2	1.97	2.31	0.89	1.69	2.53	1.58	1.49	1.97	1.6	1.74	2.07	2.32	2.03	1.26	2.21	2.49	2.8	2.19	2.2	1.47	1.9	1.64	2.28	2.02	2.15	2.35	1.9	2.07	2.09	2.24	2.84	1.6	2.32	3.46	1.8	2.77	2.9	2.4	2.71	2.27	1.95	1.96	2.05	1.84	1.69	2.02	2.05	2.05	2.03	1.85	1.18	1.66	2.44	2.29	2.85	3.04	2.9	2.33	1.9	2.44	2.06	2.77	1.48	2.55	2.44	1.69	1.93	2.76	2.85	2.81	3.43	3.58	1.89	2.35	1.78	2.48	2.65	2.75	2.07	2.21	2.1	2.27	1.75	2.51	2.54	1.98	2.8	1.95	1.37	3.07	2.71	2.92	2.86	2.34	1.95	2.49	2.68	2.2	2.21	2.32	2.55	2.58	3.06	2.02	2.61	2.12	1.52	1.65	2.32	2.49	2.28	1.91	1.59	2.06	1.9	1.34	2.0	1.02	2.07	1.47	2.2	2.64	3.12	1.96	1.6	1.6	0.88	1.89	2.14	3.01	2.41	1.84	1.69	0.75	1.88	3.08	2.77	2.02	2.56	2.18	1.82	2.06	1.98	1.66	2.28	2.95	3.12	1.46	2.27	2.2	1.97	2.31	0.89	1.69	2.53	1.58	1.49	1.97	1.6	1.74	2.07	2.32	2.03	1.26	2.21	2.49	2.8	2.19	2.2	1.47	1.9
1.0	2.0	3.0	4.0	5.0	6.0	7.0	8.0	9.0	10.0	11.0	12.0	13.0	14.0	15.0	16.0	17.0	18.0	19.0	20.0	21.0	22.0	23.0	24.0	25.0	26.0	27.0	28.0	29.0	30.0	31.0	32.0	33.0	34.0	35.0	36.0	37.0	38.0	39.0	40.0	41.0	42.0	43.0	44.0	45.0	46.0	47.0	48.0	49.0	50.0	51.0	52.0	53.0	54.0	55.0	56.0	57.0	58.0	59.0	60.0	61.0	62.0	63.0	64.0	65.0	66.0	67.0	68.0	69.0	70.0	71.0	72.0	73.0	74.0	75.0	76.0	77.0	78.0	79.0	80.0	81.0	82.0	83.0	84.0	85.0	86.0	87.0	88.0	89.0	90.0	91.0	92.0	93.0	94.0	95.0	96.0	97.0	98.0	99.0	100.0	101.0	102.0	103.0	104.0	105.0	106.0	107.0	108.0	109.0	110.0	111.0	112.0	113.0	114.0	115.0	116.0	117.0	118.0	119.0	120.0	121.0	122.0	123.0	124.0	125.0	126.0	127.0	128.0	129.0	130.0	131.0	132.0	133.0	134.0	135.0	136.0	137.0	138.0	139.0	140.0	141.0	142.0	143.0	144.0	145.0	146.0	147.0	148.0	149.0	149.0	150.0	151.0	152.0	153.0	154.0	155.0	156.0	157.0	158.0	159.0	160.0	161.0	162.0	163.0	164.0	165.0	166.0	167.0	168.0	169.0	170.0	171.0	172.0	173.0	174.0	175.0	176.0	177.0	178.0	179.0	180.0	181.0	182.0	183.0	184.0	185.0	186.0	187.0	188.0	189.0	190.0	191.0	192.0	193.0	194.0	195.0	196.0	197.0	198.0	199.0	200.0	201.0	202.0	203.0	204.0	205.0	206.0	207.0	208.0	209.0	210.0	211.0	212.0	213.0	214.0	215.0	216.0	217.0	218.0	219.0	220.0	221.0	222.0	223.0	224.0	225.0	226.0	227.0	228.0	229.0	230.0	231.0	232.0	233.0	234.0	235.0	236.0	237.0	238.0	239.0	240.0	241.0	242.0	243.0	244.0	245.0	246.0	247.0	248.0	249.0	250.0	251.0	252.0	253.0	254.0	255.0	256.0	257.0	258.0	259.0	260.0	261.0	262.0	263.0	264.0	265.0	266.0	267.0	268.0	269.0	270.0	271.0	272.0	273.0	274.0	275.0	276.0	277.0	278.0	279.0	280.0	281.0	282.0	283.0	284.0	285.0	286.0	287.0	288.0	289.0	290.0	291.0	292.0	293.0	294.0	295.0	296.0	297.0	298.0	298.0	299.0
4188.9381133922425
