3227.5043135963433	300.0	2000.0	123.828652663447	0	0.0	3227.5043135963433	1	0	1	-0.9633240247913385
3358.209542889471	300.0	2869.2947707068724	0.0	0	0.0	3227.5043135963433	1	0	1	-0.22542422895793499
4200.0	300.0	2943.3252678852896	0.0	0	710.3658229932644	3143.3252678852905	1	0	2	-0.6157452595134913
5200.0	500.0	2943.3252678852896	0.0	0	836.390253735909	3143.3252678852914	1	0	1	-0.40745876982377055
6200.0	500.0	2843.32526788529	0.0	0	826.9440767578562	3043.325267885292	1	0	2	-0.08469540820593696
7200.0	500.0	2843.325267885289	0.0	0	822.3463042394396	3043.3252678852914	1	0	1	0.12302815034321612
8200.0	1000.0	2843.325267885288	0.0	0	511.2017199519223	3043.3252678852914	1	0	1	0.3230281503432164
9200.0	1000.0	2843.3252678852878	0.0	0	730.5119760315774	3043.3252678852914	1	0	1	1.0161753309031618
10200.0	1000.0	2843.3252678852887	0.0	0	742.8672677045888	3043.3252678852923	1	0	1	1.0161753309031618
11200.0	2000.0	2843.325267885289	0.0	0	414.28056405183816	3043.3252678852923	1	0	1	1.0161753309031614
12474.76083840662	3000.0	2441.088345638006	0.0	0	0.0	2915.8491840446277	1	0	2	1.3255653481411702
13545.29206543967	3000.0	2370.5571186049574	0.0	0	0.0	2915.8491840446277	1	0	1	1.937412493475836
14315.17642519896	3000.0	2600.6727588456656	0.0	0	0.0	2915.8491840446277	1	0	1	2.137412493475836
15200.0	3000.0	2715.849184044627	0.0	0	228.46966307506045	2915.8491840446277	1	0	1	2.137412493475836
16379.166315411876	3000.0	2536.682868632751	0.0	0	0.0	2915.8491840446295	1	0	1	2.137412493475836
17316.34329702032	3000.0	2505.788188863462	0.0	0	0.0	2822.131485883785	1	0	2	1.7484289222863483
18294.64879438361	3000.0	2527.4826915001718	0.0	0	0.0	2822.131485883785	1	0	1	1.9524471186207901
19200.0	3000.0	2712.666606445425	0.0	0	151.87699368666654	2912.6666064454294	1	0	0	1.9428565999490506
20351.696512977087	3000.0	2560.970093468341	0.0	0	0.0	2912.6666064454294	1	0	1	1.9379444882629007
21384.123190617585	3000.0	2528.5434158278395	0.0	0	0.0	2912.6666064454294	1	0	1	2.1379444882629004
22200.0	3000.0	2712.666606445424	0.0	0	181.1480728830502	2912.6666064454294	1	0	1	2.1379444882629004
23200.0	3000.0	2712.666606445424	0.0	0	449.76978453831543	2912.6666064454294	1	0	1	2.1379444882629004
24654.119476658983	3000.0	2258.5471297864374	0.0	0	0.0	2912.6666064454294	1	0	1	2.1379444882629004
25465.766951730908	3000.0	2446.899654714516	0.0	0	0.0	2912.6666064454294	1	0	1	2.1379444882629004
26200.0	3000.0	2712.6666064454266	0.0	0	53.208813976805686	2912.6666064454294	1	0	1	2.1379444882629004
27200.0	3000.0	2612.666606445429	0.0	0	454.2949668532019	2812.666606445433	1	0	2	1.7477785066293794
28200.0	3000.0	2612.6666064454294	0.0	0	229.71722148930712	2812.666606445433	1	0	1	1.9538948580397042
29302.540452115463	3000.0	2510.1261543299656	0.0	0	0.0	2812.666606445433	1	0	1	2.1538948580397044
30251.63088655042	3000.0	2561.0357198950064	0.0	0	0.0	2812.666606445433	1	0	1	2.1538948580397044
31274.30264352569	3000.0	2538.3639629197332	0.0	0	0.0	2812.6666064454294	1	0	1	2.153894858039705
32200.0	3000.0	2520.096870797993	0.0	0	135.92709629611636	2720.096870797999	1	0	2	1.762538506276763
33295.45382440663	3000.0	2424.6430463913607	0.0	0	0.0	2720.096870797992	1	0	1	1.9674071774955921
34200.0	3000.0	2520.096870797989	0.0	0	124.75193065953499	2720.0968707979955	1	0	1	2.1674071774955923
35200.0	3000.0	2520.0968707979855	0.0	0	367.8267595239595	2720.096870797992	1	0	1	2.1674071774955923
36200.0	3000.0	2420.0968707979937	0.0	0	431.7416646749916	2620.096870797992	1	0	2	1.7757739981319016
37200.0	3000.0	2420.0968707979964	0.0	0	34.53388584047207	2620.096870797992	1	0	1	1.9807576675341343
38200.0	3000.0	2420.0968707979937	0.0	0	392.92352523722366	2620.096870797992	1	0	1	2.1807576675341345
39200.0	3000.0	2420.096870797996	0.0	0	292.5668339578333	2620.096870797992	1	0	1	2.1807576675341345
40200.0	3000.0	2320.0968707979873	0.0	0	113.705202892932	2520.0968707979846	1	0	2	1.7893157827032793
41200.0	3000.0	2320.096870797988	0.0	0	449.4714193024265	2520.0968707979846	1	0	1	1.9929176314135861
42200.0	3000.0	2320.0968707979964	0.0	0	194.75883419437014	2520.0968707979846	1	0	1	2.1929176314135863
43200.0	3000.0	2320.0968707979973	0.0	0	70.56708317006269	2520.0968707979773	1	0	1	2.192917631413587
44200.0	3000.0	2320.096870798003	0.0	0	246.00519478059869	2520.0968707979846	1	0	1	2.1929176314135863
45301.20149476218	3000.0	2218.8953760358245	0.0	0	0.0	2520.096870797992	1	0	1	2.1929176314135854
46218.860033606994	3000.0	2301.2368371910165	0.0	0	0.0	2520.0968707979846	1	0	1	2.1929176314135863
47200.0	3000.0	2320.096870798013	0.0	0	211.77569026666606	2520.0968707979846	1	0	1	2.1929176314135863
48200.0	3000.0	2320.0968707980123	0.0	0	85.16155611166323	2520.0968707979846	1	0	1	2.1929176314135863
49200.0	3000.0	2320.0968707980123	0.0	0	116.11879776741262	2520.0968707979846	1	0	1	2.1929176314135863
50200.0	3000.0	2320.0968707980087	0.0	0	127.20719019107491	2520.0968707979846	1	0	1	2.1929176314135863
51200.0	3000.0	2320.096870798011	0.0	0	221.5050508057684	2520.0968707979846	1	0	1	2.1929176314135863
52706.106398134536	3000.0	1813.9904726634677	0.0	0	0.0	2520.0968707979846	1	0	1	2.1929176314135863
54273.059746488	3000.0	1247.037124310007	0.0	0	0.0	2520.096870797992	1	0	1	2.1929176314135854
55379.60736088819	3000.0	1140.489509909814	0.0	0	0.0	2520.096870797992	1	0	1	2.1929176314135854
55945.677899821836	3000.0	1574.4189709761772	0.0	0	0.0	2520.096870797992	1	0	1	2.1929176314135854
57379.28145001598	3000.0	1140.8154207820414	0.0	0	0.0	2520.096870797992	1	0	1	2.1929176314135854
58718.76664130802	3000.0	801.3302294900036	0.0	0	0.0	2520.096870797999	1	0	1	2.1929176314135845
59354.20539642027	2000.0	1165.891474377755	0.0	0	0.0	2520.096870797992	1	0	1	1.381987415197256
60045.10699161007	2000.0	1474.9898791879518	0.0	0	0.0	2520.0968707979846	1	0	1	1.7874525233054215
60845.523295433646	2000.0	1674.5735753643762	0.0	0	0.0	2520.0968707979773	1	0	1	1.7874525233054221
61910.605226198444	2000.0	1609.491644599575	0.0	0	0.0	2520.0968707979773	1	0	1	1.7874525233054221
62693.04621319575	2000.0	1827.0506576022683	0.0	0	0.0	2520.0968707979773	1	0	1	1.7874525233054221
64122.691380867465	3000.0	1397.4054899305445	0.0	0	0.0	2520.09687079797	1	0	1	1.7874525233054233
65021.126210829454	3000.0	1498.9706599685558	0.0	0	0.0	2520.09687079797	1	0	1	2.1929176314135876
65756.36317061074	3000.0	1763.7337001872706	0.0	0	0.0	2520.09687079797	1	0	1	2.1929176314135876
66278.54637744706	3000.0	2241.550493350959	0.0	0	0.0	2520.09687079797	1	0	1	2.1929176314135876
67200.0	3000.0	2320.0968707980255	0.0	0	343.4558645705547	2520.0968707979846	1	0	1	2.192917631413587
68200.0	3000.0	2320.096870798019	0.0	0	333.0419229110703	2520.0968707979773	1	0	1	2.1929176314135868
69200.0	3000.0	2320.0968707980114	0.0	0	70.42404071045166	2520.0968707979773	1	0	1	2.192917631413587
70279.43340534171	3000.0	2240.6634654562886	0.0	0	0.0	2520.0968707979773	1	0	1	2.192917631413587
71284.47434885366	3000.0	2235.6225219443177	0.0	0	0.0	2520.0968707979628	1	0	1	2.1929176314135885
72200.0	3000.0	2320.0968707979796	0.0	0	164.2854751926061	2520.0968707979628	1	0	1	2.1929176314135885
73227.38950009464	3000.0	2292.7073707033437	0.0	0	0.0	2520.0968707979628	1	0	1	2.1929176314135885
74200.0	3000.0	2320.0968707979696	0.0	0	156.60224589174322	2520.0968707979628	1	0	1	2.1929176314135885
75200.0	3000.0	2320.0968707979932	0.0	0	373.6008053531841	2520.0968707979773	1	0	1	2.192917631413587
76200.0	3000.0	2320.096870797989	0.0	0	385.74709445900226	2520.0968707979773	1	0	1	2.192917631413587
77200.0	3000.0	2320.0968707979873	0.0	0	374.9865371778433	2520.0968707979773	1	0	1	2.192917631413587
78416.18073828326	3000.0	2103.9161325147143	0.0	0	0.0	2520.0968707979628	1	0	1	2.1929176314135885
79583.79735675163	3000.0	1936.2995140463343	0.0	0	0.0	2520.0968707979628	1	0	1	2.1929176314135885
80541.52708562987	3000.0	1978.5697851680916	0.0	0	0.0	2520.0968707979628	1	0	1	2.1929176314135885
81484.48183515205	3000.0	2035.6150356459245	0.0	0	0.0	2520.0968707979628	1	0	1	2.1929176314135885
82311.74605750128	3000.0	2208.350813296691	0.0	0	0.0	2520.096870797948	1	0	1	2.1929176314135903
83442.45927292468	3000.0	2077.637597873295	0.0	0	0.0	2520.0968707979628	1	0	1	2.1929176314135885
84537.16038349448	3000.0	1982.9364873034729	0.0	0	0.0	2520.0968707979628	1	0	1	2.1929176314135885
85561.46299093864	3000.0	1958.6338798593151	0.0	0	0.0	2520.0968707979628	1	0	1	2.1929176314135885
86575.17008966241	3000.0	1944.9267811355555	0.0	0	0.0	2520.0968707979628	1	0	1	2.1929176314135885
87951.33495325374	3000.0	1568.761917544206	0.0	0	0.0	2520.0968707979628	1	0	1	2.1929176314135885
89106.20907305888	3000.0	1298.4003857585544	0.0	0	0.0	2404.60945881746	1	0	2	1.8027743444973057
89578.14151667022	2000.0	1826.4679421472163	0.0	0	0.0	2404.60945881746	1	0	1	1.1946790039710733
90348.7522722337	2000.0	2055.857186583731	0.0	0	0.0	2404.60945881746	1	0	1	1.800144112079238
91200.0	2000.0	2204.609458817433	0.0	0	398.8371867662354	2404.6094588174456	1	0	1	1.8001441120792396
92200.0	2000.0	2204.6094588174446	0.0	0	486.0589359350852	2404.609458817431	1	0	1	1.800144112079241
93200.0	2000.0	2204.609458817449	0.0	0	565.9183549326408	2404.609458817431	1	0	1	1.800144112079241
94200.0	3000.0	2204.6094588174515	0.0	0	232.23044434469193	2404.609458817431	1	0	1	1.8001441120792412
95200.0	3000.0	2204.609458817469	0.0	0	318.65333767545235	2404.6094588174456	1	0	1	2.2056092201874042
96605.8049487905	3000.0	1798.804510026977	0.0	0	0.0	2404.6094588174456	1	0	1	2.2056092201874042
97760.31822025334	3000.0	1644.2912385641407	0.0	0	0.0	2404.60945881746	1	0	1	2.205609220187403
98934.19437065095	3000.0	1470.4150881665248	0.0	0	0.0	2404.60945881746	1	0	1	2.205609220187403
99873.43469948678	3000.0	1531.1747593306789	0.0	0	0.0	2404.60945881746	1	0	1	2.205609220187403
100738.94405430784	3000.0	1665.665404509616	0.0	0	0.0	2404.60945881746	1	0	1	2.205609220187403
102126.76005110661	3000.0	1277.8494077108332	0.0	0	0.0	2404.6094588174456	1	0	1	2.2056092201874042
103038.35381260733	3000.0	1366.2556462101115	0.0	0	0.0	2404.6094588174456	1	0	1	2.2056092201874042
104230.63284922158	3000.0	1173.9766095958425	0.0	0	0.0	2404.609458817431	1	0	1	2.205609220187406
106005.74377069535	3000.0	398.8656881220836	0.0	0	0.0	2404.6094588174165	1	0	1	2.2056092201874073
106739.32681914433	2000.0	665.2826396730864	0.0	0	0.0	2404.6094588174165	1	0	1	1.3946790039710781
107587.23519018752	2000.0	817.374268629898	0.0	0	0.0	2404.609458817431	1	0	1	1.800144112079241
108462.95137018166	2000.0	941.6580886357559	0.0	0	0.0	2404.609458817431	1	0	1	1.800144112079241
109118.72754739596	2000.0	1285.8819114214634	0.0	0	0.0	2404.609458817431	1	0	1	1.800144112079241
109888.46861888365	2000.0	1516.1408399337831	0.0	0	0.0	2404.609458817431	1	0	1	1.800144112079241
110367.9809129869	2000.0	1988.6773164202266	0.0	0	0.0	2356.6582294071122	1	0	2	1.4037854648651948
111200.0	3000.0	2156.6582294071204	0.0	0	6.5595526712422725	2356.6582294070977	1	0	1	1.605019989943417
112200.0	3000.0	2156.6582294071286	0.0	0	73.09593487811799	2356.6582294070977	1	0	1	2.2104850980515818
113200.0	3000.0	2156.6582294071413	0.0	0	448.3547182913753	2356.6582294070977	1	0	1	2.2104850980515818
114200.0	3000.0	2156.6582294071404	0.0	0	300.97907699055213	2356.6582294070977	1	0	1	2.2104850980515818
115714.5768181942	3000.0	1642.081411212939	0.0	0	0.0	2356.6582294070977	1	0	1	2.2104850980515818
117396.98427569953	3000.0	959.6739537076082	0.0	0	0.0	2356.6582294070977	1	0	1	2.2104850980515818
119006.82286549096	3000.0	349.8353639161978	0.0	0	0.0	2356.6582294070977	1	0	1	2.2104850980515818
119629.7402603735	2000.0	726.917969033657	0.0	0	0.0	2356.658229407083	1	0	1	1.3995548818352537
120253.17691144183	2000.0	1103.4813179653252	0.0	0	0.0	2356.6582294070686	1	0	1	1.8050199899434198
120603.5832269783	2000.0	1753.0750024288454	0.0	0	0.0	2356.6582294070686	1	0	1	1.8050199899434198
121200.0	2000.0	2156.6582294071545	0.0	0	198.27717326678976	2356.658229407083	1	0	1	1.8050199899434183
122200.0	3000.0	2156.6582294071586	0.0	0	179.93722916161641	2356.658229407083	1	0	1	1.8050199899434185
123240.71285032394	3000.0	2115.945379083236	0.0	0	0.0	2356.6582294070977	1	0	1	2.2104850980515818
124279.63142014762	3000.0	2077.026809259549	0.0	0	0.0	2356.6582294070977	1	0	1	2.2104850980515818
125221.70990089935	3000.0	2134.948328507823	0.0	0	0.0	2356.6582294070977	1	0	1	2.2104850980515818
126200.0	3000.0	2156.658229407179	0.0	0	364.2958565106819	2356.6582294070977	1	0	1	2.2104850980515818
127200.0	3000.0	2156.6582294071777	0.0	0	37.8207067267067	2356.6582294070977	1	0	1	2.2104850980515818
128697.65252355518	3000.0	1659.0057058520024	0.0	0	0.0	2356.6582294071122	1	0	1	2.2104850980515804
129513.50711508424	3000.0	1843.151114322933	0.0	0	0.0	2356.6582294071122	1	0	1	2.2104850980515804
130237.49196834161	3000.0	2119.1662610655662	0.0	0	0.0	2356.6582294071122	1	0	1	2.2104850980515804
131200.0	3000.0	2156.6582294071563	0.0	0	98.93429488985566	2356.6582294070977	1	0	1	2.2104850980515804
132200.0	3000.0	2156.6582294071645	0.0	0	297.8515310899238	2356.6582294071122	1	0	1	2.2104850980515796
133200.0	3000.0	2156.6582294071704	0.0	0	164.60936419368954	2356.658229407127	1	0	1	2.2104850980515787
134200.0	3000.0	2156.6582294071522	0.0	0	402.1903751689824	2356.658229407127	1	0	1	2.2104850980515787
135200.0	3000.0	2156.6582294071363	0.0	0	77.81942582980264	2356.658229407127	1	0	1	2.2104850980515787
136671.78684590358	3000.0	1684.8713835035853	0.0	0	0.0	2356.658229407127	1	0	1	2.2104850980515787
137775.56238425217	3000.0	1581.0958451549727	0.0	0	0.0	2356.658229407127	1	0	1	2.2104850980515787
138525.1842469791	3000.0	1831.4739824280118	0.0	0	0.0	2356.658229407127	1	0	1	2.2104850980515787
139406.7301924664	3000.0	1949.9280369407302	0.0	0	0.0	2356.658229407127	1	0	1	2.2104850980515787
140200.0	3000.0	2156.6582294071563	0.0	0	4.356215634761611	2356.658229407156	1	0	1	2.210485098051576
141227.83921489905	3000.0	2128.8190145081153	0.0	0	0.0	2356.658229407185	1	0	1	2.210485098051573
142325.52097486914	3000.0	2031.1372545380173	0.0	0	0.0	2356.658229407156	1	0	1	2.210485098051576
143200.0	3000.0	2156.658229407146	0.0	0	43.21127868248732	2356.658229407156	1	0	1	2.210485098051576
144398.18351946524	3000.0	1958.4747099418983	0.0	0	0.0	2356.658229407156	1	0	1	2.210485098051576
145323.3188480805	3000.0	2033.3393813266198	0.0	0	0.0	2356.658229407127	1	0	1	2.2104850980515787
146543.12730167314	3000.0	1813.5309277340332	0.0	0	0.0	2356.658229407127	1	0	1	2.2104850980515787
147964.40847703067	3000.0	1392.2497523765378	0.0	0	0.0	2356.658229407127	1	0	1	2.2104850980515787
148774.4662439549	3000.0	1582.1919854522837	0.0	0	0.0	2356.658229407127	1	0	1	2.2104850980515787
149629.66223348668	3000.0	1726.9959959204964	0.0	0	0.0	2356.658229407127	1	0	1	2.2104850980515787
150564.95598326362	3000.0	1791.70224614356	0.0	0	0.0	2356.658229407127	1	0	1	2.2104850980515787
152010.03175836822	3000.0	1346.6264710389405	0.0	0	0.0	2356.658229407127	1	0	1	2.2104850980515787
152925.83242289253	3000.0	1430.8258065146197	0.0	0	0.0	2356.658229407127	1	0	1	2.2104850980515787
153592.84640123314	3000.0	1763.8118281739983	0.0	0	0.0	2356.658229407127	1	0	1	2.2104850980515787
154293.142337163	3000.0	2063.51589224412	0.0	0	0.0	2356.658229407127	1	0	1	2.2104850980515787
155466.20276054498	3000.0	1890.4554688621465	0.0	0	0.0	2356.658229407127	1	0	1	2.2104850980515787
157008.7728636911	3000.0	1347.8853657160446	0.0	0	0.0	2356.6582294070977	1	0	1	2.2104850980515818
157922.69503290407	3000.0	1433.9631965030803	0.0	0	0.0	2356.6582294070977	1	0	1	2.2104850980515818
158769.28435137065	3000.0	1587.3738780364952	0.0	0	0.0	2356.6582294070977	1	0	1	2.2104850980515818
159949.5807113259	3000.0	1407.0775180812773	0.0	0	0.0	2356.6582294070977	1	0	1	2.2104850980515818
160801.0431482355	3000.0	1555.6150811716402	0.0	0	0.0	2356.6582294070977	1	0	1	2.2104850980515818
162147.56524675505	3000.0	1209.0929826521065	0.0	0	0.0	2356.6582294070977	1	0	1	2.2104850980515818
163193.1694991954	3000.0	1163.4887302117259	0.0	0	0.0	2356.6582294070395	1	0	1	2.2104850980515858
164374.4573013326	3000.0	982.2009280745599	0.0	0	0.0	2356.6582294070395	1	0	1	2.2104850980515875
165308.43390088034	3000.0	1048.2243285268328	0.0	0	0.0	2356.6582294070395	1	0	1	2.2104850980515875
166164.50728316625	3000.0	1192.1509462409063	0.0	0	0.0	2356.6582294070395	1	0	1	2.2104850980515875
167009.8065785148	3000.0	1346.8516508923626	0.0	0	0.0	2356.6582294070395	1	0	1	2.2104850980515875
167875.1337157145	3000.0	1481.5245136926878	0.0	0	0.0	2356.6582294070104	1	0	1	2.2104850980515907
168570.24243712396	3000.0	1786.4157922832467	0.0	0	0.0	2356.6582294070104	1	0	1	2.2104850980515907
169834.4543561723	3000.0	1522.2038732348851	0.0	0	0.0	2356.6582294070395	1	0	1	2.2104850980515875
170953.2864892512	3000.0	1403.3717401559977	0.0	0	0.0	2356.6582294070395	1	0	1	2.2104850980515875
171457.89759418133	3000.0	1898.7606352258254	0.0	0	0.0	2356.6582294070395	1	0	1	2.2104850980515875
172200.0	3000.0	2156.658229407152	0.0	0	251.5455299053283	2356.6582294070686	1	0	1	2.210485098051585
173200.0	3000.0	2156.6582294071486	0.0	0	33.906378802872496	2356.6582294070686	1	0	1	2.2104850980515827
174234.2076781446	3000.0	2122.4505512625597	0.0	0	0.0	2356.6582294070686	1	0	1	2.210485098051585
175200.0	3000.0	2156.6582294071386	0.0	0	7.901384475291707	2356.6582294070395	1	0	1	2.2104850980515858
176200.0	3000.0	2156.6582294071404	0.0	0	346.2331247572147	2356.6582294070686	1	0	1	2.210485098051585
177200.0	3000.0	2156.6582294071513	0.0	0	48.188505338854156	2356.6582294070686	1	0	1	2.210485098051585
178200.0	3000.0	2156.65822940716	0.0	0	98.63480608112877	2356.6582294070686	1	0	1	2.210485098051585
179200.0	3000.0	2156.658229407162	0.0	0	204.35426255039056	2356.6582294070686	1	0	1	2.210485098051585
180200.0	3000.0	2156.6582294071686	0.0	0	339.75013945924	2356.6582294070686	1	0	1	2.210485098051582
181200.0	3000.0	2156.6582294071486	0.0	0	315.71616162362625	2356.6582294070686	1	0	1	2.210485098051585
182200.0	3000.0	2156.6582294071677	0.0	0	54.970034558849875	2356.658229407127	1	0	1	2.2104850980515804
183200.0	3000.0	2156.658229407204	0.0	0	69.30844046265702	2356.658229407156	1	0	1	2.210485098051578
184200.0	3000.0	2156.6582294072073	0.0	0	261.953762022662	2356.658229407185	1	0	1	2.210485098051575
185200.0	3000.0	2156.6582294072055	0.0	0	440.2648921063519	2356.658229407185	1	0	1	2.210485098051573
186200.0	3000.0	2156.6582294071986	0.0	0	60.546913109574234	2356.658229407156	1	0	1	2.210485098051576
187200.0	3000.0	2156.658229407193	0.0	0	322.28188327426324	2356.658229407127	1	0	1	2.2104850980515787
188200.0	3000.0	2156.6582294072073	0.0	0	440.7151438119181	2356.658229407156	1	0	1	2.2104850980515782
189200.0	3000.0	2156.6582294071927	0.0	0	100.19418145192321	2356.658229407156	1	0	1	2.210485098051576
190200.0	3000.0	2156.658229407203	0.0	0	44.734281417302554	2356.658229407156	1	0	1	2.210485098051576
191342.09545256497	3000.0	2014.5627768422414	0.0	0	0.0	2356.658229407156	1	0	1	2.210485098051576
192287.59984186207	3000.0	2069.058387545131	0.0	0	0.0	2356.658229407156	1	0	1	2.210485098051576
193230.08672583764	3000.0	2126.571503569559	0.0	0	0.0	2356.658229407156	1	0	1	2.210485098051576
194203.50501325156	3000.0	2153.153216155638	0.0	0	0.0	2356.658229407156	1	0	1	2.2104850980515742
195200.0	3000.0	2156.6582294071923	0.0	0	212.2343544550822	2356.658229407156	1	0	1	2.210485098051576
196200.0	3000.0	2156.6582294072045	0.0	0	146.75675526386476	2356.658229407156	1	0	1	2.210485098051576
197200.0	3000.0	2156.6582294072387	0.0	0	49.81565920912544	2356.658229407185	1	0	1	2.210485098051575
198200.0	3000.0	2156.658229407246	0.0	0	117.15240587323206	2356.658229407185	1	0	1	2.210485098051573
199200.0	3000.0	2156.658229407247	0.0	0	301.73691697610775	2356.658229407127	1	0	1	2.2104850980515764
200200.0	3000.0	2156.658229407239	0.0	0	325.3162067255471	2356.658229407127	1	0	1	2.2104850980515787
201496.59276114134	3000.0	1860.0654682658933	0.0	0	0.0	2356.658229407127	1	0	1	2.2104850980515787
202892.94585822755	3000.0	1463.7123711796544	0.0	0	0.0	2356.658229407127	1	0	1	2.2104850980515787
204058.7361622717	3000.0	1297.922067135508	0.0	0	0.0	2356.658229407127	1	0	1	2.2104850980515787
204915.262193688	3000.0	1441.3960357192261	0.0	0	0.0	2356.658229407127	1	0	1	2.2104850980515787
205814.8430618615	3000.0	1541.8151675457311	0.0	0	0.0	2356.658229407127	1	0	1	2.2104850980515787
206573.55147127574	3000.0	1783.1067581314685	0.0	0	0.0	2356.658229407127	1	0	1	2.2104850980515787
207551.27382745343	3000.0	1805.384401953792	0.0	0	0.0	2356.6582294070977	1	0	1	2.2104850980515818
208342.72371934733	3000.0	2013.9345100599237	0.0	0	0.0	2356.6582294070977	1	0	1	2.2104850980515818
209200.0	3000.0	2156.6582294072164	0.0	0	103.338766191795	2356.6582294070686	1	0	1	2.210485098051582
210473.93038458392	3000.0	1755.334806364933	0.0	0	0.0	2229.265190948703	1	0	2	1.818775399122393
211382.96568180856	3000.0	1846.2995091403166	0.0	0	0.0	2229.265190948703	1	0	1	2.022409741528393
212261.9272007167	3000.0	1967.3379902321833	0.0	0	0.0	2229.265190948703	1	0	1	2.222409741528393
213200.0	3000.0	2029.2651909488677	0.0	0	63.799201206857106	2229.265190948703	1	0	1	2.222409741528393
214200.0	3000.0	2029.2651909488613	0.0	0	169.55380160317873	2229.265190948703	1	0	1	2.222409741528393
215200.0	3000.0	2029.2651909488277	0.0	0	431.01239319329034	2229.265190948674	1	0	1	2.222409741528396
216200.0	3000.0	2029.2651909487977	0.0	0	473.5428094600793	2229.265190948674	1	0	1	2.222409741528396
217200.0	3000.0	2029.2651909488004	0.0	0	436.11412742882385	2229.265190948674	1	0	1	2.222409741528396
218372.18103777562	3000.0	1857.0841531731946	0.0	0	0.0	2229.265190948645	1	0	1	2.222409741528398
219200.0	3000.0	2029.2651909488118	0.0	0	10.278892905131215	2229.265190948645	1	0	1	2.2224097415283985
220200.0	3000.0	2029.2651909487672	0.0	0	51.66007444058778	2229.265190948616	1	0	1	2.222409741528401
221278.5139337489	3000.0	1950.7512571998698	0.0	0	0.0	2229.2651909485867	1	0	1	2.2224097415284034
222473.22092207317	3000.0	1756.0442688756054	0.0	0	0.0	2229.2651909485867	1	0	1	2.2224097415284034
223204.04302711235	3000.0	2025.222163836456	0.0	0	0.0	2229.2651909485867	1	0	1	2.2224097415284034
224200.0	3000.0	2029.2651909487722	0.0	0	121.57844479539199	2229.2651909485285	1	0	1	2.2224097415284065
225200.0	3000.0	2029.265190948785	0.0	0	331.40907397010596	2229.2651909485285	1	0	1	2.2224097415284088
226200.0	3000.0	2029.2651909487913	0.0	0	328.1333636176714	2229.2651909485285	1	0	1	2.2224097415284088
227327.57559254993	3000.0	1901.689598398906	0.0	0	0.0	2229.2651909485576	1	0	1	2.222409741528406
228494.52433904252	3000.0	1734.7408519062913	0.0	0	0.0	2229.2651909485867	1	0	1	2.2224097415284034
230012.8826799803	3000.0	1216.3825109684933	0.0	0	0.0	2229.2651909485576	1	0	1	2.222409741528406
230654.19160000578	3000.0	1575.0735909430075	0.0	0	0.0	2229.2651909485576	1	0	1	2.222409741528406
231420.25156263643	3000.0	1809.0136283123325	0.0	0	0.0	2229.2651909485576	1	0	1	2.222409741528406
232200.0	3000.0	2029.2651909487276	0.0	0	43.810340274940245	2229.2651909485285	1	0	1	2.2224097415284088
233200.0	3000.0	2029.2651909487195	0.0	0	318.0607067083474	2229.2651909485285	1	0	1	2.2224097415284088
234720.30350204222	3000.0	1508.9616889065064	0.0	0	0.0	2229.2651909485285	1	0	1	2.2224097415284088
236272.7216723682	3000.0	956.5435185805125	0.0	0	0.0	2229.2651909484994	1	0	1	2.22240974152841
237281.07373021415	3000.0	948.1914607345798	0.0	0	0.0	2229.2651909485285	1	0	1	2.2224097415284088
238199.83924541678	3000.0	1029.4259455319586	0.0	0	0.0	2229.2651909485285	1	0	1	2.2224097415284088
238787.01308805845	2000.0	1442.252102890282	0.0	0	0.0	2229.2651909485285	1	0	1	1.4114795253120795
239516.16412715643	2000.0	1713.1010637922666	0.0	0	0.0	2229.2651909485285	1	0	1	1.8169446334202441
240243.55842855838	2000.0	1985.7067623903392	0.0	0	0.0	2229.2651909485285	1	0	1	1.8169446334202441
241200.0	2000.0	2029.2651909487295	0.0	0	566.1503178380372	2229.2651909485285	1	0	1	1.8169446334202441
242200.0	2000.0	2029.265190948719	0.0	0	443.8995657324558	2229.2651909485285	1	0	1	1.8169446334202441
243200.0	3000.0	2029.2651909487167	0.0	0	243.64470954227727	2229.2651909485285	1	0	1	1.8169446334202441
244200.0	3000.0	2029.2651909487427	0.0	0	413.60798333844286	2229.2651909485285	1	0	1	2.2224097415284088
245579.58662377892	3000.0	1649.678567169803	0.0	0	0.0	2229.2651909485285	1	0	1	2.2224097415284088
246787.29796669362	3000.0	1441.9672242550728	0.0	0	0.0	2229.2651909485285	1	0	1	2.2224097415284088
248086.96030215858	3000.0	1142.3048887901396	0.0	0	0.0	2229.2651909485285	1	0	1	2.2224097415284088
248965.248817637	3000.0	1264.0163733117106	0.0	0	0.0	2229.2651909485576	1	0	1	2.222409741528406
249823.6312711515	3000.0	1405.6339197972136	0.0	0	0.0	2229.2651909485576	1	0	1	2.222409741528406
250992.10036420412	3000.0	1237.1648267446246	0.0	0	0.0	2229.2651909485576	1	0	1	2.222409741528406
252593.26495980573	3000.0	636.0002311430194	0.0	0	0.0	2229.2651909485576	1	0	1	2.222409741528406
253396.37794120816	2000.0	832.8872497405905	0.0	0	0.0	2229.2651909485867	1	0	1	1.4114795253120742
254295.31250567135	2000.0	933.9526852774171	0.0	0	0.0	2229.2651909485867	1	0	1	1.8169446334202404
255110.05850544365	2000.0	1119.2066855051207	0.0	0	0.0	2229.2651909485867	1	0	1	1.8169446334202388
255997.1563401179	2000.0	1232.1088508309008	0.0	0	0.0	2229.2651909485867	1	0	1	1.8169446334202388
256687.75672903395	2000.0	1541.5084619148186	0.0	0	0.0	2229.2651909485867	1	0	1	1.8169446334202388
257511.5244587969	2000.0	1717.740732151875	0.0	0	0.0	2229.265190948616	1	0	1	1.8169446334202364
258281.97204857128	2000.0	1947.2931423774671	0.0	0	0.0	2229.265190948645	1	0	1	1.816944633420234
259200.0	2000.0	2029.265190948745	0.0	0	425.00024720758665	2229.265190948645	1	0	1	1.816944633420234
260200.0	2000.0	2029.265190948724	0.0	0	284.34725678464747	2229.265190948645	1	0	1	1.816944633420234
261200.0	3000.0	2029.2651909487167	0.0	0	363.57334630546393	2229.265190948645	1	0	1	1.816944633420234
262200.0	3000.0	2029.2651909486958	0.0	0	51.67727256467333	2229.265190948616	1	0	1	2.222409741528399
263202.73554287	3000.0	2026.5296480786906	0.0	0	0.0	2229.265190948616	1	0	1	2.2224097415284008
264200.0	3000.0	2029.2651909486744	0.0	0	129.19676243892172	2229.2651909485576	1	0	1	2.2224097415284025
265394.1254017219	3000.0	1835.139789226799	0.0	0	0.0	2229.2651909485576	1	0	1	2.222409741528406
266530.21346323943	3000.0	1699.0517277093418	0.0	0	0.0	2229.2651909485576	1	0	1	2.222409741528406
267905.17640261113	3000.0	1324.0887883375958	0.0	0	0.0	2229.2651909484994	1	0	1	2.2224097415284114
269083.9118770164	3000.0	1145.353313932263	0.0	0	0.0	2229.2651909484994	1	0	1	2.2224097415284114
269838.9777311799	3000.0	1390.2874597687187	0.0	0	0.0	2229.265190948441	1	0	1	2.2224097415284163
270827.05685455544	3000.0	1402.2083363931729	0.0	0	0.0	2229.265190948441	1	0	1	2.2224097415284163
271632.083824518	3000.0	1597.1813664306462	0.0	0	0.0	2229.2651909484994	1	0	1	2.2224097415284114
272327.4566953678	3000.0	1901.8084955808456	0.0	0	0.0	2229.2651909484994	1	0	1	2.2224097415284114
273200.0	3000.0	2029.2651909486722	0.0	0	198.62654298637062	2229.2651909485576	1	0	1	2.22240974152841
274200.0	2000.0	2029.2651909487286	0.0	0	269.05330988182686	2229.265190948616	1	0	1	1.4114795253120718
275200.0	2000.0	2029.2651909486976	0.0	0	427.8636503087473	2229.265190948674	1	0	1	1.8169446334202353
276200.0	2000.0	2029.2651909486285	0.0	0	523.2935179270571	2229.265190948616	1	0	1	1.8169446334202324
277619.77674595505	3000.0	1609.4884449934698	0.0	0	0.0	2229.265190948616	1	0	1	1.8169446334202366
278824.40721453127	3000.0	1404.8579764172882	0.0	0	0.0	2229.265190948616	1	0	1	2.222409741528401
279662.9690702334	3000.0	1566.2961207150881	0.0	0	0.0	2229.265190948616	1	0	1	2.222409741528401
280661.9054937531	3000.0	1567.35969719544	0.0	0	0.0	2229.265190948616	1	0	1	2.222409741528401
281363.2068167463	3000.0	1866.05837420224	0.0	0	0.0	2229.2651909485576	1	0	1	2.222409741528406
282226.96244943165	3000.0	2002.3027415168722	0.0	0	0.0	2229.2651909485576	1	0	1	2.222409741528406
283211.2210562965	3000.0	2018.0441346520006	0.0	0	0.0	2229.2651909485576	1	0	1	2.222409741528406
284481.76751012035	3000.0	1747.49768082818	0.0	0	0.0	2229.265190948674	1	0	1	2.222409741528398
285607.63566193404	3000.0	1621.6295290145372	0.0	0	0.0	2229.265190948674	1	0	1	2.222409741528396
286701.95378341636	3000.0	1527.3114075322142	0.0	0	0.0	2229.265190948674	1	0	1	2.222409741528396
287620.9041169204	3000.0	1608.3610740281424	0.0	0	0.0	2229.265190948674	1	0	1	2.222409741528396
288576.08308954694	3000.0	1653.182101401589	0.0	0	0.0	2229.265190948674	1	0	1	2.222409741528396
289737.66307131416	3000.0	1491.60211963433	0.0	0	0.0	2229.265190948674	1	0	1	2.222409741528396
290585.5402083064	3000.0	1643.7249826420837	0.0	0	0.0	2229.265190948674	1	0	1	2.222409741528396
291305.35241178685	3000.0	1923.912779161671	0.0	0	0.0	2229.265190948732	1	0	1	2.222409741528391
292200.0	3000.0	2029.265190948534	0.0	0	53.25272219168255	2229.265190948732	1	0	1	2.222409741528391
293200.0	3000.0	2029.2651909485444	0.0	0	15.709714845754206	2229.265190948732	1	0	1	2.222409741528391
294225.06506717444	3000.0	2004.2001237741615	0.0	0	0.0	2229.265190948732	1	0	1	2.222409741528391
295466.7084352643	3000.0	1762.556755684234	0.0	0	0.0	2229.265190948732	1	0	1	2.222409741528391
296769.6066432271	3000.0	1459.6585477213523	0.0	0	0.0	2229.265190948732	1	0	1	2.222409741528391
297474.3695179212	3000.0	1754.8956730272716	0.0	0	0.0	2229.265190948732	1	0	1	2.222409741528391
298200.0	3000.0	2029.265190948449	0.0	0	39.700241948419716	2229.265190948732	1	0	1	2.222409741528391
299200.0	3000.0	2029.2651909483902	0.0	0	321.1686240672716	2229.265190948674	1	0	1	2.222409741528392
300200.0	3000.0	2029.265190948412	0.0	0	127.72543363145087	2229.265190948616	1	0	1	2.222409741528397
3.78	4.97	4.16	2.59	2.29	4.19	3.88	3.22	3.16	2.85	3.34	3.6	2.78	3.83	3.57	3.85	3.46	2.54	3.61	5.76	2.75	2.8	4.01	5.56	4.7	3.12	3.35	3.32	5.32	2.83	3.24	4.76	5.04	3.87	4.96	4.76	3.43	4.49	3.07	3.32	4.47	3.85	3.27	3.7	4.62	2.68	3.54	4.17	2.37	2.83	1.96	2.61	4.18	2.62	3.29	2.49	3.76	3.02	2.36	3.06	2.46	3.03	5.41	5.26	5.24	2.25	3.63	3.04	3.78	2.65	3.72	4.07	6.26	4.65	2.79	3.13	3.01	2.32	3.83	3.68	3.45	2.98	1.98	2.71	2.35	2.27	3.75	3.34	4.66	4.62	4.29	6.31	2.63	2.84	3.6	2.98	3.3	3.31	2.83	2.69	2.37	2.98	1.82	3.1	3.23	3.05	3.5	3.81	3.87	4.24	4.02	2.63	2.58	2.39	1.73	2.25	2.98	5.36	3.29	3.6	3.87	3.68	4.6	3.88	2.27	3.16	3.36	3.6	3.85	3.7	4.1	3.0	2.09	2.95	3.85	4.46	3.39	3.58	3.85	3.14	3.41	3.42	2.49	2.56	3.04	4.19	3.44	3.42	2.59	2.22	3.78	4.97	4.16	2.59	2.29	4.19	3.88	3.22	3.16	2.85	3.34	3.6	2.78	3.83	3.57	3.85	3.46	2.54	3.61	5.76	2.75	2.8	4.01	5.56	4.7	3.12	3.35	3.32	5.32	2.83	3.24	4.76	5.04	3.87	4.96	4.76	3.43	4.49	3.07	3.32	4.47	3.85	3.27	3.7	4.62	2.68	3.54	4.17	2.37	2.83	1.96	2.61	4.18	2.62	3.29	2.49	3.76	3.02	2.36	3.06	2.46	3.03	5.41	5.26	5.24	2.25	3.63	3.04	3.78	2.65	3.72	4.07	6.26	4.65	2.79	3.13	3.01	2.32	3.83	3.68	3.45	2.98	1.98	2.71	2.35	2.27	3.75	3.34	4.66	4.62	4.29	6.31	2.63	2.84	3.6	2.98	3.3	3.31	2.83	2.69	2.37	2.98	1.82	3.1	3.23	3.05	3.5	3.81	3.87	4.24	4.02	2.63	2.58	2.39	1.73	2.25	2.98	5.36	3.29	3.6	3.87	3.68	4.6	3.88	2.27	3.16	3.36	3.6	3.85	3.7	4.1	3.0	2.09	2.95	3.85	4.46	3.39	3.58	3.85	3.14	3.41	3.42	2.49	2.56	3.04	4.19	3.44	3.42	2.59	2.22	3.78	4.97
1.0	2.0	3.0	4.0	5.0	6.0	7.0	8.0	9.0	10.0	11.0	12.0	13.0	14.0	15.0	16.0	17.0	18.0	19.0	20.0	21.0	22.0	23.0	24.0	25.0	26.0	27.0	28.0	29.0	30.0	31.0	32.0	33.0	34.0	35.0	36.0	37.0	38.0	39.0	40.0	41.0	42.0	43.0	44.0	45.0	46.0	47.0	48.0	49.0	50.0	51.0	52.0	53.0	54.0	55.0	56.0	57.0	58.0	59.0	60.0	61.0	62.0	63.0	64.0	65.0	66.0	67.0	68.0	69.0	70.0	71.0	72.0	73.0	74.0	75.0	76.0	77.0	78.0	79.0	80.0	81.0	82.0	83.0	84.0	85.0	86.0	87.0	88.0	89.0	90.0	91.0	92.0	93.0	94.0	95.0	96.0	97.0	98.0	99.0	100.0	101.0	102.0	103.0	104.0	105.0	106.0	107.0	108.0	109.0	110.0	111.0	112.0	113.0	114.0	115.0	116.0	117.0	118.0	119.0	120.0	121.0	122.0	123.0	124.0	125.0	126.0	127.0	128.0	129.0	130.0	131.0	132.0	133.0	134.0	135.0	136.0	137.0	138.0	139.0	140.0	141.0	142.0	143.0	144.0	145.0	146.0	147.0	148.0	149.0	149.0	150.0	151.0	152.0	153.0	154.0	155.0	156.0	157.0	158.0	159.0	160.0	161.0	162.0	163.0	164.0	165.0	166.0	167.0	168.0	169.0	170.0	171.0	172.0	173.0	174.0	175.0	176.0	177.0	178.0	179.0	180.0	181.0	182.0	183.0	184.0	185.0	186.0	187.0	188.0	189.0	190.0	191.0	192.0	193.0	194.0	195.0	196.0	197.0	198.0	199.0	200.0	201.0	202.0	203.0	204.0	205.0	206.0	207.0	208.0	209.0	210.0	211.0	212.0	213.0	214.0	215.0	216.0	217.0	218.0	219.0	220.0	221.0	222.0	223.0	224.0	225.0	226.0	227.0	228.0	229.0	230.0	231.0	232.0	233.0	234.0	235.0	236.0	237.0	238.0	239.0	240.0	241.0	242.0	243.0	244.0	245.0	246.0	247.0	248.0	249.0	250.0	251.0	252.0	253.0	254.0	255.0	256.0	257.0	258.0	259.0	260.0	261.0	262.0	263.0	264.0	265.0	266.0	267.0	268.0	269.0	270.0	271.0	272.0	273.0	274.0	275.0	276.0	277.0	278.0	279.0	280.0	281.0	282.0	283.0	284.0	285.0	286.0	287.0	288.0	289.0	290.0	291.0	292.0	293.0	294.0	295.0	296.0	297.0	298.0	298.0	299.0	300.0
3007.724418967058
