3878.673205802703	300.0	2000.0	234.70182559319232	0	0.0	3878.673205802703	1	0	1	-1.806096911290525
4151.660734575944	300.0	2699.713718349435	0.0	0	0.0	3851.374452925379	1	0	2	-0.8104560979421185
4420.407730126552	300.0	3404.092023243766	0.0	0	0.0	3824.499753370318	1	0	2	-0.6003078954492871
5200.0	300.0	3546.540526382974	0.0	0	553.5438440144771	3746.5405263829734	1	0	2	-0.5833443278378205
6200.0	500.0	3446.5405263829734	0.0	0	556.070196959191	3646.5405263829725	1	0	2	-0.5502744554515557
7200.0	500.0	3346.5405263829725	0.0	0	677.8048467133794	3546.5405263829716	1	0	2	-0.007993049859702048
8200.0	500.0	3246.5405263829716	0.0	0	674.1197688876791	3446.5405263829725	1	0	2	0.02094187564801927
9200.0	500.0	3146.54052638297	0.0	0	650.1782144581084	3346.54052638297	1	0	2	0.04751943296647598
10200.0	1000.0	3046.5405263829734	0.0	0	352.3547621917751	3246.5405263829734	1	0	2	0.07269607254978552
11200.0	1000.0	2946.540526382971	0.0	0	456.2628401412985	3146.5405263829716	1	0	2	0.7878945930061665
12200.0	1000.0	2846.540526382971	0.0	0	474.9123846756811	3046.5405263829743	1	0	2	0.8079602789834297
13200.0	1000.0	2746.54052638297	0.0	0	575.6274472568093	2946.5405263829743	1	0	2	0.826662055413939
14200.0	1000.0	2646.54052638297	0.0	0	447.0368668372521	2846.5405263829725	1	0	2	0.8436918238464308
15200.0	1000.0	2546.5405263829693	0.0	0	438.56000615006815	2746.5405263829743	1	0	2	0.8594981802909607
16200.0	1000.0	2446.5405263829684	0.0	0	330.3028976044461	2646.5405263829743	1	0	2	0.8736104555833926
17200.0	1000.0	2346.5405263829707	0.0	0	312.84840051379433	2546.540526382976	1	0	2	0.8867581825873116
18200.0	1000.0	2246.540526382966	0.0	0	548.6052383477654	2446.5405263829725	1	0	2	0.8981601954930246
19200.0	1000.0	2146.540526382966	0.0	0	452.2744366023544	2346.540526382978	1	0	2	0.9090350794221618
20200.0	1000.0	2046.5405263829657	0.0	0	460.6978944551811	2246.540526382978	1	0	2	0.9186245865828012
21218.126849800952	1000.0	1926.6009916019232	0.0	0	0.0	2144.727841402884	1	0	2	0.9283546023446269
22200.0	1000.0	1846.5405263829762	0.0	0	292.51309446191226	2046.5405263829853	1	0	2	0.9359237645880649
23200.0	1000.0	1746.5405263829737	0.0	0	365.95393146978313	1946.540526382978	1	0	2	0.943001118418108
24200.0	1000.0	1646.5405263829705	0.0	0	339.62938785358347	1846.5405263829743	1	0	2	0.9497104506355313
25200.0	1000.0	1546.5405263829703	0.0	0	467.33995538261297	1746.540526382978	1	0	2	0.9555758692219869
26200.0	1000.0	1446.540526382971	0.0	0	344.7373913799711	1646.5405263829816	1	0	2	0.9612319732569887
27200.0	1000.0	1346.5405263829666	0.0	0	653.0947635019002	1546.5405263829816	1	0	2	0.9659719203254721
28200.0	1000.0	1246.5405263829693	0.0	0	513.3543447822703	1446.540526382989	1	0	2	0.9704830248361199
29200.0	1000.0	1146.5405263829678	0.0	0	308.57923184885294	1346.5405263829853	1	0	2	0.9746709080307212
30200.0	1000.0	1046.5405263829698	0.0	0	376.1963587103237	1246.5405263829853	1	0	2	0.9783489254826188
31200.0	1000.0	946.5405263829689	0.0	0	293.2661650688133	1146.5405263829816	1	0	2	0.9817563376446015
32200.0	1000.0	846.5405263829632	0.0	0	492.8892663018196	1046.5405263829816	1	0	2	0.9847144430727024
33200.0	1000.0	746.5405263829605	0.0	0	409.8610511483457	946.5405263829816	1	0	2	0.9875035840384734
34200.0	1000.0	746.5405263829667	0.0	0	636.3666966026867	946.5405263829889	1	0	1	0.988476651165191
35200.0	1000.0	746.5405263829692	0.0	0	579.5706398108232	946.5405263829889	1	0	1	1.188476651165191
36200.0	1000.0	746.5405263829741	0.0	0	440.1002701139005	946.5405263829889	1	0	1	1.188476651165191
37200.0	1000.0	746.5405263829695	0.0	0	402.52992825243564	946.5405263829889	1	0	1	1.188476651165191
38200.0	1000.0	746.5405263829707	0.0	0	661.040414223542	946.5405263829889	1	0	1	1.188476651165191
39200.0	1000.0	746.54052638298	0.0	0	592.5203053038858	946.5405263829962	1	0	1	1.1884766511651907
40200.0	2000.0	746.5405263829795	0.0	0	99.23401169386489	946.5405263829962	1	0	1	1.1884766511651907
41318.98829983862	2000.0	627.5522265443583	0.0	0	0.0	946.5405263829962	1	0	1	1.8816238317251361
42728.74613922988	2000.0	366.34518032139647	148.5507931682971	0	0.0	1095.0913195512912	1	0	1	0.9862832634543034
43700.02262306057	2000.0	533.4428782096392	138.3741817189387	0	0.0	1233.4655012702278	1	0	1	1.0430133314728138
44834.69162833465	2000.0	398.7738729355592	0.0	0	0.0	1233.4655012702278	1	0	1	1.873258421786446
45527.91213668837	1000.0	705.5533645818482	0.0	0	0.0	1233.4655012702278	1	0	1	0.48696406066655606
46205.01637573529	1000.0	1028.449125534928	0.0	0	0.0	1233.4655012702278	1	0	1	1.1801112412265011
47200.0	1000.0	1033.4655012702187	0.0	0	338.537365588978	1233.4655012702278	1	0	1	1.1801112412265011
48200.0	1000.0	1033.465501270226	0.0	0	213.0243417478705	1233.4655012702278	1	0	1	1.1801112412265011
49200.0	1000.0	1033.4655012702246	0.0	0	514.9032997709874	1233.4655012702278	1	0	1	1.1801112412265011
50200.0	1000.0	1033.4655012702274	0.0	0	501.8928386412517	1233.4655012702278	1	0	1	1.1801112412265011
51200.0	1000.0	1033.4655012702335	0.0	0	483.61942673954036	1233.4655012702278	1	0	1	1.1801112412265011
52200.0	1000.0	1033.465501270232	0.0	0	677.9396603909045	1233.4655012702278	1	0	1	1.1801112412265011
53200.0	1000.0	1033.4655012702297	0.0	0	469.75384673434746	1233.4655012702278	1	0	1	1.1801112412265011
54200.0	1000.0	1033.4655012702249	0.0	0	98.88324461299635	1233.4655012702206	1	0	1	1.1801112412265016
55200.0	1000.0	1033.4655012702176	0.0	0	25.321151862422994	1233.4655012702206	1	0	1	1.1801112412265016
56200.0	1000.0	1033.4655012702224	0.0	0	226.32370652294776	1233.4655012702133	1	0	1	1.1801112412265016
57308.39120388435	1000.0	925.0742973858752	0.0	0	0.0	1233.4655012702133	1	0	1	1.1801112412265016
58200.0	1000.0	1033.4655012702187	0.0	0	186.3489114011827	1233.4655012702133	1	0	1	1.1801112412265016
59200.0	1000.0	1033.465501270223	0.0	0	224.11005497594306	1233.4655012702206	1	0	1	1.1801112412265016
60200.0	1000.0	1033.4655012702246	0.0	0	48.462401991913794	1233.4655012702206	1	0	1	1.1801112412265016
61200.0	1000.0	1033.4655012702283	0.0	0	458.62726250528794	1233.4655012702206	1	0	1	1.1801112412265016
62200.0	1000.0	1033.465501270237	0.0	0	276.19765788123914	1233.4655012702206	1	0	1	1.1801112412265016
63200.0	1000.0	1033.4655012702412	0.0	0	259.2688065698894	1233.4655012702206	1	0	1	1.1801112412265016
64200.0	1000.0	1033.4655012702456	0.0	0	521.827335092974	1233.4655012702206	1	0	1	1.1801112412265016
65200.0	1000.0	1033.4655012702465	0.0	0	286.18150812594104	1233.4655012702206	1	0	1	1.1801112412265016
66200.0	1000.0	1033.465501270245	0.0	0	468.4156562480348	1233.4655012702133	1	0	1	1.1801112412265016
67200.0	1000.0	1033.4655012702588	0.0	0	401.02045081552933	1233.4655012702278	1	0	1	1.1801112412265014
68200.0	1000.0	1033.465501270258	0.0	0	479.9790693316172	1233.4655012702424	1	0	1	1.1801112412265007
69200.0	1000.0	1033.4655012702651	0.0	0	504.37498267348565	1233.4655012702278	1	0	1	1.1801112412265011
70200.0	1000.0	1033.4655012702585	0.0	0	401.54819791886257	1233.4655012702133	1	0	1	1.1801112412265016
71201.92382439313	1000.0	1031.541676877133	0.0	0	0.0	1233.4655012702133	1	0	1	1.1801112412265016
72200.0	1000.0	1033.4655012702729	0.0	0	482.13537759786414	1233.4655012702133	1	0	1	1.1801112412265016
73200.0	1000.0	1033.4655012702765	0.0	0	604.9008374425175	1233.4655012702133	1	0	1	1.1801112412265016
74200.0	1000.0	1033.4655012702779	0.0	0	615.6384516465623	1233.4655012702278	1	0	1	1.1801112412265011
75200.0	1000.0	1033.4655012702865	0.0	0	566.6374537624652	1233.4655012702133	1	0	1	1.1801112412265016
76200.0	1000.0	1033.4655012702865	0.0	0	553.373979666736	1233.4655012702133	1	0	1	1.1801112412265016
77200.0	1000.0	1033.4655012702892	0.0	0	492.8394846745505	1233.4655012702133	1	0	1	1.1801112412265016
78200.0	1000.0	1033.4655012702901	0.0	0	230.799432827509	1233.4655012702133	1	0	1	1.1801112412265016
79200.0	1000.0	1033.4655012703033	0.0	0	90.79724482490565	1233.4655012702278	1	0	1	1.1801112412265011
80200.0	1000.0	1033.46550127032	0.0	0	412.89193994397647	1233.4655012702278	1	0	1	1.1801112412265011
81200.0	1000.0	1033.4655012703226	0.0	0	479.35801644316234	1233.4655012702278	1	0	1	1.1801112412265011
82200.0	1000.0	1033.4655012703151	0.0	0	687.4533147568291	1233.4655012702278	1	0	1	1.1801112412265011
83200.0	1000.0	1033.4655012703129	0.0	0	588.0203442215861	1233.4655012702278	1	0	1	1.1801112412265011
84200.0	1000.0	1033.4655012703136	0.0	0	589.0317584252625	1233.4655012702424	1	0	1	1.1801112412265007
85200.0	1000.0	1033.4655012703247	0.0	0	624.4457925861643	1233.4655012702278	1	0	1	1.1801112412265011
86200.0	1000.0	1033.4655012703076	0.0	0	369.2308036232862	1233.4655012702424	1	0	1	1.1801112412265007
87200.0	1000.0	1033.4655012703133	0.0	0	450.1579633369547	1233.4655012702424	1	0	1	1.1801112412265007
88200.0	1000.0	1033.4655012703315	0.0	0	563.1473598993034	1233.4655012702424	1	0	1	1.1801112412265007
89200.0	1000.0	1033.4655012703274	0.0	0	391.12731724428886	1233.4655012702424	1	0	1	1.1801112412265007
90432.41561503001	2000.0	801.0498862403183	0.0	0	0.0	1233.4655012702424	1	0	1	1.1801112412265007
91200.0	2000.0	1033.4655012703215	0.0	0	167.07742563795182	1233.4655012702424	1	0	1	1.8732584217864459
92200.0	2000.0	1033.4655012703247	0.0	0	143.97132308327127	1233.4655012702278	1	0	1	1.873258421786446
93200.0	2000.0	1033.4655012703322	0.0	0	485.3341802700452	1233.4655012702424	1	0	1	1.8732584217864459
94488.94435941898	2000.0	744.5211418513549	0.0	0	0.0	1233.4655012702424	1	0	1	1.8732584217864459
95485.20986483098	2000.0	748.2556364393554	0.0	0	0.0	1233.4655012702424	1	0	1	1.8732584217864459
96200.0	2000.0	1033.4655012703333	0.0	0	21.61705971590709	1233.4655012702424	1	0	1	1.8732584217864459
97215.87804001026	2000.0	1017.5874612600886	0.0	0	0.0	1233.4655012702424	1	0	1	1.8732584217864459
98200.0	2000.0	1033.4655012703429	0.0	0	28.843453388195485	1233.4655012702424	1	0	1	1.8732584217864459
99491.78961887708	2000.0	741.6758823932679	0.0	0	0.0	1233.465501270257	1	0	1	1.8732584217864454
100200.0	2000.0	1033.4655012703424	0.0	0	22.59839477823698	1233.465501270257	1	0	1	1.8732584217864454
101201.13661320749	2000.0	1032.3288880628327	0.0	0	0.0	1233.465501270257	1	0	1	1.8732584217864454
102219.23667277874	2000.0	1014.2288284915721	0.0	0	0.0	1233.4655012702424	1	0	1	1.8732584217864459
103563.3000379661	2000.0	670.1654633042301	0.0	0	0.0	1233.4655012702424	1	0	1	1.8732584217864459
104488.41375385346	2000.0	745.0517474168728	0.0	0	0.0	1233.4655012702424	1	0	1	1.8732584217864459
105303.01897166207	2000.0	930.4465296082667	0.0	0	0.0	1233.4655012702424	1	0	1	1.8732584217864459
106200.0	2000.0	1033.4655012703192	0.0	0	302.1402447518776	1233.4655012702424	1	0	1	1.8732584217864459
107200.0	2000.0	1033.465501270312	0.0	0	102.06901189801283	1233.4655012702278	1	0	1	1.873258421786446
108200.0	2000.0	1033.4655012702988	0.0	0	239.44655085747945	1233.4655012702278	1	0	1	1.873258421786446
109200.0	2000.0	1033.4655012703042	0.0	0	51.67521520120499	1233.4655012702424	1	0	1	1.8732584217864459
110299.49146478214	2000.0	933.9740364881629	0.0	0	0.0	1233.4655012702424	1	0	1	1.8732584217864459
111410.97493684295	2000.0	822.4905644273643	0.0	0	0.0	1233.4655012702424	1	0	1	1.8732584217864459
112243.60219322004	2000.0	989.8633080502623	0.0	0	0.0	1233.4655012702424	1	0	1	1.8732584217864459
113200.0	2000.0	1033.4655012702983	0.0	0	98.60518282403063	1233.4655012702424	1	0	1	1.8732584217864459
114200.0	2000.0	1033.4655012703238	0.0	0	89.61870288931823	1233.4655012702424	1	0	1	1.8732584217864459
115716.6772096926	2000.0	516.7882915777435	0.0	0	0.0	1233.465501270257	1	0	1	1.8732584217864454
117254.20672916817	2000.0	200.0	220.74122789782766	0	0.0	1454.206729168087	1	0	1	0.5439676500802365
118474.01195575668	2000.0	393.4238890803558	413.2291156688493	0	0.0	1867.4358448369312	1	0	1	-0.6355178952060266
119265.59737800741	1000.0	606.6810198746423	4.842553045020566	0	0.0	1872.2783978819498	1	0	1	0.4282054160213529
119920.58794114634	1000.0	951.6904567357352	0.0	0	0.0	1872.2783978819498	1	0	1	1.1504079148514215
120349.38170681674	1000.0	1522.8966910653335	0.0	0	0.0	1872.2783978819643	1	0	1	1.1504079148514206
121200.0	1000.0	1672.2783978820687	0.0	0	452.1714022227825	1872.2783978819643	1	0	1	1.1504079148514206
122200.0	1000.0	1672.2783978820555	0.0	0	547.4719862356433	1872.2783978819643	1	0	1	1.1504079148514206
123200.0	1000.0	1672.2783978820432	0.0	0	678.3689849209186	1872.2783978819643	1	0	1	1.1504079148514206
124200.0	1000.0	1672.2783978820423	0.0	0	431.97284655919066	1872.2783978819643	1	0	1	1.1504079148514206
125200.0	1000.0	1672.278397882051	0.0	0	429.45389172132127	1872.278397881979	1	0	1	1.1504079148514197
126200.0	2000.0	1672.2783978820394	0.0	0	44.617695870561874	1872.278397881979	1	0	1	1.1504079148514195
127200.0	2000.0	1672.2783978820332	0.0	0	64.18460765117197	1872.278397881979	1	0	1	1.8435550954113646
128241.84465872866	2000.0	1630.4337391533843	0.0	0	0.0	1872.2783978819934	1	0	1	1.843555095411364
129200.0	2000.0	1672.2783978820394	0.0	0	327.37872173012875	1872.278397882008	1	0	1	1.843555095411363
130200.0	2000.0	1672.2783978820348	0.0	0	458.40477864029526	1872.2783978819934	1	0	1	1.843555095411364
131200.0	2000.0	1672.2783978820482	0.0	0	87.8870737299003	1872.2783978819934	1	0	1	1.843555095411364
132758.48696950427	2000.0	1113.7914283777745	0.0	0	0.0	1872.2783978819934	1	0	1	1.8435550954113644
133689.38307898428	2000.0	1182.8953188977598	0.0	0	0.0	1872.278397881979	1	0	1	1.8435550954113646
135202.20031384262	2000.0	670.0780840394215	0.0	0	0.0	1872.278397881979	1	0	1	1.8435550954113646
136064.71171005766	2000.0	807.5666878243672	0.0	0	0.0	1872.278397881979	1	0	1	1.8435550954113646
137131.58274427959	2000.0	740.695653602409	0.0	0	0.0	1872.278397882008	1	0	1	1.843555095411363
138074.86884240832	2000.0	797.4095554736783	0.0	0	0.0	1872.278397882008	1	0	1	1.843555095411363
139416.38371853362	2000.0	455.8946793483657	0.0	0	0.0	1872.278397882008	1	0	1	1.843555095411363
139688.3205707622	1000.0	1183.9578271197465	0.0	0	0.0	1872.278397882008	1	0	1	0.45726073429147274
140200.0	1000.0	1672.278397881954	0.0	0	154.21760340136825	1872.278397882008	1	0	1	1.150407914851418
141200.0	1000.0	1672.278397881953	0.0	0	418.8721813299344	1872.278397882008	1	0	1	1.150407914851418
142200.0	1000.0	1672.2783978819457	0.0	0	508.4575806321227	1872.278397882008	1	0	1	1.150407914851418
143200.0	2000.0	1672.2783978819464	0.0	0	65.28572097589495	1872.278397882008	1	0	1	1.150407914851418
144276.10910615075	2000.0	1596.1692917311914	0.0	0	0.0	1872.278397882008	1	0	1	1.843555095411363
145482.73869212597	2000.0	1389.5397057559462	0.0	0	0.0	1872.278397882008	1	0	1	1.843555095411363
146783.5410635744	2000.0	1088.7373343075224	0.0	0	0.0	1872.278397882008	1	0	1	1.843555095411363
147405.6908659395	2000.0	1466.5875319423953	0.0	0	0.0	1872.278397882008	1	0	1	1.843555095411363
148651.67739245587	2000.0	1220.6010054260255	0.0	0	0.0	1872.278397882008	1	0	1	1.843555095411363
149997.8548571453	2000.0	874.4235407365561	0.0	0	0.0	1872.278397882008	1	0	1	1.843555095411363
150778.8922287574	2000.0	1093.3861691244565	0.0	0	0.0	1872.278397882008	1	0	1	1.843555095411363
151965.1658917053	2000.0	907.1125061765352	0.0	0	0.0	1872.278397881979	1	0	1	1.8435550954113646
153158.27939077583	2000.0	713.9990071060365	0.0	0	0.0	1872.278397882008	1	0	1	1.843555095411363
153662.9115054892	1000.0	1209.3668923926498	0.0	0	0.0	1872.278397882008	1	0	1	0.45726073429147274
154206.38962638745	1000.0	1665.8887714944176	0.0	0	0.0	1872.278397882037	1	0	1	1.150407914851416
155200.0	1000.0	1672.2783978818454	0.0	0	314.54129277085303	1872.278397882037	1	0	1	1.150407914851416
156200.0	1000.0	1672.2783978818716	0.0	0	292.66823330597254	1872.2783978820662	1	0	1	1.1504079148514141
157200.0	1000.0	1672.2783978818645	0.0	0	510.54670170877944	1872.2783978820953	1	0	1	1.1504079148514124
158200.0	1000.0	1672.2783978818613	0.0	0	103.35057752055582	1872.2783978820662	1	0	1	1.1504079148514141
159200.0	1000.0	1672.2783978818704	0.0	0	378.889697855775	1872.2783978820662	1	0	1	1.1504079148514141
160200.0	1000.0	1672.2783978818736	0.0	0	504.2525180436496	1872.278397882037	1	0	1	1.150407914851416
161200.0	1000.0	1672.2783978818406	0.0	0	558.682610474003	1872.278397882008	1	0	1	1.150407914851418
162200.0	1000.0	1672.2783978818359	0.0	0	545.7817320664763	1872.278397882008	1	0	1	1.150407914851418
163200.0	1000.0	1672.2783978818436	0.0	0	509.54570217523724	1872.278397882008	1	0	1	1.150407914851418
164200.0	1000.0	1672.2783978818613	0.0	0	384.1424504183815	1872.278397881979	1	0	1	1.1504079148514197
165200.0	1000.0	1672.2783978818584	0.0	0	364.59172138076974	1872.278397881979	1	0	1	1.1504079148514197
166200.0	1000.0	1672.2783978818718	0.0	0	514.9395350373816	1872.278397882008	1	0	1	1.150407914851418
167200.0	1000.0	1672.2783978818818	0.0	0	504.69808767799987	1872.278397882008	1	0	1	1.150407914851418
168200.0	1000.0	1672.2783978818918	0.0	0	551.87952765316	1872.278397882008	1	0	1	1.150407914851418
169200.0	1000.0	1672.278397881866	0.0	0	331.43478655733634	1872.278397881979	1	0	1	1.1504079148514197
170200.0	1000.0	1672.2783978818566	0.0	0	127.71649533387972	1872.2783978819498	1	0	1	1.1504079148514215
171200.0	1000.0	1672.2783978818923	0.0	0	144.77094681138988	1872.278397881979	1	0	1	1.1504079148514197
172200.0	1000.0	1672.2783978819095	0.0	0	417.92690116303856	1872.278397881979	1	0	1	1.1504079148514197
173200.0	1000.0	1672.2783978819007	0.0	0	468.039696123451	1872.278397882008	1	0	1	1.150407914851418
174200.0	1000.0	1672.278397881883	0.0	0	371.1403858368576	1872.278397882008	1	0	1	1.150407914851418
175200.0	1000.0	1672.2783978818975	0.0	0	339.8238893012749	1872.278397882037	1	0	1	1.150407914851416
176200.0	1000.0	1672.2783978819348	0.0	0	532.9210452753468	1872.278397882037	1	0	1	1.150407914851416
177200.0	1000.0	1672.2783978819434	0.0	0	623.7923027043289	1872.278397882037	1	0	1	1.150407914851416
178200.0	1000.0	1672.2783978818961	0.0	0	356.8125213481253	1872.278397882037	1	0	1	1.150407914851416
179200.0	1000.0	1672.2783978818904	0.0	0	306.2755039584008	1872.278397882008	1	0	1	1.150407914851418
180200.0	1000.0	1672.2783978819118	0.0	0	306.3149748369178	1872.278397882008	1	0	1	1.150407914851418
181200.0	1000.0	1672.2783978819195	0.0	0	371.01604353034054	1872.278397882008	1	0	1	1.150407914851418
182200.0	1000.0	1672.2783978819164	0.0	0	463.5383475876879	1872.278397882037	1	0	1	1.150407914851416
183200.0	1000.0	1672.2783978818934	0.0	0	668.0596793778532	1872.278397882037	1	0	1	1.150407914851416
184200.0	1000.0	1672.278397881907	0.0	0	455.49034743011	1872.278397882008	1	0	1	1.150407914851418
185438.47784728403	2000.0	1433.8005505978804	0.0	0	0.0	1872.278397882037	1	0	1	1.150407914851416
186200.0	1000.0	1672.2783978819111	0.0	0	165.40485002056812	1872.278397882037	1	0	1	0.4572607342914708
187200.0	1000.0	1672.2783978819225	0.0	0	676.7753634871915	1872.278397882037	1	0	1	1.150407914851416
188200.0	2000.0	1672.2783978819323	0.0	0	131.36824355836143	1872.278397882037	1	0	1	1.150407914851416
189388.2500679598	2000.0	1484.028329922124	0.0	0	0.0	1872.278397882037	1	0	1	1.843555095411361
190373.92481902486	2000.0	1498.3535788570855	0.0	0	0.0	1872.278397882037	1	0	1	1.843555095411361
191702.6927198631	2000.0	1169.585678018871	0.0	0	0.0	1872.278397882037	1	0	1	1.843555095411361
192708.5933355107	2000.0	1163.6850623712658	0.0	0	0.0	1872.278397882037	1	0	1	1.843555095411361
193879.3484703426	2000.0	992.9299275393457	0.0	0	0.0	1872.278397882037	1	0	1	1.843555095411361
194490.62350526842	1000.0	1381.6548926135822	0.0	0	0.0	1872.2783978820662	1	0	1	0.457260734291469
195200.0	1000.0	1672.2783978820019	0.0	0	115.72922768050921	1872.2783978820662	1	0	1	1.1504079148514141
196200.0	1000.0	1672.278397882002	0.0	0	318.7675063087372	1872.2783978820662	1	0	1	1.1504079148514141
197200.0	1000.0	1672.2783978819923	0.0	0	172.2712177411595	1872.278397882037	1	0	1	1.150407914851416
198200.0	1000.0	1672.2783978819612	0.0	0	338.7420979835442	1872.278397882037	1	0	1	1.150407914851416
199200.0	1000.0	1672.2783978819434	0.0	0	559.0962820881396	1872.278397882037	1	0	1	1.150407914851416
200200.0	1000.0	1672.278397881963	0.0	0	620.7507754812541	1872.278397882008	1	0	1	1.150407914851418
201200.0	1000.0	1672.2783978819264	0.0	0	457.808976418135	1872.278397881979	1	0	1	1.1504079148514197
202200.0	1000.0	1672.2783978819423	0.0	0	631.9695574639481	1872.278397881979	1	0	1	1.1504079148514197
203200.0	1000.0	1672.2783978819584	0.0	0	324.8104472855048	1872.2783978819498	1	0	1	1.1504079148514215
204226.09162980632	1000.0	1646.1867680755947	0.0	0	0.0	1872.2783978819498	1	0	1	1.1504079148514215
205200.0	1000.0	1672.2783978819562	0.0	0	24.046254886110546	1872.2783978819498	1	0	1	1.1504079148514215
206213.6090918017	1000.0	1658.6693060802268	0.0	0	0.0	1872.278397881979	1	0	1	1.1504079148514197
207248.8919587715	1000.0	1623.386439110448	0.0	0	0.0	1872.278397882008	1	0	1	1.150407914851418
208440.03301330967	1000.0	1432.245384572284	0.0	0	0.0	1872.278397882008	1	0	1	1.150407914851418
209291.0927823278	1000.0	1581.1856155541543	0.0	0	0.0	1872.278397882008	1	0	1	1.150407914851418
210200.0	1000.0	1672.2783978818904	0.0	0	122.47186924697598	1872.278397882008	1	0	1	1.150407914851418
211200.0	1000.0	1672.2783978819025	0.0	0	376.67360630992334	1872.278397882037	1	0	1	1.150407914851416
212200.0	1000.0	1672.278397881888	0.0	0	495.21696208731737	1872.278397882037	1	0	1	1.150407914851416
213200.0	1000.0	1672.2783978818757	0.0	0	499.1760895002226	1872.278397882037	1	0	1	1.150407914851416
214200.0	1000.0	1672.2783978818538	0.0	0	181.90170829495764	1872.278397882008	1	0	1	1.150407914851418
215200.0	1000.0	1672.2783978818627	0.0	0	295.993242378172	1872.278397882008	1	0	1	1.150407914851418
216200.0	1000.0	1672.2783978818532	0.0	0	388.1085360502475	1872.278397882008	1	0	1	1.150407914851418
217200.0	1000.0	1672.278397881874	0.0	0	409.4337606622721	1872.278397881979	1	0	1	1.1504079148514197
218200.0	1000.0	1672.2783978818575	0.0	0	420.2789738801948	1872.278397881979	1	0	1	1.1504079148514197
219200.466366839	1000.0	1671.8120310428735	0.0	0	0.0	1872.278397881979	1	0	1	1.1504079148514197
220200.0	1000.0	1672.2783978818961	0.0	0	181.72596960118972	1872.278397882008	1	0	1	1.150407914851418
221200.0	1000.0	1672.2783978818948	0.0	0	425.10288048215443	1872.278397882037	1	0	1	1.150407914851416
222200.0	1000.0	1672.278397881884	0.0	0	594.3452178912703	1872.2783978820662	1	0	1	1.1504079148514146
223200.0	1000.0	1672.2783978818727	0.0	0	488.48341996237286	1872.278397882037	1	0	1	1.150407914851416
224200.0	1000.0	1672.2783978818543	0.0	0	506.1504675564938	1872.278397882037	1	0	1	1.150407914851416
225200.0	1000.0	1672.2783978818711	0.0	0	601.9698679129942	1872.278397882037	1	0	1	1.150407914851416
226200.0	1000.0	1672.2783978818525	0.0	0	473.25652218671166	1872.278397882008	1	0	1	1.150407914851418
227200.0	1000.0	1672.2783978818607	0.0	0	277.4200312171306	1872.278397882008	1	0	1	1.150407914851418
228200.0	1000.0	1672.2783978818688	0.0	0	95.36468864514609	1872.278397882008	1	0	1	1.150407914851418
229200.0	1000.0	1672.2783978818666	0.0	0	294.1404024519725	1872.278397881979	1	0	1	1.1504079148514197
230200.0	1000.0	1672.2783978818625	0.0	0	650.5423649572767	1872.278397881979	1	0	1	1.1504079148514197
231200.0	1000.0	1672.27839788188	0.0	0	704.0365101819916	1872.278397881979	1	0	1	1.1504079148514197
232200.0	1000.0	1672.2783978819023	0.0	0	317.3679946368502	1872.278397882008	1	0	1	1.150407914851418
233200.0	1000.0	1672.2783978818948	0.0	0	364.21229236602085	1872.278397882008	1	0	1	1.150407914851418
234200.0	1000.0	1672.2783978819052	0.0	0	612.659056765493	1872.278397882008	1	0	1	1.150407914851418
235200.0	1000.0	1672.2783978819007	0.0	0	484.5880293799564	1872.278397881979	1	0	1	1.1504079148514192
236200.0	1000.0	1672.2783978818754	0.0	0	566.7756674241682	1872.2783978819498	1	0	1	1.1504079148514215
237200.0	1000.0	1672.2783978818645	0.0	0	591.0271842957591	1872.2783978819498	1	0	1	1.1504079148514215
238200.0	1000.0	1672.278397881858	0.0	0	453.62157913466217	1872.2783978819498	1	0	1	1.1504079148514215
239473.96664061287	2000.0	1398.3117572689905	0.0	0	0.0	1872.2783978819498	1	0	1	1.1504079148514215
240327.9868480862	2000.0	1544.2915497956915	0.0	0	0.0	1872.2783978819498	1	0	1	1.8435550954113666
241200.0	2000.0	1672.2783978819245	0.0	0	110.03097074356629	1872.278397881979	1	0	1	1.8435550954113646
242200.0	2000.0	1672.2783978819398	0.0	0	479.3962044340151	1872.2783978819498	1	0	1	1.8435550954113666
243464.88727237625	2000.0	1407.391125505697	0.0	0	0.0	1872.278397881979	1	0	1	1.8435550954113662
244367.15757819166	2000.0	1505.1208196902867	0.0	0	0.0	1872.278397882008	1	0	1	1.843555095411363
245403.540736859	2000.0	1468.7376610229198	0.0	0	0.0	1872.278397882008	1	0	1	1.843555095411363
246200.0	2000.0	1672.2783978819293	0.0	0	75.23196266739978	1872.278397881979	1	0	1	1.8435550954113646
247200.0	2000.0	1672.2783978819232	0.0	0	8.370893191895448	1872.278397881979	1	0	1	1.8435550954113646
248630.66267000063	2000.0	1241.6157278813112	0.0	0	0.0	1872.2783978819498	1	0	1	1.8435550954113666
249687.43082122752	2000.0	1184.8475766543943	0.0	0	0.0	1872.278397881979	1	0	1	1.8435550954113646
250420.21902987268	2000.0	1452.0593680092584	0.0	0	0.0	1872.278397881979	1	0	1	1.8435550954113646
251692.5194236576	2000.0	1179.758974224362	0.0	0	0.0	1872.278397881979	1	0	1	1.8435550954113646
252899.74772736148	2000.0	972.5306705204989	0.0	0	0.0	1872.278397882008	1	0	1	1.843555095411363
253817.42557290592	2000.0	1054.8528249760507	0.0	0	0.0	1872.278397882008	1	0	1	1.843555095411363
254663.08215682345	2000.0	1209.1962410584892	0.0	0	0.0	1872.278397882008	1	0	1	1.843555095411363
255561.71301194027	2000.0	1310.565385941703	0.0	0	0.0	1872.278397882008	1	0	1	1.843555095411363
256563.2419944546	2000.0	1309.0364034273277	0.0	0	0.0	1872.278397882008	1	0	1	1.843555095411363
257504.67498163602	2000.0	1367.6034162459007	0.0	0	0.0	1872.278397882008	1	0	1	1.843555095411363
258665.97675532234	2000.0	1206.3016425595779	0.0	0	0.0	1872.278397882008	1	0	1	1.843555095411363
259703.87267240864	2000.0	1168.4057254732802	0.0	0	0.0	1872.278397882008	1	0	1	1.843555095411363
260489.2976551253	2000.0	1382.9807427566357	0.0	0	0.0	1872.278397882008	1	0	1	1.843555095411363
261372.44666388095	2000.0	1499.8317340009744	0.0	0	0.0	1872.278397882008	1	0	1	1.843555095411363
262200.0	2000.0	1672.2783978818989	0.0	0	280.40686225664103	1872.278397882008	1	0	1	1.843555095411363
263479.34428745916	2000.0	1392.9341104227449	0.0	0	0.0	1872.278397881979	1	0	1	1.8435550954113649
264994.2622645682	2000.0	878.01613331369	0.0	0	0.0	1872.278397882008	1	0	1	1.843555095411363
266575.55351192574	2000.0	296.72488595611526	0.0	0	0.0	1872.278397882008	1	0	1	1.843555095411363
267335.9336343476	2000.0	590.1667190304333	53.821955496106	0	0.0	1926.1003533781623	1	0	1	1.5171731802644524
268629.9008358468	2000.0	296.19951753127805	0.0	0	0.0	1926.1003533782205	1	0	1	1.8401049132410865
269213.83777127	1000.0	712.2625821080264	0.0	0	0.0	1926.1003533782205	1	0	1	0.45381055212119414
269608.0756020026	1000.0	1318.0247513754232	0.0	0	0.0	1926.1003533781623	1	0	1	1.1469577326811433
270352.781279213	2000.0	1573.3190741649971	0.0	0	0.0	1926.1003533781623	1	0	1	1.146957732681143
271200.0	2000.0	1726.1003533780038	0.0	0	189.8084330377751	1926.1003533781623	1	0	1	1.8401049132410883
272200.0	2000.0	1726.1003533780101	0.0	0	249.05209719884442	1926.1003533782205	1	0	1	1.8401049132410843
273200.0	2000.0	1726.100353377983	0.0	0	288.6376953495783	1926.1003533782205	1	0	1	1.8401049132410843
274473.19211185275	2000.0	1452.9082415252117	0.0	0	0.0	1926.1003533781623	1	0	1	1.8401049132410883
275575.95959646173	2000.0	1350.140756916266	0.0	0	0.0	1926.100353378104	1	0	1	1.8401049132410896
276359.3965342714	2000.0	1566.7038191065296	0.0	0	0.0	1926.100353378104	1	0	1	1.840104913241092
277483.4434130281	2000.0	1442.6569403498497	0.0	0	0.0	1926.100353378104	1	0	1	1.840104913241092
278200.0	2000.0	1726.1003533779494	0.0	0	132.7219293876551	1926.100353378104	1	0	1	1.840104913241092
279200.0	2000.0	1726.1003533780006	0.0	0	390.34063477726886	1926.100353378104	1	0	1	1.840104913241092
280588.17105846526	2000.0	1337.9292949127691	0.0	0	0.0	1926.100353378104	1	0	1	1.840104913241092
281882.25454910926	2000.0	1043.8458042687607	0.0	0	0.0	1926.100353378104	1	0	1	1.840104913241092
282908.1925007916	2000.0	1017.907852586319	0.0	0	0.0	1926.100353378104	1	0	1	1.840104913241092
284290.54391820147	2000.0	635.5564351765031	0.0	0	0.0	1926.1003533781623	1	0	1	1.8401049132410883
285020.1740248761	2000.0	905.9263285018735	0.0	0	0.0	1926.1003533781623	1	0	1	1.8401049132410883
285935.21156593604	2000.0	990.8887874419157	0.0	0	0.0	1926.1003533781623	1	0	1	1.8401049132410883
286948.0974598227	2000.0	978.0028935552167	0.0	0	0.0	1926.1003533781623	1	0	1	1.8401049132410883
288422.9339580716	2000.0	503.1663953063807	0.0	0	0.0	1926.1003533782205	1	0	1	1.8401049132410874
288749.4048699403	1000.0	1176.6954834376647	0.0	0	0.0	1926.1003533782205	1	0	1	0.45381055212119414
289200.0	1000.0	1726.100353377994	0.0	0	171.8542817433481	1926.1003533782205	1	0	1	1.1469577326811393
290200.0	1000.0	1726.1003533779926	0.0	0	506.7108052901458	1926.1003533782205	1	0	1	1.1469577326811393
291200.0	2000.0	1726.10035337803	0.0	0	239.35478241124656	1926.1003533782205	1	0	1	1.146957732681139
292200.0	2000.0	1726.1003533780108	0.0	0	424.30078457074706	1926.1003533782205	1	0	1	1.8401049132410843
293441.03721403034	2000.0	1485.063139347689	0.0	0	0.0	1926.1003533782205	1	0	1	1.8401049132410843
294881.84520012746	2000.0	1044.25515325058	0.0	0	0.0	1926.1003533782205	1	0	1	1.8401049132410843
295756.9767138986	2000.0	1169.1236394794307	0.0	0	0.0	1926.1003533782205	1	0	1	1.8401049132410843
296400.6174915786	2000.0	1525.4828617994024	0.0	0	0.0	1926.1003533782205	1	0	1	1.8401049132410843
297642.2100105414	2000.0	1283.890342836514	0.0	0	0.0	1926.1003533782205	1	0	1	1.8401049132410843
298673.6910625894	2000.0	1252.4092907884851	0.0	0	0.0	1926.1003533781623	1	0	1	1.8401049132410867
299704.44458407303	2000.0	1221.655769304881	0.0	0	0.0	1926.1003533781623	1	0	1	1.8401049132410883
300288.13714025734	2000.0	1637.9632131205815	0.0	0	0.0	1926.1003533781623	1	0	1	1.8401049132410883
1.62	1.91	1.33	1.62	1.66	1.39	1.55	2.53	2.03	2.68	2.0	2.27	1.51	1.9	1.73	2.48	1.89	1.12	1.31	1.45	1.75	1.37	2.37	3.08	2.13	1.54	1.8	2.05	2.05	2.36	2.64	1.63	1.95	2.46	3.74	2.49	2.25	2.27	1.12	1.71	1.92	1.89	1.74	1.74	1.54	2.11	1.83	2.32	2.92	2.15	1.24	1.26	1.27	1.12	1.27	1.1	1.25	1.84	1.77	1.85	2.03	1.32	1.6	1.48	2.11	2.1	1.15	1.38	2.25	1.89	2.35	2.84	2.19	1.8	1.7	1.23	1.85	2.84	2.61	1.92	1.91	2.93	1.92	2.7	2.29	2.33	1.64	2.62	3.05	3.73	1.58	2.75	2.39	2.26	2.34	1.59	2.61	2.25	2.21	1.3	1.99	3.36	2.7	2.65	2.15	2.02	1.85	2.36	2.46	2.98	1.98	1.47	1.97	1.37	2.12	1.69	2.0	2.77	3.13	2.58	2.04	2.14	1.8	2.43	2.24	4.15	2.26	1.54	1.7	2.06	2.09	1.44	2.61	2.2	2.5	1.12	3.15	1.69	2.8	2.93	1.84	1.88	1.93	2.65	1.47	1.22	1.97	2.79	1.6	1.56	1.62	1.91	1.33	1.62	1.66	1.39	1.55	2.53	2.03	2.68	2.0	2.27	1.51	1.9	1.73	2.48	1.89	1.12	1.31	1.45	1.75	1.37	2.37	3.08	2.13	1.54	1.8	2.05	2.05	2.36	2.64	1.63	1.95	2.46	3.74	2.49	2.25	2.27	1.12	1.71	1.92	1.89	1.74	1.74	1.54	2.11	1.83	2.32	2.92	2.15	1.24	1.26	1.27	1.12	1.27	1.1	1.25	1.84	1.77	1.85	2.03	1.32	1.6	1.48	2.11	2.1	1.15	1.38	2.25	1.89	2.35	2.84	2.19	1.8	1.7	1.23	1.85	2.84	2.61	1.92	1.91	2.93	1.92	2.7	2.29	2.33	1.64	2.62	3.05	3.73	1.58	2.75	2.39	2.26	2.34	1.59	2.61	2.25	2.21	1.3	1.99	3.36	2.7	2.65	2.15	2.02	1.85	2.36	2.46	2.98	1.98	1.47	1.97	1.37	2.12	1.69	2.0	2.77	3.13	2.58	2.04	2.14	1.8	2.43	2.24	4.15	2.26	1.54	1.7	2.06	2.09	1.44	2.61	2.2	2.5	1.12	3.15	1.69	2.8	2.93	1.84	1.88	1.93	2.65	1.47	1.22	1.97	2.79	1.6	1.56	1.62
1.0	2.0	3.0	4.0	5.0	6.0	7.0	8.0	9.0	10.0	11.0	12.0	13.0	14.0	15.0	16.0	17.0	18.0	19.0	20.0	21.0	22.0	23.0	24.0	25.0	26.0	27.0	28.0	29.0	30.0	31.0	32.0	33.0	34.0	35.0	36.0	37.0	38.0	39.0	40.0	41.0	42.0	43.0	44.0	45.0	46.0	47.0	48.0	49.0	50.0	51.0	52.0	53.0	54.0	55.0	56.0	57.0	58.0	59.0	60.0	61.0	62.0	63.0	64.0	65.0	66.0	67.0	68.0	69.0	70.0	71.0	72.0	73.0	74.0	75.0	76.0	77.0	78.0	79.0	80.0	81.0	82.0	83.0	84.0	85.0	86.0	87.0	88.0	89.0	90.0	91.0	92.0	93.0	94.0	95.0	96.0	97.0	98.0	99.0	100.0	101.0	102.0	103.0	104.0	105.0	106.0	107.0	108.0	109.0	110.0	111.0	112.0	113.0	114.0	115.0	116.0	117.0	118.0	119.0	120.0	121.0	122.0	123.0	124.0	125.0	126.0	127.0	128.0	129.0	130.0	131.0	132.0	133.0	134.0	135.0	136.0	137.0	138.0	139.0	140.0	141.0	142.0	143.0	144.0	145.0	146.0	147.0	148.0	149.0	149.0	150.0	151.0	152.0	153.0	154.0	155.0	156.0	157.0	158.0	159.0	160.0	161.0	162.0	163.0	164.0	165.0	166.0	167.0	168.0	169.0	170.0	171.0	172.0	173.0	174.0	175.0	176.0	177.0	178.0	179.0	180.0	181.0	182.0	183.0	184.0	185.0	186.0	187.0	188.0	189.0	190.0	191.0	192.0	193.0	194.0	195.0	196.0	197.0	198.0	199.0	200.0	201.0	202.0	203.0	204.0	205.0	206.0	207.0	208.0	209.0	210.0	211.0	212.0	213.0	214.0	215.0	216.0	217.0	218.0	219.0	220.0	221.0	222.0	223.0	224.0	225.0	226.0	227.0	228.0	229.0	230.0	231.0	232.0	233.0	234.0	235.0	236.0	237.0	238.0	239.0	240.0	241.0	242.0	243.0	244.0	245.0	246.0	247.0	248.0	249.0	250.0	251.0	252.0	253.0	254.0	255.0	256.0	257.0	258.0	259.0	260.0	261.0	262.0	263.0	264.0	265.0	266.0	267.0	268.0	269.0	270.0	271.0	272.0	273.0	274.0	275.0	276.0	277.0	278.0	279.0	280.0	281.0	282.0	283.0	284.0	285.0	286.0	287.0	288.0	289.0	290.0	291.0	292.0	293.0	294.0	295.0	296.0	297.0	298.0	298.0	299.0
3407.5388501434804
