2431.9820097004604	300.0	2000.0	114.6342615004593	0	0.0	2431.9820097004604	1	0	1	-0.7854110691479916
3200.0	300.0	2231.9820097004604	0.0	0	666.0125754687801	2431.9820097004604	1	0	1	-0.09986011147839947
4200.0	300.0	2231.98200970046	0.0	0	876.5440499475867	2431.9820097004604	1	0	1	-0.09986011147839946
5200.0	300.0	2231.982009700459	0.0	0	914.0500151846936	2431.9820097004595	1	0	1	-0.0998601114783994
6200.0	500.0	2231.9820097004585	0.0	0	748.5571535293475	2431.982009700459	1	0	1	-0.09986011147839918
7200.0	500.0	2231.982009700458	0.0	0	795.0310892938087	2431.9820097004585	1	0	1	0.4109655122875915
8200.0	500.0	2231.9820097004585	0.0	0	836.426713289723	2431.9820097004576	1	0	1	0.4109655122875916
9200.0	1000.0	2231.9820097004595	0.0	0	618.308196066846	2431.9820097004595	1	0	1	0.41096551228759154
10200.0	1000.0	2231.982009700459	0.0	0	742.406040843689	2431.9820097004595	1	0	1	1.1041126928475367
11376.118166890785	3000.0	2055.8638428096756	0.0	0	0.0	2431.9820097004576	1	0	1	1.104112692847537
12480.967656866113	3000.0	1951.0143528343465	0.0	0	0.0	2431.9820097004595	1	0	1	2.202724981515647
14056.485696931846	3000.0	1375.4963127686133	0.0	0	0.0	2431.9820097004595	1	0	1	2.202724981515647
14802.693460510842	2000.0	1629.2885491896168	0.0	0	0.0	2431.9820097004576	1	0	1	1.3917947652993174
16077.31594448691	2000.0	1354.666065213547	0.0	0	0.0	2431.9820097004576	1	0	1	1.797259873407482
16960.764140411335	2000.0	1471.2178692891243	0.0	0	0.0	2431.9820097004595	1	0	1	1.7972598734074823
17816.6996020062	2000.0	1615.2824076942559	0.0	0	0.0	2431.982009700456	1	0	1	1.7972598734074818
18627.904862407082	2000.0	1804.0771472933745	0.0	0	0.0	2431.9820097004576	1	0	1	1.7972598734074818
19380.533648580928	2000.0	2051.44836111953	0.0	0	0.0	2431.982009700456	1	0	1	1.7972598734074823
20200.0	2000.0	2231.9820097004554	0.0	0	332.2690438627833	2431.982009700456	1	0	1	1.7972598734074823
21200.0	2000.0	2231.9820097004554	0.0	0	398.9024557948869	2431.982009700456	1	0	1	1.7972598734074823
22200.0	2000.0	2231.9820097004517	0.0	0	322.8601076465093	2431.982009700452	1	0	1	1.7972598734074827
23200.0	2000.0	2231.9820097004517	0.0	0	407.1547704702316	2431.982009700452	1	0	1	1.7972598734074827
24200.0	3000.0	2231.9820097004495	0.0	0	25.661790917882172	2431.982009700452	1	0	1	1.7972598734074827
25200.0	3000.0	2231.982009700449	0.0	0	25.189484442296816	2431.9820097004485	1	0	1	2.202724981515648
26509.319536441788	3000.0	1922.6624732586565	0.0	0	0.0	2431.982009700445	1	0	1	2.202724981515648
27777.044902894395	3000.0	1654.937106806046	0.0	0	0.0	2431.982009700445	1	0	1	2.202724981515648
29386.136980072835	3000.0	1045.8450296276076	0.0	0	0.0	2431.982009700445	1	0	1	2.202724981515648
29994.07209151575	2000.0	1437.9099181846946	0.0	0	0.0	2431.982009700445	1	0	1	1.391794765299319
30455.465470956005	2000.0	1976.5165387444401	0.0	0	0.0	2431.9820097004413	1	0	1	1.797259873407484
31200.0	2000.0	2231.982009700446	0.0	0	411.7926762078896	2431.9820097004376	1	0	1	1.7972598734074843
32386.319632803938	3000.0	2045.6623768965076	0.0	0	0.0	2431.9820097004376	1	0	1	1.7972598734074845
33200.0	3000.0	2231.9820097004445	0.0	0	80.68066702435317	2431.9820097004413	1	0	1	2.202724981515649
34200.0	2000.0	2231.9820097004485	0.0	0	403.38495316912304	2431.9820097004485	1	0	1	1.3917947652993188
35200.0	2000.0	2231.9820097004517	0.0	0	505.814881793689	2431.982009700456	1	0	1	1.7972598734074827
36200.0	3000.0	2231.982009700452	0.0	0	454.69062743183895	2431.982009700456	1	0	1	1.7972598734074825
37284.36163562428	3000.0	2147.620374076175	0.0	0	0.0	2431.982009700456	1	0	1	2.2027249815156473
38290.338555561175	3000.0	2141.6434541392728	0.0	0	0.0	2431.982009700456	1	0	1	2.2027249815156473
39200.0	3000.0	2231.982009700441	0.0	0	93.77412549907604	2431.982009700456	1	0	1	2.2027249815156473
40257.20032978098	3000.0	2174.781679919465	0.0	0	0.0	2431.982009700456	1	0	1	2.2027249815156473
41281.248768320795	3000.0	2150.7332413796476	0.0	0	0.0	2431.982009700456	1	0	1	2.2027249815156473
42200.0	3000.0	2231.9820097004463	0.0	0	216.84792826489866	2431.982009700463	1	0	1	2.2027249815156464
43217.70089714051	3000.0	2214.281112559937	0.0	0	0.0	2431.982009700463	1	0	1	2.2027249815156464
44200.0	3000.0	2231.9820097004417	0.0	0	177.92164132871403	2431.982009700456	1	0	1	2.2027249815156473
45200.0	3000.0	2231.9820097004376	0.0	0	64.95792769008403	2431.982009700456	1	0	1	2.2027249815156473
46451.44999965945	3000.0	1980.5320100409792	0.0	0	0.0	2431.982009700463	1	0	1	2.2027249815156464
47279.300601748175	3000.0	2152.681407952266	0.0	0	0.0	2431.982009700463	1	0	1	2.2027249815156464
48200.0	3000.0	2231.982009700444	0.0	0	253.45571750593808	2431.982009700463	1	0	1	2.2027249815156464
49200.0	3000.0	2231.982009700448	0.0	0	104.3868194080278	2431.982009700463	1	0	1	2.2027249815156464
50200.0	3000.0	2231.9820097004495	0.0	0	205.77467106607946	2431.982009700456	1	0	1	2.2027249815156473
51200.0	3000.0	2231.9820097004554	0.0	0	345.0690203276172	2431.982009700456	1	0	1	2.2027249815156473
52200.0	3000.0	2231.982009700462	0.0	0	381.6742872124523	2431.982009700456	1	0	1	2.2027249815156473
53394.63786736286	3000.0	2037.3441423376078	0.0	0	0.0	2431.9820097004485	1	0	1	2.202724981515648
54243.89668148645	3000.0	2188.085328214019	0.0	0	0.0	2431.9820097004485	1	0	1	2.202724981515648
55200.0	3000.0	2231.982009700467	0.0	0	85.69647782553511	2431.9820097004413	1	0	1	2.2027249815156487
56200.0	3000.0	2231.9820097004686	0.0	0	74.90808985731564	2431.9820097004413	1	0	1	2.2027249815156487
57350.79099431303	3000.0	2081.1910153874396	0.0	0	0.0	2431.9820097004485	1	0	1	2.202724981515648
58376.49761079411	3000.0	2055.484398906358	0.0	0	0.0	2431.9820097004485	1	0	1	2.202724981515648
59350.60118870642	3000.0	2081.3808209940476	0.0	0	0.0	2431.9820097004485	1	0	1	2.202724981515648
60200.0	3000.0	2231.9820097004667	0.0	0	131.02828662069078	2431.9820097004485	1	0	1	2.202724981515648
61200.0	3000.0	2231.982009700471	0.0	0	103.5015343827472	2431.9820097004485	1	0	1	2.202724981515648
62540.22947320862	3000.0	1891.7525364918474	0.0	0	0.0	2431.9820097004413	1	0	1	2.2027249815156487
63574.10637526315	2000.0	1857.8756344373166	0.0	0	0.0	2431.9820097004413	1	0	1	1.3917947652993194
64200.0	2000.0	2231.9820097004695	0.0	0	108.36014322617848	2431.9820097004413	1	0	1	1.797259873407484
65200.0	2000.0	2231.9820097004667	0.0	0	248.3940680622618	2431.9820097004413	1	0	1	1.797259873407484
66200.0	2000.0	2231.9820097004686	0.0	0	529.1443671588277	2431.9820097004413	1	0	1	1.7972598734074836
67200.0	3000.0	2231.982009700469	0.0	0	117.56586353012244	2431.982009700434	1	0	1	1.7972598734074843
68200.0	3000.0	2231.982009700469	0.0	0	32.85361143841874	2431.9820097004267	1	0	1	2.20272498151565
69200.0	3000.0	2231.9820097004554	0.0	0	32.01296720773098	2431.982009700412	1	0	1	2.2027249815156518
70200.0	3000.0	2231.982009700448	0.0	0	137.0252767392376	2431.982009700412	1	0	1	2.2027249815156518
71494.11649470514	3000.0	1937.8655149953277	0.0	0	0.0	2431.982009700412	1	0	1	2.2027249815156518
73134.03291077063	3000.0	1297.9490989298645	0.0	0	0.0	2431.982009700412	1	0	1	2.2027249815156518
73994.35953179367	3000.0	1437.6224779068264	0.0	0	0.0	2431.982009700412	1	0	1	2.2027249815156518
75602.8823441218	3000.0	829.0996655787164	0.0	0	0.0	2431.982009700412	1	0	1	2.2027249815156518
76372.95434030115	2000.0	1059.0276693993615	0.0	0	0.0	2431.982009700412	1	0	1	1.3917947652993226
76952.51603688567	2000.0	1479.4659728148367	0.0	0	0.0	2431.982009700412	1	0	1	1.7972598734074872
77721.7122253401	2000.0	1710.26978436042	0.0	0	0.0	2431.9820097003976	1	0	1	1.7972598734074885
78427.23643867887	2000.0	2004.7455710216589	0.0	0	0.0	2431.9820097003976	1	0	1	1.7972598734074885
79200.0	2000.0	2231.9820097005254	0.0	0	213.43882082354685	2431.9820097003976	1	0	1	1.7972598734074885
80200.0	2000.0	2231.982009700529	0.0	0	532.7818180733448	2431.9820097003976	1	0	1	1.7972598734074885
81200.0	3000.0	2231.9820097005163	0.0	0	21.71143287603627	2431.9820097003976	1	0	1	1.7972598734074887
82585.00024357569	3000.0	1846.9817661248271	0.0	0	0.0	2431.9820097003976	1	0	1	2.202724981515653
83240.27457379283	3000.0	2191.7074359076846	0.0	0	0.0	2431.9820097003976	1	0	1	2.202724981515653
84200.0	3000.0	2231.982009700513	0.0	0	273.4937086689897	2431.9820097003976	1	0	1	2.202724981515653
85200.0	3000.0	2231.982009700525	0.0	0	2.6536183100834023	2431.9820097003976	1	0	1	2.202724981515653
86200.0	3000.0	2231.9820097005295	0.0	0	119.91982480043953	2431.9820097003976	1	0	1	2.202724981515653
87546.07080956726	3000.0	1885.9112001332664	0.0	0	0.0	2431.9820097003976	1	0	1	2.202724981515653
89114.84916763248	3000.0	1317.1328420680525	0.0	0	0.0	2431.9820097003976	1	0	1	2.202724981515653
90322.33583223181	3000.0	1109.6461774687314	0.0	0	0.0	2431.9820097003976	1	0	1	2.202724981515653
91384.19768250412	3000.0	1047.7843271964343	0.0	0	0.0	2431.9820097003976	1	0	1	2.202724981515653
92089.96443014569	3000.0	1342.0175795548623	0.0	0	0.0	2431.9820097003976	1	0	1	2.202724981515653
93008.34504994488	3000.0	1423.636959755673	0.0	0	0.0	2431.982009700412	1	0	1	2.2027249815156518
94583.92497431226	3000.0	848.0570353882891	0.0	0	0.0	2431.982009700412	1	0	1	2.2027249815156518
95577.89082219615	3000.0	854.0911875044138	0.0	0	0.0	2431.982009700412	1	0	1	2.2027249815156518
96558.4211322037	2000.0	873.5608774968454	0.0	0	0.0	2431.982009700412	1	0	1	1.3917947652993226
97063.60865470902	2000.0	1368.3733549915135	0.0	0	0.0	2431.982009700412	1	0	1	1.7972598734074872
97979.2235729673	2000.0	1452.7584367332356	0.0	0	0.0	2431.9820097003976	1	0	1	1.7972598734074885
98738.27217444783	2000.0	1693.7098352527155	0.0	0	0.0	2431.982009700412	1	0	1	1.7972598734074872
99630.71753689977	2000.0	1801.2644728007585	0.0	0	0.0	2431.982009700412	1	0	1	1.7972598734074872
100424.55950139066	2000.0	2007.4225083098574	0.0	0	0.0	2431.9820097003976	1	0	1	1.7972598734074885
101200.0	2000.0	2231.9820097005017	0.0	0	261.8836936185835	2431.9820097003976	1	0	1	1.7972598734074885
102200.0	2000.0	2231.9820097005154	0.0	0	566.9132910428307	2431.9820097003976	1	0	1	1.7972598734074885
103200.0	2000.0	2231.9820097005136	0.0	0	407.2568421121541	2431.9820097003976	1	0	1	1.7972598734074885
104200.0	3000.0	2231.982009700504	0.0	0	134.8564267995971	2431.982009700412	1	0	1	1.7972598734074872
105505.81623977811	3000.0	1926.1657699223974	0.0	0	0.0	2431.982009700412	1	0	1	2.2027249815156518
106308.01414896613	3000.0	2123.967860734378	0.0	0	0.0	2431.982009700412	1	0	1	2.2027249815156518
107200.0	3000.0	2231.9820097004986	0.0	0	331.45477063911676	2431.982009700412	1	0	1	2.2027249815156518
108200.0	3000.0	2231.982009700492	0.0	0	484.4732902684191	2431.9820097003976	1	0	1	2.202724981515653
109200.0	3000.0	2231.982009700496	0.0	0	400.39517478254857	2431.9820097003976	1	0	1	2.202724981515653
110200.0	3000.0	2231.9820097004927	0.0	0	477.3877909948642	2431.982009700383	1	0	1	2.202724981515655
111200.0	3000.0	2231.982009700479	0.0	0	27.95061756564246	2431.982009700383	1	0	1	2.202724981515655
112304.79502564817	3000.0	2127.1869840523054	0.0	0	0.0	2431.9820097003685	1	0	1	2.202724981515656
113434.1270958012	3000.0	1997.854913899252	0.0	0	0.0	2431.9820097003685	1	0	1	2.202724981515656
114325.96115230932	3000.0	2106.0208573911314	0.0	0	0.0	2431.9820097003685	1	0	1	2.202724981515656
115200.0	3000.0	2231.9820097004435	0.0	0	1.157077404030133	2431.9820097003685	1	0	1	2.202724981515656
116200.0	3000.0	2231.9820097004463	0.0	0	429.6350104238081	2431.982009700354	1	0	1	2.202724981515658
117200.0	3000.0	2231.982009700467	0.0	0	393.2992236602586	2431.982009700354	1	0	1	2.202724981515658
118200.0	3000.0	2231.982009700468	0.0	0	279.14715039072325	2431.982009700354	1	0	1	2.202724981515658
119200.0	3000.0	2231.9820097004717	0.0	0	453.4769410781737	2431.9820097003685	1	0	1	2.202724981515656
120200.0	3000.0	2231.982009700483	0.0	0	91.67862445797073	2431.9820097003685	1	0	1	2.202724981515656
121273.72495162573	3000.0	2158.2570580747442	0.0	0	0.0	2431.9820097003685	1	0	1	2.202724981515656
122200.0	3000.0	2231.98200970047	0.0	0	14.716743362863781	2431.9820097003685	1	0	1	2.202724981515656
123200.0	3000.0	2231.982009700477	0.0	0	418.8167499593401	2431.982009700383	1	0	1	2.202724981515655
124200.0	3000.0	2231.9820097004635	0.0	0	459.0254177558527	2431.9820097003685	1	0	1	2.202724981515656
125281.3035417932	3000.0	2150.6784679072575	0.0	0	0.0	2431.982009700354	1	0	1	2.202724981515658
126200.0	3000.0	2231.982009700464	0.0	0	126.76542194491776	2431.982009700354	1	0	1	2.202724981515658
127200.0	3000.0	2231.9820097004526	0.0	0	275.714219672358	2431.982009700354	1	0	1	2.202724981515658
128200.0	3000.0	2231.9820097004313	0.0	0	437.54888018865313	2431.9820097003394	1	0	1	2.2027249815156598
129200.0	3000.0	2231.982009700438	0.0	0	153.6436856007058	2431.9820097003394	1	0	1	2.2027249815156598
130200.0	3000.0	2231.982009700426	0.0	0	98.85442919610068	2431.982009700325	1	0	1	2.202724981515661
131200.0	3000.0	2231.982009700407	0.0	0	347.6124421333225	2431.9820097003103	1	0	1	2.202724981515663
132200.0	3000.0	2231.9820097003853	0.0	0	45.92970289403456	2431.9820097002957	1	0	1	2.2027249815156633
133200.0	3000.0	2231.9820097004163	0.0	0	113.40178772620857	2431.982009700325	1	0	1	2.2027249815156615
134727.78292445652	3000.0	1704.199085243915	0.0	0	0.0	2431.982009700325	1	0	1	2.202724981515661
135927.2955195004	3000.0	1504.6864902000368	0.0	0	0.0	2431.982009700325	1	0	1	2.202724981515661
137082.3448280428	3000.0	1349.6371816576138	0.0	0	0.0	2431.982009700325	1	0	1	2.202724981515661
137989.49182871106	3000.0	1442.4901809893881	0.0	0	0.0	2431.982009700325	1	0	1	2.202724981515661
138605.4035090591	3000.0	1826.5785006413123	0.0	0	0.0	2431.982009700325	1	0	1	2.202724981515661
139320.95364972675	3000.0	2111.028359973666	0.0	0	0.0	2431.9820097002957	1	0	1	2.202724981515664
140200.0	3000.0	2231.982009700435	0.0	0	145.63187507833936	2431.9820097002957	1	0	1	2.202724981515664
141200.0	3000.0	2231.9820097004194	0.0	0	130.07807706508902	2431.9820097002957	1	0	1	2.202724981515664
142200.0	3000.0	2231.982009700423	0.0	0	215.7876799433725	2431.9820097002957	1	0	1	2.202724981515664
143200.0	3000.0	2231.9820097004267	0.0	0	182.26326575453277	2431.982009700325	1	0	1	2.202724981515661
144465.81258137757	3000.0	1966.1694283228842	0.0	0	0.0	2431.982009700325	1	0	1	2.202724981515661
145568.91964224022	3000.0	1863.0623674602355	0.0	0	0.0	2431.982009700325	1	0	1	2.202724981515661
146487.67333462954	3000.0	1944.3086750709292	0.0	0	0.0	2431.982009700325	1	0	1	2.202724981515661
147421.66214721833	3000.0	2010.3198624821352	0.0	0	0.0	2431.982009700325	1	0	1	2.202724981515661
148373.3688613061	3000.0	2058.613148394388	0.0	0	0.0	2431.982009700325	1	0	1	2.202724981515661
149242.49195122404	3000.0	2189.490058476453	0.0	0	0.0	2431.982009700325	1	0	1	2.202724981515661
150200.0	3000.0	2231.9820097005254	0.0	0	355.2726004856231	2431.982009700325	1	0	1	2.202724981515661
151200.0	3000.0	2231.98200970054	0.0	0	467.52887239080155	2431.982009700325	1	0	1	2.202724981515661
152200.0	3000.0	2231.9820097005395	0.0	0	481.11229404839105	2431.9820097002957	1	0	1	2.202724981515664
153200.0	3000.0	2231.9820097005463	0.0	0	126.3531896173954	2431.9820097002957	1	0	1	2.202724981515664
154200.0	3000.0	2231.9820097005295	0.0	0	492.0513967348961	2431.9820097002957	1	0	1	2.202724981515664
155416.11933443564	3000.0	2015.8626752649095	0.0	0	0.0	2431.9820097002957	1	0	1	2.202724981515664
156544.04804347406	3000.0	1887.9339662264626	0.0	0	0.0	2431.9820097002957	1	0	1	2.202724981515664
157439.2877627355	3000.0	1992.6942469650533	0.0	0	0.0	2431.982009700354	1	0	1	2.2027249815156598
158324.04128005228	3000.0	2107.94072964828	0.0	0	0.0	2431.982009700354	1	0	1	2.202724981515656
159316.50683420803	3000.0	2115.4751754925314	0.0	0	0.0	2431.982009700325	1	0	1	2.202724981515661
160416.48508331616	3000.0	2015.4969263844046	0.0	0	0.0	2431.982009700325	1	0	1	2.202724981515661
161843.0100060168	3000.0	1588.9720036837818	0.0	0	0.0	2431.982009700325	1	0	1	2.202724981515661
162855.08018879447	3000.0	1576.9018209061094	0.0	0	0.0	2431.982009700325	1	0	1	2.202724981515661
164063.26569021802	3000.0	1368.7163194825334	0.0	0	0.0	2431.9820097002957	1	0	1	2.202724981515664
165784.3095039219	3000.0	647.6725057786566	0.0	0	0.0	2431.9820097002666	1	0	1	2.2027249815156673
166544.80987027535	2000.0	887.1721394251831	0.0	0	0.0	2431.9820097002666	1	0	1	1.391794765299338
167284.78794307454	2000.0	1147.1940666259952	0.0	0	0.0	2431.9820097002666	1	0	1	1.7972598734075027
167871.43916261828	2000.0	1560.5428470822872	0.0	0	0.0	2431.9820097002666	1	0	1	1.7972598734075027
168524.43246732894	2000.0	1907.5495423716366	0.0	0	0.0	2431.9820097002957	1	0	1	1.7972598734074996
169220.37103180477	2000.0	2211.610977895799	0.0	0	0.0	2431.9820097002957	1	0	1	1.7972598734074996
170200.0	2000.0	2231.9820097005477	0.0	0	387.16548845000216	2431.9820097002957	1	0	1	1.7972598734074996
171200.0	2000.0	2231.9820097005263	0.0	0	381.7595615281898	2431.9820097002957	1	0	1	1.7972598734074996
172200.0	3000.0	2231.9820097005418	0.0	0	387.4732149397314	2431.9820097002666	1	0	1	1.7972598734075027
173200.0	3000.0	2231.982009700522	0.0	0	223.3310614429065	2431.9820097002666	1	0	1	2.2027249815156673
174447.4574313929	3000.0	1984.5245783076268	0.0	0	0.0	2431.9820097002666	1	0	1	2.2027249815156673
176020.77211961133	3000.0	1411.2098900891638	0.0	0	0.0	2431.9820097002666	1	0	1	2.2027249815156673
177354.96831789837	3000.0	1077.0136918021176	0.0	0	0.0	2431.9820097002666	1	0	1	2.2027249815156673
178420.80610351785	2000.0	1011.1759061826288	0.0	0	0.0	2431.9820097002666	1	0	1	1.391794765299338
179101.0685261195	2000.0	1330.9134835810219	0.0	0	0.0	2431.9820097002666	1	0	1	1.7972598734075027
179436.99110059935	2000.0	1994.9909091011561	0.0	0	0.0	2431.9820097002666	1	0	1	1.7972598734075027
180200.0	2000.0	2231.982009700527	0.0	0	390.50995658687316	2431.9820097002957	1	0	1	1.7972598734074996
181203.76596904534	3000.0	2228.216040655204	0.0	0	0.0	2431.9820097002957	1	0	1	1.7972598734074996
182200.0	2000.0	2231.9820097005704	0.0	0	287.0230409637152	2431.9820097002957	1	0	1	1.391794765299335
183200.0	2000.0	2231.9820097006036	0.0	0	374.5394879959058	2431.9820097002957	1	0	1	1.7972598734074996
184200.0	2000.0	2231.9820097006027	0.0	0	276.9390220163914	2431.9820097002957	1	0	1	1.7972598734074996
185200.0	3000.0	2231.9820097006236	0.0	0	479.19999946656753	2431.982009700325	1	0	1	1.7972598734074965
186200.0	3000.0	2231.9820097006195	0.0	0	115.24275592219783	2431.982009700325	1	0	1	2.202724981515661
187200.0	3000.0	2231.9820097006086	0.0	0	6.43871273502009	2431.982009700325	1	0	1	2.202724981515661
188200.0	3000.0	2231.982009700642	0.0	0	176.17033958158572	2431.982009700325	1	0	1	2.202724981515661
189200.0	3000.0	2231.982009700637	0.0	0	68.93257443385664	2431.982009700354	1	0	1	2.202724981515658
190200.0	3000.0	2231.9820097006314	0.0	0	192.33789767959388	2431.982009700354	1	0	1	2.202724981515658
191200.0	3000.0	2231.9820097006404	0.0	0	47.43565929311444	2431.982009700354	1	0	1	2.202724981515658
192207.9780836246	3000.0	2224.0039260760177	0.0	0	0.0	2431.982009700354	1	0	1	2.202724981515658
193200.0	3000.0	2231.9820097006186	0.0	0	169.51735128331347	2431.982009700354	1	0	1	2.202724981515658
194306.98393177942	3000.0	2124.998077921169	0.0	0	0.0	2431.982009700325	1	0	1	2.2027249815156584
195935.01226806513	3000.0	1496.9697416354488	0.0	0	0.0	2431.982009700325	1	0	1	2.202724981515661
196872.51805609697	3000.0	1559.4639536036088	0.0	0	0.0	2431.982009700325	1	0	1	2.202724981515661
197497.95227706392	3000.0	1934.0297326366883	0.0	0	0.0	2431.982009700354	1	0	1	2.202724981515658
198200.0	3000.0	2231.982009700592	0.0	0	35.34570209655794	2431.982009700354	1	0	1	2.202724981515658
199200.0	3000.0	2231.9820097005936	0.0	0	90.32565896812594	2431.982009700354	1	0	1	2.202724981515658
200211.2134426183	3000.0	2220.7685670823203	0.0	0	0.0	2431.982009700354	1	0	1	2.202724981515658
201200.0	3000.0	2231.9820097005936	0.0	0	296.175674665923	2431.982009700354	1	0	1	2.202724981515658
202200.0	3000.0	2231.9820097006127	0.0	0	126.06417709813104	2431.982009700354	1	0	1	2.202724981515658
203200.0	3000.0	2231.9820097005986	0.0	0	12.258701812737854	2431.982009700354	1	0	1	2.202724981515658
204200.0	3000.0	2231.982009700575	0.0	0	293.68229001160944	2431.982009700354	1	0	1	2.202724981515658
205364.9088004306	3000.0	2067.0732092699855	0.0	0	0.0	2431.982009700354	1	0	1	2.202724981515658
206809.20025903117	3000.0	1622.7817506694	0.0	0	0.0	2431.982009700354	1	0	1	2.202724981515658
207643.43355473722	3000.0	1788.5484549633316	0.0	0	0.0	2431.982009700354	1	0	1	2.202724981515658
208200.0	3000.0	2231.982009700541	0.0	0	0.4814887711254414	2431.982009700354	1	0	1	2.202724981515658
209200.0	3000.0	2231.9820097005722	0.0	0	172.27561970980605	2431.982009700354	1	0	1	2.202724981515658
210203.0012071652	3000.0	2228.9808025353923	0.0	0	0.0	2431.982009700354	1	0	1	2.202724981515658
211360.2148362031	3000.0	2071.7671734975333	0.0	0	0.0	2431.982009700354	1	0	1	2.202724981515658
212442.73549742467	3000.0	1989.246512275942	0.0	0	0.0	2431.982009700325	1	0	1	2.2027249815156598
213204.600651084	3000.0	2227.3813586166325	0.0	0	0.0	2431.982009700325	1	0	1	2.202724981515661
214241.23803666452	3000.0	2190.743973036122	0.0	0	0.0	2431.982009700325	1	0	1	2.202724981515661
215200.0	3000.0	2231.982009700618	0.0	0	377.3149488809868	2431.982009700325	1	0	1	2.202724981515661
216200.0	3000.0	2231.9820097005795	0.0	0	214.91795926497434	2431.9820097002957	1	0	1	2.202724981515664
217255.2125375213	3000.0	2176.7694721792886	0.0	0	0.0	2431.982009700325	1	0	1	2.202724981515661
218569.63307325265	3000.0	1862.3489364479265	0.0	0	0.0	2431.982009700325	1	0	1	2.202724981515661
219506.09139984808	3000.0	1925.8906098524799	0.0	0	0.0	2431.982009700325	1	0	1	2.202724981515661
220370.97118808937	3000.0	2061.010821611179	0.0	0	0.0	2431.982009700325	1	0	1	2.202724981515661
221543.0300136533	3000.0	1888.9519960472462	0.0	0	0.0	2431.982009700325	1	0	1	2.202724981515661
223009.68355175792	3000.0	1422.2984579426434	0.0	0	0.0	2431.982009700325	1	0	1	2.202724981515661
224596.21443378643	3000.0	835.7675759141503	0.0	0	0.0	2431.982009700354	1	0	1	2.202724981515658
225336.44288292533	2000.0	1095.5391267752275	0.0	0	0.0	2431.982009700325	1	0	1	1.3917947652993317
225972.62486079673	2000.0	1459.3571489038218	0.0	0	0.0	2431.982009700325	1	0	1	1.7972598734074963
226755.63306558912	2000.0	1676.3489441114039	0.0	0	0.0	2431.982009700325	1	0	1	1.7972598734074963
227552.98319231434	2000.0	1878.9988173861761	0.0	0	0.0	2431.982009700325	1	0	1	1.7972598734074963
228200.0	2000.0	2231.9820097005354	0.0	0	59.61351057709544	2431.982009700354	1	0	1	1.7972598734074932
229200.0	2000.0	2231.9820097005663	0.0	0	380.55620188769535	2431.982009700354	1	0	1	1.7972598734074932
230200.0	3000.0	2231.982009700553	0.0	0	337.79262134310557	2431.982009700354	1	0	1	1.7972598734074934
231511.6985305716	3000.0	1920.2834791289652	0.0	0	0.0	2431.982009700354	1	0	1	2.202724981515658
232584.59233884423	3000.0	1847.3896708563152	0.0	0	0.0	2431.982009700383	1	0	1	2.202724981515655
233217.1774272472	3000.0	2214.804582453368	0.0	0	0.0	2431.982009700383	1	0	1	2.202724981515655
234200.0	3000.0	2231.982009700582	0.0	0	231.36325588068576	2431.982009700383	1	0	1	2.202724981515655
235200.0	3000.0	2231.9820097005745	0.0	0	26.194000446528662	2431.982009700383	1	0	1	2.202724981515655
236310.14492704096	3000.0	2121.8370826596315	0.0	0	0.0	2431.982009700412	1	0	1	2.2027249815156518
237594.65574946257	3000.0	1837.32626023802	0.0	0	0.0	2431.982009700412	1	0	1	2.2027249815156518
238665.1002116935	3000.0	1766.881798007062	0.0	0	0.0	2431.982009700412	1	0	1	2.2027249815156518
239735.1878794353	3000.0	1696.7941302652487	0.0	0	0.0	2431.9820097004413	1	0	1	2.2027249815156487
240562.40162503693	3000.0	1869.5803846636204	0.0	0	0.0	2431.9820097004413	1	0	1	2.2027249815156487
241200.0	3000.0	2231.982009700563	0.0	0	13.356839876825688	2431.9820097004704	1	0	1	2.2027249815156456
242202.75905529555	3000.0	2229.22295440502	0.0	0	0.0	2431.9820097004704	1	0	1	2.2027249815156456
243653.46017567726	3000.0	1778.5218340233182	0.0	0	0.0	2431.9820097004704	1	0	1	2.202724981515644
244496.55996695312	2000.0	1935.4220427474465	0.0	0	0.0	2431.9820097004413	1	0	1	1.3917947652993194
245525.09860354188	2000.0	1906.883406158688	0.0	0	0.0	2431.982009700412	1	0	1	1.7972598734074872
246200.0	2000.0	2231.982009700567	0.0	0	6.146860340668354	2431.982009700412	1	0	1	1.7972598734074872
247200.0	2000.0	2231.9820097005536	0.0	0	319.4109980504727	2431.982009700412	1	0	1	1.7972598734074872
248200.0	2000.0	2231.9820097005468	0.0	0	358.1220657247468	2431.982009700412	1	0	1	1.7972598734074872
249200.0	2000.0	2231.98200970057	0.0	0	115.81468699863763	2431.982009700412	1	0	1	1.7972598734074872
250200.0	2000.0	2231.9820097005572	0.0	0	359.3932573585189	2431.982009700383	1	0	1	1.7972598734074903
251200.0	2000.0	2231.9820097005463	0.0	0	593.5338018237962	2431.982009700354	1	0	1	1.7972598734074932
252200.0	2000.0	2231.9820097005363	0.0	0	363.6815539052186	2431.982009700325	1	0	1	1.7972598734074963
253200.0	2000.0	2231.9820097005318	0.0	0	277.85151595034404	2431.9820097002957	1	0	1	1.7972598734074996
254200.0	2000.0	2231.982009700552	0.0	0	239.8179847180145	2431.9820097002957	1	0	1	1.7972598734074996
255285.07323791174	3000.0	2146.908771788824	0.0	0	0.0	2431.9820097002957	1	0	1	1.7972598734074996
256200.0	3000.0	2231.982009700587	0.0	0	328.32720575865824	2431.9820097002957	1	0	1	2.202724981515664
257200.0	3000.0	2231.9820097005722	0.0	0	390.5928519448207	2431.9820097002957	1	0	1	2.202724981515664
258200.0	3000.0	2231.9820097005677	0.0	0	495.9725345420884	2431.9820097002957	1	0	1	2.202724981515664
259200.0	3000.0	2231.982009700592	0.0	0	375.6097129394475	2431.9820097002957	1	0	1	2.202724981515664
260200.0	3000.0	2231.9820097005813	0.0	0	20.72487935711979	2431.9820097002957	1	0	1	2.202724981515664
261436.0638419174	3000.0	1995.9181677831768	0.0	0	0.0	2431.9820097002666	1	0	1	2.202724981515665
262200.0	3000.0	2231.982009700602	0.0	0	104.96149135881569	2431.9820097002957	1	0	1	2.202724981515664
263242.72464651015	3000.0	2189.257363190465	0.0	0	0.0	2431.982009700354	1	0	1	2.2027249815156607
264200.0	3000.0	2231.982009700596	0.0	0	331.6727468201425	2431.982009700354	1	0	1	2.2027249815156598
265200.0	3000.0	2231.982009700567	0.0	0	326.77450794080505	2431.982009700325	1	0	1	2.2027249815156607
266200.0	3000.0	2231.9820097006113	0.0	0	367.6392063865205	2431.982009700325	1	0	1	2.202724981515661
267200.0	3000.0	2231.982009700647	0.0	0	482.9814885802916	2431.982009700325	1	0	1	2.202724981515661
268200.0	3000.0	2231.9820097006177	0.0	0	238.07322860363638	2431.982009700325	1	0	1	2.202724981515661
269200.0	3000.0	2231.982009700618	0.0	0	346.3533669524477	2431.982009700325	1	0	1	2.202724981515661
270246.4776142688	3000.0	2185.5043954318576	0.0	0	0.0	2431.982009700383	1	0	1	2.2027249815156598
271225.56291126914	3000.0	2206.419098431482	0.0	0	0.0	2431.982009700383	1	0	1	2.202724981515655
272200.0	3000.0	2231.982009700596	0.0	0	279.72990103898337	2431.982009700325	1	0	1	2.202724981515661
273200.0	3000.0	2231.9820097006163	0.0	0	596.9892106895568	2431.982009700325	1	0	1	2.202724981515661
274465.4540152327	3000.0	1966.5279944679598	0.0	0	0.0	2431.982009700383	1	0	1	2.202724981515655
275242.76639330835	3000.0	2189.2156163922627	0.0	0	0.0	2431.982009700383	1	0	1	2.202724981515655
276200.0	3000.0	2231.982009700605	0.0	0	284.0275646332884	2431.982009700383	1	0	1	2.202724981515655
277200.0	3000.0	2231.982009700614	0.0	0	87.71597460925113	2431.982009700383	1	0	1	2.202724981515655
278200.0	3000.0	2231.9820097006163	0.0	0	69.86929099034751	2431.982009700383	1	0	1	2.202724981515655
279200.0	3000.0	2231.982009700659	0.0	0	206.6965002718498	2431.9820097004413	1	0	1	2.2027249815156487
280200.0	3000.0	2231.982009700677	0.0	0	538.9093434924143	2431.9820097004413	1	0	1	2.2027249815156487
281200.0	3000.0	2231.9820097006955	0.0	0	169.01038638531463	2431.9820097004413	1	0	1	2.2027249815156487
282587.1092753417	3000.0	1844.8727343590365	0.0	0	0.0	2431.9820097004413	1	0	1	2.2027249815156487
283671.18852843606	3000.0	1760.7934812645792	0.0	0	0.0	2431.9820097004413	1	0	1	2.2027249815156487
284408.20917653135	3000.0	2023.7728331692404	0.0	0	0.0	2431.982009700383	1	0	1	2.202724981515651
285460.6605571985	3000.0	1971.3214525020662	0.0	0	0.0	2431.982009700383	1	0	1	2.202724981515655
286351.00170137186	3000.0	2080.980308328686	0.0	0	0.0	2431.9820097004413	1	0	1	2.2027249815156487
287356.46353330906	3000.0	2075.5184763915313	0.0	0	0.0	2431.9820097004995	1	0	1	2.202724981515646
288200.0	3000.0	2231.9820097005104	0.0	0	164.9684138004668	2431.9820097004995	1	0	1	2.2027249815156424
289200.0	3000.0	2231.9820097005236	0.0	0	50.11293798225233	2431.9820097004995	1	0	1	2.2027249815156424
290245.32061711914	3000.0	2186.661392581428	0.0	0	0.0	2431.9820097004995	1	0	1	2.2027249815156424
291200.0	3000.0	2231.9820097005854	0.0	0	50.108778076653834	2431.9820097004413	1	0	1	2.2027249815156487
292200.0	3000.0	2231.9820097006323	0.0	0	145.38013144518482	2431.9820097004995	1	0	1	2.2027249815156424
293200.0	3000.0	2231.9820097006645	0.0	0	59.84654959652107	2431.9820097004995	1	0	1	2.2027249815156424
294396.1105969143	3000.0	2035.8714127863584	0.0	0	0.0	2431.9820097004413	1	0	1	2.2027249815156487
295444.3484233584	3000.0	1987.633586342246	0.0	0	0.0	2431.9820097004413	1	0	1	2.2027249815156487
296692.9843082559	3000.0	1738.997701444704	0.0	0	0.0	2431.982009700383	1	0	1	2.202724981515655
297719.50857983605	3000.0	1712.473429864574	0.0	0	0.0	2431.982009700383	1	0	1	2.202724981515655
298521.06936920405	3000.0	1910.912640496603	0.0	0	0.0	2431.982009700383	1	0	1	2.202724981515655
299200.0	3000.0	2231.9820097006523	0.0	0	146.9987971347873	2431.982009700383	1	0	1	2.202724981515655
300200.0	3000.0	2231.9820097006523	0.0	0	261.6819468496833	2431.982009700383	1	0	1	2.202724981515655
4.62	4.29	6.31	2.63	2.84	3.6	2.98	3.3	3.31	2.83	2.69	2.37	2.98	1.82	3.1	3.23	3.05	3.5	3.81	3.87	4.24	4.02	2.63	2.58	2.39	1.73	2.25	2.98	5.36	3.29	3.6	3.87	3.68	4.6	3.88	2.27	3.16	3.36	3.6	3.85	3.7	4.1	3.0	2.09	2.95	3.85	4.46	3.39	3.58	3.85	3.14	3.41	3.42	2.49	2.56	3.04	4.19	3.44	3.42	2.59	1.97	3.52	3.15	4.67	4.01	3.01	2.98	3.19	3.2	2.54	2.46	2.72	2.19	2.94	4.02	3.1	3.78	3.78	3.98	2.36	3.56	4.17	3.8	2.68	2.58	3.48	1.74	2.95	3.58	3.58	3.95	2.1	2.51	2.11	3.79	2.91	2.93	2.88	3.49	4.1	3.27	2.72	2.64	3.28	4.85	5.69	5.85	5.34	4.03	2.86	3.56	3.14	4.66	4.33	6.05	4.74	4.99	3.53	2.83	3.57	5.57	6.35	2.21	4.02	4.17	4.34	3.22	4.47	5.97	4.38	2.56	2.35	3.42	2.48	3.04	3.28	4.81	3.51	2.88	3.5	2.97	3.3	2.37	3.7	2.94	3.79	3.53	5.63	4.69	4.66	4.62	4.29	6.31	2.63	2.84	3.6	2.98	3.3	3.31	2.83	2.69	2.37	2.98	1.82	3.1	3.23	3.05	3.5	3.81	3.87	4.24	4.02	2.63	2.58	2.39	1.73	2.25	2.98	5.36	3.29	3.6	3.87	3.68	4.6	3.88	2.27	3.16	3.36	3.6	3.85	3.7	4.1	3.0	2.09	2.95	3.85	4.46	3.39	3.58	3.85	3.14	3.41	3.42	2.49	2.56	3.04	4.19	3.44	3.42	2.59	1.97	3.52	3.15	4.67	4.01	3.01	2.98	3.19	3.2	2.54	2.46	2.72	2.19	2.94	4.02	3.1	3.78	3.78	3.98	2.36	3.56	4.17	3.8	2.68	2.58	3.48	1.74	2.95	3.58	3.58	3.95	2.1	2.51	2.11	3.79	2.91	2.93	2.88	3.49	4.1	3.27	2.72	2.64	3.28	4.85	5.69	5.85	5.34	4.03	2.86	3.56	3.14	4.66	4.33	6.05	4.74	4.99	3.53	2.83	3.57	5.57	6.35	2.21	4.02	4.17	4.34	3.22	4.47	5.97	4.38	2.56	2.35	3.42	2.48	3.04	3.28	4.81	3.51	2.88	3.5	2.97	3.3	2.37	3.7	2.94	3.79	3.53	5.63	4.69	4.66	4.62	4.29	6.31
1.0	2.0	3.0	4.0	5.0	6.0	7.0	8.0	9.0	10.0	11.0	12.0	13.0	14.0	15.0	16.0	17.0	18.0	19.0	20.0	21.0	22.0	23.0	24.0	25.0	26.0	27.0	28.0	29.0	30.0	31.0	32.0	33.0	34.0	35.0	36.0	37.0	38.0	39.0	40.0	41.0	42.0	43.0	44.0	45.0	46.0	47.0	48.0	49.0	50.0	51.0	52.0	53.0	54.0	55.0	56.0	57.0	58.0	59.0	60.0	61.0	62.0	63.0	64.0	65.0	66.0	67.0	68.0	69.0	70.0	71.0	72.0	73.0	74.0	75.0	76.0	77.0	78.0	79.0	80.0	81.0	82.0	83.0	84.0	85.0	86.0	87.0	88.0	89.0	90.0	91.0	92.0	93.0	94.0	95.0	96.0	97.0	98.0	99.0	100.0	101.0	102.0	103.0	104.0	105.0	106.0	107.0	108.0	109.0	110.0	111.0	112.0	113.0	114.0	115.0	116.0	117.0	118.0	119.0	120.0	121.0	122.0	123.0	124.0	125.0	126.0	127.0	128.0	129.0	130.0	131.0	132.0	133.0	134.0	135.0	136.0	137.0	138.0	139.0	140.0	141.0	142.0	143.0	144.0	145.0	146.0	147.0	148.0	149.0	149.0	150.0	151.0	152.0	153.0	154.0	155.0	156.0	157.0	158.0	159.0	160.0	161.0	162.0	163.0	164.0	165.0	166.0	167.0	168.0	169.0	170.0	171.0	172.0	173.0	174.0	175.0	176.0	177.0	178.0	179.0	180.0	181.0	182.0	183.0	184.0	185.0	186.0	187.0	188.0	189.0	190.0	191.0	192.0	193.0	194.0	195.0	196.0	197.0	198.0	199.0	200.0	201.0	202.0	203.0	204.0	205.0	206.0	207.0	208.0	209.0	210.0	211.0	212.0	213.0	214.0	215.0	216.0	217.0	218.0	219.0	220.0	221.0	222.0	223.0	224.0	225.0	226.0	227.0	228.0	229.0	230.0	231.0	232.0	233.0	234.0	235.0	236.0	237.0	238.0	239.0	240.0	241.0	242.0	243.0	244.0	245.0	246.0	247.0	248.0	249.0	250.0	251.0	252.0	253.0	254.0	255.0	256.0	257.0	258.0	259.0	260.0	261.0	262.0	263.0	264.0	265.0	266.0	267.0	268.0	269.0	270.0	271.0	272.0	273.0	274.0	275.0	276.0	277.0	278.0	279.0	280.0	281.0	282.0	283.0	284.0	285.0	286.0	287.0	288.0	289.0	290.0	291.0	292.0	293.0	294.0	295.0	296.0	297.0	298.0	298.0	299.0	300.0	301.0
2211.914513515345
