3928.2261629515037	300.0	2000.0	168.24203182758094	0	0.0	3928.2261629515037	1	0	1	-1.433231197348414
4110.893024470985	300.0	2799.066452328571	0.0	0	0.0	3909.959476799556	1	0	2	-0.8318720931133727
4259.660529415247	300.0	3635.4221968898823	0.0	0	0.0	3895.0827263051297	1	0	2	-0.6258063083587668
5200.0	300.0	3601.0487792466524	0.0	0	770.6538650264056	3801.0487792466524	1	0	2	-0.604218125230821
6200.0	500.0	3501.0487792466524	0.0	0	778.8745312752435	3701.0487792466524	1	0	2	-0.5685411755324189
7200.0	500.0	3401.0487792466515	0.0	0	739.8035018382343	3601.0487792466515	1	0	2	-0.02481594664013806
8200.0	500.0	3301.0487792466515	0.0	0	732.7572443349827	3501.048779246652	1	0	2	0.0054725946472176865
9200.0	500.0	3201.048779246653	0.0	0	824.2439309744805	3401.048779246653	1	0	2	0.033315044064421054
10200.0	1000.0	3101.0487792466515	0.0	0	631.2231316758935	3301.048779246651	1	0	2	0.05887329102235653
11200.0	2000.0	3001.0487792466515	0.0	0	459.84075697452863	3201.048779246653	1	0	2	0.7756065284079336
12200.0	2000.0	2901.048779246652	0.0	0	223.06841047877242	3101.048779246652	1	0	2	1.4916743552106517
13200.0	2000.0	2801.0487792466506	0.0	0	497.53932293204707	3001.048779246652	1	0	2	1.5099396716768503
14200.0	2000.0	2701.04877924665	0.0	0	587.5783774612664	2901.04877924665	1	0	2	1.5276552282106457
15200.0	2000.0	2601.0487792466492	0.0	0	342.63488547559245	2801.04877924665	1	0	2	1.5443542786596565
16200.0	2000.0	2501.04877924665	0.0	0	446.89894142184494	2701.048779246652	1	0	2	1.559081662572418
17299.10579508276	2000.0	2292.032404655612	0.0	0	0.0	2591.138199738374	1	0	2	1.5752260702464003
18712.590807797882	3000.0	1737.198890668978	0.0	0	0.0	2449.7896984668623	1	0	2	1.5919111816057765
19448.459835232094	3000.0	1927.7429604913423	0.0	0	0.0	2376.202795723435	1	0	2	2.0065897509123447
20200.0	3000.0	2101.0487792466424	0.0	0	64.92405212604717	2301.0487792466447	1	0	2	2.013720689833459
21200.0	3000.0	2001.048779246637	0.0	0	279.88098055207956	2201.048779246641	1	0	2	2.021455690181199
22200.0	3000.0	1901.0487792466367	0.0	0	222.52829218638726	2101.0487792466374	1	0	2	2.030443999233864
23200.0	3000.0	1801.0487792466363	0.0	0	228.51164279233853	2001.0487792466374	1	0	2	2.0379537840389244
24200.0	3000.0	1701.0487792466374	0.0	0	322.61646389942325	1901.0487792466374	1	0	2	2.044671750170916
25302.504368923794	3000.0	1488.2939734304632	0.0	0	0.0	1790.7983423542573	1	0	2	2.052359242948028
26200.0	3000.0	1501.0487792466372	0.0	0	35.540861783647415	1701.0487792466374	1	0	2	2.057550386066711
27200.0	3000.0	1401.0487792466404	0.0	0	49.82661672138056	1601.0487792466374	1	0	2	2.0627057487416254
28200.0	3000.0	1301.0487792466392	0.0	0	279.0334709392373	1501.0487792466301	1	0	2	2.066990150068521
29200.0	3000.0	1201.0487792466397	0.0	0	370.3502987240645	1401.0487792466265	1	0	2	2.0710509480893364
30640.14142744073	3000.0	616.8932090618405	0.0	0	0.0	1257.034636502558	1	0	2	2.0764556065345587
31776.484045615183	3000.0	480.55059088738756	0.0	0	0.0	1257.0346365025616	1	0	1	2.077925527153705
32644.869028459467	3000.0	612.1656080431005	0.0	0	0.0	1257.0346365025616	1	0	1	2.2779255271537053
33553.91921416114	3000.0	703.1154223414277	0.0	0	0.0	1257.0346365025653	1	0	1	2.2779255271537053
34486.66614014013	3000.0	770.3684963624461	0.0	0	0.0	1257.034636502569	1	0	1	2.277925527153705
35576.16944949518	3000.0	680.865187007393	0.0	0	0.0	1257.034636502569	1	0	1	2.277925527153705
36848.06761520948	2000.0	408.9670212930857	0.0	0	0.0	1257.034636502569	1	0	1	1.4669953109373757
37966.81723852323	2000.0	458.2403213774686	168.0229233981401	0	0.0	1425.057559900706	1	0	1	0.8580659605428459
38702.09019394138	2000.0	722.9673659593252	0.0	0	0.0	1425.057559900706	1	0	1	1.8662035009316866
39752.08906607614	2000.0	672.9684938245568	0.0	0	0.0	1425.0575599006988	1	0	1	1.8662035009316869
40424.44413011649	2000.0	1000.6134297842095	0.0	0	0.0	1425.0575599006988	1	0	1	1.8662035009316869
41646.22855491252	2000.0	778.8290049881771	0.0	0	0.0	1425.0575599006988	1	0	1	1.8662035009316869
42630.49106049212	2000.0	794.5664994085793	0.0	0	0.0	1425.0575599006988	1	0	1	1.8662035009316869
43200.0	2000.0	1225.0575599007036	0.0	0	148.7267362991479	1425.057559900706	1	0	1	1.8662035009316866
44200.0	2000.0	1225.0575599007036	0.0	0	201.2080707198329	1425.057559900706	1	0	1	1.8662035009316866
45200.0	2000.0	1225.0575599007034	0.0	0	405.6166261537437	1425.057559900706	1	0	1	1.8662035009316866
46200.0	2000.0	1225.057559900698	0.0	0	306.4488161243571	1425.057559900706	1	0	1	1.8662035009316866
47200.0	2000.0	1225.0575599007007	0.0	0	423.7308880997589	1425.057559900706	1	0	1	1.8662035009316866
48200.0	2000.0	1225.057559900694	0.0	0	503.18524966511904	1425.0575599007134	1	0	1	1.8662035009316864
49200.0	2000.0	1225.0575599006954	0.0	0	53.63414902760269	1425.0575599007134	1	0	1	1.8662035009316864
50200.0	2000.0	1225.0575599007002	0.0	0	109.41058941605297	1425.0575599007134	1	0	1	1.8662035009316864
51200.0	2000.0	1225.057559900699	0.0	0	520.6263890361734	1425.057559900706	1	0	1	1.8662035009316866
52200.0	2000.0	1225.057559900698	0.0	0	478.2998574019657	1425.057559900706	1	0	1	1.8662035009316866
53200.0	3000.0	1225.0575599006906	0.0	0	201.09169562052557	1425.057559900706	1	0	1	1.8662035009316869
54200.0	3000.0	1225.0575599006843	0.0	0	121.3112735839677	1425.0575599007134	1	0	1	2.271668609039851
55250.53539591323	3000.0	1174.522163987449	0.0	0	0.0	1425.0575599007134	1	0	1	2.271668609039851
56418.05047585097	3000.0	1007.0070840497153	0.0	0	0.0	1425.0575599007134	1	0	1	2.271668609039851
57549.65257402069	3000.0	875.4049858799968	0.0	0	0.0	1425.0575599007134	1	0	1	2.271668609039851
58596.318121963275	3000.0	828.7394379374123	0.0	0	0.0	1425.0575599007134	1	0	1	2.271668609039851
59200.0	2000.0	1225.0575599006866	0.0	0	161.90219964255084	1425.0575599007134	1	0	1	1.4607383928235218
60361.12748202095	3000.0	1063.9300778797353	0.0	0	0.0	1425.0575599007134	1	0	1	1.8662035009316864
61630.270282266625	3000.0	794.7872776340583	0.0	0	0.0	1425.0575599007207	1	0	1	2.2716686090398506
62247.454404559925	2000.0	1177.603155340752	0.0	0	0.0	1425.0575599007207	1	0	1	1.4607383928235211
63358.566310657036	2000.0	1066.4912492436426	0.0	0	0.0	1425.0575599007207	1	0	1	1.8662035009316857
64200.0	2000.0	1225.0575599006772	0.0	0	267.78842610731954	1425.0575599007207	1	0	1	1.8662035009316857
65200.0	2000.0	1225.0575599006806	0.0	0	428.83173658642045	1425.0575599007207	1	0	1	1.8662035009316857
66200.0	2000.0	1225.0575599006677	0.0	0	480.94970831117826	1425.0575599007134	1	0	1	1.866203500931686
67200.0	2000.0	1225.0575599006615	0.0	0	588.7407155195979	1425.0575599007134	1	0	1	1.8662035009316864
68200.0	2000.0	1225.05755990067	0.0	0	446.7227786149306	1425.0575599007134	1	0	1	1.8662035009316864
69200.0	3000.0	1225.05755990067	0.0	0	233.7768701510795	1425.0575599007134	1	0	1	1.8662035009316864
70200.0	3000.0	1225.0575599006656	0.0	0	172.6599380519474	1425.0575599006988	1	0	1	2.2716686090398515
71200.0	3000.0	1225.0575599006509	0.0	0	214.99736234510783	1425.0575599006988	1	0	1	2.2716686090398515
72200.0	3000.0	1225.0575599006438	0.0	0	71.14872562291566	1425.0575599006988	1	0	1	2.2716686090398515
73200.0	3000.0	1225.0575599006356	0.0	0	335.0783562998986	1425.0575599006988	1	0	1	2.2716686090398515
74200.0	3000.0	1225.0575599006386	0.0	0	159.66589527044562	1425.0575599006988	1	0	1	2.2716686090398515
75555.5231930053	3000.0	869.5343668953567	0.0	0	0.0	1425.0575599006988	1	0	1	2.2716686090398515
76325.30968177182	3000.0	1099.74787812885	0.0	0	0.0	1425.0575599006988	1	0	1	2.2716686090398515
77200.0	3000.0	1225.0575599006534	0.0	0	192.6926584258763	1425.0575599006988	1	0	1	2.2716686090398515
78200.0	3000.0	1225.0575599006606	0.0	0	389.39764485413616	1425.0575599006988	1	0	1	2.2716686090398515
79508.33093922642	3000.0	916.7266206742397	0.0	0	0.0	1425.0575599006988	1	0	1	2.2716686090398515
80317.53868037864	3000.0	1107.5188795220351	0.0	0	0.0	1425.0575599007134	1	0	1	2.271668609039851
81200.0	3000.0	1225.0575599006809	0.0	0	85.63513621182938	1425.0575599007134	1	0	1	2.271668609039851
82345.61342998203	3000.0	1079.44412991866	0.0	0	0.0	1425.0575599007134	1	0	1	2.271668609039851
83457.23429501415	3000.0	967.8232648865452	0.0	0	0.0	1425.0575599006988	1	0	1	2.2716686090398515
84247.66799770755	3000.0	1177.3895621931329	0.0	0	0.0	1425.0575599006988	1	0	1	2.2716686090398515
85200.0	3000.0	1225.0575599006997	0.0	0	47.383414146708674	1425.0575599006988	1	0	1	2.2716686090398515
86200.0	3000.0	1225.0575599006986	0.0	0	227.87910756304336	1425.0575599006843	1	0	1	2.2716686090398523
87430.88705750417	3000.0	994.1705023965442	0.0	0	0.0	1425.0575599006988	1	0	1	2.2716686090398515
88214.83011504194	3000.0	1210.227444858775	0.0	0	0.0	1425.0575599006988	1	0	1	2.2716686090398515
89200.0	3000.0	1225.0575599007047	0.0	0	394.2693758105306	1425.0575599006843	1	0	1	2.2716686090398523
90302.39101058645	3000.0	1122.6665493142684	0.0	0	0.0	1425.0575599006843	1	0	1	2.2716686090398523
91200.0	3000.0	1225.0575599007293	0.0	0	37.65791894211725	1425.0575599006988	1	0	1	2.2716686090398515
92200.0	3000.0	1225.0575599007211	0.0	0	335.94088512637245	1425.0575599006988	1	0	1	2.2716686090398515
93200.0	3000.0	1225.0575599007184	0.0	0	248.8918802006665	1425.0575599006988	1	0	1	2.2716686090398515
94200.0	3000.0	1225.0575599007225	0.0	0	392.37484419984685	1425.0575599007134	1	0	1	2.271668609039851
95390.69939070355	3000.0	1034.3581691971833	0.0	0	0.0	1425.0575599007134	1	0	1	2.271668609039851
96343.49810657231	3000.0	1081.5594533284284	0.0	0	0.0	1425.0575599007134	1	0	1	2.271668609039851
97547.71128450084	3000.0	877.3462753999052	0.0	0	0.0	1425.0575599007134	1	0	1	2.271668609039851
98447.44138588679	3000.0	977.6161740139471	0.0	0	0.0	1425.0575599007134	1	0	1	2.271668609039851
99374.09210312071	3000.0	1050.9654567800137	0.0	0	0.0	1425.0575599006988	1	0	1	2.2716686090398515
100423.32549171716	3000.0	1001.7320681835729	0.0	0	0.0	1425.0575599006988	1	0	1	2.2716686090398515
101287.67794817364	3000.0	1137.379611727096	0.0	0	0.0	1425.0575599007134	1	0	1	2.271668609039851
102200.0	3000.0	1225.0575599007202	0.0	0	319.0022601022938	1425.0575599007134	1	0	1	2.271668609039851
103200.0	3000.0	1225.0575599007216	0.0	0	321.6341017106024	1425.0575599007134	1	0	1	2.271668609039851
104200.0	3000.0	1225.0575599007345	0.0	0	216.56884752849874	1425.0575599007134	1	0	1	2.271668609039851
105200.0	3000.0	1225.0575599007248	0.0	0	408.4562419374997	1425.0575599007134	1	0	1	2.271668609039851
106200.0	3000.0	1225.0575599007298	0.0	0	229.7599494924798	1425.0575599007134	1	0	1	2.271668609039851
107200.0	3000.0	1225.0575599007157	0.0	0	272.5931520187005	1425.0575599006988	1	0	1	2.2716686090398515
108200.0	3000.0	1225.0575599007268	0.0	0	102.39850337650569	1425.0575599006988	1	0	1	2.2716686090398515
109200.0	3000.0	1225.0575599007345	0.0	0	144.61636713858752	1425.0575599006988	1	0	1	2.2716686090398515
110302.16526547282	3000.0	1122.8922944279193	0.0	0	0.0	1425.0575599006988	1	0	1	2.2716686090398515
111223.03553092162	3000.0	1202.0220289791184	0.0	0	0.0	1425.0575599007134	1	0	1	2.271668609039851
112200.0	3000.0	1225.0575599007325	0.0	0	21.01798390125623	1425.0575599007134	1	0	1	2.271668609039851
113200.0	3000.0	1225.0575599007338	0.0	0	72.45333633647533	1425.0575599007134	1	0	1	2.271668609039851
114200.0	3000.0	1225.0575599007336	0.0	0	74.49936865580094	1425.0575599007134	1	0	1	2.271668609039851
115200.0	3000.0	1225.0575599007311	0.0	0	442.0475121112686	1425.0575599007134	1	0	1	2.271668609039851
116200.0	3000.0	1225.0575599007316	0.0	0	75.11408704497444	1425.057559900728	1	0	1	2.27166860903985
117271.42066376698	3000.0	1153.636896133757	0.0	0	0.0	1425.0575599007425	1	0	1	2.2716686090398497
118287.02198428845	3000.0	1138.0355756122785	0.0	0	0.0	1425.057559900728	1	0	1	2.27166860903985
119282.60935653273	3000.0	1142.4482033680003	0.0	0	0.0	1425.057559900728	1	0	1	2.27166860903985
120200.0	3000.0	1225.0575599007311	0.0	0	192.72464795406268	1425.057559900728	1	0	1	2.27166860903985
121200.0	3000.0	1225.0575599007398	0.0	0	330.397914725836	1425.057559900728	1	0	1	2.27166860903985
122200.0	3000.0	1225.0575599007473	0.0	0	192.8478993545723	1425.057559900728	1	0	1	2.27166860903985
123200.0	3000.0	1225.0575599007514	0.0	0	231.88108411774738	1425.057559900728	1	0	1	2.27166860903985
124200.0	3000.0	1225.057559900745	0.0	0	121.01041483604058	1425.057559900728	1	0	1	2.27166860903985
125200.0	3000.0	1225.0575599007548	0.0	0	115.41663310430886	1425.057559900728	1	0	1	2.27166860903985
126422.61835533835	3000.0	1002.439204562423	0.0	0	0.0	1425.057559900728	1	0	1	2.27166860903985
127216.37450388401	3000.0	1208.6830560167648	0.0	0	0.0	1425.0575599007425	1	0	1	2.2716686090398497
128200.0	3000.0	1225.0575599007798	0.0	0	112.69043789347052	1425.0575599007425	1	0	1	2.2716686090398497
129308.14807844335	3000.0	1116.9094814574187	0.0	0	0.0	1425.0575599007425	1	0	1	2.2716686090398497
130200.0	3000.0	1225.057559900755	0.0	0	34.40223451156635	1425.057559900728	1	0	1	2.27166860903985
131200.0	3000.0	1225.0575599007352	0.0	0	45.80519707230269	1425.0575599007134	1	0	1	2.2716686090398506
132200.0	3000.0	1225.057559900718	0.0	0	350.2715453930723	1425.0575599006843	1	0	1	2.271668609039852
133200.0	3000.0	1225.0575599007325	0.0	0	477.7201092641335	1425.0575599006843	1	0	1	2.2716686090398523
134200.0	3000.0	1225.0575599007395	0.0	0	562.9649896863848	1425.0575599006843	1	0	1	2.2716686090398523
135407.31701891607	3000.0	1017.7405409846594	0.0	0	0.0	1425.0575599006552	1	0	1	2.2716686090398532
136461.7202133495	3000.0	963.3373465512117	0.0	0	0.0	1425.0575599006552	1	0	1	2.2716686090398532
137200.0	3000.0	1225.057559900729	0.0	0	27.15756595102721	1425.0575599006843	1	0	1	2.2716686090398523
138200.0	3000.0	1225.0575599007138	0.0	0	244.0641830555105	1425.0575599006843	1	0	1	2.2716686090398523
139200.0	3000.0	1225.0575599007307	0.0	0	416.27327375815366	1425.0575599006843	1	0	1	2.2716686090398523
140200.0	3000.0	1225.0575599007152	0.0	0	482.29622211225796	1425.0575599007134	1	0	1	2.271668609039851
141322.87336135295	3000.0	1102.1841985477615	0.0	0	0.0	1425.0575599007425	1	0	1	2.2716686090398497
142222.3274260306	3000.0	1202.7301338701213	0.0	0	0.0	1425.0575599007425	1	0	1	2.2716686090398497
143200.0	3000.0	1225.0575599007034	0.0	0	244.45286918946658	1425.0575599007425	1	0	1	2.2716686090398497
144200.0	3000.0	1225.057559900712	0.0	0	306.0308741973422	1425.0575599007425	1	0	1	2.2716686090398497
145200.0	3000.0	1225.057559900737	0.0	0	295.61654409213224	1425.0575599007425	1	0	1	2.2716686090398497
146431.85353098565	3000.0	993.2040289150783	0.0	0	0.0	1425.0575599007425	1	0	1	2.2716686090398497
147545.81952816324	3000.0	879.2380317375053	0.0	0	0.0	1425.0575599007716	1	0	1	2.271668609039849
148200.0	3000.0	1225.0575599007593	0.0	0	129.88074051545118	1425.0575599007716	1	0	1	2.271668609039849
149200.0	3000.0	1225.0575599007952	0.0	0	409.1283943829185	1425.0575599007716	1	0	1	2.271668609039849
150200.0	3000.0	1225.0575599008098	0.0	0	164.6415490633808	1425.0575599008007	1	0	1	2.2716686090398475
151273.19984820628	3000.0	1151.8577116945419	0.0	0	0.0	1425.0575599008007	1	0	1	2.2716686090398475
152681.56591161515	3000.0	743.4916482856424	0.0	0	0.0	1425.0575599008007	1	0	1	2.2716686090398475
153991.8388499349	3000.0	433.21870996590593	0.0	0	0.0	1425.0575599008007	1	0	1	2.2716686090398475
155383.0265309999	3000.0	209.61870903645178	167.58768013555755	0	0.0	1592.6452400363632	1	0	1	1.2587895667792082
156816.13550123572	3000.0	310.6960473289459	534.1863085283151	0	0.0	2126.831548564689	1	0	1	-0.9729374539851128
157985.09403941364	3000.0	356.79120769448116	215.0536985434385	0	0.0	2341.885247108148	1	0	1	0.9216209459957247
159155.41576173884	3000.0	415.0466968557588	228.5772114865046	0	0.0	2570.462458594615	1	0	1	0.8154723649836289
160167.7458976482	3000.0	402.71656094641185	0.0	0	0.0	2570.462458594615	1	0	1	2.1869356339026567
160875.79115817242	2000.0	705.6444778831438	10.973177460956308	0	0.0	2581.4356360555685	1	0	1	1.3088251324779285
161502.90264743127	2000.0	1078.5329886242916	0.0	0	0.0	2581.4356360555685	1	0	1	1.780129305351831
162072.69457419342	2000.0	1508.7410618621393	0.0	0	0.0	2581.4356360555685	1	0	1	1.780129305351831
162462.88473736896	2000.0	2118.55089868662	0.0	0	0.0	2581.4356360555685	1	0	1	1.780129305351831
163306.8027400612	3000.0	2274.632895994403	0.0	0	0.0	2581.4356360555685	1	0	1	1.7801293053518312
164300.01075139895	3000.0	2281.424884656625	0.0	0	0.0	2581.4356360555685	1	0	1	2.185594413459996
165602.20857865812	3000.0	1979.227057397459	0.0	0	0.0	2581.4356360555976	1	0	1	2.1855944134599925
167192.9419093079	3000.0	1388.4937267476919	0.0	0	0.0	2581.4356360555976	1	0	1	2.1855944134599925
168339.59757185483	3000.0	1241.8380642007548	0.0	0	0.0	2581.4356360555976	1	0	1	2.1855944134599925
169002.79971433536	3000.0	1578.6359217202498	0.0	0	0.0	2581.4356360556267	1	0	1	2.1855944134599885
169718.91831700533	3000.0	1862.5173190502683	0.0	0	0.0	2581.435636055656	1	0	1	2.1855944134599854
170623.39328792115	3000.0	1958.0423481344824	0.0	0	0.0	2581.435636055685	1	0	1	2.185594413459982
171489.33761728156	3000.0	2092.0980187740597	0.0	0	0.0	2581.435636055685	1	0	1	2.185594413459982
172200.0	3000.0	2381.4356360556403	0.0	0	167.41852734415443	2581.435636055685	1	0	1	2.185594413459982
173200.0	3000.0	2381.435636055655	0.0	0	26.393240108853206	2581.435636055685	1	0	1	2.185594413459982
174276.4879244059	3000.0	2304.9477116497646	0.0	0	0.0	2581.435636055656	1	0	1	2.1855944134599854
175342.3732652616	3000.0	2239.0623707940586	0.0	0	0.0	2581.435636055656	1	0	1	2.1855944134599854
176525.21014765112	3000.0	2056.225488404526	0.0	0	0.0	2581.435636055656	1	0	1	2.1855944134599854
177200.0	3000.0	2381.4356360556812	0.0	0	189.6098765640927	2581.435636055656	1	0	1	2.1855944134599854
178200.0	3000.0	2381.4356360556694	0.0	0	335.8358098301396	2581.435636055656	1	0	1	2.1855944134599854
179669.98459165922	3000.0	1911.4510443964616	0.0	0	0.0	2581.4356360556267	1	0	1	2.1855944134599885
180399.16802308586	3000.0	2182.267612969804	0.0	0	0.0	2581.4356360556267	1	0	1	2.1855944134599885
181234.11283858216	3000.0	2347.322797473471	0.0	0	0.0	2581.4356360556267	1	0	1	2.1855944134599885
182200.0	3000.0	2381.435636055667	0.0	0	66.56684094647062	2581.435636055656	1	0	1	2.1855944134599854
183257.26310522415	3000.0	2324.1725308314963	0.0	0	0.0	2581.4356360556267	1	0	1	2.1855944134599885
185095.0683838868	3000.0	1486.367252168837	0.0	0	0.0	2581.4356360556267	1	0	1	2.1855944134599885
185931.94552437944	2000.0	1649.4901116761807	0.0	0	0.0	2581.4356360556267	1	0	1	1.3746641972436595
187028.1583434385	2000.0	1553.2772926171358	0.0	0	0.0	2581.435636055656	1	0	1	1.7801293053518215
187985.02763647816	2000.0	1596.4079995774428	0.0	0	0.0	2581.4356360556267	1	0	1	1.7801293053518235
189006.26857172386	2000.0	1575.1670643317289	0.0	0	0.0	2581.4356360556267	1	0	1	1.7801293053518241
190194.11021688583	2000.0	1387.3254191697797	0.0	0	0.0	2581.4356360556267	1	0	1	1.7801293053518241
191202.28254089432	2000.0	1379.1530951613029	0.0	0	0.0	2581.4356360556267	1	0	1	1.7801293053518241
191931.62191803433	2000.0	1649.813718021284	0.0	0	0.0	2581.435636055656	1	0	1	1.7801293053518206
192590.3731430242	2000.0	1991.0624930314357	0.0	0	0.0	2581.435636055656	1	0	1	1.7801293053518206
193290.80094357487	2000.0	2290.634692480733	0.0	0	0.0	2581.435636055656	1	0	1	1.7801293053518206
194200.0	2000.0	2381.4356360555907	0.0	0	97.84311182852252	2581.435636055656	1	0	1	1.7801293053518206
195200.0	2000.0	2381.435636055631	0.0	0	49.26812132052146	2581.435636055685	1	0	1	1.7801293053518168
196200.0	2000.0	2381.435636055609	0.0	0	313.530206729396	2581.435636055685	1	0	1	1.7801293053518168
197200.0	2000.0	2381.435636055601	0.0	0	226.90726115510915	2581.435636055685	1	0	1	1.7801293053518168
198200.0	2000.0	2381.435636055625	0.0	0	326.1456595961936	2581.435636055685	1	0	1	1.7801293053518168
199200.0	2000.0	2381.435636055601	0.0	0	216.9973623143742	2581.435636055685	1	0	1	1.7801293053518168
200200.0	2000.0	2381.435636055619	0.0	0	529.1222566092329	2581.435636055685	1	0	1	1.7801293053518168
201200.0	3000.0	2381.435636055622	0.0	0	395.29109064579825	2581.435636055685	1	0	1	1.780129305351817
202200.0	3000.0	2381.435636055627	0.0	0	170.2111684085976	2581.435636055685	1	0	1	2.185594413459982
203200.0	3000.0	2381.4356360556385	0.0	0	53.70570694326307	2581.435636055685	1	0	1	2.185594413459982
204362.64323780572	3000.0	2218.7923982499033	0.0	0	0.0	2581.435636055685	1	0	1	2.185594413459982
205499.5194551456	3000.0	2081.9161809100533	0.0	0	0.0	2581.435636055685	1	0	1	2.185594413459982
206322.67254231282	3000.0	2258.763093742859	0.0	0	0.0	2581.435636055656	1	0	1	2.1855944134599854
207414.3249045032	3000.0	2167.1107315524796	0.0	0	0.0	2581.435636055685	1	0	1	2.185594413459982
208200.0	2000.0	2381.435636055685	0.0	0	130.38770687382203	2581.435636055685	1	0	1	1.3746641972436522
209200.0	3000.0	2381.4356360556835	0.0	0	323.50173657681444	2581.435636055656	1	0	1	1.78012930535182
210549.78087834403	3000.0	2031.6547577116596	0.0	0	0.0	2581.4356360556267	1	0	1	2.1855944134599885
211200.0	2000.0	2381.4356360556817	0.0	0	28.145307171187596	2581.4356360556267	1	0	1	1.3746641972436595
212200.0	2000.0	2381.4356360556662	0.0	0	12.909580058447318	2581.4356360556267	1	0	1	1.7801293053518241
213200.0	2000.0	2381.435636055697	0.0	0	243.6834723520733	2581.4356360555976	1	0	1	1.7801293053518275
214200.0	2000.0	2381.4356360556867	0.0	0	554.7453934831428	2581.4356360555976	1	0	1	1.7801293053518275
215200.0	2000.0	2381.435636055668	0.0	0	512.7785136190942	2581.4356360556267	1	0	1	1.7801293053518241
216200.0	2000.0	2381.435636055705	0.0	0	599.1615401809686	2581.4356360556267	1	0	1	1.7801293053518241
217200.0	2000.0	2381.435636055721	0.0	0	595.4853565909434	2581.4356360556267	1	0	1	1.7801293053518241
218200.0	3000.0	2381.4356360557185	0.0	0	26.344007136969594	2581.4356360556267	1	0	1	1.780129305351824
219299.15527391326	3000.0	2282.2803621424487	0.0	0	0.0	2581.4356360556267	1	0	1	2.1855944134599885
220391.53919660728	3000.0	2189.8964394484155	0.0	0	0.0	2581.4356360556267	1	0	1	2.1855944134599885
221570.02049007328	3000.0	2011.4151459824307	0.0	0	0.0	2581.4356360556267	1	0	1	2.1855944134599885
222293.49335996876	3000.0	2287.942276086949	0.0	0	0.0	2581.4356360556267	1	0	1	2.1855944134599885
223279.7176580159	3000.0	2301.717978039829	0.0	0	0.0	2581.4356360556267	1	0	1	2.1855944134599885
224200.0	3000.0	2381.4356360556885	0.0	0	23.82143104550778	2581.4356360556267	1	0	1	2.1855944134599885
225410.72155940777	3000.0	2170.7140766479415	0.0	0	0.0	2581.4356360556267	1	0	1	2.1855944134599885
226200.0	3000.0	2381.435636055682	0.0	0	221.97988024019287	2581.4356360556267	1	0	1	2.1855944134599885
227200.0	3000.0	2381.4356360556935	0.0	0	234.41673799973796	2581.4356360556267	1	0	1	2.1855944134599885
228200.0	3000.0	2381.4356360556662	0.0	0	198.42678700236138	2581.4356360556267	1	0	1	2.1855944134599885
229232.51705329682	3000.0	2348.9185827588476	0.0	0	0.0	2581.4356360556267	1	0	1	2.1855944134599885
230370.50640623446	3000.0	2210.9292298212404	0.0	0	0.0	2581.4356360556267	1	0	1	2.1855944134599885
231500.137917118	3000.0	2081.297718937687	0.0	0	0.0	2581.435636055656	1	0	1	2.1855944134599854
232839.1057955086	3000.0	1742.3298405470857	0.0	0	0.0	2581.4356360556267	1	0	1	2.1855944134599863
233748.1873796807	3000.0	1833.2482563749845	0.0	0	0.0	2581.4356360555976	1	0	1	2.1855944134599925
234529.8492645748	3000.0	2051.586371480872	0.0	0	0.0	2581.4356360555976	1	0	1	2.1855944134599925
235881.88805240736	3000.0	1699.5475836483024	0.0	0	0.0	2581.4356360556267	1	0	1	2.1855944134599885
236860.74728608012	3000.0	1720.6883499755545	0.0	0	0.0	2581.435636055685	1	0	1	2.185594413459983
237768.50133066773	3000.0	1812.934305387926	0.0	0	0.0	2581.435636055685	1	0	1	2.185594413459982
238574.22719968847	3000.0	2007.2084363672031	0.0	0	0.0	2581.435636055685	1	0	1	2.185594413459982
239651.6149749114	3000.0	1929.8206611443	0.0	0	0.0	2581.435636055714	1	0	1	2.1855944134599783
240329.94364039705	3000.0	2251.4919956586427	0.0	0	0.0	2581.435636055714	1	0	1	2.1855944134599783
241200.0	3000.0	2381.4356360557003	0.0	0	185.6863394594984	2581.435636055743	1	0	1	2.1855944134599743
242200.0	3000.0	2381.435636055717	0.0	0	367.2051924159168	2581.435636055772	1	0	1	2.185594413459971
243200.0	3000.0	2381.435636055685	0.0	0	265.9904043523129	2581.435636055772	1	0	1	2.1855944134599707
244200.0	3000.0	2381.4356360556794	0.0	0	109.79928026438574	2581.435636055772	1	0	1	2.1855944134599707
245200.0	3000.0	2381.43563605567	0.0	0	159.63275910218363	2581.435636055743	1	0	1	2.1855944134599743
246200.0	3000.0	2381.4356360556594	0.0	0	264.29001409185	2581.435636055685	1	0	1	2.185594413459981
247200.0	3000.0	2381.43563605563	0.0	0	132.90812264327542	2581.435636055714	1	0	1	2.1855944134599783
248200.0	3000.0	2381.435636055641	0.0	0	340.84295261494117	2581.435636055743	1	0	1	2.1855944134599743
249229.30065151167	3000.0	2352.1349845439686	0.0	0	0.0	2581.435636055714	1	0	1	2.1855944134599783
250230.74324892554	3000.0	2350.6923871300924	0.0	0	0.0	2581.435636055743	1	0	1	2.1855944134599743
251200.0	3000.0	2381.4356360556176	0.0	0	377.95231952375616	2581.435636055743	1	0	1	2.1855944134599743
252200.0	3000.0	2381.4356360556217	0.0	0	203.65946734682075	2581.435636055714	1	0	1	2.1855944134599774
253202.52708844314	3000.0	2378.9085476124847	0.0	0	0.0	2581.435636055743	1	0	1	2.1855944134599743
254200.0	3000.0	2381.435636055604	0.0	0	442.6961040808528	2581.435636055743	1	0	1	2.1855944134599743
255229.10674267926	3000.0	2352.328893376349	0.0	0	0.0	2581.435636055772	1	0	1	2.1855944134599707
256200.0	3000.0	2381.435636055599	0.0	0	106.89538524730597	2581.4356360558013	1	0	1	2.185594413459967
257200.0	3000.0	2381.4356360555967	0.0	0	218.34585188602796	2581.435636055772	1	0	1	2.1855944134599707
258364.1528812955	3000.0	2217.282754760091	0.0	0	0.0	2581.435636055772	1	0	1	2.1855944134599707
259313.71233227616	3000.0	2267.7233037794263	0.0	0	0.0	2581.435636055772	1	0	1	2.1855944134599707
260200.0	3000.0	2381.4356360555853	0.0	0	13.894333471282152	2581.435636055772	1	0	1	2.1855944134599707
261200.0	3000.0	2381.4356360555867	0.0	0	339.30780359572964	2581.435636055772	1	0	1	2.1855944134599707
262200.0	3000.0	2381.4356360556008	0.0	0	38.03745813964633	2581.4356360558013	1	0	1	2.1855944134599703
263200.0	3000.0	2381.435636055592	0.0	0	176.58806461724453	2581.4356360558013	1	0	1	2.185594413459966
264200.0	3000.0	2381.4356360555994	0.0	0	427.46947490022285	2581.435636055772	1	0	1	2.1855944134599694
265200.0	3000.0	2381.4356360556576	0.0	0	37.8716697448981	2581.4356360558304	1	0	1	2.185594413459965
266308.6230276836	3000.0	2272.812608372083	0.0	0	0.0	2581.4356360558304	1	0	1	2.1855944134599636
267200.0	3000.0	2381.435636055671	0.0	0	217.27187672571745	2581.4356360558304	1	0	1	2.1855944134599636
268333.1264360869	3000.0	2248.309199968795	0.0	0	0.0	2581.4356360558886	1	0	1	2.1855944134599565
269200.0	3000.0	2381.4356360557167	0.0	0	179.82759057061048	2581.435636055947	1	0	1	2.1855944134599494
270200.0	3000.0	2381.435636055744	0.0	0	230.1127430992783	2581.435636056005	1	0	1	2.1855944134599437
271200.0	3000.0	2381.4356360557467	0.0	0	477.79357475496363	2581.4356360560632	1	0	1	2.185594413459935
272209.2096011247	3000.0	2372.226034931086	0.0	0	0.0	2581.435636056005	1	0	1	2.1855944134599423
273200.0	3000.0	2381.4356360558486	0.0	0	58.50492633023532	2581.435636056005	1	0	1	2.1855944134599423
274200.0	3000.0	2381.43563605589	0.0	0	147.31844681315124	2581.435636056005	1	0	1	2.1855944134599423
275200.0	3000.0	2381.435636055907	0.0	0	219.1652518187766	2581.435636056005	1	0	1	2.1855944134599423
276200.0	3000.0	2381.4356360559213	0.0	0	43.844019531912636	2581.435636056005	1	0	1	2.1855944134599423
277200.0	3000.0	2381.4356360559063	0.0	0	397.9404813160654	2581.435636056005	1	0	1	2.1855944134599423
278296.23827626347	3000.0	2285.1973597924125	0.0	0	0.0	2581.435636056005	1	0	1	2.1855944134599423
279200.0	3000.0	2381.435636055882	0.0	0	111.445846338931	2581.435636056005	1	0	1	2.1855944134599423
280200.0	3000.0	2381.4356360559	0.0	0	280.8120245686732	2581.435636056005	1	0	1	2.1855944134599423
281200.0	3000.0	2381.43563605589	0.0	0	388.0202740864479	2581.435636055947	1	0	1	2.1855944134599494
282200.0	3000.0	2381.4356360558886	0.0	0	369.01649276260287	2581.435636056005	1	0	1	2.1855944134599437
283200.0	3000.0	2381.435636055905	0.0	0	420.858152029512	2581.435636056005	1	0	1	2.1855944134599423
284271.6374080954	3000.0	2309.7982279604107	0.0	0	0.0	2581.435636055947	1	0	1	2.1855944134599494
285200.0	3000.0	2381.4356360558572	0.0	0	207.26914181100437	2581.4356360558886	1	0	1	2.1855944134599565
286200.0	3000.0	2381.43563605585	0.0	0	222.96418684581295	2581.4356360558886	1	0	1	2.1855944134599565
287200.0	3000.0	2381.435636055927	0.0	0	293.50180605374044	2581.4356360558886	1	0	1	2.1855944134599565
288200.0	3000.0	2381.435636055884	0.0	0	365.2575518116355	2581.4356360558886	1	0	1	2.185594413459958
289200.0	3000.0	2381.4356360558663	0.0	0	314.1039789528004	2581.4356360558886	1	0	1	2.1855944134599565
290200.0	3000.0	2381.4356360558845	0.0	0	50.74224418203812	2581.4356360558886	1	0	1	2.1855944134599565
291209.34989120567	3000.0	2372.0857448501843	0.0	0	0.0	2581.4356360558886	1	0	1	2.1855944134599565
292200.0	3000.0	2381.435636055831	0.0	0	306.3919004648342	2581.4356360558886	1	0	1	2.1855944134599565
293200.0	3000.0	2381.4356360558077	0.0	0	49.566896930511575	2581.4356360558304	1	0	1	2.1855944134599636
294200.0	3000.0	2381.435636055803	0.0	0	96.70617325545754	2581.4356360558886	1	0	1	2.1855944134599565
295200.0	3000.0	2381.4356360557676	0.0	0	178.8652882471797	2581.4356360558886	1	0	1	2.1855944134599565
296290.45803983766	3000.0	2290.977596218055	0.0	0	0.0	2581.4356360558304	1	0	1	2.1855944134599636
297200.0	3000.0	2381.435636055686	0.0	0	368.1773668290116	2581.4356360558304	1	0	1	2.1855944134599636
298200.0	3000.0	2381.4356360556776	0.0	0	65.98128491308307	2581.435636055772	1	0	1	2.1855944134599707
299200.0	3000.0	2381.4356360556917	0.0	0	115.8041785802925	2581.435636055772	1	0	1	2.1855944134599707
300200.0	3000.0	2381.4356360557263	0.0	0	212.99304803746054	2581.435636055714	1	0	1	2.1855944134599783
2.44	3.22	2.35	2.0	3.34	2.93	3.65	2.75	3.86	4.51	3.89	3.54	2.4	2.37	2.75	3.76	4.73	2.57	4.27	4.71	2.92	3.03	2.64	3.5	5.36	3.07	1.83	3.26	2.91	3.1	3.48	2.14	1.58	2.21	2.25	2.72	2.35	1.93	2.54	4.09	2.81	2.79	2.88	4.05	2.71	2.86	3.08	3.76	4.44	3.52	3.07	3.49	3.07	2.81	2.2	3.79	3.36	1.76	2.62	2.34	3.22	4.12	4.93	4.63	4.67	2.87	3.6	3.17	3.45	3.44	4.14	2.07	3.56	4.64	3.29	2.84	4.19	3.12	3.06	2.71	3.38	4.25	3.08	3.01	4.22	3.78	2.59	4.67	5.26	5.34	4.29	2.94	3.95	2.92	2.91	4.34	3.0	4.81	4.65	3.94	4.08	4.43	3.37	5.18	3.85	3.23	4.0	3.64	3.93	4.16	4.11	5.13	2.62	3.76	3.67	3.02	5.42	5.64	3.54	4.05	4.52	4.71	2.43	4.17	4.45	3.09	3.17	3.81	5.28	6.41	4.83	2.49	3.54	3.92	5.1	6.07	5.2	2.36	4.21	5.75	3.1	3.16	2.88	3.68	5.07	3.42	4.26	3.39	2.46	2.65	2.44	3.22	2.35	2.0	3.34	2.93	3.65	2.75	3.86	4.51	3.89	3.54	2.4	2.37	2.75	3.76	4.73	2.57	4.27	4.71	2.92	3.03	2.64	3.5	5.36	3.07	1.83	3.26	2.91	3.1	3.48	2.14	1.58	2.21	2.25	2.72	2.35	1.93	2.54	4.09	2.81	2.79	2.88	4.05	2.71	2.86	3.08	3.76	4.44	3.52	3.07	3.49	3.07	2.81	2.2	3.79	3.36	1.76	2.62	2.34	3.22	4.12	4.93	4.63	4.67	2.87	3.6	3.17	3.45	3.44	4.14	2.07	3.56	4.64	3.29	2.84	4.19	3.12	3.06	2.71	3.38	4.25	3.08	3.01	4.22	3.78	2.59	4.67	5.26	5.34	4.29	2.94	3.95	2.92	2.91	4.34	3.0	4.81	4.65	3.94	4.08	4.43	3.37	5.18	3.85	3.23	4.0	3.64	3.93	4.16	4.11	5.13	2.62	3.76	3.67	3.02	5.42	5.64	3.54	4.05	4.52	4.71	2.43	4.17	4.45	3.09	3.17	3.81	5.28	6.41	4.83	2.49	3.54	3.92	5.1	6.07	5.2	2.36	4.21	5.75	3.1	3.16	2.88	3.68	5.07	3.42	4.26	3.39	2.46	2.65	2.44	3.22
1.0	2.0	3.0	4.0	5.0	6.0	7.0	8.0	9.0	10.0	11.0	12.0	13.0	14.0	15.0	16.0	17.0	18.0	19.0	20.0	21.0	22.0	23.0	24.0	25.0	26.0	27.0	28.0	29.0	30.0	31.0	32.0	33.0	34.0	35.0	36.0	37.0	38.0	39.0	40.0	41.0	42.0	43.0	44.0	45.0	46.0	47.0	48.0	49.0	50.0	51.0	52.0	53.0	54.0	55.0	56.0	57.0	58.0	59.0	60.0	61.0	62.0	63.0	64.0	65.0	66.0	67.0	68.0	69.0	70.0	71.0	72.0	73.0	74.0	75.0	76.0	77.0	78.0	79.0	80.0	81.0	82.0	83.0	84.0	85.0	86.0	87.0	88.0	89.0	90.0	91.0	92.0	93.0	94.0	95.0	96.0	97.0	98.0	99.0	100.0	101.0	102.0	103.0	104.0	105.0	106.0	107.0	108.0	109.0	110.0	111.0	112.0	113.0	114.0	115.0	116.0	117.0	118.0	119.0	120.0	121.0	122.0	123.0	124.0	125.0	126.0	127.0	128.0	129.0	130.0	131.0	132.0	133.0	134.0	135.0	136.0	137.0	138.0	139.0	140.0	141.0	142.0	143.0	144.0	145.0	146.0	147.0	148.0	149.0	149.0	150.0	151.0	152.0	153.0	154.0	155.0	156.0	157.0	158.0	159.0	160.0	161.0	162.0	163.0	164.0	165.0	166.0	167.0	168.0	169.0	170.0	171.0	172.0	173.0	174.0	175.0	176.0	177.0	178.0	179.0	180.0	181.0	182.0	183.0	184.0	185.0	186.0	187.0	188.0	189.0	190.0	191.0	192.0	193.0	194.0	195.0	196.0	197.0	198.0	199.0	200.0	201.0	202.0	203.0	204.0	205.0	206.0	207.0	208.0	209.0	210.0	211.0	212.0	213.0	214.0	215.0	216.0	217.0	218.0	219.0	220.0	221.0	222.0	223.0	224.0	225.0	226.0	227.0	228.0	229.0	230.0	231.0	232.0	233.0	234.0	235.0	236.0	237.0	238.0	239.0	240.0	241.0	242.0	243.0	244.0	245.0	246.0	247.0	248.0	249.0	250.0	251.0	252.0	253.0	254.0	255.0	256.0	257.0	258.0	259.0	260.0	261.0	262.0	263.0	264.0	265.0	266.0	267.0	268.0	269.0	270.0	271.0	272.0	273.0	274.0	275.0	276.0	277.0	278.0	279.0	280.0	281.0	282.0	283.0	284.0	285.0	286.0	287.0	288.0	289.0	290.0	291.0	292.0	293.0	294.0	295.0	296.0	297.0	298.0	298.0	299.0	300.0
3580.1635649571476
