4292.777191921507	300.0	2000.0	96.22138720169269	0	0.0	4292.777191921507	1	0	1	-1.1724988662813813
4395.73021078652	300.0	2886.7516792484867	0.0	0	0.0	4282.4818900350065	1	0	2	-0.9998909702101189
4485.699336918527	300.0	3787.785640503281	0.0	0	0.0	4273.484977421807	1	0	2	-0.7949294301490563
5200.0	300.0	4002.054911113659	0.0	0	597.4533094080325	4202.05491111366	1	0	2	-0.7767841381938764
6200.0	500.0	3902.054911113659	0.0	0	837.5897672527317	4102.054911113659	1	0	2	-0.7300168605986144
7200.0	500.0	3802.0549111136575	0.0	0	772.9120230117596	4002.054911113657	1	0	2	-0.17417283507324158
8200.0	500.0	3702.0549111136565	0.0	0	764.4912535818648	3902.054911113656	1	0	2	-0.13241629788223463
9200.0	1000.0	3602.054911113655	0.0	0	693.559008680817	3802.054911113655	1	0	2	-0.0937661362368219
10200.0	1000.0	3502.0549111136556	0.0	0	666.9624573752772	3702.054911113656	1	0	2	0.6350867818123024
11200.0	3000.0	3402.0549111136534	0.0	0	92.08631310319106	3602.054911113655	1	0	2	0.6711630711612047
12200.0	3000.0	3302.0549111136543	0.0	0	382.4807262541526	3502.054911113655	1	0	2	1.7976564650383489
13200.0	3000.0	3202.0549111136547	0.0	0	282.571648229301	3402.054911113655	1	0	2	1.8258245958271586
14200.0	3000.0	3102.0549111136575	0.0	0	443.1162550697427	3302.054911113657	1	0	2	1.850824380489539
15200.0	3000.0	3002.0549111136547	0.0	0	284.79041889834116	3202.0549111136534	1	0	2	1.8747324114654416
16200.0	3000.0	2902.0549111136547	0.0	0	183.58458514679478	3102.0549111136515	1	0	2	1.8968519638927108
17434.381884988285	3000.0	2544.2348376265436	0.0	0	0.0	2978.6167226148227	1	0	2	1.9204457305120783
18904.468173563346	3000.0	1927.1399201939803	0.0	0	0.0	2831.6080937573206	1	0	2	1.9445916539048462
19770.46232987185	3000.0	1974.5463482546224	0.0	0	0.0	2745.008678126469	1	0	2	1.9610025520379744
20847.11385277729	3000.0	1790.2296730586365	0.0	0	0.0	2637.3435258359204	1	0	2	1.97466229390223
21864.90748012604	3000.0	1670.656682975012	0.0	0	0.0	2535.5641631010403	1	0	2	1.9879232651318999
22534.170610715126	3000.0	1934.46723932702	0.0	0	0.0	2468.6378500421342	1	0	2	1.9968205740342644
23324.611013688398	3000.0	2064.9827960564235	0.0	0	0.0	2389.5938097448125	1	0	2	2.005038846987735
24200.0	3000.0	2102.0549111136647	0.0	0	169.0977503477734	2302.0549111136606	1	0	2	2.012932150673933
25422.275951541014	3000.0	1757.5513644185514	0.0	0	0.0	2179.827315959559	1	0	2	2.023542262931662
26313.335838324507	3000.0	1777.3854889567094	0.0	0	0.0	2090.7213272812114	1	0	2	2.032379712505123
27200.0	3000.0	1802.054911113665	0.0	0	83.14600467439232	2002.0549111136606	1	0	2	2.0384785969815167
28200.0	3000.0	1702.054911113666	0.0	0	536.432313097208	1902.0549111136643	1	0	2	2.0445497347580197
29200.0	3000.0	1602.0549111136677	0.0	0	322.24791229515176	1802.054911113668	1	0	2	2.0510443394039855
30200.0	3000.0	1502.0549111136636	0.0	0	137.12147421209374	1702.0549111136643	1	0	2	2.0569369164010896
31901.54872638966	3000.0	630.351312085035	0.0	0	0.0	1531.9000384746942	1	0	2	2.065526028626007
33495.67284777456	3000.0	214.18760789644693	306.70257212254444	0	0.0	1709.8604556710052	1	0	2	0.21672306993776547
34445.84844980626	3000.0	545.2696991896155	281.25769332486993	0	0.0	1991.11814899588	1	0	1	0.35360941680449953
35543.640288798604	3000.0	464.73612480677065	17.258264609501225	0	0.0	2008.3764136053724	1	0	1	2.1363869619641473
36433.546296085784	3000.0	574.8301175195911	0.0	0	0.0	2008.376413605365	1	0	1	2.2399365496211554
37092.35973117745	3000.0	916.0166824279313	0.0	0	0.0	2008.376413605365	1	0	1	2.2399365496211554
38121.355706512106	3000.0	887.0207070932681	0.0	0	0.0	2008.376413605365	1	0	1	2.2399365496211554
38839.31819287948	3000.0	1169.0582207258938	0.0	0	0.0	2008.376413605365	1	0	1	2.2399365496211554
40246.473042178484	3000.0	761.9033714268941	0.0	0	0.0	2008.376413605365	1	0	1	2.2399365496211554
41392.594055474736	3000.0	615.7823581306463	0.0	0	0.0	2008.376413605365	1	0	1	2.2399365496211554
42389.719317788724	3000.0	618.6570958166628	0.0	0	0.0	2008.376413605365	1	0	1	2.2399365496211554
43319.42233536721	3000.0	688.954078238181	0.0	0	0.0	2008.3764136053724	1	0	1	2.239936549621155
44186.15997845215	3000.0	822.2164351532405	0.0	0	0.0	2008.3764136053724	1	0	1	2.239936549621155
45021.56600243061	3000.0	986.8104111747871	0.0	0	0.0	2008.3764136053796	1	0	1	2.239936549621154
45845.387167037625	3000.0	1162.989246567771	0.0	0	0.0	2008.3764136053724	1	0	1	2.239936549621155
47044.60023532459	3000.0	963.7761782808051	0.0	0	0.0	2008.3764136053724	1	0	1	2.239936549621155
48418.36611681664	3000.0	590.010296788761	0.0	0	0.0	2008.3764136053724	1	0	1	2.239936549621155
49724.711251512665	3000.0	322.6662735760126	39.00111148327096	0	0.0	2047.3775250886465	1	0	1	2.003099244651539
51180.47357966238	3000.0	265.176864033	398.2729186066892	0	0.0	2445.6504436953765	1	0	1	-0.1832620603449937
51690.02710333855	2000.0	755.6233403568195	0.0	0	0.0	2445.6504436953765	1	0	1	1.3903263442044484
52474.334699325875	2000.0	971.3157443694897	0.0	0	0.0	2445.6504436953837	1	0	1	1.7957914523126122
53340.56629760365	2000.0	1105.0841460917204	0.0	0	0.0	2445.6504436953837	1	0	1	1.7957914523126122
53934.97862761488	2000.0	1510.6718160804878	0.0	0	0.0	2445.650443695391	1	0	1	1.7957914523126115
54493.51781199628	2000.0	1952.132631699086	0.0	0	0.0	2445.650443695391	1	0	1	1.7957914523126115
55203.94176173645	2000.0	2241.7086819589213	0.0	0	0.0	2445.650443695391	1	0	1	1.7957914523126115
56200.0	2000.0	2245.6504436953783	0.0	0	387.8701619895364	2445.650443695391	1	0	1	1.7957914523126115
57200.0	2000.0	2245.650443695373	0.0	0	343.77274509828567	2445.650443695391	1	0	1	1.7957914523126115
58200.0	2000.0	2245.6504436953805	0.0	0	229.05708463649353	2445.650443695391	1	0	1	1.7957914523126115
59200.0	2000.0	2245.6504436953887	0.0	0	90.18583770617988	2445.650443695391	1	0	1	1.7957914523126115
60200.0	3000.0	2245.6504436953956	0.0	0	208.23869826146256	2445.650443695391	1	0	1	1.7957914523126117
61226.77861315482	3000.0	2218.871830540577	0.0	0	0.0	2445.650443695391	1	0	1	2.2012565604207763
62240.83990214936	3000.0	2204.810541546036	0.0	0	0.0	2445.650443695391	1	0	1	2.2012565604207763
63200.0	3000.0	2245.650443695407	0.0	0	346.58354336421326	2445.6504436953983	1	0	1	2.2012565604207754
64200.0	3000.0	2245.6504436954133	0.0	0	261.26975704221695	2445.6504436953983	1	0	1	2.2012565604207754
65200.0	3000.0	2245.650443695414	0.0	0	84.79343665805936	2445.6504436954056	1	0	1	2.201256560420775
66446.6391814492	3000.0	1999.0112622462289	0.0	0	0.0	2445.650443695413	1	0	1	2.201256560420774
67366.48785044227	3000.0	2079.1625932531697	0.0	0	0.0	2445.6504436954274	1	0	1	2.201256560420773
68338.90430730201	3000.0	2106.746136393418	0.0	0	0.0	2445.6504436954274	1	0	1	2.2012565604207723
69200.0	3000.0	2245.6504436954397	0.0	0	68.4825357367663	2445.6504436954274	1	0	1	2.2012565604207723
70200.0	3000.0	2245.6504436954306	0.0	0	65.26037369502592	2445.650443695413	1	0	1	2.201256560420774
71201.42343805807	3000.0	2244.227005637359	0.0	0	0.0	2445.650443695413	1	0	1	2.201256560420774
72519.9998657564	3000.0	1925.6505779390336	0.0	0	0.0	2445.650443695413	1	0	1	2.201256560420774
73824.6365009011	3000.0	1621.0139427943361	0.0	0	0.0	2445.650443695413	1	0	1	2.201256560420774
75146.06440599635	3000.0	1299.5860376990843	0.0	0	0.0	2445.650443695413	1	0	1	2.201256560420774
75870.56947767959	2000.0	1575.0809660158488	0.0	0	0.0	2445.650443695413	1	0	1	1.3903263442044447
76902.89304884343	2000.0	1542.7573948520046	0.0	0	0.0	2445.650443695413	1	0	1	1.7957914523126093
77793.84133355852	2000.0	1651.8091101369105	0.0	0	0.0	2445.650443695413	1	0	1	1.7957914523126093
78443.51168895529	2000.0	2002.1387547401482	0.0	0	0.0	2445.650443695413	1	0	1	1.7957914523126093
79200.0	2000.0	2245.6504436954506	0.0	0	48.06949211281608	2445.650443695413	1	0	1	1.7957914523126093
80200.0	2000.0	2245.650443695448	0.0	0	373.96719598336495	2445.650443695413	1	0	1	1.7957914523126093
81200.0	2000.0	2245.650443695456	0.0	0	236.51731265048147	2445.650443695413	1	0	1	1.7957914523126093
82200.0	2000.0	2245.6504436954524	0.0	0	303.36122282157885	2445.650443695413	1	0	1	1.7957914523126093
83200.0	2000.0	2245.6504436954524	0.0	0	452.2578137767996	2445.650443695413	1	0	1	1.7957914523126093
84200.0	2000.0	2245.6504436954524	0.0	0	539.062300369158	2445.650443695413	1	0	1	1.7957914523126093
85200.0	2000.0	2245.6504436954388	0.0	0	314.9867420584924	2445.6504436953983	1	0	1	1.7957914523126097
86200.0	2000.0	2245.6504436954274	0.0	0	490.45026931967004	2445.6504436953837	1	0	1	1.7957914523126122
87200.0	3000.0	2245.650443695431	0.0	0	49.74909801754984	2445.6504436953837	1	0	1	1.7957914523126124
88255.54743173094	3000.0	2190.1030119644956	0.0	0	0.0	2445.650443695369	1	0	1	2.2012565604207786
89204.12007540272	3000.0	2241.5303682927197	0.0	0	0.0	2445.650443695369	1	0	1	2.2012565604207786
90200.0	3000.0	2245.6504436954515	0.0	0	186.37313790236658	2445.650443695369	1	0	1	2.2012565604207786
91200.0	3000.0	2245.6504436954688	0.0	0	122.69452936151356	2445.6504436953837	1	0	1	2.201256560420777
92200.0	3000.0	2245.6504436954647	0.0	0	69.43959439163154	2445.6504436953837	1	0	1	2.201256560420777
93200.0	3000.0	2245.650443695442	0.0	0	534.7645536700147	2445.6504436953837	1	0	1	2.201256560420777
94200.0	3000.0	2245.6504436954488	0.0	0	404.39930007803196	2445.6504436953837	1	0	1	2.201256560420777
95200.0	3000.0	2245.6504436954674	0.0	0	216.6400276900822	2445.6504436953983	1	0	1	2.2012565604207754
96200.0	3000.0	2245.6504436954647	0.0	0	295.05053749452054	2445.6504436953983	1	0	1	2.2012565604207754
97200.0	3000.0	2245.6504436954615	0.0	0	403.42771624015586	2445.6504436953837	1	0	1	2.201256560420777
98289.42433806787	3000.0	2156.226105627589	0.0	0	0.0	2445.6504436953837	1	0	1	2.201256560420777
99200.0	3000.0	2245.650443695456	0.0	0	120.65537742193555	2445.6504436953837	1	0	1	2.201256560420777
100200.0	3000.0	2245.650443695461	0.0	0	511.6910799633624	2445.6504436953837	1	0	1	2.201256560420777
101200.0	3000.0	2245.6504436954547	0.0	0	351.40138251244207	2445.650443695369	1	0	1	2.2012565604207786
102200.0	3000.0	2245.6504436954638	0.0	0	179.2208389048028	2445.650443695369	1	0	1	2.2012565604207786
103200.0	3000.0	2245.650443695469	0.0	0	114.068517430278	2445.650443695369	1	0	1	2.2012565604207786
104441.33909773332	3000.0	2004.3113459621504	0.0	0	0.0	2445.650443695369	1	0	1	2.2012565604207786
105648.67801972262	3000.0	1796.9724239728366	0.0	0	0.0	2445.650443695369	1	0	1	2.2012565604207786
106377.76885098248	3000.0	2067.8815927129845	0.0	0	0.0	2445.650443695369	1	0	1	2.2012565604207786
107200.0	3000.0	2245.6504436954606	0.0	0	66.70232623514312	2445.650443695369	1	0	1	2.2012565604207786
108200.0	3000.0	2245.650443695454	0.0	0	2.7725609256594907	2445.6504436953546	1	0	1	2.20125656042078
109305.6788895296	3000.0	2139.9715541658397	0.0	0	0.0	2445.6504436953546	1	0	1	2.20125656042078
110200.0	3000.0	2245.650443695438	0.0	0	76.79344320001837	2445.6504436953546	1	0	1	2.20125656042078
111214.86536656861	3000.0	2230.7850771268204	0.0	0	0.0	2445.6504436953546	1	0	1	2.20125656042078
112200.0	3000.0	2245.6504436954483	0.0	0	80.49318058695644	2445.6504436953546	1	0	1	2.20125656042078
113200.0	3000.0	2245.6504436954574	0.0	0	231.56578908028314	2445.6504436953546	1	0	1	2.20125656042078
115092.12202855572	3000.0	1353.5284151397211	0.0	0	0.0	2445.6504436953546	1	0	1	2.20125656042078
116411.01340622352	3000.0	1034.6370374719113	0.0	0	0.0	2445.6504436953546	1	0	1	2.20125656042078
117719.22612640668	3000.0	726.4243172887604	0.0	0	0.0	2445.6504436953546	1	0	1	2.20125656042078
118863.12731137426	3000.0	582.5231323211888	0.0	0	0.0	2445.650443695369	1	0	1	2.2012565604207786
119611.28527802463	2000.0	834.3651656708109	0.0	0	0.0	2445.650443695369	1	0	1	1.3903263442044493
120395.19315966936	2000.0	1050.4572840260853	0.0	0	0.0	2445.650443695369	1	0	1	1.795791452312614
121134.66148663964	2000.0	1310.98895705581	0.0	0	0.0	2445.650443695369	1	0	1	1.795791452312614
121772.09831458438	2000.0	1673.5521291110663	0.0	0	0.0	2445.650443695369	1	0	1	1.795791452312614
122281.48450817815	2000.0	2164.165935517284	0.0	0	0.0	2445.650443695369	1	0	1	1.795791452312614
123200.0	2000.0	2245.6504436954465	0.0	0	456.5624387691205	2445.650443695369	1	0	1	1.795791452312614
124200.0	2000.0	2245.650443695452	0.0	0	160.98662638598762	2445.650443695369	1	0	1	1.795791452312614
125200.0	3000.0	2245.6504436954524	0.0	0	253.5383646888513	2445.650443695369	1	0	1	1.7957914523126142
126352.66308332719	3000.0	2092.9873603682518	0.0	0	0.0	2445.650443695369	1	0	1	2.2012565604207786
127230.10077890361	3000.0	2215.549664791828	0.0	0	0.0	2445.650443695369	1	0	1	2.2012565604207786
128200.0	3000.0	2245.6504436954183	0.0	0	187.78539932885906	2445.650443695369	1	0	1	2.2012565604207786
129200.0	3000.0	2245.6504436954183	0.0	0	428.4439417228714	2445.650443695369	1	0	1	2.2012565604207786
130200.0	3000.0	2245.6504436954087	0.0	0	261.7751603957295	2445.650443695369	1	0	1	2.2012565604207786
131672.90617448324	3000.0	1772.7442692121604	0.0	0	0.0	2445.650443695369	1	0	1	2.201256560420777
132710.8975310397	3000.0	1734.7529126556765	0.0	0	0.0	2445.65044369534	1	0	1	2.201256560420781
133396.4658832065	3000.0	2049.184560488893	0.0	0	0.0	2445.6504436953546	1	0	1	2.20125656042078
134200.0	3000.0	2245.6504436953637	0.0	0	70.94221916145761	2445.65044369534	1	0	1	2.2012565604207794
135200.0	3000.0	2245.6504436953937	0.0	0	251.16458765460993	2445.65044369534	1	0	1	2.2012565604207817
136200.0	3000.0	2245.6504436954197	0.0	0	418.6350088129693	2445.65044369534	1	0	1	2.2012565604207817
137200.0	3000.0	2245.650443695431	0.0	0	436.3575733725738	2445.65044369534	1	0	1	2.2012565604207817
138200.0	3000.0	2245.650443695414	0.0	0	50.27389315905748	2445.65044369534	1	0	1	2.2012565604207817
139200.0	3000.0	2245.650443695411	0.0	0	136.36089029035065	2445.650443695369	1	0	1	2.2012565604207786
140200.0	3000.0	2245.6504436954024	0.0	0	334.92183360128547	2445.650443695369	1	0	1	2.2012565604207786
141200.0	3000.0	2245.6504436954297	0.0	0	361.4448101671296	2445.650443695369	1	0	1	2.2012565604207786
142200.0	3000.0	2245.6504436954506	0.0	0	372.28158179848106	2445.650443695369	1	0	1	2.2012565604207786
143200.0	3000.0	2245.650443695427	0.0	0	80.80065020205802	2445.650443695369	1	0	1	2.2012565604207786
144200.0	3000.0	2245.650443695412	0.0	0	227.71950542883133	2445.65044369534	1	0	1	2.2012565604207817
145275.89889505805	3000.0	2169.751548637355	0.0	0	0.0	2445.65044369534	1	0	1	2.2012565604207817
146272.85703838544	3000.0	2172.79340530996	0.0	0	0.0	2445.650443695311	1	0	1	2.201256560420785
147200.0	3000.0	2245.650443695425	0.0	0	31.22380261233775	2445.65044369534	1	0	1	2.2012565604207817
148200.0	3000.0	2245.6504436954283	0.0	0	5.995367305498803	2445.65044369534	1	0	1	2.2012565604207817
149200.0	3000.0	2245.6504436954633	0.0	0	75.55992857128149	2445.650443695311	1	0	1	2.201256560420785
150200.0	3000.0	2245.6504436954638	0.0	0	142.45448245608713	2445.65044369534	1	0	1	2.2012565604207817
151240.47527738693	3000.0	2205.175166308549	0.0	0	0.0	2445.65044369534	1	0	1	2.2012565604207817
152512.5984568225	3000.0	1933.051986872962	0.0	0	0.0	2445.650443695311	1	0	1	2.201256560420785
153200.0	2000.0	2245.6504436954915	0.0	0	88.03999433244462	2445.650443695311	1	0	1	1.3903263442044558
154200.0	2000.0	2245.6504436955133	0.0	0	414.81438219055417	2445.650443695282	1	0	1	1.7957914523126233
155200.0	2000.0	2245.6504436955297	0.0	0	271.96932151398505	2445.650443695311	1	0	1	1.7957914523126204
156200.0	2000.0	2245.650443695555	0.0	0	73.32940480241086	2445.650443695311	1	0	1	1.7957914523126204
157200.0	2000.0	2245.6504436955865	0.0	0	270.3576736879186	2445.650443695311	1	0	1	1.7957914523126204
158200.0	2000.0	2245.650443695591	0.0	0	371.3974773977825	2445.65044369534	1	0	1	1.795791452312617
159200.0	2000.0	2245.6504436955884	0.0	0	599.2455870407284	2445.650443695311	1	0	1	1.7957914523126204
160200.0	3000.0	2245.650443695577	0.0	0	189.3055816217675	2445.650443695311	1	0	1	1.7957914523126206
161200.0	3000.0	2245.6504436955565	0.0	0	151.68800098242355	2445.650443695282	1	0	1	2.2012565604207857
162200.0	3000.0	2245.650443695559	0.0	0	520.7912289779342	2445.650443695282	1	0	1	2.2012565604207883
163200.0	3000.0	2245.650443695583	0.0	0	425.277940966771	2445.650443695311	1	0	1	2.201256560420785
164200.0	3000.0	2245.6504436955865	0.0	0	18.79472210392123	2445.650443695311	1	0	1	2.201256560420785
165200.0	3000.0	2245.650443695617	0.0	0	116.35955753937014	2445.650443695311	1	0	1	2.201256560420785
166568.79858305384	3000.0	1876.85186064178	0.0	0	0.0	2445.650443695311	1	0	1	2.201256560420785
167892.0815511736	3000.0	1553.5688925220438	0.0	0	0.0	2445.650443695311	1	0	1	2.201256560420785
168795.5739410642	3000.0	1650.0765026314305	0.0	0	0.0	2445.65044369534	1	0	1	2.2012565604207817
169923.09541978248	3000.0	1522.555023913165	0.0	0	0.0	2445.65044369534	1	0	1	2.2012565604207817
170731.09769377942	3000.0	1714.5527499162383	0.0	0	0.0	2445.65044369534	1	0	1	2.2012565604207817
171296.62544698044	3000.0	2149.0249967151935	0.0	0	0.0	2445.650443695311	1	0	1	2.201256560420785
172200.0	3000.0	2245.650443695661	0.0	0	264.9612117733632	2445.650443695311	1	0	1	2.201256560420785
173200.0	3000.0	2245.650443695651	0.0	0	427.0221372130618	2445.650443695311	1	0	1	2.201256560420785
174200.0	3000.0	2245.6504436956498	0.0	0	288.2639979957312	2445.650443695311	1	0	1	2.201256560420785
175200.0	3000.0	2245.6504436956698	0.0	0	117.09582942776615	2445.650443695311	1	0	1	2.201256560420785
176200.0	3000.0	2245.6504436956347	0.0	0	297.0902130608447	2445.650443695282	1	0	1	2.2012565604207883
177200.0	3000.0	2245.650443695629	0.0	0	461.2810574314499	2445.650443695282	1	0	1	2.2012565604207883
178200.0	3000.0	2245.650443695615	0.0	0	457.2186343779613	2445.6504436952528	1	0	1	2.2012565604207914
179200.0	3000.0	2245.650443695618	0.0	0	153.0871700810385	2445.6504436952528	1	0	1	2.2012565604207914
180962.72767182707	3000.0	1482.9227718685481	0.0	0	0.0	2445.6504436952528	1	0	1	2.2012565604207914
182408.75770115672	3000.0	1036.8927425389186	0.0	0	0.0	2445.6504436952528	1	0	1	2.2012565604207914
183267.61899452645	3000.0	1178.0314491691593	0.0	0	0.0	2445.6504436952237	1	0	1	2.2012565604207923
183968.78250742034	3000.0	1476.8679362753096	0.0	0	0.0	2445.6504436952237	1	0	1	2.2012565604207945
184621.72562634863	3000.0	1823.9248173469966	0.0	0	0.0	2445.6504436952237	1	0	1	2.2012565604207945
185417.37720454944	3000.0	2028.2732391461736	0.0	0	0.0	2445.6504436952237	1	0	1	2.2012565604207945
186239.92217207546	3000.0	2205.7282716201544	0.0	0	0.0	2445.6504436951946	1	0	1	2.2012565604207976
187200.0	3000.0	2245.6504436956384	0.0	0	24.595960949052824	2445.6504436952237	1	0	1	2.2012565604207968
188200.0	3000.0	2245.650443695656	0.0	0	200.75393904742668	2445.6504436952528	1	0	1	2.2012565604207923
189232.72888267826	3000.0	2212.9215610173974	0.0	0	0.0	2445.6504436952237	1	0	1	2.2012565604207923
190236.28145448965	3000.0	2209.3689892060297	0.0	0	0.0	2445.6504436952528	1	0	1	2.201256560420793
191200.0	3000.0	2245.650443695688	0.0	0	360.71962848087423	2445.6504436952528	1	0	1	2.2012565604207914
192200.0	3000.0	2245.650443695709	0.0	0	37.857711493968964	2445.650443695282	1	0	1	2.2012565604207883
193200.0	3000.0	2245.6504436957243	0.0	0	85.3524931363063	2445.650443695282	1	0	1	2.2012565604207883
194200.0	3000.0	2245.650443695723	0.0	0	53.76401902901125	2445.650443695311	1	0	1	2.201256560420785
195228.98794058315	3000.0	2216.662503112554	0.0	0	0.0	2445.650443695311	1	0	1	2.201256560420785
196549.71931869315	3000.0	1895.9311250025576	0.0	0	0.0	2445.650443695282	1	0	1	2.201256560420787
197469.2880443435	3000.0	1976.3623993522265	0.0	0	0.0	2445.650443695311	1	0	1	2.201256560420786
198357.61328631183	3000.0	2088.0371573838893	0.0	0	0.0	2445.650443695311	1	0	1	2.201256560420785
200149.21402640388	3000.0	1296.436417291854	0.0	0	0.0	2445.650443695311	1	0	1	2.201256560420785
200735.28670278826	2000.0	1710.3637409074638	0.0	0	0.0	2445.650443695311	1	0	1	1.3903263442044558
201360.85599449527	2000.0	2084.79444920044	0.0	0	0.0	2445.650443695311	1	0	1	1.7957914523126204
202200.0	2000.0	2245.6504436957293	0.0	0	70.22948725824244	2445.65044369534	1	0	1	1.7957914523126197
203200.0	2000.0	2245.6504436957284	0.0	0	399.9619856662757	2445.65044369534	1	0	1	1.795791452312617
204200.0	2000.0	2245.6504436957284	0.0	0	437.11589022015687	2445.650443695311	1	0	1	1.7957914523126204
205200.0	2000.0	2245.6504436957593	0.0	0	361.17756912932964	2445.650443695311	1	0	1	1.7957914523126204
206200.0	2000.0	2245.650443695779	0.0	0	479.71953093403135	2445.650443695311	1	0	1	1.7957914523126204
207200.0	2000.0	2245.650443695789	0.0	0	309.61020185332745	2445.650443695311	1	0	1	1.7957914523126204
208200.0	2000.0	2245.650443695835	0.0	0	251.255524463224	2445.65044369534	1	0	1	1.795791452312617
209200.0	2000.0	2245.650443695834	0.0	0	516.6640831443365	2445.65044369534	1	0	1	1.795791452312617
210342.03114619246	3000.0	2103.6192975033873	0.0	0	0.0	2445.65044369534	1	0	1	1.795791452312617
211200.0	3000.0	2245.6504436958753	0.0	0	102.90056918968912	2445.650443695369	1	0	1	2.201256560420781
212200.0	3000.0	2245.6504436958385	0.0	0	174.8747184042586	2445.65044369534	1	0	1	2.2012565604207817
213200.0	3000.0	2245.6504436958517	0.0	0	436.9893662635295	2445.650443695311	1	0	1	2.201256560420785
214200.0	3000.0	2245.6504436958567	0.0	0	138.80054212431423	2445.650443695282	1	0	1	2.2012565604207857
215200.0	3000.0	2245.6504436958603	0.0	0	158.5658364262199	2445.650443695282	1	0	1	2.2012565604207883
216342.49092453663	3000.0	2103.1595191592223	0.0	0	0.0	2445.650443695282	1	0	1	2.2012565604207883
217611.72513591382	3000.0	1833.9253077820645	0.0	0	0.0	2445.650443695282	1	0	1	2.2012565604207883
218560.0413769975	3000.0	1885.6090666983694	0.0	0	0.0	2445.6504436952528	1	0	1	2.2012565604207914
219435.56778708682	3000.0	2010.0826566090814	0.0	0	0.0	2445.650443695282	1	0	1	2.201256560420789
220249.95099616813	3000.0	2195.699447527771	0.0	0	0.0	2445.6504436952528	1	0	1	2.2012565604207914
221774.52561710123	3000.0	1671.1248265946874	0.0	0	0.0	2445.650443695282	1	0	1	2.2012565604207883
223083.3892964172	3000.0	1362.2611472787244	0.0	0	0.0	2445.650443695311	1	0	1	2.201256560420785
223976.13230924658	2000.0	1469.5181344493608	0.0	0	0.0	2445.650443695311	1	0	1	1.3903263442044558
224672.83804186445	2000.0	1772.8124018314709	0.0	0	0.0	2445.65044369534	1	0	1	1.795791452312617
225750.39980004975	2000.0	1695.2506436461993	0.0	0	0.0	2445.65044369534	1	0	1	1.795791452312617
226653.54612872348	2000.0	1792.1043149724414	0.0	0	0.0	2445.65044369534	1	0	1	1.795791452312617
227604.94251038856	2000.0	1840.7079333073732	0.0	0	0.0	2445.65044369534	1	0	1	1.7957914523126177
228305.34046159234	2000.0	2140.30998210358	0.0	0	0.0	2445.65044369534	1	0	1	1.795791452312617
229200.0	2000.0	2245.6504436959203	0.0	0	244.78649206328555	2445.65044369534	1	0	1	1.795791452312617
230200.0	2000.0	2245.6504436959585	0.0	0	357.31238705522264	2445.65044369534	1	0	1	1.795791452312617
231200.0	2000.0	2245.6504436959467	0.0	0	168.1266790384252	2445.65044369534	1	0	1	1.795791452312617
232200.0	2000.0	2245.6504436959276	0.0	0	379.5316064466606	2445.65044369534	1	0	1	1.795791452312617
233200.0	2000.0	2245.6504436959176	0.0	0	545.2728748369846	2445.65044369534	1	0	1	1.795791452312617
234200.0	2000.0	2245.6504436958794	0.0	0	456.88244994106935	2445.65044369534	1	0	1	1.795791452312617
235200.0	2000.0	2245.6504436958758	0.0	0	603.2732872341294	2445.65044369534	1	0	1	1.795791452312617
236215.3771487695	3000.0	2230.2732949263877	0.0	0	0.0	2445.650443695369	1	0	1	1.7957914523126142
237293.46914699787	3000.0	2152.1812966980106	0.0	0	0.0	2445.650443695369	1	0	1	2.2012565604207786
238200.0	3000.0	2245.650443695907	0.0	0	307.53722608217504	2445.650443695369	1	0	1	2.2012565604207786
239200.0	3000.0	2245.6504436958785	0.0	0	366.43266582183423	2445.650443695369	1	0	1	2.2012565604207786
240200.0	3000.0	2245.650443695838	0.0	0	28.856516249012202	2445.650443695369	1	0	1	2.2012565604207763
241200.0	3000.0	2245.6504436958026	0.0	0	217.8943987833918	2445.65044369534	1	0	1	2.2012565604207817
242200.0	3000.0	2245.6504436957784	0.0	0	415.93429513735464	2445.65044369534	1	0	1	2.2012565604207817
243200.0	3000.0	2245.650443695785	0.0	0	501.859932389576	2445.65044369534	1	0	1	2.2012565604207817
244200.0	3000.0	2245.6504436957684	0.0	0	177.4007892323716	2445.650443695311	1	0	1	2.201256560420785
245200.0	3000.0	2245.6504436957757	0.0	0	223.6316733310523	2445.650443695311	1	0	1	2.201256560420785
246200.0	3000.0	2245.650443695776	0.0	0	208.90265121636912	2445.650443695282	1	0	1	2.2012565604207883
247399.05314485723	3000.0	2046.5972988385854	0.0	0	0.0	2445.650443695311	1	0	1	2.201256560420785
248200.0	3000.0	2245.6504436958307	0.0	0	68.77372032799758	2445.65044369534	1	0	1	2.2012565604207817
249200.0	3000.0	2245.650443695867	0.0	0	504.5461937801738	2445.65044369534	1	0	1	2.2012565604207817
250200.0	3000.0	2245.6504436958917	0.0	0	309.9017217011424	2445.65044369534	1	0	1	2.2012565604207817
251200.0	3000.0	2245.6504436958985	0.0	0	56.070449090300826	2445.65044369534	1	0	1	2.2012565604207817
252536.06529057986	3000.0	1909.5851531160038	0.0	0	0.0	2445.650443695311	1	0	1	2.2012565604207834
253582.64314244912	3000.0	1863.0073012467503	0.0	0	0.0	2445.650443695311	1	0	1	2.201256560420785
254622.04692045136	3000.0	1823.6035232444788	0.0	0	0.0	2445.650443695311	1	0	1	2.201256560420785
255598.294108553	3000.0	1847.3563351428759	0.0	0	0.0	2445.65044369534	1	0	1	2.2012565604207817
256615.6363495362	3000.0	1830.0140941597133	0.0	0	0.0	2445.65044369534	1	0	1	2.2012565604207817
257459.13087264303	3000.0	1986.519571052875	0.0	0	0.0	2445.650443695311	1	0	1	2.2012565604207848
258540.88502606086	3000.0	1904.765417635068	0.0	0	0.0	2445.650443695282	1	0	1	2.2012565604207883
259435.14629520892	3000.0	2010.5041484869957	0.0	0	0.0	2445.650443695282	1	0	1	2.2012565604207883
260278.92910996336	3000.0	2166.7213337325543	0.0	0	0.0	2445.650443695282	1	0	1	2.2012565604207883
261200.0	3000.0	2245.6504436959217	0.0	0	66.28017163145705	2445.650443695311	1	0	1	2.2012565604207874
262535.6550527481	3000.0	1909.995390947799	0.0	0	0.0	2445.650443695311	1	0	1	2.201256560420785
263788.96819396503	3000.0	1656.6822497308503	0.0	0	0.0	2445.650443695311	1	0	1	2.201256560420786
265241.1731128307	3000.0	1204.4773308652736	0.0	0	0.0	2445.650443695369	1	0	1	2.2012565604207794
265889.54178011493	3000.0	1556.1086635810473	0.0	0	0.0	2445.650443695369	1	0	1	2.2012565604207786
266903.50441507087	3000.0	1542.14602862508	0.0	0	0.0	2445.650443695369	1	0	1	2.2012565604207786
267540.99024656747	2000.0	1904.6601971284574	0.0	0	0.0	2445.650443695369	1	0	1	1.3903263442044493
268200.0	2000.0	2245.6504436959403	0.0	0	55.329334570327774	2445.650443695369	1	0	1	1.795791452312614
269200.0	2000.0	2245.6504436959917	0.0	0	493.25724448263645	2445.650443695369	1	0	1	1.795791452312614
270200.0	2000.0	2245.6504436959403	0.0	0	410.8371389977983	2445.650443695369	1	0	1	1.795791452312614
271200.0	2000.0	2245.6504436959303	0.0	0	411.16306257864926	2445.650443695369	1	0	1	1.795791452312614
272200.0	2000.0	2245.650443695962	0.0	0	590.7407511285855	2445.650443695369	1	0	1	1.795791452312614
273200.0	2000.0	2245.6504436959676	0.0	0	325.26725819933927	2445.650443695311	1	0	1	1.7957914523126204
274200.0	2000.0	2245.650443696026	0.0	0	508.3173221423058	2445.6504436952528	1	0	1	1.7957914523126264
275200.0	2000.0	2245.650443696087	0.0	0	511.0448579729418	2445.6504436952528	1	0	1	1.7957914523126264
276200.0	2000.0	2245.6504436961236	0.0	0	501.5543939717463	2445.650443695311	1	0	1	1.7957914523126204
277200.0	3000.0	2245.65044369613	0.0	0	76.61767500959104	2445.650443695311	1	0	1	1.7957914523126206
278200.0	3000.0	2245.6504436961354	0.0	0	18.50054857612122	2445.650443695311	1	0	1	2.201256560420785
279200.0	3000.0	2245.650443696177	0.0	0	131.60983771865722	2445.650443695311	1	0	1	2.201256560420785
280737.4367761514	3000.0	1708.2136675447694	0.0	0	0.0	2445.650443695311	1	0	1	2.201256560420785
282100.7300525066	3000.0	1344.9203911894776	0.0	0	0.0	2445.6504436952528	1	0	1	2.201256560420786
282734.1687837217	3000.0	1711.4816599744804	0.0	0	0.0	2445.6504436952528	1	0	1	2.2012565604207914
283542.9572728028	3000.0	1902.6931708933162	0.0	0	0.0	2445.6504436952528	1	0	1	2.2012565604207914
284200.0	3000.0	2245.6504436961477	0.0	0	149.5700368731632	2445.650443695311	1	0	1	2.201256560420785
285200.0	3000.0	2245.6504436961977	0.0	0	559.2410978598054	2445.650443695311	1	0	1	2.201256560420785
286200.0	3000.0	2245.6504436961727	0.0	0	392.13599247689126	2445.650443695311	1	0	1	2.201256560420785
287294.27277565654	3000.0	2151.377668039703	0.0	0	0.0	2445.650443695369	1	0	1	2.2012565604207786
288226.0811077235	3000.0	2219.56933597274	0.0	0	0.0	2445.650443695369	1	0	1	2.2012565604207786
289200.0	3000.0	2245.65044369632	0.0	0	405.07138280244544	2445.650443695369	1	0	1	2.2012565604207786
290200.0	3000.0	2245.650443696287	0.0	0	313.0985052023316	2445.650443695311	1	0	1	2.201256560420785
291200.0	3000.0	2245.650443696245	0.0	0	288.3512248499901	2445.650443695311	1	0	1	2.201256560420785
292275.5890375513	3000.0	2170.0614061449373	0.0	0	0.0	2445.650443695311	1	0	1	2.201256560420785
293200.0	3000.0	2245.650443696287	0.0	0	202.1830548508442	2445.650443695369	1	0	1	2.2012565604207786
294200.0	3000.0	2245.650443696275	0.0	0	349.9435842462117	2445.650443695369	1	0	1	2.2012565604207786
295501.2333208458	3000.0	1944.4171228504429	0.0	0	0.0	2445.650443695311	1	0	1	2.2012565604207825
296552.5828080772	3000.0	1893.0676356190297	0.0	0	0.0	2445.650443695311	1	0	1	2.201256560420784
297420.85154177604	3000.0	2024.7989019202232	0.0	0	0.0	2445.650443695311	1	0	1	2.201256560420785
298289.21714939404	3000.0	2156.433294302159	0.0	0	0.0	2445.650443695311	1	0	1	2.201256560420785
299511.05877281906	3000.0	1934.5916708771217	0.0	0	0.0	2445.650443695311	1	0	1	2.201256560420785
300660.8441362937	3000.0	1784.8063074024712	0.0	0	0.0	2445.650443695311	1	0	1	2.201256560420785
4.25	2.95	2.87	3.07	4.1	4.14	4.61	4.31	5.24	6.09	4.22	2.99	3.06	2.36	2.42	3.88	3.42	3.93	4.44	5.22	3.12	2.56	3.97	6.43	4.72	4.0	1.34	2.51	2.27	2.71	3.41	3.94	3.93	3.79	3.48	2.33	2.88	3.96	3.63	3.31	3.72	3.37	2.78	2.55	3.28	2.88	1.61	3.6	2.95	2.85	3.08	4.03	3.79	3.51	2.84	3.58	3.43	3.32	4.0	4.27	4.46	2.78	3.7	2.51	4.27	2.91	3.01	2.79	2.49	1.66	2.04	2.97	1.85	2.91	2.34	3.22	3.13	3.16	4.19	5.6	3.74	4.66	3.85	3.61	3.96	5.1	4.1	3.72	4.91	5.51	3.96	5.42	4.81	1.9	4.05	6.23	4.56	4.37	3.71	2.0	3.31	3.45	3.78	4.03	3.9	2.73	3.24	4.46	3.41	2.56	1.7	2.42	3.6	2.47	2.48	3.32	2.64	4.58	3.98	2.68	3.49	3.51	3.6	3.57	4.08	4.25	2.71	2.46	2.84	4.31	5.4	5.46	6.34	2.9	3.89	5.71	4.65	4.42	3.74	3.85	4.12	2.36	2.83	3.9	2.51	3.38	2.36	2.72	2.76	2.82	4.25	2.95	2.87	3.07	4.1	4.14	4.61	4.31	5.24	6.09	4.22	2.99	3.06	2.36	2.42	3.88	3.42	3.93	4.44	5.22	3.12	2.56	3.97	6.43	4.72	4.0	1.34	2.51	2.27	2.71	3.41	3.94	3.93	3.79	3.48	2.33	2.88	3.96	3.63	3.31	3.72	3.37	2.78	2.55	3.28	2.88	1.61	3.6	2.95	2.85	3.08	4.03	3.79	3.51	2.84	3.58	3.43	3.32	4.0	4.27	4.46	2.78	3.7	2.51	4.27	2.91	3.01	2.79	2.49	1.66	2.04	2.97	1.85	2.91	2.34	3.22	3.13	3.16	4.19	5.6	3.74	4.66	3.85	3.61	3.96	5.1	4.1	3.72	4.91	5.51	3.96	5.42	4.81	1.9	4.05	6.23	4.56	4.37	3.71	2.0	3.31	3.45	3.78	4.03	3.9	2.73	3.24	4.46	3.41	2.56	1.7	2.42	3.6	2.47	2.48	3.32	2.64	4.58	3.98	2.68	3.49	3.51	3.6	3.57	4.08	4.25	2.71	2.46	2.84	4.31	5.4	5.46	6.34	2.9	3.89	5.71	4.65	4.42	3.74	3.85	4.12	2.36	2.83	3.9	2.51	3.38	2.36	2.72	2.76	2.82	4.25
1.0	2.0	3.0	4.0	5.0	6.0	7.0	8.0	9.0	10.0	11.0	12.0	13.0	14.0	15.0	16.0	17.0	18.0	19.0	20.0	21.0	22.0	23.0	24.0	25.0	26.0	27.0	28.0	29.0	30.0	31.0	32.0	33.0	34.0	35.0	36.0	37.0	38.0	39.0	40.0	41.0	42.0	43.0	44.0	45.0	46.0	47.0	48.0	49.0	50.0	51.0	52.0	53.0	54.0	55.0	56.0	57.0	58.0	59.0	60.0	61.0	62.0	63.0	64.0	65.0	66.0	67.0	68.0	69.0	70.0	71.0	72.0	73.0	74.0	75.0	76.0	77.0	78.0	79.0	80.0	81.0	82.0	83.0	84.0	85.0	86.0	87.0	88.0	89.0	90.0	91.0	92.0	93.0	94.0	95.0	96.0	97.0	98.0	99.0	100.0	101.0	102.0	103.0	104.0	105.0	106.0	107.0	108.0	109.0	110.0	111.0	112.0	113.0	114.0	115.0	116.0	117.0	118.0	119.0	120.0	121.0	122.0	123.0	124.0	125.0	126.0	127.0	128.0	129.0	130.0	131.0	132.0	133.0	134.0	135.0	136.0	137.0	138.0	139.0	140.0	141.0	142.0	143.0	144.0	145.0	146.0	147.0	148.0	149.0	149.0	150.0	151.0	152.0	153.0	154.0	155.0	156.0	157.0	158.0	159.0	160.0	161.0	162.0	163.0	164.0	165.0	166.0	167.0	168.0	169.0	170.0	171.0	172.0	173.0	174.0	175.0	176.0	177.0	178.0	179.0	180.0	181.0	182.0	183.0	184.0	185.0	186.0	187.0	188.0	189.0	190.0	191.0	192.0	193.0	194.0	195.0	196.0	197.0	198.0	199.0	200.0	201.0	202.0	203.0	204.0	205.0	206.0	207.0	208.0	209.0	210.0	211.0	212.0	213.0	214.0	215.0	216.0	217.0	218.0	219.0	220.0	221.0	222.0	223.0	224.0	225.0	226.0	227.0	228.0	229.0	230.0	231.0	232.0	233.0	234.0	235.0	236.0	237.0	238.0	239.0	240.0	241.0	242.0	243.0	244.0	245.0	246.0	247.0	248.0	249.0	250.0	251.0	252.0	253.0	254.0	255.0	256.0	257.0	258.0	259.0	260.0	261.0	262.0	263.0	264.0	265.0	266.0	267.0	268.0	269.0	270.0	271.0	272.0	273.0	274.0	275.0	276.0	277.0	278.0	279.0	280.0	281.0	282.0	283.0	284.0	285.0	286.0	287.0	288.0	289.0	290.0	291.0	292.0	293.0	294.0	295.0	296.0	297.0	298.0	298.0	299.0
4096.87566715327
