5508.6624841172925	300.0	2000.0	204.59896878042596	0	0.0	5508.6624841172925	1	0	1	-2.693511321432736
5823.912309540861	300.0	2653.2251920340746	0.0	0	0.0	5477.137501574936	1	0	2	-1.8858284189309402
6383.563658663208	500.0	3037.608707999493	0.0	0	0.0	5421.1723666627	1	0	2	-1.640332555249929
6850.644806803603	500.0	3523.8194450450596	0.0	0	0.0	5374.464251848663	1	0	2	-1.0842178600136614
7248.333432332747	500.0	4086.361956963001	0.0	0	0.0	5334.695389295748	1	0	2	-1.0458057028014562
7603.8656477448	500.0	4695.276520009743	0.0	0	0.0	5299.142167754542	1	0	2	-1.0128686796506639
8200.0	500.0	5039.528732529023	0.0	0	248.44347039398235	5239.528732529023	1	0	2	-0.9768474054794727
9200.0	500.0	4939.528732529021	0.0	0	721.5705998943904	5139.528732529021	1	0	2	-0.9020703715825326
10200.0	1000.0	4839.528732529021	0.0	0	359.9453055758986	5039.528732529022	1	0	2	-0.8159084119086101
11200.0	1000.0	4739.528732529022	0.0	0	338.60669941080414	4939.528732529023	1	0	2	-0.04320367139314127
12200.0	1000.0	4639.528732529022	0.0	0	602.1199083032243	4839.528732529023	1	0	2	0.030076007716230757
13200.0	1000.0	4539.528732529023	0.0	0	588.7876227704692	4739.528732529023	1	0	2	0.10229599128780356
14200.0	1000.0	4439.528732529021	0.0	0	305.2788101578335	4639.528732529023	1	0	2	0.1732817374003077
15200.0	1000.0	4339.528732529021	0.0	0	630.5636831678949	4539.528732529025	1	0	2	0.2354674762994974
16200.0	1000.0	4239.528732529023	0.0	0	488.9846099884471	4439.528732529023	1	0	2	0.2967620143323501
17200.0	1000.0	4139.528732529023	0.0	0	554.9451975511256	4339.528732529023	1	0	2	0.3533307099017149
18200.0	1000.0	4039.5287325290183	0.0	0	181.2152615780724	4239.528732529023	1	0	2	0.41070360938172157
19200.0	1000.0	3939.5287325290155	0.0	0	560.8692392036719	4139.528732529021	1	0	2	0.45640876610314984
20200.0	1000.0	3839.5287325290174	0.0	0	318.714436790553	4039.528732529023	1	0	2	0.5041795880338436
21200.0	1000.0	3739.5287325290196	0.0	0	350.3731908170157	3939.528732529023	1	0	2	0.5464212077657604
22200.0	1000.0	3639.528732529019	0.0	0	529.5229949054847	3839.528732529019	1	0	2	0.5855684595175433
23200.0	1000.0	3539.5287325290183	0.0	0	396.3398521149138	3739.528732529019	1	0	2	0.6228254322426485
24200.0	1000.0	3439.5287325290174	0.0	0	474.9361089558515	3639.528732529023	1	0	2	0.6563198576527809
25200.0	1000.0	3339.5287325290174	0.0	0	447.30646082179373	3539.528732529019	1	0	2	0.6878231234932496
26200.0	1000.0	3239.528732529017	0.0	0	385.8318039851547	3439.528732529012	1	0	2	0.7167097185120559
27200.0	1000.0	3139.528732529014	0.0	0	462.2328895876817	3339.528732529012	1	0	2	0.7428106468756538
28200.0	1000.0	3039.5287325290137	0.0	0	545.8412931740168	3239.528732529012	1	0	2	0.7667664101267916
29200.0	1000.0	2939.528732529016	0.0	0	490.3505547777095	3139.5287325290155	1	0	2	0.7892452806690743
30200.0	1000.0	2839.528732529014	0.0	0	514.0519166289487	3039.5287325290155	1	0	2	0.8094208881622498
31200.0	1000.0	2739.5287325290174	0.0	0	510.19457305021933	2939.5287325290155	1	0	2	0.8279033944522538
32327.71718793411	2000.0	2499.0398258015016	0.0	0	0.0	2826.7570137356197	1	0	2	0.8494004928454058
33200.0	1000.0	2539.5287325290233	0.0	0	412.08042058666615	2739.5287325290337	1	0	2	0.16763907573535125
34291.106786514996	2000.0	2339.3112673625265	0.0	0	0.0	2630.418053877529	1	0	2	0.8780721250762966
35200.0	2000.0	2339.5287325290146	0.0	0	167.06563756229298	2539.528732529019	1	0	2	1.5812550364442586
36500.34877193797	2000.0	1909.1450833972492	0.0	0	0.0	2409.4938553352185	1	0	2	1.5955441869963514
37968.84151510385	2000.0	1293.8030659147803	0.0	0	0.0	2262.644581018634	1	0	2	1.6105245582551526
39056.217122495495	2000.0	1097.6898977839767	0.0	0	0.0	2153.907020279483	1	0	2	1.6209810677752463
40151.141748703274	2000.0	893.2728089554133	0.0	0	0.0	2044.4145576587107	1	0	2	1.6300534201092192
41296.860842006405	2000.0	632.9818063219635	0.0	0	0.0	1929.8426483283838	1	0	2	1.6376804972582928
42373.82986040788	2000.0	556.0127879204892	0.0	0	0.0	1929.8426483283838	1	0	1	1.639858275075312
43347.84227823142	2000.0	582.000370096953	0.0	0	0.0	1929.8426483283838	1	0	1	1.839858275075312
44360.897368344995	2000.0	568.9452799833781	0.0	0	0.0	1929.8426483283765	1	0	1	1.8398582750753123
45039.1481683728	2000.0	890.6944799555716	0.0	0	0.0	1929.8426483283693	1	0	1	1.8398582750753127
45949.928566758674	2000.0	979.914081569689	0.0	0	0.0	1929.8426483283693	1	0	1	1.8398582750753127
47378.37673230039	2000.0	551.4659160279621	0.0	0	0.0	1929.842648328362	1	0	1	1.8398582750753134
48150.79400882189	2000.0	779.0486395064609	0.0	0	0.0	1929.8426483283547	1	0	1	1.839858275075314
48877.39295885717	2000.0	1052.4496894711833	0.0	0	0.0	1929.8426483283547	1	0	1	1.839858275075314
49659.63525133562	2000.0	1270.2073969927371	0.0	0	0.0	1929.8426483283547	1	0	1	1.839858275075314
50883.13140742973	2000.0	1046.7112408986168	0.0	0	0.0	1929.8426483283547	1	0	1	1.839858275075314
51741.52839978806	2000.0	1188.3142485402884	0.0	0	0.0	1929.8426483283547	1	0	1	1.839858275075314
52696.25178197204	2000.0	1233.590866356306	0.0	0	0.0	1929.8426483283547	1	0	1	1.839858275075314
53443.603647080155	2000.0	1486.2390012481956	0.0	0	0.0	1929.8426483283547	1	0	1	1.839858275075314
54242.790337426646	2000.0	1687.0523109017079	0.0	0	0.0	1929.8426483283547	1	0	1	1.839858275075314
55465.489396818026	2000.0	1464.3532515103313	0.0	0	0.0	1929.842648328362	1	0	1	1.8398582750753134
56229.44912791991	1000.0	1700.393520408448	0.0	0	0.0	1929.8426483283547	1	0	1	0.45356391395542356
57200.0	1000.0	1729.84264832836	0.0	0	273.5646568267766	1929.842648328362	1	0	1	1.1467110945153682
58200.0	1000.0	1729.8426483283545	0.0	0	342.8436927373332	1929.842648328362	1	0	1	1.1467110945153682
59200.0	1000.0	1729.842648328359	0.0	0	718.1432108860536	1929.842648328362	1	0	1	1.1467110945153682
60200.0	2000.0	1729.8426483283558	0.0	0	384.6201249860678	1929.842648328362	1	0	1	1.1467110945153682
61200.0	2000.0	1729.8426483283556	0.0	0	193.71638969541527	1929.8426483283547	1	0	1	1.839858275075314
62206.812104522796	2000.0	1723.0305438055534	0.0	0	0.0	1929.8426483283547	1	0	1	1.839858275075314
63200.0	2000.0	1729.8426483283556	0.0	0	42.87200509261311	1929.8426483283547	1	0	1	1.839858275075314
64200.0	1000.0	1729.8426483283552	0.0	0	364.36080250924715	1929.8426483283547	1	0	1	0.45356391395542356
65200.0	1000.0	1729.842648328351	0.0	0	563.5053103804312	1929.8426483283474	1	0	1	1.1467110945153693
66200.0	1000.0	1729.8426483283477	0.0	0	612.6452967919977	1929.8426483283401	1	0	1	1.1467110945153696
67200.0	2000.0	1729.842648328342	0.0	0	166.2306786639674	1929.8426483283256	1	0	1	1.1467110945153702
68200.0	2000.0	1729.8426483283333	0.0	0	197.07646637516154	1929.8426483283256	1	0	1	1.8398582750753159
69200.0	2000.0	1729.84264832833	0.0	0	469.8410819395067	1929.8426483283256	1	0	1	1.8398582750753159
70200.0	2000.0	1729.8426483283129	0.0	0	66.55746165425808	1929.842648328311	1	0	1	1.8398582750753163
71213.39960996064	2000.0	1716.4430383676672	0.0	0	140.03715391643345	1929.8426483283256	1	0	1	1.8398582750753159
73235.73192958847	2000.0	694.1107187398356	0.0	0	0.0	1929.842648328311	1	0	1	1.8398582750753167
74256.7174037181	2000.0	673.1252446102084	0.0	0	0.0	1929.842648328311	1	0	1	1.8398582750753167
75463.37237701556	2000.0	466.4702713127233	0.0	0	0.0	1929.842648328311	1	0	1	1.8398582750753167
76977.58508016489	2000.0	200.0	247.74243183658842	0	0.0	2177.585080164892	1	0	1	0.33547201824364864
78205.55897757017	2000.0	410.87757139994847	438.8514688052188	0	0.0	2616.436548970116	1	0	1	-0.8573507960025317
79143.42820158396	2000.0	561.910618909811	88.90227152366623	0	0.0	2705.33882049378	1	0	1	1.2305776602653116
80000.30799830145	2000.0	705.0308221923015	0.0	0	0.0	2705.3388204937655	1	0	1	1.7639912894073109
80144.15191305747	300.0	1561.1869074362667	0.0	0	0.0	2705.3388204937655	1	0	1	-2.0302486803644517
81069.7673348122	2000.0	1635.571485681544	0.0	0	0.0	2705.33882049378	1	0	1	-0.13312869547857253
82254.90322642715	2000.0	1450.4355940665923	0.0	0	0.0	2705.33882049378	1	0	1	1.763991289407309
83221.63073239876	2000.0	1483.7080880949927	0.0	0	0.0	2705.33882049378	1	0	1	1.763991289407309
84038.73396539276	2000.0	1666.6048551009847	0.0	0	0.0	2705.3388204937946	1	0	1	1.763991289407307
84737.40763146526	2000.0	1967.9311890284916	0.0	0	0.0	2705.3388204937946	1	0	1	1.763991289407307
86583.35622748622	2000.0	1121.9825930075347	0.0	0	0.0	2705.3388204937946	1	0	1	1.763991289407307
87807.50024843139	2000.0	897.838572062359	0.0	0	0.0	2705.3388204937946	1	0	1	1.763991289407307
88725.0956246174	2000.0	980.2431958763449	0.0	0	0.0	2705.3388204937946	1	0	1	1.763991289407307
89518.09697983545	2000.0	1187.2418406582915	0.0	0	0.0	2705.3388204937946	1	0	1	1.763991289407307
90999.72173868396	2000.0	705.6170818097717	0.0	0	0.0	2705.3388204937946	1	0	1	1.763991289407307
91913.8703989081	2000.0	791.4684215856357	0.0	0	0.0	2705.3388204937946	1	0	1	1.763991289407307
92359.52958094965	1000.0	1345.8092395440842	0.0	0	0.0	2705.3388204937946	1	0	1	0.37769692828741674
92862.29758422801	1000.0	1843.0412362657166	0.0	0	0.0	2705.3388204937946	1	0	1	1.070844108847362
93809.47761363599	2000.0	1895.8612068577295	0.0	0	0.0	2705.3388204937946	1	0	1	1.070844108847362
94392.5800894147	1000.0	2312.7587310790163	0.0	0	0.0	2705.3388204937946	1	0	1	0.37769692828741674
95200.0	1000.0	2505.338820493733	0.0	0	373.4826775272377	2705.3388204937946	1	0	1	1.070844108847362
96200.0	2000.0	2505.3388204937396	0.0	0	264.7196330020088	2705.3388204937946	1	0	1	1.070844108847362
97756.86084361072	2000.0	1948.477976883023	0.0	0	0.0	2705.33882049378	1	0	1	1.763991289407309
98414.14484671385	2000.0	2291.1939737798643	0.0	0	0.0	2705.3388204937655	1	0	1	1.7639912894073109
99200.0	2000.0	2505.3388204937164	0.0	0	89.65070604013454	2705.3388204937655	1	0	1	1.7639912894073109
100200.0	2000.0	2505.338820493721	0.0	0	226.65804734324047	2705.3388204937655	1	0	1	1.7639912894073109
101703.60968244691	2000.0	2001.7291380468173	0.0	0	0.0	2705.3388204937655	1	0	1	1.7639912894073109
103022.2156888993	2000.0	1683.123131594423	0.0	0	0.0	2705.3388204937655	1	0	1	1.7639912894073109
103649.10505297975	1000.0	2056.2337675139747	0.0	0	0.0	2705.3388204937655	1	0	1	0.37769692828742063
104788.56167483973	2000.0	1916.7771456540052	0.0	0	0.0	2705.3388204937655	1	0	1	1.0708441088473657
105416.97615052812	1000.0	2288.3626699656074	0.0	0	0.0	2705.33882049378	1	0	1	0.3776969282874187
106200.0	1000.0	2505.338820493737	0.0	0	281.0939180008427	2705.33882049378	1	0	1	1.070844108847364
107200.0	1000.0	2505.3388204937232	0.0	0	443.73743805350387	2705.3388204937655	1	0	1	1.070844108847366
108200.0	1000.0	2505.338820493734	0.0	0	457.5428523658775	2705.33882049378	1	0	1	1.070844108847364
109200.0	1000.0	2505.3388204937314	0.0	0	546.2382136016386	2705.33882049378	1	0	1	1.070844108847364
110200.0	1000.0	2505.338820493741	0.0	0	550.7673126059963	2705.33882049378	1	0	1	1.070844108847364
111200.0	1000.0	2505.338820493737	0.0	0	265.9211853941524	2705.3388204937655	1	0	1	1.070844108847366
112200.0	1000.0	2505.3388204937364	0.0	0	403.5039595483395	2705.3388204937655	1	0	1	1.070844108847366
113200.0	1000.0	2505.3388204937305	0.0	0	210.64867585759202	2705.33882049378	1	0	1	1.070844108847364
114200.0	1000.0	2505.338820493725	0.0	0	489.5123496325541	2705.33882049378	1	0	1	1.070844108847364
115200.0	1000.0	2505.338820493741	0.0	0	491.45998339554353	2705.33882049378	1	0	1	1.070844108847364
116200.0	1000.0	2505.3388204937296	0.0	0	467.63417235345696	2705.33882049378	1	0	1	1.070844108847364
117200.0	1000.0	2505.338820493734	0.0	0	428.16889499209356	2705.33882049378	1	0	1	1.070844108847364
118200.0	1000.0	2505.3388204937287	0.0	0	556.5872832483292	2705.33882049378	1	0	1	1.070844108847364
119200.0	1000.0	2505.338820493726	0.0	0	456.81270127354946	2705.33882049378	1	0	1	1.070844108847364
120200.0	1000.0	2505.3388204937173	0.0	0	504.8091216211178	2705.33882049378	1	0	1	1.070844108847364
121200.0	1000.0	2505.33882049371	0.0	0	378.9887259631796	2705.33882049378	1	0	1	1.070844108847364
122200.0	1000.0	2505.33882049372	0.0	0	476.93791900640645	2705.3388204937946	1	0	1	1.070844108847362
123200.0	1000.0	2505.3388204937232	0.0	0	533.4056085076154	2705.3388204937946	1	0	1	1.070844108847362
124555.4605971857	2000.0	2149.8782233080356	0.0	0	0.0	2705.3388204937946	1	0	1	1.070844108847362
125772.43199227296	2000.0	1932.9068282207675	0.0	0	0.0	2705.3388204937946	1	0	1	1.763991289407307
126541.27077001559	2000.0	2164.06805047814	0.0	0	0.0	2705.3388204937946	1	0	1	1.763991289407307
127200.0	2000.0	2505.3388204937446	0.0	0	34.66698303438898	2705.3388204937946	1	0	1	1.763991289407307
128296.02861294274	2000.0	2409.3102075510105	0.0	0	0.0	2705.3388204937946	1	0	1	1.763991289407307
129315.46984138973	2000.0	2389.8689791040247	0.0	0	0.0	2705.3388204937946	1	0	1	1.763991289407307
130530.87709091084	2000.0	2174.4617295829257	0.0	0	0.0	2705.3388204937946	1	0	1	1.763991289407307
131549.42454448587	2000.0	2155.914276007913	0.0	0	0.0	2705.3388204938237	1	0	1	1.763991289407305
132606.0393580547	2000.0	2099.299462439062	0.0	0	0.0	2705.3388204937946	1	0	1	1.7639912894073064
133205.1121405987	2000.0	2500.2266798950413	0.0	0	0.0	2705.3388204937655	1	0	1	1.76399128940731
134200.0	2000.0	2505.3388204937137	0.0	0	205.3033763417916	2705.338820493722	1	0	1	1.763991289407316
135200.0	2000.0	2505.338820493702	0.0	0	271.348893033748	2705.338820493722	1	0	1	1.763991289407317
136351.85243031455	2000.0	2353.4863901791614	0.0	0	0.0	2705.338820493722	1	0	1	1.763991289407317
138063.50632428678	2000.0	1641.8324962069457	0.0	0	0.0	2705.338820493722	1	0	1	1.763991289407317
139543.6551519944	2000.0	1161.683668499313	0.0	0	0.0	2705.3388204936928	1	0	1	1.7639912894073209
140525.67348193727	2000.0	1179.6653385564314	0.0	0	0.0	2705.3388204936928	1	0	1	1.7639912894073209
141433.44022041967	2000.0	1271.8986000740074	0.0	0	0.0	2705.3388204936637	1	0	1	1.763991289407325
142620.31676498777	2000.0	1085.0220555059045	0.0	0	0.0	2705.3388204936346	1	0	1	1.763991289407329
143345.18765775065	1000.0	1360.1511627430305	0.0	0	0.0	2705.3388204936346	1	0	1	0.3776969282874387
143984.63100918356	1000.0	1720.7078113101059	0.0	0	0.0	2705.3388204936346	1	0	1	1.070844108847384
144814.14224804024	1000.0	1891.1965724534136	0.0	0	0.0	2705.3388204936055	1	0	1	1.0708441088473881
145541.75132734302	1000.0	2163.587493150646	0.0	0	0.0	2705.3388204936055	1	0	1	1.0708441088473881
146200.0	1000.0	2505.338820493631	0.0	0	38.90606157455477	2705.3388204936055	1	0	1	1.0708441088473881
147200.0	1000.0	2505.3388204936614	0.0	0	358.2229823383095	2705.3388204936055	1	0	1	1.0708441088473881
148200.0	1000.0	2505.33882049365	0.0	0	486.40653269866016	2705.3388204936055	1	0	1	1.0708441088473881
149200.0	1000.0	2505.3388204936346	0.0	0	60.17289155439357	2705.3388204936055	1	0	1	1.0708441088473881
150200.0	1000.0	2505.3388204936364	0.0	0	128.18959193539922	2705.3388204936055	1	0	1	1.0708441088473881
151200.0	1000.0	2505.338820493648	0.0	0	406.00823815359036	2705.3388204935763	1	0	1	1.070844108847392
152200.0	1000.0	2505.3388204936787	0.0	0	384.5952288787521	2705.3388204936055	1	0	1	1.0708441088473881
153200.0	1000.0	2505.3388204936855	0.0	0	383.8853954549413	2705.3388204936055	1	0	1	1.0708441088473881
154200.0	1000.0	2505.338820493695	0.0	0	285.8872275321337	2705.3388204936055	1	0	1	1.0708441088473881
155200.0	1000.0	2505.3388204936914	0.0	0	207.58327546375222	2705.3388204936055	1	0	1	1.0708441088473881
156200.0	1000.0	2505.3388204936814	0.0	0	304.6783412763325	2705.3388204936055	1	0	1	1.0708441088473881
157200.0	1000.0	2505.338820493631	0.0	0	267.49305996656767	2705.3388204936055	1	0	1	1.0708441088473881
158200.0	1000.0	2505.338820493628	0.0	0	327.73256883965223	2705.3388204935763	1	0	1	1.070844108847392
159200.0	1000.0	2505.3388204936396	0.0	0	127.83905373688322	2705.3388204935763	1	0	1	1.070844108847392
160200.0	1000.0	2505.3388204936437	0.0	0	475.920001938357	2705.3388204935763	1	0	1	1.070844108847392
161200.0	1000.0	2505.338820493638	0.0	0	521.9389643148461	2705.3388204935763	1	0	1	1.070844108847392
162200.0	1000.0	2505.338820493611	0.0	0	421.0398142117192	2705.3388204935763	1	0	1	1.070844108847392
163200.0	1000.0	2505.3388204936155	0.0	0	221.72807586321142	2705.3388204935763	1	0	1	1.070844108847392
164200.0	1000.0	2505.3388204936405	0.0	0	544.1792615833692	2705.3388204935763	1	0	1	1.070844108847392
165200.0	1000.0	2505.338820493589	0.0	0	469.0294648789568	2705.3388204935763	1	0	1	1.070844108847392
166200.0	1000.0	2505.338820493621	0.0	0	346.3961485635664	2705.3388204935763	1	0	1	1.070844108847392
167200.0	1000.0	2505.3388204936277	0.0	0	372.3551882307802	2705.3388204935763	1	0	1	1.070844108847392
168200.0	1000.0	2505.338820493632	0.0	0	221.19756573723862	2705.3388204935763	1	0	1	1.070844108847392
169200.0	1000.0	2505.3388204936327	0.0	0	103.22496811061865	2705.3388204935472	1	0	1	1.0708441088473961
170200.0	1000.0	2505.338820493617	0.0	0	390.13316885667155	2705.3388204935763	1	0	1	1.070844108847392
171200.0	1000.0	2505.338820493623	0.0	0	538.5206340149452	2705.3388204935763	1	0	1	1.070844108847392
172200.0	1000.0	2505.338820493597	0.0	0	428.2220228382794	2705.3388204935763	1	0	1	1.070844108847392
173200.0	1000.0	2505.33882049362	0.0	0	461.6125834675331	2705.3388204935763	1	0	1	1.070844108847392
174200.0	1000.0	2505.338820493614	0.0	0	368.4434619830281	2705.3388204935763	1	0	1	1.070844108847392
175200.0	1000.0	2505.338820493614	0.0	0	394.40067277965136	2705.3388204935763	1	0	1	1.070844108847392
176200.0	1000.0	2505.3388204935986	0.0	0	564.0070728025748	2705.3388204935472	1	0	1	1.0708441088473961
177200.0	1000.0	2505.338820493583	0.0	0	382.2357174474455	2705.338820493518	1	0	1	1.0708441088474
178200.0	1000.0	2505.3388204936036	0.0	0	258.18412019169773	2705.338820493518	1	0	1	1.0708441088474
179200.0	1000.0	2505.3388204935814	0.0	0	512.374848495092	2705.338820493518	1	0	1	1.0708441088474
180200.0	2000.0	2505.3388204935977	0.0	0	157.38105883370736	2705.338820493518	1	0	1	1.0708441088474
181200.0	2000.0	2505.338820493536	0.0	0	35.17188292456558	2705.338820493489	1	0	1	1.7639912894073468
182405.36701362015	2000.0	2299.971806873385	0.0	0	0.0	2705.338820493489	1	0	1	1.7639912894073493
183429.90207279412	2000.0	2275.436747699432	0.0	0	0.0	2705.338820493489	1	0	1	1.7639912894073493
184316.26602989182	2000.0	2389.072790601726	0.0	0	0.0	2705.338820493489	1	0	1	1.7639912894073493
185200.0	2000.0	2505.3388204935554	0.0	0	20.042853528779233	2705.338820493489	1	0	1	1.7639912894073493
186451.96898021497	2000.0	2253.369840278611	0.0	0	0.0	2705.33882049346	1	0	1	1.763991289407353
187458.14932148464	2000.0	2247.189499008928	0.0	0	0.0	2705.338820493431	1	0	1	1.7639912894073564
188902.16681316518	2000.0	1803.1720073283768	0.0	0	0.0	2705.338820493431	1	0	1	1.7639912894073573
189726.24910878742	2000.0	1979.0897117061397	0.0	0	0.0	2705.33882049346	1	0	1	1.763991289407353
190544.869885299	2000.0	2160.4689351945585	0.0	0	0.0	2705.33882049346	1	0	1	1.763991289407353
191556.80774944572	2000.0	2148.5310710478543	0.0	0	0.0	2705.33882049346	1	0	1	1.763991289407353
192746.25274128342	2000.0	1959.0860792101516	0.0	0	0.0	2705.33882049346	1	0	1	1.763991289407353
193588.55498152188	2000.0	2116.7838389717263	0.0	0	0.0	2705.33882049346	1	0	1	1.763991289407353
194652.1971882895	2000.0	2053.1416322041223	0.0	0	0.0	2705.33882049346	1	0	1	1.763991289407353
195373.0373955738	1000.0	2332.3014249197936	0.0	0	0.0	2705.338820493431	1	0	1	0.37769692828746604
196200.0	1000.0	2505.338820493608	0.0	0	353.37981334648794	2705.338820493431	1	0	1	1.070844108847412
197200.0	1000.0	2505.338820493624	0.0	0	417.0338108027063	2705.338820493431	1	0	1	1.070844108847412
198200.0	1000.0	2505.338820493599	0.0	0	493.4237182957004	2705.3388204934017	1	0	1	1.070844108847416
199331.1297827964	2000.0	2374.2090376971705	0.0	0	0.0	2705.3388204934017	1	0	1	1.070844108847416
200316.29522814226	2000.0	2389.043592351275	0.0	0	0.0	2705.3388204934017	1	0	1	1.763991289407361
201200.0	2000.0	2505.338820493552	0.0	0	109.75853712676326	2705.3388204934017	1	0	1	1.763991289407361
202200.0	1000.0	2505.3388204935554	0.0	0	589.4837913252413	2705.3388204934017	1	0	1	0.37769692828747087
203200.0	2000.0	2505.3388204935645	0.0	0	171.31926840892993	2705.3388204934017	1	0	1	1.070844108847416
204527.86327311437	2000.0	2177.475547379172	0.0	0	0.0	2705.3388204933726	1	0	1	1.7639912894073635
205396.8972406305	1000.0	2308.4415798630343	0.0	0	0.0	2705.3388204933726	1	0	1	0.3776969282874749
206200.0	1000.0	2505.338820493552	0.0	0	279.9758666921989	2705.3388204933435	1	0	1	1.070844108847424
207200.0	1000.0	2505.3388204935604	0.0	0	609.4186432745482	2705.3388204933435	1	0	1	1.070844108847424
208200.0	1000.0	2505.3388204935363	0.0	0	619.5683845613967	2705.3388204933144	1	0	1	1.070844108847428
209200.0	2000.0	2505.338820493529	0.0	0	287.31856113518006	2705.3388204933144	1	0	1	1.0708441088474279
210404.02400861934	2000.0	2301.3148118742142	0.0	0	0.0	2705.3388204932853	1	0	1	1.7639912894073773
211397.81011556997	2000.0	2307.5287049235676	0.0	0	0.0	2705.3388204932853	1	0	1	1.7639912894073773
212459.346564783	2000.0	2245.992255710573	0.0	0	0.0	2705.3388204933144	1	0	1	1.763991289407373
213200.0	1000.0	2505.338820493529	0.0	0	62.18895894990419	2705.3388204933144	1	0	1	0.3776969282874829
214200.0	1000.0	2505.3388204935236	0.0	0	444.815250567015	2705.3388204933435	1	0	1	1.070844108847424
215200.0	1000.0	2505.33882049355	0.0	0	516.0487450720393	2705.3388204933435	1	0	1	1.070844108847424
216200.0	2000.0	2505.3388204935436	0.0	0	163.0212978727941	2705.3388204933435	1	0	1	1.070844108847424
217200.0	2000.0	2505.338820493499	0.0	0	223.90173137839884	2705.3388204933144	1	0	1	1.763991289407373
218200.0	2000.0	2505.338820493504	0.0	0	335.5785111793666	2705.3388204933144	1	0	1	1.763991289407373
219200.0	2000.0	2505.338820493522	0.0	0	293.6482273589063	2705.3388204933144	1	0	1	1.763991289407373
220200.0	2000.0	2505.338820493539	0.0	0	195.72235083731357	2705.3388204933435	1	0	1	1.7639912894073693
221793.77061026802	2000.0	1911.568210225542	0.0	0	0.0	2705.3388204933435	1	0	1	1.7639912894073693
223013.98463818693	2000.0	1691.3541823066198	0.0	0	0.0	2705.3388204933144	1	0	1	1.763991289407373
223998.29960235738	2000.0	1707.039218136153	0.0	0	0.0	2705.3388204932853	1	0	1	1.7639912894073773
225658.75392238906	2000.0	1046.5848981044583	0.0	0	0.0	2705.3388204932853	1	0	1	1.7639912894073773
226481.4031799403	2000.0	1223.9356405532033	0.0	0	0.0	2705.3388204932853	1	0	1	1.7639912894073773
226964.2308100079	1000.0	1741.1080104855903	0.0	0	0.0	2705.3388204932853	1	0	1	0.37769692828748697
227414.13303735942	1000.0	2291.205783134049	0.0	0	0.0	2705.3388204933144	1	0	1	1.070844108847428
228200.0	1000.0	2505.3388204934954	0.0	0	427.1720453206217	2705.3388204933144	1	0	1	1.070844108847428
229200.0	1000.0	2505.338820493505	0.0	0	558.7148673751217	2705.3388204932853	1	0	1	1.070844108847432
230200.0	1000.0	2505.338820493538	0.0	0	670.4853799812554	2705.3388204932853	1	0	1	1.070844108847432
231200.0	1000.0	2505.338820493553	0.0	0	437.2674927506305	2705.3388204933144	1	0	1	1.070844108847428
232200.0	1000.0	2505.3388204935486	0.0	0	525.4106404672784	2705.3388204933144	1	0	1	1.070844108847428
233275.1291968259	2000.0	2430.20962366765	0.0	0	0.0	2705.3388204932853	1	0	1	1.070844108847432
234206.1629561216	2000.0	2499.1758643719577	0.0	0	82.62323799033766	2705.3388204933144	1	0	1	1.763991289407373
235706.69530002883	2000.0	1998.6435204647341	0.0	0	0.0	2705.3388204933144	1	0	1	1.763991289407373
236996.85412640148	2000.0	1708.4846940920615	0.0	0	0.0	2705.3388204932853	1	0	1	1.763991289407374
237898.64329306892	2000.0	1806.6955274246243	0.0	0	0.0	2705.3388204932853	1	0	1	1.7639912894073773
238797.75297060978	2000.0	1907.5858498837677	0.0	0	0.0	2705.3388204932853	1	0	1	1.7639912894073773
240152.97591937493	2000.0	1552.362901118637	0.0	0	0.0	2705.3388204932853	1	0	1	1.7639912894073773
240811.45554682805	1000.0	1893.883273665529	0.0	0	0.0	2705.3388204932853	1	0	1	0.37769692828748697
241361.99111781036	1000.0	2343.347702683206	0.0	0	0.0	2705.338820493256	1	0	1	1.070844108847436
242200.0	1000.0	2505.3388204935472	0.0	0	299.6094748833566	2705.338820493256	1	0	1	1.070844108847436
243213.03935243396	2000.0	2492.2994680595693	0.0	0	0.0	2705.338820493256	1	0	1	1.070844108847436
244200.0	1000.0	2505.338820493504	0.0	0	469.89762345477357	2705.338820493256	1	0	1	0.3776969282874909
245200.0	1000.0	2505.3388204935136	0.0	0	481.5241815756017	2705.338820493256	1	0	1	1.070844108847436
246504.0291955042	2000.0	2201.3096249893306	0.0	0	0.0	2705.338820493227	1	0	1	1.07084410884744
247674.54186353827	2000.0	2030.7969569552704	0.0	0	0.0	2705.338820493256	1	0	1	1.763991289407381
248567.96698964742	2000.0	2137.3718308461184	0.0	0	0.0	2705.338820493256	1	0	1	1.763991289407381
249411.09259078206	2000.0	2294.2462297114885	0.0	0	0.0	2705.338820493256	1	0	1	1.763991289407381
250878.34146526956	2000.0	1826.9973552239774	0.0	0	0.0	2705.338820493256	1	0	1	1.763991289407381
252292.80508967215	2000.0	1412.5337308213982	0.0	0	0.0	2705.338820493227	1	0	1	1.7639912894073853
252731.77107423192	1000.0	1973.5677462616454	0.0	0	0.0	2705.338820493227	1	0	1	0.377696928287495
253410.60106778753	1000.0	2294.7377527060316	0.0	0	0.0	2705.338820493198	1	0	1	1.070844108847444
254200.0	1000.0	2505.338820493575	0.0	0	114.58871779378387	2705.338820493198	1	0	1	1.070844108847444
255200.0	1000.0	2505.3388204935804	0.0	0	557.8754660194099	2705.338820493169	1	0	1	1.0708441088474483
256200.0	1000.0	2505.338820493609	0.0	0	509.2082622385351	2705.338820493169	1	0	1	1.0708441088474483
257200.0	1000.0	2505.3388204936077	0.0	0	533.1495149097464	2705.338820493169	1	0	1	1.0708441088474483
258200.0	1000.0	2505.3388204935923	0.0	0	320.57471592494403	2705.338820493169	1	0	1	1.0708441088474483
259200.0	1000.0	2505.338820493572	0.0	0	371.8743315382744	2705.338820493169	1	0	1	1.0708441088474483
260200.0	1000.0	2505.3388204935723	0.0	0	77.14358602953143	2705.338820493198	1	0	1	1.070844108847444
261200.0	1000.0	2505.3388204935745	0.0	0	317.4074135032715	2705.338820493198	1	0	1	1.070844108847444
262200.0	1000.0	2505.338820493538	0.0	0	463.79702308110427	2705.338820493198	1	0	1	1.070844108847444
263200.0	1000.0	2505.338820493493	0.0	0	327.0097381971427	2705.33882049314	1	0	1	1.0708441088474474
264200.0	1000.0	2505.338820493459	0.0	0	457.8968637827202	2705.3388204930816	1	0	1	1.070844108847456
265200.0	1000.0	2505.3388204935673	0.0	0	323.6894667063025	2705.33882049314	1	0	1	1.0708441088474545
266200.0	1000.0	2505.3388204935945	0.0	0	374.9059506969061	2705.33882049314	1	0	1	1.070844108847452
267200.0	1000.0	2505.3388204935877	0.0	0	575.6799860571628	2705.33882049314	1	0	1	1.070844108847452
268200.0	1000.0	2505.3388204935686	0.0	0	559.7192103365669	2705.33882049314	1	0	1	1.070844108847452
269200.0	1000.0	2505.338820493549	0.0	0	676.1368324648356	2705.33882049314	1	0	1	1.070844108847452
270200.0	1000.0	2505.3388204935513	0.0	0	546.30990969704	2705.338820493198	1	0	1	1.070844108847444
271200.0	1000.0	2505.3388204935627	0.0	0	567.9465197081445	2705.338820493198	1	0	1	1.070844108847444
272200.0	1000.0	2505.3388204936273	0.0	0	484.282893327123	2705.338820493198	1	0	1	1.070844108847444
273200.0	1000.0	2505.3388204936214	0.0	0	248.86507194285514	2705.338820493198	1	0	1	1.070844108847444
274200.0	1000.0	2505.3388204935904	0.0	0	387.95230819442077	2705.338820493198	1	0	1	1.070844108847444
275200.0	1000.0	2505.3388204936023	0.0	0	644.1340289993677	2705.338820493256	1	0	1	1.070844108847436
276200.0	2000.0	2505.3388204936778	0.0	0	446.5701637933962	2705.3388204933144	1	0	1	1.0708441088474279
277344.8820596703	2000.0	2360.456760823349	0.0	0	0.0	2705.3388204933144	1	0	1	1.763991289407373
278590.5965359145	2000.0	2114.7422845791193	0.0	0	0.0	2705.3388204933144	1	0	1	1.763991289407373
279607.22209137474	2000.0	2098.1167291189195	0.0	0	0.0	2705.3388204933726	1	0	1	1.7639912894073653
280552.59721770656	2000.0	2152.7416027871195	0.0	0	0.0	2705.3388204933144	1	0	1	1.763991289407373
281312.21137160296	2000.0	2393.1274488906656	0.0	0	0.0	2705.338820493256	1	0	1	1.763991289407381
282200.0	2000.0	2505.338820493662	0.0	0	63.620022582879756	2705.338820493256	1	0	1	1.763991289407381
283200.0	2000.0	2505.3388204936314	0.0	0	264.81445004604757	2705.338820493256	1	0	1	1.763991289407381
284200.0	2000.0	2505.3388204936264	0.0	0	6.982109768665396	2705.338820493256	1	0	1	1.763991289407381
285200.0	2000.0	2505.3388204936227	0.0	0	205.73792753537418	2705.338820493256	1	0	1	1.763991289407381
287075.6669137856	2000.0	1629.6719067079648	0.0	0	0.0	2705.3388204933144	1	0	1	1.7639912894073746
288273.87578012154	2000.0	1431.4630403720714	0.0	0	0.0	2705.3388204933726	1	0	1	1.7639912894073653
289598.57580648194	2000.0	1106.7630140116328	0.0	0	0.0	2705.3388204933726	1	0	1	1.7639912894073653
290323.78453252756	2000.0	1381.5542879659768	0.0	0	0.0	2705.3388204933144	1	0	1	1.7639912894073715
291218.5523191494	2000.0	1486.7865013441087	0.0	0	0.0	2705.3388204933144	1	0	1	1.763991289407373
292566.2180501112	2000.0	1139.1207703822872	0.0	0	0.0	2705.338820493256	1	0	1	1.763991289407381
293237.78655355313	1000.0	1467.5522669402958	0.0	0	0.0	2705.338820493256	1	0	1	0.3776969282874941
293889.46673362923	1000.0	1815.8720868641544	0.0	0	0.0	2705.338820493256	1	0	1	1.070844108847436
294458.3994905402	1000.0	2246.9393299532003	0.0	0	0.0	2705.338820493256	1	0	1	1.070844108847436
295200.0	1000.0	2505.338820493453	0.0	0	111.4016978588188	2705.338820493256	1	0	1	1.070844108847436
296200.0	1000.0	2505.3388204934545	0.0	0	459.8784308714676	2705.338820493256	1	0	1	1.070844108847436
297200.0	1000.0	2505.3388204934527	0.0	0	418.1413404305349	2705.338820493256	1	0	1	1.070844108847436
298277.7147967478	1000.0	2427.624023745685	0.0	0	0.0	2705.338820493198	1	0	1	1.070844108847441
299200.0	1000.0	2505.338820493523	0.0	0	148.61676811863435	2705.338820493198	1	0	1	1.070844108847444
300200.0	1000.0	2505.3388204935236	0.0	0	265.8555063820677	2705.338820493198	1	0	1	1.070844108847444
1.4	1.23	1.78	1.82	1.23	1.8	2.11	2.55	1.24	2.35	2.83	1.84	1.71	1.85	1.42	1.74	2.53	1.95	1.92	1.93	2.21	2.17	2.42	1.58	2.7	2.49	1.74	2.24	1.99	3.44	1.89	1.55	1.88	2.31	1.54	2.35	1.96	2.78	1.93	2.35	2.21	1.64	2.06	2.28	1.95	2.14	2.09	2.66	2.7	1.61	1.2	1.88	1.83	3.26	2.98	2.29	1.95	1.97	1.31	2.34	2.22	3.27	2.93	3.06	2.54	2.85	1.31	1.38	1.26	2.66	1.59	1.33	2.07	2.42	3.07	2.91	1.89	2.33	2.4	2.35	1.09	1.64	2.0	2.46	2.13	1.59	1.92	2.75	1.81	2.35	2.4	1.42	1.9	2.57	2.95	1.42	1.29	1.82	2.24	1.59	1.84	1.75	2.22	1.93	2.28	1.46	1.24	1.61	1.84	2.56	1.64	1.85	1.95	1.99	2.83	2.21	1.97	2.54	1.77	2.06	2.36	3.24	2.37	2.07	2.26	2.22	2.29	2.76	2.35	2.02	2.7	1.75	1.09	2.02	1.47	2.28	2.39	1.74	1.75	1.58	1.88	1.77	2.48	1.22	1.32	1.61	1.83	1.45	1.7	1.89	1.4	1.23	1.78	1.82	1.23	1.8	2.11	2.55	1.24	2.35	2.83	1.84	1.71	1.85	1.42	1.74	2.53	1.95	1.92	1.93	2.21	2.17	2.42	1.58	2.7	2.49	1.74	2.24	1.99	3.44	1.89	1.55	1.88	2.31	1.54	2.35	1.96	2.78	1.93	2.35	2.21	1.64	2.06	2.28	1.95	2.14	2.09	2.66	2.7	1.61	1.2	1.88	1.83	3.26	2.98	2.29	1.95	1.97	1.31	2.34	2.22	3.27	2.93	3.06	2.54	2.85	1.31	1.38	1.26	2.66	1.59	1.33	2.07	2.42	3.07	2.91	1.89	2.33	2.4	2.35	1.09	1.64	2.0	2.46	2.13	1.59	1.92	2.75	1.81	2.35	2.4	1.42	1.9	2.57	2.95	1.42	1.29	1.82	2.24	1.59	1.84	1.75	2.22	1.93	2.28	1.46	1.24	1.61	1.84	2.56	1.64	1.85	1.95	1.99	2.83	2.21	1.97	2.54	1.77	2.06	2.36	3.24	2.37	2.07	2.26	2.22	2.29	2.76	2.35	2.02	2.7	1.75	1.09	2.02	1.47	2.28	2.39	1.74	1.75	1.58	1.88	1.77	2.48	1.22	1.32	1.61	1.83	1.45	1.7	1.89
1.0	2.0	3.0	4.0	5.0	6.0	7.0	8.0	9.0	10.0	11.0	12.0	13.0	14.0	15.0	16.0	17.0	18.0	19.0	20.0	21.0	22.0	23.0	24.0	25.0	26.0	27.0	28.0	29.0	30.0	31.0	32.0	33.0	34.0	35.0	36.0	37.0	38.0	39.0	40.0	41.0	42.0	43.0	44.0	45.0	46.0	47.0	48.0	49.0	50.0	51.0	52.0	53.0	54.0	55.0	56.0	57.0	58.0	59.0	60.0	61.0	62.0	63.0	64.0	65.0	66.0	67.0	68.0	69.0	70.0	71.0	72.0	73.0	74.0	75.0	76.0	77.0	78.0	79.0	80.0	81.0	82.0	83.0	84.0	85.0	86.0	87.0	88.0	89.0	90.0	91.0	92.0	93.0	94.0	95.0	96.0	97.0	98.0	99.0	100.0	101.0	102.0	103.0	104.0	105.0	106.0	107.0	108.0	109.0	110.0	111.0	112.0	113.0	114.0	115.0	116.0	117.0	118.0	119.0	120.0	121.0	122.0	123.0	124.0	125.0	126.0	127.0	128.0	129.0	130.0	131.0	132.0	133.0	134.0	135.0	136.0	137.0	138.0	139.0	140.0	141.0	142.0	143.0	144.0	145.0	146.0	147.0	148.0	149.0	149.0	150.0	151.0	152.0	153.0	154.0	155.0	156.0	157.0	158.0	159.0	160.0	161.0	162.0	163.0	164.0	165.0	166.0	167.0	168.0	169.0	170.0	171.0	172.0	173.0	174.0	175.0	176.0	177.0	178.0	179.0	180.0	181.0	182.0	183.0	184.0	185.0	186.0	187.0	188.0	189.0	190.0	191.0	192.0	193.0	194.0	195.0	196.0	197.0	198.0	199.0	200.0	201.0	202.0	203.0	204.0	205.0	206.0	207.0	208.0	209.0	210.0	211.0	212.0	213.0	214.0	215.0	216.0	217.0	218.0	219.0	220.0	221.0	222.0	223.0	224.0	225.0	226.0	227.0	228.0	229.0	230.0	231.0	232.0	233.0	234.0	235.0	236.0	237.0	238.0	239.0	240.0	241.0	242.0	243.0	244.0	245.0	246.0	247.0	248.0	249.0	250.0	251.0	252.0	253.0	254.0	255.0	256.0	257.0	258.0	259.0	260.0	261.0	262.0	263.0	264.0	265.0	266.0	267.0	268.0	269.0	270.0	271.0	272.0	273.0	274.0	275.0	276.0	277.0	278.0	279.0	280.0	281.0	282.0	283.0	284.0	285.0	286.0	287.0	288.0	289.0	290.0	291.0	292.0	293.0	294.0	295.0	296.0	297.0	298.0	298.0
4980.01234507911
