2921.085616197904	300.0	2000.0	78.13574263018097	0	0.0	2921.085616197904	1	0	1	-0.6327648411246409
3200.0	300.0	2721.085616197904	0.0	0	193.23994220115082	2921.0856161979036	1	0	1	-0.16605128237614844
4200.0	300.0	2721.085616197904	0.0	0	879.1463018567774	2921.0856161979036	1	0	1	-0.1660512823761484
5200.0	500.0	2721.0856161979045	0.0	0	857.4177834715747	2921.0856161979036	1	0	1	-0.1660512823761483
6200.0	500.0	2721.0856161979054	0.0	0	802.7356648369132	2921.0856161979045	1	0	1	0.3447743413898422
7200.0	500.0	2621.085616197905	0.0	0	879.2403087266739	2821.0856161979045	1	0	2	-0.04546353127343995
8200.0	500.0	2621.0856161979045	0.0	0	799.9683539246116	2821.0856161979045	1	0	1	0.1608482450911814
9200.0	1000.0	2621.0856161979045	0.0	0	780.5200638566603	2821.0856161979045	1	0	1	0.36084824509118163
10200.0	2000.0	2621.0856161979045	0.0	0	419.33933900929514	2821.0856161979036	1	0	1	1.0539954256511272
11431.331129682589	3000.0	2389.7544865153163	0.0	0	0.0	2821.0856161979045	1	0	1	1.7471426062110722
12326.599803503093	3000.0	2494.4858126948097	0.0	0	0.0	2821.0856161979063	1	0	1	2.1526077143192364
13201.009368964955	3000.0	2532.635290686762	0.0	0	0.0	2733.644659651716	1	0	2	1.7623044191120938
14200.0	3000.0	2533.644659651718	0.0	0	305.85752447318373	2733.644659651716	1	0	1	1.9655011535574451
15250.05551930419	3000.0	2483.589140347527	0.0	0	0.0	2733.644659651716	1	0	1	2.1655011535574453
16208.981936443965	3000.0	2524.662723207752	0.0	0	0.0	2733.644659651716	1	0	1	2.1655011535574453
17328.747073955714	3000.0	2404.8975856960014	0.0	0	0.0	2733.6446596517144	1	0	1	2.1655011535574458
18274.379258201174	3000.0	2459.265401450541	0.0	0	0.0	2733.6446596517108	1	0	1	2.1655011535574458
19200.0	3000.0	2533.644659651711	0.0	0	211.559841035727	2733.644659651709	1	0	1	2.165501153557446
20200.0	3000.0	2533.644659651707	0.0	0	304.052798362638	2733.6446596517053	1	0	1	2.165501153557447
21200.0	3000.0	2533.644659651707	0.0	0	291.26055784940036	2733.6446596517053	1	0	1	2.165501153557447
22200.0	3000.0	2533.6446596517044	0.0	0	72.10571428832554	2733.6446596517017	1	0	1	2.1655011535574475
23256.20637611686	3000.0	2477.438283534849	0.0	0	0.0	2733.6446596517017	1	0	1	2.1655011535574475
24276.366447021766	3000.0	2355.2622055394527	0.0	0	0.0	2631.628652561216	1	0	2	1.774434807510058
25449.85845105886	3000.0	2064.421001098651	0.0	0	0.0	2514.279452157509	1	0	2	1.9906286565386282
26516.793000404206	3000.0	1997.4864517533065	0.0	0	0.0	2514.279452157509	1	0	1	1.99359051925634
27698.15495008157	3000.0	1816.124502075943	0.0	0	0.0	2514.279452157509	1	0	1	2.19359051925634
28439.077600043696	3000.0	2075.2018521138216	0.0	0	0.0	2514.279452157509	1	0	1	2.19359051925634
29757.58099380549	3000.0	1756.6984583520255	0.0	0	0.0	2514.279452157505	1	0	1	2.1935905192563405
30640.72391468534	3000.0	1873.555537472177	0.0	0	0.0	2514.279452157505	1	0	1	2.1935905192563405
31815.004166129456	3000.0	1699.2752860280607	0.0	0	0.0	2514.2794521575015	1	0	1	2.193590519256341
32830.58675903725	3000.0	1683.6926931202654	0.0	0	0.0	2514.2794521575015	1	0	1	2.193590519256341
33708.23040443586	3000.0	1806.0490477216597	0.0	0	0.0	2514.279452157509	1	0	1	2.1935905192563405
34227.99307604094	3000.0	2286.2863761165763	0.0	0	0.0	2514.279452157505	1	0	1	2.193590519256341
35200.0	3000.0	2314.279452157521	0.0	0	183.63807159799035	2514.279452157509	1	0	1	2.1935905192563405
36312.041748883676	3000.0	2202.2377032738514	0.0	0	0.0	2514.2794521575124	1	0	1	2.1935905192563396
37295.909626645494	3000.0	2218.369825512023	0.0	0	0.0	2514.2794521575124	1	0	1	2.1935905192563396
38200.0	3000.0	2314.279452157513	0.0	0	384.9391856542352	2514.2794521575197	1	0	1	2.193590519256339
39200.0	3000.0	2314.279452157518	0.0	0	209.35300001208088	2514.2794521575197	1	0	1	2.193590519256339
40200.0	3000.0	2314.2794521575124	0.0	0	114.71325065277779	2514.2794521575197	1	0	1	2.193590519256339
41336.71768285531	3000.0	2177.561769302205	0.0	0	0.0	2514.279452157527	1	0	1	2.1935905192563383
42200.0	3000.0	2314.2794521575215	0.0	0	15.114041836859542	2514.2794521575197	1	0	1	2.193590519256339
43558.57306067878	3000.0	1955.7063914787414	0.0	0	0.0	2514.2794521575197	1	0	1	2.193590519256339
44602.164087964185	3000.0	1912.1153641933338	0.0	0	0.0	2514.2794521575197	1	0	1	2.193590519256339
46016.075069599035	3000.0	1498.2043825584929	0.0	0	0.0	2514.2794521575197	1	0	1	2.193590519256339
47308.38113313224	3000.0	1205.8983190252857	0.0	0	0.0	2514.2794521575124	1	0	1	2.1935905192563396
47991.45952960959	3000.0	1522.819922547939	0.0	0	0.0	2514.2794521575124	1	0	1	2.1935905192563396
48549.65682033804	3000.0	1964.6226318194867	0.0	0	0.0	2514.279452157505	1	0	1	2.1935905192563405
49490.373224682626	3000.0	2023.9062274749017	0.0	0	0.0	2514.2794521575124	1	0	1	2.1935905192563396
50382.30639430748	3000.0	2131.9730578500453	0.0	0	0.0	2514.2794521575124	1	0	1	2.1935905192563396
51473.051457689064	3000.0	2041.227994468466	0.0	0	0.0	2514.2794521575124	1	0	1	2.1935905192563396
52731.963074716296	3000.0	1782.3163774412285	0.0	0	0.0	2514.2794521575124	1	0	1	2.1935905192563396
53396.18078148091	3000.0	2118.0986706766116	0.0	0	0.0	2514.2794521575124	1	0	1	2.1935905192563396
54200.0	3000.0	2314.2794521575174	0.0	0	92.45502678892808	2514.2794521575124	1	0	1	2.1935905192563396
55687.312589189816	3000.0	1826.9668629677037	0.0	0	0.0	2514.2794521575197	1	0	1	2.193590519256339
56891.528353351976	3000.0	1622.751098805541	0.0	0	0.0	2514.2794521575197	1	0	1	2.193590519256339
57605.11774752249	3000.0	1909.161704635035	0.0	0	0.0	2514.2794521575197	1	0	1	2.193590519256339
58226.18310505154	3000.0	2288.09634710599	0.0	0	0.0	2514.279452157527	1	0	1	2.1935905192563383
59200.0	3000.0	2314.2794521575315	0.0	0	277.9068232648715	2514.279452157527	1	0	1	2.1935905192563383
60200.0	3000.0	2314.2794521575365	0.0	0	110.12170652059285	2514.279452157527	1	0	1	2.1935905192563383
61317.48480117226	3000.0	2196.794650985279	0.0	0	0.0	2514.279452157527	1	0	1	2.1935905192563383
62320.198209015594	3000.0	2194.081243141949	0.0	0	0.0	2514.279452157527	1	0	1	2.1935905192563383
63200.0	3000.0	2314.2794521575356	0.0	0	309.09472390257724	2514.279452157527	1	0	1	2.1935905192563383
64285.02363737799	3000.0	2229.2558147795394	0.0	0	0.0	2514.279452157527	1	0	1	2.1935905192563383
65231.135874149826	3000.0	2283.143578007706	0.0	0	0.0	2514.279452157527	1	0	1	2.1935905192563383
66379.81563949863	3000.0	2019.5958361240168	0.0	0	0.0	2399.4114756226336	1	0	2	1.803194642931665
68024.9591835419	3000.0	1374.4522920807503	0.0	0	0.0	2399.4114756226336	1	0	1	2.006148540963404
69310.95406099914	3000.0	1088.457414623497	0.0	0	0.0	2399.4114756226336	1	0	1	2.206148540963403
70150.4272318065	3000.0	1248.9842438161209	0.0	0	0.0	2399.4114756226336	1	0	1	2.206148540963403
71076.23628011196	3000.0	1323.1751955106588	0.0	0	0.0	2399.4114756226336	1	0	1	2.206148540963403
72017.99109558233	3000.0	1381.4203800402834	0.0	0	0.0	2399.4114756226336	1	0	1	2.206148540963403
73126.04365355818	3000.0	1273.367822064432	0.0	0	0.0	2399.4114756226336	1	0	1	2.206148540963403
74316.5867377754	3000.0	1082.8247378472113	0.0	0	0.0	2399.4114756226336	1	0	1	2.206148540963403
75324.885564794	3000.0	1074.5259108286184	0.0	0	0.0	2399.4114756226336	1	0	1	2.206148540963403
76354.19775945054	3000.0	1045.21371617208	0.0	0	0.0	2399.411475622648	1	0	1	2.206148540963402
77227.61707756987	3000.0	1171.7943980527589	0.0	0	0.0	2399.4114756226627	1	0	1	2.2061485409634
78823.30040983691	3000.0	576.1110657857294	0.0	0	0.0	2399.4114756226627	1	0	1	2.2061485409634
79816.17512318438	3000.0	583.2363524382536	0.0	0	0.0	2399.411475622648	1	0	1	2.206148540963402
80459.31496565446	3000.0	940.0965099681852	0.0	0	0.0	2399.411475622648	1	0	1	2.206148540963402
81245.53644625162	3000.0	1153.8750293710168	0.0	0	0.0	2399.4114756226336	1	0	1	2.206148540963403
81787.85931189	3000.0	1611.5521637326215	0.0	0	0.0	2399.4114756226336	1	0	1	2.206148540963403
82200.0	3000.0	2199.411475622611	0.0	0	15.284630965004908	2399.411475622619	1	0	1	2.206148540963405
83200.0	3000.0	2199.4114756226063	0.0	0	528.1199917630875	2399.411475622619	1	0	1	2.206148540963405
84200.0	3000.0	2199.4114756225867	0.0	0	480.05561961294734	2399.411475622619	1	0	1	2.206148540963405
85206.09448694933	3000.0	2193.316988673264	0.0	0	0.0	2399.411475622619	1	0	1	2.206148540963405
86565.38399194354	3000.0	1834.0274836790486	0.0	0	0.0	2399.4114756226045	1	0	1	2.2061485409634063
87563.15379236639	3000.0	1836.2576832562108	0.0	0	0.0	2399.4114756226045	1	0	1	2.2061485409634063
88200.0	3000.0	2199.4114756225927	0.0	0	61.41843121557031	2399.4114756226045	1	0	1	2.2061485409634063
89200.0	3000.0	2199.4114756226018	0.0	0	105.31742458020744	2399.4114756226045	1	0	1	2.2061485409634063
90200.0	3000.0	2199.41147562259	0.0	0	196.0297380619304	2399.41147562259	1	0	1	2.206148540963408
91200.0	3000.0	2199.411475622575	0.0	0	80.59159023781831	2399.41147562259	1	0	1	2.206148540963408
92200.0	3000.0	2199.4114756225717	0.0	0	423.5452521411644	2399.41147562259	1	0	1	2.206148540963408
93200.0	3000.0	2199.411475622573	0.0	0	82.65514699544292	2399.41147562259	1	0	1	2.206148540963408
94200.0	3000.0	2199.411475622586	0.0	0	223.24703530858096	2399.41147562259	1	0	1	2.206148540963408
95200.0	3000.0	2199.4114756226	0.0	0	371.3352246095601	2399.4114756226045	1	0	1	2.2061485409634063
96200.0	3000.0	2199.4114756225817	0.0	0	239.3448798922327	2399.4114756226045	1	0	1	2.2061485409634063
97200.0	3000.0	2199.411475622582	0.0	0	68.2184610854456	2399.411475622619	1	0	1	2.206148540963405
98200.0	3000.0	2199.411475622589	0.0	0	265.50995702699583	2399.411475622619	1	0	1	2.206148540963405
99200.0	3000.0	2199.4114756225913	0.0	0	425.73023364342225	2399.411475622619	1	0	1	2.206148540963405
100200.0	3000.0	2199.411475622583	0.0	0	149.06017857562983	2399.411475622619	1	0	1	2.206148540963405
101303.22321950861	3000.0	2096.1882561139664	0.0	0	0.0	2399.411475622619	1	0	1	2.206148540963405
102318.53403749238	3000.0	2080.877438130195	0.0	0	0.0	2399.411475622619	1	0	1	2.206148540963405
103200.0	3000.0	2199.4114756225763	0.0	0	32.25052634750318	2399.411475622619	1	0	1	2.206148540963405
104200.0	3000.0	2199.41147562257	0.0	0	337.6267814191233	2399.411475622619	1	0	1	2.206148540963405
105481.5085876466	3000.0	1917.9028879759705	0.0	0	0.0	2399.411475622619	1	0	1	2.206148540963405
106200.0	3000.0	2199.411475622571	0.0	0	34.647506905384944	2399.411475622619	1	0	1	2.206148540963405
107200.0	3000.0	2199.4114756225677	0.0	0	199.40217158764426	2399.411475622619	1	0	1	2.206148540963405
108263.91674489828	3000.0	2135.4947307243096	0.0	0	0.0	2399.411475622619	1	0	1	2.206148540963405
109200.0	3000.0	2199.4114756226068	0.0	0	111.20084200205747	2399.411475622619	1	0	1	2.206148540963405
110224.14413927158	3000.0	2175.267336351031	0.0	0	0.0	2399.411475622619	1	0	1	2.206148540963405
111223.99250253868	3000.0	2175.41897308394	0.0	0	0.0	2399.4114756226336	1	0	1	2.206148540963403
112200.0	3000.0	2199.4114756226104	0.0	0	157.2469609379914	2399.4114756226336	1	0	1	2.206148540963403
113200.0	3000.0	2199.4114756226104	0.0	0	251.80007030446723	2399.4114756226336	1	0	1	2.206148540963403
114306.60943815128	3000.0	2092.802037471321	0.0	0	0.0	2399.4114756226336	1	0	1	2.206148540963403
115200.0	3000.0	2199.4114756225863	0.0	0	61.856124015146634	2399.4114756226336	1	0	1	2.206148540963403
116200.0	3000.0	2099.4114756225927	0.0	0	417.4202232878306	2299.411475622648	1	0	2	1.8123079960176898
117200.0	3000.0	2099.411475622601	0.0	0	403.8745705024194	2299.411475622648	1	0	1	2.016022911439492
118325.97581194346	3000.0	1973.4356636791458	0.0	0	0.0	2299.411475622648	1	0	1	2.216022911439492
119496.7686326974	3000.0	1802.6428429251976	0.0	0	0.0	2299.411475622648	1	0	1	2.216022911439492
120442.39937234767	3000.0	1857.0121032749314	0.0	0	0.0	2299.411475622648	1	0	1	2.216022911439492
121386.50034345157	3000.0	1912.9111321710398	0.0	0	0.0	2299.4114756226336	1	0	1	2.2160229114394934
122477.73075150975	3000.0	1821.680724112859	0.0	0	0.0	2299.411475622619	1	0	1	2.216022911439495
123540.24688067978	3000.0	1759.1645949428184	0.0	0	0.0	2299.411475622619	1	0	1	2.216022911439495
124294.81764475245	3000.0	2004.5938308701684	0.0	0	0.0	2299.411475622619	1	0	1	2.216022911439495
125200.0	3000.0	2099.4114756225954	0.0	0	402.970114295822	2299.411475622619	1	0	1	2.216022911439495
126200.0	3000.0	2099.4114756225854	0.0	0	265.92767278751126	2299.411475622619	1	0	1	2.216022911439495
127200.0	3000.0	2099.4114756225854	0.0	0	359.29089346624096	2299.411475622619	1	0	1	2.216022911439495
128259.2750112368	3000.0	2040.1364643857996	0.0	0	0.0	2299.411475622619	1	0	1	2.216022911439495
129200.0	3000.0	2099.4114756226086	0.0	0	195.52502527009347	2299.411475622619	1	0	1	2.216022911439495
130200.0	3000.0	2099.411475622617	0.0	0	174.1627391418151	2299.4114756226045	1	0	1	2.2160229114394965
131200.0	3000.0	2099.4114756226118	0.0	0	213.70423147839028	2299.4114756226045	1	0	1	2.2160229114394965
132524.65384978626	3000.0	1774.7576258363451	0.0	0	0.0	2299.4114756226045	1	0	1	2.2160229114394965
133346.84108057094	3000.0	1952.5703950516938	0.0	0	0.0	2299.411475622619	1	0	1	2.2160229114394943
134402.52965036788	3000.0	1896.8818252547298	0.0	0	0.0	2299.411475622648	1	0	1	2.216022911439492
135344.41934735634	3000.0	1954.9921282662958	0.0	0	0.0	2299.411475622648	1	0	1	2.216022911439492
136345.29123165127	3000.0	1954.1202439713438	0.0	0	0.0	2299.411475622648	1	0	1	2.216022911439492
137589.4084191239	3000.0	1710.0030564987123	0.0	0	0.0	2299.411475622648	1	0	1	2.216022911439492
138370.89919463094	3000.0	1928.512280991689	0.0	0	0.0	2299.411475622648	1	0	1	2.216022911439492
139200.0	3000.0	2099.411475622602	0.0	0	75.9294633626414	2299.411475622648	1	0	1	2.216022911439492
140296.74531099614	3000.0	2002.666164626452	0.0	0	0.0	2299.411475622648	1	0	1	2.216022911439492
141776.22316945947	3000.0	1523.1883061631083	0.0	0	0.0	2299.4114756226772	1	0	1	2.2160229114394894
142445.07760224858	3000.0	1854.333873374014	0.0	0	0.0	2299.4114756227063	1	0	1	2.2160229114394867
143408.72119031523	3000.0	1890.690285307351	0.0	0	0.0	2299.4114756227063	1	0	1	2.2160229114394867
144397.28500692215	3000.0	1902.126468700437	0.0	0	0.0	2299.4114756227063	1	0	1	2.2160229114394867
145425.73908912778	3000.0	1873.6723864947999	0.0	0	0.0	2299.4114756227063	1	0	1	2.2160229114394867
146740.9673967075	3000.0	1558.44407891508	0.0	0	0.0	2299.4114756227063	1	0	1	2.2160229114394867
147621.92813206656	3000.0	1677.48334355603	0.0	0	0.0	2299.4114756227063	1	0	1	2.2160229114394867
148662.9123399051	3000.0	1636.4991357174856	0.0	0	0.0	2299.4114756227355	1	0	1	2.216022911439484
149512.5478367791	3000.0	1786.8636388435232	0.0	0	0.0	2299.4114756227355	1	0	1	2.216022911439484
150267.8958251329	3000.0	2031.515650489692	0.0	0	0.0	2299.4114756227355	1	0	1	2.216022911439484
151200.0	3000.0	2099.4114756226395	0.0	0	37.60826523666037	2299.4114756227355	1	0	1	2.216022911439484
152200.0	3000.0	2099.4114756226304	0.0	0	309.1269204978016	2299.4114756227355	1	0	1	2.216022911439484
153200.0	3000.0	2099.411475622675	0.0	0	82.11218834426836	2299.4114756227937	1	0	1	2.21602291143948
154388.90274942495	3000.0	1910.5087261977192	0.0	0	0.0	2299.4114756227646	1	0	1	2.2160229114394814
155200.0	3000.0	2099.41147562265	0.0	0	106.60884894363699	2299.4114756227646	1	0	1	2.2160229114394814
156200.0	3000.0	2099.411475622662	0.0	0	119.19423660248867	2299.4114756227646	1	0	1	2.2160229114394814
157200.0	3000.0	2099.411475622658	0.0	0	90.84816484959447	2299.4114756227646	1	0	1	2.2160229114394814
158200.0	3000.0	2099.4114756226345	0.0	0	200.34257348405663	2299.4114756227646	1	0	1	2.2160229114394814
159200.0	3000.0	2099.4114756226318	0.0	0	185.89154400976258	2299.4114756227646	1	0	1	2.2160229114394814
160382.70246762273	3000.0	1916.709007999907	0.0	0	0.0	2299.4114756227646	1	0	1	2.2160229114394814
161200.0	3000.0	2099.411475622619	0.0	0	205.45510355429724	2299.4114756227646	1	0	1	2.2160229114394814
162200.0	3000.0	2099.41147562262	0.0	0	424.02216743445024	2299.4114756227937	1	0	1	2.2160229114394787
163200.0	3000.0	2099.411475622633	0.0	0	151.7302668702323	2299.4114756228228	1	0	1	2.216022911439477
164200.0	3000.0	2099.4114756226463	0.0	0	13.05692754269694	2299.4114756227937	1	0	1	2.2160229114394783
165324.35570469746	3000.0	1975.0557709251948	0.0	0	0.0	2299.4114756227937	1	0	1	2.2160229114394787
166332.59795723043	3000.0	1966.8135183922375	0.0	0	0.0	2299.4114756227937	1	0	1	2.2160229114394787
167200.0	3000.0	2099.411475622678	0.0	0	72.32578516742797	2299.4114756227937	1	0	1	2.2160229114394787
168200.0	3000.0	2099.4114756226713	0.0	0	403.94967891505803	2299.4114756227937	1	0	1	2.2160229114394787
169200.0	3000.0	2099.411475622691	0.0	0	73.20371018204605	2299.4114756227937	1	0	1	2.2160229114394787
170200.0	3000.0	2099.411475622702	0.0	0	387.9878959287016	2299.4114756227937	1	0	1	2.2160229114394787
171206.012291216	3000.0	2093.399184406707	0.0	0	0.0	2299.4114756227937	1	0	1	2.2160229114394787
172200.0	3000.0	2099.4114756226954	0.0	0	125.50158015056513	2299.4114756227937	1	0	1	2.2160229114394787
173711.07831107365	3000.0	1588.3331645490427	0.0	0	0.0	2299.4114756228228	1	0	1	2.2160229114394765
174905.53980056662	3000.0	1393.8716750560347	0.0	0	0.0	2299.4114756228228	1	0	1	2.2160229114394756
176267.01497629753	3000.0	1032.396499325102	0.0	0	0.0	2299.4114756228228	1	0	1	2.2160229114394756
177400.01066035312	3000.0	899.4008152695294	0.0	0	0.0	2299.4114756227937	1	0	1	2.2160229114394787
178426.83990535417	3000.0	872.5715702684975	0.0	0	0.0	2299.4114756227937	1	0	1	2.2160229114394787
179657.48459118488	3000.0	641.926884437765	0.0	0	0.0	2299.4114756227937	1	0	1	2.2160229114394787
180700.64879295204	3000.0	598.7626826706155	0.0	0	0.0	2299.4114756228228	1	0	1	2.2160229114394756
181369.59578952353	3000.0	929.8156860991281	0.0	0	0.0	2299.4114756228228	1	0	1	2.2160229114394756
182041.90996327897	3000.0	1257.5015123436874	0.0	0	0.0	2299.4114756228228	1	0	1	2.2160229114394756
183089.7707111287	3000.0	1209.6407644939673	0.0	0	0.0	2299.4114756227937	1	0	1	2.2160229114394787
184053.47110694152	3000.0	1245.940368681139	0.0	0	0.0	2299.4114756227937	1	0	1	2.2160229114394787
185116.53539669406	3000.0	1182.8760789286036	0.0	0	0.0	2299.4114756227646	1	0	1	2.21602291143948
186034.1879745394	3000.0	1265.2235010832405	0.0	0	0.0	2299.4114756227646	1	0	1	2.2160229114394814
186589.53073681868	3000.0	1709.8807388039675	0.0	0	0.0	2299.4114756227646	1	0	1	2.2160229114394814
187355.72661438351	3000.0	1943.6848612391336	0.0	0	0.0	2299.4114756227937	1	0	1	2.2160229114394787
188523.1966542385	3000.0	1776.2148213841476	0.0	0	0.0	2299.4114756228228	1	0	1	2.2160229114394756
189604.86530166195	3000.0	1694.5461739607342	0.0	0	0.0	2299.411475622852	1	0	1	2.216022911439473
190631.80536850975	3000.0	1667.606107112899	0.0	0	0.0	2299.411475622852	1	0	1	2.216022911439473
191607.7878726702	3000.0	1691.6236029524607	0.0	0	0.0	2299.4114756228228	1	0	1	2.2160229114394756
192792.84039760413	3000.0	1506.5710780185275	0.0	0	0.0	2299.4114756228228	1	0	1	2.2160229114394756
193745.648043553	3000.0	1553.7634320697023	0.0	0	0.0	2299.4114756228228	1	0	1	2.2160229114394756
194602.6677609331	3000.0	1696.7437146895954	0.0	0	0.0	2299.4114756228228	1	0	1	2.2160229114394756
195425.2841949204	2000.0	1874.127280702279	0.0	0	0.0	2299.4114756227937	1	0	1	1.4050926952231493
196200.0	2000.0	2099.411475622678	0.0	0	14.148531886312412	2299.4114756227646	1	0	1	1.8105578033313166
197200.0	2000.0	2099.4114756226654	0.0	0	402.26626029383624	2299.4114756227355	1	0	1	1.810557803331319
198200.0	3000.0	2099.4114756226636	0.0	0	263.17874702377594	2299.4114756227355	1	0	1	1.8105578033313192
199200.0	3000.0	2099.411475622668	0.0	0	228.74213773978408	2299.4114756227355	1	0	1	2.216022911439484
200221.04705227542	3000.0	2078.3644233472464	0.0	0	0.0	2299.4114756227355	1	0	1	2.216022911439484
201334.5189155068	3000.0	1964.8925601158817	0.0	0	0.0	2299.4114756227355	1	0	1	2.216022911439484
202444.41828670117	3000.0	1854.9931889215004	0.0	0	0.0	2299.4114756227355	1	0	1	2.216022911439484
203408.46415766882	3000.0	1890.9473179538327	0.0	0	0.0	2299.4114756227355	1	0	1	2.216022911439484
204994.54702348413	3000.0	1304.8644521385213	0.0	0	0.0	2299.4114756227355	1	0	1	2.216022911439484
205802.0982846586	3000.0	1497.3131909640383	0.0	0	0.0	2299.4114756227646	1	0	1	2.2160229114394827
206785.38785217205	3000.0	1514.0236234506046	0.0	0	0.0	2299.4114756227646	1	0	1	2.2160229114394814
207655.40977573374	3000.0	1644.0016998889253	0.0	0	0.0	2299.4114756227355	1	0	1	2.216022911439484
208468.21517145805	3000.0	1831.1963041646104	0.0	0	0.0	2299.4114756227355	1	0	1	2.216022911439484
209425.96082890013	3000.0	1873.4506467225233	0.0	0	0.0	2299.4114756227063	1	0	1	2.2160229114394867
210550.31963089376	3000.0	1749.091844728869	0.0	0	0.0	2299.4114756227063	1	0	1	2.2160229114394867
211333.44909118698	3000.0	1965.9623844356333	0.0	0	0.0	2299.4114756227063	1	0	1	2.2160229114394867
212200.0	3000.0	2099.4114756225936	0.0	0	36.786602605629014	2299.4114756227063	1	0	1	2.2160229114394867
213415.07317553996	3000.0	1884.338300082596	0.0	0	0.0	2299.4114756226772	1	0	1	2.2160229114394894
214456.77050991205	3000.0	1842.6409657105132	0.0	0	0.0	2299.4114756227063	1	0	1	2.2160229114394867
215509.09997468014	3000.0	1790.3115009424469	0.0	0	0.0	2299.4114756227063	1	0	1	2.2160229114394867
216527.15949515166	3000.0	1772.2519804709386	0.0	0	0.0	2299.4114756227355	1	0	1	2.216022911439484
217813.0456930434	3000.0	1486.3657825792188	0.0	0	0.0	2299.4114756227355	1	0	1	2.216022911439484
218779.7116157658	3000.0	1519.6998598568227	0.0	0	0.0	2299.4114756227355	1	0	1	2.216022911439484
219534.88058162015	3000.0	1764.5308940024631	0.0	0	0.0	2299.4114756227355	1	0	1	2.216022911439484
220200.0	3000.0	2099.411475622587	0.0	0	77.53680015780265	2299.4114756227355	1	0	1	2.216022911439484
221200.0	3000.0	2099.411475622589	0.0	0	332.0788895840524	2299.4114756227646	1	0	1	2.2160229114394814
222200.0	3000.0	2099.4114756225845	0.0	0	88.31869715300854	2299.4114756227937	1	0	1	2.2160229114394787
223212.8626045857	3000.0	2086.548871036874	0.0	0	0.0	2299.4114756228228	1	0	1	2.2160229114394756
224355.71006829504	3000.0	1943.7014073275411	0.0	0	0.0	2299.4114756228228	1	0	1	2.2160229114394756
225782.62963794815	3000.0	1516.781837674449	0.0	0	0.0	2299.4114756227937	1	0	1	2.2160229114394787
227167.68150944653	3000.0	1131.7299661760837	0.0	0	0.0	2299.4114756227646	1	0	1	2.2160229114394796
228274.1659952232	3000.0	1025.2454803994112	0.0	0	0.0	2299.4114756227646	1	0	1	2.2160229114394814
229313.18744176504	3000.0	986.2240338575507	0.0	0	0.0	2299.4114756227646	1	0	1	2.2160229114394814
229983.88863075685	3000.0	1315.522844865733	0.0	0	0.0	2299.4114756227646	1	0	1	2.2160229114394814
230547.5376995744	3000.0	1751.8737760481679	0.0	0	0.0	2299.4114756227937	1	0	1	2.2160229114394787
231200.0	3000.0	2099.411475622584	0.0	0	163.20119569363305	2299.4114756228228	1	0	1	2.2160229114394756
232200.0	3000.0	2099.4114756225617	0.0	0	431.5591249620484	2299.4114756228228	1	0	1	2.2160229114394756
233200.0	3000.0	2099.4114756225463	0.0	0	380.52409816961153	2299.4114756228228	1	0	1	2.2160229114394756
234948.51993110366	3000.0	1350.8915445188827	0.0	0	0.0	2299.4114756227937	1	0	1	2.2160229114394787
235995.91029880135	3000.0	1303.5011768211652	0.0	0	0.0	2299.4114756227937	1	0	1	2.2160229114394787
236572.43549004762	3000.0	1726.9759855748835	0.0	0	0.0	2299.4114756227937	1	0	1	2.2160229114394787
237200.0	3000.0	2099.4114756224917	0.0	0	55.125515201711096	2299.4114756227646	1	0	1	2.2160229114394814
238200.0	3000.0	2099.4114756224585	0.0	0	291.33892648865003	2299.4114756227355	1	0	1	2.216022911439484
239200.0	3000.0	2099.411475622468	0.0	0	76.56051048877998	2299.4114756227355	1	0	1	2.216022911439484
240200.0	3000.0	2099.4114756224435	0.0	0	361.2960122601653	2299.4114756227355	1	0	1	2.216022911439484
241200.0	3000.0	2099.4114756224417	0.0	0	214.77717382009723	2299.4114756227355	1	0	1	2.216022911439484
242200.0	3000.0	2099.411475622456	0.0	0	292.34344808835885	2299.4114756227355	1	0	1	2.216022911439484
243200.0	3000.0	2099.411475622467	0.0	0	182.1588632541825	2299.4114756227355	1	0	1	2.216022911439484
244200.0	3000.0	2099.4114756224903	0.0	0	458.93872761019156	2299.4114756227646	1	0	1	2.2160229114394814
245200.0	3000.0	2099.411475622519	0.0	0	259.6906527671963	2299.4114756227646	1	0	1	2.2160229114394814
246200.0	3000.0	2099.4114756224985	0.0	0	163.30035791170667	2299.4114756227937	1	0	1	2.216022911439479
247200.0	3000.0	2099.411475622488	0.0	0	15.458690141473198	2299.4114756227937	1	0	1	2.2160229114394787
248200.0	3000.0	2099.411475622502	0.0	0	162.24319929708145	2299.4114756228228	1	0	1	2.216022911439477
249200.0	3000.0	2099.411475622528	0.0	0	9.283233776426641	2299.4114756228228	1	0	1	2.2160229114394756
250200.0	3000.0	2099.411475622545	0.0	0	90.75656141270883	2299.411475622852	1	0	1	2.216022911439473
251299.11949246502	3000.0	2000.2919831575398	0.0	0	0.0	2299.411475622881	1	0	1	2.2160229114394703
252223.13106121524	3000.0	2076.280414407324	0.0	0	0.0	2299.411475622881	1	0	1	2.2160229114394703
253200.0	3000.0	2099.4114756225886	0.0	0	151.1610321222397	2299.411475622881	1	0	1	2.2160229114394703
254257.72211617156	3000.0	2041.689359450991	0.0	0	0.0	2299.411475622881	1	0	1	2.2160229114394703
255200.0	3000.0	2099.411475622559	0.0	0	158.10165393073112	2299.411475622881	1	0	1	2.21602291143947
256200.0	3000.0	2099.4114756225645	0.0	0	294.68490015523275	2299.411475622881	1	0	1	2.2160229114394703
257200.0	3000.0	2099.4114756225617	0.0	0	99.34678492313833	2299.411475622881	1	0	1	2.2160229114394703
258200.0	3000.0	2099.4114756225526	0.0	0	299.500556015264	2299.411475622852	1	0	1	2.2160229114394716
259200.0	3000.0	2099.411475622531	0.0	0	430.25745879128226	2299.411475622852	1	0	1	2.216022911439473
260200.0	3000.0	2099.411475622581	0.0	0	8.760033952188678	2299.4114756228228	1	0	1	2.2160229114394756
261200.0	3000.0	2099.4114756225904	0.0	0	481.1914062455471	2299.4114756228228	1	0	1	2.2160229114394756
262200.0	3000.0	2099.411475622637	0.0	0	301.5216625222529	2299.411475622852	1	0	1	2.216022911439473
263200.0	3000.0	2099.4114756226854	0.0	0	52.32641893113032	2299.41147562291	1	0	1	2.2160229114394676
264200.0	3000.0	2099.4114756226645	0.0	0	124.50610330310883	2299.411475622881	1	0	1	2.2160229114394694
265200.0	3000.0	2099.411475622651	0.0	0	140.2758363391622	2299.4114756227937	1	0	1	2.216022911439478
266200.0	3000.0	2099.411475622631	0.0	0	315.172344577848	2299.4114756227937	1	0	1	2.2160229114394787
267223.4069014112	3000.0	2076.004574211389	0.0	0	0.0	2299.4114756227937	1	0	1	2.2160229114394787
268200.0	3000.0	2099.4114756225413	0.0	0	6.1322477193316445	2299.4114756227937	1	0	1	2.2160229114394787
269238.3277275758	3000.0	2061.0837480467376	0.0	0	0.0	2299.4114756227937	1	0	1	2.2160229114394787
270200.0	3000.0	2099.4114756225554	0.0	0	121.86436801042873	2299.4114756227937	1	0	1	2.2160229114394787
271200.0	3000.0	2099.4114756225226	0.0	0	327.94489947950933	2299.4114756227937	1	0	1	2.2160229114394787
272200.0	3000.0	2099.4114756224885	0.0	0	257.8644473357126	2299.4114756227937	1	0	1	2.2160229114394787
273200.0	3000.0	2099.4114756225135	0.0	0	168.03604043408995	2299.4114756227937	1	0	1	2.2160229114394787
274200.0	3000.0	2099.4114756225044	0.0	0	326.07609838055214	2299.4114756227937	1	0	1	2.2160229114394787
275200.0	3000.0	2099.4114756225526	0.0	0	4.499276852875482	2299.4114756227355	1	0	1	2.216022911439484
276200.0	3000.0	2099.4114756225385	0.0	0	292.87942621065304	2299.4114756227355	1	0	1	2.216022911439484
277241.91626595234	3000.0	2057.4952096701854	0.0	0	0.0	2299.4114756227355	1	0	1	2.216022911439484
278200.0	3000.0	2099.4114756225135	0.0	0	96.30712746025529	2299.4114756226772	1	0	1	2.2160229114394885
279200.0	3000.0	2099.4114756224694	0.0	0	183.08090206852648	2299.4114756227355	1	0	1	2.216022911439485
280434.95591460634	3000.0	1864.4555610161144	0.0	0	0.0	2299.4114756227937	1	0	1	2.2160229114394787
281627.14989232813	3000.0	1672.2615832943336	0.0	0	0.0	2299.4114756227937	1	0	1	2.2160229114394787
282718.16079283407	3000.0	1581.2506827883794	0.0	0	0.0	2299.4114756227937	1	0	1	2.2160229114394787
283804.9283117892	3000.0	1494.4831638333155	0.0	0	0.0	2299.4114756227937	1	0	1	2.2160229114394787
284784.421709773	3000.0	1514.9897658494722	0.0	0	0.0	2299.4114756227937	1	0	1	2.2160229114394787
285819.5489323907	3000.0	1479.8625432317128	0.0	0	0.0	2299.4114756227937	1	0	1	2.2160229114394787
286906.6415619598	3000.0	1392.7699136626345	0.0	0	0.0	2299.411475622852	1	0	1	2.216022911439476
288204.9930339531	3000.0	1094.418441669261	0.0	0	0.0	2299.411475622852	1	0	1	2.216022911439475
289308.8328590704	3000.0	990.5786165519871	0.0	0	0.0	2299.41147562291	1	0	1	2.2160229114394676
290569.95248709165	3000.0	729.4589885306716	0.0	0	0.0	2299.41147562291	1	0	1	2.2160229114394676
291273.353074308	3000.0	1026.0584013142966	0.0	0	0.0	2299.4114756229683	1	0	1	2.216022911439462
292300.32648786483	3000.0	999.0849877575167	0.0	0	0.0	2299.4114756230265	1	0	1	2.2160229114394565
293298.04550547706	3000.0	1001.3659701452865	0.0	0	0.0	2299.4114756230847	1	0	1	2.216022911439451
293945.7358457301	3000.0	1353.6756298922141	0.0	0	0.0	2299.4114756230847	1	0	1	2.216022911439451
295019.2813137564	3000.0	1280.1301618658758	0.0	0	0.0	2299.4114756230265	1	0	1	2.2160229114394543
296054.8163307989	3000.0	1244.5951448233805	0.0	0	0.0	2299.4114756230265	1	0	1	2.2160229114394565
296716.9012080067	3000.0	1582.5102676155416	0.0	0	0.0	2299.4114756230265	1	0	1	2.2160229114394565
297699.0788927189	3000.0	1600.3325829033608	0.0	0	0.0	2299.4114756230847	1	0	1	2.216022911439451
298306.22906388494	3000.0	1993.1824117372662	0.0	0	0.0	2299.4114756230847	1	0	1	2.216022911439451
299256.33349509793	3000.0	2043.0779805242057	0.0	0	0.0	2299.4114756230265	1	0	1	2.2160229114394565
300200.0	3000.0	2099.4114756221384	0.0	0	234.6456749899662	2299.4114756230265	1	0	1	2.2160229114394565
4.58	3.51	3.38	4.41	3.96	3.86	4.54	1.55	3.0	4.6	4.24	3.57	4.04	2.72	3.26	3.72	4.47	4.3	3.32	3.48	4.07	1.95	3.38	2.63	2.88	3.27	2.77	3.41	3.45	3.46	3.21	4.55	3.49	3.21	4.36	4.59	3.13	2.66	4.24	3.1	2.56	3.21	2.97	1.81	2.92	5.11	3.48	2.44	2.78	1.78	4.55	2.64	2.09	2.7	3.97	4.32	3.2	3.52	3.38	4.59	3.36	3.14	2.37	2.34	2.37	2.57	3.0	3.58	4.05	3.54	3.68	3.12	3.06	2.66	3.38	2.25	3.3	4.17	5.76	8.0	5.53	2.85	1.73	3.58	4.0	4.95	4.37	3.74	4.53	5.06	3.96	6.21	4.55	2.63	3.13	4.89	4.02	4.12	1.93	3.99	4.37	2.37	3.28	4.58	3.94	3.48	4.44	3.56	4.45	4.78	3.22	2.7	4.32	4.67	3.29	1.83	3.24	3.51	3.31	3.72	3.81	5.84	4.15	3.74	4.12	3.08	3.15	3.96	3.0	2.68	3.54	3.86	2.68	2.81	2.77	3.09	3.05	3.92	2.29	4.01	3.86	3.85	3.14	3.06	4.38	3.01	4.08	3.63	2.97	4.31	4.58	3.51	3.38	4.41	3.96	3.86	4.54	1.55	3.0	4.6	4.24	3.57	4.04	2.72	3.26	3.72	4.47	4.3	3.32	3.48	4.07	1.95	3.38	2.63	2.88	3.27	2.77	3.41	3.45	3.46	3.21	4.55	3.49	3.21	4.36	4.59	3.13	2.66	4.24	3.1	2.56	3.21	2.97	1.81	2.92	5.11	3.48	2.44	2.78	1.78	4.55	2.64	2.09	2.7	3.97	4.32	3.2	3.52	3.38	4.59	3.36	3.14	2.37	2.34	2.37	2.57	3.0	3.58	4.05	3.54	3.68	3.12	3.06	2.66	3.38	2.25	3.3	4.17	5.76	8.0	5.53	2.85	1.73	3.58	4.0	4.95	4.37	3.74	4.53	5.06	3.96	6.21	4.55	2.63	3.13	4.89	4.02	4.12	1.93	3.99	4.37	2.37	3.28	4.58	3.94	3.48	4.44	3.56	4.45	4.78	3.22	2.7	4.32	4.67	3.29	1.83	3.24	3.51	3.31	3.72	3.81	5.84	4.15	3.74	4.12	3.08	3.15	3.96	3.0	2.68	3.54	3.86	2.68	2.81	2.77	3.09	3.05	3.92	2.29	4.01	3.86	3.85	3.14	3.06	4.38	3.01	4.08	3.63	2.97	4.31	4.58	3.51
1.0	2.0	3.0	4.0	5.0	6.0	7.0	8.0	9.0	10.0	11.0	12.0	13.0	14.0	15.0	16.0	17.0	18.0	19.0	20.0	21.0	22.0	23.0	24.0	25.0	26.0	27.0	28.0	29.0	30.0	31.0	32.0	33.0	34.0	35.0	36.0	37.0	38.0	39.0	40.0	41.0	42.0	43.0	44.0	45.0	46.0	47.0	48.0	49.0	50.0	51.0	52.0	53.0	54.0	55.0	56.0	57.0	58.0	59.0	60.0	61.0	62.0	63.0	64.0	65.0	66.0	67.0	68.0	69.0	70.0	71.0	72.0	73.0	74.0	75.0	76.0	77.0	78.0	79.0	80.0	81.0	82.0	83.0	84.0	85.0	86.0	87.0	88.0	89.0	90.0	91.0	92.0	93.0	94.0	95.0	96.0	97.0	98.0	99.0	100.0	101.0	102.0	103.0	104.0	105.0	106.0	107.0	108.0	109.0	110.0	111.0	112.0	113.0	114.0	115.0	116.0	117.0	118.0	119.0	120.0	121.0	122.0	123.0	124.0	125.0	126.0	127.0	128.0	129.0	130.0	131.0	132.0	133.0	134.0	135.0	136.0	137.0	138.0	139.0	140.0	141.0	142.0	143.0	144.0	145.0	146.0	147.0	148.0	149.0	149.0	150.0	151.0	152.0	153.0	154.0	155.0	156.0	157.0	158.0	159.0	160.0	161.0	162.0	163.0	164.0	165.0	166.0	167.0	168.0	169.0	170.0	171.0	172.0	173.0	174.0	175.0	176.0	177.0	178.0	179.0	180.0	181.0	182.0	183.0	184.0	185.0	186.0	187.0	188.0	189.0	190.0	191.0	192.0	193.0	194.0	195.0	196.0	197.0	198.0	199.0	200.0	201.0	202.0	203.0	204.0	205.0	206.0	207.0	208.0	209.0	210.0	211.0	212.0	213.0	214.0	215.0	216.0	217.0	218.0	219.0	220.0	221.0	222.0	223.0	224.0	225.0	226.0	227.0	228.0	229.0	230.0	231.0	232.0	233.0	234.0	235.0	236.0	237.0	238.0	239.0	240.0	241.0	242.0	243.0	244.0	245.0	246.0	247.0	248.0	249.0	250.0	251.0	252.0	253.0	254.0	255.0	256.0	257.0	258.0	259.0	260.0	261.0	262.0	263.0	264.0	265.0	266.0	267.0	268.0	269.0	270.0	271.0	272.0	273.0	274.0	275.0	276.0	277.0	278.0	279.0	280.0	281.0	282.0	283.0	284.0	285.0	286.0	287.0	288.0	289.0	290.0	291.0	292.0	293.0	294.0	295.0	296.0	297.0	298.0	298.0	299.0	300.0
2720.7171344196595
