4851.920160993727	300.0	2000.0	97.4695371879501	0	0.0	4851.920160993727	1	0	1	-1.5277155338080999
4942.423428835019	300.0	2900.446405374579	0.0	0	0.0	4842.869834209598	1	0	2	-1.3480774616461777
5064.4839966335685	500.0	3766.179780796175	0.0	0	0.0	4830.663777429743	1	0	2	-1.1396535965205186
5205.379334961913	500.0	4611.194908634995	0.0	0	0.0	4816.574243596909	1	0	2	-0.6191390876306865
6200.0	500.0	4517.112177093098	0.0	0	848.7679707949601	4717.112177093099	1	0	2	-0.5751722642173926
7200.0	1000.0	4417.112177093098	0.0	0	757.1530235259988	4617.112177093099	1	0	2	-0.5075800085596963
8200.0	1000.0	4317.112177093098	0.0	0	619.537041410942	4517.112177093098	1	0	2	0.2493163081310286
9240.783381308322	2000.0	4172.250457653942	0.0	0	0.0	4413.033838962264	1	0	2	0.31464245080317865
10200.0	3000.0	4117.112177093097	0.0	0	94.7165479101568	4317.112177093096	1	0	2	1.0672525303771705
11200.0	3000.0	4017.112177093093	0.0	0	146.01941479321067	4217.112177093092	1	0	2	1.522309040460708
12200.0	3000.0	3917.112177093093	0.0	0	485.1985476660848	4117.112177093092	1	0	2	1.5657446688142214
13200.0	3000.0	3817.1121770930918	0.0	0	354.78905688404484	4017.1121770930913	1	0	2	1.6116661629400666
14723.024872089538	3000.0	3141.784817794602	0.0	0	0.0	3864.8096898841395	1	0	2	1.6737950627025462
15796.99229363965	3000.0	2960.4206540894793	0.0	0	0.0	3757.41294772913	1	0	2	1.7186967527912957
16547.087489565834	3000.0	3135.3159385706763	0.0	0	0.0	3682.403428136511	1	0	2	1.7476421564781166
17692.25111553853	3000.0	2875.6359500007093	0.0	0	0.0	3567.887065539242	1	0	2	1.7806965644550186
18470.89050575357	3000.0	3019.13262076416	0.0	0	0.0	3490.0231265177335	1	0	2	1.8060195609845002
19477.448923925836	3000.0	3012.5742025918917	0.0	0	0.0	3490.0231265177317	1	0	1	1.8118287174331678
20200.0	3000.0	3290.023126517724	0.0	0	161.4492341799014	3490.0231265177317	1	0	1	2.011828717433168
21200.0	3000.0	3190.0231265177254	0.0	0	402.9227025402397	3390.023126517728	1	0	2	1.6283294986863939
22200.0	3000.0	3090.0231265177276	0.0	0	245.91586760143764	3290.0231265177317	1	0	2	1.855094790350764
23200.0	3000.0	3090.023126517729	0.0	0	371.29508372917553	3290.0231265177317	1	0	1	1.862926769008967
24350.324806798893	3000.0	2939.6983197188333	0.0	0	0.0	3290.0231265177317	1	0	1	2.062926769008967
25283.927246637006	3000.0	3006.095879880724	0.0	0	0.0	3290.0231265177354	1	0	1	2.0629267690089663
26200.0	3000.0	3090.023126517729	0.0	0	144.48554175400568	3290.0231265177354	1	0	1	2.0629267690089663
27678.197013247154	3000.0	2464.006411945861	0.0	0	0.0	3142.2034251930163	1	0	2	1.6855364771023393
28368.805228434234	3000.0	2704.337375240075	0.0	0	0.0	3073.142603674307	1	0	2	1.9056205376905835
29200.0	3000.0	2873.1426036743096	0.0	0	26.789990970915824	3073.142603674307	1	0	1	1.9091085324576051
30200.0	3000.0	2773.1426036743105	0.0	0	300.557662060437	2973.1426036743105	1	0	2	1.7210063660473098
31200.0	3000.0	2773.1426036743087	0.0	0	437.3507697267669	2973.1426036743105	1	0	1	1.9275668346156785
32200.0	3000.0	2673.1426036743105	0.0	0	143.02301459290538	2873.142603674314	1	0	2	1.739036564834355
33704.04245597753	3000.0	2169.1001476967817	0.0	0	0.0	2873.1426036743105	1	0	1	1.9444239530972114
34802.65764735365	3000.0	2070.4849563206626	0.0	0	0.0	2873.1426036743105	1	0	1	2.1444239530972116
35503.26779894821	3000.0	2369.874804726113	0.0	0	0.0	2873.142603674325	1	0	1	2.1444239530972102
36594.55074335359	3000.0	2169.463565880195	0.0	0	0.0	2764.014309233775	1	0	2	1.7567195607212016
37319.32077592917	3000.0	2444.693533304621	0.0	0	0.0	2764.014309233782	1	0	1	1.961140585532113
38200.0	3000.0	2564.0143092337908	0.0	0	307.7610456951588	2764.014309233775	1	0	1	2.161140585532114
39200.0	3000.0	2564.014309233798	0.0	0	455.1831335983152	2764.014309233775	1	0	1	2.161140585532114
40304.704126619275	3000.0	2459.310182614527	0.0	0	0.0	2764.014309233775	1	0	1	2.161140585532114
41200.0	3000.0	2564.0143092337976	0.0	0	211.1669919273918	2764.0143092337676	1	0	1	2.1611405855321153
42200.0	3000.0	2564.014309233796	0.0	0	104.61299373403017	2764.0143092337676	1	0	1	2.1611405855321153
43497.78452177117	3000.0	2266.229787462624	0.0	0	0.0	2764.0143092337676	1	0	1	2.1611405855321153
45709.95483143577	3000.0	1054.0594777980282	0.0	0	0.0	2764.0143092337676	1	0	1	2.1611405855321153
46857.62080385069	3000.0	906.3935053831129	0.0	0	0.0	2764.0143092337676	1	0	1	2.1611405855321153
48144.48611669687	3000.0	619.5281925369344	0.0	0	0.0	2764.014309233775	1	0	1	2.161140585532114
49244.42000356051	3000.0	519.5943056732935	0.0	0	0.0	2764.0143092337676	1	0	1	2.1611405855321153
49942.49625173811	3000.0	821.5180574956944	0.0	0	0.0	2764.0143092337676	1	0	1	2.1611405855321153
50652.52682299738	3000.0	1111.487486236413	0.0	0	0.0	2764.0143092337603	1	0	1	2.1611405855321166
51601.01810831614	3000.0	1162.9962009176597	0.0	0	0.0	2764.0143092337603	1	0	1	2.1611405855321166
53118.88008170961	3000.0	645.1342275241909	0.0	0	0.0	2764.0143092337603	1	0	1	2.1611405855321166
54465.500621979714	3000.0	354.23049956279885	55.716812308710814	0	0.0	2819.7311215424706	1	0	1	1.8185145967027023
55528.66990340437	3000.0	471.9602006812666	180.89898254312948	0	0.0	3000.630104085598	1	0	1	1.0372643011841096
56586.43076838767	3000.0	454.8490891707605	40.64975347278994	0	0.0	3041.27985755838	1	0	1	1.871273113762275
57532.494999703005	3000.0	516.3145476627835	7.52968980735551	0	0.0	3048.8095473657304	1	0	1	2.0685763364022196
58543.254734620175	3000.0	505.55481274560714	0.0	0	0.0	3048.8095473657304	1	0	1	2.1137544752463526
59671.5485087469	3000.0	408.3341747227264	31.07313610383352	0	0.0	3079.8826834695647	1	0	1	1.9213647493241095
60321.888752593775	3000.0	757.9939308758386	0.0	0	0.0	3079.8826834695647	1	0	1	2.1078035659471106
61082.49632078751	3000.0	997.386362682109	0.0	0	0.0	3079.8826834695647	1	0	1	2.1078035659471106
61843.976744614745	3000.0	1235.905938854884	0.0	0	0.0	3079.8826834695647	1	0	1	2.1078035659471106
62744.48109320719	3000.0	1335.4015902624285	0.0	0	0.0	3079.8826834695647	1	0	1	2.1078035659471106
63792.7174196898	3000.0	1287.1652637798265	0.0	0	0.0	3079.8826834695647	1	0	1	2.1078035659471106
65111.20454075511	3000.0	968.6781427145185	0.0	0	0.0	3079.8826834695647	1	0	1	2.1078035659471106
66423.81246587752	3000.0	656.0702175921198	0.0	0	0.0	3079.882683469572	1	0	1	2.1078035659471097
67372.51859253294	3000.0	707.3640909366932	0.0	0	0.0	3079.8826834695647	1	0	1	2.10780356594711
68173.68397725977	3000.0	906.1987062098658	0.0	0	0.0	3079.8826834695647	1	0	1	2.1078035659471124
69383.21027820716	3000.0	696.6724052624797	0.0	0	0.0	3079.8826834695647	1	0	1	2.1078035659471106
70416.57416953283	3000.0	663.3085139368143	0.0	0	0.0	3079.8826834695647	1	0	1	2.1078035659471106
71634.99213573933	3000.0	444.89054773031546	0.0	0	0.0	3079.8826834695647	1	0	1	2.1078035659471106
72331.6536659528	2000.0	748.2290175168439	0.0	0	0.0	3079.8826834695647	1	0	1	1.2968733497307814
73139.76078958636	2000.0	940.1218938832803	0.0	0	0.0	3079.8826834695647	1	0	1	1.702338457838946
73835.21760687184	2000.0	1244.6650765978122	0.0	0	0.0	3079.882683469579	1	0	1	1.702338457838943
74675.51740257358	2000.0	1404.365280896075	0.0	0	0.0	3079.882683469579	1	0	1	1.702338457838943
75663.63084358461	2000.0	1416.251839885031	0.0	0	0.0	3079.882683469579	1	0	1	1.702338457838943
76385.36941689994	2000.0	1694.5132665697136	0.0	0	0.0	3079.8826834695647	1	0	1	1.702338457838946
77325.63844833696	2000.0	1754.2442351327095	0.0	0	0.0	3079.8826834695647	1	0	1	1.702338457838946
78071.66728250553	2000.0	2008.2154009641358	0.0	0	0.0	3079.882683469579	1	0	1	1.702338457838943
78732.70612963052	2000.0	2347.176553839143	0.0	0	0.0	3079.882683469579	1	0	1	1.702338457838943
79386.77036878721	2000.0	2627.7058907667847	0.0	0	0.0	3014.4762595539214	1	0	2	1.311416003231646
80200.0	2000.0	2814.47625955399	0.0	0	265.64840596265276	3014.4762595539214	1	0	1	1.5146738232078278
81200.0	2000.0	2814.476259553992	0.0	0	554.1744053434522	3014.476259553936	1	0	1	1.7146738232078254
82200.0	3000.0	2814.476259553996	0.0	0	529.0583042090875	3014.476259553936	1	0	1	1.7146738232078256
83200.0	3000.0	2814.4762595539783	0.0	0	467.39429817370547	3014.476259553936	1	0	1	2.1201389313159904
84355.85620248129	3000.0	2658.6200570726814	0.0	0	0.0	3014.476259553936	1	0	1	2.1201389313159904
85357.83349162918	3000.0	2656.642767924808	0.0	0	0.0	3014.4762595539505	1	0	1	2.1201389313159873
86763.28024405178	3000.0	2251.1960155022016	0.0	0	0.0	3014.4762595539505	1	0	1	2.1201389313159873
88108.55326144808	3000.0	1905.9229981059182	0.0	0	0.0	3014.4762595539505	1	0	1	2.1201389313159873
89349.413694344	3000.0	1540.9765219204016	0.0	0	0.0	2890.3902162643644	1	0	2	1.7355654859282104
90674.6269695047	3000.0	1215.7632467597	0.0	0	0.0	2890.3902162643644	1	0	1	1.9416251991238085
91674.14274864754	3000.0	1216.2474676168563	0.0	0	0.0	2890.3902162643644	1	0	1	2.1416251991238084
93194.43371020057	3000.0	695.9565060638286	0.0	0	0.0	2890.3902162643644	1	0	1	2.1416251991238084
93870.4248241299	2000.0	1019.9653921345051	0.0	0	0.0	2890.3902162643644	1	0	1	1.3306949829074792
94382.2518600527	2000.0	1508.1383562117198	0.0	0	0.0	2890.3902162643644	1	0	1	1.7361600910156438
95073.38208797557	2000.0	1817.008128288847	0.0	0	0.0	2890.39021626435	1	0	1	1.7361600910156463
95499.4075770876	2000.0	2390.982639176797	0.0	0	0.0	2890.39021626435	1	0	1	1.7361600910156463
96341.35542614682	3000.0	2549.034790117547	0.0	0	0.0	2890.3902162643353	1	0	1	1.7361600910156487
97219.90351796302	3000.0	2670.48669830135	0.0	0	0.0	2890.3902162643353	1	0	1	2.1416251991238133
98200.0	3000.0	2690.3902162643662	0.0	0	300.8518807294604	2890.3902162643353	1	0	1	2.1416251991238133
99391.77188048633	3000.0	2498.618335778044	0.0	0	0.0	2890.3902162643353	1	0	1	2.1416251991238133
100323.39354853056	3000.0	2566.9966677338202	0.0	0	0.0	2890.39021626435	1	0	1	2.141625199123811
101894.49829797917	3000.0	1995.8919182852217	0.0	0	0.0	2890.3902162643644	1	0	1	2.1416251991238084
102932.35806130762	3000.0	1958.0321549567775	0.0	0	0.0	2890.3902162643644	1	0	1	2.1416251991238084
103790.61632689855	3000.0	2099.773889365855	0.0	0	0.0	2890.390216264379	1	0	1	2.1416251991238062
104308.26641408111	3000.0	2582.123802183295	0.0	0	0.0	2890.390216264379	1	0	1	2.1416251991238062
105381.6644761943	3000.0	2508.7257400701023	0.0	0	0.0	2890.3902162643644	1	0	1	2.1416251991238084
106333.81251492356	3000.0	2556.5777013408347	0.0	0	0.0	2890.3902162643644	1	0	1	2.1416251991238084
107289.69690737242	3000.0	2600.693308891976	0.0	0	0.0	2890.39021626435	1	0	1	2.141625199123811
108200.0	3000.0	2599.359907001645	0.0	0	110.44994117965689	2799.3599070015916	1	0	2	1.7514099715790428
109416.97724896691	3000.0	2382.382658034717	0.0	0	0.0	2799.359907001577	1	0	1	1.9559090173445197
110200.0	3000.0	2599.3599070016407	0.0	0	52.18724856620247	2799.359907001577	1	0	1	2.15590901734452
111200.0	3000.0	2599.359907001628	0.0	0	247.08633759334043	2799.359907001577	1	0	1	2.15590901734452
112200.0	3000.0	2499.359907001623	0.0	0	363.2760814379435	2699.3599070015625	1	0	2	1.764882457553302
113200.0	3000.0	2499.3599070016317	0.0	0	302.50297908448556	2699.3599070015625	1	0	1	1.9702786382369555
114576.54218310145	3000.0	2122.8177239001743	0.0	0	0.0	2699.3599070015625	1	0	1	2.170278638236956
115477.17464105545	3000.0	2222.1852659461847	0.0	0	0.0	2699.359907001577	1	0	1	2.1702786382369537
116208.65059638098	3000.0	2490.709310620658	0.0	0	0.0	2699.359907001577	1	0	1	2.1702786382369537
117290.53136722339	3000.0	2408.828539778252	0.0	0	0.0	2699.3599070015916	1	0	1	2.1702786382369514
118526.86396099701	3000.0	2172.4959460046443	0.0	0	0.0	2699.359907001577	1	0	1	2.1702786382369537
119815.83762146681	3000.0	1883.522285534838	0.0	0	0.0	2699.359907001577	1	0	1	2.1702786382369537
120856.3490353916	3000.0	1843.0108716100494	0.0	0	0.0	2699.3599070015916	1	0	1	2.1702786382369514
121525.39181067818	3000.0	2173.9680963234814	0.0	0	0.0	2699.3599070015916	1	0	1	2.1702786382369514
122382.19963462274	3000.0	2317.1602723789374	0.0	0	0.0	2699.3599070015916	1	0	1	2.1702786382369514
123347.25613045062	3000.0	2352.103776551069	0.0	0	0.0	2699.359907001606	1	0	1	2.1702786382369497
124200.0	3000.0	2499.3599070017017	0.0	0	127.2695501636772	2699.359907001606	1	0	1	2.1702786382369497
125522.09968764178	3000.0	2177.260219359905	0.0	0	0.0	2699.359907001606	1	0	1	2.1702786382369497
126589.332847878	3000.0	2110.027059123684	0.0	0	0.0	2699.359907001606	1	0	1	2.1702786382369497
127878.3664684637	3000.0	1820.9934385379856	0.0	0	0.0	2699.359907001606	1	0	1	2.1702786382369497
129454.01998293475	3000.0	1245.339924066943	0.0	0	0.0	2699.359907001606	1	0	1	2.1702786382369497
130838.03067605896	3000.0	861.3292309427483	0.0	0	0.0	2699.359907001606	1	0	1	2.1702786382369497
132562.16172006153	3000.0	288.51469782283414	151.31651088263902	0	0.0	2850.6764178842714	1	0	1	1.2401047634291245
133677.37001073587	2000.0	457.6583199141869	284.35191276565956	0	0.0	3135.028330649977	1	0	1	-0.4202163169599155
134410.78542914038	2000.0	724.2429015096859	0.0	0	0.0	3135.028330649977	1	0	1	1.6913602677422028
135044.68801912654	2000.0	1090.3403115235296	0.0	0	0.0	3135.028330649977	1	0	1	1.6913602677422033
135544.17403125015	2000.0	1590.8542993999254	0.0	0	0.0	3135.028330649977	1	0	1	1.6913602677422033
135898.69123741967	2000.0	2236.337093230394	0.0	0	0.0	3135.028330650006	1	0	1	1.6913602677421973
136534.21080057113	3000.0	2600.8175300789408	0.0	0	0.0	3135.028330650006	1	0	1	1.6913602677421973
137220.1592148122	3000.0	2846.274274413756	0.0	0	0.0	3066.433489225892	1	0	2	1.706979823591994
138229.94773529205	3000.0	2836.4857539339014	0.0	0	0.0	3066.433489225892	1	0	1	1.910399680479632
139205.85947522058	3000.0	2860.5740140053767	0.0	0	0.0	3066.433489225892	1	0	1	2.110399680479632
140200.0	3000.0	2866.43348922594	0.0	0	283.9985860636516	3066.433489225892	1	0	1	2.110399680479632
141200.0	3000.0	2766.4334892259635	0.0	0	139.7909141491691	2966.433489225863	1	0	2	1.7230836297709349
142200.0	3000.0	2666.433489225977	0.0	0	100.73544669532566	2866.433489225892	1	0	2	1.940076786131508
143200.0	3000.0	2666.433489225995	0.0	0	288.48432759250863	2866.433489225892	1	0	1	1.945500749420698
144200.0	3000.0	2666.433489225982	0.0	0	218.84811114825425	2866.433489225892	1	0	1	2.145500749420698
145200.0	3000.0	2666.4334892259826	0.0	0	126.743408279086	2866.433489225892	1	0	1	2.145500749420698
146273.04376405856	3000.0	2593.389725167397	0.0	0	0.0	2866.433489225863	1	0	1	2.1455007494207026
147200.0	3000.0	2666.4334892259303	0.0	0	36.503593668108806	2866.433489225834	1	0	1	2.1455007494207075
148200.0	3000.0	2666.433489225917	0.0	0	254.6670407402853	2866.433489225834	1	0	1	2.1455007494207075
149200.0	3000.0	2666.4334892259244	0.0	0	100.35047695459798	2866.433489225834	1	0	1	2.1455007494207075
150498.49419322208	3000.0	2367.939296003826	0.0	0	0.0	2866.433489225834	1	0	1	2.1455007494207075
151484.93030810592	3000.0	2381.5031811199924	0.0	0	0.0	2866.433489225834	1	0	1	2.1455007494207075
152508.56653386404	3000.0	2357.8669553618715	0.0	0	0.0	2866.433489225834	1	0	1	2.1455007494207075
153397.5191294085	3000.0	2468.9143598174182	0.0	0	0.0	2866.433489225805	1	0	1	2.145500749420712
154200.0	3000.0	2666.4334892259426	0.0	0	94.20805757393828	2866.433489225805	1	0	1	2.145500749420712
155200.0	3000.0	2666.433489225937	0.0	0	457.8595614336664	2866.433489225805	1	0	1	2.145500749420712
156200.0	3000.0	2666.433489225936	0.0	0	352.4697342470754	2866.433489225805	1	0	1	2.145500749420712
157200.0	3000.0	2566.4334892259803	0.0	0	97.75465355196502	2766.433489225834	1	0	2	1.7562860515090102
158525.07640542992	3000.0	2241.357083796057	0.0	0	0.0	2766.433489225834	1	0	1	1.9607879360010247
159280.08265488944	3000.0	2486.350834336555	0.0	0	0.0	2766.433489225834	1	0	1	2.1607879360010247
160200.0	3000.0	2566.433489226038	0.0	0	359.4163046652684	2766.433489225834	1	0	1	2.1607879360010247
161200.0	3000.0	2566.4334892260385	0.0	0	267.13592038850766	2766.433489225834	1	0	1	2.1607879360010247
162200.0	3000.0	2566.433489226005	0.0	0	72.03692742338171	2766.433489225805	1	0	1	2.160787936001029
163353.13833276607	3000.0	2413.2951564599234	0.0	0	0.0	2766.433489225805	1	0	1	2.160787936001029
164370.04693321753	3000.0	2396.3865560084614	0.0	0	0.0	2766.433489225834	1	0	1	2.1607879360010247
165355.37094279024	3000.0	2411.062546435755	0.0	0	0.0	2766.433489225834	1	0	1	2.1607879360010247
166439.22958966065	3000.0	2327.2038995653556	0.0	0	0.0	2766.433489225834	1	0	1	2.1607879360010247
167417.76767591314	3000.0	2348.6658133128767	0.0	0	0.0	2766.433489225834	1	0	1	2.1607879360010247
168200.0	3000.0	2566.433489226026	0.0	0	52.82549044897314	2766.433489225834	1	0	1	2.1607879360010247
169200.0	3000.0	2466.433489226046	0.0	0	167.01983858531457	2666.433489225834	1	0	2	1.770535895929571
170200.0	3000.0	2466.4334892260576	0.0	0	314.222640509397	2666.433489225834	1	0	1	1.9747258203251927
171200.0	3000.0	2466.4334892260554	0.0	0	350.3350345856743	2666.433489225834	1	0	1	2.174725820325193
172200.0	3000.0	2466.4334892260595	0.0	0	52.40811624869821	2666.433489225834	1	0	1	2.174725820325193
173200.0	3000.0	2466.4334892260445	0.0	0	116.79136865827604	2666.433489225834	1	0	1	2.174725820325193
174200.0	3000.0	2466.433489226073	0.0	0	320.4312164748553	2666.433489225834	1	0	1	2.174725820325193
175200.0	3000.0	2466.433489226093	0.0	0	152.71164778780076	2666.433489225805	1	0	1	2.174725820325196
176220.89102448453	3000.0	2445.5424647415434	0.0	0	0.0	2666.4334892257757	1	0	1	2.1747258203252007
177203.94739975032	3000.0	2462.4860894757444	0.0	0	0.0	2666.4334892257466	1	0	1	2.1747258203252042
178200.0	3000.0	2466.4334892260945	0.0	0	196.09174851130228	2666.4334892257466	1	0	1	2.1747258203252042
179200.0	3000.0	2466.433489226101	0.0	0	298.5491324980394	2666.4334892257466	1	0	1	2.1747258203252042
180200.0	3000.0	2466.43348922614	0.0	0	131.58589138978277	2666.4334892257466	1	0	1	2.1747258203252042
181299.7773493644	3000.0	2366.656139861756	0.0	0	0.0	2666.4334892257466	1	0	1	2.1747258203252042
183125.0192344307	3000.0	1541.41425479546	0.0	0	0.0	2666.4334892257466	1	0	1	2.1747258203252042
183814.6421838199	3000.0	1851.7913054062917	0.0	0	0.0	2666.4334892257466	1	0	1	2.174725820325203
184304.8958231837	3000.0	2361.5376660424995	0.0	0	0.0	2666.4334892257466	1	0	1	2.1747258203252042
185326.15707424402	3000.0	2340.2764149821405	0.0	0	0.0	2666.4334892257466	1	0	1	2.1747258203252042
186200.0	3000.0	2466.433489226187	0.0	0	205.25035454527824	2666.4334892257466	1	0	1	2.1747258203252042
187200.0	3000.0	2466.433489226147	0.0	0	218.2994689902407	2666.4334892257466	1	0	1	2.1747258203252042
188200.0	3000.0	2466.4334892261627	0.0	0	213.40846985919052	2666.4334892257466	1	0	1	2.1747258203252042
189297.7986766052	3000.0	2368.6348126209923	0.0	0	0.0	2666.4334892257757	1	0	1	2.1747258203252007
190335.39865455756	3000.0	2331.0348346686133	0.0	0	0.0	2666.4334892257757	1	0	1	2.1747258203252007
191200.0	3000.0	2466.433489226144	0.0	0	118.07088264092454	2666.4334892257757	1	0	1	2.1747258203252007
192200.0	3000.0	2466.433489226119	0.0	0	290.22753834264586	2666.4334892257757	1	0	1	2.174725820325202
193879.9531035293	3000.0	1786.4803856968144	0.0	0	0.0	2666.4334892257757	1	0	1	2.1747258203252007
195379.0710348401	3000.0	1287.362454385985	0.0	0	0.0	2666.4334892257757	1	0	1	2.1747258203252007
196297.10564420102	3000.0	1369.3278450250555	0.0	0	0.0	2666.4334892257757	1	0	1	2.1747258203252007
197322.9680196352	3000.0	1343.4654695908953	0.0	0	0.0	2666.433489225805	1	0	1	2.1747258203251967
198132.7412954397	3000.0	1533.6921937863872	0.0	0	0.0	2666.4334892257757	1	0	1	2.1747258203252007
198760.43468964816	3000.0	1905.998799577894	0.0	0	0.0	2666.4334892257466	1	0	1	2.1747258203252042
199543.38368414354	3000.0	2123.049805082503	0.0	0	0.0	2666.4334892257757	1	0	1	2.1747258203252007
200509.17242118233	3000.0	2157.2610680437183	0.0	0	0.0	2666.4334892257757	1	0	1	2.1747258203252007
201461.1603208913	3000.0	2205.2731683347747	0.0	0	0.0	2666.4334892257757	1	0	1	2.1747258203252007
202694.15588824044	3000.0	1972.2776009856402	0.0	0	0.0	2666.4334892257757	1	0	1	2.1747258203252007
203655.37169461654	3000.0	2011.0617946095238	0.0	0	0.0	2666.4334892257757	1	0	1	2.1747258203252007
204556.9733515466	3000.0	2109.4601376794853	0.0	0	0.0	2666.4334892257757	1	0	1	2.1747258203252007
205654.56857575278	3000.0	2011.8649134732839	0.0	0	0.0	2666.4334892257757	1	0	1	2.1747258203252007
206303.89040180444	3000.0	2362.543087421598	0.0	0	0.0	2666.4334892257757	1	0	1	2.1747258203252007
207511.1945382305	3000.0	2155.238950995539	0.0	0	0.0	2666.4334892257466	1	0	1	2.1747258203252042
208519.143711132	3000.0	2147.2897780940657	0.0	0	0.0	2666.4334892257466	1	0	1	2.1747258203252042
209464.71907275866	3000.0	2201.714416467393	0.0	0	0.0	2666.4334892257466	1	0	1	2.1747258203252042
210200.0	3000.0	2466.433489226042	0.0	0	51.68640539085027	2666.4334892257466	1	0	1	2.1747258203252042
211200.0	3000.0	2466.433489226053	0.0	0	50.70432899353909	2666.4334892257466	1	0	1	2.1747258203252042
212200.0	3000.0	2466.4334892260604	0.0	0	14.069763049017638	2666.4334892257466	1	0	1	2.1747258203252042
213200.0	3000.0	2466.4334892260617	0.0	0	204.39425535287592	2666.4334892257466	1	0	1	2.1747258203252042
214215.82263157424	3000.0	2450.6108576518154	0.0	0	0.0	2666.4334892257466	1	0	1	2.1747258203252042
215225.6999996799	3000.0	2440.7334895461563	0.0	0	0.0	2666.4334892257466	1	0	1	2.1747258203252042
216200.0	3000.0	2466.4334892260645	0.0	0	59.62245572125539	2666.4334892257757	1	0	1	2.1747258203252007
217239.3528698432	3000.0	2427.080619382874	0.0	0	0.0	2666.4334892257757	1	0	1	2.1747258203252007
218789.4484822092	3000.0	1876.9850070168877	0.0	0	0.0	2666.4334892257757	1	0	1	2.1747258203252007
219858.74198336256	3000.0	1807.6915058635454	0.0	0	0.0	2666.4334892257757	1	0	1	2.1747258203252007
221257.51124678832	3000.0	1408.922242437771	0.0	0	0.0	2666.433489225805	1	0	1	2.1747258203251967
222082.0094689469	2000.0	1584.4240202791711	0.0	0	0.0	2666.433489225805	1	0	1	1.363795604108867
222945.28150478602	2000.0	1721.1519844400261	0.0	0	0.0	2666.433489225805	1	0	1	1.7692607122170316
223937.52196811576	2000.0	1728.911521110255	0.0	0	0.0	2666.4334892257466	1	0	1	1.7692607122170374
224791.7835801731	2000.0	1874.6499090529483	0.0	0	0.0	2666.4334892257757	1	0	1	1.7692607122170378
225801.41970996154	2000.0	1865.0137792645123	0.0	0	0.0	2666.4334892257757	1	0	1	1.7692607122170356
226789.1241647317	2000.0	1877.3093244943516	0.0	0	0.0	2666.4334892257757	1	0	1	1.7692607122170356
227316.27289946927	2000.0	2350.1605897567847	0.0	0	0.0	2666.4334892257757	1	0	1	1.7692607122170356
228200.0	2000.0	2466.4334892260667	0.0	0	85.31819722734508	2666.4334892257757	1	0	1	1.7692607122170356
229200.0	2000.0	2466.4334892260686	0.0	0	353.4235191461048	2666.4334892257757	1	0	1	1.7692607122170356
230200.0	2000.0	2466.433489226051	0.0	0	406.5354965181614	2666.4334892257757	1	0	1	1.7692607122170356
231200.0	2000.0	2466.4334892260285	0.0	0	583.0298192138725	2666.4334892257466	1	0	1	1.7692607122170396
232200.0	3000.0	2466.4334892260217	0.0	0	219.70522480644286	2666.4334892257175	1	0	1	1.7692607122170436
233624.59674832525	3000.0	2041.836740900768	0.0	0	0.0	2666.4334892256884	1	0	1	2.1747258203252122
234427.23212617697	3000.0	2239.2013630490214	0.0	0	0.0	2666.4334892256884	1	0	1	2.1747258203252122
235412.04277422378	3000.0	2254.3907150022055	0.0	0	0.0	2666.4334892256884	1	0	1	2.1747258203252122
236690.95451046765	3000.0	1975.478978758341	0.0	0	0.0	2666.4334892256884	1	0	1	2.1747258203252122
237868.16862400775	3000.0	1798.2648652182697	0.0	0	0.0	2666.4334892256884	1	0	1	2.1747258203252122
239742.95825011985	3000.0	923.4752391061479	0.0	0	0.0	2666.4334892256884	1	0	1	2.1747258203252122
240919.65251193856	3000.0	746.7809772874338	0.0	0	0.0	2666.4334892256884	1	0	1	2.1747258203252122
242365.18710361075	3000.0	301.24638561525114	0.0	0	0.0	2666.4334892257175	1	0	1	2.1747258203252096
243049.8784013803	2000.0	725.4746791134642	108.9195912677674	0	0.0	2775.3530804934853	1	0	1	0.6950331099273167
243732.6818531927	2000.0	1042.6712273010858	0.0	0	0.0	2775.3530804935144	1	0	1	1.7540157656420843
244192.17515625627	2000.0	1583.1779242375233	0.0	0	0.0	2775.3530804935144	1	0	1	1.7540157656420816
244610.09930625875	2000.0	2165.2537742350346	0.0	0	0.0	2775.3530804935144	1	0	1	1.7540157656420816
245200.0	2000.0	2575.353080493778	0.0	0	142.32194677492953	2775.3530804934853	1	0	1	1.7540157656420856
246200.0	2000.0	2575.3530804937996	0.0	0	451.7131572346261	2775.3530804934853	1	0	1	1.7540157656420856
247200.0	3000.0	2575.353080493798	0.0	0	72.06893966757343	2775.353080493456	1	0	1	1.7540157656420894
248200.0	3000.0	2575.3530804938223	0.0	0	226.1877246759832	2775.3530804934853	1	0	1	2.1594808737502507
249200.0	3000.0	2475.3530804938214	0.0	0	27.24301517548156	2675.3530804934853	1	0	2	1.7701741512605205
250377.4052590746	3000.0	2297.947821419214	0.0	0	0.0	2675.3530804934853	1	0	1	1.9735345219071605
251658.15133091132	3000.0	2017.201749582512	0.0	0	0.0	2675.3530804934853	1	0	1	2.1735345219071607
252530.09563088257	3000.0	2145.257449611252	0.0	0	0.0	2675.3530804934853	1	0	1	2.1735345219071607
253313.7453984489	3000.0	2361.6076820449057	0.0	0	0.0	2675.353080493456	1	0	1	2.1735345219071647
254200.0	3000.0	2475.35308049381	0.0	0	229.13860044351895	2675.353080493456	1	0	1	2.173534521907165
255200.0	3000.0	2475.353080493829	0.0	0	119.17791769863106	2675.353080493456	1	0	1	2.1735345219071647
256211.21575936765	3000.0	2464.1373211261716	0.0	0	0.0	2675.353080493427	1	0	1	2.1735345219071682
257200.0	3000.0	2475.3530804938096	0.0	0	263.98268206897774	2675.353080493427	1	0	1	2.1735345219071682
258200.0	3000.0	2475.353080493811	0.0	0	124.94921946470276	2675.353080493427	1	0	1	2.1735345219071682
259200.0	3000.0	2475.3530804938114	0.0	0	136.85775358128012	2675.353080493427	1	0	1	2.1735345219071682
260200.0	3000.0	2475.3530804937873	0.0	0	253.338246314961	2675.353080493427	1	0	1	2.1735345219071682
261200.0	3000.0	2475.353080493769	0.0	0	237.79800410222379	2675.353080493427	1	0	1	2.1735345219071682
262329.5190796517	3000.0	2345.8340008420773	0.0	0	0.0	2675.353080493427	1	0	1	2.1735345219071682
263709.1822112598	3000.0	1966.170869233989	0.0	0	0.0	2675.353080493456	1	0	1	2.1735345219071665
264747.44071907544	3000.0	1927.9123614183654	0.0	0	0.0	2675.3530804935144	1	0	1	2.17353452190716
265744.3359808843	3000.0	1931.0170996094957	0.0	0	0.0	2675.3530804935726	1	0	1	2.173534521907155
266625.91827812785	3000.0	2049.4348023659168	0.0	0	0.0	2675.3530804935144	1	0	1	2.1735345219071567
267498.05817949766	3000.0	2177.2949009961017	0.0	0	0.0	2675.353080493456	1	0	1	2.1735345219071647
268489.3861232976	3000.0	2185.966957196122	0.0	0	0.0	2675.353080493456	1	0	1	2.1735345219071647
269363.73398602195	3000.0	2311.6190944717673	0.0	0	0.0	2675.353080493456	1	0	1	2.1735345219071647
270413.2063026506	3000.0	2262.1467778431074	0.0	0	0.0	2675.353080493456	1	0	1	2.1735345219071647
271464.56136764167	3000.0	2210.791712852062	0.0	0	0.0	2675.3530804935144	1	0	1	2.1735345219071567
272510.2792691383	3000.0	2165.073811355396	0.0	0	0.0	2675.353080493456	1	0	1	2.1735345219071647
273395.25701283134	3000.0	2280.096067662389	0.0	0	0.0	2675.353080493456	1	0	1	2.1735345219071647
274743.1118172203	3000.0	1932.2412632734793	0.0	0	0.0	2675.353080493456	1	0	1	2.1735345219071647
275439.0443026117	3000.0	2236.308777882026	0.0	0	0.0	2675.353080493456	1	0	1	2.1735345219071647
276432.37754819234	3000.0	2143.6422077433235	0.0	0	0.0	2576.0197559352964	1	0	2	1.7832404011090879
278108.5989949408	3000.0	1467.420760994796	0.0	0	0.0	2576.0197559352964	1	0	1	1.9862581045019438
279327.3286184547	3000.0	1248.691137480902	0.0	0	0.0	2576.019755935238	1	0	1	2.1862581045019516
281179.3735491639	3000.0	396.6462067716438	0.0	0	0.0	2576.01975593518	1	0	1	2.1862581045019556
281970.5139741527	2000.0	611.7853456000973	6.279563817205656	0	0.0	2582.2993197523756	1	0	1	1.3368806622891312
282682.6493205669	2000.0	899.649999185919	0.0	0	0.0	2582.2993197523174	1	0	1	1.7800231533005313
283625.1164416661	2000.0	957.1828780866997	0.0	0	0.0	2582.2993197523756	1	0	1	1.7800231533005297
284125.9035875443	2000.0	1456.3957322084711	0.0	0	0.0	2582.2993197523756	1	0	1	1.7800231533005297
284709.4695402193	2000.0	1872.8297795334277	0.0	0	0.0	2582.2993197523756	1	0	1	1.7800231533005297
285300.3661243462	3000.0	2281.933195406521	0.0	0	0.0	2582.2993197523756	1	0	1	1.78002315330053
286200.0	3000.0	2382.2993197527003	0.0	0	42.930260288878344	2582.2993197523174	1	0	1	2.1854882614087017
287200.0	3000.0	2382.299319752666	0.0	0	118.4690280011273	2582.2993197523756	1	0	1	2.1854882614086946
288454.7966546764	3000.0	2127.5026650762975	0.0	0	0.0	2582.2993197523756	1	0	1	2.1854882614086946
289200.0	3000.0	2382.299319752702	0.0	0	32.048597735119984	2582.2993197523756	1	0	1	2.1854882614086946
290200.0	3000.0	2382.2993197526866	0.0	0	281.05321515421383	2582.2993197523174	1	0	1	2.1854882614087017
291200.0	3000.0	2382.299319752681	0.0	0	151.48562644631602	2582.299319752201	1	0	1	2.1854882614087145
292278.53436449193	3000.0	2195.9115188115084	0.0	0	0.0	2474.4458833029494	1	0	2	1.7948377555339712
293705.01767926646	3000.0	1769.4282040368944	0.0	0	0.0	2474.445883302891	1	0	1	1.9981003095552592
294464.51571903814	3000.0	2009.9301642651644	0.0	0	0.0	2474.445883302891	1	0	1	2.1981003095552647
295610.6835682906	3000.0	1863.7623150126265	0.0	0	0.0	2474.445883302833	1	0	1	2.198100309555271
296348.03343683685	3000.0	2126.412446466301	0.0	0	0.0	2474.4458833027747	1	0	1	2.1981003095552776
297325.03335716185	3000.0	2149.4125261413174	0.0	0	0.0	2474.4458833027747	1	0	1	2.1981003095552776
298200.0	3000.0	2274.4458833031636	0.0	0	22.125093193375506	2474.4458833027165	1	0	1	2.198100309555284
299200.0	3000.0	2274.4458833031276	0.0	0	127.65524096431909	2474.4458833027165	1	0	1	2.198100309555284
300406.5834465906	3000.0	2067.8624367125267	0.0	0	0.0	2474.4458833027165	1	0	1	2.198100309555284
5.07	5.92	2.99	3.17	1.88	3.9	6.06	4.73	3.15	2.39	3.42	4.09	3.48	3.97	3.06	4.52	3.59	5.02	3.38	3.46	4.31	3.5	2.19	4.23	5.53	5.13	2.78	2.78	1.47	2.75	4.76	2.88	4.63	5.94	3.23	2.68	3.76	3.87	2.59	1.69	1.88	2.29	2.62	3.45	3.85	5.17	2.79	2.51	2.56	3.28	3.86	3.58	3.92	3.02	3.31	4.03	4.27	4.24	2.95	2.81	2.35	3.28	3.64	3.14	2.15	2.75	1.92	2.46	2.95	2.78	2.55	2.42	1.89	2.88	3.72	3.85	5.26	5.09	3.94	2.12	2.86	2.95	2.73	3.36	2.42	1.89	2.55	2.86	1.67	3.73	3.98	3.81	4.76	3.32	2.81	3.3	2.17	2.56	4.23	4.45	3.3	3.51	4.0	4.37	2.83	3.7	5.79	3.88	3.04	2.17	3.28	3.68	2.88	3.52	2.54	2.62	3.6	3.72	3.34	3.54	1.92	3.56	3.35	2.11	2.85	3.05	1.05	2.21	2.36	2.83	4.56	5.14	3.96	2.36	3.12	3.75	3.93	3.48	3.87	2.4	3.34	2.93	3.85	3.56	3.36	2.42	3.86	3.44	3.08	3.97	5.07	5.92	2.99	3.17	1.88	3.9	6.06	4.73	3.15	2.39	3.42	4.09	3.48	3.97	3.06	4.52	3.59	5.02	3.38	3.46	4.31	3.5	2.19	4.23	5.53	5.13	2.78	2.78	1.47	2.75	4.76	2.88	4.63	5.94	3.23	2.68	3.76	3.87	2.59	1.69	1.88	2.29	2.62	3.45	3.85	5.17	2.79	2.51	2.56	3.28	3.86	3.58	3.92	3.02	3.31	4.03	4.27	4.24	2.95	2.81	2.35	3.28	3.64	3.14	2.15	2.75	1.92	2.46	2.95	2.78	2.55	2.42	1.89	2.88	3.72	3.85	5.26	5.09	3.94	2.12	2.86	2.95	2.73	3.36	2.42	1.89	2.55	2.86	1.67	3.73	3.98	3.81	4.76	3.32	2.81	3.3	2.17	2.56	4.23	4.45	3.3	3.51	4.0	4.37	2.83	3.7	5.79	3.88	3.04	2.17	3.28	3.68	2.88	3.52	2.54	2.62	3.6	3.72	3.34	3.54	1.92	3.56	3.35	2.11	2.85	3.05	1.05	2.21	2.36	2.83	4.56	5.14	3.96	2.36	3.12	3.75	3.93	3.48	3.87	2.4	3.34	2.93	3.85	3.56	3.36	2.42	3.86	3.44	3.08	3.97
1.0	2.0	3.0	4.0	5.0	6.0	7.0	8.0	9.0	10.0	11.0	12.0	13.0	14.0	15.0	16.0	17.0	18.0	19.0	20.0	21.0	22.0	23.0	24.0	25.0	26.0	27.0	28.0	29.0	30.0	31.0	32.0	33.0	34.0	35.0	36.0	37.0	38.0	39.0	40.0	41.0	42.0	43.0	44.0	45.0	46.0	47.0	48.0	49.0	50.0	51.0	52.0	53.0	54.0	55.0	56.0	57.0	58.0	59.0	60.0	61.0	62.0	63.0	64.0	65.0	66.0	67.0	68.0	69.0	70.0	71.0	72.0	73.0	74.0	75.0	76.0	77.0	78.0	79.0	80.0	81.0	82.0	83.0	84.0	85.0	86.0	87.0	88.0	89.0	90.0	91.0	92.0	93.0	94.0	95.0	96.0	97.0	98.0	99.0	100.0	101.0	102.0	103.0	104.0	105.0	106.0	107.0	108.0	109.0	110.0	111.0	112.0	113.0	114.0	115.0	116.0	117.0	118.0	119.0	120.0	121.0	122.0	123.0	124.0	125.0	126.0	127.0	128.0	129.0	130.0	131.0	132.0	133.0	134.0	135.0	136.0	137.0	138.0	139.0	140.0	141.0	142.0	143.0	144.0	145.0	146.0	147.0	148.0	149.0	149.0	150.0	151.0	152.0	153.0	154.0	155.0	156.0	157.0	158.0	159.0	160.0	161.0	162.0	163.0	164.0	165.0	166.0	167.0	168.0	169.0	170.0	171.0	172.0	173.0	174.0	175.0	176.0	177.0	178.0	179.0	180.0	181.0	182.0	183.0	184.0	185.0	186.0	187.0	188.0	189.0	190.0	191.0	192.0	193.0	194.0	195.0	196.0	197.0	198.0	199.0	200.0	201.0	202.0	203.0	204.0	205.0	206.0	207.0	208.0	209.0	210.0	211.0	212.0	213.0	214.0	215.0	216.0	217.0	218.0	219.0	220.0	221.0	222.0	223.0	224.0	225.0	226.0	227.0	228.0	229.0	230.0	231.0	232.0	233.0	234.0	235.0	236.0	237.0	238.0	239.0	240.0	241.0	242.0	243.0	244.0	245.0	246.0	247.0	248.0	249.0	250.0	251.0	252.0	253.0	254.0	255.0	256.0	257.0	258.0	259.0	260.0	261.0	262.0	263.0	264.0	265.0	266.0	267.0	268.0	269.0	270.0	271.0	272.0	273.0	274.0	275.0	276.0	277.0	278.0	279.0	280.0	281.0	282.0	283.0	284.0	285.0	286.0	287.0	288.0	289.0	290.0	291.0	292.0	293.0	294.0	295.0	296.0	297.0	298.0	298.0
4639.41106288215
