5365.640116785606	300.0	2000.0	286.6383787875685	0	0.0	5365.640116785606	1	0	1	-3.0362622593140696
5670.644033168692	300.0	2664.4956919786055	0.0	0	0.0	5335.139725147297	1	0	2	-1.7556612981857178
5856.687918511737	300.0	3459.8474181012557	0.0	0	0.0	5316.535336612993	1	0	2	-1.5356453901813991
6217.361186649895	500.0	4063.1068231492827	0.0	0	0.0	5280.468009799178	1	0	2	-1.5082148105252513
6593.342104262637	500.0	4649.527813775266	0.0	0	0.0	5242.8699180379035	1	0	2	-0.9647786094667883
7200.0	500.0	4982.2041284641655	0.0	0	348.3608446627086	5182.204128464166	1	0	2	-0.929737823880226
8200.0	500.0	4882.204128464166	0.0	0	706.864608393359	5082.204128464166	1	0	2	-0.8539597762382225
9200.0	500.0	4782.204128464166	0.0	0	623.8643376445525	4982.204128464166	1	0	2	-0.7727453286900448
10200.0	1000.0	4682.204128464166	0.0	0	323.01021789871083	4882.204128464166	1	0	2	-0.6923639699730644
11200.0	1000.0	4582.204128464168	0.0	0	598.1781717910562	4782.204128464168	1	0	2	0.07191598152827816
12200.0	1000.0	4482.204128464167	0.0	0	610.1259865506945	4682.204128464167	1	0	2	0.14200688062389683
13200.0	1000.0	4382.204128464165	0.0	0	608.4243287257723	4582.2041284641655	1	0	2	0.20825672829779682
14237.529019156033	1000.0	4240.922207392528	0.0	0	0.0	4478.451226548563	1	0	2	0.275292248147898
15200.0	1000.0	4182.204128464165	0.0	0	48.69616915658662	4382.2041284641655	1	0	2	0.3397638685554202
16200.0	1000.0	4082.204128464164	0.0	0	249.14932550061894	4282.2041284641655	1	0	2	0.38819750804874986
17200.0	1000.0	3982.204128464165	0.0	0	588.8632170439778	4182.2041284641655	1	0	2	0.4357177325363889
18200.0	1000.0	3882.2041284641627	0.0	0	607.5434967283763	4082.2041284641655	1	0	2	0.4831590604729492
19200.0	1000.0	3782.2041284641646	0.0	0	433.99219663569966	3982.2041284641673	1	0	2	0.5277953939464807
20200.0	1000.0	3682.204128464161	0.0	0	179.17664777815662	3882.204128464162	1	0	2	0.5720004786674506
21200.0	1000.0	3582.204128464156	0.0	0	369.4798874420303	3782.2041284641564	1	0	2	0.6075571231878181
22200.0	1000.0	3482.2041284641573	0.0	0	482.2899494594967	3682.2041284641527	1	0	2	0.642207632669309
23200.0	1000.0	3382.2041284641573	0.0	0	257.02289853344337	3582.2041284641527	1	0	2	0.6756388729892153
24200.0	1000.0	3282.2041284641614	0.0	0	376.05342623555043	3482.20412846416	1	0	2	0.704707939352047
25200.0	1000.0	3182.2041284641587	0.0	0	340.84899800897256	3382.20412846416	1	0	2	0.7323844997573946
26200.0	1000.0	3082.2041284641555	0.0	0	490.0597340350141	3282.20412846416	1	0	2	0.7569078141227378
27200.0	1000.0	2982.2041284641596	0.0	0	511.1245366488365	3182.20412846416	1	0	2	0.779804493993279
28200.0	1000.0	2882.204128464163	0.0	0	581.7818914342861	3082.2041284641637	1	0	2	0.8007617190709377
29200.0	1000.0	2782.2041284641627	0.0	0	647.3733256490013	2982.2041284641637	1	0	2	0.8200402015340105
30200.0	1000.0	2682.2041284641596	0.0	0	584.9229867601316	2882.20412846416	1	0	2	0.837671866848098
31274.199308562766	2000.0	2500.5848890451134	0.0	0	0.0	2774.784197607878	1	0	2	0.8565359207859635
32278.12811351292	2000.0	2396.263203599944	0.0	0	0.0	2674.3913171128625	1	0	2	1.5644276083886082
33320.11560274555	2000.0	2250.076965444053	0.0	0	0.0	2570.192568189599	1	0	2	1.5778887787489018
34415.39503960178	2000.0	2045.2695849021939	0.0	0	0.0	2460.6646245039738	1	0	2	1.5915107177172247
35499.95433456617	2000.0	1852.2543604413697	0.0	0	0.0	2352.208695007539	1	0	2	1.6024890075673803
36360.55042790359	2000.0	1905.598657770221	0.0	0	0.0	2266.149085673809	1	0	2	1.6113192567692989
37277.468063922955	2000.0	1896.989258148914	0.0	0	0.0	2174.457322071874	1	0	2	1.6199074140857728
38200.0	2000.0	1882.2041284641716	0.0	0	287.2957145398177	2082.204128464182	1	0	2	1.626237088368173
39200.0	2000.0	1782.2041284641718	0.0	0	49.162287124323484	1982.2041284641746	1	0	2	1.6346247972636503
40200.0	2000.0	1682.2041284641791	0.0	0	284.29831612589624	1882.2041284641891	1	0	2	1.6403766788083645
41786.87937170761	2000.0	936.6368195858053	0.0	0	0.0	1723.5161912934273	1	0	2	1.6502266243513257
42512.450269380024	2000.0	1138.5088321461553	0.0	0	0.0	1650.9591015261976	1	0	2	1.6550323903518351
43204.96375035729	2000.0	1376.7440030711632	0.0	0	0.0	1581.707753428469	1	0	2	1.6586134647276547
44200.0	2000.0	1282.2041284641766	0.0	0	168.8940161068531	1482.2041284641891	1	0	2	1.6622199289836685
45200.0	2000.0	1182.2041284641746	0.0	0	55.27712887760572	1382.2041284641818	1	0	2	1.6669660478632853
46307.39309471707	2000.0	964.0717242754047	0.0	0	0.0	1271.4648189924847	1	0	2	1.6708422319174234
47525.49567416109	2000.0	624.1588868869744	0.0	0	0.0	1149.6545610480753	1	0	2	1.6749124146387881
48608.4296717244	2000.0	432.9314895673359	0.0	0	0.0	1041.3611612917448	1	0	2	1.678302193804542
49532.27876170148	2000.0	528.0220817876955	18.939682197435445	0	0.0	1060.300843489189	1	0	1	1.564948800401813
50235.992445423115	2000.0	824.3083980660483	0.0	0	0.0	1060.300843489189	1	0	1	1.8785868935864258
51200.0	2000.0	860.3008434891732	0.0	0	116.64168201919529	1060.300843489189	1	0	1	1.8785868935864258
52200.0	2000.0	860.3008434891739	0.0	0	319.2946821989244	1060.300843489189	1	0	1	1.8785868935864258
53201.227837221864	2000.0	859.0730062673068	0.0	0	15.633975881894003	1060.300843489189	1	0	1	1.8785868935864258
54601.314316826385	2000.0	458.9865266627878	0.0	0	0.0	1060.300843489189	1	0	1	1.8785868935864258
55442.743818431685	2000.0	617.5570250574863	0.0	0	0.0	1060.300843489189	1	0	1	1.8785868935864258
56872.693467836856	2000.0	200.0	12.392624347674044	0	0.0	1072.6934678368707	1	0	1	1.804155548215318
58272.244094254704	2000.0	263.0172916864699	462.5679181043249	0	0.0	1535.261385941194	1	0	1	-0.9139041618294401
59184.617529637784	2000.0	494.73351506078933	144.0896587573976	0	0.0	1679.3510446985965	1	0	1	0.9900048647852471
60138.18871588803	2000.0	541.1623288105424	0.0	0	0.0	1679.3510446985965	1	0	1	1.8545428173296328
61859.87116278105	2000.0	200.0	380.52011808248415	0	0.0	2059.871162781048	1	0	1	-0.4467027686435031
62292.96404597716	1000.0	782.7883338334201	15.881217029536288	0	0.0	2075.752379810583	1	0	1	0.34793193555707747
62928.356948029315	1000.0	1147.395431781264	0.0	0	0.0	2075.752379810583	1	0	1	1.1363664182942403
63558.31581359662	1000.0	1517.4365662139621	0.0	0	0.0	2075.752379810583	1	0	1	1.1363664182942403
64200.0	1000.0	1875.7523798105867	0.0	0	162.6361674896907	2075.7523798105904	1	0	1	1.13636641829424
65200.0	1000.0	1875.752379810587	0.0	0	304.3129462340439	2075.7523798105904	1	0	1	1.13636641829424
66200.0	1000.0	1875.752379810589	0.0	0	180.59467294844217	2075.7523798105904	1	0	1	1.1363664182942403
67200.0	1000.0	1875.752379810575	0.0	0	441.44802885084937	2075.752379810576	1	0	1	1.1363664182942408
68200.0	1000.0	1875.7523798105742	0.0	0	459.6001682183414	2075.7523798105685	1	0	1	1.136366418294241
69200.0	1000.0	1875.7523798105826	0.0	0	575.2451409814093	2075.7523798105685	1	0	1	1.1363664182942415
70200.0	1000.0	1875.7523798105692	0.0	0	511.1574866209994	2075.7523798105685	1	0	1	1.1363664182942415
71200.0	1000.0	1875.7523798105526	0.0	0	547.6620162916806	2075.7523798105685	1	0	1	1.1363664182942415
72200.0	1000.0	1875.7523798105606	0.0	0	316.7436366157199	2075.7523798105685	1	0	1	1.1363664182942415
73200.0	1000.0	1875.7523798105747	0.0	0	356.7763218047912	2075.7523798105685	1	0	1	1.1363664182942415
74200.0	1000.0	1875.7523798105644	0.0	0	529.304941686496	2075.7523798105685	1	0	1	1.1363664182942415
75200.0	1000.0	1875.7523798105692	0.0	0	431.4194710236916	2075.7523798105685	1	0	1	1.1363664182942415
76200.0	2000.0	1875.7523798105685	0.0	0	59.92422771146812	2075.752379810583	1	0	1	1.1363664182942403
77200.0	2000.0	1875.7523798105806	0.0	0	329.24195000618056	2075.7523798105976	1	0	1	1.8295135988541844
78200.0	2000.0	1875.7523798105776	0.0	0	56.36457352209254	2075.752379810612	1	0	1	1.8295135988541833
79200.0	2000.0	1875.7523798105785	0.0	0	164.62572616670514	2075.7523798106267	1	0	1	1.8295135988541822
80200.0	2000.0	1875.7523798105726	0.0	0	168.0044060068758	2075.7523798106413	1	0	1	1.829513598854181
81215.76776669324	2000.0	1859.984613117336	0.0	0	0.0	2075.7523798106413	1	0	1	1.829513598854181
82200.0	2000.0	1875.7523798106006	0.0	0	47.98839872691315	2075.7523798106413	1	0	1	1.829513598854181
83200.0	2000.0	1875.752379810605	0.0	0	361.8528185742907	2075.7523798106413	1	0	1	1.829513598854181
84200.0	2000.0	1875.7523798106015	0.0	0	207.82148051408876	2075.752379810656	1	0	1	1.82951359885418
85200.0	2000.0	1875.7523798105951	0.0	0	199.72493736793695	2075.752379810656	1	0	1	1.82951359885418
86200.0	2000.0	1875.7523798106058	0.0	0	390.739822880525	2075.752379810656	1	0	1	1.82951359885418
87200.0	2000.0	1875.752379810618	0.0	0	110.5339781340881	2075.752379810656	1	0	1	1.82951359885418
88535.77988063596	2000.0	1539.9724991746525	0.0	0	0.0	2075.752379810656	1	0	1	1.82951359885418
89388.24683528906	2000.0	1687.505544521554	0.0	0	0.0	2075.752379810656	1	0	1	1.82951359885418
90302.16010195321	2000.0	1773.5922778574038	0.0	0	0.0	2075.752379810656	1	0	1	1.82951359885418
91709.56691712145	2000.0	1366.1854626891463	0.0	0	0.0	2075.752379810656	1	0	1	1.82951359885418
92515.1347097921	2000.0	1560.6176700184956	0.0	0	0.0	2075.752379810656	1	0	1	1.82951359885418
93283.0752887166	2000.0	1792.677091093983	0.0	0	0.0	2075.752379810656	1	0	1	1.82951359885418
94200.0	2000.0	1875.7523798105972	0.0	0	3.363951566789183	2075.7523798106704	1	0	1	1.8295135988541789
95200.0	2000.0	1875.752379810578	0.0	0	259.8878315526963	2075.752379810656	1	0	1	1.82951359885418
96200.0	2000.0	1875.7523798105758	0.0	0	119.74130612969748	2075.752379810656	1	0	1	1.82951359885418
97256.1239646621	2000.0	1819.628415148487	0.0	0	0.0	2075.752379810656	1	0	1	1.82951359885418
98221.95251692338	2000.0	1853.799862887211	0.0	0	0.0	2075.752379810656	1	0	1	1.82951359885418
99929.21516754662	2000.0	1146.5372122639799	0.0	0	0.0	2075.752379810656	1	0	1	1.82951359885418
100492.42567189396	1000.0	1583.32670791663	0.0	0	0.0	2075.7523798106413	1	0	1	0.4432192377342908
101200.0	1000.0	1875.752379810576	0.0	0	285.2609871034365	2075.7523798106413	1	0	1	1.136366418294236
102200.0	2000.0	1875.7523798105817	0.0	0	91.99720519813127	2075.7523798106267	1	0	1	1.136366418294237
103200.0	2000.0	1875.7523798105847	0.0	0	240.24464938526216	2075.7523798106267	1	0	1	1.8295135988541822
104200.0	2000.0	1875.7523798105985	0.0	0	112.3781487205124	2075.7523798106413	1	0	1	1.829513598854181
105316.23362751267	2000.0	1759.5187522979256	0.0	0	0.0	2075.7523798106413	1	0	1	1.829513598854181
106312.4005243075	2000.0	1763.3518555031094	0.0	0	0.0	2075.7523798106413	1	0	1	1.829513598854181
107767.93713408914	2000.0	1307.815245721465	0.0	0	0.0	2075.7523798106267	1	0	1	1.8295135988541822
108351.5076243275	1000.0	1724.2447554830999	0.0	0	0.0	2075.7523798106267	1	0	1	0.4432192377342919
109200.0	1000.0	1875.7523798106006	0.0	0	446.8405917499913	2075.7523798106267	1	0	1	1.136366418294237
110200.0	2000.0	1875.7523798106108	0.0	0	333.35548376114457	2075.7523798106267	1	0	1	1.136366418294237
111200.0	2000.0	1875.7523798106115	0.0	0	202.30896569839388	2075.7523798106267	1	0	1	1.8295135988541822
112559.85988980457	2000.0	1515.8924900060474	0.0	0	0.0	2075.7523798106267	1	0	1	1.8295135988541822
113234.90958988616	1000.0	1840.84278992445	0.0	0	0.0	2075.7523798106267	1	0	1	0.4432192377342919
114200.0	1000.0	1875.7523798106063	0.0	0	131.9313112457894	2075.7523798106267	1	0	1	1.136366418294237
115200.0	1000.0	1875.7523798106063	0.0	0	463.3827283857099	2075.7523798106267	1	0	1	1.136366418294237
116200.0	1000.0	1875.7523798106192	0.0	0	629.1554017336603	2075.7523798106267	1	0	1	1.136366418294237
117200.0	1000.0	1875.7523798106238	0.0	0	518.3584446586901	2075.7523798106267	1	0	1	1.136366418294237
118200.0	1000.0	1875.7523798106315	0.0	0	551.9939437634603	2075.7523798106267	1	0	1	1.136366418294237
119200.0	1000.0	1875.7523798106224	0.0	0	539.8287666181714	2075.7523798106267	1	0	1	1.136366418294237
120200.0	1000.0	1875.7523798106179	0.0	0	508.14170948808896	2075.7523798106267	1	0	1	1.136366418294237
121200.0	1000.0	1875.7523798105988	0.0	0	262.0175246856379	2075.752379810612	1	0	1	1.1363664182942377
122200.0	1000.0	1875.7523798106026	0.0	0	435.7380351425236	2075.752379810612	1	0	1	1.1363664182942381
123200.0	1000.0	1875.7523798105992	0.0	0	524.6515104222053	2075.752379810612	1	0	1	1.1363664182942381
124200.0	1000.0	1875.75237981058	0.0	0	476.72462042359984	2075.7523798105976	1	0	1	1.1363664182942392
125200.0	1000.0	1875.7523798105763	0.0	0	373.9950079866976	2075.7523798105976	1	0	1	1.1363664182942392
126200.0	1000.0	1875.752379810578	0.0	0	270.5216118392418	2075.7523798105976	1	0	1	1.1363664182942392
127200.0	1000.0	1875.752379810588	0.0	0	28.03908877710637	2075.7523798105976	1	0	1	1.1363664182942392
128200.0	1000.0	1875.7523798105865	0.0	0	301.2655933110218	2075.752379810583	1	0	1	1.1363664182942403
129200.0	1000.0	1875.7523798105938	0.0	0	407.2864661686617	2075.752379810583	1	0	1	1.1363664182942403
130200.0	1000.0	1875.7523798105854	0.0	0	466.5499291306478	2075.7523798105685	1	0	1	1.1363664182942415
131200.0	1000.0	1875.7523798105847	0.0	0	512.3611713311839	2075.7523798105685	1	0	1	1.1363664182942415
132200.0	1000.0	1875.752379810578	0.0	0	476.795160772861	2075.7523798105685	1	0	1	1.1363664182942421
133200.0	1000.0	1875.75237981056	0.0	0	454.01647149346536	2075.752379810554	1	0	1	1.1363664182942426
134200.0	1000.0	1875.7523798105767	0.0	0	462.0230021800962	2075.752379810554	1	0	1	1.1363664182942426
135200.0	1000.0	1875.752379810592	0.0	0	449.1005962630443	2075.752379810554	1	0	1	1.1363664182942426
136200.0	1000.0	1875.7523798105944	0.0	0	327.86378781622625	2075.752379810554	1	0	1	1.1363664182942426
137200.0	1000.0	1875.7523798105838	0.0	0	268.6770537610864	2075.752379810554	1	0	1	1.1363664182942426
138200.0	1000.0	1875.7523798105822	0.0	0	640.9807982462808	2075.752379810554	1	0	1	1.1363664182942426
139200.0	1000.0	1875.752379810587	0.0	0	517.484723300644	2075.752379810554	1	0	1	1.1363664182942426
140200.0	1000.0	1875.7523798105854	0.0	0	358.0502481321164	2075.752379810554	1	0	1	1.1363664182942426
141200.0	1000.0	1875.752379810583	0.0	0	303.5579494650592	2075.752379810554	1	0	1	1.1363664182942426
142200.0	1000.0	1875.7523798105742	0.0	0	492.58474816108355	2075.752379810554	1	0	1	1.1363664182942426
143200.0	1000.0	1875.7523798105867	0.0	0	388.6449268729193	2075.752379810583	1	0	1	1.1363664182942403
144296.40526199655	2000.0	1779.3471178140267	0.0	0	0.0	2075.752379810583	1	0	1	1.1363664182942403
145200.0	2000.0	1875.7523798106022	0.0	0	64.63589002317167	2075.752379810583	1	0	1	1.8295135988541855
146200.0	2000.0	1875.752379810594	0.0	0	323.0743786927778	2075.752379810583	1	0	1	1.8295135988541855
147200.0	2000.0	1875.7523798105774	0.0	0	138.13300578389317	2075.752379810583	1	0	1	1.8295135988541855
148584.76810551886	2000.0	1490.9842742917	0.0	0	0.0	2075.752379810554	1	0	1	1.8295135988541877
149200.0	1000.0	1875.7523798105767	0.0	0	11.996214570477605	2075.752379810554	1	0	1	0.44321923773429744
150200.0	1000.0	1875.752379810565	0.0	0	459.11383896283223	2075.752379810554	1	0	1	1.1363664182942426
151200.0	2000.0	1875.7523798105574	0.0	0	152.18612190478598	2075.752379810554	1	0	1	1.1363664182942426
152200.0	2000.0	1875.752379810583	0.0	0	389.4011562918022	2075.752379810554	1	0	1	1.8295135988541877
153200.0	2000.0	1875.7523798105965	0.0	0	265.8539138409542	2075.752379810554	1	0	1	1.8295135988541877
154200.0	2000.0	1875.7523798105935	0.0	0	116.88959596178029	2075.752379810554	1	0	1	1.8295135988541877
155863.99373470576	2000.0	1211.7586451048087	0.0	0	0.0	2075.752379810554	1	0	1	1.8295135988541877
156558.19912902056	1000.0	1517.5532507899916	0.0	0	0.0	2075.752379810554	1	0	1	0.44321923773429744
157233.55520857382	1000.0	1842.1971712367513	0.0	0	0.0	2075.752379810554	1	0	1	1.1363664182942426
158200.0	1000.0	1875.7523798105851	0.0	0	293.3845484677295	2075.752379810583	1	0	1	1.1363664182942403
159200.0	1000.0	1875.7523798105906	0.0	0	467.44512377720093	2075.752379810583	1	0	1	1.1363664182942403
160200.0	1000.0	1875.7523798105901	0.0	0	474.67337159984163	2075.752379810612	1	0	1	1.1363664182942381
161200.0	1000.0	1875.7523798105628	0.0	0	500.7677313211898	2075.752379810612	1	0	1	1.1363664182942381
162200.0	1000.0	1875.752379810549	0.0	0	370.29480528170825	2075.752379810612	1	0	1	1.1363664182942381
163235.62879481915	1000.0	1840.1235849913987	0.0	0	53.56249815991032	2075.752379810612	1	0	1	1.1363664182942381
164207.80970365947	1000.0	1867.9426761510513	0.0	0	0.0	2075.752379810583	1	0	1	1.1363664182942403
165200.0	1000.0	1875.7523798105585	0.0	0	503.872522843827	2075.752379810583	1	0	1	1.1363664182942403
166200.0	1000.0	1875.7523798105576	0.0	0	661.43875761659	2075.752379810583	1	0	1	1.1363664182942403
167200.0	1000.0	1875.752379810547	0.0	0	571.462028326263	2075.752379810583	1	0	1	1.1363664182942403
168200.0	1000.0	1875.7523798105544	0.0	0	575.9057122959057	2075.752379810612	1	0	1	1.1363664182942381
169200.0	1000.0	1875.7523798105824	0.0	0	436.4013549214869	2075.752379810612	1	0	1	1.1363664182942381
170200.0	1000.0	1875.7523798105733	0.0	0	470.33498551754747	2075.752379810583	1	0	1	1.1363664182942403
171200.0	1000.0	1875.752379810566	0.0	0	452.9496491179452	2075.752379810583	1	0	1	1.1363664182942403
172200.0	1000.0	1875.7523798105797	0.0	0	433.5494747549237	2075.752379810583	1	0	1	1.1363664182942403
173200.0	1000.0	1875.7523798105694	0.0	0	345.9731359971629	2075.752379810583	1	0	1	1.1363664182942403
174200.0	1000.0	1875.752379810554	0.0	0	442.0046005885233	2075.752379810583	1	0	1	1.1363664182942403
175200.0	1000.0	1875.75237981057	0.0	0	533.6506317904859	2075.752379810612	1	0	1	1.1363664182942381
176200.0	1000.0	1875.75237981056	0.0	0	424.6756755753013	2075.752379810612	1	0	1	1.1363664182942381
177200.0	1000.0	1875.7523798105542	0.0	0	616.1474230264139	2075.752379810583	1	0	1	1.1363664182942403
178200.0	1000.0	1875.7523798105483	0.0	0	525.1973155393207	2075.752379810554	1	0	1	1.1363664182942426
179200.0	1000.0	1875.7523798105594	0.0	0	611.2325134732237	2075.752379810554	1	0	1	1.1363664182942426
180246.1880104268	2000.0	1829.5643693837694	0.0	0	0.0	2075.752379810525	1	0	1	1.1363664182942448
181376.92093997134	2000.0	1698.8314398391951	0.0	0	0.0	2075.752379810525	1	0	1	1.82951359885419
182837.48820316492	2000.0	1238.2641766456202	0.0	0	0.0	2075.752379810525	1	0	1	1.82951359885419
183939.6811302273	2000.0	1136.0712495832072	0.0	0	0.0	2075.752379810525	1	0	1	1.82951359885419
185002.23578015174	2000.0	1073.5165996587511	0.0	0	0.0	2075.752379810525	1	0	1	1.82951359885419
186159.08327779622	2000.0	916.6691020142774	0.0	0	0.0	2075.752379810525	1	0	1	1.82951359885419
187076.65278950514	2000.0	999.0995903053649	0.0	0	0.0	2075.752379810525	1	0	1	1.82951359885419
188027.53355325974	2000.0	1048.2188265507502	0.0	0	0.0	2075.752379810525	1	0	1	1.82951359885419
188489.50235107238	2000.0	1586.2500287380947	0.0	0	0.0	2075.752379810525	1	0	1	1.82951359885419
189972.2760381044	2000.0	1103.4763417061026	0.0	0	0.0	2075.752379810525	1	0	1	1.82951359885419
190981.19894115152	2000.0	1094.5534386589604	0.0	0	0.0	2075.7523798104958	1	0	1	1.8295135988541922
192013.57185827958	2000.0	1062.180521530911	0.0	0	0.0	2075.7523798104958	1	0	1	1.8295135988541922
192611.90563057485	2000.0	1463.8467492356674	0.0	0	0.0	2075.7523798104958	1	0	1	1.8295135988541922
193882.04888771178	2000.0	1193.7034920987355	0.0	0	0.0	2075.7523798104667	1	0	1	1.829513598854193
194552.0623167244	2000.0	1523.6900630861362	0.0	0	0.0	2075.7523798104667	1	0	1	1.8295135988541944
195387.7123946929	2000.0	1688.0399851176087	0.0	0	0.0	2075.7523798104667	1	0	1	1.8295135988541944
196246.5776646188	2000.0	1829.174715191738	0.0	0	0.0	2075.7523798104667	1	0	1	1.8295135988541944
197616.26827107114	2000.0	1459.4841087393918	0.0	0	0.0	2075.7523798104667	1	0	1	1.8295135988541944
198863.45266451704	2000.0	1212.2997152935015	0.0	0	0.0	2075.7523798104667	1	0	1	1.8295135988541944
199567.20033991107	2000.0	1508.5520398994502	0.0	0	0.0	2075.7523798104667	1	0	1	1.8295135988541944
200200.0	2000.0	1875.7523798105142	0.0	0	81.03187125909608	2075.7523798104667	1	0	1	1.8295135988541944
201200.0	2000.0	1875.7523798105206	0.0	0	423.1241333820799	2075.7523798104667	1	0	1	1.8295135988541944
202659.40928773215	2000.0	1416.3430920783246	0.0	0	0.0	2075.7523798104667	1	0	1	1.8295135988541944
203783.6404538752	2000.0	1292.111925935242	0.0	0	0.0	2075.7523798104376	1	0	1	1.8295135988541966
204363.7053228601	2000.0	1712.0470569503318	0.0	0	0.0	2075.7523798104376	1	0	1	1.8295135988541966
205697.08713242263	2000.0	1378.6652473877832	0.0	0	0.0	2075.7523798104376	1	0	1	1.8295135988541966
207013.34966012093	2000.0	1062.402719689477	0.0	0	0.0	2075.7523798104085	1	0	1	1.8295135988541988
207803.7646118993	2000.0	1271.9877679110962	0.0	0	0.0	2075.7523798104085	1	0	1	1.8295135988541988
208879.03413739573	2000.0	1196.7182424146572	0.0	0	0.0	2075.7523798104085	1	0	1	1.8295135988541988
210132.1119333892	2000.0	943.6404464211846	0.0	0	0.0	2075.7523798104085	1	0	1	1.8295135988541988
210784.828102191	1000.0	1290.9242776193719	0.0	0	0.0	2075.7523798104085	1	0	1	0.44321923773430855
211419.1453664952	1000.0	1656.6070133151718	0.0	0	0.0	2075.7523798103794	1	0	1	1.1363664182942559
212200.0	1000.0	1875.7523798103934	0.0	0	234.36088572314475	2075.7523798103794	1	0	1	1.1363664182942559
213200.0	1000.0	1875.7523798104232	0.0	0	390.79918843269115	2075.7523798103794	1	0	1	1.1363664182942559
214200.0	1000.0	1875.7523798104423	0.0	0	312.01903591584414	2075.7523798103794	1	0	1	1.1363664182942559
215200.0	1000.0	1875.7523798104355	0.0	0	433.401447401935	2075.7523798103794	1	0	1	1.1363664182942559
216200.0	1000.0	1875.752379810449	0.0	0	630.298639850691	2075.7523798103794	1	0	1	1.1363664182942559
217200.0	1000.0	1875.7523798104407	0.0	0	618.9552251717832	2075.7523798104085	1	0	1	1.1363664182942537
218200.0	1000.0	1875.752379810443	0.0	0	571.0842114430852	2075.7523798104376	1	0	1	1.1363664182942514
219200.0	1000.0	1875.7523798104476	0.0	0	498.5759662928467	2075.7523798104376	1	0	1	1.1363664182942514
220200.0	1000.0	1875.7523798104387	0.0	0	523.006048168987	2075.7523798104376	1	0	1	1.1363664182942514
221200.0	1000.0	1875.7523798104844	0.0	0	543.3264254893584	2075.7523798104667	1	0	1	1.1363664182942492
222200.0	1000.0	1875.7523798104758	0.0	0	137.26198888526415	2075.7523798104958	1	0	1	1.136366418294247
223200.0	1000.0	1875.7523798104687	0.0	0	609.1327347856131	2075.7523798104667	1	0	1	1.1363664182942492
224200.0	1000.0	1875.7523798104814	0.0	0	530.2518236390024	2075.7523798104667	1	0	1	1.1363664182942492
225200.0	2000.0	1875.7523798105176	0.0	0	291.0753733322199	2075.7523798104958	1	0	1	1.136366418294248
226295.8882777878	2000.0	1779.8641020226778	0.0	0	0.0	2075.7523798104958	1	0	1	1.8295135988541922
227276.42090708096	2000.0	1799.3314727295158	0.0	0	0.0	2075.7523798104958	1	0	1	1.8295135988541922
228200.0	2000.0	1875.7523798104837	0.0	0	183.6644476930378	2075.752379810525	1	0	1	1.8295135988541908
229200.0	2000.0	1875.752379810481	0.0	0	163.68205191826564	2075.752379810554	1	0	1	1.8295135988541877
230273.872150954	2000.0	1801.8802288564877	0.0	0	0.0	2075.752379810554	1	0	1	1.8295135988541877
231200.0	2000.0	1875.752379810494	0.0	0	222.3698826568434	2075.752379810554	1	0	1	1.8295135988541877
232200.0	2000.0	1875.7523798105144	0.0	0	227.83585267321905	2075.752379810554	1	0	1	1.8295135988541877
233363.75920454957	2000.0	1711.993175260958	0.0	0	0.0	2075.752379810554	1	0	1	1.8295135988541877
234200.0	2000.0	1875.7523798105922	0.0	0	129.1535537155578	2075.752379810554	1	0	1	1.8295135988541877
235200.0	2000.0	1875.7523798105735	0.0	0	343.41607098738314	2075.752379810583	1	0	1	1.8295135988541855
236281.86269077318	2000.0	1793.8896890374153	0.0	0	0.0	2075.752379810583	1	0	1	1.8295135988541855
237265.1703514362	2000.0	1810.5820283744458	0.0	0	0.0	2075.752379810583	1	0	1	1.8295135988541855
238200.0	2000.0	1875.7523798106486	0.0	0	132.814809919626	2075.752379810583	1	0	1	1.8295135988541855
239200.0	2000.0	1875.7523798106536	0.0	0	291.52169515012065	2075.752379810583	1	0	1	1.8295135988541855
240571.10523171292	2000.0	1504.6471480977646	0.0	0	0.0	2075.752379810583	1	0	1	1.8295135988541855
241419.14347535375	2000.0	1656.608904456942	0.0	0	0.0	2075.752379810612	1	0	1	1.8295135988541833
242200.0	2000.0	1875.7523798106665	0.0	0	29.984580112533877	2075.752379810612	1	0	1	1.8295135988541833
243200.0	2000.0	1875.7523798106743	0.0	0	245.56621269264724	2075.752379810612	1	0	1	1.8295135988541833
244200.0	2000.0	1875.7523798106888	0.0	0	474.85108087712433	2075.7523798106413	1	0	1	1.829513598854181
245372.60246120248	2000.0	1703.1499186081928	0.0	0	0.0	2075.7523798106413	1	0	1	1.829513598854181
246411.1761467441	2000.0	1664.5762330665607	0.0	0	0.0	2075.752379810612	1	0	1	1.8295135988541833
247312.9668097006	2000.0	1762.7855701100957	0.0	0	0.0	2075.752379810612	1	0	1	1.8295135988541833
248992.0159922598	2000.0	1083.7363875508277	0.0	0	0.0	2075.752379810583	1	0	1	1.8295135988541842
249631.13138731918	1000.0	1444.620992491444	0.0	0	0.0	2075.752379810583	1	0	1	0.4432192377342952
250200.0	1000.0	1875.7523798105997	0.0	0	103.49928478169022	2075.752379810612	1	0	1	1.1363664182942381
251200.0	2000.0	1875.752379810573	0.0	0	345.4809417630895	2075.752379810612	1	0	1	1.1363664182942381
252200.0	2000.0	1875.7523798105633	0.0	0	365.8718337400642	2075.752379810612	1	0	1	1.8295135988541833
253200.0	2000.0	1875.752379810564	0.0	0	407.4527017187502	2075.752379810612	1	0	1	1.8295135988541833
254398.6749470957	2000.0	1677.0774327148883	0.0	0	0.0	2075.752379810583	1	0	1	1.829513598854185
255200.0	2000.0	1875.7523798105774	0.0	0	30.807423114369158	2075.752379810583	1	0	1	1.8295135988541855
256576.94074596278	2000.0	1498.8116338477823	0.0	0	0.0	2075.752379810583	1	0	1	1.8295135988541855
257200.0	1000.0	1875.752379810578	0.0	0	133.93574973131763	2075.752379810612	1	0	1	0.443219237734293
258200.0	1000.0	1875.752379810593	0.0	0	616.8528669924708	2075.752379810612	1	0	1	1.1363664182942381
259200.0	2000.0	1875.752379810588	0.0	0	168.84895715871244	2075.752379810612	1	0	1	1.1363664182942381
260508.4920518332	2000.0	1567.2603279773707	0.0	0	0.0	2075.752379810612	1	0	1	1.8295135988541833
261687.77793885264	2000.0	1387.9744409579012	0.0	0	0.0	2075.752379810612	1	0	1	1.8295135988541833
262571.479560193	1000.0	1504.2728196175774	0.0	0	0.0	2075.7523798106704	1	0	1	0.4432192377342908
263200.0	1000.0	1875.7523798105574	0.0	0	155.0526950113126	2075.752379810612	1	0	1	1.1363664182942386
264200.0	1000.0	1875.7523798105412	0.0	0	493.7306381399394	2075.752379810612	1	0	1	1.1363664182942368
265200.0	1000.0	1875.7523798105544	0.0	0	714.8771361752879	2075.752379810612	1	0	1	1.1363664182942381
266200.0	1000.0	1875.7523798106129	0.0	0	547.5880692926003	2075.7523798106704	1	0	1	1.1363664182942337
267200.0	1000.0	1875.7523798105872	0.0	0	385.3743222260382	2075.7523798107286	1	0	1	1.1363664182942292
268200.0	1000.0	1875.7523798105674	0.0	0	213.61434690834722	2075.7523798107286	1	0	1	1.1363664182942292
269200.0	1000.0	1875.7523798105874	0.0	0	469.0268450379954	2075.7523798106704	1	0	1	1.1363664182942337
270200.0	1000.0	1875.752379810603	0.0	0	292.3274408233119	2075.7523798106704	1	0	1	1.1363664182942337
271200.0	1000.0	1875.7523798106408	0.0	0	416.8572927172645	2075.7523798106704	1	0	1	1.1363664182942337
272200.0	1000.0	1875.7523798106931	0.0	0	688.2410474667558	2075.7523798106704	1	0	1	1.1363664182942337
273200.0	1000.0	1875.7523798106233	0.0	0	588.3318731253385	2075.7523798106704	1	0	1	1.1363664182942337
274200.0	1000.0	1875.7523798105988	0.0	0	509.0055022415472	2075.752379810612	1	0	1	1.1363664182942381
275200.0	1000.0	1875.7523798106013	0.0	0	254.47062617802294	2075.752379810612	1	0	1	1.1363664182942381
276200.0	1000.0	1875.752379810616	0.0	0	40.518420488690026	2075.752379810612	1	0	1	1.136366418294239
277200.0	1000.0	1875.7523798106567	0.0	0	226.44552100863075	2075.7523798106704	1	0	1	1.1363664182942355
278200.0	1000.0	1875.752379810648	0.0	0	529.2497816971154	2075.7523798106704	1	0	1	1.1363664182942337
279200.0	1000.0	1875.752379810618	0.0	0	325.1384989768849	2075.752379810612	1	0	1	1.1363664182942381
280200.0	1000.0	1875.7523798105822	0.0	0	472.6050610897364	2075.752379810554	1	0	1	1.1363664182942426
281200.0	1000.0	1875.752379810581	0.0	0	352.02281811874127	2075.752379810554	1	0	1	1.1363664182942426
282200.0	1000.0	1875.7523798106126	0.0	0	412.19241356954444	2075.752379810554	1	0	1	1.1363664182942426
283200.0	1000.0	1875.7523798106204	0.0	0	495.08002394170035	2075.752379810554	1	0	1	1.1363664182942426
284200.0	1000.0	1875.752379810557	0.0	0	435.53814981435426	2075.752379810554	1	0	1	1.1363664182942426
285200.0	1000.0	1875.7523798105844	0.0	0	388.3060439766268	2075.752379810554	1	0	1	1.1363664182942426
286200.0	1000.0	1875.7523798105635	0.0	0	340.7827698412002	2075.752379810612	1	0	1	1.13636641829424
287200.0	1000.0	1875.7523798104887	0.0	0	635.0909890824114	2075.752379810612	1	0	1	1.1363664182942381
288200.0	1000.0	1875.7523798104824	0.0	0	473.99650501809083	2075.752379810554	1	0	1	1.1363664182942426
289200.0	1000.0	1875.7523798104771	0.0	0	321.66956681845477	2075.752379810554	1	0	1	1.1363664182942426
290200.0	1000.0	1875.752379810476	0.0	0	253.0135636512423	2075.752379810612	1	0	1	1.136366418294239
291200.0	1000.0	1875.752379810515	0.0	0	617.1177676994703	2075.752379810612	1	0	1	1.1363664182942381
292200.0	1000.0	1875.7523798104942	0.0	0	569.0432661105879	2075.752379810612	1	0	1	1.1363664182942381
293200.0	1000.0	1875.7523798105312	0.0	0	421.1102391218301	2075.752379810612	1	0	1	1.1363664182942381
294200.0	2000.0	1875.7523798105133	0.0	0	122.50079373305198	2075.752379810612	1	0	1	1.1363664182942381
295226.5703247814	2000.0	1849.1820550290186	0.0	0	0.0	2075.752379810612	1	0	1	1.8295135988541833
296509.9501487362	2000.0	1565.802231074269	0.0	0	0.0	2075.752379810554	1	0	1	1.8295135988541877
297840.5678967394	2000.0	1235.1844830710147	0.0	0	0.0	2075.7523798104958	1	0	1	1.8295135988541886
298201.1262434923	1000.0	1874.626136318076	0.0	0	0.0	2075.7523798104958	1	0	1	0.4432192377343019
299200.0	1000.0	1875.7523798103553	0.0	0	521.2312373747118	2075.7523798104958	1	0	1	1.136366418294247
300200.0	2000.0	1875.7523798103778	0.0	0	275.0364901467692	2075.752379810554	1	0	1	1.1363664182942426
1.32	1.61	1.83	1.45	1.7	2.49	2.62	2.18	1.67	0.72	1.48	2.54	3.13	2.66	1.48	1.68	1.95	1.81	2.13	2.0	2.37	2.31	2.35	2.55	3.53	2.42	1.93	1.92	1.77	2.43	2.33	2.06	2.85	2.27	3.48	1.29	1.58	2.55	2.88	1.51	2.62	2.4	2.18	1.92	2.15	2.48	3.34	2.36	1.11	2.41	3.04	1.39	1.9	2.09	1.85	1.7	1.37	2.06	1.83	1.67	1.38	2.35	2.66	3.02	2.12	2.22	2.37	1.22	2.37	1.66	2.12	2.68	2.39	2.53	2.14	3.12	1.84	3.41	2.55	1.98	2.63	2.71	2.07	1.85	2.51	1.84	1.12	1.98	2.72	3.3	2.85	1.73	2.17	1.85	1.31	1.73	2.49	2.95	3.65	2.19	1.95	1.96	1.29	2.03	2.36	2.0	1.97	1.56	1.42	1.81	3.5	2.34	1.78	1.76	1.67	1.71	1.77	2.53	2.49	2.25	1.93	1.38	1.39	1.88	1.75	1.66	1.71	2.25	1.68	2.0	2.07	1.24	3.23	2.47	1.74	1.01	3.13	2.22	2.46	2.26	2.58	2.39	1.88	1.09	2.25	2.63	3.43	2.32	2.06	1.22	1.32	1.61	1.83	1.45	1.7	2.49	2.62	2.18	1.67	0.72	1.48	2.54	3.13	2.66	1.48	1.68	1.95	1.81	2.13	2.0	2.37	2.31	2.35	2.55	3.53	2.42	1.93	1.92	1.77	2.43	2.33	2.06	2.85	2.27	3.48	1.29	1.58	2.55	2.88	1.51	2.62	2.4	2.18	1.92	2.15	2.48	3.34	2.36	1.11	2.41	3.04	1.39	1.9	2.09	1.85	1.7	1.37	2.06	1.83	1.67	1.38	2.35	2.66	3.02	2.12	2.22	2.37	1.22	2.37	1.66	2.12	2.68	2.39	2.53	2.14	3.12	1.84	3.41	2.55	1.98	2.63	2.71	2.07	1.85	2.51	1.84	1.12	1.98	2.72	3.3	2.85	1.73	2.17	1.85	1.31	1.73	2.49	2.95	3.65	2.19	1.95	1.96	1.29	2.03	2.36	2.0	1.97	1.56	1.42	1.81	3.5	2.34	1.78	1.76	1.67	1.71	1.77	2.53	2.49	2.25	1.93	1.38	1.39	1.88	1.75	1.66	1.71	2.25	1.68	2.0	2.07	1.24	3.23	2.47	1.74	1.01	3.13	2.22	2.46	2.26	2.58	2.39	1.88	1.09	2.25	2.63	3.43	2.32	2.06	1.22
1.0	2.0	3.0	4.0	5.0	6.0	7.0	8.0	9.0	10.0	11.0	12.0	13.0	14.0	15.0	16.0	17.0	18.0	19.0	20.0	21.0	22.0	23.0	24.0	25.0	26.0	27.0	28.0	29.0	30.0	31.0	32.0	33.0	34.0	35.0	36.0	37.0	38.0	39.0	40.0	41.0	42.0	43.0	44.0	45.0	46.0	47.0	48.0	49.0	50.0	51.0	52.0	53.0	54.0	55.0	56.0	57.0	58.0	59.0	60.0	61.0	62.0	63.0	64.0	65.0	66.0	67.0	68.0	69.0	70.0	71.0	72.0	73.0	74.0	75.0	76.0	77.0	78.0	79.0	80.0	81.0	82.0	83.0	84.0	85.0	86.0	87.0	88.0	89.0	90.0	91.0	92.0	93.0	94.0	95.0	96.0	97.0	98.0	99.0	100.0	101.0	102.0	103.0	104.0	105.0	106.0	107.0	108.0	109.0	110.0	111.0	112.0	113.0	114.0	115.0	116.0	117.0	118.0	119.0	120.0	121.0	122.0	123.0	124.0	125.0	126.0	127.0	128.0	129.0	130.0	131.0	132.0	133.0	134.0	135.0	136.0	137.0	138.0	139.0	140.0	141.0	142.0	143.0	144.0	145.0	146.0	147.0	148.0	149.0	149.0	150.0	151.0	152.0	153.0	154.0	155.0	156.0	157.0	158.0	159.0	160.0	161.0	162.0	163.0	164.0	165.0	166.0	167.0	168.0	169.0	170.0	171.0	172.0	173.0	174.0	175.0	176.0	177.0	178.0	179.0	180.0	181.0	182.0	183.0	184.0	185.0	186.0	187.0	188.0	189.0	190.0	191.0	192.0	193.0	194.0	195.0	196.0	197.0	198.0	199.0	200.0	201.0	202.0	203.0	204.0	205.0	206.0	207.0	208.0	209.0	210.0	211.0	212.0	213.0	214.0	215.0	216.0	217.0	218.0	219.0	220.0	221.0	222.0	223.0	224.0	225.0	226.0	227.0	228.0	229.0	230.0	231.0	232.0	233.0	234.0	235.0	236.0	237.0	238.0	239.0	240.0	241.0	242.0	243.0	244.0	245.0	246.0	247.0	248.0	249.0	250.0	251.0	252.0	253.0	254.0	255.0	256.0	257.0	258.0	259.0	260.0	261.0	262.0	263.0	264.0	265.0	266.0	267.0	268.0	269.0	270.0	271.0	272.0	273.0	274.0	275.0	276.0	277.0	278.0	279.0	280.0	281.0	282.0	283.0	284.0	285.0	286.0	287.0	288.0	289.0	290.0	291.0	292.0	293.0	294.0	295.0	296.0	297.0	298.0	298.0
4760.434292548929
