6059.972247116835	300.0	2000.0	227.6228634106044	0	0.0	6059.972247116835	1	0	1	-3.363631752930575
6309.724256869831	300.0	2750.247990247005	0.0	0	0.0	6059.972247116836	1	0	1	-2.050063785919016
6612.413752211648	500.0	3417.289545371006	0.0	0	0.0	6029.703297582654	1	0	2	-2.425498134446634
6795.601609666659	500.0	4215.782902170494	0.0	0	0.0	6011.384511837152	1	0	2	-1.6945664879111537
7091.237893539047	500.0	4890.582989910869	0.0	0	0.0	5981.820883449915	1	0	2	-1.6681606866165999
7337.920199342222	500.0	5619.232453527377	0.0	0	0.0	5957.152652869598	1	0	2	-1.6417057921506941
8200.0	500.0	5670.944672803821	0.0	0	658.8764877566473	5870.94467280382	1	0	2	-1.58905467084935
9200.0	1000.0	5570.944672803822	0.0	0	698.708150213808	5770.944672803822	1	0	2	-1.490827006648514
10200.0	1000.0	5470.944672803817	0.0	0	400.89249011460197	5670.944672803818	1	0	2	-0.6985818591179449
11200.0	1000.0	5370.944672803815	0.0	0	125.32903014313524	5570.944672803816	1	0	2	-0.5917700336967671
12200.0	1000.0	5270.944672803816	0.0	0	543.6989768813764	5470.9446728038165	1	0	2	-0.5056675842882812
13559.665268481038	2000.0	4775.312877474675	0.0	0	0.0	5334.9781459557125	1	0	2	-0.375980575861895
14511.912454507217	2000.0	4727.8409728458755	0.0	0	0.0	5239.753427353095	1	0	2	0.4123910679886436
15816.275118663376	2000.0	4293.042042274099	0.0	0	0.0	5109.31716093748	1	0	2	0.5178918304890475
16719.39421534615	2000.0	4299.61103592305	0.0	0	0.0	5019.005251269204	1	0	2	0.5962009746992639
17468.05947367174	2000.0	4476.079251764899	0.0	0	0.0	4944.138725436642	1	0	2	0.6596503207962611
18313.545271126648	2000.0	4546.044874564497	0.0	0	0.0	4859.590145691149	1	0	2	0.7220520120309202
19200.0	2000.0	4570.944672803808	0.0	0	60.41847873380175	4770.944672803811	1	0	2	0.7838586419354312
20200.0	2000.0	4470.9446728038065	0.0	0	262.0080164203209	4670.944672803806	1	0	2	0.8473573499408313
21200.0	2000.0	4370.944672803807	0.0	0	248.66893857361356	4570.944672803802	1	0	2	0.9100247749651733
22200.0	2000.0	4270.944672803806	0.0	0	277.1904678607316	4470.944672803802	1	0	2	0.9727933807352549
23571.25857379993	2000.0	3762.5602416238826	0.0	0	0.0	4333.818815423812	1	0	2	1.0511881263266771
24887.58659146676	2000.0	3314.599422190366	0.0	0	0.0	4202.18601365713	1	0	2	1.1241894201551748
25760.461519491982	2000.0	3354.4370013626194	0.0	0	0.0	4114.898520854604	1	0	2	1.1702659439109133
26652.453563485695	2000.0	3373.245752969533	0.0	0	0.0	4025.699316455237	1	0	2	1.2095460153775752
27753.564425803823	2000.0	3162.023804419594	0.0	0	0.0	3915.5882302234277	1	0	2	1.2540978392150635
28410.094363164924	2000.0	3439.84087332238	0.0	0	0.0	3849.935236487312	1	0	2	1.283540948695653
29465.362635726346	2000.0	3279.045773504817	0.0	0	0.0	3744.4084092311714	1	0	2	1.3177776190464163
30200.0	2000.0	3470.9446728037956	0.0	0	190.94896446596613	3670.9446728038056	1	0	2	1.3432468743004393
31577.10965628276	2000.0	2956.1240508927613	0.0	0	0.0	3533.233707175532	1	0	2	1.3794597760588536
32877.64236940398	2000.0	2525.538066459422	0.0	0	0.0	3403.180435863411	1	0	2	1.422970962028844
33476.73856018786	2000.0	2866.532256597145	0.0	0	0.0	3343.270816785018	1	0	2	1.4407233365171834
34200.0	2000.0	3070.9446728037924	0.0	0	92.86900678927486	3270.9446728038056	1	0	2	1.4562374571051968
35354.733280073706	2000.0	2800.738064722709	0.0	0	0.0	3155.4713447964277	1	0	2	1.4787567840007712
36312.343979582816	2000.0	2747.3662952626946	0.0	0	0.0	3059.7102748455145	1	0	2	1.5021579352558705
37200.0	2000.0	2770.9446728037924	0.0	0	221.60653563965025	2970.9446728037874	1	0	2	1.51640459992518
38200.0	2000.0	2670.9446728037933	0.0	0	287.0176800588961	2870.9446728037874	1	0	2	1.5333619402376093
39388.05668461761	2000.0	2364.0823197244254	0.0	0	0.0	2752.1390043420324	1	0	2	1.552369587023237
40416.05803478658	2000.0	2233.280834538561	0.0	0	0.0	2649.3388693251472	1	0	2	1.5680315306277732
41544.87521457183	2000.0	1991.5819367747965	0.0	0	0.0	2536.457151346629	1	0	2	1.5820839453468034
42200.0	2000.0	2270.944672803812	0.0	0	131.52500618076738	2470.944672803809	1	0	2	1.59030949374054
43200.0	2000.0	2170.944672803805	0.0	0	284.065475017087	2370.9446728037947	1	0	2	1.5996518038850331
44666.535305934485	2000.0	1557.7558362758687	0.0	0	0.0	2224.29114221035	1	0	2	1.6137679484836769
45477.339921972765	2000.0	1665.8707586337632	0.0	0	0.0	2143.2106806065276	1	0	2	1.6226421354478096
46200.0	2000.0	1870.9446728038083	0.0	0	161.60016992494639	2070.944672803802	1	0	2	1.6278463987638987
47649.588416071696	2000.0	1276.3974151249515	0.0	0	0.0	1925.985831196631	1	0	2	1.6366452492342916
48726.15640364655	2000.0	1092.172628792618	0.0	0	0.0	1818.3290324391564	1	0	2	1.645109170713956
49478.67605576233	2000.0	1339.6529766768376	0.0	0	0.0	1818.3290324391564	1	0	1	1.6468376328878205
50414.201029700205	2000.0	1404.1280027389594	0.0	0	0.0	1818.3290324391637	1	0	1	1.84683763288782
51551.29582204703	2000.0	1267.0332103921332	0.0	0	0.0	1818.3290324391637	1	0	1	1.84683763288782
52527.37436581738	1000.0	1290.9546666217825	0.0	0	0.0	1818.3290324391564	1	0	1	0.46054327176793014
53200.0	1000.0	1618.3290324391585	0.0	0	221.8170181648893	1818.3290324391564	1	0	1	1.1536904523278753
54200.0	1000.0	1618.3290324391587	0.0	0	528.4248737971793	1818.3290324391492	1	0	1	1.1536904523278757
55200.0	1000.0	1618.3290324391608	0.0	0	218.87082205350453	1818.3290324391492	1	0	1	1.1536904523278757
56200.0	1000.0	1618.3290324391592	0.0	0	310.95694944982824	1818.3290324391492	1	0	1	1.1536904523278757
57200.0	1000.0	1618.3290324391623	0.0	0	388.8589629942362	1818.3290324391492	1	0	1	1.1536904523278757
58200.0	1000.0	1618.3290324391605	0.0	0	439.91796094680467	1818.3290324391492	1	0	1	1.1536904523278757
59200.0	1000.0	1618.329032439158	0.0	0	508.40726550611	1818.3290324391492	1	0	1	1.1536904523278757
60200.0	1000.0	1618.3290324391592	0.0	0	617.4528765741052	1818.3290324391492	1	0	1	1.1536904523278757
61200.0	1000.0	1618.329032439159	0.0	0	601.4067159618862	1818.3290324391492	1	0	1	1.1536904523278757
62200.0	1000.0	1618.3290324391646	0.0	0	426.71212721336633	1818.3290324391492	1	0	1	1.1536904523278757
63200.0	1000.0	1618.329032439161	0.0	0	444.00229285914247	1818.3290324391419	1	0	1	1.1536904523278761
64200.0	1000.0	1618.329032439161	0.0	0	443.1343455436654	1818.3290324391419	1	0	1	1.1536904523278761
65200.0	1000.0	1618.3290324391621	0.0	0	337.50898651404714	1818.3290324391419	1	0	1	1.1536904523278761
66200.0	1000.0	1618.3290324391546	0.0	0	265.0307258563553	1818.3290324391419	1	0	1	1.1536904523278761
67200.0	2000.0	1618.3290324391453	0.0	0	186.71222549858794	1818.3290324391273	1	0	1	1.1536904523278766
68200.0	2000.0	1618.329032439141	0.0	0	122.67980467359303	1818.3290324391273	1	0	1	1.8468376328878222
69250.76446632278	2000.0	1567.564566116358	0.0	0	0.0	1818.3290324391128	1	0	1	1.846837632887823
70230.29931634381	2000.0	1588.0297160953428	0.0	0	0.0	1818.3290324391128	1	0	1	1.846837632887823
71200.0	2000.0	1618.3290324391594	0.0	0	252.33414718201675	1818.3290324391128	1	0	1	1.846837632887823
72279.04242420016	2000.0	1539.286608239005	0.0	0	0.0	1818.3290324391128	1	0	1	1.846837632887823
73200.0	2000.0	1618.3290324391637	0.0	0	87.1994711822772	1818.3290324391128	1	0	1	1.846837632887823
74200.0	2000.0	1618.3290324391771	0.0	0	390.59705628611846	1818.3290324391128	1	0	1	1.846837632887823
75435.62728158776	2000.0	1382.70175085142	0.0	0	0.0	1818.3290324391128	1	0	1	1.846837632887823
76200.0	2000.0	1618.3290324391899	0.0	0	168.63462536534644	1818.3290324391128	1	0	1	1.846837632887823
77200.0	2000.0	1618.329032439192	0.0	0	156.6682260587404	1818.3290324391128	1	0	1	1.846837632887823
78363.96142369379	2000.0	1454.3676087453848	0.0	0	0.0	1818.3290324391128	1	0	1	1.846837632887823
79656.5200088867	2000.0	1161.8090235524646	0.0	0	0.0	1818.3290324391128	1	0	1	1.846837632887823
80333.22895142848	2000.0	1485.1000810106918	0.0	0	0.0	1818.3290324391128	1	0	1	1.846837632887823
81710.37427613659	2000.0	1107.9547563025885	0.0	0	0.0	1818.3290324391273	1	0	1	1.8468376328878222
82957.9470987354	2000.0	860.3819337037767	0.0	0	0.0	1818.3290324391273	1	0	1	1.8468376328878222
84026.83224787665	2000.0	791.4967845625298	0.0	0	0.0	1818.3290324391128	1	0	1	1.846837632887823
84698.39502616576	2000.0	1119.9340062734123	0.0	0	0.0	1818.3290324391128	1	0	1	1.846837632887823
85444.98502098935	2000.0	1373.3440114498283	0.0	0	0.0	1818.3290324391128	1	0	1	1.846837632887823
86305.07433727196	2000.0	1513.2546951672207	0.0	0	0.0	1818.3290324391128	1	0	1	1.846837632887823
87200.0	2000.0	1618.3290324391887	0.0	0	104.63857270970766	1818.3290324391128	1	0	1	1.846837632887823
88308.04078388384	2000.0	1510.2882485553594	0.0	0	0.0	1818.3290324391128	1	0	1	1.846837632887823
89586.89616650839	2000.0	1231.4328659308112	0.0	0	0.0	1818.3290324391128	1	0	1	1.846837632887823
90771.22937518549	2000.0	1047.0996572537124	0.0	0	0.0	1818.3290324391128	1	0	1	1.846837632887823
91751.67239482385	2000.0	1066.656637615335	0.0	0	0.0	1818.3290324391128	1	0	1	1.846837632887823
92383.6714919466	2000.0	1434.6575404925898	0.0	0	0.0	1818.3290324391128	1	0	1	1.846837632887823
93200.0	2000.0	1618.329032439191	0.0	0	135.02167877246393	1818.3290324391273	1	0	1	1.8468376328878222
94200.0	2000.0	1618.3290324391878	0.0	0	304.25099567419966	1818.3290324391273	1	0	1	1.8468376328878222
95200.0	2000.0	1618.3290324391912	0.0	0	401.5936547902529	1818.3290324391273	1	0	1	1.8468376328878222
96354.95066895439	2000.0	1463.378363484802	0.0	0	0.0	1818.3290324391273	1	0	1	1.8468376328878222
97523.81554558752	2000.0	1294.5134868516677	0.0	0	0.0	1818.3290324391273	1	0	1	1.8468376328878222
99258.88135773774	2000.0	559.4476747014367	0.0	0	0.0	1818.3290324391273	1	0	1	1.8468376328878222
100242.03718019767	2000.0	576.2918522415082	0.0	0	0.0	1818.3290324391273	1	0	1	1.8468376328878222
101065.21624247442	2000.0	753.1127899647685	0.0	0	0.0	1818.3290324391273	1	0	1	1.8468376328878222
102373.95246833168	2000.0	444.3765641075105	0.0	0	0.0	1818.3290324391273	1	0	1	1.8468376328878222
103511.94464436099	2000.0	379.3914068799297	73.00701880173682	0	0.0	1891.3360512408544	1	0	1	1.4043118099795435
104708.81866485487	2000.0	366.21073259180406	183.69334620575933	0	0.0	2075.0293974466185	1	0	1	0.7274084458927035
105345.19630508983	1000.0	729.8330923568584	0.0	0	0.0	2075.0293974466185	1	0	1	0.44327416200736947
105734.53515247974	1000.0	1340.494244966943	0.0	0	0.0	2075.0293974466185	1	0	1	1.1364213425673146
106200.0	1000.0	1875.0293974466942	0.0	0	111.60485434610746	2075.0293974466185	1	0	1	1.1364213425673146
107200.0	1000.0	1875.0293974466842	0.0	0	623.718944491804	2075.0293974466185	1	0	1	1.1364213425673146
108200.0	2000.0	1875.0293974466992	0.0	0	102.2209955741564	2075.0293974466185	1	0	1	1.1364213425673144
109200.0	2000.0	1875.0293974467113	0.0	0	64.72218357001839	2075.0293974466185	1	0	1	1.8295685231272596
110200.0	1000.0	1875.0293974466936	0.0	0	381.7341464094643	2075.0293974466185	1	0	1	0.44327416200736947
111200.0	1000.0	1875.0293974466883	0.0	0	200.8686823037715	2075.0293974466185	1	0	1	1.1364213425673146
112200.0	1000.0	1875.0293974466674	0.0	0	485.13526352201006	2075.0293974466185	1	0	1	1.1364213425673146
113200.0	1000.0	1875.0293974466676	0.0	0	438.29912207448797	2075.029397446633	1	0	1	1.1364213425673135
114200.0	1000.0	1875.0293974466747	0.0	0	545.598389065839	2075.0293974466476	1	0	1	1.1364213425673124
115200.0	2000.0	1875.0293974466695	0.0	0	326.6693452631007	2075.029397446633	1	0	1	1.1364213425673133
116200.0	1000.0	1875.0293974466626	0.0	0	391.78617139163543	2075.0293974466185	1	0	1	0.44327416200736947
117200.0	1000.0	1875.029397446644	0.0	0	509.5880401137838	2075.0293974466185	1	0	1	1.1364213425673146
118200.0	1000.0	1875.0293974466604	0.0	0	428.0307539612986	2075.0293974466185	1	0	1	1.1364213425673146
119200.0	1000.0	1875.0293974466565	0.0	0	277.9686809480336	2075.0293974466185	1	0	1	1.1364213425673146
120200.0	1000.0	1875.029397446663	0.0	0	352.06738300785946	2075.029397446633	1	0	1	1.1364213425673135
121200.0	1000.0	1875.0293974466558	0.0	0	379.0449023266847	2075.029397446633	1	0	1	1.1364213425673135
122200.0	1000.0	1875.0293974466367	0.0	0	372.6669903462607	2075.029397446633	1	0	1	1.1364213425673135
123200.0	1000.0	1875.0293974466533	0.0	0	517.7543519517494	2075.029397446633	1	0	1	1.1364213425673135
124200.0	1000.0	1875.02939744666	0.0	0	339.0933981748094	2075.029397446633	1	0	1	1.1364213425673135
125200.0	1000.0	1875.0293974466624	0.0	0	352.9213532561698	2075.029397446633	1	0	1	1.1364213425673135
126200.0	1000.0	1875.0293974466751	0.0	0	541.5517987271596	2075.029397446633	1	0	1	1.1364213425673135
127200.0	1000.0	1875.029397446681	0.0	0	463.4272782023181	2075.029397446633	1	0	1	1.1364213425673135
128200.0	1000.0	1875.029397446683	0.0	0	488.05905266427726	2075.029397446633	1	0	1	1.1364213425673135
129200.0	1000.0	1875.0293974466817	0.0	0	700.8530983169476	2075.029397446633	1	0	1	1.1364213425673135
130200.0	1000.0	1875.0293974466813	0.0	0	435.5841069265007	2075.029397446633	1	0	1	1.1364213425673135
131314.04002127046	1000.0	1760.9893761762453	0.0	0	0.0	2075.0293974466476	1	0	1	1.1364213425673133
132200.0	1000.0	1875.0293974467054	0.0	0	293.13030345525476	2075.029397446662	1	0	1	1.1364213425673124
133200.0	1000.0	1875.0293974466924	0.0	0	580.136243913701	2075.029397446662	1	0	1	1.136421342567311
134200.0	1000.0	1875.02939744669	0.0	0	560.7045206529729	2075.029397446662	1	0	1	1.1364213425673113
135200.0	1000.0	1875.0293974466958	0.0	0	497.0926740061259	2075.029397446662	1	0	1	1.1364213425673113
136200.0	1000.0	1875.0293974466667	0.0	0	452.10764649815974	2075.029397446662	1	0	1	1.1364213425673113
137200.0	1000.0	1875.0293974466995	0.0	0	563.0244972697983	2075.029397446662	1	0	1	1.1364213425673113
138200.0	2000.0	1875.0293974466838	0.0	0	285.09065764330444	2075.029397446662	1	0	1	1.1364213425673113
139723.5559522327	2000.0	1351.4734452139587	0.0	0	0.0	2075.029397446662	1	0	1	1.8295685231272565
140290.8789609165	1000.0	1784.150436530153	0.0	0	0.0	2075.0293974466913	1	0	1	0.4432741620073639
141200.0	1000.0	1875.0293974466565	0.0	0	368.6831293780124	2075.0293974466913	1	0	1	1.136421342567309
142200.0	2000.0	1875.029397446665	0.0	0	432.73193921594066	2075.0293974466913	1	0	1	1.136421342567309
143200.0	2000.0	1875.0293974466829	0.0	0	319.6286898147082	2075.0293974466913	1	0	1	1.8295685231272543
144200.0	2000.0	1875.0293974466633	0.0	0	62.52671520895092	2075.0293974466913	1	0	1	1.8295685231272543
145200.0	2000.0	1875.0293974466874	0.0	0	127.71521753436537	2075.0293974466913	1	0	1	1.8295685231272543
146200.0	2000.0	1875.0293974466526	0.0	0	130.79961194322095	2075.0293974466913	1	0	1	1.8295685231272543
147200.0	2000.0	1875.0293974466417	0.0	0	184.53810176541447	2075.0293974466913	1	0	1	1.8295685231272543
148794.19244875788	2000.0	1280.8369486887407	0.0	0	0.0	2075.0293974466913	1	0	1	1.8295685231272543
149881.96136341093	2000.0	1193.0680340356869	0.0	0	0.0	2075.0293974466913	1	0	1	1.8295685231272543
150733.98711892669	2000.0	1341.04227851993	0.0	0	0.0	2075.029397446662	1	0	1	1.8295685231272565
151596.88468618382	2000.0	1478.1447112628139	0.0	0	0.0	2075.029397446662	1	0	1	1.8295685231272565
152383.9737142288	2000.0	1691.0556832178238	0.0	0	0.0	2075.029397446662	1	0	1	1.8295685231272565
153280.6244202607	2000.0	1794.4049771859227	0.0	0	0.0	2075.029397446633	1	0	1	1.8295685231272585
154200.0	2000.0	1875.0293974466022	0.0	0	249.73948469629977	2075.029397446633	1	0	1	1.8295685231272585
155262.6151273342	2000.0	1812.4142701123942	0.0	0	0.0	2075.029397446633	1	0	1	1.8295685231272585
156200.0	2000.0	1875.029397446582	0.0	0	180.72348681435687	2075.029397446633	1	0	1	1.8295685231272585
157200.0	2000.0	1875.0293974465744	0.0	0	332.1407790048688	2075.029397446633	1	0	1	1.8295685231272585
158200.0	2000.0	1875.0293974465867	0.0	0	217.3580709778762	2075.029397446633	1	0	1	1.8295685231272585
159323.93874283505	2000.0	1751.0906546115518	0.0	0	0.0	2075.029397446633	1	0	1	1.8295685231272585
160500.08555195128	2000.0	1574.943845495327	0.0	0	0.0	2075.029397446633	1	0	1	1.8295685231272585
161508.58367575734	2000.0	1566.445721689295	0.0	0	0.0	2075.029397446662	1	0	1	1.8295685231272565
162610.63389595938	2000.0	1464.3955014872602	0.0	0	0.0	2075.029397446662	1	0	1	1.8295685231272565
163543.38051283997	2000.0	1531.6488846066875	0.0	0	0.0	2075.029397446662	1	0	1	1.8295685231272565
164200.0	1000.0	1875.0293974466585	0.0	0	125.11617483349983	2075.029397446662	1	0	1	0.44327416200736613
165200.0	1000.0	1875.029397446649	0.0	0	475.17038578385836	2075.029397446662	1	0	1	1.1364213425673113
166200.0	1000.0	1875.0293974466529	0.0	0	402.949923787819	2075.029397446662	1	0	1	1.1364213425673113
167200.0	1000.0	1875.029397446675	0.0	0	501.22469477928826	2075.029397446662	1	0	1	1.1364213425673113
168200.0	1000.0	1875.0293974466788	0.0	0	546.9061076966173	2075.029397446633	1	0	1	1.1364213425673135
169200.0	1000.0	1875.0293974467145	0.0	0	673.7493833642802	2075.029397446633	1	0	1	1.1364213425673135
170200.0	2000.0	1875.0293974467195	0.0	0	401.67642703748425	2075.029397446633	1	0	1	1.1364213425673133
171200.0	2000.0	1875.0293974467445	0.0	0	223.48404358848347	2075.029397446633	1	0	1	1.8295685231272585
172200.0	2000.0	1875.0293974467447	0.0	0	156.92170645535225	2075.029397446633	1	0	1	1.8295685231272585
173261.67020301285	2000.0	1813.359194433875	0.0	0	0.0	2075.029397446604	1	0	1	1.8295685231272607
174200.0	2000.0	1875.0293974467365	0.0	0	180.70742441376206	2075.029397446604	1	0	1	1.8295685231272607
175200.0	2000.0	1875.029397446742	0.0	0	226.37974001240218	2075.029397446575	1	0	1	1.829568523127263
176200.0	2000.0	1875.029397446747	0.0	0	202.51041376570356	2075.029397446575	1	0	1	1.829568523127263
177200.0	2000.0	1875.0293974467336	0.0	0	82.4545967404847	2075.029397446604	1	0	1	1.8295685231272607
178200.0	2000.0	1875.0293974467477	0.0	0	33.59863244384178	2075.029397446604	1	0	1	1.8295685231272607
179200.0	2000.0	1875.029397446777	0.0	0	121.42385910640587	2075.029397446604	1	0	1	1.8295685231272607
180253.48207829744	2000.0	1821.5473191493406	0.0	0	0.0	2075.029397446604	1	0	1	1.8295685231272607
181704.8509044786	2000.0	1370.1784929681976	0.0	0	0.0	2075.029397446604	1	0	1	1.8295685231272607
182499.74872873139	2000.0	1575.2806687153825	0.0	0	0.0	2075.029397446575	1	0	1	1.829568523127263
183200.0	2000.0	1875.0293974467977	0.0	0	133.75081302481703	2075.029397446604	1	0	1	1.8295685231272607
184200.0	2000.0	1875.029397446766	0.0	0	118.98550926128519	2075.029397446633	1	0	1	1.829568523127259
185200.0	2000.0	1875.0293974467406	0.0	0	151.44795991588035	2075.029397446604	1	0	1	1.8295685231272607
186200.0	2000.0	1875.0293974467265	0.0	0	311.8703295427549	2075.029397446604	1	0	1	1.8295685231272607
187200.0	2000.0	1875.0293974467024	0.0	0	235.1134790047654	2075.029397446575	1	0	1	1.8295685231272625
188200.0	2000.0	1875.0293974467088	0.0	0	202.5188257530972	2075.029397446575	1	0	1	1.829568523127263
189398.47134795203	2000.0	1676.5580494946835	0.0	0	0.0	2075.029397446604	1	0	1	1.8295685231272607
190200.0	2000.0	1875.0293974467131	0.0	0	0.5613448242947925	2075.029397446604	1	0	1	1.8295685231272607
191200.0	2000.0	1875.0293974467334	0.0	0	162.60388874911587	2075.029397446633	1	0	1	1.8295685231272585
192200.0	2000.0	1875.029397446763	0.0	0	43.14270179424784	2075.029397446633	1	0	1	1.8295685231272585
193548.2276754889	2000.0	1526.801721957875	0.0	0	0.0	2075.029397446633	1	0	1	1.8295685231272585
194207.23043897326	2000.0	1867.7989584734971	0.0	0	0.0	2075.029397446633	1	0	1	1.8295685231272585
195200.0	2000.0	1875.029397446732	0.0	0	380.59469044589787	2075.029397446633	1	0	1	1.8295685231272585
196249.02544798786	2000.0	1826.0039494588452	0.0	0	0.0	2075.029397446633	1	0	1	1.8295685231272585
197401.23555239793	2000.0	1673.7938450487563	0.0	0	0.0	2075.029397446633	1	0	1	1.8295685231272585
198468.93868991086	2000.0	1606.090707535858	0.0	0	0.0	2075.029397446633	1	0	1	1.8295685231272585
199276.08125796265	2000.0	1798.9481394840923	0.0	0	0.0	2075.029397446633	1	0	1	1.8295685231272585
200405.25842942536	2000.0	1669.7709680213816	0.0	0	0.0	2075.029397446604	1	0	1	1.8295685231272607
201244.17998123931	1000.0	1830.8494162074314	0.0	0	0.0	2075.029397446633	1	0	1	0.4432741620073683
202200.0	1000.0	1875.0293974467374	0.0	0	280.76508305966854	2075.029397446633	1	0	1	1.1364213425673135
203200.0	1000.0	1875.0293974467365	0.0	0	501.41108597203856	2075.029397446662	1	0	1	1.1364213425673113
204200.0	1000.0	1875.0293974467518	0.0	0	331.38452643170604	2075.029397446662	1	0	1	1.1364213425673113
205200.0	1000.0	1875.0293974467452	0.0	0	477.9354997155315	2075.029397446662	1	0	1	1.1364213425673113
206200.0	1000.0	1875.0293974467486	0.0	0	391.2016811510257	2075.0293974466913	1	0	1	1.136421342567309
207200.0	1000.0	1875.0293974467602	0.0	0	501.31390125569305	2075.0293974466913	1	0	1	1.136421342567309
208200.0	1000.0	1875.0293974467304	0.0	0	678.8771544051124	2075.0293974466913	1	0	1	1.136421342567309
209200.0	1000.0	1875.029397446722	0.0	0	586.9866782007157	2075.0293974466913	1	0	1	1.136421342567309
210200.0	1000.0	1875.02939744671	0.0	0	436.42264517827425	2075.0293974466913	1	0	1	1.136421342567309
211200.0	1000.0	1875.029397446721	0.0	0	398.6140475794964	2075.0293974466913	1	0	1	1.136421342567309
212200.0	1000.0	1875.0293974467259	0.0	0	194.96896909552743	2075.0293974466913	1	0	1	1.136421342567309
213200.0	1000.0	1875.0293974467136	0.0	0	293.02122429024894	2075.0293974467204	1	0	1	1.1364213425673069
214200.0	1000.0	1875.0293974467063	0.0	0	370.825638672919	2075.0293974467204	1	0	1	1.1364213425673069
215303.93189863357	2000.0	1771.0974988131507	0.0	0	0.0	2075.0293974467204	1	0	1	1.1364213425673069
216200.0	2000.0	1875.0293974467638	0.0	0	56.85493994926219	2075.0293974467204	1	0	1	1.829568523127252
217200.0	2000.0	1875.02939744674	0.0	0	112.10500619391678	2075.0293974466913	1	0	1	1.8295685231272543
218322.52394875835	2000.0	1752.5054486883978	0.0	0	0.0	2075.029397446662	1	0	1	1.8295685231272565
219210.0859553169	2000.0	1864.9434421298513	0.0	0	0.0	2075.029397446662	1	0	1	1.8295685231272565
220200.0	2000.0	1875.0293974467565	0.0	0	313.3981721010641	2075.029397446662	1	0	1	1.8295685231272565
221273.90088234982	2000.0	1801.1285150969177	0.0	0	0.0	2075.029397446662	1	0	1	1.8295685231272565
222200.0	2000.0	1875.0293974467393	0.0	0	65.35492142179282	2075.029397446662	1	0	1	1.8295685231272565
223200.0	2000.0	1875.029397446756	0.0	0	452.31201304731076	2075.029397446662	1	0	1	1.8295685231272565
224200.0	2000.0	1875.0293974467565	0.0	0	101.64236558132689	2075.029397446662	1	0	1	1.8295685231272565
225332.0151417173	2000.0	1743.0142557294823	0.0	0	0.0	2075.029397446662	1	0	1	1.8295685231272565
226200.0	2000.0	1875.0293974467613	0.0	0	141.01188218060997	2075.029397446662	1	0	1	1.8295685231272565
227200.0	2000.0	1875.0293974467597	0.0	0	279.74438229977386	2075.029397446662	1	0	1	1.8295685231272565
228475.8085058446	2000.0	1599.2208916022014	0.0	0	0.0	2075.029397446662	1	0	1	1.8295685231272565
229261.32812684862	2000.0	1813.7012705981517	0.0	0	0.0	2075.029397446633	1	0	1	1.8295685231272585
230200.0	2000.0	1875.0293974467618	0.0	0	74.45591193210566	2075.029397446604	1	0	1	1.8295685231272607
231584.10341330434	2000.0	1490.9259841424175	0.0	0	0.0	2075.029397446604	1	0	1	1.8295685231272607
232701.584976288	2000.0	1373.444421158758	0.0	0	0.0	2075.029397446604	1	0	1	1.8295685231272594
233269.7318519264	2000.0	1805.297545520351	0.0	0	0.0	2075.029397446604	1	0	1	1.8295685231272607
234200.0	2000.0	1875.029397446734	0.0	0	174.40571489665308	2075.029397446604	1	0	1	1.8295685231272607
235200.0	2000.0	1875.0293974467374	0.0	0	417.74600084417034	2075.029397446604	1	0	1	1.8295685231272607
236429.62947021145	2000.0	1645.3999272353058	0.0	0	0.0	2075.029397446633	1	0	1	1.8295685231272585
237508.15956244737	2000.0	1566.8698349993947	0.0	0	0.0	2075.029397446633	1	0	1	1.8295685231272585
238403.37599423248	2000.0	1671.653403214275	0.0	0	0.0	2075.029397446604	1	0	1	1.8295685231272607
239540.8209002637	2000.0	1534.2084971830157	0.0	0	0.0	2075.029397446604	1	0	1	1.8295685231272607
240200.0	1000.0	1875.0293974467077	0.0	0	174.16185112690437	2075.029397446575	1	0	1	0.44327416200737274
241200.0	1000.0	1875.0293974467356	0.0	0	356.0019443818892	2075.029397446575	1	0	1	1.136421342567318
242200.0	2000.0	1875.0293974467054	0.0	0	74.2290821109782	2075.029397446604	1	0	1	1.1364213425673155
243200.0	2000.0	1875.029397446715	0.0	0	426.55635340194567	2075.029397446604	1	0	1	1.8295685231272603
244200.0	2000.0	1875.0293974467183	0.0	0	422.318116662791	2075.029397446604	1	0	1	1.8295685231272607
245200.0	2000.0	1875.0293974467043	0.0	0	207.32619555710698	2075.029397446604	1	0	1	1.8295685231272607
246200.0	1000.0	1875.0293974467015	0.0	0	286.397671334038	2075.029397446633	1	0	1	0.4432741620073688
247401.5686786534	2000.0	1673.460718793316	0.0	0	0.0	2075.029397446633	1	0	1	1.1364213425673133
248200.0	1000.0	1875.0293974467102	0.0	0	273.3094703229144	2075.029397446662	1	0	1	0.44327416200736613
249200.0	1000.0	1875.0293974467208	0.0	0	533.0119054897805	2075.029397446662	1	0	1	1.1364213425673113
250386.24452611408	2000.0	1688.7848713326393	0.0	0	0.0	2075.0293974466913	1	0	1	1.136421342567309
251712.82769028697	2000.0	1362.201707159731	0.0	0	0.0	2075.0293974466913	1	0	1	1.8295685231272543
252953.14913128404	2000.0	1121.8802661626257	0.0	0	0.0	2075.029397446633	1	0	1	1.8295685231272576
253723.92117186575	1000.0	1351.1082255808935	0.0	0	0.0	2075.029397446633	1	0	1	0.443274162007367
254200.0	1000.0	1875.0293974466579	0.0	0	34.33200519293314	2075.029397446633	1	0	1	1.1364213425673135
255200.0	1000.0	1875.0293974466604	0.0	0	568.6182428366155	2075.029397446604	1	0	1	1.1364213425673158
256200.0	1000.0	1875.0293974466906	0.0	0	637.7283627034049	2075.029397446633	1	0	1	1.1364213425673135
257200.0	1000.0	1875.0293974467131	0.0	0	372.88241293950705	2075.029397446633	1	0	1	1.1364213425673135
258200.0	1000.0	1875.0293974467397	0.0	0	230.75057710311376	2075.029397446662	1	0	1	1.1364213425673113
259200.0	1000.0	1875.0293974467463	0.0	0	491.0799886075256	2075.029397446662	1	0	1	1.1364213425673113
260200.0	1000.0	1875.029397446772	0.0	0	359.162928038917	2075.029397446662	1	0	1	1.1364213425673113
261200.0	1000.0	1875.0293974467672	0.0	0	321.61204770058976	2075.029397446662	1	0	1	1.1364213425673113
262200.0	1000.0	1875.0293974467584	0.0	0	514.990486580471	2075.029397446662	1	0	1	1.1364213425673113
263200.0	1000.0	1875.0293974468018	0.0	0	561.1800408965792	2075.0293974467204	1	0	1	1.1364213425673078
264200.0	1000.0	1875.029397446786	0.0	0	583.3923324184725	2075.0293974467204	1	0	1	1.1364213425673073
265200.0	1000.0	1875.0293974468007	0.0	0	463.594877731055	2075.0293974467204	1	0	1	1.1364213425673069
266200.0	1000.0	1875.0293974468022	0.0	0	467.3962306207395	2075.029397446662	1	0	1	1.1364213425673113
267200.0	1000.0	1875.0293974468466	0.0	0	40.62194453604752	2075.029397446662	1	0	1	1.1364213425673113
268200.0	1000.0	1875.0293974467816	0.0	0	352.7268492152798	2075.0293974465458	1	0	1	1.1364213425673193
269200.0	1000.0	1875.0293974467756	0.0	0	344.8305905851885	2075.029397446604	1	0	1	1.1364213425673166
270200.0	1000.0	1875.0293974467218	0.0	0	293.4331367095001	2075.0293974465458	1	0	1	1.1364213425673193
271200.0	1000.0	1875.029397446666	0.0	0	445.81454067945015	2075.0293974465458	1	0	1	1.1364213425673202
272200.0	1000.0	1875.0293974466415	0.0	0	389.53142492851475	2075.029397446604	1	0	1	1.1364213425673158
273200.0	1000.0	1875.0293974465794	0.0	0	449.87738439429086	2075.0293974465458	1	0	1	1.1364213425673202
274200.0	1000.0	1875.0293974465415	0.0	0	389.884066084458	2075.0293974465458	1	0	1	1.1364213425673202
275200.0	1000.0	1875.0293974465512	0.0	0	376.6603502591024	2075.0293974465458	1	0	1	1.1364213425673202
276200.0	1000.0	1875.0293974464798	0.0	0	305.7188267328311	2075.0293974465458	1	0	1	1.1364213425673202
277200.0	1000.0	1875.029397446452	0.0	0	467.5189129956998	2075.0293974465458	1	0	1	1.1364213425673202
278200.0	1000.0	1875.0293974464796	0.0	0	589.4974110219046	2075.0293974465458	1	0	1	1.1364213425673202
279200.0	1000.0	1875.029397446458	0.0	0	604.7797049848596	2075.0293974465458	1	0	1	1.1364213425673202
280200.0	1000.0	1875.0293974465262	0.0	0	414.84600914787734	2075.0293974465458	1	0	1	1.1364213425673202
281200.0	1000.0	1875.0293974465594	0.0	0	495.2222863343195	2075.029397446604	1	0	1	1.1364213425673158
282200.0	1000.0	1875.029397446507	0.0	0	546.9049583619344	2075.029397446604	1	0	1	1.1364213425673158
283200.0	1000.0	1875.0293974465633	0.0	0	545.1623904120643	2075.029397446604	1	0	1	1.1364213425673158
284200.0	1000.0	1875.029397446586	0.0	0	653.275341951754	2075.029397446604	1	0	1	1.1364213425673158
285200.0	1000.0	1875.0293974465678	0.0	0	656.1508666490554	2075.029397446604	1	0	1	1.1364213425673158
286314.1751575403	2000.0	1760.8542399062624	0.0	0	0.0	2075.0293974465458	1	0	1	1.13642134256732
287617.5001656447	2000.0	1457.5292318018157	0.0	0	0.0	2075.0293974464876	1	0	1	1.829568523127266
288781.5272190381	2000.0	1293.5021784083672	0.0	0	0.0	2075.0293974465458	1	0	1	1.8295685231272651
289405.0274856552	1000.0	1670.0019117912277	0.0	0	0.0	2075.0293974464876	1	0	1	0.4432741620073794
290200.0	1000.0	1875.029397446494	0.0	0	415.9482242427184	2075.0293974465458	1	0	1	1.1364213425673202
291200.0	2000.0	1875.029397446486	0.0	0	389.7132370083709	2075.0293974465458	1	0	1	1.13642134256732
292200.0	2000.0	1875.0293974465403	0.0	0	435.31545958074275	2075.0293974465458	1	0	1	1.8295685231272651
293200.0	2000.0	1875.0293974464828	0.0	0	158.35150668612914	2075.029397446604	1	0	1	1.8295685231272607
294200.0	2000.0	1875.0293974465094	0.0	0	140.70469653216423	2075.029397446604	1	0	1	1.8295685231272607
295436.1844864779	2000.0	1638.844910968629	0.0	0	0.0	2075.029397446604	1	0	1	1.8295685231272607
296591.6011331509	2000.0	1483.4282642956807	0.0	0	0.0	2075.029397446604	1	0	1	1.8295685231272607
298133.7735272411	2000.0	941.2558702055671	0.0	0	0.0	2075.029397446604	1	0	1	1.8295685231272607
298958.7036787373	2000.0	1116.3257187093325	0.0	0	0.0	2075.029397446604	1	0	1	1.8295685231272607
299721.52916966897	2000.0	1353.5002277775973	0.0	0	0.0	2075.0293974465458	1	0	1	1.8295685231272625
300914.43267890904	2000.0	1160.5967185375653	0.0	0	0.0	2075.0293974465458	1	0	1	1.8295685231272651
1.48	2.54	3.13	2.66	1.48	1.68	1.95	1.81	2.13	2.0	2.37	2.31	2.35	2.55	3.53	2.42	1.93	1.92	1.77	2.43	2.33	2.06	2.85	2.27	3.48	1.29	1.58	2.55	2.88	1.51	2.62	2.4	2.18	1.92	2.15	2.48	3.34	2.36	1.11	2.41	3.04	1.39	1.9	2.09	1.85	1.7	1.37	2.06	1.83	1.67	1.38	2.35	2.66	3.02	2.12	2.22	2.37	1.22	2.37	1.66	2.12	2.68	2.39	2.53	2.14	3.12	1.84	3.41	2.55	1.98	2.63	2.71	2.07	1.85	2.51	1.84	1.12	1.98	2.72	3.3	2.85	1.73	2.17	1.85	1.31	1.73	2.49	2.95	3.65	2.19	1.95	1.96	1.29	2.03	2.36	2.0	1.97	1.56	1.42	1.81	3.5	2.34	1.78	1.76	1.67	1.71	1.77	2.53	2.49	2.25	1.93	1.38	1.39	1.88	1.75	1.66	1.71	2.25	1.68	2.0	2.07	1.24	3.23	2.47	1.74	1.01	3.13	2.22	2.46	2.26	2.58	2.39	1.88	1.09	2.25	2.63	3.43	2.32	2.06	2.22	1.71	2.13	1.56	1.74	2.42	1.93	3.28	2.49	2.4	0.72	1.48	2.54	3.13	2.66	1.48	1.68	1.95	1.81	2.13	2.0	2.37	2.31	2.35	2.55	3.53	2.42	1.93	1.92	1.77	2.43	2.33	2.06	2.85	2.27	3.48	1.29	1.58	2.55	2.88	1.51	2.62	2.4	2.18	1.92	2.15	2.48	3.34	2.36	1.11	2.41	3.04	1.39	1.9	2.09	1.85	1.7	1.37	2.06	1.83	1.67	1.38	2.35	2.66	3.02	2.12	2.22	2.37	1.22	2.37	1.66	2.12	2.68	2.39	2.53	2.14	3.12	1.84	3.41	2.55	1.98	2.63	2.71	2.07	1.85	2.51	1.84	1.12	1.98	2.72	3.3	2.85	1.73	2.17	1.85	1.31	1.73	2.49	2.95	3.65	2.19	1.95	1.96	1.29	2.03	2.36	2.0	1.97	1.56	1.42	1.81	3.5	2.34	1.78	1.76	1.67	1.71	1.77	2.53	2.49	2.25	1.93	1.38	1.39	1.88	1.75	1.66	1.71	2.25	1.68	2.0	2.07	1.24	3.23	2.47	1.74	1.01	3.13	2.22	2.46	2.26	2.58	2.39	1.88	1.09	2.25	2.63	3.43	2.32	2.06	2.22	1.71	2.13	1.56	1.74	2.42	1.93	3.28	2.49
1.0	2.0	3.0	4.0	5.0	6.0	7.0	8.0	9.0	10.0	11.0	12.0	13.0	14.0	15.0	16.0	17.0	18.0	19.0	20.0	21.0	22.0	23.0	24.0	25.0	26.0	27.0	28.0	29.0	30.0	31.0	32.0	33.0	34.0	35.0	36.0	37.0	38.0	39.0	40.0	41.0	42.0	43.0	44.0	45.0	46.0	47.0	48.0	49.0	50.0	51.0	52.0	53.0	54.0	55.0	56.0	57.0	58.0	59.0	60.0	61.0	62.0	63.0	64.0	65.0	66.0	67.0	68.0	69.0	70.0	71.0	72.0	73.0	74.0	75.0	76.0	77.0	78.0	79.0	80.0	81.0	82.0	83.0	84.0	85.0	86.0	87.0	88.0	89.0	90.0	91.0	92.0	93.0	94.0	95.0	96.0	97.0	98.0	99.0	100.0	101.0	102.0	103.0	104.0	105.0	106.0	107.0	108.0	109.0	110.0	111.0	112.0	113.0	114.0	115.0	116.0	117.0	118.0	119.0	120.0	121.0	122.0	123.0	124.0	125.0	126.0	127.0	128.0	129.0	130.0	131.0	132.0	133.0	134.0	135.0	136.0	137.0	138.0	139.0	140.0	141.0	142.0	143.0	144.0	145.0	146.0	147.0	148.0	149.0	149.0	150.0	151.0	152.0	153.0	154.0	155.0	156.0	157.0	158.0	159.0	160.0	161.0	162.0	163.0	164.0	165.0	166.0	167.0	168.0	169.0	170.0	171.0	172.0	173.0	174.0	175.0	176.0	177.0	178.0	179.0	180.0	181.0	182.0	183.0	184.0	185.0	186.0	187.0	188.0	189.0	190.0	191.0	192.0	193.0	194.0	195.0	196.0	197.0	198.0	199.0	200.0	201.0	202.0	203.0	204.0	205.0	206.0	207.0	208.0	209.0	210.0	211.0	212.0	213.0	214.0	215.0	216.0	217.0	218.0	219.0	220.0	221.0	222.0	223.0	224.0	225.0	226.0	227.0	228.0	229.0	230.0	231.0	232.0	233.0	234.0	235.0	236.0	237.0	238.0	239.0	240.0	241.0	242.0	243.0	244.0	245.0	246.0	247.0	248.0	249.0	250.0	251.0	252.0	253.0	254.0	255.0	256.0	257.0	258.0	259.0	260.0	261.0	262.0	263.0	264.0	265.0	266.0	267.0	268.0	269.0	270.0	271.0	272.0	273.0	274.0	275.0	276.0	277.0	278.0	279.0	280.0	281.0	282.0	283.0	284.0	285.0	286.0	287.0	288.0	289.0	290.0	291.0	292.0	293.0	294.0	295.0	296.0	297.0
5580.683106524938
