3774.2846190555288	300.0	2000.0	152.32153284933307	0	0.0	3774.2846190555288	1	0	1	-1.283219232406455
3933.8038768352803	300.0	2824.528816442273	0.0	0	0.0	3758.3326932775535	1	0	2	-0.7754423257287709
4200.0	500.0	3531.7130809610812	0.0	0	76.41418362656805	3731.7130809610812	1	0	2	-0.568770988833498
5200.0	500.0	3431.7130809610812	0.0	0	836.4488215638676	3631.713080961081	1	0	2	-0.0346191163390389
6200.0	500.0	3331.713080961082	0.0	0	859.103505715364	3531.7130809610817	1	0	2	-0.0035475469099061976
7200.0	500.0	3231.713080961082	0.0	0	835.0596099322984	3431.7130809610812	1	0	2	0.02502759599579446
8200.0	1000.0	3131.713080961083	0.0	0	820.0425213735016	3331.7130809610826	1	0	2	0.051269313579570985
9200.0	1000.0	3031.7130809610835	0.0	0	731.3361439642213	3231.7130809610835	1	0	2	0.7684836860229638
10200.0	2000.0	2931.713080961081	0.0	0	556.3329748569267	3131.7130809610826	1	0	2	0.7907606462636771
11200.0	3000.0	2831.7130809610817	0.0	0	381.55943316236335	3031.7130809610835	1	0	2	1.504317826198705
12200.0	3000.0	2731.7130809610812	0.0	0	375.1321691128305	2931.713080961079	1	0	2	1.927943850725352
13200.0	3000.0	2731.713080961081	0.0	0	288.61503899858144	2931.713080961079	1	0	1	1.9347375519831918
14200.0	3000.0	2731.713080961081	0.0	0	211.82354515900442	2931.713080961079	1	0	1	2.134737551983192
15200.0	3000.0	2731.713080961079	0.0	0	75.98085760897084	2931.713080961077	1	0	1	2.1347375519831924
16200.0	3000.0	2731.713080961079	0.0	0	431.5081493793605	2931.713080961077	1	0	1	2.1347375519831924
17200.0	3000.0	2731.7130809610817	0.0	0	242.87491301994305	2931.713080961079	1	0	1	2.134737551983192
18200.0	3000.0	2631.713080961082	0.0	0	365.7680406035761	2831.713080961081	1	0	2	1.745076722341051
19200.0	3000.0	2531.713080961083	0.0	0	187.0091659438258	2731.7130809610826	1	0	2	1.9605874062616881
20200.0	3000.0	2431.713080961082	0.0	0	298.5336255524344	2631.7130809610826	1	0	2	1.974323033005799
21200.0	3000.0	2431.7130809610812	0.0	0	298.9003776169375	2631.7130809610826	1	0	1	1.979269933589907
22200.0	3000.0	2431.71308096108	0.0	0	309.0234625854646	2631.7130809610826	1	0	1	2.1792699335899073
23200.0	3000.0	2431.713080961083	0.0	0	463.67729503756345	2631.7130809610826	1	0	1	2.1792699335899073
24200.0	3000.0	2431.7130809610835	0.0	0	419.6409382356687	2631.7130809610826	1	0	1	2.1792699335899073
25200.0	3000.0	2431.713080961086	0.0	0	502.57486397392495	2631.713080961079	1	0	1	2.1792699335899077
27046.52338142728	6000.0	1585.1896995338052	0.0	0	0.0	2631.713080961079	1	0	1	2.1792699335899077
27683.75859312659	3000.0	1947.9544878344975	0.0	0	0.0	2631.713080961079	1	0	1	1.4861227530299628
28492.24279309039	3000.0	2139.4702878706958	0.0	0	0.0	2631.713080961079	1	0	1	2.1792699335899077
29246.168481050016	3000.0	2385.544599911071	0.0	0	0.0	2631.713080961079	1	0	1	2.1792699335899077
30200.0	3000.0	2431.7130809610876	0.0	0	370.0083021221544	2631.7130809610826	1	0	1	2.1792699335899073
31200.0	3000.0	2431.7130809610876	0.0	0	371.477162105115	2631.713080961079	1	0	1	2.1792699335899077
32200.0	3000.0	2431.7130809610835	0.0	0	249.50899969078455	2631.713080961079	1	0	1	2.1792699335899077
33200.0	3000.0	2431.713080961081	0.0	0	408.42885113601733	2631.713080961079	1	0	1	2.1792699335899077
34200.0	3000.0	2431.7130809610803	0.0	0	328.65102222556015	2631.713080961079	1	0	1	2.1792699335899077
35200.0	3000.0	2431.7130809610862	0.0	0	546.0930191132502	2631.7130809610826	1	0	1	2.1792699335899073
36200.0	3000.0	2431.7130809610767	0.0	0	276.8679212242205	2631.7130809610826	1	0	1	2.1792699335899073
37200.0	3000.0	2431.7130809610744	0.0	0	225.1962359969475	2631.7130809610826	1	0	1	2.1792699335899073
38200.0	3000.0	2431.7130809610635	0.0	0	186.18826035764505	2631.7130809610826	1	0	1	2.1792699335899073
39200.0	3000.0	2431.713080961067	0.0	0	237.83604339034355	2631.7130809610826	1	0	1	2.1792699335899073
40200.0	3000.0	2431.713080961065	0.0	0	47.952747967938194	2631.7130809610826	1	0	1	2.1792699335899073
41200.0	3000.0	2431.7130809610712	0.0	0	230.75212664898572	2631.71308096109	1	0	1	2.1792699335899064
42200.0	3000.0	2431.7130809610717	0.0	0	412.5913594042431	2631.71308096109	1	0	1	2.1792699335899064
43200.0	3000.0	2431.713080961075	0.0	0	427.27935995124426	2631.71308096109	1	0	1	2.1792699335899064
44200.0	3000.0	2431.713080961077	0.0	0	467.4730434490484	2631.71308096109	1	0	1	2.1792699335899064
45420.5795511437	3000.0	2211.13352981738	0.0	0	0.0	2631.71308096109	1	0	1	2.1792699335899064
46265.70374574185	3000.0	2366.0093352192303	0.0	0	0.0	2631.71308096109	1	0	1	2.1792699335899064
47200.0	3000.0	2338.2834555352642	0.0	0	211.43698773317738	2538.2834555352747	1	0	2	1.78683082619463
48200.0	3000.0	2338.2834555352624	0.0	0	546.8778458905654	2538.2834555352747	1	0	1	1.9907901399994243
49200.0	3000.0	2338.283455535258	0.0	0	580.406151752024	2538.2834555352747	1	0	1	2.1907901399994243
50200.0	3000.0	2338.2834555352642	0.0	0	519.3539860442033	2538.2834555352747	1	0	1	2.1907901399994243
51835.58474926544	6000.0	1702.698706269819	0.0	0	0.0	2538.2834555352747	1	0	1	2.1907901399994243
52494.86881516535	3000.0	2043.414640369916	0.0	0	0.0	2538.2834555352747	1	0	1	1.4976429594394796
53934.91966217453	6000.0	1603.3637933607365	0.0	0	0.0	2538.2834555352747	1	0	1	2.1907901399994243
55780.8841009608	6000.0	757.3993545744681	0.0	0	0.0	2538.2834555352747	1	0	1	2.8839373205593692
56558.27050610206	3000.0	980.0129494332124	0.0	0	0.0	2538.2834555352747	1	0	1	1.4976429594394796
57152.64042047785	3000.0	1385.64303505743	0.0	0	0.0	2538.2834555352747	1	0	1	2.1907901399994243
57715.62082257456	3000.0	1822.6626329607252	0.0	0	0.0	2538.2834555352747	1	0	1	2.1907901399994243
58257.05552269935	3000.0	2281.2279328359327	0.0	0	0.0	2538.2834555352747	1	0	1	2.1907901399994243
59200.0	3000.0	2338.283455535281	0.0	0	456.6681791719093	2538.2834555352674	1	0	1	2.190790139999425
60200.0	3000.0	2338.2834555352765	0.0	0	381.9415664121043	2538.28345553526	1	0	1	2.190790139999426
61200.0	3000.0	2338.2834555352683	0.0	0	456.6725860104343	2538.28345553526	1	0	1	2.190790139999426
62200.0	3000.0	2338.283455535263	0.0	0	94.96480320129194	2538.283455535253	1	0	1	2.190790139999427
63200.0	3000.0	2338.2834555352715	0.0	0	272.02090618474176	2538.283455535253	1	0	1	2.190790139999427
64200.0	3000.0	2338.283455535269	0.0	0	278.5045710736522	2538.283455535253	1	0	1	2.190790139999427
65200.0	3000.0	2338.2834555352615	0.0	0	562.4561569715806	2538.283455535253	1	0	1	2.190790139999427
66200.0	3000.0	2338.2834555352624	0.0	0	535.108900944826	2538.283455535253	1	0	1	2.190790139999427
67308.99902018595	6000.0	2229.284435349319	0.0	0	0.0	2538.283455535253	1	0	1	2.190790139999427
68279.85632525844	6000.0	2258.4271302768157	0.0	0	0.0	2538.2834555352456	1	0	1	2.883937320559373
69687.46973291703	6000.0	1850.813722618235	0.0	0	0.0	2538.28345553526	1	0	1	2.883937320559371
70737.10817599902	3000.0	1801.175279536242	0.0	0	0.0	2538.28345553526	1	0	1	1.4976429594394811
71585.14607840372	3000.0	1953.137377131528	0.0	0	0.0	2538.28345553526	1	0	1	2.190790139999426
72626.581842772	3000.0	1911.7016127632623	0.0	0	0.0	2538.28345553526	1	0	1	2.190790139999426
73567.04384050397	3000.0	1971.2396150312793	0.0	0	0.0	2538.28345553526	1	0	1	2.190790139999426
74200.0	3000.0	2338.2834555352492	0.0	0	185.4639167025307	2538.28345553526	1	0	1	2.190790139999426
75200.0	3000.0	2338.2834555352383	0.0	0	480.5145970257581	2538.28345553526	1	0	1	2.190790139999426
76200.0	3000.0	2338.283455535231	0.0	0	373.3685125724878	2538.2834555352747	1	0	1	2.1907901399994243
77200.0	3000.0	2238.2834555352374	0.0	0	308.69799229389173	2438.2834555352747	1	0	2	1.7977764496410222
78200.0	3000.0	2238.2834555352483	0.0	0	245.83293325826526	2438.2834555352747	1	0	1	2.002050362900106
79200.0	3000.0	2238.2834555352388	0.0	0	285.14514031622093	2438.2834555352747	1	0	1	2.2020503629001063
80200.0	3000.0	2238.2834555352383	0.0	0	253.05436197019299	2438.2834555352747	1	0	1	2.2020503629001063
81200.0	3000.0	2238.283455535232	0.0	0	362.73806501578656	2438.2834555352892	1	0	1	2.2020503629001045
82200.0	3000.0	2238.2834555352306	0.0	0	254.8337202512921	2438.2834555352892	1	0	1	2.2020503629001045
83200.0	3000.0	2238.283455535221	0.0	0	147.49497923957824	2438.2834555352892	1	0	1	2.2020503629001045
84200.0	3000.0	2238.2834555352297	0.0	0	382.4525620443019	2438.2834555352892	1	0	1	2.2020503629001045
85200.0	3000.0	2238.283455535235	0.0	0	426.14695762790507	2438.283455535304	1	0	1	2.202050362900103
86200.0	3000.0	2238.283455535212	0.0	0	373.22256088604627	2438.283455535304	1	0	1	2.202050362900103
87200.0	3000.0	2238.2834555352088	0.0	0	182.41606301939464	2438.2834555352892	1	0	1	2.2020503629001045
88200.0	3000.0	2238.2834555352033	0.0	0	136.36881008975615	2438.2834555352892	1	0	1	2.2020503629001045
89200.0	3000.0	2238.2834555351974	0.0	0	392.3194810993882	2438.2834555352892	1	0	1	2.2020503629001045
90200.0	3000.0	2238.2834555352097	0.0	0	418.71655941441713	2438.283455535304	1	0	1	2.202050362900103
91200.0	3000.0	2238.2834555352188	0.0	0	354.4233511939092	2438.2834555352892	1	0	1	2.2020503629001045
92200.0	3000.0	2238.283455535215	0.0	0	493.66523259291716	2438.2834555352892	1	0	1	2.2020503629001045
93200.0	3000.0	2238.2834555352197	0.0	0	442.51534875870857	2438.2834555352892	1	0	1	2.2020503629001045
94200.0	3000.0	2238.2834555352233	0.0	0	308.6677337222791	2438.2834555352892	1	0	1	2.2020503629001045
95200.0	3000.0	2238.283455535211	0.0	0	366.5064358895761	2438.2834555352747	1	0	1	2.2020503629001063
96200.0	3000.0	2238.2834555352033	0.0	0	72.3850575567194	2438.2834555352747	1	0	1	2.2020503629001063
97200.0	3000.0	2238.2834555352024	0.0	0	429.03506936656777	2438.2834555352892	1	0	1	2.2020503629001045
98200.0	3000.0	2238.283455535201	0.0	0	347.5694902707328	2438.2834555352892	1	0	1	2.2020503629001045
99200.0	3000.0	2138.2834555352024	0.0	0	236.7852001406718	2338.283455535304	1	0	2	1.8088755598443558
100200.0	3000.0	2138.283455535202	0.0	0	250.46539416347514	2338.283455535304	1	0	1	2.0122955304547934
101200.0	3000.0	2138.283455535186	0.0	0	382.9661977851938	2338.283455535304	1	0	1	2.2122955304547935
102200.0	3000.0	2138.283455535204	0.0	0	295.7383740501973	2338.2834555353184	1	0	1	2.212295530454792
103212.93218290174	3000.0	2125.35127263348	0.0	0	0.0	2338.2834555353184	1	0	1	2.212295530454792
104200.0	3000.0	2138.2834555352324	0.0	0	180.26016820165387	2338.2834555353184	1	0	1	2.212295530454792
105200.0	3000.0	2138.2834555352247	0.0	0	440.8913749711355	2338.2834555353184	1	0	1	2.212295530454792
106200.0	3000.0	2138.283455535214	0.0	0	492.23233347841597	2338.2834555353184	1	0	1	2.212295530454792
107200.0	3000.0	2138.2834555352115	0.0	0	506.0236608605337	2338.283455535333	1	0	1	2.2122955304547904
108200.0	3000.0	2138.2834555352165	0.0	0	458.23285259873956	2338.2834555353475	1	0	1	2.212295530454789
109931.44038888415	6000.0	1406.8430666510667	0.0	0	0.0	2338.2834555353475	1	0	1	2.212295530454789
110492.17601097404	3000.0	1846.1074445611737	0.0	0	0.0	2338.283455535362	1	0	1	1.5191483498948426
111436.96511200507	3000.0	1901.3183435301278	0.0	0	0.0	2338.283455535362	1	0	1	2.2122955304547878
112200.0	3000.0	2138.2834555352047	0.0	0	5.991071026248392	2338.283455535362	1	0	1	2.2122955304547878
113200.0	3000.0	2138.2834555352138	0.0	0	422.6042695125652	2338.2834555353475	1	0	1	2.212295530454789
114200.0	3000.0	2138.283455535221	0.0	0	212.6753820754093	2338.2834555353475	1	0	1	2.212295530454789
115200.0	3000.0	2138.2834555352365	0.0	0	253.61973284484702	2338.2834555353475	1	0	1	2.212295530454789
116200.0	3000.0	2138.28345553524	0.0	0	258.6047302309016	2338.2834555353475	1	0	1	2.212295530454789
117215.02442367231	3000.0	2123.25903186293	0.0	0	0.0	2338.2834555353475	1	0	1	2.212295530454789
118200.0	3000.0	2138.2834555352347	0.0	0	206.79109842414618	2338.283455535333	1	0	1	2.2122955304547904
119200.0	3000.0	2138.28345553523	0.0	0	603.3172624322324	2338.283455535333	1	0	1	2.2122955304547904
120200.0	3000.0	2138.2834555352183	0.0	0	597.3882662625401	2338.283455535333	1	0	1	2.2122955304547904
121200.0	3000.0	2138.2834555352033	0.0	0	554.40477715632	2338.283455535333	1	0	1	2.2122955304547904
122200.0	3000.0	2138.2834555351965	0.0	0	524.9114340740343	2338.2834555353475	1	0	1	2.212295530454789
123200.0	6000.0	2138.2834555351906	0.0	0	285.772834713629	2338.283455535333	1	0	1	2.2122955304547904
124209.61170808644	6000.0	2128.6717474487486	0.0	0	0.0	2338.2834555353475	1	0	1	2.905442711014734
125288.16262640478	6000.0	2050.120829130402	0.0	0	0.0	2338.2834555353475	1	0	1	2.905442711014734
126633.39346451209	6000.0	1704.8899910230919	0.0	0	0.0	2338.283455535333	1	0	1	2.905442711014735
127523.61597945663	6000.0	1814.6674760785472	0.0	0	0.0	2338.2834555353184	1	0	1	2.9054427110147367
128917.53502686927	6000.0	1420.748428665926	0.0	0	0.0	2338.283455535333	1	0	1	2.905442711014736
129809.40875469433	6000.0	1528.8747008408473	0.0	0	0.0	2338.2834555353184	1	0	1	2.9054427110147367
130913.46438702426	6000.0	1424.8190685109298	0.0	0	0.0	2338.2834555353184	1	0	1	2.9054427110147367
132106.83089354142	6000.0	1231.4525619937665	0.0	0	0.0	2338.283455535304	1	0	1	2.905442711014738
133123.632766084	6000.0	1214.6506894512395	0.0	0	0.0	2338.2834555353475	1	0	1	2.905442711014736
133689.10428448248	3000.0	1649.1791710527368	0.0	0	0.0	2338.283455535304	1	0	1	1.5191483498948477
134200.0	3000.0	2138.283455535213	0.0	0	80.57629993607407	2338.283455535333	1	0	1	2.2122955304547904
135200.0	6000.0	2138.2834555352156	0.0	0	64.62337182997726	2338.283455535333	1	0	1	2.2122955304547904
136403.81037551345	6000.0	1934.4730800217646	0.0	0	0.0	2338.283455535333	1	0	1	2.905442711014735
137804.1128379644	6000.0	1534.1706175708127	0.0	0	0.0	2338.283455535333	1	0	1	2.905442711014735
138972.24959366972	6000.0	1366.0338618655107	0.0	0	0.0	2338.283455535333	1	0	1	2.905442711014735
140096.4261446228	6000.0	1241.8573109124616	0.0	0	0.0	2338.283455535333	1	0	1	2.905442711014735
140853.77667639605	3000.0	1484.5067791392064	0.0	0	0.0	2338.283455535304	1	0	1	1.5191483498948484
141421.33554577062	3000.0	1916.9479097646245	0.0	0	0.0	2338.283455535304	1	0	1	2.2122955304547935
142238.4551130201	3000.0	2099.828342515139	0.0	0	0.0	2338.283455535304	1	0	1	2.2122955304547935
143200.0	3000.0	2138.28345553525	0.0	0	177.6795463707531	2338.283455535304	1	0	1	2.2122955304547935
144200.0	3000.0	2138.2834555352533	0.0	0	279.9204587714048	2338.283455535304	1	0	1	2.2122955304547935
145200.0	3000.0	2138.283455535285	0.0	0	271.23038223182084	2338.283455535304	1	0	1	2.2122955304547935
146200.0	3000.0	2138.2834555352974	0.0	0	101.45396318816347	2338.283455535304	1	0	1	2.2122955304547935
147200.0	3000.0	2138.2834555352856	0.0	0	335.0726549180399	2338.283455535304	1	0	1	2.2122955304547935
148200.0	3000.0	2138.2834555352865	0.0	0	569.4766500495316	2338.283455535333	1	0	1	2.2122955304547904
149200.0	3000.0	2138.283455535259	0.0	0	461.43680017328006	2338.283455535333	1	0	1	2.2122955304547904
150200.0	3000.0	2138.283455535239	0.0	0	139.81753720951383	2338.283455535333	1	0	1	2.2122955304547904
151200.0	3000.0	2138.2834555352374	0.0	0	346.94751189055387	2338.283455535362	1	0	1	2.2122955304547878
152200.0	3000.0	2138.2834555352424	0.0	0	135.66551514453022	2338.283455535362	1	0	1	2.2122955304547878
153200.0	3000.0	2138.2834555352033	0.0	0	140.72043213358847	2338.283455535362	1	0	1	2.2122955304547878
154258.42183667666	3000.0	2079.8616188585556	0.0	0	0.0	2338.283455535391	1	0	1	2.2122955304547847
155200.0	3000.0	2138.283455535231	0.0	0	165.68167224459467	2338.283455535391	1	0	1	2.2122955304547847
156200.0	3000.0	2138.2834555352033	0.0	0	468.1250991456327	2338.283455535362	1	0	1	2.2122955304547878
157200.0	3000.0	2138.2834555352333	0.0	0	616.352755133441	2338.283455535362	1	0	1	2.2122955304547878
158200.0	3000.0	2138.283455535253	0.0	0	223.46351822599536	2338.283455535362	1	0	1	2.2122955304547878
159200.0	3000.0	2138.283455535241	0.0	0	341.57297523971647	2338.283455535333	1	0	1	2.2122955304547904
160200.0	3000.0	2138.283455535203	0.0	0	428.0991928347212	2338.283455535304	1	0	1	2.2122955304547927
161200.0	3000.0	2138.2834555351756	0.0	0	239.89697570048156	2338.2834555352747	1	0	1	2.212295530454796
162200.0	3000.0	2138.2834555351915	0.0	0	396.7149275597185	2338.2834555352747	1	0	1	2.212295530454796
163200.0	3000.0	2138.283455535185	0.0	0	279.1658970352728	2338.2834555352747	1	0	1	2.212295530454796
164200.0	3000.0	2138.2834555351988	0.0	0	198.54559241232346	2338.283455535304	1	0	1	2.2122955304547935
165200.0	3000.0	2138.283455535203	0.0	0	432.9312387709215	2338.283455535333	1	0	1	2.2122955304547904
166200.0	3000.0	2138.2834555352024	0.0	0	410.2088468017173	2338.283455535362	1	0	1	2.2122955304547878
167200.0	3000.0	2138.2834555351947	0.0	0	488.6944917953515	2338.283455535362	1	0	1	2.212295530454788
168200.0	3000.0	2138.283455535189	0.0	0	513.0688295985165	2338.283455535362	1	0	1	2.2122955304547878
169200.0	3000.0	2138.2834555352006	0.0	0	200.4550810114597	2338.283455535333	1	0	1	2.2122955304547904
170200.0	3000.0	2138.2834555352197	0.0	0	231.29500390810426	2338.283455535333	1	0	1	2.2122955304547904
171200.0	3000.0	2138.283455535214	0.0	0	253.78567643577117	2338.283455535333	1	0	1	2.2122955304547904
172200.0	3000.0	2138.283455535202	0.0	0	384.056673304789	2338.283455535362	1	0	1	2.2122955304547878
173200.0	3000.0	2138.283455535211	0.0	0	429.0280655856186	2338.283455535362	1	0	1	2.2122955304547878
174200.0	3000.0	2138.2834555351974	0.0	0	304.8259564478067	2338.283455535362	1	0	1	2.2122955304547878
175200.0	3000.0	2138.283455535179	0.0	0	270.6393330671126	2338.283455535362	1	0	1	2.2122955304547878
176262.2966728275	3000.0	2075.986782707678	0.0	0	0.0	2338.283455535362	1	0	1	2.2122955304547878
177200.0	3000.0	2138.2834555351906	0.0	0	247.01283404891728	2338.283455535362	1	0	1	2.2122955304547878
178200.0	3000.0	2138.2834555351683	0.0	0	356.46196958079236	2338.283455535362	1	0	1	2.2122955304547878
179200.0	3000.0	2138.283455535132	0.0	0	325.32397683060844	2338.283455535333	1	0	1	2.2122955304547904
180200.0	3000.0	2138.283455535123	0.0	0	121.18235228900448	2338.283455535333	1	0	1	2.2122955304547904
181200.0	3000.0	2138.283455535102	0.0	0	489.00719966669567	2338.283455535333	1	0	1	2.2122955304547904
182200.0	3000.0	2138.2834555351174	0.0	0	517.7218256079068	2338.283455535391	1	0	1	2.212295530454785
183200.0	3000.0	2138.283455535107	0.0	0	303.1109087993973	2338.283455535391	1	0	1	2.2122955304547847
184200.0	3000.0	2138.2834555351396	0.0	0	226.6846061325632	2338.283455535391	1	0	1	2.2122955304547847
185200.0	3000.0	2138.28345553514	0.0	0	97.46269359817961	2338.283455535391	1	0	1	2.2122955304547847
186200.0	3000.0	2138.2834555351487	0.0	0	59.628943188115954	2338.283455535391	1	0	1	2.2122955304547847
187200.0	3000.0	2138.2834555351315	0.0	0	138.29227198066656	2338.283455535391	1	0	1	2.2122955304547847
188200.0	3000.0	2138.283455535098	0.0	0	256.5854092256923	2338.283455535362	1	0	1	2.2122955304547878
189200.0	3000.0	2138.2834555351124	0.0	0	383.96628114394844	2338.283455535362	1	0	1	2.2122955304547878
190200.0	3000.0	2138.283455535113	0.0	0	128.8702203607827	2338.283455535333	1	0	1	2.2122955304547904
191200.0	3000.0	2138.283455535112	0.0	0	330.36849928228185	2338.283455535333	1	0	1	2.2122955304547904
192200.0	3000.0	2138.283455535143	0.0	0	277.1962374287832	2338.283455535362	1	0	1	2.2122955304547878
193200.0	3000.0	2138.2834555351574	0.0	0	533.4465216306562	2338.283455535362	1	0	1	2.2122955304547878
194200.0	3000.0	2138.283455535192	0.0	0	159.63129499787465	2338.283455535362	1	0	1	2.2122955304547878
195200.0	3000.0	2138.283455535193	0.0	0	66.24228729505558	2338.283455535362	1	0	1	2.2122955304547878
196200.0	3000.0	2138.2834555351947	0.0	0	410.0741073223762	2338.283455535362	1	0	1	2.2122955304547878
197200.0	3000.0	2138.2834555351815	0.0	0	549.077463024063	2338.283455535333	1	0	1	2.21229553045479
198200.0	3000.0	2138.283455535183	0.0	0	413.374684212351	2338.283455535362	1	0	1	2.2122955304547878
199200.0	3000.0	2138.2834555352197	0.0	0	621.2468666954082	2338.283455535362	1	0	1	2.2122955304547878
200200.0	3000.0	2138.283455535192	0.0	0	144.52130353366374	2338.283455535362	1	0	1	2.2122955304547878
201200.0	3000.0	2138.283455535179	0.0	0	369.66013055018266	2338.283455535391	1	0	1	2.2122955304547847
202200.0	3000.0	2138.2834555351624	0.0	0	389.9701027482515	2338.283455535391	1	0	1	2.2122955304547847
204103.7349073038	6000.0	1234.5485482313866	0.0	0	0.0	2338.28345553542	1	0	1	2.212295530454782
204965.59150660856	3000.0	1372.6919489266218	0.0	0	0.0	2338.28345553542	1	0	1	1.519148349894837
205902.345686727	3000.0	1435.9377688082054	0.0	0	0.0	2338.2834555354493	1	0	1	2.2122955304547793
206510.930065793	3000.0	1827.353389742194	0.0	0	0.0	2338.2834555354493	1	0	1	2.212295530454779
207200.0	3000.0	2138.2834555351874	0.0	0	220.204702652758	2338.2834555354493	1	0	1	2.212295530454779
208200.0	3000.0	2138.28345553521	0.0	0	600.9738930651511	2338.28345553542	1	0	1	2.212295530454782
209200.0	3000.0	2138.2834555352097	0.0	0	600.5801062974497	2338.283455535391	1	0	1	2.2122955304547847
210200.0	3000.0	2138.2834555352	0.0	0	100.24944767678971	2338.28345553542	1	0	1	2.212295530454782
211246.51250721724	3000.0	2091.770948317967	0.0	0	0.0	2338.28345553542	1	0	1	2.212295530454782
212200.0	3000.0	2138.2834555351815	0.0	0	241.1659753031272	2338.283455535391	1	0	1	2.2122955304547847
213200.0	3000.0	2138.2834555351556	0.0	0	370.72549973928835	2338.283455535391	1	0	1	2.2122955304547847
214200.0	3000.0	2138.2834555351624	0.0	0	531.7418296056567	2338.28345553542	1	0	1	2.212295530454782
215200.0	3000.0	2138.2834555351933	0.0	0	625.029501376237	2338.28345553542	1	0	1	2.212295530454782
216200.0	6000.0	2138.2834555351797	0.0	0	218.05514006325393	2338.28345553542	1	0	1	2.212295530454782
217303.38293190612	6000.0	2034.9005236290227	0.0	0	0.0	2338.28345553542	1	0	1	2.905442711014727
219068.12494138605	6000.0	1270.1585141490973	0.0	0	0.0	2338.28345553542	1	0	1	2.905442711014727
219691.05059563532	3000.0	1647.2328598998536	0.0	0	0.0	2338.28345553542	1	0	1	1.519148349894837
220473.22893321383	3000.0	1865.0545223213308	0.0	0	0.0	2338.283455535391	1	0	1	2.2122955304547847
221314.68708422856	3000.0	2023.5963713066	0.0	0	0.0	2338.283455535391	1	0	1	2.2122955304547847
222215.79162589894	3000.0	2122.491829636195	0.0	0	0.0	2338.283455535362	1	0	1	2.2122955304547878
223200.0	3000.0	2138.283455535142	0.0	0	279.67383794655325	2338.283455535362	1	0	1	2.2122955304547878
224200.0	3000.0	2138.28345553511	0.0	0	546.2616349075979	2338.283455535362	1	0	1	2.2122955304547878
225200.0	3000.0	2138.2834555351233	0.0	0	465.184800264542	2338.283455535391	1	0	1	2.2122955304547847
226200.0	3000.0	2138.283455535081	0.0	0	69.17733070347458	2338.283455535391	1	0	1	2.2122955304547847
227250.20769487575	3000.0	2088.0757606593506	0.0	0	0.0	2338.283455535362	1	0	1	2.2122955304547878
228200.0	3000.0	2138.283455535104	0.0	0	233.35270297832903	2338.283455535391	1	0	1	2.2122955304547847
229200.0	3000.0	2138.2834555350737	0.0	0	73.90351570752682	2338.283455535391	1	0	1	2.2122955304547847
230200.0	3000.0	2138.2834555350764	0.0	0	57.68964823751594	2338.28345553542	1	0	1	2.212295530454782
231200.0	3000.0	2138.2834555350664	0.0	0	351.7705152114795	2338.28345553542	1	0	1	2.212295530454782
232200.0	3000.0	2138.283455535058	0.0	0	308.06660060747527	2338.283455535391	1	0	1	2.2122955304547847
233200.0	3000.0	2138.2834555350155	0.0	0	145.6546443028783	2338.283455535391	1	0	1	2.2122955304547847
234200.0	3000.0	2138.283455535006	0.0	0	376.1886047560547	2338.283455535391	1	0	1	2.2122955304547847
235200.0	3000.0	2138.2834555349905	0.0	0	305.55593149439665	2338.283455535391	1	0	1	2.2122955304547847
236200.0	3000.0	2138.2834555349855	0.0	0	104.70162713160971	2338.283455535362	1	0	1	2.2122955304547878
237200.0	3000.0	2138.2834555349964	0.0	0	17.068965998856584	2338.283455535362	1	0	1	2.2122955304547878
238200.0	3000.0	2138.2834555350023	0.0	0	418.2015086316678	2338.283455535362	1	0	1	2.2122955304547878
239200.0	3000.0	2138.283455534986	0.0	0	340.3716799549584	2338.283455535333	1	0	1	2.2122955304547904
240200.0	3000.0	2138.2834555349305	0.0	0	398.9654974984005	2338.283455535333	1	0	1	2.2122955304547904
241200.0	3000.0	2138.283455534907	0.0	0	399.1824920172803	2338.283455535333	1	0	1	2.2122955304547904
242200.0	3000.0	2138.2834555348873	0.0	0	26.28123258036794	2338.283455535333	1	0	1	2.2122955304547904
243200.0	3000.0	2138.283455534886	0.0	0	111.49494895819225	2338.283455535333	1	0	1	2.2122955304547904
244200.0	3000.0	2138.283455534881	0.0	0	181.2949437510979	2338.283455535333	1	0	1	2.2122955304547904
245200.0	3000.0	2138.2834555348645	0.0	0	234.32547004328808	2338.283455535304	1	0	1	2.2122955304547935
246200.0	3000.0	2138.283455534891	0.0	0	162.41643453593133	2338.283455535304	1	0	1	2.2122955304547935
247200.0	3000.0	2138.283455534914	0.0	0	308.06641648957157	2338.2834555352747	1	0	1	2.212295530454796
248200.0	3000.0	2138.283455534902	0.0	0	117.51503739331383	2338.2834555352747	1	0	1	2.212295530454796
249200.0	3000.0	2138.2834555349173	0.0	0	283.2016606028483	2338.2834555352456	1	0	1	2.212295530454799
250200.0	3000.0	2138.2834555349164	0.0	0	254.67958367447136	2338.2834555352456	1	0	1	2.212295530454799
251200.0	3000.0	2138.28345553492	0.0	0	463.91840396332555	2338.2834555352747	1	0	1	2.2122955304547967
252200.0	3000.0	2138.283455534928	0.0	0	375.9381108864327	2338.283455535304	1	0	1	2.2122955304547935
253200.0	3000.0	2138.2834555349527	0.0	0	224.07637740051723	2338.2834555352747	1	0	1	2.212295530454796
254200.0	3000.0	2138.2834555349664	0.0	0	299.18643128097756	2338.2834555352747	1	0	1	2.212295530454796
255200.0	3000.0	2138.283455534984	0.0	0	522.373241938476	2338.2834555352747	1	0	1	2.212295530454796
256200.0	3000.0	2138.283455534959	0.0	0	513.0552742358996	2338.2834555352747	1	0	1	2.212295530454796
257200.0	3000.0	2138.283455534946	0.0	0	489.3811706371198	2338.2834555352456	1	0	1	2.2122955304547984
258397.53656178422	6000.0	1940.7468937506953	0.0	0	0.0	2338.2834555352456	1	0	1	2.2122955304547993
259349.42084681196	3000.0	1988.8626087229186	0.0	0	0.0	2338.2834555352456	1	0	1	1.519148349894854
260200.0	3000.0	2138.2834555348936	0.0	0	98.97641250136076	2338.2834555352747	1	0	1	2.212295530454796
261200.0	3000.0	2138.2834555349364	0.0	0	202.35455817417824	2338.2834555352747	1	0	1	2.212295530454796
262200.0	3000.0	2138.2834555349277	0.0	0	281.0154376545688	2338.283455535304	1	0	1	2.2122955304547935
263200.0	3000.0	2138.2834555349787	0.0	0	89.1072291766177	2338.283455535391	1	0	1	2.2122955304547864
264200.0	3000.0	2138.2834555350473	0.0	0	189.445221585338	2338.2834555354784	1	0	1	2.2122955304547807
265200.0	3000.0	2138.283455535003	0.0	0	296.34959690098185	2338.2834555354784	1	0	1	2.2122955304547762
266200.0	3000.0	2138.2834555350237	0.0	0	129.57939413446002	2338.28345553542	1	0	1	2.212295530454782
267200.0	3000.0	2138.2834555350555	0.0	0	383.16243804595433	2338.2834555354784	1	0	1	2.2122955304547762
268200.0	3000.0	2138.2834555350178	0.0	0	586.814271330426	2338.2834555354784	1	0	1	2.2122955304547762
269200.0	3000.0	2138.2834555350714	0.0	0	632.7035307310871	2338.2834555355366	1	0	1	2.2122955304547705
270200.0	3000.0	2138.283455535047	0.0	0	516.4385062954971	2338.2834555355366	1	0	1	2.2122955304547705
271200.0	3000.0	2138.283455535009	0.0	0	367.0241044446593	2338.2834555355366	1	0	1	2.2122955304547705
272412.1427070663	6000.0	1926.1407484687393	0.0	0	0.0	2338.2834555355366	1	0	1	2.21229553045477
273423.04631701653	6000.0	1915.237138518479	0.0	0	0.0	2338.283455535595	1	0	1	2.9054427110147096
274456.260782742	6000.0	1882.0226727930194	0.0	0	0.0	2338.283455535595	1	0	1	2.9054427110147096
275698.82593661605	6000.0	1639.4575189189038	0.0	0	0.0	2338.283455535595	1	0	1	2.9054427110147096
276729.0379662919	6000.0	1609.2454892430012	0.0	0	0.0	2338.2834555355366	1	0	1	2.905442711014712
278250.00582631864	6000.0	1088.2776292162257	0.0	0	0.0	2338.2834555355366	1	0	1	2.9054427110147154
279267.81006255007	6000.0	1070.4733929847944	0.0	0	0.0	2338.2834555355366	1	0	1	2.9054427110147154
280111.3103901818	6000.0	1226.9730653530955	0.0	0	0.0	2338.2834555355366	1	0	1	2.9054427110147154
281477.80045486876	6000.0	860.4830006661244	0.0	0	0.0	2338.2834555355366	1	0	1	2.9054427110147154
282297.4396576525	3000.0	1040.8437978824031	0.0	0	0.0	2338.2834555355366	1	0	1	1.5191483498948257
282736.2699863878	3000.0	1602.0134691471167	0.0	0	0.0	2338.283455535595	1	0	1	2.2122955304547647
283200.0	3000.0	2138.2834555349236	0.0	0	99.2331785185379	2338.283455535595	1	0	1	2.2122955304547647
284200.0	6000.0	2138.283455534932	0.0	0	167.90366947837174	2338.283455535595	1	0	1	2.2122955304547647
285200.0	6000.0	2138.283455534982	0.0	0	150.58243081450928	2338.283455535595	1	0	1	2.9054427110147096
286976.51604083925	6000.0	1361.7674146957443	0.0	0	0.0	2338.283455535595	1	0	1	2.9054427110147096
288379.21069429745	6000.0	959.0727612375011	0.0	0	0.0	2338.2834555355366	1	0	1	2.9054427110147154
289970.20490690327	6000.0	368.0785486316266	0.0	0	0.0	2338.2834555355366	1	0	1	2.9054427110147127
290455.36527604394	3000.0	882.9181794910485	0.0	0	0.0	2338.2834555355366	1	0	1	1.5191483498948257
291334.071758111	3000.0	1004.2116974239215	0.0	0	0.0	2338.2834555355366	1	0	1	2.2122955304547705
292356.6848280537	3000.0	981.5986274813202	0.0	0	0.0	2338.2834555355366	1	0	1	2.2122955304547705
293118.8862312303	3000.0	1219.3972243047197	0.0	0	0.0	2338.2834555354784	1	0	1	2.2122955304547762
293736.41025592876	3000.0	1601.87319960622	0.0	0	0.0	2338.28345553542	1	0	1	2.212295530454782
294702.41215951066	3000.0	1635.8712960242706	0.0	0	0.0	2338.28345553542	1	0	1	2.212295530454782
295500.6468303808	3000.0	1837.6366251541463	0.0	0	0.0	2338.28345553542	1	0	1	2.212295530454782
296200.0	3000.0	2138.283455534967	0.0	0	64.3551465969067	2338.2834555354784	1	0	1	2.2122955304547762
297200.0	3000.0	2138.283455535001	0.0	0	516.7284855053877	2338.2834555354784	1	0	1	2.212295530454775
298200.0	3000.0	2138.2834555350555	0.0	0	544.1014301162795	2338.2834555354784	1	0	1	2.2122955304547762
299200.0	3000.0	2138.283455535093	0.0	0	503.75136168842437	2338.2834555354784	1	0	1	2.2122955304547762
300200.0	3000.0	2138.2834555351387	0.0	0	260.8060532073141	2338.2834555354784	1	0	1	2.2122955304547762
2.98	3.66	4.15	6.7	5.64	4.33	5.03	5.35	3.82	5.61	4.81	3.52	5.14	5.2	5.46	4.43	3.67	5.41	5.7	6.61	6.46	5.84	3.72	3.48	5.18	4.7	5.99	4.09	5.7	5.77	5.97	4.53	4.9	2.97	3.04	3.93	4.58	3.49	5.14	5.92	4.65	2.92	4.78	6.0	7.92	6.64	6.2	4.0	6.44	6.54	4.17	3.46	2.95	4.38	6.41	7.94	5.87	3.76	3.52	4.29	6.7	7.84	8.13	6.58	6.83	3.73	3.64	4.07	2.83	3.83	5.86	7.82	5.64	2.62	3.75	4.15	3.88	4.17	4.05	4.99	4.9	4.53	4.34	3.34	4.61	3.88	5.75	6.38	4.74	3.93	4.05	3.58	4.92	3.81	4.03	4.62	4.34	5.04	4.91	3.56	4.22	6.49	9.08	6.32	6.0	3.16	4.46	3.95	4.67	3.73	4.7	4.63	3.97	4.0	5.43	7.82	10.2	5.69	6.42	6.66	5.9	5.85	4.51	6.16	4.51	4.36	6.85	6.26	3.56	5.09	7.54	7.87	5.43	3.57	5.13	4.16	4.05	5.24	4.16	4.04	4.61	4.02	4.12	5.99	8.57	6.46	4.01	5.35	4.39	3.92	2.98	3.66	4.15	6.7	5.64	4.33	5.03	5.35	3.82	5.61	4.81	3.52	5.14	5.2	5.46	4.43	3.67	5.41	5.7	6.61	6.46	5.84	3.72	3.48	5.18	4.7	5.99	4.09	5.7	5.77	5.97	4.53	4.9	2.97	3.04	3.93	4.58	3.49	5.14	5.92	4.65	2.92	4.78	6.0	7.92	6.64	6.2	4.0	6.44	6.54	4.17	3.46	2.95	4.38	6.41	7.94	5.87	3.76	3.52	4.29	6.7	7.84	8.13	6.58	6.83	3.73	3.64	4.07	2.83	3.83	5.86	7.82	5.64	2.62	3.75	4.15	3.88	4.17	4.05	4.99	4.9	4.53	4.34	3.34	4.61	3.88	5.75	6.38	4.74	3.93	4.05	3.58	4.92	3.81	4.03	4.62	4.34	5.04	4.91	3.56	4.22	6.49	9.08	6.32	6.0	3.16	4.46	3.95	4.67	3.73	4.7	4.63	3.97	4.0	5.43	7.82	10.2	5.69	6.42	6.66	5.9	5.85	4.51	6.16	4.51	4.36	6.85	6.26	3.56	5.09	7.54	7.87	5.43	3.57	5.13	4.16	4.05	5.24	4.16	4.04	4.61	4.02	4.12	5.99	8.57	6.46	4.01	5.35	4.39	3.92	2.98
1.0	2.0	3.0	4.0	5.0	6.0	7.0	8.0	9.0	10.0	11.0	12.0	13.0	14.0	15.0	16.0	17.0	18.0	19.0	20.0	21.0	22.0	23.0	24.0	25.0	26.0	27.0	28.0	29.0	30.0	31.0	32.0	33.0	34.0	35.0	36.0	37.0	38.0	39.0	40.0	41.0	42.0	43.0	44.0	45.0	46.0	47.0	48.0	49.0	50.0	51.0	52.0	53.0	54.0	55.0	56.0	57.0	58.0	59.0	60.0	61.0	62.0	63.0	64.0	65.0	66.0	67.0	68.0	69.0	70.0	71.0	72.0	73.0	74.0	75.0	76.0	77.0	78.0	79.0	80.0	81.0	82.0	83.0	84.0	85.0	86.0	87.0	88.0	89.0	90.0	91.0	92.0	93.0	94.0	95.0	96.0	97.0	98.0	99.0	100.0	101.0	102.0	103.0	104.0	105.0	106.0	107.0	108.0	109.0	110.0	111.0	112.0	113.0	114.0	115.0	116.0	117.0	118.0	119.0	120.0	121.0	122.0	123.0	124.0	125.0	126.0	127.0	128.0	129.0	130.0	131.0	132.0	133.0	134.0	135.0	136.0	137.0	138.0	139.0	140.0	141.0	142.0	143.0	144.0	145.0	146.0	147.0	148.0	149.0	149.0	150.0	151.0	152.0	153.0	154.0	155.0	156.0	157.0	158.0	159.0	160.0	161.0	162.0	163.0	164.0	165.0	166.0	167.0	168.0	169.0	170.0	171.0	172.0	173.0	174.0	175.0	176.0	177.0	178.0	179.0	180.0	181.0	182.0	183.0	184.0	185.0	186.0	187.0	188.0	189.0	190.0	191.0	192.0	193.0	194.0	195.0	196.0	197.0	198.0	199.0	200.0	201.0	202.0	203.0	204.0	205.0	206.0	207.0	208.0	209.0	210.0	211.0	212.0	213.0	214.0	215.0	216.0	217.0	218.0	219.0	220.0	221.0	222.0	223.0	224.0	225.0	226.0	227.0	228.0	229.0	230.0	231.0	232.0	233.0	234.0	235.0	236.0	237.0	238.0	239.0	240.0	241.0	242.0	243.0	244.0	245.0	246.0	247.0	248.0	249.0	250.0	251.0	252.0	253.0	254.0	255.0	256.0	257.0	258.0	259.0	260.0	261.0	262.0	263.0	264.0	265.0	266.0	267.0	268.0	269.0	270.0	271.0	272.0	273.0	274.0	275.0	276.0	277.0	278.0	279.0	280.0	281.0	282.0	283.0	284.0	285.0	286.0	287.0	288.0	289.0	290.0	291.0	292.0	293.0	294.0	295.0	296.0	297.0	298.0	298.0	299.0
3501.034557094322
