5549.289876312399	300.0	2000.0	145.54803211979242	0	0.0	5549.289876312399	1	0	1	-2.3937447554584965
5739.666397282604	500.0	2790.5858269327746	0.0	0	0.0	5530.252224215378	1	0	2	-1.9327573196565013
6004.139971885474	500.0	3499.664894869618	0.0	0	0.0	5503.804866755091	1	0	2	-1.1983938491950887
6276.52753911016	500.0	4200.038570922463	0.0	0	0.0	5476.566110032622	1	0	2	-1.173111963577997
6523.857541660139	500.0	4927.9755681174875	0.0	0	0.0	5451.833109777625	1	0	2	-1.1498404555230863
7200.0	1000.0	5184.21886394364	0.0	0	338.9378652242185	5384.218863943639	1	0	2	-1.1107933676259834
8200.0	1000.0	5084.21886394364	0.0	0	623.8363655494159	5284.218863943639	1	0	2	-0.33506734675847044
9511.262492234555	2000.0	4641.83012248563	0.0	0	0.0	5153.0926147201835	1	0	2	-0.21084157096804107
10863.723398157183	3000.0	4154.12312597074	0.0	0	0.0	5017.84652412792	1	0	2	0.5900823463462629
12108.739071479016	3000.0	3784.605885316722	0.0	0	0.0	4893.344956795737	1	0	2	1.0944449246631165
13301.229764654408	3000.0	3472.866122823791	0.0	0	0.0	4774.095887478199	1	0	2	1.1833223662107872
15055.2085406948	3000.0	2543.489469179356	0.0	0	0.0	4598.698009874159	1	0	2	1.2954723903086636
16400.301609714745	3000.0	2063.887093257419	0.0	0	0.0	4464.188702972164	1	0	2	1.3832544608501942
18403.310396335688	3000.0	860.5774279743794	0.0	0	0.0	4263.887824310068	1	0	2	1.4820296441681344
19333.94467125164	2000.0	836.8797255668298	0.0	0	0.0	4170.824396818471	1	0	2	0.7382093801321512
20209.501957674907	2000.0	873.7667105012308	0.0	0	0.0	4083.268668176139	1	0	2	1.1840073762650472
21036.43115860725	2000.0	964.1445894756557	0.0	0	0.0	4000.575748082905	1	0	2	1.2204042536319761
22028.48053265273	2000.0	872.8902780256267	0.0	0	0.0	3901.370810678356	1	0	2	1.2595337238671032
23043.21299154386	2000.0	756.6845732453819	0.0	0	0.0	3799.8975647892403	1	0	2	1.2984828762683962
24009.52987812246	2000.0	693.735998008927	0.0	0	0.0	3703.265876131387	1	0	2	1.333186190889192
25640.000805708507	2000.0	295.03380435625036	358.92347881088483	0	0.0	3935.0346100647585	1	0	2	-0.8911108194435268
26809.268085066542	2000.0	331.3039065432852	293.1491904371568	0	0.0	4140.5719916098315	1	0	2	-0.6054561439408066
27316.299970311502	1000.0	773.5688327738239	0.0	0	0.0	4089.86880308533	1	0	2	-0.20123648970853553
27883.509929549826	1000.0	1149.6378776116724	0.0	0	0.0	4033.1478071615056	1	0	2	0.5170561166732125
28636.106018386647	1000.0	1321.7821798911698	0.0	0	0.0	3957.888198277822	1	0	2	0.5465511225090529
29082.532495890224	1000.0	1830.7130546372346	0.0	0	0.0	3913.2455505274665	1	0	2	0.5679609625350822
29539.91968310998	1000.0	2327.587148695505	0.0	0	0.0	3867.5068318054946	1	0	2	0.5858973553359574
30142.587616921945	1000.0	2664.6524215023474	0.0	0	0.0	3807.240038424301	1	0	2	0.6064028831388345
30754.693380010947	1000.0	2991.336082104444	0.0	0	0.0	3746.0294621153953	1	0	2	0.6289011073643063
31538.94682278275	2000.0	3128.657295055464	0.0	0	0.0	3667.6041178382184	1	0	2	0.6522610752004874
32691.74466728191	2000.0	2860.5796661063923	0.0	0	0.0	3552.324333388304	1	0	2	1.3793144080784077
33995.882641633914	2000.0	2426.027894319186	0.0	0	0.0	3421.910535953102	1	0	2	1.415989310114885
35225.458052706046	2000.0	2073.49494213984	0.0	0	0.0	3298.9529948458876	1	0	2	1.4475428307419145
36239.32591674059	2000.0	1958.2402917018346	0.0	0	0.0	3197.5662084424257	1	0	2	1.472691709364691
37187.128808000794	2000.0	1915.6571113156149	0.0	0	0.0	3102.7859193164186	1	0	2	1.4930648923993708
38129.608075876386	2000.0	1878.92991665246	0.0	0	0.0	3008.5379925288653	1	0	2	1.5112022878646616
38764.11745007541	2000.0	2244.4205424534275	0.0	0	0.0	3008.5379925288653	1	0	1	1.5157581374162876
39498.57847265341	2000.0	2509.959519875437	0.0	0	0.0	3008.5379925288726	1	0	1	1.7157581374162865
40345.10106235705	2000.0	2663.436930171793	0.0	0	0.0	3008.5379925288653	1	0	1	1.7157581374162878
41200.0	2000.0	2808.5379925288416	0.0	0	25.419237674701435	3008.5379925288653	1	0	1	1.7157581374162878
42200.0	2000.0	2708.5379925288466	0.0	0	342.2049561501408	2908.5379925288653	1	0	2	1.3269445083461222
43200.0	2000.0	2708.5379925288407	0.0	0	202.40538285929506	2908.5379925288653	1	0	1	1.533167214168567
44525.00714395645	2000.0	2383.5308485723917	0.0	0	0.0	2908.5379925288726	1	0	1	1.7331672141685661
45490.5047492114	2000.0	2321.4834827919403	0.0	0	0.0	2811.988232003372	1	0	2	1.3438173553951744
46529.31760397746	2000.0	2282.67062802588	0.0	0	0.0	2811.988232003372	1	0	1	1.5485330298723798
47478.5509209898	2000.0	2238.513979312299	0.0	0	0.0	2717.0649003021244	1	0	2	1.3594340530225448
48309.67201521789	2000.0	2407.3928850842153	0.0	0	0.0	2717.0649003021244	1	0	1	1.562365365196414
49270.440067935146	2000.0	2446.624832366963	0.0	0	0.0	2717.0649003021244	1	0	1	1.7623653651964142
50200.0	2000.0	2517.064900302112	0.0	0	128.54527251153922	2717.0649003021317	1	0	1	1.7623653651964133
51362.38367404236	2000.0	2354.681226259754	0.0	0	0.0	2717.0649003021317	1	0	1	1.7623653651964133
52200.0	2000.0	2517.064900302105	0.0	0	58.58255436869513	2717.0649003021244	1	0	1	1.7623653651964142
53543.83798348276	2000.0	2173.2269168193443	0.0	0	0.0	2717.0649003021244	1	0	1	1.7623653651964142
54342.41090509476	2000.0	2374.6539952073476	0.0	0	0.0	2717.0649003021244	1	0	1	1.7623653651964142
55210.7047779309	2000.0	2506.3601223712103	0.0	0	0.0	2717.064900302117	1	0	1	1.7623653651964153
56200.0	2000.0	2517.0649003021035	0.0	0	238.50489643291075	2717.06490030211	1	0	1	1.7623653651964162
57371.16995304242	2000.0	2345.8949472596764	0.0	0	0.0	2717.0649003021026	1	0	1	1.762365365196417
58832.25749910378	2000.0	1884.8074011983138	0.0	0	0.0	2717.0649003021026	1	0	1	1.762365365196417
60061.8656121095	2000.0	1655.1992881926024	0.0	0	0.0	2717.06490030211	1	0	1	1.7623653651964162
60916.81802485731	2000.0	1800.2468754447877	0.0	0	0.0	2717.06490030211	1	0	1	1.7623653651964162
62258.40522025871	2000.0	1458.6596800434027	0.0	0	0.0	2717.064900302117	1	0	1	1.7623653651964153
63218.69860835751	2000.0	1498.3662919446049	0.0	0	0.0	2717.064900302117	1	0	1	1.7623653651964153
64704.40313174435	2000.0	1012.6617685577587	0.0	0	0.0	2717.06490030211	1	0	1	1.7623653651964162
65756.05019027261	2000.0	961.014710029511	0.0	0	0.0	2717.0649003021244	1	0	1	1.7623653651964155
66436.20676854688	1000.0	1280.8581317552375	0.0	0	0.0	2717.064900302117	1	0	1	0.37607100407652555
67427.56612383439	1000.0	1289.4987764677273	0.0	0	0.0	2717.06490030211	1	0	1	1.0692181846364714
67876.32171262003	1000.0	1840.743187682075	0.0	0	0.0	2717.0649003020953	1	0	1	1.0692181846364721
68350.23794472426	1000.0	2366.8269555778497	0.0	0	0.0	2717.0649003020953	1	0	1	1.0692181846364737
69200.0	1000.0	2517.064900302126	0.0	0	352.4405415087822	2717.06490030211	1	0	1	1.069218184636471
70200.0	1000.0	2517.0649003021426	0.0	0	607.2519082870567	2717.06490030211	1	0	1	1.069218184636471
71200.0	1000.0	2517.0649003021513	0.0	0	699.1631014693121	2717.0649003020953	1	0	1	1.0692181846364732
72200.0	1000.0	2517.0649003021485	0.0	0	650.7158964144473	2717.0649003020953	1	0	1	1.0692181846364732
73200.0	1000.0	2517.0649003021595	0.0	0	509.8286797803448	2717.0649003020953	1	0	1	1.0692181846364732
74200.0	1000.0	2517.0649003021563	0.0	0	322.3815208527085	2717.0649003020953	1	0	1	1.0692181846364732
75200.0	1000.0	2517.0649003021563	0.0	0	402.3979599377344	2717.0649003020953	1	0	1	1.0692181846364732
76200.0	1000.0	2517.0649003021485	0.0	0	148.82735078700352	2717.0649003020953	1	0	1	1.0692181846364732
77200.0	1000.0	2517.0649003021317	0.0	0	394.37306240183534	2717.0649003020953	1	0	1	1.0692181846364732
78200.0	1000.0	2517.064900302114	0.0	0	622.2735566119809	2717.0649003020953	1	0	1	1.0692181846364732
79200.0	1000.0	2517.064900302118	0.0	0	605.0600470690406	2717.0649003020953	1	0	1	1.0692181846364732
80200.0	1000.0	2517.0649003021235	0.0	0	502.9841611871816	2717.0649003020953	1	0	1	1.0692181846364732
81200.0	1000.0	2517.064900302109	0.0	0	589.7367530933261	2717.064900302081	1	0	1	1.0692181846364752
82200.0	1000.0	2517.0649003021194	0.0	0	478.9809621164459	2717.064900302081	1	0	1	1.0692181846364752
83200.0	1000.0	2517.064900302127	0.0	0	623.197133156762	2717.064900302081	1	0	1	1.0692181846364752
84200.0	1000.0	2517.064900302117	0.0	0	567.2411074926495	2717.064900302081	1	0	1	1.0692181846364752
85200.0	1000.0	2517.0649003021126	0.0	0	476.7889640387293	2717.064900302081	1	0	1	1.0692181846364752
86200.0	1000.0	2517.0649003021144	0.0	0	522.6356756638415	2717.0649003020953	1	0	1	1.0692181846364732
87200.0	1000.0	2417.0649003021113	0.0	0	490.9475165210315	2617.0649003020953	1	0	2	0.677487989588371
88200.0	1000.0	2417.0649003021126	0.0	0	352.54586051712977	2617.0649003020953	1	0	1	0.8825310463748847
89200.0	1000.0	2417.0649003021203	0.0	0	596.0696694954677	2617.0649003020953	1	0	1	1.0825310463748847
90200.0	1000.0	2417.0649003021304	0.0	0	509.4571714569174	2617.064900302081	1	0	1	1.0825310463748865
91200.0	1000.0	2417.0649003021426	0.0	0	534.2157390296925	2617.064900302081	1	0	1	1.0825310463748865
92200.0	1000.0	2417.064900302128	0.0	0	611.7599871471903	2617.064900302081	1	0	1	1.0825310463748865
93200.0	1000.0	2417.0649003021304	0.0	0	637.1430135973351	2617.064900302081	1	0	1	1.0825310463748865
94375.73255848157	2000.0	2123.7590859724005	0.0	0	0.0	2499.4916444539413	1	0	2	0.6934030633167063
95475.95655649717	2000.0	2023.5350879567886	0.0	0	0.0	2499.4916444539413	1	0	1	1.5898193976751904
97235.297722233	2000.0	1264.193922220964	0.0	0	0.0	2499.4916444539267	1	0	1	1.7898193976751922
98626.01798637197	2000.0	873.4736580820037	0.0	0	0.0	2499.4916444539267	1	0	1	1.7898193976751922
100005.04666223326	2000.0	494.4449822207065	0.0	0	0.0	2499.491644453912	1	0	1	1.789819397675194
100444.9953688514	1000.0	1054.4962756025568	0.0	0	0.0	2499.491644453912	1	0	1	0.4035250365553036
100752.94759840424	1000.0	1746.5440460497289	0.0	0	0.0	2499.491644453912	1	0	1	1.0966722171152488
101200.0	1000.0	2299.491644453972	0.0	0	112.26157605892513	2499.4916444538976	1	0	1	1.0966722171152505
102200.0	1000.0	2299.491644453964	0.0	0	519.8002580379398	2499.4916444538976	1	0	1	1.0966722171152505
103200.0	1000.0	2299.491644453969	0.0	0	573.2091232155799	2499.4916444538976	1	0	1	1.0966722171152505
104200.0	1000.0	2299.491644453969	0.0	0	348.2697783933545	2499.491644453912	1	0	1	1.0966722171152488
105200.0	1000.0	2299.491644453979	0.0	0	562.7733112522255	2499.4916444539267	1	0	1	1.096672217115247
106290.30455204235	2000.0	2209.187092411614	0.0	0	0.0	2499.4916444539267	1	0	1	1.096672217115247
107298.77379487659	2000.0	2200.7178495773624	0.0	0	0.0	2499.4916444539267	1	0	1	1.7898193976751922
108200.0	2000.0	2299.49164445395	0.0	0	363.8283169923816	2499.4916444539267	1	0	1	1.7898193976751922
109200.0	2000.0	2299.4916444539526	0.0	0	572.5179643521406	2499.4916444539267	1	0	1	1.7898193976751922
110200.0	2000.0	2299.4916444539476	0.0	0	244.23260307352757	2499.4916444539267	1	0	1	1.7898193976751922
111200.0	2000.0	2299.491644453926	0.0	0	447.40871030841663	2499.4916444539267	1	0	1	1.7898193976751922
112200.0	2000.0	2299.4916444539317	0.0	0	348.3232055737026	2499.4916444539413	1	0	1	1.7898193976751906
113200.0	2000.0	2299.491644453935	0.0	0	52.78063559900329	2499.4916444539267	1	0	1	1.7898193976751922
114200.0	2000.0	2299.4916444539344	0.0	0	160.85555055567238	2499.4916444539413	1	0	1	1.7898193976751906
115200.0	2000.0	2299.491644453924	0.0	0	221.17580936024024	2499.4916444539413	1	0	1	1.7898193976751906
116200.0	2000.0	2299.491644453924	0.0	0	235.36849628431082	2499.4916444539267	1	0	1	1.7898193976751922
117200.0	2000.0	2299.4916444539163	0.0	0	89.68292749782267	2499.4916444539267	1	0	1	1.7898193976751922
118200.0	2000.0	2299.4916444539003	0.0	0	250.20103795787145	2499.4916444539267	1	0	1	1.7898193976751922
119454.96851906744	3000.0	2044.5231253864756	0.0	0	0.0	2499.4916444539413	1	0	1	1.7898193976751906
120657.32672282062	3000.0	1842.1649216332767	0.0	0	0.0	2499.4916444539413	1	0	1	2.195284505783355
121298.30972296855	2000.0	2201.181921485342	0.0	0	0.0	2499.4916444539413	1	0	1	1.384354289567026
122200.0	2000.0	2299.4916444538967	0.0	0	560.7631296912004	2499.491644453956	1	0	1	1.7898193976751888
123200.0	2000.0	2299.4916444539	0.0	0	443.35499893975793	2499.491644453956	1	0	1	1.7898193976751888
124325.7224742966	2000.0	2173.7691701572926	0.0	0	0.0	2499.491644453956	1	0	1	1.7898193976751888
125200.0	2000.0	2299.4916444539012	0.0	0	270.8516643416224	2499.491644453956	1	0	1	1.7898193976751888
126200.0	2000.0	2299.491644453909	0.0	0	315.8005809439346	2499.4916444539413	1	0	1	1.7898193976751906
127200.0	2000.0	2299.4916444539062	0.0	0	50.92914968680998	2499.4916444539413	1	0	1	1.7898193976751906
128200.0	2000.0	2299.491644453893	0.0	0	139.57347502901393	2499.4916444539413	1	0	1	1.7898193976751906
129389.19207761534	3000.0	2110.299566838563	0.0	0	0.0	2499.4916444539413	1	0	1	1.7898193976751906
131002.9987042744	3000.0	1496.4929401794793	0.0	0	0.0	2499.4916444539267	1	0	1	2.195284505783357
131939.90812938093	2000.0	1559.5835150729465	0.0	0	0.0	2499.4916444539267	1	0	1	1.3843542895670287
132781.92998911545	2000.0	1717.5616553384366	0.0	0	0.0	2499.4916444539413	1	0	1	1.7898193976751906
133988.25655939517	2000.0	1511.235085058702	0.0	0	0.0	2499.491644453956	1	0	1	1.789819397675189
135060.5642588185	2000.0	1438.9273856353961	0.0	0	0.0	2499.4916444539267	1	0	1	1.7898193976751922
135684.99038312785	2000.0	1814.5012613260292	0.0	0	0.0	2499.4916444539267	1	0	1	1.7898193976751922
136677.96116445013	3000.0	1821.5304800037516	0.0	0	0.0	2499.4916444539267	1	0	1	1.7898193976751924
138594.84297173194	3000.0	904.6486727219351	0.0	0	0.0	2499.4916444539267	1	0	1	2.195284505783357
139452.51330591145	2000.0	1046.9783385424662	0.0	0	0.0	2499.491644453956	1	0	1	1.3843542895670242
140415.01690593336	2000.0	1084.4747385205346	0.0	0	0.0	2499.491644453956	1	0	1	1.7898193976751888
141343.7964197993	2000.0	1155.6952246545982	0.0	0	0.0	2499.491644453956	1	0	1	1.7898193976751888
142475.4934215118	2000.0	1023.998222942065	0.0	0	0.0	2499.4916444539267	1	0	1	1.7898193976751922
143617.61765340812	2000.0	881.8739910457837	0.0	0	0.0	2499.4916444539267	1	0	1	1.7898193976751922
144499.7922580159	2000.0	999.699386438025	0.0	0	0.0	2499.4916444539267	1	0	1	1.7898193976751922
145170.82855415953	2000.0	1328.6630902943677	0.0	0	0.0	2499.4916444539267	1	0	1	1.7898193976751922
146170.20790486125	2000.0	1329.283739592684	0.0	0	0.0	2499.4916444539267	1	0	1	1.7898193976751922
147144.96677132708	2000.0	1354.5248731268566	0.0	0	0.0	2499.4916444539267	1	0	1	1.7898193976751922
148075.7106768357	2000.0	1423.7809676182233	0.0	0	0.0	2499.4916444539267	1	0	1	1.7898193976751922
149377.54956977325	2000.0	1121.942074680686	0.0	0	0.0	2499.4916444539267	1	0	1	1.7898193976751922
150371.70649905212	2000.0	1127.785145401828	0.0	0	0.0	2499.491644453956	1	0	1	1.7898193976751902
151097.90793844932	2000.0	1401.5837060046183	0.0	0	0.0	2499.491644453956	1	0	1	1.7898193976751888
151909.8947256944	2000.0	1589.5969187595047	0.0	0	0.0	2499.491644453956	1	0	1	1.7898193976751888
152913.78970929363	2000.0	1585.7019351602517	0.0	0	0.0	2499.491644453956	1	0	1	1.7898193976751888
153772.18785679288	2000.0	1727.3037876610124	0.0	0	0.0	2499.491644453956	1	0	1	1.7898193976751888
154666.35998617305	2000.0	1833.1316582808722	0.0	0	0.0	2499.491644453956	1	0	1	1.7898193976751888
155284.69688145124	2000.0	2214.794763002676	0.0	0	0.0	2499.491644453985	1	0	1	1.7898193976751882
156202.51581446148	2000.0	2296.975829992459	0.0	0	0.0	2499.491644453985	1	0	1	1.7898193976751855
157200.0	2000.0	2299.491644453955	0.0	0	253.4865733901097	2499.491644454014	1	0	1	1.7898193976751822
158561.8038458623	2000.0	1937.6877985916879	0.0	0	0.0	2499.491644454014	1	0	1	1.7898193976751822
159421.12461926122	2000.0	2078.3670251927897	0.0	0	0.0	2499.491644454014	1	0	1	1.7898193976751802
160327.88590390774	2000.0	2171.605740546267	0.0	0	0.0	2499.491644453985	1	0	1	1.7898193976751855
161200.0	2000.0	2299.491644453992	0.0	0	63.829391319304705	2499.491644453956	1	0	1	1.7898193976751888
162358.797464996	2000.0	2140.6941794579807	0.0	0	0.0	2499.491644453956	1	0	1	1.7898193976751888
163499.14433868811	2000.0	2000.3473057658773	0.0	0	0.0	2499.491644453985	1	0	1	1.7898193976751855
164292.63496383716	2000.0	2206.85668061683	0.0	0	0.0	2499.491644453985	1	0	1	1.7898193976751855
165278.29703264686	2000.0	2221.1946118071337	0.0	0	0.0	2499.491644453985	1	0	1	1.7898193976751855
166200.0	2000.0	2299.4916444539995	0.0	0	214.0853761904873	2499.491644453985	1	0	1	1.7898193976751855
167200.0	2000.0	2299.491644454001	0.0	0	156.14150821758085	2499.491644454014	1	0	1	1.7898193976751822
168205.84685694796	2000.0	2293.6447875060276	0.0	0	0.0	2499.491644454014	1	0	1	1.7898193976751822
169200.0	2000.0	2299.4916444539667	0.0	0	27.789718827436445	2499.491644454014	1	0	1	1.7898193976751822
170342.00444191872	2000.0	2157.4872025352674	0.0	0	0.0	2499.491644454014	1	0	1	1.7898193976751822
171313.56109306554	2000.0	2185.9305513884055	0.0	0	0.0	2499.491644453985	1	0	1	1.7898193976751828
172200.0	2000.0	2299.4916444539385	0.0	0	156.19387377265957	2499.491644453985	1	0	1	1.7898193976751855
173209.70714442708	2000.0	2289.7845000268626	0.0	0	0.0	2499.491644454014	1	0	1	1.7898193976751822
174966.3296860557	2000.0	1533.1619583982647	0.0	0	0.0	2499.491644454043	1	0	1	1.7898193976751788
175795.62520481358	2000.0	1703.8664396403567	0.0	0	0.0	2499.491644454014	1	0	1	1.7898193976751822
177044.62587649433	2000.0	1454.8657679596413	0.0	0	0.0	2499.491644454014	1	0	1	1.7898193976751822
177936.07499233322	2000.0	1563.416652120758	0.0	0	0.0	2499.491644453985	1	0	1	1.7898193976751855
179132.58600705926	2000.0	1366.9056373947037	0.0	0	0.0	2499.491644453985	1	0	1	1.7898193976751855
179970.63823644546	2000.0	1528.8534080084964	0.0	0	0.0	2499.491644453956	1	0	1	1.7898193976751888
181232.74317525802	2000.0	1266.7484691959403	0.0	0	0.0	2499.4916444539267	1	0	1	1.7898193976751922
182799.3169773977	2000.0	700.1746670562303	0.0	0	0.0	2499.4916444538976	1	0	1	1.7898193976751955
184054.74200111875	2000.0	444.7496433351952	0.0	0	0.0	2499.4916444538976	1	0	1	1.7898193976751955
184828.32949627668	1000.0	671.1621481772752	0.0	0	0.0	2499.4916444539267	1	0	1	0.4035250365553019
185453.15896674906	1000.0	1046.3326777048526	0.0	0	0.0	2499.4916444538976	1	0	1	1.0966722171152505
185945.3950291585	1000.0	1554.0966152953918	0.0	0	0.0	2499.4916444538976	1	0	1	1.0966722171152505
186526.97237979743	1000.0	1972.5192646564594	0.0	0	0.0	2499.4916444538685	1	0	1	1.0966722171152536
187200.0	1000.0	2299.4916444539053	0.0	0	75.32722768266103	2499.4916444538685	1	0	1	1.0966722171152536
188200.0	1000.0	2299.4916444539385	0.0	0	618.2768999343098	2499.4916444538976	1	0	1	1.0966722171152505
189200.0	1000.0	2299.4916444539194	0.0	0	616.2804080884962	2499.4916444538976	1	0	1	1.0966722171152505
190200.0	1000.0	2299.491644453905	0.0	0	680.520834384195	2499.4916444538685	1	0	1	1.0966722171152536
191200.0	1000.0	2199.4916444538962	0.0	0	695.2098941031145	2399.4916444538394	1	0	2	0.7032676427457983
192200.0	1000.0	2199.491644453876	0.0	0	625.1423805694794	2399.4916444538103	1	0	1	0.9075279544514601
193200.0	1000.0	2199.4916444538817	0.0	0	380.53289126663003	2399.4916444538103	1	0	1	1.1075279544514602
194200.0	1000.0	2199.491644453891	0.0	0	421.0669727761997	2399.4916444538103	1	0	1	1.1075279544514602
195200.0	1000.0	2199.49164445391	0.0	0	325.1370800458244	2399.4916444538103	1	0	1	1.1075279544514602
196200.0	1000.0	2199.491644453885	0.0	0	473.94934404827654	2399.4916444538103	1	0	1	1.1075279544514602
197200.0	1000.0	2199.49164445387	0.0	0	436.5991022151429	2399.4916444538103	1	0	1	1.1075279544514602
198200.0	1000.0	2199.4916444538494	0.0	0	559.4248233370599	2399.4916444538103	1	0	1	1.1075279544514602
199200.0	1000.0	2199.4916444538694	0.0	0	487.6147205661109	2399.4916444538394	1	0	1	1.1075279544514571
200200.0	1000.0	2199.4916444538735	0.0	0	233.57381325235474	2399.4916444538685	1	0	1	1.1075279544514542
201200.0	1000.0	2199.491644453886	0.0	0	488.54313392646145	2399.4916444538685	1	0	1	1.1075279544514542
202200.0	1000.0	2199.4916444538735	0.0	0	373.3857683282986	2399.4916444538394	1	0	1	1.1075279544514571
203200.0	1000.0	2199.491644453873	0.0	0	645.7940649861703	2399.4916444538394	1	0	1	1.1075279544514571
204200.0	1000.0	2199.491644453864	0.0	0	476.881779021729	2399.4916444538685	1	0	1	1.1075279544514542
205200.0	1000.0	2199.4916444538358	0.0	0	502.8680349662027	2399.4916444538685	1	0	1	1.1075279544514542
206200.0	1000.0	2199.4916444538435	0.0	0	375.177339505899	2399.4916444538394	1	0	1	1.1075279544514571
207200.0	1000.0	2199.491644453832	0.0	0	506.66328114728094	2399.4916444538394	1	0	1	1.1075279544514571
208200.0	1000.0	2199.4916444538167	0.0	0	143.63238537323195	2399.4916444538394	1	0	1	1.1075279544514571
209200.0	1000.0	2199.491644453798	0.0	0	368.27619566521025	2399.4916444538103	1	0	1	1.1075279544514602
210200.0	1000.0	2199.4916444538208	0.0	0	401.68213432395714	2399.4916444538103	1	0	1	1.1075279544514602
211200.0	1000.0	2199.491644453812	0.0	0	133.49240567255765	2399.4916444538103	1	0	1	1.1075279544514602
212200.0	1000.0	2199.4916444538094	0.0	0	514.5580158153898	2399.4916444538103	1	0	1	1.1075279544514602
213200.0	1000.0	2199.4916444538007	0.0	0	293.7888688266976	2399.4916444538103	1	0	1	1.1075279544514602
214200.0	1000.0	2199.491644453803	0.0	0	187.2767923968495	2399.4916444538103	1	0	1	1.1075279544514602
215200.0	1000.0	2199.491644453796	0.0	0	443.64014171721647	2399.491644453781	1	0	1	1.1075279544514633
216200.0	1000.0	2199.4916444538067	0.0	0	143.82992852284224	2399.4916444538103	1	0	1	1.1075279544514602
217200.0	1000.0	2199.4916444538017	0.0	0	521.8150487255189	2399.491644453781	1	0	1	1.1075279544514633
218200.0	1000.0	2199.491644453786	0.0	0	529.6108043953718	2399.491644453781	1	0	1	1.1075279544514633
219200.0	1000.0	2199.491644453822	0.0	0	746.4610486623424	2399.4916444538103	1	0	1	1.1075279544514602
220200.0	1000.0	2199.4916444537935	0.0	0	606.4548693308898	2399.4916444538103	1	0	1	1.1075279544514602
221200.0	1000.0	2199.4916444537803	0.0	0	605.7026520041691	2399.491644453781	1	0	1	1.1075279544514633
222200.0	1000.0	2199.491644453763	0.0	0	583.3484329347266	2399.491644453781	1	0	1	1.1075279544514633
223200.0	1000.0	2199.4916444537703	0.0	0	303.02809594609425	2399.4916444538103	1	0	1	1.1075279544514602
224200.0	1000.0	2199.4916444537885	0.0	0	121.25042703721556	2399.491644453781	1	0	1	1.1075279544514633
225200.0	1000.0	2199.4916444538003	0.0	0	270.8476896060456	2399.491644453781	1	0	1	1.1075279544514633
226200.0	1000.0	2199.491644453786	0.0	0	435.8682501068397	2399.4916444538103	1	0	1	1.1075279544514602
227200.0	1000.0	2199.491644453757	0.0	0	473.9365975909168	2399.4916444538103	1	0	1	1.1075279544514602
228200.0	1000.0	2199.4916444537344	0.0	0	674.5514476984972	2399.4916444538103	1	0	1	1.1075279544514602
229200.0	1000.0	2199.49164445369	0.0	0	491.3888721129915	2399.4916444538103	1	0	1	1.1075279544514602
230200.0	1000.0	2199.491644453682	0.0	0	359.9150884770206	2399.491644453781	1	0	1	1.1075279544514633
231200.0	1000.0	2199.4916444536816	0.0	0	467.7963083079667	2399.491644453781	1	0	1	1.1075279544514633
232200.0	1000.0	2199.4916444537007	0.0	0	411.2295068909589	2399.491644453752	1	0	1	1.1075279544514662
233200.0	1000.0	2199.491644453704	0.0	0	591.2340866945742	2399.491644453781	1	0	1	1.1075279544514633
234200.0	1000.0	2199.491644453723	0.0	0	442.0719121172733	2399.491644453781	1	0	1	1.1075279544514633
235200.0	1000.0	2199.491644453711	0.0	0	589.0978375419218	2399.491644453752	1	0	1	1.1075279544514662
236200.0	1000.0	2199.4916444537034	0.0	0	664.4368932502402	2399.491644453752	1	0	1	1.1075279544514662
237200.0	1000.0	2199.491644453695	0.0	0	558.7979790620157	2399.491644453752	1	0	1	1.1075279544514662
238200.0	1000.0	2199.491644453711	0.0	0	472.9474984398985	2399.491644453752	1	0	1	1.1075279544514662
239200.0	1000.0	2199.491644453686	0.0	0	488.9037476386875	2399.491644453752	1	0	1	1.1075279544514662
240200.0	1000.0	2199.491644453663	0.0	0	520.1413234908832	2399.491644453723	1	0	1	1.1075279544514691
241200.0	1000.0	2199.491644453654	0.0	0	671.0649793502234	2399.491644453694	1	0	1	1.1075279544514722
242229.62899486313	2000.0	2169.8626495905396	0.0	0	0.0	2399.491644453723	1	0	1	1.1075279544514691
243221.96780556385	2000.0	2177.5238388898542	0.0	0	0.0	2399.491644453723	1	0	1	1.800675135011414
244256.28893866792	2000.0	2143.202705785766	0.0	0	0.0	2399.491644453694	1	0	1	1.8006751350114172
245576.74057230598	2000.0	1822.7510721477142	0.0	0	0.0	2399.491644453694	1	0	1	1.8006751350114154
246582.2997328949	2000.0	1817.1919115588005	0.0	0	0.0	2399.491644453694	1	0	1	1.8006751350114176
248099.06557192528	2000.0	1300.4260725284175	0.0	0	0.0	2399.491644453723	1	0	1	1.8006751350114145
249026.29697412392	2000.0	1373.1946703297615	0.0	0	0.0	2399.491644453723	1	0	1	1.800675135011414
249889.09867695838	2000.0	1510.3929674952494	0.0	0	0.0	2399.491644453694	1	0	1	1.8006751350114172
250863.86441118433	2000.0	1535.6272332692884	0.0	0	0.0	2399.491644453694	1	0	1	1.8006751350114176
251751.66340673607	2000.0	1647.8282377175503	0.0	0	0.0	2399.491644453694	1	0	1	1.8006751350114172
253001.6181799351	2000.0	1397.8734645185514	0.0	0	0.0	2399.491644453694	1	0	1	1.8006751350114172
253950.74353205907	2000.0	1448.7481123945638	0.0	0	0.0	2399.491644453694	1	0	1	1.8006751350114172
254904.40882175803	2000.0	1495.0828226956264	0.0	0	0.0	2399.491644453694	1	0	1	1.8006751350114172
255658.40258765596	2000.0	1741.0890567976962	0.0	0	0.0	2399.491644453665	1	0	1	1.8006751350114203
256591.5319905949	2000.0	1807.9596538587593	0.0	0	0.0	2399.491644453665	1	0	1	1.8006751350114203
257356.1756272539	2000.0	2043.3160171998072	0.0	0	0.0	2399.491644453665	1	0	1	1.8006751350114203
258200.0	2000.0	2199.491644453682	0.0	0	369.76742233661935	2399.491644453665	1	0	1	1.8006751350114203
259200.0	2000.0	2199.491644453669	0.0	0	436.6627960767073	2399.491644453665	1	0	1	1.8006751350114203
260200.0	2000.0	2199.491644453644	0.0	0	223.0105409595417	2399.4916444536357	1	0	1	1.8006751350114234
261200.0	2000.0	2199.4916444536475	0.0	0	208.8620998164697	2399.4916444536357	1	0	1	1.8006751350114234
262663.5288920401	3000.0	1735.9627524136033	0.0	0	0.0	2399.491644453665	1	0	1	1.8006751350114205
263946.45213666465	3000.0	1453.0395077889466	0.0	0	0.0	2399.4916444535775	1	0	1	2.20614024311959
264977.7417854373	3000.0	1421.7498590163086	0.0	0	0.0	2399.4916444536066	1	0	1	2.206140243119591
265820.78312614566	3000.0	1578.7085183079396	0.0	0	0.0	2399.491644453665	1	0	1	2.206140243119585
266820.08765877696	3000.0	1579.403985676616	0.0	0	0.0	2399.491644453665	1	0	1	2.206140243119585
268140.4827914684	3000.0	1259.0088529852258	0.0	0	0.0	2399.491644453665	1	0	1	2.206140243119585
269278.21569580823	2000.0	1121.2759486454418	0.0	0	0.0	2399.491644453723	1	0	1	1.3952100269032495
269757.5237285173	2000.0	1641.9679159364136	0.0	0	0.0	2399.491644453723	1	0	1	1.800675135011414
270293.37103904574	2000.0	2106.120605407975	0.0	0	0.0	2399.491644453665	1	0	1	1.8006751350114154
271200.0	2000.0	2199.4916444537475	0.0	0	419.0496888041962	2399.4916444536066	1	0	1	1.8006751350114265
272200.0	2000.0	2199.4916444537544	0.0	0	452.79484074923676	2399.4916444536066	1	0	1	1.8006751350114265
273275.7689245256	2000.0	2123.722719928145	0.0	0	0.0	2399.4916444536066	1	0	1	1.8006751350114314
274200.0	2000.0	2199.491644453785	0.0	0	246.2341621867963	2399.491644453665	1	0	1	1.8006751350114203
275200.0	2000.0	2199.491644453813	0.0	0	348.0434040973778	2399.491644453723	1	0	1	1.800675135011414
276817.52236019395	3000.0	1581.9692842598965	0.0	0	0.0	2399.491644453723	1	0	1	1.8006751350114145
277967.27452983515	3000.0	1432.2171146187195	0.0	0	0.0	2399.491644453723	1	0	1	2.206140243119579
279694.8695216372	3000.0	704.6221228166712	0.0	0	0.0	2399.491644453723	1	0	1	2.206140243119579
280550.2770084904	2000.0	849.2146359635143	0.0	0	0.0	2399.491644453723	1	0	1	1.3952100269032495
281327.78351950954	2000.0	1071.7081249444464	0.0	0	0.0	2399.491644453723	1	0	1	1.800675135011414
282285.574205489	2000.0	1113.9174389649313	0.0	0	0.0	2399.491644453723	1	0	1	1.800675135011414
283041.92767750856	2000.0	1357.56396694538	0.0	0	0.0	2399.491644453723	1	0	1	1.800675135011414
284047.8549739286	2000.0	1351.6366705253326	0.0	0	0.0	2399.491644453723	1	0	1	1.800675135011414
285006.7625124727	2000.0	1392.7291319812218	0.0	0	0.0	2399.491644453723	1	0	1	1.800675135011414
286036.0675815713	2000.0	1363.4240628826458	0.0	0	0.0	2399.491644453723	1	0	1	1.800675135011414
287222.6176105723	2000.0	1176.8740338816158	0.0	0	0.0	2399.491644453723	1	0	1	1.800675135011414
288208.5688087503	2000.0	1190.9228357036268	0.0	0	0.0	2399.491644453723	1	0	1	1.800675135011414
289309.6827810521	2000.0	1089.8088634018782	0.0	0	0.0	2399.491644453723	1	0	1	1.8006751350114163
290141.66586554196	2000.0	1257.8257789119846	0.0	0	0.0	2399.491644453723	1	0	1	1.800675135011414
291076.85458011157	2000.0	1322.6370643423625	0.0	0	0.0	2399.491644453665	1	0	1	1.8006751350114203
291886.6553285015	2000.0	1512.8363159524401	0.0	0	0.0	2399.491644453665	1	0	1	1.8006751350114203
292873.2725193664	2000.0	1526.2191250874723	0.0	0	0.0	2399.491644453665	1	0	1	1.8006751350114203
293808.90150452143	2000.0	1590.5901399324325	0.0	0	0.0	2399.491644453665	1	0	1	1.8006751350114203
294390.61725757143	2000.0	2008.8743868824083	0.0	0	0.0	2399.491644453665	1	0	1	1.8006751350114203
295406.3530939942	2000.0	1993.1385504595605	0.0	0	0.0	2399.491644453665	1	0	1	1.8006751350114203
296494.3771973666	2000.0	1905.1144470871627	0.0	0	0.0	2399.491644453723	1	0	1	1.800675135011414
297647.5744711928	2000.0	1751.917173260973	0.0	0	0.0	2399.491644453723	1	0	1	1.800675135011414
298672.1447267852	2000.0	1727.3469176685571	0.0	0	0.0	2399.491644453723	1	0	1	1.800675135011414
299614.39003031247	2000.0	1785.1016141412913	0.0	0	0.0	2399.491644453781	1	0	1	1.8006751350114105
300500.7077458775	2000.0	1898.7838985762553	0.0	0	0.0	2399.4916444538394	1	0	1	1.8006751350114023
2.75	2.4	2.91	1.54	2.41	2.59	2.63	2.15	1.63	2.15	2.63	2.54	1.71	1.8	2.5	2.43	1.84	2.21	2.17	0.9	2.25	2.2	1.58	1.8	1.81	2.28	1.53	1.54	1.61	1.84	1.62	1.66	1.77	2.66	2.31	2.87	3.65	2.92	1.84	2.46	1.67	1.95	2.41	1.85	2.73	1.63	2.22	1.68	2.49	2.73	2.0	1.88	1.84	1.49	1.66	2.11	1.54	2.44	1.2	1.55	1.75	0.96	2.33	2.65	3.88	2.79	2.56	2.54	1.6	1.37	1.49	2.2	2.65	2.88	2.12	2.22	2.36	2.24	2.41	1.92	2.47	2.68	2.15	2.09	2.06	2.86	3.66	2.29	1.82	2.58	1.47	1.39	1.83	1.38	2.39	3.13	1.85	1.98	1.7	2.46	2.2	2.49	3.29	4.39	3.08	2.86	2.92	1.98	2.76	3.43	2.94	2.72	2.04	2.13	2.28	3.43	4.81	5.04	1.59	3.29	2.94	2.46	2.47	2.57	2.4	2.19	2.18	1.88	2.43	2.37	2.86	1.97	2.18	2.28	1.84	2.57	1.81	1.87	1.99	2.88	2.05	1.89	2.06	1.97	2.59	2.95	2.19	2.33	2.49	1.89	2.75	2.4	2.91	1.54	2.41	2.59	2.63	2.15	1.63	2.15	2.63	2.54	1.71	1.8	2.5	2.43	1.84	2.21	2.17	0.9	2.25	2.2	1.58	1.8	1.81	2.28	1.53	1.54	1.61	1.84	1.62	1.66	1.77	2.66	2.31	2.87	3.65	2.92	1.84	2.46	1.67	1.95	2.41	1.85	2.73	1.63	2.22	1.68	2.49	2.73	2.0	1.88	1.84	1.49	1.66	2.11	1.54	2.44	1.2	1.55	1.75	0.96	2.33	2.65	3.88	2.79	2.56	2.54	1.6	1.37	1.49	2.2	2.65	2.88	2.12	2.22	2.36	2.24	2.41	1.92	2.47	2.68	2.15	2.09	2.06	2.86	3.66	2.29	1.82	2.58	1.47	1.39	1.83	1.38	2.39	3.13	1.85	1.98	1.7	2.46	2.2	2.49	3.29	4.39	3.08	2.86	2.92	1.98	2.76	3.43	2.94	2.72	2.04	2.13	2.28	3.43	4.81	5.04	1.59	3.29	2.94	2.46	2.47	2.57	2.4	2.19	2.18	1.88	2.43	2.37	2.86	1.97	2.18	2.28	1.84	2.57	1.81	1.87	1.99	2.88	2.05	1.89	2.06	1.97	2.59	2.95	2.19	2.33	2.49	1.89
1.0	2.0	3.0	4.0	5.0	6.0	7.0	8.0	9.0	10.0	11.0	12.0	13.0	14.0	15.0	16.0	17.0	18.0	19.0	20.0	21.0	22.0	23.0	24.0	25.0	26.0	27.0	28.0	29.0	30.0	31.0	32.0	33.0	34.0	35.0	36.0	37.0	38.0	39.0	40.0	41.0	42.0	43.0	44.0	45.0	46.0	47.0	48.0	49.0	50.0	51.0	52.0	53.0	54.0	55.0	56.0	57.0	58.0	59.0	60.0	61.0	62.0	63.0	64.0	65.0	66.0	67.0	68.0	69.0	70.0	71.0	72.0	73.0	74.0	75.0	76.0	77.0	78.0	79.0	80.0	81.0	82.0	83.0	84.0	85.0	86.0	87.0	88.0	89.0	90.0	91.0	92.0	93.0	94.0	95.0	96.0	97.0	98.0	99.0	100.0	101.0	102.0	103.0	104.0	105.0	106.0	107.0	108.0	109.0	110.0	111.0	112.0	113.0	114.0	115.0	116.0	117.0	118.0	119.0	120.0	121.0	122.0	123.0	124.0	125.0	126.0	127.0	128.0	129.0	130.0	131.0	132.0	133.0	134.0	135.0	136.0	137.0	138.0	139.0	140.0	141.0	142.0	143.0	144.0	145.0	146.0	147.0	148.0	149.0	149.0	150.0	151.0	152.0	153.0	154.0	155.0	156.0	157.0	158.0	159.0	160.0	161.0	162.0	163.0	164.0	165.0	166.0	167.0	168.0	169.0	170.0	171.0	172.0	173.0	174.0	175.0	176.0	177.0	178.0	179.0	180.0	181.0	182.0	183.0	184.0	185.0	186.0	187.0	188.0	189.0	190.0	191.0	192.0	193.0	194.0	195.0	196.0	197.0	198.0	199.0	200.0	201.0	202.0	203.0	204.0	205.0	206.0	207.0	208.0	209.0	210.0	211.0	212.0	213.0	214.0	215.0	216.0	217.0	218.0	219.0	220.0	221.0	222.0	223.0	224.0	225.0	226.0	227.0	228.0	229.0	230.0	231.0	232.0	233.0	234.0	235.0	236.0	237.0	238.0	239.0	240.0	241.0	242.0	243.0	244.0	245.0	246.0	247.0	248.0	249.0	250.0	251.0	252.0	253.0	254.0	255.0	256.0	257.0	258.0	259.0	260.0	261.0	262.0	263.0	264.0	265.0	266.0	267.0	268.0	269.0	270.0	271.0	272.0	273.0	274.0	275.0	276.0	277.0	278.0	279.0	280.0	281.0	282.0	283.0	284.0	285.0	286.0	287.0	288.0	289.0	290.0	291.0	292.0	293.0	294.0	295.0	296.0	297.0	298.0	298.0
5274.048139478332
