3968.872192020412	300.0	2000.0	166.82784869474622	0	0.0	3968.872192020412	1	0	1	-1.4412327512140615
4197.313676398098	300.0	2748.7143671845447	0.0	0	0.0	3946.0280435826426	1	0	2	-0.8467443984165746
4374.749988901084	300.0	3553.5344234312593	0.0	0	0.0	3928.2844123323434	1	0	2	-0.6391959491516979
5200.0	500.0	3645.7594112224506	0.0	0	395.71089682411457	3845.7594112224506	1	0	2	-0.6192325205604648
6200.0	500.0	3545.759411222451	0.0	0	710.6291165538432	3745.759411222451	1	0	2	-0.07331374862241402
7200.0	500.0	3445.759411222451	0.0	0	765.9494645243485	3645.759411222451	1	0	2	-0.03919293143699579
8200.0	500.0	3345.759411222452	0.0	0	783.3358568037856	3545.7594112224515	1	0	2	-0.007757481065626071
9200.0	1000.0	3245.7594112224538	0.0	0	639.041293752065	3445.7594112224524	1	0	2	0.021158401298306873
10200.0	1000.0	3145.759411222455	0.0	0	564.4620145146782	3345.7594112224533	1	0	2	0.7410750217279338
11200.0	1000.0	3045.7594112224547	0.0	0	450.52691445953315	3245.7594112224524	1	0	2	0.7654439426458253
12200.0	1000.0	2945.7594112224547	0.0	0	326.38176827345524	3145.7594112224506	1	0	2	0.7883293372673521
13200.0	1000.0	2945.759411222452	0.0	0	337.6040767472987	3145.7594112224506	1	0	1	0.796013179819778
14200.0	1000.0	2945.759411222451	0.0	0	600.2544825999066	3145.7594112224506	1	0	1	0.9960131798197782
15200.0	1000.0	2945.7594112224506	0.0	0	627.973320411158	3145.7594112224506	1	0	1	0.9960131798197782
16200.0	1000.0	2845.7594112224488	0.0	0	442.58508803767836	3045.7594112224506	1	0	2	0.6082781493202684
17200.0	1000.0	2845.759411222447	0.0	0	244.5125503383788	3045.7594112224506	1	0	1	0.8157174099533364
18200.0	1000.0	2845.7594112224433	0.0	0	381.1919328775002	3045.759411222445	1	0	1	1.015717409953337
19200.0	1000.0	2845.759411222448	0.0	0	500.5277389808398	3045.7594112224506	1	0	1	1.0157174099533368
20200.0	1000.0	2845.7594112224488	0.0	0	662.8358863717403	3045.7594112224506	1	0	1	1.0157174099533364
21200.0	1000.0	2845.7594112224474	0.0	0	627.4536897634498	3045.7594112224506	1	0	1	1.0157174099533364
22200.0	2000.0	2845.759411222443	0.0	0	303.5712274619327	3045.7594112224506	1	0	1	1.0157174099533364
23200.0	3000.0	2745.75941122244	0.0	0	391.5456818909952	2945.7594112224506	1	0	2	1.3200457999954835
24435.738268991634	3000.0	2510.021142230809	0.0	0	0.0	2945.759411222454	1	0	1	1.9323365942865534
25462.7830740952	3000.0	2482.9763371272415	0.0	0	0.0	2945.7594112224506	1	0	1	2.132336594286554
26370.302883276305	3000.0	2575.456527946138	0.0	0	0.0	2945.759411222447	1	0	1	2.132336594286555
27581.847954445315	3000.0	2363.9114567771244	0.0	0	0.0	2945.759411222447	1	0	1	2.132336594286555
28906.856851405504	3000.0	2038.9025598169333	0.0	0	0.0	2945.759411222447	1	0	1	2.132336594286555
30139.80151819216	3000.0	1805.9578930302787	0.0	0	0.0	2945.7594112224433	1	0	1	2.1323365942865555
31441.820986243954	3000.0	1503.9384249784785	0.0	0	0.0	2945.7594112224433	1	0	1	2.1323365942865555
33373.914216194986	3000.0	571.8451950274462	0.0	0	0.0	2945.759411222447	1	0	1	2.132336594286555
34517.464912725634	2000.0	428.2944984967952	0.0	0	0.0	2945.7594112224433	1	0	1	1.3214063780702263
35631.20313461019	2000.0	428.5517226055942	113.99544599335678	0	0.0	3059.7548572157975	1	0	1	1.022239467172068
36327.187687206075	2000.0	732.5671700097034	0.0	0	0.0	3059.7548572157975	1	0	1	1.7062121431322086
37447.17102573487	2000.0	612.5838314809127	0.0	0	0.0	3059.7548572157975	1	0	1	1.7062121431322086
38482.83967626503	2000.0	576.9151809507448	0.0	0	0.0	3059.7548572157903	1	0	1	1.70621214313221
39324.89995805189	2000.0	734.854899163889	0.0	0	0.0	3059.7548572157903	1	0	1	1.70621214313221
40241.130630055806	2000.0	818.624227159968	0.0	0	0.0	3059.7548572157903	1	0	1	1.70621214313221
41304.2566314101	2000.0	755.4982258056689	0.0	0	0.0	3059.754857215783	1	0	1	1.7062121431322113
42113.118409955365	2000.0	946.6364472604039	0.0	0	0.0	3059.754857215783	1	0	1	1.7062121431322113
43200.604459000846	2000.0	859.1503982149206	0.0	0	0.0	3059.754857215783	1	0	1	1.7062121431322113
44058.70310965067	2000.0	1001.0517475650954	0.0	0	0.0	3059.7548572157757	1	0	1	1.7062121431322128
44946.822416501986	2000.0	1112.9324407137758	0.0	0	0.0	3059.7548572157757	1	0	1	1.7062121431322128
45837.81704304795	2000.0	1221.9378141678064	0.0	0	0.0	3059.7548572157757	1	0	1	1.7062121431322128
47067.60838551746	2000.0	869.1673374513565	0.0	0	0.0	2936.7757229688286	1	0	2	1.324211903739326
47919.0248550116	2000.0	1017.7508679572136	0.0	0	0.0	2936.7757229688286	1	0	1	1.5284106172321716
48655.399157227585	2000.0	1281.3765657412296	0.0	0	0.0	2936.7757229688286	1	0	1	1.7284106172321718
49282.279694150886	2000.0	1654.496028817928	0.0	0	0.0	2936.7757229688286	1	0	1	1.7284106172321718
49889.279724763466	2000.0	2047.4959982053454	0.0	0	0.0	2936.7757229688286	1	0	1	1.7284106172321718
50394.166244059175	2000.0	2492.120826980064	0.0	0	0.0	2886.2870710392526	1	0	2	1.3348791932544524
51200.0	3000.0	2686.287071039239	0.0	0	146.1220248528407	2886.2870710392526	1	0	1	1.5368299146691022
52200.0	3000.0	2686.287071039237	0.0	0	157.36956968386949	2886.2870710392453	1	0	1	2.142295022777268
53200.0	3000.0	2586.287071039241	0.0	0	341.6300877346366	2786.2870710392526	1	0	2	1.7521121178652013
54226.01028725612	3000.0	2457.6757550575144	0.0	0	0.0	2683.686042313653	1	0	2	1.9678390294041401
55558.7333893216	3000.0	2124.9526529920386	0.0	0	0.0	2683.686042313653	1	0	1	1.9724126042716386
56664.97061134094	3000.0	2018.71543097269	0.0	0	0.0	2683.686042313653	1	0	1	2.172412604271639
57459.290529348094	3000.0	2224.3955129655405	0.0	0	0.0	2683.686042313653	1	0	1	2.172412604271639
58232.07199675566	3000.0	2451.614045557975	0.0	0	0.0	2683.686042313653	1	0	1	2.172412604271639
59425.634803756984	3000.0	2258.051238556644	0.0	0	0.0	2683.686042313653	1	0	1	2.172412604271639
60690.94130909446	3000.0	1992.7447332191732	0.0	0	0.0	2683.6860423136604	1	0	1	2.172412604271638
61932.11674062499	3000.0	1751.5693016886523	0.0	0	0.0	2683.6860423136604	1	0	1	2.172412604271638
63642.554989191885	3000.0	1041.1310531217453	0.0	0	0.0	2683.686042313653	1	0	1	2.172412604271639
64585.20426451492	2000.0	1098.4817777987128	0.0	0	0.0	2683.686042313653	1	0	1	1.3614823880553093
65231.576132623195	2000.0	1452.1099096904363	0.0	0	0.0	2683.686042313653	1	0	1	1.766947496163474
65782.71872307095	2000.0	1900.9673192426699	0.0	0	0.0	2683.6860423136386	1	0	1	1.7669474961634755
66599.31106964621	3000.0	2084.3749726674064	0.0	0	0.0	2683.6860423136313	1	0	1	1.7669474961634761
67983.56154664383	2000.0	1700.1244956697665	0.0	0	0.0	2683.6860423136095	1	0	1	1.3614823880553149
70234.39435592708	3000.0	449.29168638651345	0.0	0	0.0	2683.6860423136095	1	0	1	1.7669474961634801
71131.83556384245	2000.0	561.5964625884055	9.745984117252732	0	0.0	2693.4320264308626	1	0	1	1.3016832439704582
72399.43844423254	2000.0	345.76211786293396	51.768535664619634	0	0.0	2745.2005620954733	1	0	1	1.4477800285274796
73057.89469413589	1000.0	687.3058679595977	0.0	0	0.0	2745.2005620954733	1	0	1	0.37209688139530706
73502.62225516421	1000.0	1242.5783069312624	0.0	0	0.0	2745.2005620954733	1	0	1	1.0652440619552523
73818.93197555972	1000.0	1926.2685865357469	0.0	0	0.0	2745.200562095488	1	0	1	1.0652440619552501
74244.21114488585	1000.0	2500.989417209621	0.0	0	0.0	2745.200562095488	1	0	1	1.0652440619552501
75200.0	1000.0	2545.200562095462	0.0	0	429.9955730867223	2745.2005620954733	1	0	1	1.0652440619552523
76200.0	1000.0	2545.200562095459	0.0	0	350.1385385940521	2745.2005620954733	1	0	1	1.0652440619552523
77200.0	1000.0	2545.2005620954556	0.0	0	488.1865292748698	2745.2005620954587	1	0	1	1.0652440619552543
78200.0	1000.0	2545.200562095444	0.0	0	611.6014217979391	2745.2005620954587	1	0	1	1.0652440619552543
79200.0	1000.0	2545.20056209544	0.0	0	553.1017998635944	2745.200562095444	1	0	1	1.0652440619552563
80200.0	2000.0	2545.2005620954305	0.0	0	148.76860283620772	2745.200562095444	1	0	1	1.0652440619552563
81200.0	2000.0	2445.200562095436	0.0	0	289.6788043929846	2645.200562095444	1	0	2	1.3671551424172625
82200.0	2000.0	2445.2005620954355	0.0	0	281.2881225592573	2645.200562095444	1	0	1	1.5720570714745938
83604.84470115692	2000.0	2040.3558609385095	0.0	0	0.0	2645.2005620954587	1	0	1	1.772057071474592
84544.63182557063	2000.0	2100.5687365248104	0.0	0	0.0	2645.2005620954587	1	0	1	1.772057071474592
85625.77713673921	2000.0	2019.4234253562252	0.0	0	0.0	2645.200562095444	1	0	1	1.772057071474594
87044.82203160689	2000.0	1600.378530488551	0.0	0	0.0	2645.2005620954587	1	0	1	1.772057071474592
88099.65394424192	2000.0	1545.5466178535357	0.0	0	0.0	2645.2005620954733	1	0	1	1.77205707147459
88693.09310085108	2000.0	1952.1074612443722	0.0	0	0.0	2645.200562095488	1	0	1	1.7720570714745885
89374.14117377246	2000.0	2271.0593883230076	0.0	0	0.0	2645.200562095488	1	0	1	1.7720570714745885
90319.22079877372	2000.0	2325.9797633217486	0.0	0	0.0	2645.200562095488	1	0	1	1.7720570714745885
91312.34430364112	2000.0	2332.8562584543492	0.0	0	0.0	2645.200562095488	1	0	1	1.7720570714745885
92420.21707348232	2000.0	2224.9834886131325	0.0	0	0.0	2645.2005620954733	1	0	1	1.77205707147459
93200.0	2000.0	2445.2005620954496	0.0	0	31.024040377829806	2645.2005620954587	1	0	1	1.772057071474592
94200.0	2000.0	2445.200562095441	0.0	0	254.5597148212255	2645.2005620954587	1	0	1	1.772057071474592
95200.0	2000.0	2445.200562095434	0.0	0	133.81589559496206	2645.200562095444	1	0	1	1.772057071474594
96200.0	2000.0	2445.2005620954274	0.0	0	16.42446507998102	2645.200562095444	1	0	1	1.772057071474594
97200.0	2000.0	2445.200562095417	0.0	0	322.04601815348724	2645.200562095444	1	0	1	1.772057071474594
98270.5766542723	2000.0	2374.6239078231188	0.0	0	0.0	2645.200562095444	1	0	1	1.772057071474594
99309.20045749989	2000.0	2232.137724272766	0.0	0	0.0	2541.338181772662	1	0	2	1.381574724569524
100200.0	2000.0	2341.3381817726577	0.0	0	284.7187146412616	2541.338181772662	1	0	1	1.584964106823579
101200.0	2000.0	2341.3381817726486	0.0	0	368.95641334821994	2541.338181772662	1	0	1	1.784964106823579
102200.0	2000.0	2341.3381817726536	0.0	0	414.00481408408086	2541.338181772662	1	0	1	1.784964106823579
103200.0	2000.0	2241.3381817726513	0.0	0	500.66363614947477	2441.338181772662	1	0	2	1.3919756068904663
104200.0	2000.0	2241.3381817726536	0.0	0	462.525345635906	2441.338181772662	1	0	1	1.5962567743405893
105200.0	2000.0	2241.3381817726513	0.0	0	601.1628316528077	2441.338181772662	1	0	1	1.7962567743405895
106200.0	3000.0	2241.338181772662	0.0	0	148.53573667838646	2441.338181772662	1	0	1	1.7962567743405895
107347.56819438428	3000.0	2093.7699873884003	0.0	0	0.0	2441.338181772662	1	0	1	2.201721882448754
108928.26523078154	3000.0	1513.072950991142	0.0	0	0.0	2441.3381817726477	1	0	1	2.201721882448756
109772.1091765018	3000.0	1669.2290052708763	0.0	0	0.0	2441.3381817726477	1	0	1	2.201721882448756
110879.73340286265	3000.0	1561.6047789100328	0.0	0	0.0	2441.338181772633	1	0	1	2.2017218824487577
111539.3557669029	3000.0	1901.9824148697821	0.0	0	0.0	2441.3381817726477	1	0	1	2.201721882448756
112336.52133308984	3000.0	2104.816848682828	0.0	0	0.0	2441.3381817726477	1	0	1	2.201721882448756
113200.0	3000.0	2241.338181772661	0.0	0	29.363849303495954	2441.3381817726477	1	0	1	2.201721882448756
114200.0	3000.0	2241.3381817726604	0.0	0	329.89135276364686	2441.3381817726477	1	0	1	2.201721882448756
115398.31680123694	3000.0	2043.0213805357257	0.0	0	0.0	2441.338181772662	1	0	1	2.201721882448754
117624.98652972086	3000.0	816.3516520517978	0.0	0	0.0	2441.338181772662	1	0	1	2.201721882448754
119106.34428273674	3000.0	362.85082498068914	27.856925944775526	0	0.0	2469.195107717431	1	0	1	2.0315406987261686
120270.34255440497	3000.0	399.8661100704908	201.01355675802407	0	0.0	2670.20866447546	1	0	1	0.9681414752846527
121031.7593385615	3000.0	638.4493259139592	0.0	0	0.0	2670.2086644754745	1	0	1	2.1742228158327954
122056.2095956578	2000.0	613.999068817657	0.0	0	0.0	2670.2086644754745	1	0	1	1.363292599616466
123049.9721537077	2000.0	620.2365107677738	0.0	0	0.0	2670.2086644754745	1	0	1	1.7687577077246306
123891.9133578047	2000.0	778.2953066707782	0.0	0	0.0	2670.20866447546	1	0	1	1.7687577077246326
124795.54172083204	2000.0	874.6669436434528	0.0	0	0.0	2670.20866447546	1	0	1	1.7687577077246326
125444.91058499129	2000.0	1225.2980794842274	0.0	0	0.0	2670.20866447546	1	0	1	1.7687577077246326
125875.14890562149	2000.0	1795.059758854039	0.0	0	0.0	2670.20866447546	1	0	1	1.7687577077246326
126301.28304800046	2000.0	2368.9256164750755	0.0	0	0.0	2670.20866447546	1	0	1	1.7687577077246326
127200.0	3000.0	2470.208664475529	0.0	0	246.3059646061447	2670.20866447546	1	0	1	1.7687577077246326
128223.8650293476	3000.0	2446.343635127929	0.0	0	0.0	2670.20866447546	1	0	1	2.174222815832797
129409.17540533733	3000.0	2261.0332591381994	0.0	0	0.0	2670.20866447546	1	0	1	2.174222815832797
131390.41961153384	3000.0	1279.789052941689	0.0	0	0.0	2670.208664475489	1	0	1	2.1742228158327945
132111.07875739023	2000.0	1559.1299070852874	0.0	0	0.0	2670.20866447546	1	0	1	1.3632925996164662
133282.381768327	2000.0	1387.8268961485367	0.0	0	0.0	2670.20866447546	1	0	1	1.7687577077246326
134271.20527664598	2000.0	1399.0033878295194	0.0	0	0.0	2670.2086644754454	1	0	1	1.7687577077246344
135233.17508346515	2000.0	1437.0335810103566	0.0	0	0.0	2670.2086644754163	1	0	1	1.7687577077246384
135947.74872728885	2000.0	1722.45993718666	0.0	0	0.0	2670.2086644754454	1	0	1	1.7687577077246344
137250.06671585696	2000.0	1420.1419486185578	0.0	0	0.0	2670.2086644754454	1	0	1	1.7687577077246344
138336.39294846437	2000.0	1333.8157160111082	0.0	0	0.0	2670.2086644754454	1	0	1	1.7687577077246344
139343.18540986875	2000.0	1327.0232546067482	0.0	0	0.0	2670.2086644754163	1	0	1	1.7687577077246384
140166.88451111462	2000.0	1503.3241533608784	0.0	0	0.0	2670.208664475387	1	0	1	1.7687577077246421
140816.57515388072	2000.0	1853.6335105947717	0.0	0	0.0	2670.208664475387	1	0	1	1.7687577077246421
141251.54336401512	2000.0	2418.6653004604063	0.0	0	0.0	2670.208664475387	1	0	1	1.7687577077246421
142200.0	2000.0	2470.2086644755027	0.0	0	372.3589862216613	2670.208664475387	1	0	1	1.7687577077246421
143200.0	2000.0	2470.208664475476	0.0	0	450.1651660919306	2670.208664475387	1	0	1	1.7687577077246421
144200.0	2000.0	2470.208664475481	0.0	0	399.06987491989275	2670.208664475387	1	0	1	1.7687577077246421
145200.0	2000.0	2470.2086644754813	0.0	0	326.3622042386851	2670.208664475387	1	0	1	1.7687577077246421
146599.18413942828	2000.0	2071.0245250471817	0.0	0	0.0	2670.208664475358	1	0	1	1.7687577077246461
147497.16373737098	2000.0	2173.0449271044495	0.0	0	0.0	2670.208664475358	1	0	1	1.7687577077246461
148329.20035026775	2000.0	2341.008314207671	0.0	0	0.0	2670.208664475329	1	0	1	1.76875770772465
149200.0	3000.0	2470.2086644754268	0.0	0	50.61336195425247	2670.2086644753	1	0	1	1.768757707724654
150200.0	3000.0	2470.2086644754536	0.0	0	18.522291039291304	2670.2086644753	1	0	1	2.1742228158328185
151200.0	3000.0	2470.2086644754495	0.0	0	73.44193689484382	2670.2086644753	1	0	1	2.1742228158328185
152269.7424897532	3000.0	2400.4661747222412	0.0	0	0.0	2670.2086644753	1	0	1	2.1742228158328185
154101.27001074675	3000.0	1568.9386537286784	0.0	0	0.0	2670.2086644753	1	0	1	2.1742228158328185
155874.19495685978	3000.0	796.0137076156691	0.0	0	0.0	2670.2086644753	1	0	1	2.1742228158328185
156653.46392141923	2000.0	1016.7447430562103	0.0	0	0.0	2670.208664475271	1	0	1	1.3632925996164906
157448.7099672907	2000.0	1221.4986971847602	0.0	0	0.0	2670.208664475271	1	0	1	1.7687577077246577
158562.08079261772	2000.0	1108.1278718577132	0.0	0	0.0	2670.208664475271	1	0	1	1.7687577077246577
159245.66694885257	2000.0	1424.5417156228546	0.0	0	0.0	2670.208664475271	1	0	1	1.7687577077246577
160159.12947954322	2000.0	1511.0791849322027	0.0	0	0.0	2670.2086644752417	1	0	1	1.7687577077246617
161407.40124718158	2000.0	1262.8074172938077	0.0	0	0.0	2670.208664475271	1	0	1	1.7687577077246577
162589.47984598888	2000.0	1080.7288184864856	0.0	0	0.0	2670.2086644752417	1	0	1	1.7687577077246617
163202.17027052207	2000.0	1468.038393953343	0.0	0	0.0	2670.2086644752417	1	0	1	1.7687577077246617
164432.9387119514	2000.0	1237.269952523991	0.0	0	0.0	2670.2086644752417	1	0	1	1.7687577077246617
165560.9957259062	2000.0	1109.212938569175	0.0	0	0.0	2670.208664475271	1	0	1	1.7687577077246577
166584.72526970026	2000.0	1085.4833947751047	0.0	0	0.0	2670.208664475329	1	0	1	1.768757707724653
167426.18318957835	2000.0	1244.0254748969742	0.0	0	0.0	2670.208664475329	1	0	1	1.76875770772465
168346.13973298596	2000.0	1324.0689314893887	0.0	0	0.0	2670.208664475358	1	0	1	1.7687577077246461
168906.09315840542	2000.0	1764.1155060699862	0.0	0	0.0	2670.208664475358	1	0	1	1.7687577077246461
169513.106288385	2000.0	2157.1023760904245	0.0	0	0.0	2670.208664475358	1	0	1	1.7687577077246461
170200.0	2000.0	2470.208664475405	0.0	0	31.303194979554974	2670.208664475329	1	0	1	1.76875770772465
171200.0	2000.0	2470.2086644754013	0.0	0	333.3740211291006	2670.2086644753	1	0	1	1.768757707724654
172200.0	2000.0	2470.2086644753795	0.0	0	365.30380486682407	2670.2086644753	1	0	1	1.768757707724654
173200.0	2000.0	2470.2086644753804	0.0	0	388.1226388416253	2670.2086644753	1	0	1	1.768757707724654
174200.0	2000.0	2470.2086644753613	0.0	0	357.15907800089917	2670.2086644753	1	0	1	1.768757707724654
175200.0	2000.0	2470.2086644753726	0.0	0	444.1442680853943	2670.2086644753	1	0	1	1.768757707724654
176200.0	3000.0	2470.2086644753604	0.0	0	24.213755767559633	2670.2086644753	1	0	1	1.768757707724654
177480.0485036618	3000.0	2190.160160813576	0.0	0	0.0	2670.2086644753	1	0	1	2.1742228158328185
179200.9553537899	3000.0	1469.2533106854926	0.0	0	0.0	2670.2086644753	1	0	1	2.1742228158328176
180332.50672721883	3000.0	1337.7019372565746	0.0	0	0.0	2670.2086644753	1	0	1	2.1742228158328185
181590.4768578604	3000.0	1079.7318066150258	0.0	0	0.0	2670.208664475271	1	0	1	2.1742228158328225
183408.11806149894	3000.0	262.0906029764928	0.0	0	0.0	2670.208664475271	1	0	1	2.1742228158328225
184594.63170289385	2000.0	405.84001591332594	330.2630543317069	0	0.0	3000.4717188070063	1	0	1	-0.6698217102169629
185311.2235376653	2000.0	689.2481811418811	0.0	0	0.0	3000.4717188070354	1	0	1	1.7172217238814378
186451.43922981335	2000.0	549.0324889937855	0.0	0	0.0	3000.4717188070354	1	0	1	1.7172217238814378
187597.54980602753	2000.0	451.3453472922955	48.42343451272342	0	0.0	3048.895153319725	1	0	1	1.4177325928748656
188546.58974056045	2000.0	502.3054127593707	0.0	0	0.0	3048.895153319725	1	0	1	1.7082731999512064
189144.66479271906	2000.0	904.2303606007772	0.0	0	0.0	3048.895153319754	1	0	1	1.7082731999512006
190027.02493876024	2000.0	1021.8702145596083	0.0	0	0.0	3048.895153319754	1	0	1	1.7082731999512006
191101.59429567133	2000.0	947.3008576485421	0.0	0	0.0	3048.895153319754	1	0	1	1.7082731999512006
192329.75593806547	2000.0	719.1392152543754	0.0	0	0.0	3048.895153319754	1	0	1	1.7082731999512006
193227.86242466784	2000.0	821.032728651987	0.0	0	0.0	3048.895153319754	1	0	1	1.7082731999512006
194274.6282901787	2000.0	774.266863141124	0.0	0	0.0	3048.895153319725	1	0	1	1.7082731999512064
194761.24594516613	1000.0	1287.6492081536378	0.0	0	0.0	3048.895153319696	1	0	1	0.3219788388313214
195300.34760362006	1000.0	1748.5475496997183	0.0	0	0.0	3048.895153319696	1	0	1	1.0151260193912666
195711.3150632039	1000.0	2296.4833441575	0.0	0	0.0	3007.798407361319	1	0	2	0.6214634359832669
196200.0	1000.0	2807.798407361382	0.0	0	9.412589872488752	3007.798407361319	1	0	1	0.8227455961803954
197200.0	1000.0	2807.7984073613934	0.0	0	575.7156219608441	3007.798407361348	1	0	1	1.0227455961803902
198200.0	1000.0	2807.7984073613998	0.0	0	601.6027751477959	3007.798407361348	1	0	1	1.0227455961803902
199200.0	1000.0	2807.7984073613943	0.0	0	730.0641250015469	3007.798407361348	1	0	1	1.0227455961803902
200200.0	1000.0	2707.7984073614098	0.0	0	602.7516491806309	2907.798407361348	1	0	2	0.6333958065491205
201200.0	1000.0	2707.798407361423	0.0	0	638.3783344232361	2907.798407361348	1	0	1	0.8401429761509325
202200.0	1000.0	2707.798407361455	0.0	0	708.7032869829563	2907.798407361348	1	0	1	1.0401429761509327
203200.0	2000.0	2707.7984073614457	0.0	0	304.89392745215446	2907.798407361319	1	0	1	1.0401429761509375
204610.4193327667	3000.0	2297.37907459476	0.0	0	0.0	2907.798407361319	1	0	1	1.7332901567108827
205831.91963756125	3000.0	1953.7287393207343	0.0	0	0.0	2785.6483768818725	1	0	2	1.7543719685568238
206895.06783533172	3000.0	1890.5805415502846	0.0	0	0.0	2785.6483768818725	1	0	1	1.9579587719042013
207648.84562335542	3000.0	2136.802753526573	0.0	0	0.0	2785.6483768818434	1	0	1	2.157958771904206
209036.38742222343	3000.0	1749.2609546585759	0.0	0	0.0	2785.6483768818725	1	0	1	2.1579587719042035
209976.87795350546	3000.0	1808.7704233765241	0.0	0	0.0	2785.6483768818434	1	0	1	2.157958771904206
211691.68443129337	3000.0	1093.963945588605	0.0	0	0.0	2785.6483768818434	1	0	1	2.157958771904206
213336.71900860732	3000.0	448.9293682746468	0.0	0	0.0	2785.6483768818434	1	0	1	2.157958771904206
214074.8490893517	2000.0	710.7992875303352	0.0	0	0.0	2785.6483768818434	1	0	1	1.3470285556878765
214886.04970254502	2000.0	899.5986743370265	0.0	0	0.0	2785.6483768818434	1	0	1	1.752493663796041
215772.92255046332	2000.0	1012.7258264187161	0.0	0	0.0	2785.6483768818725	1	0	1	1.752493663796037
217071.3660273462	2000.0	714.2823495358435	0.0	0	0.0	2785.6483768819016	1	0	1	1.7524936637960327
218550.30692069995	2000.0	235.34145618208552	0.0	0	0.0	2785.6483768819307	1	0	1	1.7524936637960282
219743.57006051502	2000.0	426.0952484591784	384.01693209215307	0	0.0	3169.665308974072	1	0	1	-0.6199182725470953
220332.60028175006	1000.0	837.0650272241608	0.0	0	0.0	3169.665308974101	1	0	1	0.2978889588859269
220821.18302859255	1000.0	1299.6240056974088	0.0	0	0.0	3120.8070342898136	1	0	2	0.5986490399737792
221206.04016973	1000.0	1914.7668645599322	0.0	0	0.0	3120.8070342898136	1	0	1	0.8010962332301614
221619.58406470643	1000.0	2459.868580085854	0.0	0	0.0	3079.4526447921817	1	0	2	0.6073328275512216
222304.93328145047	1000.0	2705.9844416673964	0.0	0	0.0	3010.9177231178037	1	0	2	0.8190869814178857
223200.0	1000.0	2721.4110512628936	0.0	0	443.94465077726636	2921.4110512628395	1	0	2	0.8316486749682754
224200.0	1000.0	2721.4110512628986	0.0	0	604.0362289650657	2921.4110512628395	1	0	1	0.83786677470459
225200.0	1000.0	2721.4110512629154	0.0	0	512.2599452423165	2921.4110512628104	1	0	1	1.037866774704595
226200.0	1000.0	2621.4110512629322	0.0	0	436.675616240449	2821.4110512628395	1	0	2	0.647968623411713
227200.0	1000.0	2621.411051262937	0.0	0	626.7243886209035	2821.4110512628686	1	0	1	0.8539454709076078
228200.0	1000.0	2621.4110512629727	0.0	0	520.2592499356833	2821.4110512628686	1	0	1	1.053945470907608
229200.0	1000.0	2621.4110512629723	0.0	0	643.9650638761814	2821.4110512628395	1	0	1	1.0539454709076124
230200.0	1000.0	2621.4110512629545	0.0	0	646.5496960619639	2821.4110512628395	1	0	1	1.0539454709076124
231200.0	2000.0	2621.411051262948	0.0	0	448.04303416013136	2821.4110512628395	1	0	1	1.0539454709076124
232573.63627193557	2000.0	2247.774779327391	0.0	0	0.0	2821.4110512628104	1	0	1	1.747092651467562
233662.5504654823	2000.0	2158.860585780658	0.0	0	0.0	2821.4110512628104	1	0	1	1.747092651467562
234664.617578476	2000.0	2156.793472786958	0.0	0	0.0	2821.4110512628104	1	0	1	1.747092651467562
236077.33363038168	2000.0	1744.0774208812818	0.0	0	0.0	2821.4110512628104	1	0	1	1.7470926514675638
236775.2128503312	2000.0	2046.1982009317455	0.0	0	0.0	2821.4110512628104	1	0	1	1.747092651467562
237518.97664556987	2000.0	2302.4344056930636	0.0	0	0.0	2821.4110512628104	1	0	1	1.747092651467562
238200.0	2000.0	2621.411051262952	0.0	0	78.07128637461574	2821.4110512628104	1	0	1	1.747092651467562
239200.0	2000.0	2621.411051262946	0.0	0	416.9992587379238	2821.4110512628104	1	0	1	1.747092651467562
240605.84246542747	2000.0	2215.56858583549	0.0	0	0.0	2821.4110512627813	1	0	1	1.7470926514675664
241755.03472187152	2000.0	2066.376329391417	0.0	0	0.0	2821.4110512627813	1	0	1	1.7470926514675664
242562.28932500962	2000.0	2259.121726253311	0.0	0	0.0	2821.4110512627813	1	0	1	1.7470926514675664
243293.56359777157	2000.0	2527.8474534914008	0.0	0	0.0	2821.4110512627813	1	0	1	1.7470926514675664
244200.0	2000.0	2621.4110512629745	0.0	0	161.46572371255024	2821.4110512627813	1	0	1	1.7470926514675664
245200.0	2000.0	2621.4110512629914	0.0	0	90.25434566591866	2821.4110512627813	1	0	1	1.7470926514675664
246200.0	2000.0	2621.411051262988	0.0	0	302.7840657837223	2821.4110512627813	1	0	1	1.7470926514675664
247200.0	2000.0	2621.411051262991	0.0	0	298.47258305273135	2821.4110512627813	1	0	1	1.7470926514675664
248375.2624978084	2000.0	2328.622303673727	0.0	0	0.0	2703.8848014819378	1	0	2	1.3596084051136215
249200.0	2000.0	2503.8848014821288	0.0	0	50.523183716781205	2703.8848014819378	1	0	1	1.5641916714247606
250200.0	2000.0	2503.8848014821133	0.0	0	271.26912738906685	2703.8848014819378	1	0	1	1.7641916714247607
251200.0	2000.0	2503.884801482096	0.0	0	584.4430065820634	2703.8848014819378	1	0	1	1.7641916714247607
252200.0	3000.0	2503.884801482089	0.0	0	382.26109665140393	2703.8848014819378	1	0	1	1.764191671424761
253200.0	3000.0	2503.8848014821274	0.0	0	466.29622335525346	2703.8848014819378	1	0	1	2.1696567795329256
254200.0	3000.0	2503.884801482122	0.0	0	169.5233132817666	2703.8848014819378	1	0	1	2.1696567795329256
255200.0	3000.0	2503.8848014821097	0.0	0	239.58805936426506	2703.8848014819087	1	0	1	2.1696567795329296
256200.0	3000.0	2503.884801482104	0.0	0	55.24235869210679	2703.8848014819087	1	0	1	2.1696567795329296
257896.0084204179	3000.0	1807.8763810642222	0.0	0	0.0	2703.8848014819087	1	0	1	2.1696567795329296
259106.39143462075	3000.0	1597.4933668613512	0.0	0	0.0	2703.8848014819087	1	0	1	2.1696567795329296
260238.99445611367	3000.0	1464.8903453684156	0.0	0	0.0	2703.8848014818795	1	0	1	2.169656779532933
261249.03502453695	3000.0	1454.8497769451583	0.0	0	0.0	2703.8848014818795	1	0	1	2.169656779532933
262042.1744142121	3000.0	1661.7103872700172	0.0	0	0.0	2703.8848014818795	1	0	1	2.169656779532933
262959.3767194871	3000.0	1744.5080819950044	0.0	0	0.0	2703.8848014818504	1	0	1	2.1696567795329367
263892.4932909598	3000.0	1811.3915105223437	0.0	0	0.0	2703.8848014819087	1	0	1	2.169656779532932
265788.951324707	3000.0	914.93347677522	0.0	0	0.0	2703.8848014819087	1	0	1	2.1696567795329296
267307.4973192349	3000.0	396.3874822473265	0.0	0	0.0	2703.8848014819087	1	0	1	2.169656779532931
267961.23809769365	2000.0	742.6467037886016	0.0	0	0.0	2703.8848014819087	1	0	1	1.3587265633166
268604.4717357476	2000.0	1099.4130657345736	0.0	0	0.0	2703.8848014817922	1	0	1	1.7641916714247743
269311.6966725579	2000.0	1392.1881289242262	0.0	0	0.0	2703.8848014817922	1	0	1	1.7641916714247807
269846.98971647315	2000.0	1856.8950850089511	0.0	0	0.0	2703.8848014817922	1	0	1	1.7641916714247807
270682.3734142047	3000.0	2021.5113872774346	0.0	0	0.0	2703.8848014817922	1	0	1	1.764191671424781
272171.87658276723	3000.0	1532.0082187149253	0.0	0	0.0	2703.8848014817922	1	0	1	2.1696567795329456
273520.3103962711	3000.0	1183.5744052109885	0.0	0	0.0	2703.8848014817922	1	0	1	2.1696567795329456
274250.74329352315	2000.0	1453.1415079590117	0.0	0	0.0	2703.8848014818504	1	0	1	1.3587265633166081
274849.0963983518	2000.0	1854.7884031303747	0.0	0	0.0	2703.8848014817922	1	0	1	1.7641916714247792
275512.3603061365	2000.0	2191.5244953456277	0.0	0	0.0	2703.8848014817922	1	0	1	1.7641916714247807
276200.0	2000.0	2503.884801482081	0.0	0	254.69706691155443	2703.884801481734	1	0	1	1.7641916714247887
277200.0	2000.0	2503.884801482117	0.0	0	195.78222753113369	2703.884801481734	1	0	1	1.7641916714247887
278200.0	2000.0	2503.884801482092	0.0	0	84.19696163589833	2703.884801481676	1	0	1	1.764191671424797
280236.567500021	3000.0	1263.6605514589492	0.0	0	0.0	2500.2280514794984	1	0	2	1.3832097001464725
281675.4569705375	3000.0	680.8821338907956	0.0	0	0.0	2356.3391044277814	1	0	2	2.0065812586109257
282952.9189849188	2000.0	406.75758425143044	3.3374647419874464	0	0.0	2359.6765691696783	1	0	1	1.1792296706365821
283890.81698980706	2000.0	487.2005899185616	18.341010555430046	0	0.0	2378.0175797251286	1	0	1	1.6928293676594728
284848.400001527	2000.0	529.6175781986267	0.0	0	0.0	2378.0175797250704	1	0	1	1.802875430992059
286079.34654921136	2000.0	383.96408199004145	85.29305147577656	0	0.0	2463.3106312007876	1	0	1	1.2821076001288372
287351.8307357304	2000.0	330.048813408584	218.56891793759428	0	0.0	2681.8795491390047	1	0	1	0.4557779465862314
288438.7956593603	2000.0	390.0099419274266	146.92605214869104	0	0.0	2828.8056012876914	1	0	1	0.8643972250631475
289334.75618205394	2000.0	581.6745678373653	87.62514860352286	0	0.0	2916.4307498912676	1	0	1	1.2060991130204914
290048.07473276247	2000.0	868.3560171288366	0.0	0	0.0	2916.4307498912094	1	0	1	1.7318500046416383
290559.7146031842	2000.0	1356.7161467071276	0.0	0	0.0	2916.4307498912094	1	0	1	1.7318500046416383
290960.2792154722	2000.0	1956.151534419094	0.0	0	0.0	2916.4307498912094	1	0	1	1.7318500046416383
291483.68203763326	2000.0	2432.748712258102	0.0	0	0.0	2916.4307498912676	1	0	1	1.7318500046416285
292200.0	2000.0	2716.4307498913136	0.0	0	243.03758422029205	2916.4307498912094	1	0	1	1.7318500046416383
293200.0	2000.0	2716.4307498913736	0.0	0	522.6187639907002	2916.4307498912094	1	0	1	1.7318500046416383
294200.0	2000.0	2716.4307498913595	0.0	0	307.2051996472874	2916.4307498912094	1	0	1	1.7318500046416383
295455.4453114945	3000.0	2460.985438396889	0.0	0	0.0	2916.4307498912676	1	0	1	1.7318500046416287
296480.02596806706	3000.0	2333.9467161670495	0.0	0	0.0	2813.972684233915	1	0	2	1.7498538723113048
297775.09296811646	3000.0	2038.879716117613	0.0	0	0.0	2813.972684233915	1	0	1	1.9536958308962713
298821.4423899883	3000.0	1992.5302942457386	0.0	0	0.0	2813.972684233915	1	0	1	2.1536958308962713
299923.6064370628	3000.0	1890.3662471712164	0.0	0	0.0	2813.972684233857	1	0	1	2.1536958308962766
300846.8558449613	3000.0	1874.7918984828361	0.0	0	0.0	2721.6477434439585	1	0	2	1.764579209091173
1.9	1.63	1.95	2.11	2.55	2.32	2.46	1.93	1.9	2.13	2.49	1.92	2.11	1.59	2.03	3.0	2.93	3.38	4.62	3.54	2.79	2.41	3.31	2.53	2.84	1.98	2.93	2.86	1.97	1.97	2.39	2.27	2.35	1.62	2.14	2.54	2.99	1.76	2.22	2.2	2.27	2.1	1.46	2.75	3.06	3.13	3.15	3.87	4.45	4.15	2.48	1.69	2.36	3.65	3.31	2.51	2.84	2.64	2.05	1.73	2.19	2.97	3.1	1.84	2.26	1.23	1.45	2.13	2.05	1.98	2.53	2.12	2.11	2.98	3.49	2.42	3.08	3.32	2.29	1.59	2.27	2.25	1.63	1.76	3.06	3.76	1.97	1.86	1.97	3.26	2.53	2.51	2.51	1.97	2.22	2.34	3.37	3.67	4.49	5.17	5.21	4.52	3.78	3.19	1.55	2.73	3.13	3.64	4.05	4.39	3.31	2.09	1.45	1.89	2.04	2.95	3.39	3.44	2.02	1.8	2.26	3.45	3.87	4.03	1.8	3.01	1.75	1.83	2.4	1.93	2.39	2.29	2.11	1.96	1.98	1.54	2.58	3.73	5.02	4.44	2.63	2.26	1.7	2.98	3.06	3.08	2.73	2.64	3.51	2.0	1.9	1.63	1.95	2.11	2.55	2.32	2.46	1.93	1.9	2.13	2.49	1.92	2.11	1.59	2.03	3.0	2.93	3.38	4.62	3.54	2.79	2.41	3.31	2.53	2.84	1.98	2.93	2.86	1.97	1.97	2.39	2.27	2.35	1.62	2.14	2.54	2.99	1.76	2.22	2.2	2.27	2.1	1.46	2.75	3.06	3.13	3.15	3.87	4.45	4.15	2.48	1.69	2.36	3.65	3.31	2.51	2.84	2.64	2.05	1.73	2.19	2.97	3.1	1.84	2.26	1.23	1.45	2.13	2.05	1.98	2.53	2.12	2.11	2.98	3.49	2.42	3.08	3.32	2.29	1.59	2.27	2.25	1.63	1.76	3.06	3.76	1.97	1.86	1.97	3.26	2.53	2.51	2.51	1.97	2.22	2.34	3.37	3.67	4.49	5.17	5.21	4.52	3.78	3.19	1.55	2.73	3.13	3.64	4.05	4.39	3.31	2.09	1.45	1.89	2.04	2.95	3.39	3.44	2.02	1.8	2.26	3.45	3.87	4.03	1.8	3.01	1.75	1.83	2.4	1.93	2.39	2.29	2.11	1.96	1.98	1.54	2.58	3.73	5.02	4.44	2.63	2.26	1.7	2.98	3.06	3.08	2.73	2.64	3.51	2.0	1.9	1.63
1.0	2.0	3.0	4.0	5.0	6.0	7.0	8.0	9.0	10.0	11.0	12.0	13.0	14.0	15.0	16.0	17.0	18.0	19.0	20.0	21.0	22.0	23.0	24.0	25.0	26.0	27.0	28.0	29.0	30.0	31.0	32.0	33.0	34.0	35.0	36.0	37.0	38.0	39.0	40.0	41.0	42.0	43.0	44.0	45.0	46.0	47.0	48.0	49.0	50.0	51.0	52.0	53.0	54.0	55.0	56.0	57.0	58.0	59.0	60.0	61.0	62.0	63.0	64.0	65.0	66.0	67.0	68.0	69.0	70.0	71.0	72.0	73.0	74.0	75.0	76.0	77.0	78.0	79.0	80.0	81.0	82.0	83.0	84.0	85.0	86.0	87.0	88.0	89.0	90.0	91.0	92.0	93.0	94.0	95.0	96.0	97.0	98.0	99.0	100.0	101.0	102.0	103.0	104.0	105.0	106.0	107.0	108.0	109.0	110.0	111.0	112.0	113.0	114.0	115.0	116.0	117.0	118.0	119.0	120.0	121.0	122.0	123.0	124.0	125.0	126.0	127.0	128.0	129.0	130.0	131.0	132.0	133.0	134.0	135.0	136.0	137.0	138.0	139.0	140.0	141.0	142.0	143.0	144.0	145.0	146.0	147.0	148.0	149.0	149.0	150.0	151.0	152.0	153.0	154.0	155.0	156.0	157.0	158.0	159.0	160.0	161.0	162.0	163.0	164.0	165.0	166.0	167.0	168.0	169.0	170.0	171.0	172.0	173.0	174.0	175.0	176.0	177.0	178.0	179.0	180.0	181.0	182.0	183.0	184.0	185.0	186.0	187.0	188.0	189.0	190.0	191.0	192.0	193.0	194.0	195.0	196.0	197.0	198.0	199.0	200.0	201.0	202.0	203.0	204.0	205.0	206.0	207.0	208.0	209.0	210.0	211.0	212.0	213.0	214.0	215.0	216.0	217.0	218.0	219.0	220.0	221.0	222.0	223.0	224.0	225.0	226.0	227.0	228.0	229.0	230.0	231.0	232.0	233.0	234.0	235.0	236.0	237.0	238.0	239.0	240.0	241.0	242.0	243.0	244.0	245.0	246.0	247.0	248.0	249.0	250.0	251.0	252.0	253.0	254.0	255.0	256.0	257.0	258.0	259.0	260.0	261.0	262.0	263.0	264.0	265.0	266.0	267.0	268.0	269.0	270.0	271.0	272.0	273.0	274.0	275.0	276.0	277.0	278.0	279.0	280.0	281.0	282.0	283.0	284.0	285.0	286.0	287.0	288.0	289.0	290.0	291.0	292.0	293.0	294.0	295.0	296.0	297.0	298.0	298.0	299.0	300.0
3558.190047753348
