2295.29472179474	300.0	2000.0	132.98960652345562	0	0.0	2295.29472179474	1	0	1	-0.8817272269968256
3200.0	300.0	2095.2947217947394	0.0	0	779.2496844815446	2295.2947217947394	1	0	1	-0.08617544251104256
4200.0	300.0	2095.2947217947394	0.0	0	852.9737211989591	2295.2947217947394	1	0	1	-0.08617544251104253
5200.0	300.0	2095.2947217947412	0.0	0	824.9043951133135	2295.2947217947412	1	0	1	-0.08617544251104264
6200.0	500.0	2095.294721794741	0.0	0	741.8889880539073	2295.294721794741	1	0	1	-0.08617544251104269
7200.0	500.0	2095.2947217947412	0.0	0	805.2922883275178	2295.2947217947412	1	0	1	0.424650181254948
8200.0	500.0	2095.2947217947412	0.0	0	808.6843460537784	2295.2947217947412	1	0	1	0.424650181254948
9200.0	1000.0	2095.294721794742	0.0	0	601.5943144090452	2295.294721794743	1	0	1	0.4246501812549479
10200.0	1000.0	2095.2947217947403	0.0	0	621.2823590494754	2295.294721794742	1	0	1	1.1177973618148933
11200.0	2000.0	2095.2947217947394	0.0	0	25.983536499716138	2295.294721794742	1	0	1	1.1177973618148933
12200.0	2000.0	2095.2947217947394	0.0	0	267.9530056263811	2295.294721794742	1	0	1	1.8109445423748385
13598.954128449608	2000.0	1696.34059334513	0.0	0	0.0	2295.294721794742	1	0	1	1.8109445423748385
14855.443045006787	2000.0	1439.8516767879519	0.0	0	0.0	2295.294721794742	1	0	1	1.8109445423748385
15802.941599491945	2000.0	1492.3531223027937	0.0	0	0.0	2295.294721794742	1	0	1	1.8109445423748385
17152.112451459438	2000.0	1143.1822703353032	0.0	0	0.0	2295.294721794742	1	0	1	1.8109445423748385
17829.80790250858	1000.0	1465.4868192861634	0.0	0	0.0	2295.294721794742	1	0	1	0.42465018125494824
18401.734559959506	1000.0	1893.5601618352343	0.0	0	0.0	2295.294721794742	1	0	1	1.1177973618148935
19200.0	1000.0	2095.2947217947403	0.0	0	163.38039827080138	2295.2947217947403	1	0	1	1.1177973618148935
20200.0	1000.0	2095.2947217947376	0.0	0	178.58352909743917	2295.2947217947403	1	0	1	1.1177973618148935
21200.0	1000.0	2095.294721794736	0.0	0	521.0794127476329	2295.2947217947403	1	0	1	1.1177973618148935
22200.0	1000.0	2095.294721794735	0.0	0	444.7554494344331	2295.2947217947403	1	0	1	1.1177973618148935
23200.0	1000.0	2095.29472179474	0.0	0	462.167535799661	2295.2947217947403	1	0	1	1.1177973618148935
24200.0	1000.0	2095.2947217947417	0.0	0	689.882569036843	2295.2947217947367	1	0	1	1.1177973618148938
25200.0	1000.0	2095.2947217947412	0.0	0	477.02118308307763	2295.2947217947367	1	0	1	1.117797361814894
26200.0	1000.0	2095.2947217947453	0.0	0	692.3890530514873	2295.2947217947367	1	0	1	1.117797361814894
27200.0	1000.0	2095.2947217947476	0.0	0	596.158454967499	2295.2947217947403	1	0	1	1.1177973618148935
28200.0	2000.0	2095.2947217947467	0.0	0	154.87069077077467	2295.294721794744	1	0	1	1.117797361814893
29442.76547643684	2000.0	1852.52924535791	0.0	0	0.0	2295.2947217947476	1	0	1	1.810944542374838
30542.411971274476	2000.0	1752.8827505202767	0.0	0	0.0	2295.2947217947512	1	0	1	1.8109445423748376
31384.042150744615	2000.0	1911.252571050136	0.0	0	0.0	2295.2947217947476	1	0	1	1.810944542374838
32293.05334431285	2000.0	2002.2413774819006	0.0	0	0.0	2295.2947217947476	1	0	1	1.810944542374838
33367.119707427904	2000.0	1928.1750143668528	0.0	0	0.0	2295.294721794755	1	0	1	1.8109445423748374
34777.53354308402	2000.0	1517.7611787107276	0.0	0	0.0	2295.2947217947476	1	0	1	1.8109445423748378
36048.24143242764	2000.0	1247.0532893671161	0.0	0	0.0	2295.2947217947512	1	0	1	1.8109445423748376
37701.842071423715	2000.0	593.4526503710431	0.0	0	0.0	2295.2947217947512	1	0	1	1.8109445423748376
38264.50856701444	1000.0	1030.7861547803125	0.0	0	0.0	2295.2947217947585	1	0	1	0.42465018125494675
38869.35029882195	1000.0	1425.9444229728085	0.0	0	0.0	2295.294721794766	1	0	1	1.1177973618148913
39297.138165753706	1000.0	1998.1565560410459	0.0	0	0.0	2295.294721794766	1	0	1	1.1177973618148913
40200.0	1000.0	2095.2947217947503	0.0	0	346.6500463944394	2295.294721794766	1	0	1	1.1177973618148913
41200.0	1000.0	2095.294721794752	0.0	0	468.521028876552	2295.2947217947585	1	0	1	1.117797361814892
42200.0	1000.0	2095.294721794753	0.0	0	435.69227008253074	2295.2947217947585	1	0	1	1.117797361814892
43200.0	1000.0	2095.294721794753	0.0	0	328.6586364691757	2295.2947217947585	1	0	1	1.117797361814892
44200.0	1000.0	2095.294721794761	0.0	0	609.7610808475947	2295.2947217947585	1	0	1	1.117797361814892
45200.0	1000.0	2095.2947217947676	0.0	0	577.2829081551608	2295.2947217947585	1	0	1	1.117797361814892
46200.0	1000.0	2095.294721794767	0.0	0	686.7109689834688	2295.2947217947585	1	0	1	1.117797361814892
47200.0	2000.0	2095.2947217947676	0.0	0	188.0834818695148	2295.2947217947585	1	0	1	1.117797361814892
48200.0	2000.0	2095.294721794765	0.0	0	221.41076428579981	2295.2947217947585	1	0	1	1.8109445423748372
49519.65003387911	2000.0	1775.6446879156565	0.0	0	0.0	2295.2947217947585	1	0	1	1.8109445423748372
50237.66276939646	2000.0	2057.6319523982993	0.0	0	0.0	2295.294721794766	1	0	1	1.8109445423748363
51509.09519535633	2000.0	1786.1995264384293	0.0	0	0.0	2295.2947217947585	1	0	1	1.8109445423748372
52430.39291090451	2000.0	1864.9018108902574	0.0	0	0.0	2295.2947217947585	1	0	1	1.8109445423748372
53399.4783449831	2000.0	1895.8163768116642	0.0	0	0.0	2295.2947217947512	1	0	1	1.8109445423748376
54274.56822844705	2000.0	2020.7264933477106	0.0	0	0.0	2295.2947217947512	1	0	1	1.8109445423748376
55200.0	2000.0	2095.294721794769	0.0	0	192.2712284211375	2295.2947217947512	1	0	1	1.8109445423748376
56200.0	2000.0	2095.294721794765	0.0	0	354.9116544461576	2295.2947217947512	1	0	1	1.8109445423748376
57200.0	2000.0	2095.2947217947603	0.0	0	193.7361120064961	2295.2947217947585	1	0	1	1.8109445423748372
58200.0	2000.0	2095.2947217947612	0.0	0	450.72081400605384	2295.294721794766	1	0	1	1.8109445423748365
59200.0	2000.0	2095.294721794762	0.0	0	177.57435135089327	2295.294721794773	1	0	1	1.8109445423748358
61040.477823870235	2000.0	1254.8168979245215	0.0	0	0.0	2295.294721794773	1	0	1	1.8109445423748358
62232.03329337844	2000.0	1063.2614284163246	0.0	0	0.0	2295.294721794773	1	0	1	1.8109445423748358
63148.17029993749	2000.0	1147.1244218572665	0.0	0	0.0	2295.294721794773	1	0	1	1.8109445423748358
63916.77975023257	2000.0	1378.5149715621835	0.0	0	0.0	2295.294721794766	1	0	1	1.8109445423748363
64560.17094503016	2000.0	1735.123776764595	0.0	0	0.0	2295.294721794766	1	0	1	1.8109445423748363
65430.024953866894	2000.0	1865.269767927853	0.0	0	0.0	2295.294721794766	1	0	1	1.8109445423748363
66200.0	2000.0	2095.2947217947367	0.0	0	285.4899840074795	2295.2947217947585	1	0	1	1.8109445423748372
67397.98578888462	2000.0	1897.3089329101037	0.0	0	0.0	2295.294721794744	1	0	1	1.8109445423748376
68356.56995740732	2000.0	1938.724764387396	0.0	0	0.0	2295.2947217947512	1	0	1	1.8109445423748376
69223.53359148788	2000.0	2071.761130306845	0.0	0	0.0	2295.294721794766	1	0	1	1.8109445423748363
70200.0	2000.0	2095.2947217947194	0.0	0	45.14593053756107	2295.294721794766	1	0	1	1.8109445423748363
71252.18861398126	2000.0	2043.1061078134549	0.0	0	0.0	2295.294721794766	1	0	1	1.8109445423748363
72200.0	2000.0	2095.2947217947167	0.0	0	125.72333849869028	2295.2947217947803	1	0	1	1.810944542374835
73200.0	2000.0	2095.2947217947244	0.0	0	304.38848919836164	2295.294721794795	1	0	1	1.8109445423748336
74200.0	2000.0	2095.294721794712	0.0	0	464.01302684067923	2295.2947217947803	1	0	1	1.810944542374835
75200.0	2000.0	2095.2947217947167	0.0	0	435.8407830877113	2295.2947217947803	1	0	1	1.810944542374835
76200.0	2000.0	2095.294721794718	0.0	0	138.75532525191375	2295.2947217947803	1	0	1	1.810944542374835
77200.0	2000.0	2095.2947217947276	0.0	0	220.9183916318143	2295.294721794795	1	0	1	1.8109445423748336
78200.0	2000.0	2095.294721794712	0.0	0	147.941687151746	2295.294721794795	1	0	1	1.8109445423748336
79200.0	2000.0	2095.2947217947053	0.0	0	540.716195339206	2295.294721794795	1	0	1	1.8109445423748336
80200.0	2000.0	2095.2947217946903	0.0	0	191.44687627410167	2295.294721794795	1	0	1	1.8109445423748336
81253.06176630007	2000.0	2042.2329554946352	0.0	0	0.0	2295.294721794795	1	0	1	1.8109445423748336
82282.89338304407	2000.0	2012.4013387506548	0.0	0	0.0	2295.2947217947803	1	0	1	1.810944542374835
84146.07093497377	2000.0	1149.2237868209425	0.0	0	0.0	2295.2947217947803	1	0	1	1.810944542374835
85338.99617108161	2000.0	956.2985507130975	0.0	0	0.0	2295.294721794766	1	0	1	1.8109445423748363
86401.20247600552	2000.0	894.0922457891761	0.0	0	0.0	2295.2947217947512	1	0	1	1.8109445423748376
87570.67785364174	2000.0	724.6168681529535	0.0	0	0.0	2295.2947217947512	1	0	1	1.8109445423748376
88212.19921852843	1000.0	1083.0955032662478	0.0	0	0.0	2295.294721794766	1	0	1	0.424650181254946
88652.52704310391	1000.0	1642.7676786907762	0.0	0	0.0	2295.2947217947512	1	0	1	1.1177973618148926
89200.0	1000.0	2095.294721794674	0.0	0	211.47632230863383	2295.2947217947367	1	0	1	1.117797361814894
90200.0	1000.0	2095.29472179469	0.0	0	776.9273727753607	2295.2947217947512	1	0	1	1.1177973618148926
91200.0	1000.0	2095.2947217946994	0.0	0	675.4659300392523	2295.2947217947512	1	0	1	1.1177973618148926
92200.0	1000.0	2095.294721794705	0.0	0	450.8093022337853	2295.2947217947512	1	0	1	1.1177973618148926
93200.0	1000.0	2095.2947217947026	0.0	0	372.2181706893898	2295.2947217947512	1	0	1	1.1177973618148926
94200.0	2000.0	2095.294721794703	0.0	0	451.47577947298123	2295.2947217947512	1	0	1	1.1177973618148926
95200.0	2000.0	2095.2947217947085	0.0	0	444.7256510697189	2295.2947217947367	1	0	1	1.8109445423748392
96259.5434660574	2000.0	2035.7512557373202	0.0	0	0.0	2295.2947217947512	1	0	1	1.8109445423748376
97440.96214172535	2000.0	1854.3325800693672	0.0	0	0.0	2295.2947217947512	1	0	1	1.8109445423748376
98338.75697050488	2000.0	1956.5377512898585	0.0	0	0.0	2295.2947217947512	1	0	1	1.8109445423748376
99382.47877898901	2000.0	1912.815942805714	0.0	0	0.0	2295.2947217947512	1	0	1	1.8109445423748376
100200.0	2000.0	2095.294721794716	0.0	0	151.42162484112487	2295.2947217947512	1	0	1	1.8109445423748376
101200.0	2000.0	2095.294721794735	0.0	0	224.05892790976213	2295.2947217947512	1	0	1	1.8109445423748376
102410.8556960937	2000.0	1884.4390257010266	0.0	0	0.0	2295.2947217947512	1	0	1	1.8109445423748376
103802.62745006914	2000.0	1492.667271725593	0.0	0	0.0	2295.2947217947512	1	0	1	1.8109445423748376
104464.62630139112	2000.0	1830.668420403616	0.0	0	0.0	2295.2947217947512	1	0	1	1.8109445423748376
105533.38897368577	2000.0	1761.905748108976	0.0	0	0.0	2295.2947217947512	1	0	1	1.8109445423748376
106422.16758500988	2000.0	1873.127136784844	0.0	0	0.0	2295.2947217947512	1	0	1	1.8109445423748376
107472.81961278128	2000.0	1822.4751090134405	0.0	0	0.0	2295.2947217947512	1	0	1	1.8109445423748376
109075.99406527108	2000.0	1219.3006565236544	0.0	0	0.0	2295.2947217947512	1	0	1	1.8109445423748376
109919.80769478226	2000.0	1375.4870270124661	0.0	0	0.0	2295.2947217947512	1	0	1	1.8109445423748376
110464.0672713399	2000.0	1831.227450454829	0.0	0	0.0	2295.2947217947512	1	0	1	1.8109445423748376
111200.0	2000.0	2095.2947217947417	0.0	0	95.69045754756371	2295.2947217947512	1	0	1	1.8109445423748376
112200.0	2000.0	2095.2947217947203	0.0	0	81.61965661139402	2295.2947217947512	1	0	1	1.8109445423748376
113200.0	2000.0	2095.2947217947267	0.0	0	267.0886824811023	2295.2947217947512	1	0	1	1.8109445423748376
114337.62055216388	2000.0	1957.674169630859	0.0	0	0.0	2295.2947217947512	1	0	1	1.8109445423748376
115200.0	2000.0	2095.294721794735	0.0	0	236.38930940588762	2295.2947217947367	1	0	1	1.8109445423748392
116200.0	2000.0	2095.294721794723	0.0	0	276.97105441245367	2295.294721794722	1	0	1	1.8109445423748405
117200.0	2000.0	2095.2947217947367	0.0	0	168.72088969449396	2295.294721794722	1	0	1	1.8109445423748405
118259.60584560898	2000.0	2035.688876185752	0.0	0	0.0	2295.294721794722	1	0	1	1.8109445423748405
119200.0	2000.0	2095.294721794736	0.0	0	218.27103075242485	2295.294721794722	1	0	1	1.8109445423748405
120200.0	2000.0	2095.2947217947612	0.0	0	79.57652748808323	2295.2947217947367	1	0	1	1.8109445423748392
121321.12826027317	2000.0	1974.1664615216082	0.0	0	0.0	2295.2947217947512	1	0	1	1.8109445423748376
122229.34445233624	2000.0	2065.950269458539	0.0	0	0.0	2295.2947217947512	1	0	1	1.8109445423748376
123200.0	2000.0	2095.2947217947676	0.0	0	347.1251677891996	2295.2947217947512	1	0	1	1.8109445423748376
124214.79036215958	2000.0	2080.5043596351934	0.0	0	0.0	2295.2947217947512	1	0	1	1.8109445423748376
125200.0	2000.0	2095.294721794768	0.0	0	412.99712303766864	2295.2947217947512	1	0	1	1.8109445423748376
126200.0	2000.0	2095.2947217947576	0.0	0	230.96259700672817	2295.294721794766	1	0	1	1.8109445423748363
127693.78621333792	2000.0	1601.5085084568273	0.0	0	0.0	2295.294721794766	1	0	1	1.8109445423748363
128655.49524358027	2000.0	1639.7994782144774	0.0	0	0.0	2295.294721794766	1	0	1	1.8109445423748363
129396.33549142744	2000.0	1898.959230367309	0.0	0	0.0	2295.294721794766	1	0	1	1.8109445423748363
130200.0	2000.0	2095.2947217947276	0.0	0	153.77580293754	2295.2947217947512	1	0	1	1.8109445423748376
131200.0	2000.0	2095.294721794715	0.0	0	475.9963837169198	2295.2947217947512	1	0	1	1.8109445423748376
132200.0	2000.0	2095.294721794703	0.0	0	518.0073052887165	2295.2947217947512	1	0	1	1.8109445423748372
133200.0	2000.0	2095.2947217947153	0.0	0	255.20386286784196	2295.294721794766	1	0	1	1.8109445423748363
134200.0	2000.0	2095.2947217947203	0.0	0	322.11761070479406	2295.2947217947512	1	0	1	1.8109445423748376
135200.0	2000.0	2095.294721794702	0.0	0	231.28586750820978	2295.2947217947512	1	0	1	1.8109445423748376
136200.0	2000.0	2095.294721794703	0.0	0	77.50849553680746	2295.2947217947512	1	0	1	1.8109445423748376
137200.0	2000.0	2095.2947217947367	0.0	0	328.0508822744887	2295.2947217947803	1	0	1	1.810944542374835
138200.0	2000.0	2095.294721794744	0.0	0	303.71632354543544	2295.2947217947803	1	0	1	1.810944542374835
139200.0	2000.0	2095.294721794776	0.0	0	387.4001615102752	2295.2947217947803	1	0	1	1.810944542374835
140426.98265785034	3000.0	1868.3120639444508	0.0	0	0.0	2295.2947217947803	1	0	1	1.8109445423748352
141393.3487425843	3000.0	1901.9459792105054	0.0	0	0.0	2295.2947217947803	1	0	1	2.2164096504829995
142707.1884108628	3000.0	1588.1063109320341	0.0	0	0.0	2295.2947217948094	1	0	1	2.216409650482997
143637.60538223613	2000.0	1657.689339558705	0.0	0	0.0	2295.2947217948386	1	0	1	1.4054794342666648
144640.74777337132	2000.0	1654.5469484235086	0.0	0	0.0	2295.2947217948386	1	0	1	1.8109445423748294
145659.22905850588	2000.0	1636.0656632889286	0.0	0	0.0	2295.2947217948386	1	0	1	1.8109445423748294
146433.09625148715	2000.0	1862.1984703076544	0.0	0	0.0	2295.2947217948386	1	0	1	1.8109445423748294
147345.79677565192	2000.0	1949.4979461428416	0.0	0	0.0	2295.2947217948386	1	0	1	1.8109445423748294
148220.6317963018	2000.0	2074.662925492956	0.0	0	0.0	2295.2947217948386	1	0	1	1.8109445423748294
149200.0	2000.0	2095.294721794742	0.0	0	158.40651942431577	2295.2947217948094	1	0	1	1.8109445423748323
150200.0	2000.0	2095.294721794736	0.0	0	286.92426616343437	2295.2947217948094	1	0	1	1.8109445423748323
151200.0	2000.0	2095.2947217946958	0.0	0	388.7907133906265	2295.2947217948094	1	0	1	1.8109445423748323
152200.0	2000.0	2095.2947217947094	0.0	0	213.28568982772413	2295.2947217948094	1	0	1	1.8109445423748323
153210.5376058104	2000.0	2084.757115984335	0.0	0	0.0	2295.2947217948094	1	0	1	1.8109445423748323
154200.0	2000.0	2095.2947217947058	0.0	0	293.8944211846683	2295.2947217948094	1	0	1	1.8109445423748323
155449.86819202616	2000.0	1845.4265297685313	0.0	0	0.0	2295.2947217947803	1	0	1	1.8109445423748345
156435.28432835566	2000.0	1860.0103934390509	0.0	0	0.0	2295.2947217948094	1	0	1	1.8109445423748327
157477.96471520624	2000.0	1817.3300065884741	0.0	0	0.0	2295.2947217948094	1	0	1	1.8109445423748323
158523.3642894946	2000.0	1771.930432300123	0.0	0	0.0	2295.2947217948094	1	0	1	1.8109445423748323
159488.05811539406	2000.0	1807.2366064006883	0.0	0	0.0	2295.2947217948094	1	0	1	1.8109445423748323
160200.0	2000.0	2095.294721794749	0.0	0	59.457248693099245	2295.2947217948094	1	0	1	1.8109445423748323
161294.66265110066	2000.0	2000.6320706940858	0.0	0	0.0	2295.2947217948386	1	0	1	1.8109445423748294
162200.0	2000.0	2095.2947217947667	0.0	0	128.82753964574658	2295.2947217948386	1	0	1	1.8109445423748294
163200.0	2000.0	2095.29472179473	0.0	0	92.83862501897966	2295.2947217948386	1	0	1	1.8109445423748294
164670.0662339128	2000.0	1625.2284878819537	0.0	0	0.0	2295.2947217948386	1	0	1	1.8109445423748294
166407.75086585095	2000.0	887.5438559438226	0.0	0	0.0	2295.2947217948677	1	0	1	1.810944542374827
167335.06897366478	1000.0	960.2257481299862	0.0	0	0.0	2295.2947217948677	1	0	1	0.4246501812549365
167892.17474289375	1000.0	1403.1199789009913	0.0	0	0.0	2295.2947217948968	1	0	1	1.1177973618148789
168587.3063353456	1000.0	1707.9883864491298	0.0	0	0.0	2295.2947217948968	1	0	1	1.1177973618148789
169200.0	1000.0	2095.294721794715	0.0	0	62.063664073561085	2295.2947217948968	1	0	1	1.1177973618148789
170200.0	1000.0	2095.2947217947262	0.0	0	441.2166775606747	2295.2947217948677	1	0	1	1.1177973618148815
171200.0	1000.0	2095.2947217947058	0.0	0	321.2323262655409	2295.2947217948677	1	0	1	1.1177973618148815
172200.0	1000.0	2095.2947217946985	0.0	0	570.9097026864474	2295.2947217948677	1	0	1	1.1177973618148815
173200.0	1000.0	2095.2947217946876	0.0	0	548.0402027652017	2295.2947217948386	1	0	1	1.1177973618148822
174200.0	1000.0	2095.294721794669	0.0	0	460.3691081633151	2295.2947217948386	1	0	1	1.1177973618148844
175200.0	1000.0	2095.2947217947	0.0	0	511.4569738993596	2295.2947217948386	1	0	1	1.1177973618148844
176200.0	1000.0	2095.2947217947176	0.0	0	632.8126678824774	2295.2947217948386	1	0	1	1.1177973618148844
177447.5784639036	2000.0	1847.7162578911411	0.0	0	0.0	2295.2947217948677	1	0	1	1.1177973618148818
178360.57678233975	2000.0	1934.7179394549778	0.0	0	0.0	2295.2947217948968	1	0	1	1.810944542374824
179574.06317087813	2000.0	1721.231550916586	0.0	0	0.0	2295.2947217948968	1	0	1	1.810944542374824
180308.95521249235	2000.0	1986.339509302349	0.0	0	0.0	2295.2947217948968	1	0	1	1.810944542374824
181200.0	2000.0	2095.294721794682	0.0	0	125.18363232020056	2295.2947217948968	1	0	1	1.8109445423748218
182200.0	2000.0	2095.2947217947035	0.0	0	81.98587762194802	2295.2947217948677	1	0	1	1.8109445423748247
183812.66427767772	2000.0	1482.630444116986	0.0	0	0.0	2295.2947217948968	1	0	1	1.810944542374824
185325.47738554075	2000.0	969.817336253935	0.0	0	0.0	2295.2947217948968	1	0	1	1.810944542374824
186164.25235162073	1000.0	1131.042370173941	0.0	0	0.0	2295.2947217948968	1	0	1	0.4246501812549338
186863.59745621213	1000.0	1431.6972655825834	0.0	0	0.0	2295.2947217948968	1	0	1	1.1177973618148789
187339.1434212447	1000.0	1956.1513005499912	0.0	0	0.0	2295.2947217948968	1	0	1	1.1177973618148789
188200.0	1000.0	2095.294721794658	0.0	0	333.1810590127716	2295.2947217948968	1	0	1	1.1177973618148789
189200.0	1000.0	2095.294721794631	0.0	0	503.22323362348834	2295.2947217948677	1	0	1	1.1177973618148815
190200.0	1000.0	2095.2947217946403	0.0	0	521.563298240013	2295.2947217948677	1	0	1	1.1177973618148815
191200.0	1000.0	2095.2947217946285	0.0	0	496.2128260221216	2295.2947217948677	1	0	1	1.1177973618148815
192200.0	1000.0	2095.2947217945975	0.0	0	481.7361446360883	2295.2947217948677	1	0	1	1.1177973618148815
193200.0	1000.0	2095.2947217946125	0.0	0	677.3793834962999	2295.2947217948677	1	0	1	1.1177973618148815
194200.0	1000.0	2095.2947217946366	0.0	0	534.4548694735859	2295.2947217948677	1	0	1	1.1177973618148815
195200.0	1000.0	2095.294721794683	0.0	0	765.0895675722568	2295.2947217948968	1	0	1	1.117797361814881
196200.0	2000.0	2095.294721794684	0.0	0	346.9889738787024	2295.294721794926	1	0	1	1.1177973618148784
197493.57176589876	2000.0	1801.7229558959018	0.0	0	0.0	2295.294721794926	1	0	1	1.8109445423748214
198723.19433885574	2000.0	1572.100382938936	0.0	0	0.0	2295.294721794926	1	0	1	1.8109445423748214
199574.6626679166	2000.0	1720.6320538781115	0.0	0	0.0	2295.294721794955	1	0	1	1.8109445423748185
200495.53640170468	2000.0	1799.7583200899965	0.0	0	0.0	2295.294721794926	1	0	1	1.8109445423748214
201409.84114083185	2000.0	1885.4535809628246	0.0	0	0.0	2295.294721794955	1	0	1	1.810944542374819
202211.30204445316	2000.0	2083.9926773415045	0.0	0	0.0	2295.294721794955	1	0	1	1.8109445423748185
203200.0	2000.0	2095.294721794658	0.0	0	277.9957792815985	2295.294721794984	1	0	1	1.8109445423748158
204200.0	2000.0	2095.2947217946494	0.0	0	278.38777047448093	2295.294721794984	1	0	1	1.8109445423748158
205200.0	2000.0	2095.294721794626	0.0	0	113.44242860327358	2295.294721794984	1	0	1	1.8109445423748158
206200.0	2000.0	2095.2947217946676	0.0	0	458.82203900205786	2295.294721794984	1	0	1	1.8109445423748158
207200.0	2000.0	2095.294721794674	0.0	0	95.75353409635136	2295.294721795013	1	0	1	1.810944542374813
208217.95189941642	2000.0	2077.3428223782525	0.0	0	22.428724027442513	2295.294721795013	1	0	1	1.810944542374813
209748.30170338356	2000.0	1546.9930184111192	0.0	0	0.0	2295.294721795013	1	0	1	1.810944542374813
210759.10462974425	2000.0	1536.190092050457	0.0	0	0.0	2295.294721795013	1	0	1	1.810944542374813
211413.7432676805	2000.0	1881.551454114236	0.0	0	0.0	2295.2947217950423	1	0	1	1.8109445423748105
212200.0	2000.0	2095.294721794762	0.0	0	69.35083566480898	2295.2947217950423	1	0	1	1.8109445423748105
213200.0	2000.0	2095.2947217947803	0.0	0	389.78110447808285	2295.2947217950714	1	0	1	1.81094454237481
214200.0	2000.0	2095.2947217947954	0.0	0	68.73150017950684	2295.2947217950714	1	0	1	1.8109445423748078
215200.0	2000.0	2095.2947217947603	0.0	0	354.8292653557437	2295.2947217950714	1	0	1	1.8109445423748078
216200.0	2000.0	2095.2947217947767	0.0	0	76.09921969476272	2295.2947217950714	1	0	1	1.8109445423748078
217200.0	2000.0	2095.2947217947285	0.0	0	94.2413357605692	2295.294721795013	1	0	1	1.810944542374811
218200.0	2000.0	2095.2947217947194	0.0	0	374.0093236734392	2295.294721795013	1	0	1	1.810944542374813
219200.0	2000.0	2095.2947217947417	0.0	0	375.70376565129845	2295.294721795013	1	0	1	1.810944542374813
220200.0	2000.0	2095.2947217947485	0.0	0	309.5636465320131	2295.294721795013	1	0	1	1.810944542374813
221200.0	2000.0	2095.2947217947603	0.0	0	42.68195724900579	2295.294721794984	1	0	1	1.8109445423748158
222200.0	2000.0	2095.2947217947403	0.0	0	472.19762327260105	2295.294721794984	1	0	1	1.8109445423748158
223200.0	2000.0	2095.294721794737	0.0	0	506.12232480259263	2295.294721794926	1	0	1	1.8109445423748192
224200.0	2000.0	2095.2947217947167	0.0	0	289.6707071151177	2295.294721794926	1	0	1	1.8109445423748214
225202.91531863817	2000.0	2092.3794031565294	0.0	0	0.0	2295.294721794926	1	0	1	1.8109445423748214
226200.0	2000.0	2095.2947217947076	0.0	0	334.3549345851934	2295.294721794926	1	0	1	1.8109445423748214
227200.0	2000.0	2095.294721794721	0.0	0	156.62750932239578	2295.294721794926	1	0	1	1.8109445423748214
228200.0	2000.0	2095.294721794731	0.0	0	395.20148462825455	2295.294721794926	1	0	1	1.8109445423748214
229200.0	2000.0	2095.2947217947353	0.0	0	22.69959601724986	2295.294721794955	1	0	1	1.8109445423748185
230200.0	2000.0	2095.294721794745	0.0	0	69.91946009750245	2295.294721794926	1	0	1	1.8109445423748214
231200.0	2000.0	2095.294721794744	0.0	0	48.08562697150046	2295.294721794926	1	0	1	1.8109445423748214
232871.39681017672	2000.0	1423.8979116180358	0.0	0	0.0	2295.294721794926	1	0	1	1.8109445423748214
234541.97755223274	2000.0	753.3171695620099	0.0	0	0.0	2295.294721794926	1	0	1	1.8109445423748214
236092.45069128237	2000.0	202.84403051236234	0.0	0	0.0	2295.2947217948968	1	0	1	1.810944542374824
237323.7613049293	2000.0	468.72491033557947	497.19149347016355	0	0.0	2792.486215265031	1	0	1	-1.2316742545303105
238023.61372922608	2000.0	768.872486038799	0.0	0	0.0	2792.486215265002	1	0	1	1.751474706290677
238635.46902074214	2000.0	1157.0171945227592	0.0	0	0.0	2792.486215265002	1	0	1	1.751474706290677
239382.37225967247	2000.0	1410.1139555924206	0.0	0	0.0	2792.486215265002	1	0	1	1.751474706290677
240157.4526032059	2000.0	1635.0336120590127	0.0	0	0.0	2792.486215264973	1	0	1	1.7514747062906788
241407.9842489453	2000.0	1384.5019663196192	0.0	0	0.0	2792.486215265002	1	0	1	1.7514747062906788
242129.02847215976	2000.0	1663.457743105153	0.0	0	0.0	2792.486215265031	1	0	1	1.7514747062906753
242878.14986687436	2000.0	1914.3363483905598	0.0	0	0.0	2792.4862152650603	1	0	1	1.7514747062906681
243472.99311046183	2000.0	2319.493104803113	0.0	0	0.0	2792.4862152650603	1	0	1	1.7514747062906681
244200.0	2000.0	2592.4862152649557	0.0	0	60.01944675971754	2792.4862152650603	1	0	1	1.7514747062906681
245489.18009034614	2000.0	2303.306124918783	0.0	0	0.0	2792.4862152650894	1	0	1	1.751474706290666
246369.203098595	2000.0	2423.283116669955	0.0	0	0.0	2792.4862152650894	1	0	1	1.7514747062906642
247527.1329904591	2000.0	2265.353224805838	0.0	0	0.0	2792.4862152650894	1	0	1	1.7514747062906642
248272.6521591237	2000.0	2519.83405614122	0.0	0	0.0	2792.4862152650894	1	0	1	1.7514747062906642
249200.0	2000.0	2592.4862152649107	0.0	0	216.8412931621133	2792.4862152650603	1	0	1	1.751474706290665
250200.0	2000.0	2592.4862152649043	0.0	0	361.8710920968442	2792.4862152650603	1	0	1	1.7514747062906681
251373.69789344977	2000.0	2418.7883218151237	0.0	0	0.0	2792.4862152650603	1	0	1	1.7514747062906664
252449.12913503795	2000.0	2343.3570802269332	0.0	0	0.0	2792.4862152650894	1	0	1	1.7514747062906642
253602.58359073556	2000.0	2189.9026245292807	0.0	0	0.0	2792.4862152650894	1	0	1	1.7514747062906642
254506.5410932288	2000.0	2285.9451220360593	0.0	0	0.0	2792.4862152650894	1	0	1	1.7514747062906642
255345.25598736783	2000.0	2447.230227897034	0.0	0	0.0	2792.4862152650894	1	0	1	1.7514747062906642
256627.2706457174	2000.0	2165.2155695474685	0.0	0	0.0	2792.4862152650894	1	0	1	1.7514747062906642
257969.75512135756	2000.0	1822.7310939073254	0.0	0	0.0	2792.4862152650894	1	0	1	1.7514747062906642
259085.10959700146	2000.0	1707.3766182634183	0.0	0	0.0	2792.4862152650894	1	0	1	1.7514747062906675
259673.1971533914	2000.0	2119.2890618734646	0.0	0	0.0	2792.4862152651185	1	0	1	1.7514747062906597
260397.7785685603	2000.0	2394.7076467046027	0.0	0	0.0	2792.4862152651185	1	0	1	1.7514747062906597
261489.89007331242	2000.0	2302.596141952466	0.0	0	0.0	2792.4862152651185	1	0	1	1.7514747062906597
262619.7432161321	2000.0	2172.742999132782	0.0	0	0.0	2792.4862152651185	1	0	1	1.7514747062906624
263509.8143104188	2000.0	2282.6719048460927	0.0	0	0.0	2792.4862152650603	1	0	1	1.7514747062906673
264219.253675919	2000.0	2573.2325393458696	0.0	0	0.0	2792.4862152650603	1	0	1	1.7514747062906673
265200.0	2000.0	2592.486215264966	0.0	0	227.35061663080705	2792.4862152651185	1	0	1	1.7514747062906624
266389.9628679637	2000.0	2402.5233473012627	0.0	0	0.0	2792.4862152651767	1	0	1	1.751474706290651
267505.6673852223	2000.0	2286.818830042683	0.0	0	0.0	2792.4862152651185	1	0	1	1.7514747062906582
268291.85514239286	2000.0	2500.631072872103	0.0	0	0.0	2792.4862152651185	1	0	1	1.7514747062906597
269363.29499071167	2000.0	2429.1912245533244	0.0	0	0.0	2792.4862152651767	1	0	1	1.7514747062906544
270200.0	2000.0	2592.4862152649825	0.0	0	52.283324444899336	2792.486215265293	1	0	1	1.7514747062906386
271200.0	2000.0	2592.4862152650153	0.0	0	17.193403483368456	2792.486215265235	1	0	1	1.7514747062906422
272200.0	2000.0	2592.486215265026	0.0	0	113.30021564417984	2792.486215265235	1	0	1	1.7514747062906422
273200.0	2000.0	2592.4862152650135	0.0	0	207.6258744399529	2792.4862152651767	1	0	1	1.751474706290651
274200.0	2000.0	2592.4862152649966	0.0	0	440.40048975113314	2792.4862152651185	1	0	1	1.7514747062906597
275200.0	2000.0	2592.486215265043	0.0	0	69.72100153658539	2792.4862152650603	1	0	1	1.7514747062906615
276307.577122544	2000.0	2484.909092721101	0.0	0	0.0	2792.4862152651185	1	0	1	1.7514747062906597
277397.7114233214	2000.0	2394.7747919437174	0.0	0	0.0	2792.4862152651767	1	0	1	1.7514747062906544
278571.5151196062	2000.0	2220.9710956588797	0.0	0	0.0	2792.486215265235	1	0	1	1.7514747062906422
279207.4171721727	2000.0	2585.0690430924324	0.0	0	0.0	2792.486215265235	1	0	1	1.7514747062906422
280200.0	2000.0	2592.4862152651426	0.0	0	445.67724765394814	2792.486215265293	1	0	1	1.7514747062906404
281200.0	2000.0	2592.486215265154	0.0	0	467.1213434901438	2792.486215265293	1	0	1	1.7514747062906335
282200.0	2000.0	2592.4862152651835	0.0	0	469.6019800026552	2792.486215265293	1	0	1	1.7514747062906335
283200.0	2000.0	2592.486215265176	0.0	0	185.16278690722538	2792.4862152653513	1	0	1	1.7514747062906317
284200.0	2000.0	2592.4862152651044	0.0	0	414.3857472873642	2792.486215265293	1	0	1	1.7514747062906335
285200.0	2000.0	2592.486215265037	0.0	0	161.62214314413723	2792.486215265293	1	0	1	1.7514747062906335
286200.0	2000.0	2592.486215265078	0.0	0	193.30924811388832	2792.486215265293	1	0	1	1.7514747062906335
287200.0	2000.0	2592.486215265121	0.0	0	342.37440690689255	2792.486215265293	1	0	1	1.7514747062906335
288200.0	3000.0	2592.4862152650717	0.0	0	356.6333680091193	2792.486215265293	1	0	1	1.7514747062906337
289339.0945610179	3000.0	2453.391654247256	0.0	0	0.0	2792.4862152653513	1	0	1	2.1569398143987932
290460.8822130941	3000.0	2331.6040021710814	0.0	0	0.0	2792.4862152654096	1	0	1	2.156939814398781
291646.5871889272	3000.0	2145.8990263379173	0.0	0	0.0	2792.4862152653513	1	0	1	2.1569398143987897
292564.21680104727	2000.0	2228.2694142178925	0.0	0	0.0	2792.486215265293	1	0	1	1.346009598182469
293506.85882841016	2000.0	2285.6273868549374	0.0	0	0.0	2792.486215265293	1	0	1	1.7514747062906335
294306.174100719	2000.0	2486.3121145460486	0.0	0	0.0	2792.486215265235	1	0	1	1.7514747062906422
295200.0	2000.0	2592.486215265041	0.0	0	177.72057113004848	2792.486215265235	1	0	1	1.7514747062906422
296208.8254245827	2000.0	2583.6607906823233	0.0	0	0.0	2792.486215265235	1	0	1	1.7514747062906422
297200.0	2000.0	2592.4862152650417	0.0	0	50.40484840940917	2792.4862152651767	1	0	1	1.751474706290651
298384.92711834674	2000.0	2407.5590969182626	0.0	0	0.0	2792.4862152651767	1	0	1	1.751474706290651
299200.0	2000.0	2592.486215265039	0.0	0	15.002636841731146	2792.486215265235	1	0	1	1.7514747062906475
300200.0	2000.0	2592.4862152650157	0.0	0	304.0591278640786	2792.4862152651767	1	0	1	1.751474706290651
3.2	2.61	2.47	1.85	2.68	2.43	2.35	2.28	2.59	2.56	2.04	1.7	1.66	1.64	1.44	1.29	1.75	1.62	2.12	1.95	1.95	2.65	2.53	2.64	3.54	2.28	2.11	1.66	2.44	2.4	1.87	1.77	1.61	1.48	1.07	1.46	2.17	2.47	2.05	2.28	1.51	2.54	2.78	3.64	3.35	2.44	1.63	2.29	2.2	2.21	2.25	2.47	2.36	2.42	3.35	3.23	2.35	1.24	1.56	2.03	2.7	3.23	2.76	3.57	1.77	2.68	2.51	2.77	2.27	2.7	3.52	4.53	3.26	1.84	2.84	3.0	3.78	2.7	2.19	2.04	1.77	1.31	1.01	2.12	1.27	1.6	2.62	3.94	2.71	1.9	2.04	2.94	4.23	2.17	1.62	2.15	2.33	2.94	3.56	2.27	2.19	1.34	2.77	1.96	1.92	2.14	1.32	2.28	3.2	1.93	2.26	1.59	2.92	3.21	1.95	1.99	2.47	2.58	2.34	1.96	2.64	2.58	3.01	2.88	1.49	1.98	1.92	2.66	3.79	5.03	3.2	2.7	3.2	2.35	2.77	3.92	3.98	2.68	3.2	3.57	2.64	2.72	2.42	2.59	2.15	2.25	1.9	2.94	3.51	2.33	3.2	2.61	2.47	1.85	2.68	2.43	2.35	2.28	2.59	2.56	2.04	1.7	1.66	1.64	1.44	1.29	1.75	1.62	2.12	1.95	1.95	2.65	2.53	2.64	3.54	2.28	2.11	1.66	2.44	2.4	1.87	1.77	1.61	1.48	1.07	1.46	2.17	2.47	2.05	2.28	1.51	2.54	2.78	3.64	3.35	2.44	1.63	2.29	2.2	2.21	2.25	2.47	2.36	2.42	3.35	3.23	2.35	1.24	1.56	2.03	2.7	3.23	2.76	3.57	1.77	2.68	2.51	2.77	2.27	2.7	3.52	4.53	3.26	1.84	2.84	3.0	3.78	2.7	2.19	2.04	1.77	1.31	1.01	2.12	1.27	1.6	2.62	3.94	2.71	1.9	2.04	2.94	4.23	2.17	1.62	2.15	2.33	2.94	3.56	2.27	2.19	1.34	2.77	1.96	1.92	2.14	1.32	2.28	3.2	1.93	2.26	1.59	2.92	3.21	1.95	1.99	2.47	2.58	2.34	1.96	2.64	2.58	3.01	2.88	1.49	1.98	1.92	2.66	3.79	5.03	3.2	2.7	3.2	2.35	2.77	3.92	3.98	2.68	3.2	3.57	2.64	2.72	2.42	2.59	2.15	2.25	1.9	2.94	3.51	2.33	3.2	2.61	2.47
1.0	2.0	3.0	4.0	5.0	6.0	7.0	8.0	9.0	10.0	11.0	12.0	13.0	14.0	15.0	16.0	17.0	18.0	19.0	20.0	21.0	22.0	23.0	24.0	25.0	26.0	27.0	28.0	29.0	30.0	31.0	32.0	33.0	34.0	35.0	36.0	37.0	38.0	39.0	40.0	41.0	42.0	43.0	44.0	45.0	46.0	47.0	48.0	49.0	50.0	51.0	52.0	53.0	54.0	55.0	56.0	57.0	58.0	59.0	60.0	61.0	62.0	63.0	64.0	65.0	66.0	67.0	68.0	69.0	70.0	71.0	72.0	73.0	74.0	75.0	76.0	77.0	78.0	79.0	80.0	81.0	82.0	83.0	84.0	85.0	86.0	87.0	88.0	89.0	90.0	91.0	92.0	93.0	94.0	95.0	96.0	97.0	98.0	99.0	100.0	101.0	102.0	103.0	104.0	105.0	106.0	107.0	108.0	109.0	110.0	111.0	112.0	113.0	114.0	115.0	116.0	117.0	118.0	119.0	120.0	121.0	122.0	123.0	124.0	125.0	126.0	127.0	128.0	129.0	130.0	131.0	132.0	133.0	134.0	135.0	136.0	137.0	138.0	139.0	140.0	141.0	142.0	143.0	144.0	145.0	146.0	147.0	148.0	149.0	149.0	150.0	151.0	152.0	153.0	154.0	155.0	156.0	157.0	158.0	159.0	160.0	161.0	162.0	163.0	164.0	165.0	166.0	167.0	168.0	169.0	170.0	171.0	172.0	173.0	174.0	175.0	176.0	177.0	178.0	179.0	180.0	181.0	182.0	183.0	184.0	185.0	186.0	187.0	188.0	189.0	190.0	191.0	192.0	193.0	194.0	195.0	196.0	197.0	198.0	199.0	200.0	201.0	202.0	203.0	204.0	205.0	206.0	207.0	208.0	209.0	210.0	211.0	212.0	213.0	214.0	215.0	216.0	217.0	218.0	219.0	220.0	221.0	222.0	223.0	224.0	225.0	226.0	227.0	228.0	229.0	230.0	231.0	232.0	233.0	234.0	235.0	236.0	237.0	238.0	239.0	240.0	241.0	242.0	243.0	244.0	245.0	246.0	247.0	248.0	249.0	250.0	251.0	252.0	253.0	254.0	255.0	256.0	257.0	258.0	259.0	260.0	261.0	262.0	263.0	264.0	265.0	266.0	267.0	268.0	269.0	270.0	271.0	272.0	273.0	274.0	275.0	276.0	277.0	278.0	279.0	280.0	281.0	282.0	283.0	284.0	285.0	286.0	287.0	288.0	289.0	290.0	291.0	292.0	293.0	294.0	295.0	296.0	297.0	298.0	298.0	299.0	300.0	301.0
2018.6043003120026
