5171.5570822211575	300.0	2000.0	149.38013634697845	0	0.0	5171.5570822211575	1	0	1	-2.078572956072434
5355.315073969284	500.0	2797.8662090770613	0.0	0	0.0	5153.181283046345	1	0	2	-1.5939415405857484
5573.433818591183	500.0	3557.9355899929715	0.0	0	0.0	5131.369408584154	1	0	2	-0.8652726568697592
5779.036974268502	500.0	4331.772118747921	0.0	0	0.0	5110.809093016422	1	0	2	-0.8485215589194057
6200.0	1000.0	4868.712790443271	0.0	0	68.66823969624056	5068.712790443271	1	0	2	-0.8208718983475851
7200.0	1000.0	4768.71279044327	0.0	0	543.6829934468324	4968.712790443271	1	0	2	-0.06891317160110133
8200.0	1000.0	4668.712790443269	0.0	0	259.76684282581846	4868.712790443271	1	0	2	0.011400178474263778
9200.0	1000.0	4568.712790443269	0.0	0	331.11876794535965	4768.71279044327	1	0	2	0.08464118777508317
10240.607447188662	2000.0	4424.044598535738	0.0	0	0.0	4664.652045724401	1	0	2	0.16417500489461062
11200.0	3000.0	4368.712790443267	0.0	0	130.1724293659645	4568.712790443269	1	0	2	0.9177929751597478
12200.0	3000.0	4268.712790443268	0.0	0	353.56970524904136	4468.71279044327	1	0	2	1.3787580854516044
13230.421814988591	3000.0	4135.248793955818	0.0	0	93.52248126350605	4365.670608944409	1	0	2	1.4385811241860036
14250.345629159634	3000.0	4013.3325983676714	0.0	0	0.0	4263.678227527307	1	0	2	1.504057003380279
15200.0	3000.0	3968.712790443268	0.0	0	54.09947705677587	4168.712790443269	1	0	2	1.5467926768907843
16322.464837769194	3000.0	3734.001468897155	0.0	0	0.0	4056.466306666347	1	0	2	1.597120423598575
17728.555484451084	3000.0	3187.301757547072	0.0	0	0.0	3915.8572419981538	1	0	2	1.6541827535653182
18846.520969145033	3000.0	2957.5397243837315	0.0	0	0.0	3804.0606935287633	1	0	2	1.7012329550843233
19823.02424829716	3000.0	2883.3861173163896	0.0	0	0.0	3706.4103656135467	1	0	2	1.7371525306329283
20511.75375496906	3000.0	3125.783659977299	0.0	0	0.0	3637.5374149463532	1	0	2	1.7626749357000624
21200.0	3000.0	3368.7127904432627	0.0	0	106.8783276817594	3568.7127904432564	1	0	2	1.782437347073066
22223.323397843425	3000.0	3345.389392599839	0.0	0	100.19038863760943	3568.7127904432564	1	0	1	1.7892044112254455
23352.169349186013	3000.0	3103.658846122996	0.0	0	0.0	3455.8281953090045	1	0	2	1.613754633185961
24345.43902181838	3000.0	3110.3891734906297	0.0	0	0.0	3455.8281953090045	1	0	1	1.8211995626219657
25267.780805390685	3000.0	3095.8132115610915	0.0	0	0.0	3363.5940169517708	1	0	2	1.6397144727468278
26391.73489247783	3000.0	2859.463715765231	0.0	0	0.0	3251.198608243056	1	0	2	1.8643084793324038
27200.0	3000.0	2970.3720974908447	0.0	0	17.215676555195387	3170.3720974908356	1	0	2	1.885851476293254
28200.0	3000.0	2970.3720974908465	0.0	0	78.70255332538363	3170.3720974908356	1	0	1	1.88949966308427
29200.0	2000.0	2870.3720974908438	0.0	0	484.03203824789307	3070.372097490832	1	0	2	0.8910596785646818
30594.403855963403	3000.0	2336.527855931102	0.0	0	0.0	2930.931711894489	1	0	2	1.5227752033710273
31876.607989839005	3000.0	1926.103308667939	0.0	0	0.0	2802.711298506929	1	0	2	1.950181680785535
32975.08086205651	3000.0	1717.7831492286923	0.0	0	0.0	2692.8640112851826	1	0	2	1.967273954109284
33965.26889927282	3000.0	1727.5951120123766	0.0	0	0.0	2692.8640112851826	1	0	1	1.9711668152967903
35717.989857308545	3000.0	974.8741539766463	0.0	0	0.0	2692.864011285179	1	0	1	2.171166815296791
36700.05157734805	3000.0	992.812433937141	0.0	0	0.0	2692.864011285179	1	0	1	2.1711668152967913
37773.26452606783	3000.0	919.5994852173619	0.0	0	0.0	2692.864011285179	1	0	1	2.1711668152967913
38956.5696922594	3000.0	736.294319025791	0.0	0	0.0	2692.864011285179	1	0	1	2.1711668152967913
39934.45263747599	3000.0	758.41137380921	0.0	0	0.0	2692.8640112851863	1	0	1	2.17116681529679
40655.50816543972	3000.0	1037.35584584547	0.0	0	0.0	2692.8640112851936	1	0	1	2.171166815296789
41231.716244660725	3000.0	1461.1477666244623	0.0	0	0.0	2692.8640112851936	1	0	1	2.171166815296789
41920.92229764379	3000.0	1771.9417136413988	0.0	0	0.0	2692.8640112851936	1	0	1	2.171166815296789
42494.70600592572	3000.0	2198.15800535947	0.0	0	0.0	2692.8640112851936	1	0	1	2.171166815296789
43200.0	3000.0	2492.8640112851976	0.0	0	113.68874386130483	2692.8640112851936	1	0	1	2.171166815296789
44200.0	3000.0	2492.8640112851963	0.0	0	462.8754479760828	2692.8640112851936	1	0	1	2.171166815296789
45200.0	3000.0	2492.864011285198	0.0	0	295.2059982630599	2692.8640112851936	1	0	1	2.171166815296789
46302.354688660125	3000.0	2390.509322625077	0.0	0	0.0	2692.8640112851936	1	0	1	2.171166815296789
47490.29193146024	3000.0	2202.5720798249586	0.0	0	0.0	2692.8640112851936	1	0	1	2.171166815296789
48678.586091085526	3000.0	2014.2779201996716	0.0	0	0.0	2692.8640112851936	1	0	1	2.171166815296789
49782.69665289844	3000.0	1910.1673583867557	0.0	0	0.0	2692.8640112851936	1	0	1	2.171166815296789
50492.9346763117	3000.0	2199.929334973499	0.0	0	0.0	2692.864011285201	1	0	1	2.1711668152967882
51718.29632397362	3000.0	1974.567687311581	0.0	0	0.0	2692.864011285201	1	0	1	2.1711668152967882
52489.67245584322	3000.0	2203.1915554419793	0.0	0	0.0	2692.8640112851936	1	0	1	2.171166815296789
53524.13923633019	3000.0	2168.724774954999	0.0	0	0.0	2692.8640112851936	1	0	1	2.171166815296789
54789.470482191835	3000.0	1903.3935290933541	0.0	0	0.0	2692.8640112851936	1	0	1	2.171166815296789
56192.250199464106	3000.0	1500.6138118210872	0.0	0	0.0	2692.8640112851936	1	0	1	2.171166815296789
57345.263510879384	3000.0	1232.2991692642788	0.0	0	0.0	2577.5626801436592	1	0	2	1.7822413127294083
58840.78273595591	3000.0	736.7799441877537	0.0	0	0.0	2577.5626801436665	1	0	1	1.9860693691433529
59570.24608993223	3000.0	1007.3165902114288	0.0	0	0.0	2577.5626801436665	1	0	1	2.186069369143353
60367.87455174045	3000.0	1209.6881284031997	0.0	0	0.0	2577.5626801436592	1	0	1	2.186069369143354
61376.969144419796	3000.0	1200.5935357238618	0.0	0	0.0	2577.5626801436665	1	0	1	2.186069369143353
62133.83247042501	3000.0	1443.7302097186573	0.0	0	0.0	2577.5626801436665	1	0	1	2.186069369143353
63172.17075863857	3000.0	1405.3919215051	0.0	0	0.0	2577.5626801436592	1	0	1	2.186069369143354
64010.91257576588	3000.0	1566.650104377792	0.0	0	0.0	2577.5626801436592	1	0	1	2.186069369143354
64864.92762246829	3000.0	1712.6350576753762	0.0	0	0.0	2577.5626801436592	1	0	1	2.186069369143354
66577.08494400524	3000.0	1000.4777361384381	0.0	0	0.0	2577.562680143681	1	0	1	2.186069369143353
68266.4939423622	3000.0	311.06873778148866	0.0	0	0.0	2577.562680143674	1	0	1	2.1860693691433513
69694.2456283429	3000.0	388.00266056499345	504.68560876421606	0	0.0	3082.2482889078965	1	0	1	-0.9207699737771627
70228.74749007836	2000.0	853.5007988295527	0.0	0	0.0	3082.248288907882	1	0	1	1.2964134625918073
70916.03976401254	2000.0	1166.208524895363	0.0	0	0.0	3082.248288907882	1	0	1	1.701878570699972
71570.4578767155	2000.0	1511.7904121923955	0.0	0	0.0	3082.2482889078965	1	0	1	1.7018785706999688
72168.66763534036	2000.0	1913.5806535675358	0.0	0	0.0	3082.2482889078965	1	0	1	1.7018785706999688
73464.47112265752	3000.0	1617.7771662503872	0.0	0	0.0	3082.2482889078965	1	0	1	1.7018785706999693
74686.62701961306	3000.0	1395.621269294843	0.0	0	0.0	3082.2482889078965	1	0	1	2.107343678808134
75964.90942176334	3000.0	1117.3388671445637	0.0	0	0.0	3082.2482889078965	1	0	1	2.107343678808134
76731.75078193545	2000.0	1350.497506972443	0.0	0	0.0	3082.248288907911	1	0	1	1.2964134625918016
77553.33805073616	2000.0	1528.9102381717207	0.0	0	0.0	3082.248288907911	1	0	1	1.7018785706999662
78360.5676288949	2000.0	1721.680660012967	0.0	0	0.0	3082.2482889078965	1	0	1	1.7018785706999688
79544.92345575962	3000.0	1418.8892504617681	0.0	0	0.0	2963.812706221419	1	0	2	1.3183686046056067
80496.1656733909	3000.0	1372.5228110673675	0.0	0	0.0	2868.688484458282	1	0	2	1.941401190470348
81040.4323414452	3000.0	1828.2561430130777	0.0	0	0.0	2868.688484458282	1	0	1	1.9451395665328843
81726.21493153005	3000.0	2142.473552928217	0.0	0	0.0	2868.688484458282	1	0	1	2.1451395665328845
82290.93819041205	3000.0	2577.7502940462023	0.0	0	0.0	2868.688484458282	1	0	1	2.1451395665328845
83200.0	3000.0	2668.688484458273	0.0	0	290.63268248531676	2868.688484458282	1	0	1	2.1451395665328845
84200.0	3000.0	2668.6884844582823	0.0	0	398.65021789545426	2868.688484458282	1	0	1	2.1451395665328845
85200.0	3000.0	2668.6884844582764	0.0	0	188.5354399120406	2868.688484458282	1	0	1	2.1451395665328845
86200.0	3000.0	2668.6884844582746	0.0	0	166.62682004549424	2868.688484458282	1	0	1	2.1451395665328845
87218.64473678019	3000.0	2650.043747678079	0.0	0	0.0	2868.6884844582673	1	0	1	2.1451395665328867
88340.92227378595	3000.0	2527.766210672308	0.0	0	0.0	2868.6884844582673	1	0	1	2.1451395665328867
89200.0	3000.0	2668.6884844582596	0.0	0	31.734443937122705	2868.6884844582673	1	0	1	2.1451395665328867
90200.0	3000.0	2668.6884844582587	0.0	0	446.14988734028884	2868.6884844582673	1	0	1	2.1451395665328867
91394.69207923835	3000.0	2473.996405219897	0.0	0	0.0	2868.6884844582673	1	0	1	2.1451395665328867
92305.41117701371	3000.0	2563.2773074445286	0.0	0	0.0	2868.6884844582673	1	0	1	2.1451395665328867
93379.71657779743	3000.0	2488.9719066608036	0.0	0	0.0	2868.688484458282	1	0	1	2.1451395665328845
94589.18612534623	3000.0	2158.555404357143	0.0	0	0.0	2747.7415297034313	1	0	2	1.7589423167533629
95641.52023869612	3000.0	2106.221291007254	0.0	0	0.0	2747.7415297034167	1	0	1	1.9634923170444776
96200.0	3000.0	2547.7415297033567	0.0	0	26.668298494521878	2747.741529703402	1	0	1	2.16349231704448
97200.0	3000.0	2547.74152970335	0.0	0	408.75193872349337	2747.7415297034167	1	0	1	2.163492317044478
98200.0	3000.0	2547.741529703363	0.0	0	375.4596177419444	2747.7415297034313	1	0	1	2.1634923170444758
99200.0	3000.0	2547.7415297033535	0.0	0	535.73627795426	2747.7415297034313	1	0	1	2.1634923170444758
100251.44530511524	3000.0	2496.296224588103	0.0	0	0.0	2747.7415297034313	1	0	1	2.1634923170444758
101200.0	3000.0	2547.741529703325	0.0	0	29.931277324532857	2747.7415297034313	1	0	1	2.1634923170444758
102456.76759272574	3000.0	2290.9739369775966	0.0	0	0.0	2747.7415297034313	1	0	1	2.1634923170444758
103857.42505289854	3000.0	1890.316476804777	0.0	0	0.0	2747.7415297034167	1	0	1	2.163492317044478
105571.11422084969	3000.0	1176.6273088536225	0.0	0	0.0	2747.7415297034167	1	0	1	2.163492317044478
107137.43297610171	3000.0	610.3085536015816	0.0	0	0.0	2747.7415297034167	1	0	1	2.163492317044478
107717.99163583017	2000.0	1029.7498938731128	0.0	0	0.0	2747.741529703402	1	0	1	1.3525621008281505
108130.89632131466	2000.0	1616.8452083886252	0.0	0	0.0	2747.7415297033876	1	0	1	1.7580272089363171
108501.5526172261	2000.0	2246.188912477186	0.0	0	0.0	2747.741529703373	1	0	1	1.7580272089363194
109200.0	2000.0	2547.7415297032953	0.0	0	218.47691507572017	2747.741529703373	1	0	1	1.7580272089363194
110200.0	2000.0	2547.741529703293	0.0	0	595.4435831020382	2747.741529703373	1	0	1	1.7580272089363194
111200.0	2000.0	2547.7415297032885	0.0	0	535.0451507186663	2747.741529703373	1	0	1	1.7580272089363194
112212.8038728702	3000.0	2534.937656833089	0.0	0	0.0	2747.7415297033876	1	0	1	1.7580272089363174
113200.0	3000.0	2547.741529703304	0.0	0	396.2859612060565	2747.7415297033876	1	0	1	2.163492317044482
114200.0	3000.0	2547.7415297032903	0.0	0	42.468313001751085	2747.7415297033876	1	0	1	2.163492317044482
115374.32936081078	3000.0	2373.412168892522	0.0	0	0.0	2747.7415297033876	1	0	1	2.163492317044482
116319.38809427326	3000.0	2428.353435430034	0.0	0	0.0	2747.7415297033876	1	0	1	2.163492317044482
117200.0	3000.0	2547.741529703319	0.0	0	156.04191682115197	2747.7415297033876	1	0	1	2.163492317044482
118200.0	3000.0	2547.7415297033	0.0	0	188.23129643277207	2747.7415297033876	1	0	1	2.163492317044482
119200.0	3000.0	2547.7415297033076	0.0	0	389.36748523385904	2747.7415297033876	1	0	1	2.163492317044482
120200.0	3000.0	2547.7415297033012	0.0	0	250.48160086596909	2747.7415297033876	1	0	1	2.163492317044482
121287.6090953907	3000.0	2460.132434312617	0.0	0	0.0	2747.7415297033876	1	0	1	2.163492317044482
122351.78266928771	3000.0	2395.958860415602	0.0	0	0.0	2747.7415297033876	1	0	1	2.163492317044482
123555.61288291009	3000.0	2071.745625430979	0.0	0	0.0	2627.3585083411454	1	0	2	1.7756429048544826
124642.25750464218	3000.0	1985.1010036988773	0.0	0	0.0	2627.3585083411454	1	0	1	1.9798295325257056
125531.34933025592	3000.0	2096.0091780851358	0.0	0	0.0	2627.3585083411454	1	0	1	2.179829532525706
126200.0	3000.0	2427.3585083410567	0.0	0	8.86593707211432	2627.3585083411454	1	0	1	2.179829532525706
127200.0	3000.0	2427.3585083410585	0.0	0	391.3736610601045	2627.3585083411454	1	0	1	2.179829532525706
128200.0	3000.0	2427.3585083410635	0.0	0	71.02584582107374	2627.3585083411454	1	0	1	2.179829532525706
129444.6893331098	3000.0	2182.6691752312554	0.0	0	0.0	2627.358508341131	1	0	1	2.1798295325257078
131046.5345614264	3000.0	1580.8239469146451	0.0	0	0.0	2627.358508341131	1	0	1	2.1798295325257078
131972.39372024641	3000.0	1654.9647880946025	0.0	0	0.0	2627.3585083411017	1	0	1	2.17982953252571
132881.547514037	3000.0	1745.8109943040083	0.0	0	0.0	2627.3585083411017	1	0	1	2.179829532525712
134670.04125201795	3000.0	957.3172563230504	0.0	0	0.0	2627.3585083411017	1	0	1	2.1798295325257113
136002.64854785358	2000.0	624.7099604874411	0.0	0	0.0	2627.3585083411017	1	0	1	1.368899316309382
136862.48856649827	2000.0	764.8699418427442	0.0	0	0.0	2627.3585083411017	1	0	1	1.7743644244175467
137384.68966295882	2000.0	1242.6688453821662	0.0	0	0.0	2627.3585083410726	1	0	1	1.7743644244175505
137789.50920094427	2000.0	1837.8493073966936	0.0	0	0.0	2627.3585083410726	1	0	1	1.7743644244175505
138200.0	2000.0	2427.358508340938	0.0	0	46.35980373201892	2627.3585083410435	1	0	1	1.774364424417554
139200.0	2000.0	2427.3585083409225	0.0	0	455.54398177188705	2627.3585083410435	1	0	1	1.774364424417554
140200.0	2000.0	2427.3585083408952	0.0	0	241.90764700382715	2627.3585083410435	1	0	1	1.774364424417554
141224.38613273812	3000.0	2402.972375602781	0.0	0	0.0	2627.3585083410435	1	0	1	1.7743644244175543
142396.480987594	3000.0	2113.668035261331	0.0	0	0.0	2510.149022855476	1	0	2	1.7897625056560211
144216.8166897632	3000.0	1293.332333092174	0.0	0	0.0	2510.149022855505	1	0	1	1.9940660467323372
145205.71530395016	3000.0	1304.433718905191	0.0	0	0.0	2510.149022855505	1	0	1	2.1940660467323374
146166.88760617073	3000.0	1343.2614166846238	0.0	0	0.0	2510.149022855534	1	0	1	2.1940660467323343
147923.3233796028	3000.0	586.8256432525427	0.0	0	0.0	2510.149022855563	1	0	1	2.194066046732331
148728.09193832093	2000.0	782.0570845344369	0.0	0	0.0	2510.149022855563	1	0	1	1.3831358305160015
149391.66930027114	2000.0	1118.479722584202	0.0	0	0.0	2510.149022855563	1	0	1	1.7886009386241661
149956.48951004184	2000.0	1553.6595128134836	0.0	0	0.0	2510.149022855563	1	0	1	1.7886009386241661
150461.4723665438	2000.0	2048.676656311498	0.0	0	0.0	2510.149022855563	1	0	1	1.7886009386241661
151200.0	2000.0	2310.149022855338	0.0	0	224.87982826292864	2510.149022855563	1	0	1	1.7886009386241661
152200.0	3000.0	2210.1490228553234	0.0	0	502.52437460879446	2410.149022855563	1	0	2	1.3953910873872033
153200.0	3000.0	2210.149022855335	0.0	0	359.1992973165761	2410.149022855592	1	0	1	2.0050315300482975
154200.0	3000.0	2210.149022855323	0.0	0	147.04942993278382	2410.149022855592	1	0	1	2.2050315300482977
155200.0	3000.0	2210.149022855329	0.0	0	325.1695807100332	2410.149022855563	1	0	1	2.2050315300482985
156371.50109413252	3000.0	2038.6479287228067	0.0	0	0.0	2410.149022855563	1	0	1	2.2050315300483008
158453.18599237918	3000.0	956.9630304761578	0.0	0	0.0	2410.149022855563	1	0	1	2.2050315300483008
159578.32929906377	3000.0	831.819723791568	0.0	0	0.0	2410.149022855563	1	0	1	2.2050315300483008
160563.159146057	3000.0	846.9898767983179	0.0	0	0.0	2410.149022855563	1	0	1	2.2050315300483008
161413.48679477436	3000.0	996.6622280809653	0.0	0	0.0	2410.149022855563	1	0	1	2.2050315300483008
162601.48804247443	3000.0	808.6609803808808	0.0	0	0.0	2410.149022855534	1	0	1	2.205031530048304
163585.94735578366	2000.0	824.2016670716603	0.0	0	0.0	2410.149022855563	1	0	1	1.3941013138319711
164391.61495152238	2000.0	1018.5340713329563	0.0	0	0.0	2410.149022855534	1	0	1	1.7995664219401388
165018.72979147616	2000.0	1391.419231379169	0.0	0	0.0	2410.149022855505	1	0	1	1.799566421940142
166075.6722133616	2000.0	1334.4768094937258	0.0	0	0.0	2410.149022855505	1	0	1	1.799566421940142
167139.32240968174	2000.0	1270.8266131735513	0.0	0	0.0	2410.149022855505	1	0	1	1.799566421940142
168026.55691362405	2000.0	1383.59210923129	0.0	0	0.0	2410.149022855505	1	0	1	1.799566421940142
168714.29943156	2000.0	1695.8495912953442	0.0	0	0.0	2410.149022855505	1	0	1	1.799566421940142
169276.1159263057	2000.0	2134.033096549662	0.0	0	0.0	2410.149022855505	1	0	1	1.799566421940142
170200.0	2000.0	2210.1490228553553	0.0	0	428.5264601659437	2410.149022855505	1	0	1	1.799566421940142
171280.29821256865	3000.0	2129.850810286697	0.0	0	77.4174051588343	2410.149022855505	1	0	1	1.7995664219401422
172988.26680442746	3000.0	1421.882218427915	0.0	0	0.0	2410.149022855534	1	0	1	2.205031530048304
173849.49128900087	3000.0	1560.6577338545335	0.0	0	0.0	2410.149022855534	1	0	1	2.205031530048304
174624.71159632163	3000.0	1785.437426533784	0.0	0	0.0	2410.149022855563	1	0	1	2.2050315300483008
176012.60095130457	3000.0	1397.5480715508297	0.0	0	0.0	2410.149022855563	1	0	1	2.2050315300483008
176700.02907437584	3000.0	1710.119948479574	0.0	0	0.0	2410.149022855563	1	0	1	2.2050315300483008
177627.97414677555	3000.0	1782.1748760798675	0.0	0	0.0	2410.149022855563	1	0	1	2.2050315300483008
178418.03828454344	3000.0	1992.110738311986	0.0	0	0.0	2410.149022855563	1	0	1	2.2050315300483008
179509.6923987026	3000.0	1900.4566241527966	0.0	0	0.0	2410.149022855563	1	0	1	2.2050315300483008
180315.08264031142	3000.0	2095.066382543988	0.0	0	0.0	2410.149022855563	1	0	1	2.2050315300483008
181748.3356735122	3000.0	1661.8133493431824	0.0	0	0.0	2410.149022855534	1	0	1	2.205031530048304
182622.40928133196	3000.0	1787.7397415234086	0.0	0	0.0	2410.149022855563	1	0	1	2.2050315300483008
183825.17074675817	3000.0	1584.9782760971702	0.0	0	0.0	2410.149022855563	1	0	1	2.2050315300483008
185216.54387618628	3000.0	1193.6051466690637	0.0	0	0.0	2410.1490228556213	1	0	1	2.205031530048296
185856.7040285241	2000.0	1553.4449943312395	0.0	0	0.0	2410.149022855592	1	0	1	1.3941013138319682
186441.76231447989	2000.0	1968.3867083754521	0.0	0	0.0	2410.149022855592	1	0	1	1.7995664219401328
187200.0	2000.0	2210.149022855314	0.0	0	19.967088742298074	2410.149022855563	1	0	1	1.7995664219401344
188658.6711206929	3000.0	1751.4779021624115	0.0	0	0.0	2410.149022855592	1	0	1	1.799566421940133
189389.7719758346	3000.0	2020.3770470207235	0.0	0	0.0	2410.1490228556213	1	0	1	2.2050315300482946
190200.0	3000.0	2210.149022855286	0.0	0	87.33935490253498	2410.1490228556213	1	0	1	2.2050315300482946
191200.0	3000.0	2210.149022855282	0.0	0	186.24237656846526	2410.149022855592	1	0	1	2.205031530048296
192200.0	3000.0	2210.149022855285	0.0	0	254.8302032520005	2410.1490228556213	1	0	1	2.2050315300482963
193200.0	3000.0	2210.1490228553007	0.0	0	294.3136774302111	2410.1490228556504	1	0	1	2.205031530048293
194200.0	3000.0	2210.1490228553093	0.0	0	470.0869467773882	2410.1490228556504	1	0	1	2.2050315300482914
195200.0	3000.0	2210.1490228553002	0.0	0	308.90084936172934	2410.1490228556504	1	0	1	2.2050315300482914
196758.18032173906	3000.0	1651.9687011162737	0.0	0	0.0	2410.1490228556795	1	0	1	2.2050315300482883
197649.13568825196	3000.0	1761.01333460338	0.0	0	0.0	2410.1490228557086	1	0	1	2.2050315300482852
198575.0189057028	3000.0	1835.130117152572	0.0	0	0.0	2410.1490228557086	1	0	1	2.2050315300482852
199383.95946628132	3000.0	2026.189556574084	0.0	0	0.0	2410.1490228557086	1	0	1	2.2050315300482852
200200.0	3000.0	2210.1490228553957	0.0	0	61.01842648143065	2410.1490228557377	1	0	1	2.2050315300482843
201234.8211723352	3000.0	2175.327850520196	0.0	0	0.0	2410.1490228557377	1	0	1	2.2050315300482826
202317.15845535282	3000.0	2092.9905675025857	0.0	0	0.0	2410.1490228557377	1	0	1	2.2050315300482826
203200.0	3000.0	2210.1490228554285	0.0	0	46.91787224661675	2410.149022855767	1	0	1	2.2050315300482795
204799.6729135851	3000.0	1610.4761092703404	0.0	0	0.0	2410.149022855767	1	0	1	2.2050315300482795
206349.46395559638	3000.0	1060.6850672590372	0.0	0	0.0	2410.149022855767	1	0	1	2.2050315300482795
207939.31225796024	3000.0	470.8367648951743	0.0	0	0.0	2410.149022855767	1	0	1	2.2050315300482795
208557.56612552595	2000.0	852.5828973294746	0.0	0	0.0	2410.149022855767	1	0	1	1.3941013138319502
209500.44281759288	3000.0	909.7062052625135	0.0	0	0.0	2410.149022855767	1	0	1	1.7995664219401148
210454.4853223032	3000.0	955.6637005522381	0.0	0	0.0	2410.149022855796	1	0	1	2.2050315300482763
211543.04913022325	3000.0	867.0998926321593	0.0	0	0.0	2410.149022855796	1	0	1	2.2050315300482763
212327.9089774287	3000.0	1082.240045426703	0.0	0	0.0	2410.149022855825	1	0	1	2.2050315300482732
213225.94545676466	3000.0	1184.2035660907563	0.0	0	0.0	2410.149022855796	1	0	1	2.2050315300482763
214163.51174141956	3000.0	1246.6372814358808	0.0	0	0.0	2410.149022855796	1	0	1	2.2050315300482763
215321.49411039683	3000.0	1088.6549124585795	0.0	0	0.0	2410.149022855767	1	0	1	2.205031530048279
216685.76794702903	3000.0	724.3810758263844	0.0	0	0.0	2410.149022855767	1	0	1	2.2050315300482795
218309.87917511692	3000.0	341.71691501382793	241.44706727531968	0	0.0	2651.596090131061	1	0	1	0.7301397605938134
219501.3625827717	3000.0	486.0731705366036	335.83966317757665	0	0.0	2987.435753308324	1	0	1	0.10999168978880058
220270.53174062044	3000.0	716.904012687835	0.0	0	0.0	2987.435753308353	1	0	1	2.125029668854255
221059.58048966355	3000.0	927.855263644713	0.0	0	0.0	2987.435753308324	1	0	1	2.1250296688542605
222092.9924187483	3000.0	894.443334559988	0.0	0	0.0	2987.435753308295	1	0	1	2.1250296688542627
223883.82533431644	3000.0	200.0	96.38958100819093	0	0.0	3083.8253343164397	1	0	1	1.540076935165343
224476.03919737288	2000.0	692.2590951156745	84.47295817211736	0	0.0	3168.298292488558	1	0	1	0.7721679278684292
225022.3755105664	2000.0	1145.922781922168	0.0	0	0.0	3168.298292488558	1	0	1	1.684470785009298
225736.84597712712	2000.0	1431.4523153614318	0.0	0	0.0	3168.298292488558	1	0	1	1.684470785009298
226278.08088140367	2000.0	1890.2174110848462	0.0	0	0.0	3168.298292488529	1	0	1	1.6844707850093044
227116.1378467045	2000.0	2052.1604457839926	0.0	0	0.0	3168.2982924885	1	0	1	1.6844707850093101
227874.34760984752	2000.0	2293.9506826409756	0.0	0	0.0	3168.2982924885	1	0	1	1.6844707850093101
229086.54688203984	3000.0	1960.5314832294393	0.0	0	0.0	3047.0783652692917	1	0	2	1.3031179928653
229802.7791472597	3000.0	2172.67599148758	0.0	0	0.0	2975.4551387472893	1	0	2	1.9240330118138915
230516.27705902152	3000.0	2459.1780797257484	0.0	0	0.0	2975.4551387472893	1	0	1	1.9271585655161048
231200.0	3000.0	2775.455138747291	0.0	0	27.926463748997776	2975.4551387473184	1	0	1	2.1271585655161007
232200.0	3000.0	2775.455138747312	0.0	0	568.6125185060664	2975.4551387473184	1	0	1	2.1271585655161
233200.0	3000.0	2775.455138747315	0.0	0	177.07418286046595	2975.4551387473184	1	0	1	2.127158565516103
234200.0	3000.0	2775.4551387473057	0.0	0	78.24272977816872	2975.4551387473184	1	0	1	2.1271585655161
235200.0	3000.0	2775.4551387473016	0.0	0	431.6816718404298	2975.4551387472893	1	0	1	2.1271585655161047
236472.01493365093	3000.0	2503.4402050963618	0.0	0	0.0	2975.4551387473184	1	0	1	2.1271585655161
237566.92953869488	3000.0	2408.525600052397	0.0	0	0.0	2975.4551387472893	1	0	1	2.1271585655161047
238528.89642946084	3000.0	2446.5587092864607	0.0	0	0.0	2975.4551387472893	1	0	1	2.1271585655161047
239413.7903619904	3000.0	2561.664776756909	0.0	0	0.0	2975.4551387472893	1	0	1	2.1271585655161047
240309.5539906153	3000.0	2665.9011481320154	0.0	0	0.0	2975.4551387473184	1	0	1	2.1271585655161
241243.08062019074	3000.0	2732.3745185565413	0.0	0	0.0	2975.4551387472893	1	0	1	2.127158565516104
242346.84530878442	3000.0	2628.609829962884	0.0	0	0.0	2975.4551387472893	1	0	1	2.1271585655161047
243627.7593247541	3000.0	2347.6958139932476	0.0	0	0.0	2975.4551387472893	1	0	1	2.1271585655161047
244719.29355491343	3000.0	2147.008160817968	0.0	0	0.0	2866.3017157313298	1	0	2	1.741119017098284
245560.83912300944	3000.0	2305.462592721935	0.0	0	0.0	2866.3017157313298	1	0	1	1.9455218325243238
246422.73508581455	3000.0	2443.56662991682	0.0	0	0.0	2866.3017157313298	1	0	1	2.1455218325243237
247200.0	3000.0	2666.301715731364	0.0	0	128.94186225696467	2866.301715731359	1	0	1	2.145521832524321
248200.0	3000.0	2666.3017157313325	0.0	0	359.798830504762	2866.3017157313298	1	0	1	2.1455218325243237
249200.0	3000.0	2666.3017157313525	0.0	0	362.76531182805775	2866.3017157313298	1	0	1	2.1455218325243237
250200.0	3000.0	2566.301715731328	0.0	0	176.7278359689226	2766.3017157312424	1	0	2	1.7556142266781314
252114.9932966019	3000.0	1651.3084191294333	0.0	0	0.0	2766.3017157312424	1	0	1	1.960807165243015
254042.6319778304	3000.0	723.6697379009224	0.0	0	0.0	2766.3017157313006	1	0	1	2.16080716524301
255442.70126638093	3000.0	454.4198689947011	130.81941964430766	0	0.0	2897.121135375637	1	0	1	1.355604425071495
256642.00239567552	3000.0	448.4511732596044	193.33243355946172	0	0.0	3090.4535689351032	1	0	1	0.9457463383606903
257085.95796924524	2000.0	1004.4955996898749	0.0	0	0.0	3090.453568935074	1	0	1	1.294810723501137
257738.57481228287	2000.0	1351.8787566522394	0.0	0	0.0	3090.453568935074	1	0	1	1.7002758316093016
258194.57755237978	2000.0	1895.8760165553215	0.0	0	0.0	3090.453568935074	1	0	1	1.7002758316093016
258564.68977625883	2000.0	2525.7637926762754	0.0	0	0.0	3090.453568935074	1	0	1	1.7002758316093016
259526.63623785778	3000.0	2563.817331077324	0.0	0	0.0	3090.453568935074	1	0	1	1.7002758316093018
260426.88687766998	3000.0	2663.566691265141	0.0	0	0.0	3090.453568935074	1	0	1	2.1057409397174665
261200.0	3000.0	2890.453568935119	0.0	0	61.66406858910341	3090.453568935074	1	0	1	2.1057409397174665
262209.25260516955	3000.0	2881.2009637656006	0.0	0	0.0	3090.4535689351032	1	0	1	2.105740939717465
263200.0	3000.0	2890.4535689351906	0.0	0	350.4242972859065	3090.4535689351615	1	0	1	2.1057409397174527
264268.09796228766	3000.0	2822.3556066476135	0.0	0	0.0	3090.453568935278	1	0	1	2.105740939717438
265200.0	3000.0	2890.453568935247	0.0	0	187.22459755535237	3090.4535689352488	1	0	1	2.1057409397174274
266200.0	3000.0	2790.453568935274	0.0	0	40.643968689022586	2990.453568935278	1	0	2	1.7197190605334427
267200.0	3000.0	2690.4535689353197	0.0	0	258.31436848972226	2890.4535689352197	1	0	2	1.9357103501544513
268200.0	3000.0	2590.4535689352456	0.0	0	219.2527137954021	2790.4535689352197	1	0	2	1.952107921582358
269200.0	3000.0	2590.4535689352233	0.0	0	443.5607121968642	2790.4535689351615	1	0	1	1.9572433858476508
270200.0	3000.0	2590.453568935162	0.0	0	4.188515088404529	2790.4535689351615	1	0	1	2.157243385847651
271200.0	3000.0	2590.4535689351806	0.0	0	20.543383784184698	2790.4535689351615	1	0	1	2.157243385847651
272398.5980718331	3000.0	2391.85549710214	0.0	0	0.0	2790.4535689351615	1	0	1	2.157243385847651
273710.08814526594	3000.0	2080.3654236692537	0.0	0	0.0	2790.4535689351615	1	0	1	2.157243385847651
274353.4659199659	3000.0	2436.9876489692847	0.0	0	0.0	2790.4535689351615	1	0	1	2.157243385847651
275272.1819784128	3000.0	2518.2715905223017	0.0	0	0.0	2790.4535689351615	1	0	1	2.157243385847651
276200.0	3000.0	2590.453568935116	0.0	0	183.46202380408067	2790.4535689351615	1	0	1	2.157243385847651
277297.67026504956	3000.0	2492.7833038855665	0.0	0	0.0	2790.4535689351615	1	0	1	2.157243385847651
278284.6579557968	3000.0	2505.7956131383376	0.0	0	0.0	2790.4535689351615	1	0	1	2.157243385847651
279430.3133904602	3000.0	2360.1401784749187	0.0	0	0.0	2790.4535689351615	1	0	1	2.157243385847651
280905.0464072471	3000.0	1737.9338600093724	0.0	0	0.0	2642.9802672564983	1	0	2	1.7730873749566913
282248.5142909503	3000.0	1394.465976306134	0.0	0	0.0	2642.9802672565565	1	0	1	1.9778114071588517
283875.67549206095	3000.0	767.3047751955261	0.0	0	0.0	2642.9802672566148	1	0	1	2.1778114071588446
285117.43747717864	2000.0	525.5427900778595	0.0	0	0.0	2642.9802672566148	1	0	1	1.3668811909425151
285835.66882661247	2000.0	807.3114406439373	0.0	0	0.0	2642.9802672565565	1	0	1	1.772346299050687
286380.91722115147	2000.0	1262.0630461049552	0.0	0	0.0	2642.9802672565565	1	0	1	1.772346299050687
286884.9736468418	2000.0	1758.0066204145955	0.0	0	0.0	2642.9802672565565	1	0	1	1.772346299050687
287298.1745606476	2000.0	2344.8057066088454	0.0	0	0.0	2642.9802672565565	1	0	1	1.772346299050687
288200.0	3000.0	2442.9802672563965	0.0	0	68.30168877739925	2642.9802672565565	1	0	1	1.7723462990506873
289200.0	3000.0	2442.980267256428	0.0	0	79.98084506939631	2642.9802672566148	1	0	1	2.177811407158849
290381.2443388977	3000.0	2261.7359283586875	0.0	0	0.0	2642.9802672565565	1	0	1	2.1778114071588504
292011.90336990583	3000.0	1631.0768973505546	0.0	0	0.0	2642.9802672565565	1	0	1	2.177811407158852
293289.33970705466	3000.0	1353.6405602017117	0.0	0	0.0	2642.9802672565565	1	0	1	2.177811407158852
294378.0366362808	3000.0	1264.9436309754853	0.0	0	0.0	2642.9802672564983	1	0	1	2.1778114071588597
295002.6142808411	3000.0	1577.9082219591771	0.0	0	0.0	2580.5225028004497	1	0	2	1.7833952946526215
296455.75695650873	3000.0	1124.7655462915461	0.0	0	0.0	2580.522502800508	1	0	1	1.985706549825554
297550.4184480101	3000.0	1030.1040547901846	0.0	0	0.0	2580.522502800508	1	0	1	2.185706549825554
298758.88751811587	3000.0	821.6349846844046	0.0	0	0.0	2580.522502800508	1	0	1	2.185706549825554
299256.52220680687	2000.0	1324.0002959934004	0.0	0	0.0	2580.522502800508	1	0	1	1.3747763336092247
299786.6272674032	2000.0	1793.8952353970274	0.0	0	0.0	2580.5225028004497	1	0	1	1.7802414417173964
300298.48602599057	2000.0	2282.036476809712	0.0	0	0.0	2580.522502800508	1	0	1	1.7802414417173893
3.66	3.36	1.62	1.6	2.29	2.73	3.9	3.87	1.77	3.06	3.1	2.72	2.17	2.35	3.68	4.95	5.05	1.99	2.25	2.95	3.29	2.5	3.83	4.44	3.23	2.66	3.04	2.77	3.14	2.13	2.43	3.5	2.88	2.22	3.34	4.16	4.32	5.25	5.61	5.51	4.15	2.22	2.86	2.93	3.49	3.88	2.24	3.52	4.12	2.92	1.91	2.54	2.13	2.65	3.88	3.89	3.83	2.85	3.93	4.65	1.56	2.65	2.72	1.19	2.32	3.51	3.43	3.41	2.06	1.89	3.17	3.45	2.73	3.23	3.09	4.15	5.51	6.12	4.7	3.59	4.38	2.83	2.88	3.02	4.23	3.42	3.43	3.92	2.79	3.01	3.98	4.98	4.84	5.73	3.87	3.15	2.51	1.81	2.39	1.74	1.46	2.49	3.29	4.26	5.37	3.89	3.21	4.02	3.8	3.63	3.35	3.3	3.78	4.39	5.02	3.29	3.34	2.49	1.99	3.56	4.0	3.95	3.02	3.1	2.12	2.0	2.79	3.24	1.95	1.61	1.63	2.94	4.07	5.07	3.5	2.55	2.4	1.39	2.09	3.31	4.41	2.34	2.18	2.8	3.49	4.73	5.31	4.34	3.74	2.44	3.66	3.36	1.62	1.6	2.29	2.73	3.9	3.87	1.77	3.06	3.1	2.72	2.17	2.35	3.68	4.95	5.05	1.99	2.25	2.95	3.29	2.5	3.83	4.44	3.23	2.66	3.04	2.77	3.14	2.13	2.43	3.5	2.88	2.22	3.34	4.16	4.32	5.25	5.61	5.51	4.15	2.22	2.86	2.93	3.49	3.88	2.24	3.52	4.12	2.92	1.91	2.54	2.13	2.65	3.88	3.89	3.83	2.85	3.93	4.65	1.56	2.65	2.72	1.19	2.32	3.51	3.43	3.41	2.06	1.89	3.17	3.45	2.73	3.23	3.09	4.15	5.51	6.12	4.7	3.59	4.38	2.83	2.88	3.02	4.23	3.42	3.43	3.92	2.79	3.01	3.98	4.98	4.84	5.73	3.87	3.15	2.51	1.81	2.39	1.74	1.46	2.49	3.29	4.26	5.37	3.89	3.21	4.02	3.8	3.63	3.35	3.3	3.78	4.39	5.02	3.29	3.34	2.49	1.99	3.56	4.0	3.95	3.02	3.1	2.12	2.0	2.79	3.24	1.95	1.61	1.63	2.94	4.07	5.07	3.5	2.55	2.4	1.39	2.09	3.31	4.41	2.34	2.18	2.8	3.49	4.73	5.31	4.34	3.74	2.44
1.0	2.0	3.0	4.0	5.0	6.0	7.0	8.0	9.0	10.0	11.0	12.0	13.0	14.0	15.0	16.0	17.0	18.0	19.0	20.0	21.0	22.0	23.0	24.0	25.0	26.0	27.0	28.0	29.0	30.0	31.0	32.0	33.0	34.0	35.0	36.0	37.0	38.0	39.0	40.0	41.0	42.0	43.0	44.0	45.0	46.0	47.0	48.0	49.0	50.0	51.0	52.0	53.0	54.0	55.0	56.0	57.0	58.0	59.0	60.0	61.0	62.0	63.0	64.0	65.0	66.0	67.0	68.0	69.0	70.0	71.0	72.0	73.0	74.0	75.0	76.0	77.0	78.0	79.0	80.0	81.0	82.0	83.0	84.0	85.0	86.0	87.0	88.0	89.0	90.0	91.0	92.0	93.0	94.0	95.0	96.0	97.0	98.0	99.0	100.0	101.0	102.0	103.0	104.0	105.0	106.0	107.0	108.0	109.0	110.0	111.0	112.0	113.0	114.0	115.0	116.0	117.0	118.0	119.0	120.0	121.0	122.0	123.0	124.0	125.0	126.0	127.0	128.0	129.0	130.0	131.0	132.0	133.0	134.0	135.0	136.0	137.0	138.0	139.0	140.0	141.0	142.0	143.0	144.0	145.0	146.0	147.0	148.0	149.0	149.0	150.0	151.0	152.0	153.0	154.0	155.0	156.0	157.0	158.0	159.0	160.0	161.0	162.0	163.0	164.0	165.0	166.0	167.0	168.0	169.0	170.0	171.0	172.0	173.0	174.0	175.0	176.0	177.0	178.0	179.0	180.0	181.0	182.0	183.0	184.0	185.0	186.0	187.0	188.0	189.0	190.0	191.0	192.0	193.0	194.0	195.0	196.0	197.0	198.0	199.0	200.0	201.0	202.0	203.0	204.0	205.0	206.0	207.0	208.0	209.0	210.0	211.0	212.0	213.0	214.0	215.0	216.0	217.0	218.0	219.0	220.0	221.0	222.0	223.0	224.0	225.0	226.0	227.0	228.0	229.0	230.0	231.0	232.0	233.0	234.0	235.0	236.0	237.0	238.0	239.0	240.0	241.0	242.0	243.0	244.0	245.0	246.0	247.0	248.0	249.0	250.0	251.0	252.0	253.0	254.0	255.0	256.0	257.0	258.0	259.0	260.0	261.0	262.0	263.0	264.0	265.0	266.0	267.0	268.0	269.0	270.0	271.0	272.0	273.0	274.0	275.0	276.0	277.0	278.0	279.0	280.0	281.0	282.0	283.0	284.0	285.0	286.0	287.0	288.0	289.0	290.0	291.0	292.0	293.0	294.0	295.0	296.0	297.0	298.0	298.0
4881.965777184085
