5751.05021558935	300.0	2000.0	146.32821928617358	0	0.0	5751.05021558935	1	0	1	-2.590065094684846
5923.63265226908	300.0	2810.1593196522963	0.0	0	0.0	5733.791971921376	1	0	2	-2.129116510627546
6146.59579476446	500.0	3564.899862907377	0.0	0	0.0	5711.495657671838	1	0	2	-1.908671076994152
6389.1047615175685	500.0	4298.139999478958	0.0	0	0.0	5687.244760996527	1	0	2	-1.3741169272054412
7101.984509471278	1000.0	4513.972276729877	0.0	0	0.0	5615.956786201156	1	0	2	-1.3178732340766852
7608.7666926042075	1000.0	4956.511875283654	0.0	0	0.0	5565.278567887864	1	0	2	-0.5695378117167449
8545.554063743311	2000.0	4926.045767030635	0.0	0	0.0	5471.59983077395	1	0	2	-0.4931875024194675
10068.05507523682	3000.0	4251.294654387775	0.0	0	0.0	5319.349729624599	1	0	2	0.3238127961403816
12220.438007821833	3000.0	2883.673428544259	0.0	0	0.0	5104.111436366095	1	0	2	0.8962327926099302
13891.282153925775	2000.0	2045.744867829922	0.0	0	0.0	4937.027021755699	1	0	2	0.2460111871262123
14960.663381579674	2000.0	1869.425517410635	0.0	0	0.0	4830.088898990312	1	0	2	0.7390026346274083
15802.611973584677	2000.0	1943.2820662051322	0.0	0	0.0	4745.894039789811	1	0	2	0.8031560758219993
17116.529987207006	2000.0	1497.972251220568	0.0	0	0.0	4614.502238427576	1	0	2	0.882402536320657
18514.09458892322	2000.0	960.6511893327316	0.0	0	0.0	4474.745778255956	1	0	2	0.9696477576326804
19139.782709972198	1000.0	1272.3942561788585	0.0	0	0.0	4412.176966151059	1	0	2	-0.3676490173899687
19875.20545133901	1000.0	1463.429240675363	0.0	0	0.0	4338.634692014377	1	0	2	0.3602989029405861
20932.540946532536	1000.0	1300.3601959624839	0.0	0	0.0	4232.901142495022	1	0	2	0.4202956249784602
21680.62861867653	1000.0	1477.4637566040894	0.0	0	0.0	4158.092375280619	1	0	2	0.45739867329126455
22177.622316906865	1000.0	1930.7706885507157	0.0	0	0.0	4108.393005457583	1	0	2	0.48442432944618397
22617.645405632255	1000.0	2446.745290952782	0.0	0	0.0	4064.39069658504	1	0	2	0.5055055213701598
23187.866074067668	1000.0	2819.50255567383	0.0	0	0.0	4007.3686297415006	1	0	2	0.5282095556751203
23606.510034396546	1000.0	3358.994199312066	0.0	0	0.0	3965.504233708616	1	0	2	0.5471213297108778
24286.428634913245	2000.0	3611.083738743693	0.0	0	0.0	3897.5123736569403	1	0	2	0.571949618407305
25499.726694265406	2000.0	3276.4558734563134	0.0	0	0.0	3776.1825677217166	1	0	2	1.3051461558313153
26200.0	2000.0	3506.1552371482576	0.0	0	4.150978061745263	3706.155237148254	1	0	2	1.3341237625995406
27200.0	2000.0	3406.1552371482576	0.0	0	568.627274504197	3606.1552371482576	1	0	2	1.3600052786862793
28258.625262567224	3000.0	3241.667448324308	0.0	0	0.0	3500.292710891532	1	0	2	1.3954167930761598
29263.942197469012	3000.0	3135.818819932345	0.0	0	0.0	3399.7610174013607	1	0	2	1.8283431044734497
31250.13734588716	3000.0	2149.6236715141968	0.0	0	0.0	3399.7610174013607	1	0	1	1.8359834199670528
33292.072091614915	3000.0	903.4954512136685	0.0	0	0.0	3195.5675428285867	1	0	2	1.669773879010377
35163.2184882924	2000.0	200.0	167.65094546381357	0	0.0	3363.218488292401	1	0	1	0.05342057036584044
35896.216601990265	1000.0	679.0195648262832	212.0176785241486	0	0.0	3575.2361668165468	1	0	1	-1.0766048266619521
36320.24447633286	1000.0	1254.9916904836787	0.0	0	0.0	3575.236166816536	1	0	1	0.8886484250428863
36789.516907062876	1000.0	1785.719259753657	0.0	0	0.0	3575.236166816532	1	0	1	0.8886484250428894
37180.88516818468	1000.0	2355.2141725196702	0.0	0	0.0	3536.0993407043425	1	0	2	0.4973218079139811
37575.883233668515	1000.0	2960.216107035846	0.0	0	0.0	3536.0993407043425	1	0	1	0.7001515161580524
38337.19097276006	2000.0	3122.7775940351485	0.0	0	0.0	3459.9685667951853	1	0	2	0.5162840814950775
39305.53146559717	2000.0	3057.6030519143224	0.0	0	0.0	3363.134517511462	1	0	2	1.4338403816968883
40243.244586320994	2000.0	3026.1186191181177	0.0	0	0.0	3269.3632054390837	1	0	2	1.4570546131110889
41569.67213206459	3000.0	2567.048318800159	0.0	0	0.0	3136.720450864719	1	0	2	1.4831082140222311
42946.48371550563	3000.0	2052.5555770150136	0.0	0	0.0	2999.0392925206106	1	0	2	1.9173305071438396
44275.92169347918	3000.0	1723.1175990414708	0.0	0	0.0	2999.0392925206106	1	0	1	1.9229456236668887
45257.61360793477	2000.0	1741.4256845858774	0.0	0	0.0	2999.0392925206106	1	0	1	1.3120154074505597
46063.725162897885	2000.0	1935.3141296227707	0.0	0	0.0	2999.0392925206106	1	0	1	1.7174805155587243
46789.334520818855	2000.0	2209.7047717017945	0.0	0	0.0	2999.0392925206106	1	0	1	1.7174805155587243
47555.28352076396	2000.0	2443.7557717566824	0.0	0	0.0	2999.0392925206106	1	0	1	1.7174805155587243
48200.0	2000.0	2799.039292520636	0.0	0	106.08998882880405	2999.0392925206033	1	0	1	1.7174805155587252
49205.90572551152	2000.0	2793.1335670091216	0.0	0	0.0	2999.039292520596	1	0	1	1.7174805155587267
50200.0	2000.0	2799.0392925206393	0.0	0	452.883165228297	2999.039292520596	1	0	1	1.7174805155587267
51200.0	2000.0	2799.0392925206397	0.0	0	541.2956588818997	2999.0392925206033	1	0	1	1.7174805155587252
52350.636544286135	3000.0	2533.33909380589	0.0	0	0.0	2883.975638091986	1	0	2	1.3317198698052
54013.92258603104	3000.0	1703.7244478865	0.0	0	0.0	2717.6470339175066	1	0	2	1.9611380341452433
55064.023876552754	3000.0	1653.6231573647865	0.0	0	0.0	2717.6470339174994	1	0	1	1.9677492934850547
55834.77685338173	3000.0	1882.8701805358075	0.0	0	0.0	2717.6470339174994	1	0	1	2.1677492934850546
56522.99954958584	3000.0	2194.6474843317023	0.0	0	0.0	2717.6470339175066	1	0	1	2.1677492934850537
57200.0	3000.0	2517.6470339175444	0.0	0	49.326406254273024	2717.6470339175066	1	0	1	2.1677492934850537
58200.0	3000.0	2517.647033917544	0.0	0	186.83925997902406	2717.6470339175066	1	0	1	2.1677492934850537
59200.0	3000.0	2517.6470339175416	0.0	0	167.33318704806152	2717.6470339175066	1	0	1	2.1677492934850537
60200.0	3000.0	2517.6470339175485	0.0	0	58.81164846794127	2717.647033917514	1	0	1	2.167749293485053
61698.739739523844	3000.0	2018.9072943937063	0.0	0	0.0	2717.6470339175066	1	0	1	2.1677492934850537
63190.38983741767	3000.0	1527.2571964998845	0.0	0	0.0	2717.6470339175066	1	0	1	2.1677492934850537
63936.136878641606	2000.0	1781.510155275944	0.0	0	0.0	2717.6470339175066	1	0	1	1.3568190772687243
64677.165989763336	2000.0	2040.4810441542108	0.0	0	0.0	2717.6470339175066	1	0	1	1.762284185376889
65321.56489370029	2000.0	2396.0821402172546	0.0	0	0.0	2717.6470339175066	1	0	1	1.762284185376889
66200.0	2000.0	2517.6470339175276	0.0	0	350.91872144761146	2717.647033917485	1	0	1	1.7622841853768905
67200.0	3000.0	2517.647033917533	0.0	0	413.95787814457435	2717.647033917492	1	0	1	1.762284185376891
68218.23756913787	3000.0	2499.4094647796624	0.0	0	0.0	2717.647033917492	1	0	1	2.167749293485056
69200.0	3000.0	2517.647033917526	0.0	0	0.38524770076037385	2717.6470339174994	1	0	1	2.1677492934850546
70665.97236536973	3000.0	2051.674668547813	0.0	0	0.0	2717.6470339174994	1	0	1	2.1677492934850546
72716.38674394085	3000.0	1001.2602899766807	0.0	0	0.0	2717.647033917485	1	0	1	2.167749293485057
74613.62934012522	3000.0	240.33856803795663	136.32087424565503	0	0.0	2853.967908163133	1	0	1	1.3402430393214237
75848.52060361634	2000.0	346.99042695123876	341.5431224044081	0	0.0	3195.5110305675335	1	0	1	-0.7760416927785122
76703.48900151602	2000.0	499.1945146774279	84.24484128712561	0	0.0	3202.6835161933996	1	0	2	0.7665347905820843
77859.43723216723	2000.0	438.03096246355966	94.78467843733614	0	0.0	3297.468194630739	1	0	1	0.8870059060390731
78462.26957401005	1000.0	835.1986206207516	0.0	0	0.0	3297.4681946307537	1	0	1	0.2694196155431966
79017.65814848413	1000.0	1279.8100461466759	0.0	0	0.0	3297.4681946307537	1	0	1	0.9625667961031417
79554.20205663129	1000.0	1743.266137999518	0.0	0	0.0	3297.4681946307537	1	0	1	0.9625667961031417
79883.75653346721	1000.0	2413.711661163578	0.0	0	0.0	3297.4681946307537	1	0	1	0.9625667961031417
80642.71488993143	2000.0	2654.7533046993585	0.0	0	0.0	3297.4681946307537	1	0	1	0.9625667961031417
81200.0	2000.0	3041.739683623952	0.0	0	23.24296187676373	3241.7396836238913	1	0	2	1.265234062552432
82200.0	2000.0	2941.7396836239554	0.0	0	195.521810094986	3141.739683623906	1	0	2	1.4825824226545936
83200.0	2000.0	2941.7396836239636	0.0	0	190.33134986500954	3141.739683623906	1	0	1	1.4899868844056963
84786.57060481899	3000.0	2196.5120183230765	0.0	0	0.0	2983.082623142036	1	0	2	1.3127979561904262
85985.6272772093	3000.0	1877.549678693724	0.0	0	0.0	2863.176955903007	1	0	2	1.9394804273025759
87148.92298349687	2000.0	1714.2539724061694	0.0	0	0.0	2863.1769559030217	1	0	1	1.1350908169069556
87852.35303780803	2000.0	2010.8239180950088	0.0	0	0.0	2863.1769559030217	1	0	1	1.7405559250151204
89142.59029453468	2000.0	1720.5866613683374	0.0	0	0.0	2863.1769559030217	1	0	1	1.7405559250151204
90272.75964857612	2000.0	1590.4173073268942	0.0	0	0.0	2863.1769559030217	1	0	1	1.7405559250151204
91306.62174458729	2000.0	1556.5552113157182	0.0	0	0.0	2863.1769559030363	1	0	1	1.7405559250151181
92330.47736596684	2000.0	1532.6995899361689	0.0	0	0.0	2863.1769559030363	1	0	1	1.7405559250151181
93583.54791043595	2000.0	1279.629045467072	0.0	0	0.0	2863.1769559030363	1	0	1	1.7405559250151181
94631.36229311017	2000.0	1231.814662792851	0.0	0	0.0	2863.1769559030363	1	0	1	1.7405559250151181
95823.13861995665	2000.0	1040.0383359463801	0.0	0	0.0	2863.1769559030363	1	0	1	1.7405559250151181
96956.21229817577	2000.0	906.9646577272531	0.0	0	0.0	2863.1769559030363	1	0	1	1.7405559250151181
97641.56285376551	1000.0	1221.6141021375101	0.0	0	0.0	2863.1769559030363	1	0	1	0.35426156389522784
98159.90927924025	1000.0	1703.2676766627653	0.0	0	0.0	2863.176955903051	1	0	1	1.0474087444551707
98947.81423308463	1000.0	1915.3627228183784	0.0	0	0.0	2863.176955903051	1	0	1	1.0474087444551707
99583.41708493743	1000.0	2279.759870965587	0.0	0	0.0	2863.176955903051	1	0	1	1.0474087444551707
100200.0	1000.0	2663.1769559030313	0.0	0	184.4777824828343	2863.176955903051	1	0	1	1.0474087444551707
101200.0	1000.0	2663.176955903031	0.0	0	514.0979825154209	2863.1769559030654	1	0	1	1.0474087444551683
102200.0	1000.0	2663.1769559030395	0.0	0	502.5366636127874	2863.1769559030654	1	0	1	1.0474087444551683
103200.0	1000.0	2663.176955903044	0.0	0	533.4254808753176	2863.1769559030654	1	0	1	1.0474087444551683
104200.0	2000.0	2563.1769559030613	0.0	0	295.5088022038108	2763.1769559030654	1	0	2	0.6573762513710253
105404.62245367863	2000.0	2358.5545022244314	0.0	0	0.0	2763.1769559030654	1	0	1	1.555797356790742
106224.55180581397	2000.0	2538.6251500890885	0.0	0	0.0	2763.17695590308	1	0	1	1.75579735679074
107257.16447699016	2000.0	2506.0124789129127	0.0	0	0.0	2763.1769559030945	1	0	1	1.7557973567907377
108452.94134027719	2000.0	2310.235615625868	0.0	0	0.0	2763.1769559030945	1	0	1	1.7557973567907377
109200.0	2000.0	2563.1769559030536	0.0	0	89.39099022337177	2763.17695590308	1	0	1	1.75579735679074
110200.0	2000.0	2563.176955903057	0.0	0	290.5907815736573	2763.17695590308	1	0	1	1.75579735679074
111200.0	2000.0	2563.176955903061	0.0	0	563.5162046386686	2763.17695590308	1	0	1	1.75579735679074
112200.0	2000.0	2563.1769559030554	0.0	0	647.836403729656	2763.17695590308	1	0	1	1.75579735679074
113232.04236045017	3000.0	2531.134595452885	0.0	0	0.0	2763.17695590308	1	0	1	1.75579735679074
114779.16388850908	3000.0	1984.0130673939739	0.0	0	0.0	2763.17695590308	1	0	1	2.1612624648989045
116410.61205897479	3000.0	1352.5648969282513	0.0	0	0.0	2763.1769559030654	1	0	1	2.1612624648989067
118181.24096067756	3000.0	581.935995225475	0.0	0	0.0	2763.1769559030654	1	0	1	2.1612624648989067
119076.49579994423	3000.0	686.6811559588151	0.0	0	0.0	2763.1769559030654	1	0	1	2.1612624648989067
120257.82851599765	2000.0	505.34843990539537	0.0	0	0.0	2763.1769559030654	1	0	1	1.3503322486825775
121033.30001146306	2000.0	729.8769444399747	0.0	0	0.0	2763.1769559030654	1	0	1	1.7557973567907421
121607.0302069894	2000.0	1156.1467489136444	0.0	0	0.0	2763.17695590308	1	0	1	1.75579735679074
122154.96372555618	2000.0	1608.2132303468634	0.0	0	0.0	2763.17695590308	1	0	1	1.75579735679074
123015.78979143706	2000.0	1747.3871644659691	0.0	0	0.0	2763.1769559030654	1	0	1	1.7557973567907421
123893.99337417257	2000.0	1869.1835817304411	0.0	0	0.0	2763.1769559030654	1	0	1	1.7557973567907421
124443.60323861368	2000.0	2319.573717289331	0.0	0	0.0	2763.176955903051	1	0	1	1.755797356790744
126246.40107370999	2000.0	1516.775882193036	0.0	0	0.0	2763.176955903051	1	0	1	1.755797356790744
127385.5589398718	2000.0	1377.6180160312238	0.0	0	0.0	2763.1769559030363	1	0	1	1.755797356790746
128591.22795298781	2000.0	1171.9490029152169	0.0	0	0.0	2763.1769559030363	1	0	1	1.755797356790746
129871.81377155895	2000.0	891.3631843440675	0.0	0	0.0	2763.1769559030363	1	0	1	1.755797356790746
130745.13304675759	2000.0	1018.0439091454348	0.0	0	0.0	2763.1769559030363	1	0	1	1.755797356790746
131212.53087375837	1000.0	1550.6460821446674	0.0	0	0.0	2763.176955903051	1	0	1	0.36950299567085454
131552.6592475804	1000.0	2210.5177083226913	0.0	0	0.0	2763.176955903109	1	0	1	1.0626501762307938
132200.0	1000.0	2563.176955903059	0.0	0	205.71929961061687	2763.1769559030654	1	0	1	1.0626501762307958
133200.0	1000.0	2563.17695590307	0.0	0	464.3099613894883	2763.1769559030654	1	0	1	1.0626501762307976
134200.0	1000.0	2563.1769559030877	0.0	0	678.1835596228775	2763.1769559030945	1	0	1	1.0626501762307947
135200.0	1000.0	2563.176955903059	0.0	0	310.54416063948884	2763.1769559030654	1	0	1	1.0626501762307958
136200.0	1000.0	2563.176955903057	0.0	0	429.12047040023026	2763.1769559030654	1	0	1	1.0626501762307967
137200.0	1000.0	2563.176955903087	0.0	0	610.7177230215748	2763.1769559030654	1	0	1	1.0626501762307967
138200.0	1000.0	2563.176955903064	0.0	0	744.6212361170037	2763.1769559030654	1	0	1	1.0626501762307967
139200.0	1000.0	2563.1769559030213	0.0	0	671.46566432892	2763.1769559030654	1	0	1	1.0626501762307967
140200.0	1000.0	2563.176955903039	0.0	0	651.2104347458517	2763.1769559030654	1	0	1	1.0626501762307967
141200.0	2000.0	2563.1769559030377	0.0	0	349.0653226188733	2763.1769559030654	1	0	1	1.0626501762307967
142200.0	2000.0	2563.1769559030554	0.0	0	393.95530150359264	2763.1769559030654	1	0	1	1.7557973567907421
143200.0	2000.0	2563.1769559030627	0.0	0	278.40125310220174	2763.1769559030654	1	0	1	1.7557973567907421
144258.51998319032	2000.0	2504.656972712756	0.0	0	0.0	2763.1769559030363	1	0	1	1.755797356790746
145200.0	2000.0	2563.176955903073	0.0	0	205.07335489275283	2763.1769559030363	1	0	1	1.755797356790746
146200.0	2000.0	2563.1769559030554	0.0	0	117.54678575677099	2763.1769559030363	1	0	1	1.755797356790746
147395.29917115803	2000.0	2367.877784745004	0.0	0	0.0	2763.1769559030363	1	0	1	1.755797356790746
148207.62687697794	2000.0	2555.5500789250773	0.0	0	0.0	2763.1769559030363	1	0	1	1.755797356790746
149288.36671547592	2000.0	2474.8102404270694	0.0	0	0.0	2763.176955903007	1	0	1	1.7557973567907503
150200.0	2000.0	2563.1769559030013	0.0	0	64.0415111297043	2763.176955903007	1	0	1	1.7557973567907503
151200.0	2000.0	2563.17695590297	0.0	0	264.35334784703446	2763.176955903007	1	0	1	1.7557973567907503
152200.0	2000.0	2563.176955902974	0.0	0	83.06667274265783	2763.176955903007	1	0	1	1.7557973567907503
153323.60309803745	2000.0	2439.5738578655146	0.0	0	0.0	2763.176955903007	1	0	1	1.7557973567907503
154200.0	2000.0	2563.1769559029644	0.0	0	230.3096457766078	2763.176955903007	1	0	1	1.7557973567907503
155200.0	2000.0	2563.1769559029544	0.0	0	11.035572529392084	2763.176955902978	1	0	1	1.7557973567907545
156392.33465298646	2000.0	2370.842302916498	0.0	0	0.0	2763.176955902949	1	0	1	1.7557973567907585
157450.10854931298	2000.0	2313.0684065900023	0.0	0	0.0	2763.176955902949	1	0	1	1.7557973567907585
158439.95814188017	2000.0	2323.2188140228313	0.0	0	0.0	2763.176955902949	1	0	1	1.7557973567907585
159237.64358635852	2000.0	2525.5333695445047	0.0	0	0.0	2763.176955902949	1	0	1	1.7557973567907585
160453.34898400234	2000.0	2309.8279719006746	0.0	0	0.0	2763.176955902949	1	0	1	1.7557973567907585
161582.08203406155	2000.0	2181.094921841475	0.0	0	0.0	2763.176955902978	1	0	1	1.7557973567907579
162819.68565294734	2000.0	1943.4913029556885	0.0	0	0.0	2763.176955902978	1	0	1	1.755797356790753
163289.77404970163	1000.0	2473.4029062013838	0.0	0	0.0	2763.176955902978	1	0	1	0.3695029956708642
164200.0	1000.0	2563.1769559030067	0.0	0	419.07461438624887	2763.176955902978	1	0	1	1.0626501762308094
165200.0	1000.0	2563.176955902998	0.0	0	615.913489009341	2763.176955902978	1	0	1	1.0626501762308094
166200.0	1000.0	2563.1769559030163	0.0	0	574.566217852378	2763.176955902978	1	0	1	1.0626501762308094
167200.0	1000.0	2563.176955903034	0.0	0	489.8018688437878	2763.176955902978	1	0	1	1.0626501762308094
168200.0	1000.0	2563.176955903054	0.0	0	526.2787457452505	2763.176955902949	1	0	1	1.0626501762308136
169309.20355651292	1000.0	2453.973399390122	0.0	0	0.0	2763.176955902978	1	0	1	1.0626501762308094
170200.0	1000.0	2563.17695590303	0.0	0	120.27174913216732	2763.176955902949	1	0	1	1.0626501762308136
171200.0	1000.0	2563.176955903012	0.0	0	252.4906775962736	2763.176955902949	1	0	1	1.0626501762308136
172200.0	1000.0	2563.176955902993	0.0	0	549.7685994725034	2763.17695590292	1	0	1	1.0626501762308178
173200.0	1000.0	2463.176955902967	0.0	0	494.4368378681247	2663.1769559028326	1	0	2	0.6712086040101286
174200.0	1000.0	2363.176955902971	0.0	0	437.77328378669336	2563.1769559028326	1	0	2	0.8844126473823977
175200.0	1000.0	2363.1769559029553	0.0	0	634.0840272798669	2563.1769559028326	1	0	1	0.889206243297149
176200.0	1000.0	2363.1769559029403	0.0	0	609.1669677589089	2563.1769559028326	1	0	1	1.0892062432971492
177200.0	1000.0	2363.176955902948	0.0	0	750.9390006194881	2563.1769559028326	1	0	1	1.0892062432971492
178200.0	1000.0	2363.176955902969	0.0	0	612.244240213593	2563.1769559028326	1	0	1	1.0892062432971492
179416.89146887098	2000.0	2146.285487031996	0.0	0	0.0	2563.1769559028326	1	0	1	1.089206243297149
180246.83065510087	2000.0	2316.34630080208	0.0	0	0.0	2563.1769559028617	1	0	1	1.7823534238570906
181406.49838559635	2000.0	2156.6785703066216	0.0	0	0.0	2563.1769559028617	1	0	1	1.7823534238570906
182455.864022858	2000.0	2107.3129330449665	0.0	0	0.0	2563.1769559028617	1	0	1	1.7823534238570906
183987.8124767075	2000.0	1575.364479195474	0.0	0	0.0	2563.1769559028617	1	0	1	1.7823534238570906
184906.785314953	2000.0	1656.3916409499843	0.0	0	0.0	2563.1769559028617	1	0	1	1.7823534238570906
185610.47096005015	2000.0	1952.705995852849	0.0	0	0.0	2563.1769559028326	1	0	1	1.782353423857093
186200.0	2000.0	2363.1769559029563	0.0	0	112.5322520317568	2563.1769559028326	1	0	1	1.7823534238570944
187200.0	2000.0	2363.1769559029435	0.0	0	308.3867515080783	2563.1769559028326	1	0	1	1.7823534238570944
188200.0	2000.0	2363.1769559029412	0.0	0	181.85043395200046	2563.1769559028617	1	0	1	1.7823534238570906
189200.0	2000.0	2363.1769559029476	0.0	0	442.31185621369514	2563.1769559028617	1	0	1	1.7823534238570906
190200.0	2000.0	2363.1769559028944	0.0	0	366.601667670242	2563.1769559028326	1	0	1	1.7823534238570944
191200.0	2000.0	2363.176955902905	0.0	0	28.60055275031482	2563.1769559028326	1	0	1	1.7823534238570944
192200.0	2000.0	2263.176955902893	0.0	0	457.02647458785214	2463.1769559028326	1	0	2	1.3895471949418994
193200.0	2000.0	2263.1769559028985	0.0	0	335.9827246348723	2463.1769559028326	1	0	1	1.5938806048731688
194200.0	2000.0	2263.176955902857	0.0	0	153.69351731651113	2463.1769559028326	1	0	1	1.793880604873169
195200.0	2000.0	2263.176955902827	0.0	0	385.6769621198473	2463.1769559028617	1	0	1	1.793880604873166
196314.96334299026	2000.0	2148.2136129125706	0.0	0	0.0	2463.1769559028617	1	0	1	1.793880604873166
197200.0	2000.0	2263.1769559028135	0.0	0	51.748056674259715	2463.1769559028908	1	0	1	1.7938806048731626
198200.0	2000.0	2263.1769559028526	0.0	0	192.59605930163525	2463.1769559028617	1	0	1	1.793880604873166
199200.0	2000.0	2263.176955902883	0.0	0	451.42406067688717	2463.1769559028617	1	0	1	1.793880604873166
200200.0	2000.0	2263.17695590289	0.0	0	322.115832245996	2463.1769559028617	1	0	1	1.793880604873166
201200.0	2000.0	2263.1769559028994	0.0	0	214.1916384290962	2463.1769559028617	1	0	1	1.793880604873166
202200.0	2000.0	2263.1769559028826	0.0	0	338.30027800874086	2463.1769559028617	1	0	1	1.793880604873166
203200.0	2000.0	2263.1769559028558	0.0	0	119.59283669281285	2463.1769559028617	1	0	1	1.793880604873166
204200.0	2000.0	2263.1769559028426	0.0	0	76.74717249008245	2463.1769559028617	1	0	1	1.793880604873166
205200.0	2000.0	2263.176955902859	0.0	0	249.6436595080304	2463.1769559028617	1	0	1	1.793880604873166
206200.0	2000.0	2263.1769559028617	0.0	0	499.5593292308622	2463.1769559028617	1	0	1	1.793880604873166
207200.0	2000.0	2263.1769559028457	0.0	0	433.8218517352652	2463.1769559028617	1	0	1	1.793880604873166
208200.0	2000.0	2263.176955902845	0.0	0	370.0071856023569	2463.1769559028617	1	0	1	1.793880604873166
209200.0	2000.0	2263.1769559028317	0.0	0	477.9282600003353	2463.1769559028326	1	0	1	1.793880604873169
210523.6574385224	3000.0	1939.5195173803886	0.0	0	0.0	2463.1769559028035	1	0	1	1.79388060487317
211914.62297715546	3000.0	1548.5539787473108	0.0	0	0.0	2463.1769559028035	1	0	1	2.199345712981337
212653.3675553455	3000.0	1809.809400557254	0.0	0	0.0	2463.1769559027744	1	0	1	2.1993457129813403
213547.07415357328	3000.0	1916.102802329481	0.0	0	0.0	2463.1769559027744	1	0	1	2.1993457129813403
214297.09137859635	3000.0	2166.085577306439	0.0	0	0.0	2463.1769559027744	1	0	1	2.1993457129813403
215200.0	3000.0	2263.1769559027903	0.0	0	326.5499469669594	2463.1769559027452	1	0	1	2.1993457129813434
216200.0	3000.0	2263.1769559028207	0.0	0	230.76276599935954	2463.1769559027744	1	0	1	2.1993457129813403
217200.0	3000.0	2263.1769559028085	0.0	0	134.86358976416523	2463.1769559027744	1	0	1	2.1993457129813403
218390.6303364005	3000.0	2072.546619502306	0.0	0	0.0	2463.1769559027744	1	0	1	2.1993457129813403
220512.84748434392	3000.0	950.3294715588878	0.0	0	0.0	2463.1769559028035	1	0	1	2.199345712981337
222152.52488521952	3000.0	310.65207068327624	0.0	0	0.0	2463.1769559027744	1	0	1	2.1993457129813403
223643.14218309385	2000.0	280.8560841656416	460.82131135671295	0	0.0	2923.998267259507	1	0	1	-1.438522124513054
224819.7913031147	2000.0	441.41295911677315	337.2059949719577	0	0.0	3261.2042622314766	1	0	1	-0.35911570223236744
225443.81917555904	1000.0	754.9822994280071	0.0	0	0.0	3198.8014749870636	1	0	2	-0.11177122327140307
226049.8231096824	1000.0	1148.9783653046584	0.0	0	0.0	3198.8014749870636	1	0	1	0.7848255200790989
226665.76752529258	1000.0	1533.0339496944628	0.0	0	0.0	3198.8014749870345	1	0	1	0.984825520079103
227088.75813325803	1000.0	2110.0433417290274	0.0	0	0.0	3198.8014749870345	1	0	1	0.9848255200791054
227665.27887858098	1000.0	2475.8705218737978	0.0	0	0.0	3141.149400454742	1	0	2	0.5941627426346198
228200.0	1000.0	2887.677288312864	0.0	0	139.59295533434488	3087.677288312814	1	0	2	0.8035241718316724
229200.0	1000.0	2787.677288312839	0.0	0	479.0646462214063	2987.677288312814	1	0	2	0.8194060569512471
230200.0	1000.0	2787.6772883128515	0.0	0	705.3108318939048	2987.677288312814	1	0	1	0.8263742223542102
231200.0	1000.0	2787.677288312878	0.0	0	593.7255352604552	2987.677288312814	1	0	1	1.0263742223542103
232200.0	1000.0	2787.67728831287	0.0	0	655.8703729279514	2987.677288312814	1	0	1	1.0263742223542103
233200.0	1000.0	2787.6772883128956	0.0	0	585.8904349949153	2987.677288312814	1	0	1	1.0263742223542103
234243.82368897123	2000.0	2743.853599341655	0.0	0	0.0	2987.6772883128433	1	0	1	1.0263742223542052
235484.7453702048	2000.0	2502.9319181080828	0.0	0	0.0	2987.677288312814	1	0	1	1.7195214029141557
236589.91849288123	2000.0	2397.758795431639	0.0	0	0.0	2987.677288312814	1	0	1	1.7195214029141557
237337.94975636323	2000.0	2574.9244056014268	0.0	0	0.0	2912.8741619646316	1	0	2	1.3293263180148505
238492.47057544897	2000.0	2420.403586515683	0.0	0	0.0	2912.8741619646025	1	0	1	1.532444732573025
239838.55952914318	2000.0	1939.7057374520612	0.0	0	0.0	2778.2652665951755	1	0	2	1.3490378486483379
240483.0442410103	2000.0	2230.7725543982433	0.0	0	0.0	2713.816795408522	1	0	2	1.560654829292445
241268.35012189654	2000.0	2445.466673512009	0.0	0	0.0	2713.816795408493	1	0	1	1.562817516704052
242644.21486281263	2000.0	2069.601932595905	0.0	0	0.0	2713.816795408464	1	0	1	1.762817516704053
244072.07077281288	2000.0	1641.7460225956506	0.0	0	0.0	2713.8167954084347	1	0	1	1.7628175167040603
245569.06066202634	2000.0	1144.7561333822107	0.0	0	0.0	2713.816795408464	1	0	1	1.762817516704056
247023.34292736222	2000.0	690.473868046341	0.0	0	0.0	2713.816795408464	1	0	1	1.762817516704056
247731.8590676917	1000.0	981.9577277168678	0.0	0	0.0	2713.816795408493	1	0	1	0.3765231555841619
248420.14296997435	1000.0	1293.6738254342008	0.0	0	0.0	2713.816795408464	1	0	1	1.0696703361441111
248909.40816078385	1000.0	1804.4086346247257	0.0	0	0.0	2713.816795408464	1	0	1	1.0696703361441111
249274.1634337394	1000.0	2439.6533616691727	0.0	0	0.0	2713.816795408464	1	0	1	1.0696703361441111
250200.0	1000.0	2513.8167954085857	0.0	0	558.7078912449069	2713.816795408493	1	0	1	1.0696703361441071
251200.0	1000.0	2513.8167954085707	0.0	0	667.5801900773658	2713.816795408493	1	0	1	1.0696703361441071
252200.0	1000.0	2513.8167954085898	0.0	0	418.2021311396966	2713.816795408493	1	0	1	1.0696703361441071
253200.0	1000.0	2513.816795408607	0.0	0	650.740997103363	2713.816795408493	1	0	1	1.0696703361441071
254200.0	1000.0	2513.8167954086193	0.0	0	468.9368470144691	2713.816795408522	1	0	1	1.0696703361441038
255200.0	1000.0	2513.816795408622	0.0	0	529.8740770885488	2713.816795408551	1	0	1	1.0696703361440991
256200.0	1000.0	2513.8167954085843	0.0	0	527.2408823219303	2713.816795408551	1	0	1	1.0696703361440991
257200.0	1000.0	2513.8167954085834	0.0	0	393.6593599161424	2713.816795408551	1	0	1	1.0696703361440991
258200.0	2000.0	2513.8167954085834	0.0	0	121.28644071929739	2713.816795408551	1	0	1	1.069670336144099
259200.0	2000.0	2513.8167954085757	0.0	0	302.2392629234819	2713.816795408551	1	0	1	1.762817516704044
260200.0	2000.0	2513.8167954085875	0.0	0	479.21824558783555	2713.816795408551	1	0	1	1.762817516704044
261200.0	2000.0	2513.816795408609	0.0	0	554.0707947716	2713.816795408551	1	0	1	1.762817516704044
262200.0	2000.0	2513.816795408611	0.0	0	265.9809210478852	2713.81679540858	1	0	1	1.762817516704041
263200.0	2000.0	2513.816795408605	0.0	0	181.28294957481558	2713.8167954086093	1	0	1	1.7628175167040383
264200.0	2000.0	2513.8167954086443	0.0	0	52.93129484693054	2713.8167954086384	1	0	1	1.7628175167040325
265636.19009431876	3000.0	2077.6267010898964	0.0	0	0.0	2713.8167954086093	1	0	1	1.7628175167040299
266945.6241708126	3000.0	1768.1926245960212	0.0	0	0.0	2713.8167954086093	1	0	1	2.1682826248122007
267993.3208021481	3000.0	1720.495993260575	0.0	0	0.0	2713.8167954086093	1	0	1	2.1682826248122007
268997.32474518975	2000.0	1716.4920502189661	0.0	0	0.0	2713.8167954086093	1	0	1	1.3573524085958715
269821.48352380854	2000.0	1892.3332716001114	0.0	0	0.0	2713.8167954086093	1	0	1	1.762817516704036
270438.93790189107	2000.0	2274.8788935175817	0.0	0	0.0	2713.816795408551	1	0	1	1.762817516704044
271200.0	2000.0	2513.8167954086257	0.0	0	15.159297711623367	2713.8167954086093	1	0	1	1.762817516704036
272200.0	2000.0	2513.816795408633	0.0	0	430.8088498482248	2713.816795408551	1	0	1	1.762817516704044
273200.0	2000.0	2513.8167954086534	0.0	0	272.5369842047803	2713.816795408493	1	0	1	1.762817516704052
274308.1763082825	2000.0	2405.640487126241	0.0	0	0.0	2713.816795408493	1	0	1	1.762817516704052
276475.379539086	2000.0	1238.4372563227248	0.0	0	0.0	2713.8167954084347	1	0	1	1.7628175167040603
277809.88295520924	2000.0	903.9338401995119	0.0	0	0.0	2713.8167954084347	1	0	1	1.7628175167040603
279037.04379189486	2000.0	676.7730035139591	0.0	0	0.0	2713.816795408493	1	0	1	1.762817516704052
279907.31513578485	2000.0	806.5016596239728	0.0	0	0.0	2713.816795408551	1	0	1	1.762817516704044
280813.9889691369	2000.0	899.8278262718607	0.0	0	0.0	2713.816795408493	1	0	1	1.762817516704049
281663.55518415687	2000.0	1050.2616112518808	0.0	0	0.0	2713.816795408493	1	0	1	1.762817516704052
282639.7816294771	2000.0	1074.0351659315857	0.0	0	0.0	2713.816795408493	1	0	1	1.762817516704052
283348.2652067537	2000.0	1365.5515886549783	0.0	0	0.0	2713.816795408551	1	0	1	1.762817516704044
284335.1162454964	2000.0	1378.700549912273	0.0	0	0.0	2713.816795408493	1	0	1	1.762817516704052
285384.20378505805	2000.0	1329.6130103506157	0.0	0	0.0	2713.816795408551	1	0	1	1.762817516704044
286117.68845580943	2000.0	1596.1283395991975	0.0	0	0.0	2713.816795408551	1	0	1	1.762817516704044
286780.44192978775	2000.0	1933.3748656208668	0.0	0	0.0	2713.816795408551	1	0	1	1.762817516704044
287312.2973338993	2000.0	2401.519461509292	0.0	0	0.0	2713.816795408551	1	0	1	1.762817516704044
288200.0	2000.0	2513.816795408593	0.0	0	267.69526058010524	2713.816795408551	1	0	1	1.762817516704044
289200.0	2000.0	2513.8167954086084	0.0	0	3.6886104965233244	2713.816795408493	1	0	1	1.762817516704052
290200.0	2000.0	2513.816795408613	0.0	0	266.0419438662939	2713.816795408551	1	0	1	1.762817516704044
291200.0	2000.0	2513.816795408588	0.0	0	264.131758161122	2713.816795408551	1	0	1	1.762817516704044
292715.9394525559	3000.0	1997.8773428527377	0.0	0	0.0	2713.8167954086093	1	0	1	1.7628175167040412
294088.59685712436	3000.0	1625.2199382842045	0.0	0	0.0	2713.8167954086093	1	0	1	2.1682826248122007
295097.3901698701	3000.0	1616.4266255384866	0.0	0	0.0	2713.8167954086093	1	0	1	2.1682826248122007
296266.14254590374	2000.0	1447.674249504837	0.0	0	0.0	2713.8167954086093	1	0	1	1.3573524085958715
297276.82712973846	2000.0	1436.9896656700714	0.0	0	0.0	2713.8167954086093	1	0	1	1.762817516704036
297930.61199985177	2000.0	1783.2047955567643	0.0	0	0.0	2713.8167954086093	1	0	1	1.762817516704036
298908.69475191226	2000.0	1805.122043496273	0.0	0	0.0	2713.8167954086093	1	0	1	1.762817516704036
299796.07816214545	2000.0	1917.738633263078	0.0	0	0.0	2713.8167954086093	1	0	1	1.762817516704036
300715.93057973427	2000.0	1997.8862156742973	0.0	0	0.0	2713.8167954086093	1	0	1	1.762817516704036
2.79	1.88	2.24	2.77	2.11	1.37	1.34	1.4	2.25	2.3	1.96	1.7	1.78	1.88	0.79	1.73	1.75	2.5	2.21	2.18	3.26	4.03	2.91	2.46	1.68	1.98	2.25	1.46	1.49	1.29	2.21	3.48	2.26	2.39	2.95	2.69	2.72	3.36	1.9	2.63	3.13	2.09	3.04	2.72	3.3	3.37	2.28	2.33	2.36	2.98	3.52	4.27	3.02	3.1	2.84	2.02	2.4	2.97	3.38	4.17	5.17	3.94	2.73	2.54	1.6	0.86	2.46	1.19	1.22	2.11	2.24	1.92	2.21	2.33	2.99	3.59	2.54	2.5	1.85	2.58	1.45	1.69	2.61	1.55	1.77	2.36	2.29	1.63	1.7	1.49	1.78	1.75	1.78	1.48	2.68	2.84	2.0	2.47	2.94	2.07	2.26	2.41	1.99	2.63	3.81	5.25	5.54	2.4	2.63	3.01	2.11	2.04	2.41	2.73	1.46	2.75	3.19	3.06	3.17	1.6	0.9	1.39	1.56	1.59	2.0	2.77	2.28	2.33	2.61	1.52	2.41	3.12	4.25	3.65	2.2	2.94	2.92	1.73	2.19	2.31	2.75	2.07	2.36	2.54	2.48	3.01	1.53	2.56	2.71	1.82	2.79	1.88	2.24	2.77	2.11	1.37	1.34	1.4	2.25	2.3	1.96	1.7	1.78	1.88	0.79	1.73	1.75	2.5	2.21	2.18	3.26	4.03	2.91	2.46	1.68	1.98	2.25	1.46	1.49	1.29	2.21	3.48	2.26	2.39	2.95	2.69	2.72	3.36	1.9	2.63	3.13	2.09	3.04	2.72	3.3	3.37	2.28	2.33	2.36	2.98	3.52	4.27	3.02	3.1	2.84	2.02	2.4	2.97	3.38	4.17	5.17	3.94	2.73	2.54	1.6	0.86	2.46	1.19	1.22	2.11	2.24	1.92	2.21	2.33	2.99	3.59	2.54	2.5	1.85	2.58	1.45	1.69	2.61	1.55	1.77	2.36	2.29	1.63	1.7	1.49	1.78	1.75	1.78	1.48	2.68	2.84	2.0	2.47	2.94	2.07	2.26	2.41	1.99	2.63	3.81	5.25	5.54	2.4	2.63	3.01	2.11	2.04	2.41	2.73	1.46	2.75	3.19	3.06	3.17	1.6	0.9	1.39	1.56	1.59	2.0	2.77	2.28	2.33	2.61	1.52	2.41	3.12	4.25	3.65	2.2	2.94	2.92	1.73	2.19	2.31	2.75	2.07	2.36	2.54	2.48	3.01	1.53	2.56	2.71	1.82
1.0	2.0	3.0	4.0	5.0	6.0	7.0	8.0	9.0	10.0	11.0	12.0	13.0	14.0	15.0	16.0	17.0	18.0	19.0	20.0	21.0	22.0	23.0	24.0	25.0	26.0	27.0	28.0	29.0	30.0	31.0	32.0	33.0	34.0	35.0	36.0	37.0	38.0	39.0	40.0	41.0	42.0	43.0	44.0	45.0	46.0	47.0	48.0	49.0	50.0	51.0	52.0	53.0	54.0	55.0	56.0	57.0	58.0	59.0	60.0	61.0	62.0	63.0	64.0	65.0	66.0	67.0	68.0	69.0	70.0	71.0	72.0	73.0	74.0	75.0	76.0	77.0	78.0	79.0	80.0	81.0	82.0	83.0	84.0	85.0	86.0	87.0	88.0	89.0	90.0	91.0	92.0	93.0	94.0	95.0	96.0	97.0	98.0	99.0	100.0	101.0	102.0	103.0	104.0	105.0	106.0	107.0	108.0	109.0	110.0	111.0	112.0	113.0	114.0	115.0	116.0	117.0	118.0	119.0	120.0	121.0	122.0	123.0	124.0	125.0	126.0	127.0	128.0	129.0	130.0	131.0	132.0	133.0	134.0	135.0	136.0	137.0	138.0	139.0	140.0	141.0	142.0	143.0	144.0	145.0	146.0	147.0	148.0	149.0	149.0	150.0	151.0	152.0	153.0	154.0	155.0	156.0	157.0	158.0	159.0	160.0	161.0	162.0	163.0	164.0	165.0	166.0	167.0	168.0	169.0	170.0	171.0	172.0	173.0	174.0	175.0	176.0	177.0	178.0	179.0	180.0	181.0	182.0	183.0	184.0	185.0	186.0	187.0	188.0	189.0	190.0	191.0	192.0	193.0	194.0	195.0	196.0	197.0	198.0	199.0	200.0	201.0	202.0	203.0	204.0	205.0	206.0	207.0	208.0	209.0	210.0	211.0	212.0	213.0	214.0	215.0	216.0	217.0	218.0	219.0	220.0	221.0	222.0	223.0	224.0	225.0	226.0	227.0	228.0	229.0	230.0	231.0	232.0	233.0	234.0	235.0	236.0	237.0	238.0	239.0	240.0	241.0	242.0	243.0	244.0	245.0	246.0	247.0	248.0	249.0	250.0	251.0	252.0	253.0	254.0	255.0	256.0	257.0	258.0	259.0	260.0	261.0	262.0	263.0	264.0	265.0	266.0	267.0	268.0	269.0	270.0	271.0	272.0	273.0	274.0	275.0	276.0	277.0	278.0	279.0	280.0	281.0	282.0	283.0	284.0	285.0	286.0	287.0	288.0	289.0	290.0	291.0	292.0	293.0	294.0	295.0	296.0	297.0	298.0	298.0
5476.768244872215
