3246.173504141416	300.0	2000.0	341.148149531039	0	0.0	3246.173504141416	1	0	1	-2.2588851468280184
3494.6436187075747	300.0	2751.5298854338407	0.0	0	0.0	3246.173504141416	1	0	1	-0.22959313731912523
4200.0	300.0	3046.173504141416	0.0	0	466.08059401731725	3246.1735041414154	1	0	1	-0.22959313731912517
5200.0	300.0	3046.173504141415	0.0	0	701.8975438481602	3246.173504141415	1	0	1	-0.22959313731912512
6200.0	500.0	3046.1735041414163	0.0	0	545.8943554027428	3246.1735041414163	1	0	1	-0.22959313731912517
7200.0	500.0	3046.173504141416	0.0	0	483.02320840273023	3246.173504141416	1	0	1	0.28123248644686555
8200.0	500.0	3046.1735041414154	0.0	0	514.0681522766836	3246.173504141416	1	0	1	0.28123248644686555
9200.0	500.0	3046.173504141412	0.0	0	681.4257963557266	3246.1735041414113	1	0	1	0.28123248644686616
10200.0	500.0	3046.1735041414126	0.0	0	470.73427502274535	3246.173504141412	1	0	1	0.2812324864468664
11200.0	1000.0	3046.1735041414117	0.0	0	192.40887551308333	3246.1735041414104	1	0	1	0.28123248644686677
12200.0	1000.0	3046.1735041414126	0.0	0	429.64443074697374	3246.1735041414104	1	0	1	0.9743796670068122
13200.0	1000.0	3046.173504141412	0.0	0	345.00833481864174	3246.1735041414086	1	0	1	0.9743796670068128
14200.0	1000.0	3046.1735041414113	0.0	0	388.08744859471335	3246.1735041414086	1	0	1	0.9743796670068128
15200.0	1000.0	3046.173504141411	0.0	0	295.2822857032206	3246.1735041414067	1	0	1	0.974379667006813
16200.0	1000.0	3046.173504141412	0.0	0	438.0057588764121	3246.173504141405	1	0	1	0.9743796670068134
17200.0	1000.0	3046.1735041414113	0.0	0	392.58746623891057	3246.173504141403	1	0	1	0.9743796670068136
18200.0	1000.0	3046.1735041414095	0.0	0	388.55321683903094	3246.173504141403	1	0	1	0.9743796670068142
19200.0	1000.0	3046.173504141412	0.0	0	492.4892966806183	3246.173504141405	1	0	1	0.9743796670068137
20332.56511263578	1000.0	2913.608391505633	0.0	0	0.0	3246.173504141403	1	0	1	0.9743796670068139
21747.181639923194	1000.0	2498.9918642182206	0.0	0	0.0	3246.173504141403	1	0	1	0.9743796670068139
22424.050839218016	1000.0	2822.122664923401	0.0	0	0.0	3246.1735041414067	1	0	1	0.974379667006813
23200.0	1000.0	3046.173504141416	0.0	0	100.4607850838729	3246.1735041414067	1	0	1	0.974379667006813
24200.0	1000.0	3046.1735041414163	0.0	0	382.0416825644679	3246.1735041414067	1	0	1	0.974379667006813
25200.0	1000.0	3046.1735041414163	0.0	0	308.79846985690165	3246.1735041414067	1	0	1	0.974379667006813
26200.0	1000.0	3046.1735041414154	0.0	0	486.40563324019604	3246.1735041414104	1	0	1	0.9743796670068122
27200.0	1000.0	3046.173504141415	0.0	0	407.41418279139907	3246.1735041414067	1	0	1	0.974379667006813
28200.0	1000.0	3046.173504141417	0.0	0	61.92499598308859	3246.1735041414067	1	0	1	0.974379667006813
29200.0	1000.0	3046.17350414142	0.0	0	160.3848894205039	3246.1735041414067	1	0	1	0.974379667006813
30200.0	1000.0	3046.1735041414217	0.0	0	392.89584247990206	3246.1735041414067	1	0	1	0.974379667006813
31200.0	1000.0	3046.173504141418	0.0	0	505.0499514446892	3246.1735041414067	1	0	1	0.974379667006813
32200.0	1000.0	3046.173504141415	0.0	0	466.54759127422585	3246.1735041414067	1	0	1	0.974379667006813
33200.0	1000.0	3046.173504141409	0.0	0	504.22050096255407	3246.173504141403	1	0	1	0.9743796670068134
34200.0	1000.0	3046.173504141407	0.0	0	565.6613300528479	3246.1735041414067	1	0	1	0.9743796670068134
35200.0	1000.0	3046.1735041414067	0.0	0	331.6524035986731	3246.1735041414067	1	0	1	0.9743796670068137
36200.0	1000.0	3046.1735041413945	0.0	0	52.76692416179867	3246.1735041413995	1	0	1	0.9743796670068141
37200.0	1000.0	3046.1735041413867	0.0	0	160.25621201999456	3246.173504141392	1	0	1	0.9743796670068163
38298.08675312357	1000.0	2948.0867510178196	0.0	0	0.0	3246.1735041413995	1	0	1	0.9743796670068148
39200.0	1000.0	3046.17350414139	0.0	0	6.135255676235829	3246.1735041413995	1	0	1	0.9743796670068148
40200.0	1000.0	3046.1735041413835	0.0	0	152.1089595059966	3246.1735041413995	1	0	1	0.9743796670068148
41200.0	1000.0	3046.17350414138	0.0	0	418.6872301008261	3246.1735041413995	1	0	1	0.9743796670068148
42200.0	1000.0	3046.173504141376	0.0	0	305.3510316021202	3246.1735041414067	1	0	1	0.974379667006813
43200.0	1000.0	3046.173504141381	0.0	0	322.1300203254723	3246.1735041414067	1	0	1	0.974379667006813
44249.70724484816	1000.0	2996.4662592932254	0.0	0	0.0	3246.1735041414067	1	0	1	0.974379667006813
45200.0	1000.0	3046.1735041413986	0.0	0	72.11263851147669	3246.173504141414	1	0	1	0.9743796670068114
46200.0	1000.0	3046.173504141394	0.0	0	205.91348071573884	3246.1735041414067	1	0	1	0.974379667006813
47200.0	1000.0	3046.173504141393	0.0	0	287.26907745680364	3246.1735041414067	1	0	1	0.974379667006813
48200.0	1000.0	3046.173504141396	0.0	0	527.6708795908489	3246.1735041414067	1	0	1	0.974379667006813
49200.0	1000.0	3046.1735041414004	0.0	0	547.1283334092514	3246.1735041414067	1	0	1	0.974379667006813
50200.0	1000.0	3046.173504141402	0.0	0	383.191339657511	3246.1735041414067	1	0	1	0.974379667006813
51200.0	1000.0	3046.173504141394	0.0	0	385.5313332873193	3246.1735041414067	1	0	1	0.974379667006813
52200.0	1000.0	3046.1735041413976	0.0	0	284.9731637398072	3246.1735041413995	1	0	1	0.9743796670068148
53200.0	1000.0	3046.1735041413936	0.0	0	487.35823704586073	3246.173504141392	1	0	1	0.9743796670068163
54278.458622306556	1000.0	2967.71488183484	0.0	0	0.0	3246.173504141392	1	0	1	0.9743796670068163
55200.0	1000.0	3046.173504141393	0.0	0	149.5588878384442	3246.173504141392	1	0	1	0.9743796670068163
56200.0	1000.0	3046.173504141398	0.0	0	0.8435746799150365	3246.173504141392	1	0	1	0.9743796670068163
57200.0	1000.0	3046.1735041414067	0.0	0	164.4992834289078	3246.173504141392	1	0	1	0.9743796670068163
58200.0	1000.0	3046.1735041414163	0.0	0	461.0008809123683	3246.1735041413995	1	0	1	0.9743796670068148
59200.0	1000.0	3046.173504141426	0.0	0	294.4692240440927	3246.1735041413995	1	0	1	0.9743796670068148
60200.0	1000.0	3046.1735041414213	0.0	0	175.85181159246713	3246.1735041413995	1	0	1	0.9743796670068148
61224.52307163985	1000.0	3021.650432501571	0.0	0	0.0	3246.1735041414067	1	0	1	0.974379667006813
62200.0	1000.0	3046.173504141413	0.0	0	57.64094763232424	3246.1735041414067	1	0	1	0.974379667006813
63200.0	1000.0	3046.173504141417	0.0	0	226.10515688476153	3246.1735041414067	1	0	1	0.974379667006813
64200.0	1000.0	3046.173504141416	0.0	0	249.70139729087532	3246.1735041414067	1	0	1	0.974379667006813
65200.0	1000.0	3046.1735041414145	0.0	0	310.0179238696728	3246.1735041414067	1	0	1	0.974379667006813
66200.0	1000.0	3046.1735041414217	0.0	0	441.5426897857251	3246.1735041414213	1	0	1	0.9743796670068118
67200.0	1000.0	3046.173504141402	0.0	0	114.97407884182758	3246.1735041414067	1	0	1	0.9743796670068108
68200.0	1000.0	3046.1735041413913	0.0	0	229.98813809111016	3246.173504141385	1	0	1	0.9743796670068157
69200.0	1000.0	3046.173504141383	0.0	0	11.165831279737176	3246.1735041413776	1	0	1	0.9743796670068195
70200.0	1000.0	3046.173504141407	0.0	0	343.43130733926955	3246.1735041413776	1	0	1	0.9743796670068195
71200.0	1000.0	3046.1735041414004	0.0	0	271.5413605318172	3246.1735041413776	1	0	1	0.9743796670068195
72200.0	1000.0	3046.17350414142	0.0	0	516.1479994795809	3246.1735041413776	1	0	1	0.9743796670068195
73200.0	1000.0	3046.1735041414145	0.0	0	514.132938771887	3246.173504141363	1	0	1	0.9743796670068229
74200.0	1000.0	3046.173504141412	0.0	0	510.1941906885768	3246.173504141363	1	0	1	0.9743796670068229
75200.0	1000.0	3046.1735041414195	0.0	0	545.748178556416	3246.173504141363	1	0	1	0.9743796670068229
76200.0	1000.0	3046.1735041414217	0.0	0	533.0170919515949	3246.1735041413776	1	0	1	0.9743796670068195
77200.0	1000.0	3046.173504141432	0.0	0	261.6229402716708	3246.1735041413776	1	0	1	0.9743796670068195
78200.0	1000.0	3046.173504141423	0.0	0	179.6636428245547	3246.1735041413776	1	0	1	0.9743796670068195
79200.0	1000.0	3046.17350414144	0.0	0	262.6089735445712	3246.1735041413776	1	0	1	0.9743796670068195
80200.0	1000.0	3046.1735041414495	0.0	0	11.313310556099168	3246.173504141392	1	0	1	0.974379667006817
81200.0	1000.0	3046.1735041414404	0.0	0	78.26942641490314	3246.173504141392	1	0	1	0.9743796670068163
82200.0	1000.0	3046.173504141446	0.0	0	21.12474902466056	3246.173504141392	1	0	1	0.9743796670068163
83200.0	1000.0	3046.1735041414627	0.0	0	19.5790006294701	3246.173504141392	1	0	1	0.9743796670068163
84200.0	1000.0	3046.173504141476	0.0	0	401.0015539695596	3246.173504141392	1	0	1	0.9743796670068163
85200.0	1000.0	3046.1735041414695	0.0	0	181.46849265662604	3246.173504141392	1	0	1	0.9743796670068163
86200.0	1000.0	3046.1735041414795	0.0	0	101.63888968789252	3246.173504141392	1	0	1	0.9743796670068163
87200.0	1000.0	3046.1735041414963	0.0	0	258.10469791525975	3246.1735041414067	1	0	1	0.974379667006813
88200.0	1000.0	3046.173504141488	0.0	0	339.4057623080589	3246.1735041414067	1	0	1	0.974379667006813
89200.0	1000.0	3046.1735041415013	0.0	0	239.6487398375466	3246.1735041414067	1	0	1	0.974379667006813
90200.0	1000.0	3046.1735041414972	0.0	0	177.47374121221947	3246.173504141392	1	0	1	0.9743796670068163
91280.28941400698	1000.0	2965.8840901345	0.0	0	0.0	3246.173504141392	1	0	1	0.9743796670068163
92200.0	1000.0	3046.1735041414813	0.0	0	139.1389574596542	3246.1735041414067	1	0	1	0.974379667006813
93200.0	1000.0	3046.173504141492	0.0	0	47.96763698630093	3246.1735041414067	1	0	1	0.974379667006813
94200.0	1000.0	3046.173504141504	0.0	0	390.03129788915976	3246.1735041414067	1	0	1	0.974379667006813
95200.0	1000.0	3046.1735041415122	0.0	0	248.26143320833216	3246.1735041414067	1	0	1	0.974379667006813
96200.0	1000.0	3046.1735041415177	0.0	0	303.0661361318198	3246.1735041414067	1	0	1	0.974379667006813
97200.0	1000.0	3046.1735041415354	0.0	0	501.581251747848	3246.1735041414067	1	0	1	0.974379667006813
98200.0	1000.0	3046.173504141531	0.0	0	573.7355281324126	3246.1735041414067	1	0	1	0.974379667006813
99369.8466932338	1000.0	2876.3268109077303	0.0	0	0.0	3246.1735041414067	1	0	1	0.974379667006813
100334.04782354696	1000.0	2912.1256805945764	0.0	0	0.0	3246.1735041414213	1	0	1	0.9743796670068099
101200.0	1000.0	3046.173504141542	0.0	0	252.41553807654418	3246.1735041414213	1	0	1	0.9743796670068099
102200.0	1000.0	3046.17350414154	0.0	0	172.4767838314001	3246.1735041414213	1	0	1	0.9743796670068099
103663.01510322496	1000.0	2583.158400916586	0.0	0	0.0	3246.1735041414213	1	0	1	0.9743796670068099
104920.18648830635	1000.0	2325.987015835179	0.0	0	0.0	3246.1735041414213	1	0	1	0.9743796670068099
105630.26853265322	1000.0	2615.9049714883076	0.0	0	0.0	3246.1735041414067	1	0	1	0.974379667006813
106562.05405354177	1000.0	2684.119450599775	0.0	0	0.0	3246.1735041414213	1	0	1	0.9743796670068099
107264.06955068577	1000.0	2982.1039534557626	0.0	0	0.0	3246.1735041414213	1	0	1	0.9743796670068099
108200.0	1000.0	3046.1735041415386	0.0	0	351.2297135128756	3246.1735041414213	1	0	1	0.9743796670068099
109200.0	1000.0	3046.173504141539	0.0	0	376.9260874393949	3246.1735041414213	1	0	1	0.9743796670068099
110200.0	1000.0	3046.173504141535	0.0	0	303.35718365099456	3246.1735041414213	1	0	1	0.9743796670068099
111245.56036971776	1000.0	3000.613134423776	0.0	0	0.0	3246.1735041414213	1	0	1	0.9743796670068099
112200.0	1000.0	3046.1735041415377	0.0	0	190.67891616819543	3246.1735041414067	1	0	1	0.974379667006813
113200.0	1000.0	3046.1735041415536	0.0	0	445.2797803962312	3246.1735041414067	1	0	1	0.974379667006813
114200.0	1000.0	3046.1735041415573	0.0	0	461.782232509795	3246.1735041414067	1	0	1	0.974379667006813
115200.0	1000.0	3046.1735041415623	0.0	0	634.1726868226833	3246.1735041414067	1	0	1	0.974379667006813
116200.0	1000.0	3046.173504141562	0.0	0	438.16000915740733	3246.1735041414067	1	0	1	0.974379667006813
117200.0	1000.0	3046.1735041415714	0.0	0	251.38817839308467	3246.1735041414067	1	0	1	0.974379667006813
118200.0	1000.0	3046.1735041415704	0.0	0	291.01541481682216	3246.1735041414067	1	0	1	0.974379667006813
119200.0	1000.0	3046.173504141559	0.0	0	261.3863630834094	3246.1735041414213	1	0	1	0.9743796670068099
120200.0	1000.0	3046.173504141558	0.0	0	172.9730311940948	3246.1735041414213	1	0	1	0.9743796670068099
121296.8504521955	1000.0	2949.3230519460644	0.0	0	0.0	3246.1735041414067	1	0	1	0.974379667006813
122263.10936293339	1000.0	2983.064141208179	0.0	0	0.0	3246.1735041414213	1	0	1	0.9743796670068099
123664.21861616595	1000.0	2581.954887975625	0.0	0	0.0	3246.1735041414213	1	0	1	0.9743796670068099
124410.55238481124	1000.0	2835.621119330336	0.0	0	0.0	3246.1735041414213	1	0	1	0.9743796670068099
125362.8562202273	1000.0	2883.3172839142712	0.0	0	0.0	3246.1735041414213	1	0	1	0.9743796670068099
126325.57591894089	1000.0	2920.5975852006845	0.0	0	0.0	3246.1735041414213	1	0	1	0.9743796670068099
127200.0	1000.0	3046.1735041415786	0.0	0	165.27123287902214	3246.1735041414213	1	0	1	0.9743796670068099
128200.0	1000.0	3046.1735041415923	0.0	0	232.95886641425022	3246.173504141436	1	0	1	0.9743796670068066
129200.0	1000.0	3046.1735041416036	0.0	0	134.00491413279087	3246.173504141436	1	0	1	0.9743796670068066
130377.660688669	1000.0	2868.5128154725867	0.0	0	0.0	3246.173504141436	1	0	1	0.9743796670068066
131298.6821969593	1000.0	2947.491307182271	0.0	0	0.0	3246.1735041414504	1	0	1	0.9743796670068032
132200.0	1000.0	3046.173504141541	0.0	0	158.98475836304715	3246.173504141392	1	0	1	0.9743796670068117
133200.0	1000.0	3046.1735041414986	0.0	0	246.63936911025667	3246.1735041413485	1	0	1	0.9743796670068222
134200.0	1000.0	3046.1735041415054	0.0	0	168.13298338840832	3246.1735041413776	1	0	1	0.9743796670068215
135200.0	1000.0	3046.1735041414795	0.0	0	30.01079591611051	3246.173504141363	1	0	1	0.9743796670068229
136443.03121872712	1000.0	2803.1422854143484	0.0	0	0.0	3246.173504141363	1	0	1	0.9743796670068229
137618.86121361994	1000.0	2627.3122905215027	0.0	0	0.0	3246.173504141363	1	0	1	0.9743796670068229
138509.41434335252	1000.0	2736.75916078895	0.0	0	0.0	3246.173504141363	1	0	1	0.9743796670068229
139632.1791291581	1000.0	2613.9943749833787	0.0	0	0.0	3246.173504141363	1	0	1	0.9743796670068229
140638.97772355744	1000.0	2607.1957805840357	0.0	0	0.0	3246.173504141392	1	0	1	0.9743796670068163
141835.47562015062	1000.0	2410.6978839908224	0.0	0	0.0	3246.173504141363	1	0	1	0.9743796670068229
142608.69018396604	1000.0	2637.4833201753913	0.0	0	0.0	3246.173504141363	1	0	1	0.9743796670068229
143349.90927592994	1000.0	2896.2642282115166	0.0	0	0.0	3246.173504141363	1	0	1	0.9743796670068229
144200.0	1000.0	3046.1735041414463	0.0	0	207.61668804613873	3246.173504141363	1	0	1	0.9743796670068229
145200.0	1000.0	3046.1735041414236	0.0	0	296.956273328251	3246.173504141363	1	0	1	0.9743796670068229
146200.0	1000.0	3046.173504141428	0.0	0	261.76770280938945	3246.173504141363	1	0	1	0.9743796670068229
147200.0	1000.0	3046.1735041414136	0.0	0	389.2099296093802	3246.173504141363	1	0	1	0.9743796670068229
148200.0	1000.0	3046.173504141425	0.0	0	569.2550574761408	3246.173504141363	1	0	1	0.9743796670068229
149200.0	1000.0	3046.1735041414236	0.0	0	535.4016703896341	3246.173504141363	1	0	1	0.9743796670068229
150200.0	1000.0	3046.1735041414277	0.0	0	196.5148187461018	3246.173504141392	1	0	1	0.9743796670068163
151200.0	1000.0	3046.1735041414136	0.0	0	94.23260647748248	3246.173504141392	1	0	1	0.9743796670068163
152200.0	1000.0	3046.173504141395	0.0	0	440.89715173398145	3246.173504141363	1	0	1	0.9743796670068229
153200.0	1000.0	3046.1735041414213	0.0	0	36.77017606553272	3246.173504141363	1	0	1	0.9743796670068229
154200.0	1000.0	3046.1735041413813	0.0	0	136.8000846718205	3246.173504141363	1	0	1	0.9743796670068229
155200.0	1000.0	3046.173504141369	0.0	0	243.1756897137384	3246.173504141363	1	0	1	0.9743796670068229
156425.6886876438	1000.0	2820.484816497566	0.0	0	0.0	3246.173504141363	1	0	1	0.9743796670068229
157200.0	1000.0	3046.1735041413563	0.0	0	141.72924256225815	3246.173504141334	1	0	1	0.9743796670068294
158200.0	1000.0	3046.1735041413376	0.0	0	132.52407142263837	3246.173504141334	1	0	1	0.9743796670068294
159352.37913430086	1000.0	2893.7943698404865	0.0	0	0.0	3246.173504141334	1	0	1	0.9743796670068294
160264.9051904741	1000.0	2981.268313667248	0.0	0	0.0	3246.173504141334	1	0	1	0.9743796670068294
161200.0	1000.0	3046.1735041413267	0.0	0	143.71763689347426	3246.173504141334	1	0	1	0.9743796670068294
162200.0	1000.0	3046.173504141339	0.0	0	258.51933256187476	3246.173504141363	1	0	1	0.9743796670068229
163200.0	1000.0	3046.173504141332	0.0	0	33.41496081231162	3246.173504141363	1	0	1	0.9743796670068229
164200.0	1000.0	3046.173504141305	0.0	0	388.80220615063445	3246.173504141334	1	0	1	0.9743796670068281
165200.0	1000.0	3046.1735041413194	0.0	0	355.5739209059102	3246.173504141363	1	0	1	0.9743796670068241
166200.0	1000.0	3046.1735041413203	0.0	0	380.1609774380049	3246.173504141363	1	0	1	0.9743796670068229
167200.0	1000.0	3046.173504141287	0.0	0	174.46449513267726	3246.173504141363	1	0	1	0.9743796670068229
168200.0	1000.0	3046.173504141308	0.0	0	411.44091904725065	3246.173504141363	1	0	1	0.9743796670068229
169244.02572888436	1000.0	3002.1477752569244	0.0	0	0.0	3246.173504141334	1	0	1	0.9743796670068294
170200.0	1000.0	3046.1735041412917	0.0	0	3.3121925401501358	3246.173504141363	1	0	1	0.9743796670068229
171200.0	1000.0	3046.1735041412744	0.0	0	123.09378157326137	3246.173504141363	1	0	1	0.9743796670068229
172200.0	1000.0	3046.1735041412726	0.0	0	355.31291334790876	3246.173504141363	1	0	1	0.9743796670068229
173200.0	1000.0	3046.173504141277	0.0	0	454.06017838491243	3246.173504141363	1	0	1	0.9743796670068229
174200.0	1000.0	3046.1735041412753	0.0	0	171.7249783934385	3246.173504141363	1	0	1	0.9743796670068229
175200.0	1000.0	3046.173504141281	0.0	0	143.73596213554265	3246.173504141363	1	0	1	0.9743796670068229
176200.0	1000.0	3046.1735041412944	0.0	0	212.87562302185688	3246.173504141363	1	0	1	0.9743796670068229
177200.0	1000.0	3046.17350414127	0.0	0	38.648385686741676	3246.173504141363	1	0	1	0.9743796670068229
178200.0	1000.0	3046.1735041412717	0.0	0	352.09472295371233	3246.173504141363	1	0	1	0.9743796670068229
179200.0	1000.0	3046.1735041412558	0.0	0	249.6721532192314	3246.173504141334	1	0	1	0.9743796670068294
180200.0	1000.0	3046.1735041412608	0.0	0	342.2746986968559	3246.173504141363	1	0	1	0.9743796670068241
181200.0	1000.0	3046.1735041412508	0.0	0	359.5560437043896	3246.173504141363	1	0	1	0.9743796670068229
182200.0	1000.0	3046.1735041412344	0.0	0	392.20426294518984	3246.173504141363	1	0	1	0.9743796670068229
183200.0	1000.0	3046.173504141268	0.0	0	357.0351612349623	3246.173504141392	1	0	1	0.9743796670068163
184200.0	1000.0	3046.173504141275	0.0	0	424.54458004096523	3246.173504141392	1	0	1	0.9743796670068163
185353.22793654367	1000.0	2892.9455675976023	0.0	0	0.0	3246.173504141392	1	0	1	0.9743796670068163
186224.45048914794	1000.0	3021.7230149933675	0.0	0	0.0	3246.1735041414213	1	0	1	0.9743796670068099
187200.0	1000.0	3046.173504141291	0.0	0	353.20986766176065	3246.1735041414213	1	0	1	0.9743796670068099
188233.96820463557	1000.0	3012.205299505694	0.0	0	0.0	3246.1735041414213	1	0	1	0.9743796670068099
189200.0	1000.0	3046.1735041412467	0.0	0	187.92217568246997	3246.1735041414213	1	0	1	0.9743796670068099
190200.0	1000.0	3046.1735041412244	0.0	0	423.9749604916142	3246.173504141392	1	0	1	0.9743796670068163
191200.0	1000.0	3046.1735041412235	0.0	0	291.6454401559022	3246.173504141392	1	0	1	0.9743796670068163
192200.0	1000.0	3046.1735041412016	0.0	0	65.20463187524001	3246.173504141392	1	0	1	0.9743796670068163
193200.0	1000.0	3046.173504141198	0.0	0	11.103872261854121	3246.173504141392	1	0	1	0.9743796670068163
194200.0	1000.0	3046.173504141222	0.0	0	83.77054399743793	3246.173504141392	1	0	1	0.9743796670068163
195200.0	1000.0	3046.1735041412226	0.0	0	218.84312226559268	3246.173504141392	1	0	1	0.9743796670068163
196200.0	1000.0	3046.173504141226	0.0	0	329.63931317604147	3246.173504141392	1	0	1	0.9743796670068163
197200.0	1000.0	3046.173504141221	0.0	0	500.01010558436974	3246.173504141392	1	0	1	0.9743796670068163
198200.0	1000.0	3046.1735041412107	0.0	0	341.45997749760863	3246.173504141392	1	0	1	0.9743796670068163
199200.0	1000.0	3046.173504141234	0.0	0	388.8371398834279	3246.1735041414213	1	0	1	0.9743796670068099
200200.0	1000.0	3046.1735041412253	0.0	0	365.659183354408	3246.1735041414213	1	0	1	0.9743796670068099
201200.0	1000.0	3046.1735041412685	0.0	0	390.8891424065514	3246.1735041414213	1	0	1	0.9743796670068099
202200.0	1000.0	3046.1735041412726	0.0	0	384.13042600039626	3246.173504141392	1	0	1	0.974379667006815
203200.0	1000.0	3046.173504141257	0.0	0	218.51807231808198	3246.173504141363	1	0	1	0.9743796670068229
204404.2827368305	1000.0	2841.8907673107333	0.0	0	0.0	3246.173504141334	1	0	1	0.9743796670068294
205200.0	1000.0	3046.1735041412057	0.0	0	2.985357703146292	3246.173504141334	1	0	1	0.9743796670068294
206200.0	1000.0	3046.1735041412207	0.0	0	452.960614377429	3246.173504141334	1	0	1	0.9743796670068294
207200.0	1000.0	3046.1735041412176	0.0	0	273.92481180027244	3246.173504141334	1	0	1	0.9743796670068294
208200.0	1000.0	3046.1735041411944	0.0	0	451.63096247284557	3246.173504141334	1	0	1	0.9743796670068294
209200.0	1000.0	3046.1735041411507	0.0	0	421.1118148227106	3246.173504141334	1	0	1	0.9743796670068294
210200.0	1000.0	3046.1735041411703	0.0	0	326.09953350239084	3246.173504141334	1	0	1	0.9743796670068294
211200.0	1000.0	3046.1735041411603	0.0	0	8.034657978714677	3246.173504141334	1	0	1	0.9743796670068294
212200.0	1000.0	3046.173504141175	0.0	0	201.5984033694549	3246.173504141305	1	0	1	0.9743796670068361
213200.0	1000.0	3046.17350414115	0.0	0	303.34921047708485	3246.1735041412758	1	0	1	0.9743796670068426
214200.0	1000.0	3046.1735041411757	0.0	0	544.5727297890407	3246.1735041412467	1	0	1	0.9743796670068492
215200.0	1000.0	3046.173504141176	0.0	0	203.8983124269871	3246.1735041412176	1	0	1	0.9743796670068543
216200.0	1000.0	3046.173504141219	0.0	0	103.36775751083042	3246.1735041412176	1	0	1	0.9743796670068556
217200.0	1000.0	3046.173504141229	0.0	0	192.06627815231332	3246.1735041412176	1	0	1	0.9743796670068556
218200.0	1000.0	3046.1735041412085	0.0	0	9.694207194988849	3246.1735041412467	1	0	1	0.9743796670068492
219200.0	1000.0	3046.1735041412267	0.0	0	382.8711056158936	3246.1735041412758	1	0	1	0.974379667006844
220200.0	1000.0	3046.173504141224	0.0	0	348.068579914805	3246.1735041412758	1	0	1	0.9743796670068426
221200.0	1000.0	3046.173504141226	0.0	0	361.4550491302216	3246.1735041412758	1	0	1	0.9743796670068426
222200.0	1000.0	3046.173504141234	0.0	0	331.71833342668833	3246.1735041412758	1	0	1	0.9743796670068426
223200.0	1000.0	3046.1735041412044	0.0	0	358.738806950103	3246.1735041412758	1	0	1	0.9743796670068426
224200.0	1000.0	3046.173504141232	0.0	0	464.19725363032194	3246.173504141305	1	0	1	0.9743796670068374
225200.0	1000.0	3046.1735041412294	0.0	0	330.4072919609316	3246.173504141334	1	0	1	0.9743796670068308
226200.0	1000.0	3046.1735041412317	0.0	0	262.01432309430675	3246.173504141392	1	0	1	0.9743796670068177
227200.0	1000.0	3046.173504141216	0.0	0	113.0327543587482	3246.173504141392	1	0	1	0.9743796670068163
228200.0	1000.0	3046.1735041412	0.0	0	317.3852213199716	3246.173504141334	1	0	1	0.9743796670068281
229260.87154053184	1000.0	2985.301963609366	0.0	0	0.0	3246.173504141334	1	0	1	0.9743796670068294
230200.0	1000.0	3046.173504141187	0.0	0	163.3329793322191	3246.173504141334	1	0	1	0.9743796670068294
231232.48175505042	1000.0	3013.691749090755	0.0	0	0.0	3246.173504141305	1	0	1	0.9743796670068361
232200.0	1000.0	3046.1735041411525	0.0	0	1.784029432135867	3246.173504141305	1	0	1	0.9743796670068361
233200.0	1000.0	3046.1735041411434	0.0	0	234.01781178149395	3246.1735041412758	1	0	1	0.9743796670068426
234200.0	1000.0	3046.1735041411566	0.0	0	270.3380666214507	3246.1735041412758	1	0	1	0.9743796670068426
235200.0	1000.0	3046.173504141173	0.0	0	94.73511920627789	3246.1735041412758	1	0	1	0.9743796670068426
236200.0	1000.0	3046.173504141203	0.0	0	160.57023705923348	3246.1735041412758	1	0	1	0.9743796670068426
237200.0	1000.0	3046.1735041412267	0.0	0	401.8570150969608	3246.1735041412758	1	0	1	0.9743796670068426
238200.0	1000.0	3046.1735041412403	0.0	0	130.89902953093406	3246.173504141305	1	0	1	0.9743796670068361
239200.0	1000.0	3046.1735041412753	0.0	0	195.5899590656627	3246.173504141305	1	0	1	0.9743796670068361
240200.0	1000.0	3046.1735041412485	0.0	0	260.75905853675795	3246.173504141305	1	0	1	0.9743796670068361
241200.0	1000.0	3046.1735041412608	0.0	0	214.4136974211433	3246.173504141334	1	0	1	0.9743796670068294
242200.0	1000.0	3046.173504141254	0.0	0	309.69978951622033	3246.173504141334	1	0	1	0.9743796670068294
243200.0	1000.0	3046.1735041412458	0.0	0	160.93589610076742	3246.173504141334	1	0	1	0.9743796670068294
244200.0	1000.0	3046.1735041412285	0.0	0	289.4669210082793	3246.173504141334	1	0	1	0.9743796670068294
245200.0	1000.0	3046.1735041412235	0.0	0	276.2762181417784	3246.173504141305	1	0	1	0.9743796670068361
246200.0	1000.0	3046.17350414122	0.0	0	455.38037028961116	3246.173504141305	1	0	1	0.9743796670068361
247200.0	1000.0	3046.1735041411957	0.0	0	519.9838128814299	3246.173504141305	1	0	1	0.9743796670068361
248325.90853127436	1000.0	2920.2649728668393	0.0	0	0.0	3246.173504141305	1	0	1	0.9743796670068361
249421.27010812392	1000.0	2824.903396017259	0.0	0	0.0	3246.173504141305	1	0	1	0.9743796670068361
250280.7018972011	1000.0	2965.4716069400743	0.0	0	0.0	3246.1735041412758	1	0	1	0.9743796670068426
251672.18739459058	1000.0	2573.9861095506	0.0	0	0.0	3246.173504141305	1	0	1	0.9743796670068361
252617.5164503064	1000.0	2628.657053834748	0.0	0	0.0	3246.173504141305	1	0	1	0.9743796670068361
254000.2802557396	1000.0	2245.893248401556	0.0	0	0.0	3246.173504141305	1	0	1	0.9743796670068361
254687.74664657257	1000.0	2558.426857568586	0.0	0	0.0	3246.173504141305	1	0	1	0.9743796670068361
255326.36787054542	1000.0	2919.805633595701	0.0	0	0.0	3246.173504141305	1	0	1	0.9743796670068361
256200.0	1000.0	3046.173504141115	0.0	0	188.66488936851965	3246.173504141305	1	0	1	0.9743796670068361
257200.0	1000.0	3046.1735041410966	0.0	0	103.85649259842467	3246.173504141305	1	0	1	0.9743796670068361
258200.0	1000.0	3046.173504141123	0.0	0	218.14329820658895	3246.173504141334	1	0	1	0.9743796670068294
259200.0	1000.0	3046.1735041411257	0.0	0	307.0927583745506	3246.173504141334	1	0	1	0.9743796670068294
260200.0	1000.0	3046.1735041411143	0.0	0	39.99972583795898	3246.173504141334	1	0	1	0.9743796670068294
261200.0	1000.0	3046.1735041410943	0.0	0	352.9435598430282	3246.173504141334	1	0	1	0.9743796670068294
262200.0	1000.0	3046.1735041411043	0.0	0	406.3024504323257	3246.173504141334	1	0	1	0.9743796670068294
263200.0	1000.0	3046.1735041410902	0.0	0	474.4175243175705	3246.173504141305	1	0	1	0.9743796670068374
264200.0	1000.0	3046.1735041410925	0.0	0	487.2068675335031	3246.173504141305	1	0	1	0.9743796670068413
265200.0	1000.0	3046.1735041411516	0.0	0	98.51663700293284	3246.173504141392	1	0	1	0.9743796670068241
266200.0	1000.0	3046.1735041412003	0.0	0	277.4397653241758	3246.173504141392	1	0	1	0.9743796670068163
267200.0	1000.0	3046.1735041411785	0.0	0	395.2207077234052	3246.173504141392	1	0	1	0.9743796670068163
268338.99527676887	1000.0	2907.178227372342	0.0	0	0.0	3246.1735041414504	1	0	1	0.9743796670068032
269327.1849501336	1000.0	2918.988554007589	0.0	0	0.0	3246.1735041414504	1	0	1	0.9743796670068032
270207.076209204	1000.0	3039.097294937238	0.0	0	0.0	3246.1735041415086	1	0	1	0.97437966700679
271200.0	1000.0	3046.1735041412	0.0	0	241.04404485307168	3246.1735041415086	1	0	1	0.97437966700679
272702.6719616685	1000.0	2543.5015424727876	0.0	0	0.0	3246.173504141567	1	0	1	0.974379667006777
273200.0	1000.0	3046.1735041412917	0.0	0	27.54530600673752	3246.173504141567	1	0	1	0.974379667006777
274200.0	1000.0	3046.1735041413244	0.0	0	393.08419860951835	3246.173504141567	1	0	1	0.974379667006777
275202.3903175701	1000.0	3043.7831865712647	0.0	0	0.0	3246.173504141567	1	0	1	0.974379667006777
276200.0	1000.0	3046.173504141368	0.0	0	78.81887969153468	3246.173504141567	1	0	1	0.974379667006777
277200.0	1000.0	3046.1735041413813	0.0	0	384.9270154310507	3246.173504141625	1	0	1	0.9743796670067666
278200.0	1000.0	3046.1735041414336	0.0	0	186.8506142028491	3246.173504141625	1	0	1	0.9743796670067639
279200.0	1000.0	3046.1735041414304	0.0	0	349.59508471452864	3246.173504141625	1	0	1	0.9743796670067639
280200.0	1000.0	3046.173504141443	0.0	0	237.85795846476685	3246.173504141625	1	0	1	0.9743796670067639
281241.2308432332	1000.0	3004.9426609081966	0.0	0	0.0	3246.173504141625	1	0	1	0.9743796670067639
282200.0	1000.0	3046.1735041413776	0.0	0	114.14750989648746	3246.173504141625	1	0	1	0.9743796670067639
283200.0	1000.0	3046.1735041413517	0.0	0	280.3483922162559	3246.173504141625	1	0	1	0.9743796670067639
284200.0	1000.0	3046.1735041413585	0.0	0	258.16711661580484	3246.173504141625	1	0	1	0.9743796670067639
285526.9529300376	1000.0	2719.22057410375	0.0	0	0.0	3246.173504141625	1	0	1	0.9743796670067639
286389.5367958385	1000.0	2856.6367083028	0.0	0	0.0	3246.173504141567	1	0	1	0.974379667006777
287200.0	1000.0	3046.173504141245	0.0	0	188.19699040282285	3246.173504141567	1	0	1	0.974379667006777
288200.0	1000.0	3046.173504141306	0.0	0	54.09549633128336	3246.173504141567	1	0	1	0.974379667006777
289200.0	1000.0	3046.173504141344	0.0	0	71.21119890041882	3246.173504141567	1	0	1	0.974379667006777
290200.0	1000.0	3046.1735041414013	0.0	0	282.01890398876276	3246.173504141567	1	0	1	0.974379667006777
291533.22747873055	1000.0	2712.946025410859	0.0	0	0.0	3246.173504141567	1	0	1	0.974379667006777
292246.2304996751	1000.0	2999.943004466331	0.0	0	0.0	3246.173504141567	1	0	1	0.974379667006777
293200.0	1000.0	3046.1735041413785	0.0	0	422.43793484498747	3246.173504141567	1	0	1	0.974379667006777
294200.0	1000.0	3046.17350414135	0.0	0	275.7883622799418	3246.173504141567	1	0	1	0.974379667006777
295200.0	1000.0	3046.173504141294	0.0	0	173.9967235365766	3246.1735041415086	1	0	1	0.97437966700679
296200.0	1000.0	3046.1735041412803	0.0	0	482.88685760158114	3246.1735041414504	1	0	1	0.9743796670068032
297200.0	1000.0	3046.1735041412703	0.0	0	505.4359572872054	3246.1735041414504	1	0	1	0.9743796670068032
298200.0	1000.0	3046.1735041412658	0.0	0	518.6221847947454	3246.1735041414504	1	0	1	0.9743796670068032
299200.0	1000.0	3046.17350414128	0.0	0	30.64461856352864	3246.173504141392	1	0	1	0.9743796670068163
300200.0	1000.0	3046.1735041412444	0.0	0	188.93441919935867	3246.173504141334	1	0	1	0.9743796670068294
1.26	1.33	1.29	1.26	1.04	1.25	1.41	1.04	1.17	1.59	1.6	1.36	1.66	1.68	1.75	1.63	1.52	0.94	0.89	1.25	1.9	1.33	1.76	1.47	1.45	1.15	1.81	1.73	1.53	2.15	2.04	1.67	1.31	0.94	1.22	1.24	1.23	1.55	1.64	1.75	1.31	1.1	1.37	1.44	1.64	1.7	1.91	1.88	2.15	1.63	1.37	1.22	1.04	1.19	1.82	1.99	1.55	1.33	1.0	0.9	1.11	2.2	1.6	1.29	1.41	1.04	1.41	1.48	1.95	2.17	1.66	1.91	2.33	1.86	1.7	1.47	1.2	1.24	1.22	0.95	1.04	1.89	1.26	1.59	1.64	1.44	1.23	1.16	1.26	1.29	1.19	1.33	1.73	1.96	2.26	1.59	0.85	1.27	1.52	0.69	0.88	0.88	1.14	1.34	1.96	1.37	1.38	1.33	1.32	1.93	2.62	2.54	2.13	1.2	1.36	1.3	0.9	1.04	1.2	1.29	0.59	1.85	0.97	0.97	1.76	1.64	1.51	1.02	1.24	1.39	1.31	1.42	0.81	0.93	1.16	1.36	1.02	1.39	0.81	1.05	1.82	1.62	1.58	1.62	1.93	1.77	1.61	1.41	1.61	1.53	1.26	1.33	1.29	1.26	1.04	1.25	1.41	1.04	1.17	1.59	1.6	1.36	1.66	1.68	1.75	1.63	1.52	0.94	0.89	1.25	1.9	1.33	1.76	1.47	1.45	1.15	1.81	1.73	1.53	2.15	2.04	1.67	1.31	0.94	1.22	1.24	1.23	1.55	1.64	1.75	1.31	1.1	1.37	1.44	1.64	1.7	1.91	1.88	2.15	1.63	1.37	1.22	1.04	1.19	1.82	1.99	1.55	1.33	1.0	0.9	1.11	2.2	1.6	1.29	1.41	1.04	1.41	1.48	1.95	2.17	1.66	1.91	2.33	1.86	1.7	1.47	1.2	1.24	1.22	0.95	1.04	1.89	1.26	1.59	1.64	1.44	1.23	1.16	1.26	1.29	1.19	1.33	1.73	1.96	2.26	1.59	0.85	1.27	1.52	0.69	0.88	0.88	1.14	1.34	1.96	1.37	1.38	1.33	1.32	1.93	2.62	2.54	2.13	1.2	1.36	1.3	0.9	1.04	1.2	1.29	0.59	1.85	0.97	0.97	1.76	1.64	1.51	1.02	1.24	1.39	1.31	1.42	0.81	0.93	1.16	1.36	1.02	1.39	0.81	1.05	1.82	1.62	1.58	1.62	1.93	1.77	1.61	1.41	1.61	1.53	1.26	1.33	1.29
1.0	2.0	3.0	4.0	5.0	6.0	7.0	8.0	9.0	10.0	11.0	12.0	13.0	14.0	15.0	16.0	17.0	18.0	19.0	20.0	21.0	22.0	23.0	24.0	25.0	26.0	27.0	28.0	29.0	30.0	31.0	32.0	33.0	34.0	35.0	36.0	37.0	38.0	39.0	40.0	41.0	42.0	43.0	44.0	45.0	46.0	47.0	48.0	49.0	50.0	51.0	52.0	53.0	54.0	55.0	56.0	57.0	58.0	59.0	60.0	61.0	62.0	63.0	64.0	65.0	66.0	67.0	68.0	69.0	70.0	71.0	72.0	73.0	74.0	75.0	76.0	77.0	78.0	79.0	80.0	81.0	82.0	83.0	84.0	85.0	86.0	87.0	88.0	89.0	90.0	91.0	92.0	93.0	94.0	95.0	96.0	97.0	98.0	99.0	100.0	101.0	102.0	103.0	104.0	105.0	106.0	107.0	108.0	109.0	110.0	111.0	112.0	113.0	114.0	115.0	116.0	117.0	118.0	119.0	120.0	121.0	122.0	123.0	124.0	125.0	126.0	127.0	128.0	129.0	130.0	131.0	132.0	133.0	134.0	135.0	136.0	137.0	138.0	139.0	140.0	141.0	142.0	143.0	144.0	145.0	146.0	147.0	148.0	149.0	149.0	150.0	151.0	152.0	153.0	154.0	155.0	156.0	157.0	158.0	159.0	160.0	161.0	162.0	163.0	164.0	165.0	166.0	167.0	168.0	169.0	170.0	171.0	172.0	173.0	174.0	175.0	176.0	177.0	178.0	179.0	180.0	181.0	182.0	183.0	184.0	185.0	186.0	187.0	188.0	189.0	190.0	191.0	192.0	193.0	194.0	195.0	196.0	197.0	198.0	199.0	200.0	201.0	202.0	203.0	204.0	205.0	206.0	207.0	208.0	209.0	210.0	211.0	212.0	213.0	214.0	215.0	216.0	217.0	218.0	219.0	220.0	221.0	222.0	223.0	224.0	225.0	226.0	227.0	228.0	229.0	230.0	231.0	232.0	233.0	234.0	235.0	236.0	237.0	238.0	239.0	240.0	241.0	242.0	243.0	244.0	245.0	246.0	247.0	248.0	249.0	250.0	251.0	252.0	253.0	254.0	255.0	256.0	257.0	258.0	259.0	260.0	261.0	262.0	263.0	264.0	265.0	266.0	267.0	268.0	269.0	270.0	271.0	272.0	273.0	274.0	275.0	276.0	277.0	278.0	279.0	280.0	281.0	282.0	283.0	284.0	285.0	286.0	287.0	288.0	289.0	290.0	291.0	292.0	293.0	294.0	295.0	296.0	297.0	298.0	298.0	299.0	300.0	301.0
2555.1503462434866
