6023.24774092517	300.0	2000.0	154.66151332703728	0	0.0	6023.24774092517	1	0	1	-2.9103248447163987
6195.033862662153	300.0	2811.0352660893186	0.0	0	0.0	6006.069128751472	1	0	2	-2.400124649118367
6533.246692614903	500.0	3439.0011531412947	0.0	0	0.0	5972.247845756197	1	0	2	-2.170844568267495
6932.190062252683	500.0	4000.163446539737	0.0	0	0.0	5932.353508792419	1	0	2	-1.6218406116151636
7268.613713437883	500.0	4630.0974302360155	0.0	0	0.0	5898.711143673899	1	0	2	-1.5862931252939696
7596.712759486903	500.0	5269.188479582093	0.0	0	0.0	5865.901239068997	1	0	2	-1.552754390335532
8200.0	500.0	5605.572515017688	0.0	0	415.6442341541333	5805.572515017687	1	0	2	-1.5165149780578908
9200.0	1000.0	5505.572515017688	0.0	0	462.51252852338985	5705.572515017688	1	0	2	-1.4253195218205508
10200.0	1000.0	5405.5725150176895	0.0	0	422.26437775439445	5605.572515017691	1	0	2	-0.6338027444546155
11235.482401366193	1000.0	5266.541873514877	0.0	0	0.0	5502.0242748810715	1	0	2	-0.5268816015365563
12388.0250311631	1000.0	4998.744980738277	0.0	0	0.0	5386.77001190138	1	0	2	-0.41977718104951733
13200.0	1000.0	5105.572515017687	0.0	0	192.56057125502957	5305.572515017689	1	0	2	-0.3418349779970226
14200.0	1000.0	5005.572515017687	0.0	0	440.1296007164183	5205.5725150176895	1	0	2	-0.2648892910594989
15200.0	1000.0	4905.572515017689	0.0	0	483.0713636559103	5105.572515017693	1	0	2	-0.17961736024064218
16200.0	1000.0	4805.572515017691	0.0	0	284.7960488736553	5005.572515017693	1	0	2	-0.09401927936555762
17200.0	1000.0	4705.572515017693	0.0	0	233.0935907636631	4905.572515017693	1	0	2	-0.015886480910865808
18200.0	1000.0	4605.572515017693	0.0	0	475.049710762778	4805.572515017695	1	0	2	0.0564853719921517
19200.0	1000.0	4505.572515017695	0.0	0	576.0344641469674	4705.572515017695	1	0	2	0.12627373834263744
20200.0	1000.0	4405.572515017695	0.0	0	432.25981789614525	4605.572515017697	1	0	2	0.19428836939198282
21200.0	1000.0	4305.57251501769	0.0	0	490.00451006978255	4505.572515017691	1	0	2	0.2572814469640837
22200.0	1000.0	4205.572515017692	0.0	0	546.1657106459606	4405.572515017688	1	0	2	0.3164476057470646
23200.0	1000.0	4105.572515017694	0.0	0	600.3904426645931	4305.572515017688	1	0	2	0.3717067820887043
24200.0	1000.0	4005.572515017694	0.0	0	627.0245298244736	4205.572515017688	1	0	2	0.42378363203439906
25200.0	1000.0	3905.5725150176936	0.0	0	646.6991473805756	4105.572515017691	1	0	2	0.4723111524395248
26200.0	2000.0	3805.5725150176927	0.0	0	451.8088262947713	4005.5725150176913	1	0	2	0.5178998305727882
27200.0	2000.0	3705.57251501769	0.0	0	42.14398773762514	3905.5725150176877	1	0	2	1.25697681804008
28273.676351254893	2000.0	3524.52852863731	0.0	0	0.0	3798.2048798922006	1	0	2	1.2982555235671442
29200.0	2000.0	3505.5725150176927	0.0	0	12.779570659178717	3705.5725150176913	1	0	2	1.3325030141173202
30200.0	2000.0	3405.5725150176922	0.0	0	245.5064635446215	3605.5725150176913	1	0	2	1.3616812453349754
31200.0	2000.0	3305.5725150176927	0.0	0	235.51867306730855	3505.572515017695	1	0	2	1.3913744087725253
32324.800614645035	2000.0	3068.291838908154	0.0	0	0.0	3393.092453553196	1	0	2	1.4241745283433402
33200.0	2000.0	3105.5725150176822	0.0	0	139.22085802710353	3305.5725150176877	1	0	2	1.4469883783780666
34383.04717519727	2000.0	2804.2206223006865	0.0	0	0.0	3187.267797497967	1	0	2	1.473281852589056
35435.05689156326	2000.0	2647.0099342981102	0.0	0	0.0	3082.066825861384	1	0	2	1.496817340371026
36478.76745248965	2000.0	2498.928317279085	0.0	0	0.0	2977.6957697687467	1	0	2	1.5164495314511353
37538.890152085594	2000.0	2332.793347723548	0.0	0	0.0	2871.683499809151	1	0	2	1.534706531295331
38675.11316467009	2000.0	2082.9480338806065	0.0	0	0.0	2758.0611985506985	1	0	2	1.5523337900471694
39693.25046872653	2000.0	1962.9969994185237	0.0	0	0.0	2656.247468145055	1	0	2	1.5667746926787829
40287.300201960315	2000.0	2309.5422928613552	0.0	0	0.0	2596.8424948216707	1	0	2	1.5763148569399952
41306.66574966148	2000.0	2188.2401903900795	0.0	0	0.0	2494.9059400515616	1	0	2	1.5873069022935002
42200.0	2000.0	2205.5725150177173	0.0	0	78.93900393665535	2405.572515017724	1	0	2	1.5969057018219384
43200.0	2000.0	2105.5725150177154	0.0	0	250.99516710866737	2305.572515017717	1	0	2	1.6065704044555382
44200.0	2000.0	2005.5725150177154	0.0	0	91.90978923616058	2205.572515017717	1	0	2	1.6159407276131954
45370.8509299703	2000.0	1717.636492050393	0.0	0	0.0	2088.4874220206984	1	0	2	1.6262778821215782
46200.0	1000.0	1805.5725150177238	0.0	0	269.98920507868024	2005.5725150177313	1	0	2	0.24616718070358756
47200.0	2000.0	1705.5725150177243	0.0	0	137.80829506430018	1905.5725150177313	1	0	2	0.9460794920605915
48200.0	2000.0	1605.5725150177275	0.0	0	110.4154779250166	1805.5725150177313	1	0	2	1.6455981480025859
49200.0	2000.0	1605.5725150177245	0.0	0	72.6695636865843	1805.5725150177313	1	0	1	1.6475890231608568
50200.0	2000.0	1605.5725150177295	0.0	0	206.60261110056308	1805.5725150177313	1	0	1	1.847589023160857
51200.0	2000.0	1605.5725150177304	0.0	0	295.4308995333704	1805.5725150177386	1	0	1	1.8475890231608563
52200.0	2000.0	1605.572515017736	0.0	0	137.8790241273964	1805.5725150177386	1	0	1	1.8475890231608563
53291.945909102484	2000.0	1513.6266059152529	0.0	0	0.0	1805.5725150177386	1	0	1	1.8475890231608563
54337.603559264455	2000.0	1467.9689557532865	0.0	0	0.0	1805.5725150177386	1	0	1	1.8475890231608563
55957.46921895372	2000.0	848.1032960640174	0.0	0	0.0	1805.5725150177386	1	0	1	1.8475890231608563
57043.88500517757	2000.0	761.6875098401649	0.0	0	0.0	1805.5725150177386	1	0	1	1.8475890231608563
57730.736584512495	1000.0	1074.8359305052463	0.0	0	0.0	1805.5725150177386	1	0	1	0.46129466204096603
58225.8995717055	1000.0	1579.6729433122355	0.0	0	0.0	1805.5725150177386	1	0	1	1.154441842600911
59200.0	1000.0	1605.572515017733	0.0	0	530.5741308721845	1805.5725150177386	1	0	1	1.154441842600911
60200.0	1000.0	1605.5725150177273	0.0	0	558.529874829459	1805.5725150177386	1	0	1	1.154441842600911
61200.0	1000.0	1605.572515017726	0.0	0	776.2926187127086	1805.5725150177386	1	0	1	1.154441842600911
62200.0	1000.0	1605.5725150177286	0.0	0	727.6549940637051	1805.5725150177386	1	0	1	1.154441842600911
63200.0	1000.0	1605.5725150177266	0.0	0	379.68436888269935	1805.5725150177313	1	0	1	1.1544418426009115
64200.0	2000.0	1605.5725150177216	0.0	0	211.89431614239584	1805.5725150177313	1	0	1	1.1544418426009118
65200.0	2000.0	1605.5725150177232	0.0	0	151.39773735724884	1805.5725150177313	1	0	1	1.847589023160857
66200.0	2000.0	1605.572515017723	0.0	0	384.1782253849087	1805.5725150177386	1	0	1	1.8475890231608563
67893.0778308353	2000.0	912.4946841824317	0.0	0	0.0	1805.5725150177605	1	0	1	1.8475890231608558
69109.49171624736	2000.0	696.0807987703691	0.0	0	0.0	1805.5725150177605	1	0	1	1.847589023160855
70051.09880819163	2000.0	754.4737068260927	0.0	0	0.0	1805.5725150177313	1	0	1	1.847589023160857
70596.8355445995	2000.0	1208.7369704182074	0.0	0	0.0	1805.5725150177313	1	0	1	1.847589023160857
71569.59472181811	2000.0	1235.9777931995745	0.0	0	0.0	1805.5725150177168	1	0	1	1.8475890231608578
72694.07140887331	2000.0	1111.5011061443688	0.0	0	0.0	1805.5725150177168	1	0	1	1.8475890231608578
73909.96469485943	2000.0	895.6078201582272	0.0	0	0.0	1805.5725150177168	1	0	1	1.8475890231608578
74839.2908783992	2000.0	966.2816366184633	0.0	0	0.0	1805.5725150177168	1	0	1	1.8475890231608578
75603.33102071594	2000.0	1202.241494301719	0.0	0	0.0	1805.5725150177168	1	0	1	1.8475890231608578
76630.778175814	2000.0	1174.7943392036436	0.0	0	0.0	1805.5725150177168	1	0	1	1.8475890231608578
77477.27681139567	2000.0	1328.2957036219912	0.0	0	0.0	1805.5725150177168	1	0	1	1.8475890231608578
78353.13582116015	2000.0	1452.4366938575122	0.0	0	0.0	1805.5725150177168	1	0	1	1.8475890231608578
79340.80675150872	2000.0	1464.7657635089383	0.0	0	0.0	1805.5725150177168	1	0	1	1.8475890231608578
80353.07137808682	2000.0	1452.50113693084	0.0	0	0.0	1805.5725150177022	1	0	1	1.8475890231608585
81210.49727303999	2000.0	1595.0752419776863	0.0	0	0.0	1805.5725150177022	1	0	1	1.8475890231608585
82200.0	2000.0	1605.57251501767	0.0	0	376.0279176281474	1805.5725150177022	1	0	1	1.8475890231608585
83200.0	2000.0	1605.5725150176647	0.0	0	275.6225108337967	1805.5725150177168	1	0	1	1.8475890231608578
84352.97656836799	2000.0	1452.59594664967	0.0	0	0.0	1805.5725150177168	1	0	1	1.8475890231608578
85263.7681883665	2000.0	1541.8043266511465	0.0	0	0.0	1805.5725150177168	1	0	1	1.8475890231608578
86200.0	2000.0	1605.5725150176672	0.0	0	209.1219540949387	1805.5725150177313	1	0	1	1.847589023160857
87203.3827393803	2000.0	1602.1897756373771	0.0	0	0.0	1805.5725150177168	1	0	1	1.8475890231608578
88452.4299063745	2000.0	1353.1426086431745	0.0	0	0.0	1805.5725150177022	1	0	1	1.8475890231608585
89753.43074188913	2000.0	1052.1417731285424	0.0	0	0.0	1805.5725150177022	1	0	1	1.8475890231608585
90570.23404076482	2000.0	1235.3384742528378	0.0	0	0.0	1805.5725150177022	1	0	1	1.8475890231608585
91501.24014706998	2000.0	1304.3323679476764	0.0	0	0.0	1805.5725150177022	1	0	1	1.8475890231608585
92463.74735178881	2000.0	1341.825163228833	0.0	0	0.0	1805.5725150177022	1	0	1	1.8475890231608585
93655.72039994456	2000.0	1149.8521150730867	0.0	0	0.0	1805.5725150177022	1	0	1	1.8475890231608585
94578.09996511595	2000.0	1227.4725499016913	0.0	0	0.0	1805.5725150177022	1	0	1	1.8475890231608585
95822.03261942955	2000.0	983.5398955880902	0.0	0	0.0	1805.5725150177022	1	0	1	1.8475890231608585
96772.54568294346	2000.0	1033.0268320742039	0.0	0	0.0	1805.5725150177022	1	0	1	1.8475890231608585
97575.7500198994	2000.0	1229.8224951182626	0.0	0	0.0	1805.5725150177022	1	0	1	1.8475890231608585
98200.0	2000.0	1605.5725150176718	0.0	0	88.58494924203842	1805.5725150177022	1	0	1	1.8475890231608585
99200.0	2000.0	1605.5725150176604	0.0	0	386.6414625070902	1805.5725150177022	1	0	1	1.8475890231608585
100200.0	2000.0	1605.5725150176565	0.0	0	130.57451499557646	1805.5725150177022	1	0	1	1.8475890231608585
101200.0	2000.0	1605.5725150176474	0.0	0	294.83483470854117	1805.5725150177022	1	0	1	1.8475890231608585
102200.0	2000.0	1605.5725150176274	0.0	0	239.20236500215833	1805.5725150177022	1	0	1	1.8475890231608585
103266.32174203923	2000.0	1539.250772978388	0.0	0	0.0	1805.5725150177022	1	0	1	1.8475890231608585
104220.97018555511	2000.0	1584.602329462512	0.0	0	0.0	1805.5725150177022	1	0	1	1.8475890231608585
105401.18037275343	2000.0	1404.3921422641895	0.0	0	0.0	1805.5725150177022	1	0	1	1.8475890231608585
106597.52268523343	2000.0	1208.0498297841796	0.0	0	0.0	1805.5725150176877	1	0	1	1.8475890231608594
108122.58680061638	2000.0	682.9857144012269	0.0	0	0.0	1805.5725150176877	1	0	1	1.8475890231608594
109371.21466747222	2000.0	434.3578475453911	0.0	0	0.0	1805.5725150176877	1	0	1	1.8475890231608594
110207.44068702478	2000.0	636.7711158352107	38.639287842365775	0	0.0	1844.2118028600526	1	0	1	1.6134484829259
110763.1665344565	2000.0	1081.0452684035026	0.0	0	0.0	1844.2118028600526	1	0	1	1.8452842099800946
111640.95449351822	2000.0	1203.257309341762	0.0	0	0.0	1844.211802860038	1	0	1	1.8452842099800955
112295.19770556074	2000.0	1549.0140972992358	0.0	0	0.0	1844.211802860038	1	0	1	1.8452842099800955
113200.0	2000.0	1644.2118028599698	0.0	0	342.37338776553224	1844.211802860038	1	0	1	1.8452842099800955
114200.0	2000.0	1644.2118028599602	0.0	0	227.8195664428058	1844.211802860038	1	0	1	1.8452842099800955
115200.0	2000.0	1644.2118028599702	0.0	0	379.85068671018234	1844.211802860038	1	0	1	1.8452842099800955
116200.0	2000.0	1644.211802859968	0.0	0	353.5149858904042	1844.2118028600526	1	0	1	1.8452842099800946
117200.0	2000.0	1644.211802859966	0.0	0	165.63612289093726	1844.2118028600526	1	0	1	1.8452842099800946
118200.0	2000.0	1644.2118028599652	0.0	0	299.04130781741696	1844.2118028600526	1	0	1	1.8452842099800946
119682.02002662772	2000.0	1162.1917762322314	0.0	0	0.0	1844.2118028600526	1	0	1	1.8452842099800946
120792.64641509225	2000.0	1051.565387767691	0.0	0	0.0	1844.2118028600526	1	0	1	1.8452842099800946
122101.2228469454	2000.0	742.9889559145452	0.0	0	0.0	1844.2118028600526	1	0	1	1.8452842099800946
123094.68992709556	2000.0	749.5218757643858	0.0	0	0.0	1844.2118028600526	1	0	1	1.8452842099800946
123914.80060859481	2000.0	929.4111942651193	0.0	0	0.0	1844.211802860038	1	0	1	1.8452842099800955
124814.6977566909	2000.0	1029.5140461690303	0.0	0	0.0	1844.211802860038	1	0	1	1.8452842099800955
125345.89170837421	2000.0	1498.3200944857238	0.0	0	0.0	1844.211802860038	1	0	1	1.8452842099800955
126200.0	2000.0	1644.211802859941	0.0	0	172.46664290796616	1844.211802860038	1	0	1	1.8452842099800955
127200.0	2000.0	1644.211802859924	0.0	0	226.93484532888397	1844.211802860038	1	0	1	1.8452842099800955
128200.0	2000.0	1644.2118028599157	0.0	0	31.138627910331707	1844.2118028600526	1	0	1	1.8452842099800946
129233.84396143553	2000.0	1610.3678414243718	0.0	0	0.0	1844.2118028600526	1	0	1	1.8452842099800946
130200.0	2000.0	1644.2118028598923	0.0	0	101.23040014409344	1844.2118028600526	1	0	1	1.8452842099800946
131200.0	2000.0	1644.211802859892	0.0	0	486.22218174874433	1844.2118028600526	1	0	1	1.8452842099800946
132200.0	2000.0	1644.2118028598863	0.0	0	283.960016491852	1844.211802860038	1	0	1	1.8452842099800955
133466.2940688625	2000.0	1377.917733997407	0.0	0	0.0	1844.2118028600526	1	0	1	1.8452842099800946
134685.67595240386	2000.0	1158.5358504560163	0.0	0	0.0	1844.2118028600235	1	0	1	1.8452842099800948
135261.3157612561	2000.0	1582.8960416037764	0.0	0	0.0	1844.2118028599944	1	0	1	1.8452842099800981
136530.9680707681	2000.0	1313.2437320917659	0.0	0	0.0	1844.2118028600235	1	0	1	1.8452842099800961
137785.57547832726	2000.0	1058.6363245326284	0.0	0	0.0	1844.2118028600526	1	0	1	1.8452842099800946
138453.98593394263	2000.0	1390.225868917259	0.0	0	0.0	1844.2118028600526	1	0	1	1.8452842099800946
139245.7536956757	2000.0	1598.4581071841849	0.0	0	0.0	1844.2118028600817	1	0	1	1.8452842099800926
140200.0	2000.0	1644.2118028599095	0.0	0	335.5021998403827	1844.2118028600817	1	0	1	1.8452842099800926
141200.0	2000.0	1644.2118028598902	0.0	0	391.41782961873105	1844.2118028600817	1	0	1	1.8452842099800926
142299.80691098273	2000.0	1544.4048918771823	0.0	0	0.0	1844.2118028600817	1	0	1	1.8452842099800926
143461.69476601706	2000.0	1382.517036842863	0.0	0	0.0	1844.2118028601108	1	0	1	1.845284209980091
144391.31032928967	2000.0	1452.9014735702713	0.0	0	0.0	1844.2118028601108	1	0	1	1.845284209980091
145448.7964408384	2000.0	1395.4153620215495	0.0	0	0.0	1844.2118028600817	1	0	1	1.8452842099800926
146415.63847461267	2000.0	1428.5733282473047	0.0	0	0.0	1844.2118028600526	1	0	1	1.8452842099800946
147492.7645997856	2000.0	1351.4472030743957	0.0	0	0.0	1844.2118028600526	1	0	1	1.8452842099800946
148200.0	2000.0	1644.2118028599766	0.0	0	36.67347657578648	1844.2118028600526	1	0	1	1.8452842099800946
149266.17196368132	2000.0	1578.0398391786498	0.0	0	0.0	1844.2118028600526	1	0	1	1.8452842099800946
150607.82406688994	2000.0	1236.38773597005	0.0	0	0.0	1844.2118028600526	1	0	1	1.8452842099800946
151543.84649073062	2000.0	1300.3653121293987	0.0	0	0.0	1844.2118028600526	1	0	1	1.8452842099800946
152598.79894640404	2000.0	1245.412856455963	0.0	0	0.0	1844.2118028600526	1	0	1	1.8452842099800946
153474.93343649953	2000.0	1369.2783663604823	0.0	0	0.0	1844.2118028600526	1	0	1	1.8452842099800946
154608.8509187896	2000.0	1235.3608840703962	0.0	0	0.0	1844.2118028600526	1	0	1	1.8452842099800946
155632.10059381177	2000.0	1212.1112090482243	0.0	0	0.0	1844.2118028600526	1	0	1	1.8452842099800946
156331.42578124034	1000.0	1512.786021619641	0.0	0	0.0	1844.2118028600526	1	0	1	0.4589898488602042
157200.0	1000.0	1644.2118028599866	0.0	0	347.71810221794294	1844.2118028600526	1	0	1	1.1521370294201494
158200.0	1000.0	1644.2118028599689	0.0	0	438.5140854724741	1844.2118028600817	1	0	1	1.1521370294201476
159200.0	1000.0	1644.2118028600023	0.0	0	370.3747300672985	1844.2118028600817	1	0	1	1.1521370294201476
160200.0	1000.0	1644.2118028600269	0.0	0	222.4499786220549	1844.2118028600817	1	0	1	1.1521370294201476
161200.0	1000.0	1644.2118028600132	0.0	0	292.0177340279042	1844.2118028600817	1	0	1	1.1521370294201476
162200.0	1000.0	1644.2118028600141	0.0	0	157.5064502627647	1844.2118028600526	1	0	1	1.1521370294201494
163200.0	1000.0	1644.2118028600041	0.0	0	548.6933159664331	1844.2118028600526	1	0	1	1.1521370294201494
164200.0	1000.0	1644.211802859959	0.0	0	451.4053304155532	1844.2118028600235	1	0	1	1.152137029420151
165289.7330645201	1000.0	1554.4787383398868	0.0	0	0.0	1844.2118028600235	1	0	1	1.152137029420151
166200.0	1000.0	1644.2118028599825	0.0	0	343.9255453556834	1844.2118028600235	1	0	1	1.152137029420151
167200.0	1000.0	1644.2118028600044	0.0	0	533.1084615497966	1844.2118028600235	1	0	1	1.152137029420151
168200.0	1000.0	1644.2118028600162	0.0	0	536.5719124314492	1844.2118028600235	1	0	1	1.152137029420151
169200.0	1000.0	1644.2118028599857	0.0	0	395.6689541626838	1844.2118028600235	1	0	1	1.152137029420151
170200.0	1000.0	1644.2118028600087	0.0	0	427.0758312518592	1844.2118028600526	1	0	1	1.1521370294201494
171200.0	1000.0	1644.2118028600364	0.0	0	447.30576052027754	1844.2118028600817	1	0	1	1.1521370294201476
172200.0	1000.0	1644.2118028600328	0.0	0	613.1783726801223	1844.2118028600817	1	0	1	1.1521370294201476
173200.0	1000.0	1644.2118028600144	0.0	0	701.763675572729	1844.2118028600817	1	0	1	1.1521370294201476
174200.0	1000.0	1644.2118028600084	0.0	0	653.2370531983906	1844.2118028600817	1	0	1	1.1521370294201476
175200.0	2000.0	1644.2118028599843	0.0	0	272.9566713087843	1844.2118028600817	1	0	1	1.1521370294201474
176200.0	2000.0	1644.211802859987	0.0	0	215.6584198733326	1844.2118028601399	1	0	1	1.84528420998009
177200.0	2000.0	1644.2118028599684	0.0	0	109.57018256987794	1844.2118028601108	1	0	1	1.845284209980091
178200.0	2000.0	1644.2118028599987	0.0	0	125.64598331332672	1844.2118028601108	1	0	1	1.845284209980091
179200.0	2000.0	1644.2118028599914	0.0	0	474.39871326313005	1844.2118028601108	1	0	1	1.845284209980091
180200.0	2000.0	1644.2118028599955	0.0	0	363.2946002005192	1844.2118028601108	1	0	1	1.845284209980091
181200.0	2000.0	1644.211802860028	0.0	0	353.95497865995276	1844.2118028601108	1	0	1	1.845284209980091
182200.0	2000.0	1644.2118028600432	0.0	0	141.2534899537277	1844.211802860169	1	0	1	1.8452842099800875
183514.9684576617	2000.0	1329.243345198374	0.0	0	0.0	1844.211802860169	1	0	1	1.8452842099800872
184341.668380941	2000.0	1502.5434219190743	0.0	0	0.0	1844.211802860169	1	0	1	1.8452842099800872
185335.8134346526	2000.0	1508.3983682074645	0.0	0	0.0	1844.211802860169	1	0	1	1.8452842099800872
186547.24279776315	2000.0	1296.9690050969532	0.0	0	0.0	1844.211802860169	1	0	1	1.8452842099800872
187485.19775074386	2000.0	1359.0140521162264	0.0	0	0.0	1844.211802860169	1	0	1	1.8452842099800872
188469.5109576331	2000.0	1374.700845226977	0.0	0	0.0	1844.2118028601399	1	0	1	1.8452842099800892
189200.0	2000.0	1644.2118028600662	0.0	0	135.82517831245787	1844.2118028601399	1	0	1	1.8452842099800892
190200.0	2000.0	1644.2118028600387	0.0	0	320.39399171518744	1844.2118028601399	1	0	1	1.8452842099800892
191235.85498095624	2000.0	1608.3568219038164	0.0	0	0.0	1844.2118028601108	1	0	1	1.8452842099800906
192415.93144109222	2000.0	1428.2803617678069	0.0	0	0.0	1844.2118028601399	1	0	1	1.8452842099800892
193948.91922202933	2000.0	895.2925808306941	0.0	0	0.0	1844.2118028601399	1	0	1	1.8452842099800892
195272.98084193395	2000.0	571.2309609260999	0.0	0	0.0	1844.2118028601399	1	0	1	1.8452842099800892
196252.39278902407	2000.0	591.8190138359757	0.0	0	0.0	1844.2118028601108	1	0	1	1.845284209980091
197137.98511366823	2000.0	706.226689191842	0.0	0	0.0	1844.2118028601399	1	0	1	1.8452842099800892
198164.0494009448	2000.0	680.1624019152639	0.0	0	0.0	1844.2118028601399	1	0	1	1.8452842099800892
198834.7052046671	2000.0	1009.5065981929401	0.0	0	0.0	1844.2118028601399	1	0	1	1.8452842099800892
199331.12681676378	2000.0	1513.0849860962553	0.0	0	0.0	1844.2118028601399	1	0	1	1.8452842099800892
200200.0	2000.0	1644.2118028600162	0.0	0	248.23587357875658	1844.2118028601399	1	0	1	1.8452842099800892
201395.2924795274	2000.0	1448.9193233326157	0.0	0	0.0	1844.211802860169	1	0	1	1.8452842099800872
202582.31330149568	2000.0	1261.8985013643053	0.0	0	0.0	1844.211802860169	1	0	1	1.8452842099800872
204707.95692329804	2000.0	200.0	63.74512043804863	0	0.0	1907.956923298043	1	0	1	1.462014265085848
205974.08238285204	2000.0	393.92189420319426	460.04735375719076	0	0.0	2368.004277055239	1	0	1	-0.9563979077380562
206995.14689675014	2000.0	474.6954333059557	101.83805300090268	0	0.0	2469.8423300561262	1	0	1	1.1821172520607333
207426.2101896101	1000.0	1043.632140445941	0.0	0	0.0	2469.842330056097	1	0	1	0.4068512089462625
207977.74930989154	1000.0	1492.0930201645078	0.0	0	0.0	2469.842330056068	1	0	1	1.0999983895062106
208584.00265362734	2000.0	1885.83967642873	0.0	0	0.0	2469.842330056068	1	0	1	1.0999983895062106
209200.0	1000.0	2269.842330056018	0.0	0	248.02547758756555	2469.842330056039	1	0	1	0.40685120894626886
210200.0	1000.0	2269.8423300560257	0.0	0	760.3800536764611	2469.842330056039	1	0	1	1.099998389506214
211200.0	2000.0	2269.8423300560326	0.0	0	464.9353766247805	2469.842330056039	1	0	1	1.099998389506214
212258.59632151827	2000.0	2211.246008537786	0.0	0	0.0	2469.842330056039	1	0	1	1.7931455700661592
213250.9422491669	2000.0	2218.9000808891433	0.0	0	0.0	2469.842330056039	1	0	1	1.7931455700661592
214200.0	2000.0	2269.842330056028	0.0	0	180.74135066074086	2469.842330056068	1	0	1	1.7931455700661558
215200.0	2000.0	2269.8423300560307	0.0	0	69.84341486441554	2469.842330056068	1	0	1	1.7931455700661558
217214.62799916413	2000.0	1255.2143308918935	0.0	0	0.0	2469.842330056068	1	0	1	1.7931455700661578
218291.4347415873	2000.0	1178.4075884687381	0.0	0	0.0	2469.842330056068	1	0	1	1.7931455700661558
219187.13029369194	2000.0	1282.712036364115	0.0	0	0.0	2469.842330056097	1	0	1	1.7931455700661527
220000.7112414183	2000.0	1469.1310886377307	0.0	0	0.0	2469.842330056097	1	0	1	1.7931455700661527
221358.9953675569	2000.0	1110.8469624991083	0.0	0	0.0	2469.842330056097	1	0	1	1.7931455700661527
222502.4078535225	2000.0	967.4344765334923	0.0	0	0.0	2469.842330056097	1	0	1	1.7931455700661527
223347.33750486455	2000.0	1122.504825191476	0.0	0	0.0	2469.842330056097	1	0	1	1.7931455700661527
224315.8384941292	2000.0	1154.0038359268697	0.0	0	0.0	2469.842330056097	1	0	1	1.7931455700661527
224951.9713271753	2000.0	1517.8710028807727	0.0	0	0.0	2469.842330056097	1	0	1	1.7931455700661527
225779.73826559744	2000.0	1690.1040644586458	0.0	0	0.0	2469.842330056097	1	0	1	1.7931455700661527
226596.58975557183	2000.0	1873.2525744842762	0.0	0	0.0	2469.842330056068	1	0	1	1.7931455700661558
227739.42855703607	2000.0	1730.4137730200227	0.0	0	0.0	2469.842330056068	1	0	1	1.7931455700661558
228674.36862603086	2000.0	1795.473704025223	0.0	0	0.0	2469.842330056068	1	0	1	1.7931455700661558
229387.63871511735	2000.0	2082.2036149387377	0.0	0	0.0	2469.842330056068	1	0	1	1.7931455700661558
230517.42764403636	2000.0	1952.4146860197463	0.0	0	0.0	2469.842330056068	1	0	1	1.7931455700661558
231200.0	2000.0	2269.842330056117	0.0	0	101.56628915478359	2469.842330056068	1	0	1	1.7931455700661558
232200.0	2000.0	2269.842330056128	0.0	0	323.92872499965597	2469.842330056068	1	0	1	1.7931455700661558
233385.85816450618	2000.0	2083.9841655499104	0.0	0	0.0	2469.842330056039	1	0	1	1.7931455700661592
234200.0	2000.0	2269.842330056111	0.0	0	189.64840937938425	2469.842330056068	1	0	1	1.7931455700661558
235200.0	2000.0	2269.84233005615	0.0	0	200.44619877942023	2469.842330056068	1	0	1	1.7931455700661558
236200.0	2000.0	2269.8423300561662	0.0	0	256.40375042162486	2469.842330056068	1	0	1	1.7931455700661558
237200.0	2000.0	2269.8423300561526	0.0	0	153.47459316859022	2469.84233005601	1	0	1	1.7931455700661612
238643.60138199633	2000.0	1826.2409480597744	0.0	0	0.0	2469.84233005601	1	0	1	1.7931455700661625
239299.11514016785	2000.0	2170.72718988822	0.0	0	0.0	2469.8423300559807	1	0	1	1.7931455700661656
240370.0738852425	2000.0	2099.768444813561	0.0	0	0.0	2469.8423300559807	1	0	1	1.7931455700661656
241266.4939964291	2000.0	2203.3483336269665	0.0	0	0.0	2469.8423300559807	1	0	1	1.7931455700661656
242559.87173419914	2000.0	1909.9705958569227	0.0	0	0.0	2469.8423300559807	1	0	1	1.7931455700661656
243441.7868434148	2000.0	2028.0554866412792	0.0	0	0.0	2469.8423300559807	1	0	1	1.7931455700661656
244740.94281189813	2000.0	1728.8995181579508	0.0	0	0.0	2469.8423300559516	1	0	1	1.793145570066169
245684.02230644302	2000.0	1785.820023613079	0.0	0	0.0	2469.8423300559516	1	0	1	1.793145570066169
246255.95746136937	2000.0	2213.8848686867595	0.0	0	0.0	2469.8423300559516	1	0	1	1.793145570066169
247200.0	2000.0	2269.8423300561326	0.0	0	460.52881717844866	2469.8423300559807	1	0	1	1.7931455700661656
248200.0	2000.0	2269.8423300561344	0.0	0	297.0099834287248	2469.8423300559516	1	0	1	1.793145570066169
249200.0	2000.0	2269.8423300561653	0.0	0	376.8421214829723	2469.8423300559807	1	0	1	1.793145570066167
250200.0	2000.0	2269.8423300561844	0.0	0	210.05661090568174	2469.84233005601	1	0	1	1.7931455700661636
251200.0	2000.0	2269.842330056197	0.0	0	314.606117994088	2469.84233005601	1	0	1	1.7931455700661625
252200.0	2000.0	2269.8423300561876	0.0	0	132.17570996138966	2469.84233005601	1	0	1	1.7931455700661625
253537.43249207613	2000.0	1932.409837980058	0.0	0	0.0	2469.8423300559807	1	0	1	1.7931455700661656
254414.05250162072	2000.0	2055.7898284354487	0.0	0	0.0	2469.84233005601	1	0	1	1.7931455700661625
255724.85186248232	2000.0	1744.9904675738635	0.0	0	0.0	2469.84233005601	1	0	1	1.7931455700661625
256849.11475632802	2000.0	1620.7275737281461	0.0	0	0.0	2469.84233005601	1	0	1	1.7931455700661625
258263.9548531138	2000.0	1205.8874769423771	0.0	0	0.0	2469.8423300559807	1	0	1	1.7931455700661652
258964.79795671502	2000.0	1505.0443733411462	0.0	0	0.0	2469.8423300559516	1	0	1	1.793145570066169
259812.48887782483	2000.0	1657.3534522313225	0.0	0	0.0	2469.8423300559516	1	0	1	1.793145570066169
260602.42181086383	2000.0	1867.4205191923286	0.0	0	0.0	2469.8423300559516	1	0	1	1.793145570066169
261200.0	2000.0	2269.842330056144	0.0	0	68.93408825594815	2469.8423300559516	1	0	1	1.793145570066169
262200.0	2000.0	2269.8423300561285	0.0	0	241.85912633888074	2469.8423300559516	1	0	1	1.793145570066169
263200.0	2000.0	2269.842330056176	0.0	0	539.184713745024	2469.8423300559807	1	0	1	1.7931455700661676
264200.0	2000.0	2269.842330056212	0.0	0	135.83246017352212	2469.842330056039	1	0	1	1.7931455700661605
265260.057011786	2000.0	2209.7853182702997	0.0	0	0.0	2469.842330056068	1	0	1	1.7931455700661558
266317.3505526151	2000.0	2152.4917774411488	0.0	0	0.0	2469.84233005601	1	0	1	1.7931455700661625
267200.0	2000.0	2269.842330056253	0.0	0	189.3319403034984	2469.84233005601	1	0	1	1.7931455700661625
268688.0639826509	2000.0	1781.778347405283	0.0	0	0.0	2469.84233005601	1	0	1	1.7931455700661625
269472.998240668	2000.0	1996.844089388265	0.0	0	0.0	2469.84233005601	1	0	1	1.7931455700661625
270681.50379758404	2000.0	1788.3385324722065	0.0	0	0.0	2469.84233005601	1	0	1	1.7931455700661625
271365.6788201612	2000.0	2104.1635098950574	0.0	0	0.0	2469.842330056068	1	0	1	1.7931455700661558
272294.07275770634	2000.0	2175.7695723499464	0.0	0	0.0	2469.84233005601	1	0	1	1.7931455700661625
273200.0	2000.0	2269.8423300562554	0.0	0	308.5510523489793	2469.84233005601	1	0	1	1.7931455700661625
274200.0	2000.0	2269.842330056251	0.0	0	477.4401111699408	2469.84233005601	1	0	1	1.7931455700661625
275200.0	2000.0	2269.842330056171	0.0	0	515.3155044782907	2469.84233005601	1	0	1	1.7931455700661625
276200.0	2000.0	2269.842330056186	0.0	0	211.33000449248357	2469.84233005601	1	0	1	1.793145570066165
277200.0	2000.0	2269.842330056166	0.0	0	125.86693507898599	2469.8423300559516	1	0	1	1.7931455700661665
278200.0	2000.0	2269.842330056153	0.0	0	310.17143512231996	2469.8423300559516	1	0	1	1.793145570066169
279200.0	2000.0	2269.8423300561335	0.0	0	14.36094538832549	2469.8423300558934	1	0	1	1.7931455700661751
280200.0	2000.0	2269.8423300561494	0.0	0	338.8924047208857	2469.8423300559516	1	0	1	1.793145570066169
281200.0	2000.0	2269.8423300561926	0.0	0	115.68666958354879	2469.8423300559516	1	0	1	1.793145570066169
282764.4315198066	2000.0	1705.4108102495577	0.0	0	0.0	2469.8423300559516	1	0	1	1.793145570066169
283543.6585268719	2000.0	1926.1838031843365	0.0	0	0.0	2469.8423300559516	1	0	1	1.793145570066169
284408.0345488618	2000.0	2061.8077811944845	0.0	0	0.0	2469.8423300559516	1	0	1	1.793145570066169
285367.09228262963	2000.0	2102.750047426606	0.0	0	0.0	2469.8423300558934	1	0	1	1.7931455700661751
286423.15767732623	2000.0	2046.684652729945	0.0	0	0.0	2469.8423300558934	1	0	1	1.7931455700661751
287276.3205870351	2000.0	2193.5217430211696	0.0	0	0.0	2469.842330055835	1	0	1	1.7931455700661816
288299.4951708023	2000.0	2170.3471592540154	0.0	0	0.0	2469.842330055835	1	0	1	1.7931455700661816
289200.0	2000.0	2269.842330056243	0.0	0	5.9946546209394	2469.842330055835	1	0	1	1.7931455700661816
290200.0	2000.0	2269.842330056224	0.0	0	179.05227874714183	2469.842330055835	1	0	1	1.7931455700661816
291200.0	2000.0	2269.8423300562195	0.0	0	40.37115148885641	2469.8423300558934	1	0	1	1.7931455700661751
292333.087320022	2000.0	2136.7550100341923	0.0	0	0.0	2469.842330055835	1	0	1	1.7931455700661816
293427.8547380978	2000.0	2041.9875919583762	0.0	0	0.0	2469.842330055835	1	0	1	1.7931455700661816
294462.5146898901	2000.0	2007.3276401660896	0.0	0	0.0	2469.842330055835	1	0	1	1.7931455700661816
295702.0984879386	2000.0	1767.743842117585	0.0	0	0.0	2469.842330055777	1	0	1	1.793145570066188
296555.9712787339	2000.0	1913.8710513222284	0.0	0	0.0	2469.842330055777	1	0	1	1.793145570066188
297200.0	2000.0	2269.8423300561185	0.0	0	8.706995176908094	2469.842330055835	1	0	1	1.7931455700661816
298200.0	2000.0	2269.8423300561635	0.0	0	335.1098989864113	2469.8423300558934	1	0	1	1.7931455700661751
299200.0	2000.0	2269.842330056137	0.0	0	151.0703327288502	2469.8423300558934	1	0	1	1.7931455700661751
300200.0	2000.0	2269.8423300560853	0.0	0	205.2574191345484	2469.842330055835	1	0	1	1.7931455700661802
2.13	1.71	2.56	2.12	1.64	1.09	1.1	2.15	1.81	1.1	1.38	1.58	2.32	1.92	1.75	2.27	3.17	3.81	3.76	4.34	2.73	2.55	2.51	2.87	3.43	2.56	2.27	2.22	1.88	2.22	2.09	2.17	1.91	2.75	2.83	2.51	2.02	2.07	1.32	1.58	2.58	2.5	1.93	2.65	3.22	2.57	1.78	1.98	1.37	1.02	1.7	1.92	2.11	2.57	3.78	3.97	2.11	2.63	2.17	3.2	2.55	0.96	1.14	2.13	3.13	1.74	1.82	1.93	2.61	2.95	2.07	2.25	1.99	2.25	2.24	2.32	2.93	2.14	2.27	2.69	2.64	2.56	1.74	1.7	2.39	2.11	1.78	2.07	2.88	1.82	2.53	3.01	4.21	2.65	3.06	2.68	3.22	2.05	1.76	2.33	1.91	1.78	1.78	2.0	3.17	2.84	2.99	3.7	3.37	2.59	2.17	2.86	1.9	1.77	2.15	1.9	2.37	2.61	2.87	4.02	3.41	2.79	1.93	2.61	3.07	3.05	1.73	1.49	2.0	2.85	1.84	2.06	2.46	2.86	2.78	2.07	2.65	1.68	2.42	2.35	1.77	2.34	2.79	2.31	1.85	2.19	1.75	1.91	2.0	2.84	2.13	1.71	2.56	2.12	1.64	1.09	1.1	2.15	1.81	1.1	1.38	1.58	2.32	1.92	1.75	2.27	3.17	3.81	3.76	4.34	2.73	2.55	2.51	2.87	3.43	2.56	2.27	2.22	1.88	2.22	2.09	2.17	1.91	2.75	2.83	2.51	2.02	2.07	1.32	1.58	2.58	2.5	1.93	2.65	3.22	2.57	1.78	1.98	1.37	1.02	1.7	1.92	2.11	2.57	3.78	3.97	2.11	2.63	2.17	3.2	2.55	0.96	1.14	2.13	3.13	1.74	1.82	1.93	2.61	2.95	2.07	2.25	1.99	2.25	2.24	2.32	2.93	2.14	2.27	2.69	2.64	2.56	1.74	1.7	2.39	2.11	1.78	2.07	2.88	1.82	2.53	3.01	4.21	2.65	3.06	2.68	3.22	2.05	1.76	2.33	1.91	1.78	1.78	2.0	3.17	2.84	2.99	3.7	3.37	2.59	2.17	2.86	1.9	1.77	2.15	1.9	2.37	2.61	2.87	4.02	3.41	2.79	1.93	2.61	3.07	3.05	1.73	1.49	2.0	2.85	1.84	2.06	2.46	2.86	2.78	2.07	2.65	1.68	2.42	2.35	1.77	2.34	2.79	2.31	1.85	2.19	1.75	1.91
1.0	2.0	3.0	4.0	5.0	6.0	7.0	8.0	9.0	10.0	11.0	12.0	13.0	14.0	15.0	16.0	17.0	18.0	19.0	20.0	21.0	22.0	23.0	24.0	25.0	26.0	27.0	28.0	29.0	30.0	31.0	32.0	33.0	34.0	35.0	36.0	37.0	38.0	39.0	40.0	41.0	42.0	43.0	44.0	45.0	46.0	47.0	48.0	49.0	50.0	51.0	52.0	53.0	54.0	55.0	56.0	57.0	58.0	59.0	60.0	61.0	62.0	63.0	64.0	65.0	66.0	67.0	68.0	69.0	70.0	71.0	72.0	73.0	74.0	75.0	76.0	77.0	78.0	79.0	80.0	81.0	82.0	83.0	84.0	85.0	86.0	87.0	88.0	89.0	90.0	91.0	92.0	93.0	94.0	95.0	96.0	97.0	98.0	99.0	100.0	101.0	102.0	103.0	104.0	105.0	106.0	107.0	108.0	109.0	110.0	111.0	112.0	113.0	114.0	115.0	116.0	117.0	118.0	119.0	120.0	121.0	122.0	123.0	124.0	125.0	126.0	127.0	128.0	129.0	130.0	131.0	132.0	133.0	134.0	135.0	136.0	137.0	138.0	139.0	140.0	141.0	142.0	143.0	144.0	145.0	146.0	147.0	148.0	149.0	149.0	150.0	151.0	152.0	153.0	154.0	155.0	156.0	157.0	158.0	159.0	160.0	161.0	162.0	163.0	164.0	165.0	166.0	167.0	168.0	169.0	170.0	171.0	172.0	173.0	174.0	175.0	176.0	177.0	178.0	179.0	180.0	181.0	182.0	183.0	184.0	185.0	186.0	187.0	188.0	189.0	190.0	191.0	192.0	193.0	194.0	195.0	196.0	197.0	198.0	199.0	200.0	201.0	202.0	203.0	204.0	205.0	206.0	207.0	208.0	209.0	210.0	211.0	212.0	213.0	214.0	215.0	216.0	217.0	218.0	219.0	220.0	221.0	222.0	223.0	224.0	225.0	226.0	227.0	228.0	229.0	230.0	231.0	232.0	233.0	234.0	235.0	236.0	237.0	238.0	239.0	240.0	241.0	242.0	243.0	244.0	245.0	246.0	247.0	248.0	249.0	250.0	251.0	252.0	253.0	254.0	255.0	256.0	257.0	258.0	259.0	260.0	261.0	262.0	263.0	264.0	265.0	266.0	267.0	268.0	269.0	270.0	271.0	272.0	273.0	274.0	275.0	276.0	277.0	278.0	279.0	280.0	281.0	282.0	283.0	284.0	285.0	286.0	287.0	288.0	289.0	290.0	291.0	292.0	293.0	294.0	295.0	296.0	297.0
5673.772821649184
