2471.040776624207	300.0	2000.0	79.88595253784212	0	0.0	2471.040776624207	1	0	1	-0.5819947856607738
3200.0	300.0	2271.0407766242065	0.0	0	654.8453544276663	2471.040776624207	1	0	1	-0.10410706624379515
4200.0	300.0	2271.0407766242065	0.0	0	854.1109411098137	2471.040776624207	1	0	1	-0.10410706624379515
5200.0	500.0	2271.040776624206	0.0	0	756.0088018939514	2471.040776624207	1	0	1	-0.10410706624379512
6200.0	500.0	2271.0407766242047	0.0	0	755.5834323924564	2471.0407766242056	1	0	1	0.40671855752219566
7200.0	500.0	2271.040776624205	0.0	0	822.2206693260841	2471.040776624206	1	0	1	0.4067185575221957
8200.0	500.0	2271.040776624206	0.0	0	799.4647390162972	2471.040776624206	1	0	1	0.4067185575221957
9200.0	1000.0	2271.040776624205	0.0	0	678.4110782053958	2471.040776624205	1	0	1	0.40671855752219577
10200.0	1000.0	2271.040776624203	0.0	0	616.1706467148688	2471.0407766242033	1	0	1	1.0998657380821413
11200.0	2000.0	2271.0407766242024	0.0	0	388.8505917621442	2471.0407766242024	1	0	1	1.0998657380821415
12200.0	2000.0	2271.0407766242006	0.0	0	323.2545376807484	2471.0407766242024	1	0	1	1.793012918642087
13279.28475270912	3000.0	2191.75602391508	0.0	0	0.0	2471.0407766242024	1	0	1	1.793012918642087
14200.0	3000.0	2271.0407766242015	0.0	0	118.57597260242619	2471.0407766242024	1	0	1	2.1984780267502515
15526.683966473018	3000.0	1944.3568101511837	0.0	0	0.0	2471.0407766242024	1	0	1	2.1984780267502515
16996.836566758608	3000.0	1474.2042098655916	0.0	0	0.0	2471.0407766242006	1	0	1	2.1984780267502515
18365.90352154565	3000.0	1105.1372550785482	0.0	0	0.0	2471.0407766242006	1	0	1	2.1984780267502515
19166.463893110606	2000.0	1304.5768835135948	0.0	0	0.0	2471.0407766241988	1	0	1	1.3875478105339225
19868.59942724313	2000.0	1602.44134938107	0.0	0	0.0	2471.0407766242024	1	0	1	1.793012918642087
20374.313445231146	2000.0	2096.7273313930555	0.0	0	0.0	2471.0407766242024	1	0	1	1.793012918642087
21200.0	2000.0	2271.0407766241997	0.0	0	417.0116689528659	2471.0407766242024	1	0	1	1.793012918642087
22200.0	2000.0	2271.0407766242024	0.0	0	571.2938141028499	2471.0407766241988	1	0	1	1.7930129186420871
23200.0	3000.0	2271.040776624203	0.0	0	396.4638186496959	2471.0407766241988	1	0	1	1.7930129186420873
24654.15622122992	3000.0	1816.8845553942808	0.0	0	0.0	2471.0407766241988	1	0	1	2.198478026750252
26402.685685908826	3000.0	1068.35509071538	0.0	0	0.0	2471.0407766241988	1	0	1	2.198478026750252
27405.87856639382	3000.0	1065.162210230385	0.0	0	0.0	2471.0407766241988	1	0	1	2.198478026750252
28498.130205125537	3000.0	972.910571498672	0.0	0	0.0	2471.0407766241988	1	0	1	2.198478026750252
29623.125933107578	3000.0	847.9148435166305	0.0	0	0.0	2471.040776624195	1	0	1	2.1984780267502524
30653.996220583773	3000.0	817.0445560404357	0.0	0	0.0	2471.0407766241915	1	0	1	2.198478026750253
31455.323134620026	2000.0	1015.7176420041841	0.0	0	0.0	2471.0407766241915	1	0	1	1.3875478105339232
31861.246324686366	2000.0	1609.7944519378443	0.0	0	0.0	2471.0407766241915	1	0	1	1.7930129186420878
32502.04815420578	3000.0	1968.992622418434	0.0	0	0.0	2471.0407766241915	1	0	1	1.793012918642088
33200.0	3000.0	2271.0407766242183	0.0	0	22.616598354972666	2471.0407766241988	1	0	1	2.1984780267502524
34200.0	3000.0	2271.0407766242097	0.0	0	400.39724949879746	2471.040776624188	1	0	1	2.1984780267502524
35200.0	3000.0	2271.040776624208	0.0	0	124.43424960591074	2471.040776624188	1	0	1	2.198478026750253
36200.0	3000.0	2271.040776624209	0.0	0	304.631471259745	2471.0407766241915	1	0	1	2.198478026750253
37200.0	3000.0	2271.0407766242074	0.0	0	411.81454969538754	2471.0407766241915	1	0	1	2.198478026750253
38200.0	3000.0	2271.040776624205	0.0	0	440.4821629297876	2471.0407766241915	1	0	1	2.198478026750253
39200.0	3000.0	2271.0407766242142	0.0	0	139.84936455850402	2471.0407766241915	1	0	1	2.198478026750253
40610.27728409373	3000.0	1860.763492530482	0.0	0	0.0	2471.0407766241915	1	0	1	2.198478026750253
41606.89657249127	3000.0	1864.1442041329383	0.0	0	0.0	2471.0407766241915	1	0	1	2.198478026750253
42441.404358752196	3000.0	2029.6364178720073	0.0	0	0.0	2471.0407766241915	1	0	1	2.198478026750253
44494.90724560843	3000.0	976.1335310157741	0.0	0	0.0	2471.0407766241915	1	0	1	2.198478026750253
45957.751447815586	3000.0	513.2893288086162	0.0	0	0.0	2471.0407766241915	1	0	1	2.198478026750253
46757.52445032898	3000.0	713.5163262952251	0.0	0	0.0	2471.0407766241988	1	0	1	2.198478026750252
47809.90864029775	3000.0	661.132136326458	0.0	0	0.0	2471.0407766241988	1	0	1	2.198478026750252
48654.269944432745	3000.0	816.7708321914596	0.0	0	0.0	2471.0407766241988	1	0	1	2.198478026750252
49784.733526892676	3000.0	686.3072497315284	0.0	0	0.0	2471.040776624206	1	0	1	2.198478026750251
50375.00541604422	3000.0	1096.0353605799846	0.0	0	0.0	2471.040776624206	1	0	1	2.198478026750251
51020.59025159921	3000.0	1450.4505250249906	0.0	0	0.0	2471.0407766241988	1	0	1	2.198478026750252
51978.508268801	3000.0	1492.532507823205	0.0	0	0.0	2471.0407766241988	1	0	1	2.198478026750252
53908.77680778899	3000.0	562.2639688352086	0.0	0	0.0	2471.0407766241988	1	0	1	2.198478026750252
55158.827988388985	3000.0	418.84934987976277	106.6365616445427	0	0.0	2577.677338268739	1	0	1	1.5462359630396256
56656.508594825995	3000.0	324.922643921425	403.75390047867097	0	0.0	2981.431238747413	1	0	1	-0.29553863420203336
57845.72499319359	3000.0	473.4114282919378	337.7051827381	0	0.0	3319.136421485513	1	0	1	0.02979632627783979
58571.75026991576	2000.0	747.3861515697598	0.0	0	0.0	3319.136421485513	1	0	1	1.2450972064901107
60208.17110762817	2000.0	200.0	89.03468614264341	0	0.0	3408.171107628157	1	0	1	1.1119109071700821
61762.34170086822	2000.0	255.71782148905018	609.8884147291086	0	0.0	4018.0595223572673	1	0	1	-2.234040707225806
62436.28132146021	1000.0	645.3258086436533	119.03779073252858	0	0.0	4081.6071301038537	1	0	2	-1.1127724510003472
63099.94622240702	1000.0	915.29441760216	0.0	0	0.0	4015.2406400091713	1	0	2	0.5236076621984125
63656.34982290046	1000.0	1303.2504570593678	0.0	0	0.0	3959.6002799598064	1	0	2	0.5479747815530281
64248.40996638955	1000.0	1651.9842992213792	0.0	0	0.0	3900.3942656108993	1	0	2	0.5717031501713378
64598.62383097681	1000.0	2266.749048175396	0.0	0	0.0	3865.372879152179	1	0	2	0.5878010584398716
64921.030242990804	1000.0	2912.1019949600027	0.0	0	0.0	3833.1322379507837	1	0	2	0.6000580566483652
65322.493539919924	1000.0	3470.4923683379693	0.0	0	0.0	3792.9859082578623	1	0	2	0.6138505696410483
66200.0	1000.0	3505.2352622498793	0.0	0	651.8546097573198	3705.235262249844	1	0	2	0.6343094914735958
67200.0	2000.0	3405.2352622498647	0.0	0	582.8540802974167	3605.235262249822	1	0	2	0.6670918498128452
68200.0	3000.0	3305.23526224988	0.0	0	257.06273000755755	3505.235262249844	1	0	2	1.391566255147367
69200.0	3000.0	3305.2352622498734	0.0	0	135.17611946861143	3505.235262249844	1	0	1	1.8075715565004857
70200.0	3000.0	3205.2352622498925	0.0	0	124.65580959498766	3405.2352622498584	1	0	2	1.626164266341489
71200.0	3000.0	3105.235262249888	0.0	0	322.9221552771487	3305.235262249844	1	0	2	1.8503401700188613
72350.65006336481	3000.0	2954.585198885081	0.0	0	0.0	3305.235262249844	1	0	1	1.8593436471653941
73384.59264344198	3000.0	2920.642618807913	0.0	0	0.0	3305.235262249844	1	0	1	2.0593436471653943
74200.0	3000.0	3105.23526224988	0.0	0	103.77305740823795	3305.235262249844	1	0	1	2.0593436471653943
75200.0	3000.0	3105.2352622498765	0.0	0	280.2658939141402	3305.235262249844	1	0	1	2.0593436471653943
76790.47800860288	3000.0	2514.757253646998	0.0	0	0.0	3305.2352622498292	1	0	1	2.0593436471653974
77864.38024471774	3000.0	2333.464793920637	0.0	0	0.0	3197.845038638334	1	0	2	1.6765629164676135
78845.27335624353	3000.0	2352.571682394847	0.0	0	0.0	3197.845038638334	1	0	1	1.8836442381163359
79866.9232429903	3000.0	2330.9217956480766	0.0	0	0.0	3197.845038638334	1	0	1	2.083644238116336
80593.04165543076	3000.0	2604.8033832076167	0.0	0	0.0	3197.8450386383483	1	0	1	2.083644238116333
81200.0	3000.0	2937.149204181456	0.0	0	153.60238595871488	3137.14920418142	1	0	2	1.6916779998579594
82200.0	3000.0	2837.1492041814618	0.0	0	368.61106279272644	3037.1492041814345	1	0	2	1.908732653286095
83200.0	3000.0	2837.1492041814613	0.0	0	630.9377901286935	3037.1492041814345	1	0	1	1.9159449876783214
84200.0	3000.0	2837.1492041814595	0.0	0	282.75936538845417	3037.1492041814345	1	0	1	2.1159449876783216
85200.0	3000.0	2737.1492041814404	0.0	0	354.4331337138574	2937.14920418142	1	0	2	1.7272460920692159
86341.4079040912	3000.0	2481.6005096811177	0.0	0	0.0	2823.008413772288	1	0	2	1.9476398706176574
87494.47670648206	3000.0	2328.531707290255	0.0	0	0.0	2823.008413772288	1	0	1	1.9523123451745128
89014.91041103048	3000.0	1808.0980027418555	0.0	0	0.0	2823.008413772288	1	0	1	2.152312345174513
89877.53550002948	3000.0	1945.4729137428394	0.0	0	0.0	2823.0084137722733	1	0	1	2.152312345174515
90778.81867004633	3000.0	2044.1897437259981	0.0	0	0.0	2823.008413772259	1	0	1	2.1523123451745176
91777.23615759678	3000.0	2045.772256175548	0.0	0	0.0	2823.008413772259	1	0	1	2.1523123451745176
92615.50662761205	3000.0	2207.501786160278	0.0	0	0.0	2823.0084137722442	1	0	1	2.1523123451745194
93699.98865010795	3000.0	2123.019763664395	0.0	0	0.0	2823.0084137722442	1	0	1	2.1523123451745194
94541.33814934027	3000.0	2281.6702644320576	0.0	0	0.0	2823.0084137722442	1	0	1	2.1523123451745194
95201.036815468	3000.0	2621.971598304327	0.0	0	0.0	2823.0084137722442	1	0	1	2.1523123451745194
96200.0	3000.0	2523.112095319109	0.0	0	136.7820814698207	2723.1120953190402	1	0	2	1.762353990443915
97239.07815296012	3000.0	2484.033942358994	0.0	0	0.0	2723.1120953190402	1	0	1	1.966985037464687
98200.0	3000.0	2523.1120953190966	0.0	0	163.26917790710286	2723.1120953190402	1	0	1	2.166985037464687
99200.0	3000.0	2523.1120953191016	0.0	0	28.604187865756103	2723.1120953190402	1	0	1	2.166985037464687
100200.0	3000.0	2523.1120953190875	0.0	0	443.9983405568928	2723.1120953190402	1	0	1	2.166985037464687
101200.0	3000.0	2523.112095319078	0.0	0	491.7166176100436	2723.1120953190402	1	0	1	2.166985037464687
102200.0	3000.0	2523.112095319076	0.0	0	302.92955252130923	2723.1120953190402	1	0	1	2.166985037464687
103200.0	3000.0	2523.112095319072	0.0	0	284.2115668091428	2723.1120953190257	1	0	1	2.1669850374646895
104405.73172014616	3000.0	2317.3803751729197	0.0	0	0.0	2723.1120953190402	1	0	1	2.166985037464687
105457.30268563448	3000.0	2265.809409684588	0.0	0	0.0	2723.1120953190402	1	0	1	2.166985037464687
106279.69587384381	3000.0	2443.4162214752505	0.0	0	0.0	2723.1120953190402	1	0	1	2.166985037464687
107200.0	3000.0	2523.112095319055	0.0	0	159.69976736792887	2723.1120953190402	1	0	1	2.166985037464687
108200.0	3000.0	2523.1120953190716	0.0	0	221.07309497437382	2723.1120953190402	1	0	1	2.166985037464687
109695.16882454723	3000.0	2027.943270771828	0.0	0	0.0	2723.1120953190402	1	0	1	2.166985037464687
110495.94379187153	3000.0	2227.168303447541	0.0	0	0.0	2723.1120953190402	1	0	1	2.166985037464687
111305.33933879866	3000.0	2417.7727565204164	0.0	0	0.0	2723.1120953190402	1	0	1	2.166985037464687
112314.42864602251	3000.0	2408.683449296559	0.0	0	0.0	2723.1120953190402	1	0	1	2.166985037464687
113200.0	3000.0	2523.1120953190666	0.0	0	260.5969031131681	2723.1120953190402	1	0	1	2.166985037464687
114323.74722744607	3000.0	2399.3648678729983	0.0	0	0.0	2723.1120953190402	1	0	1	2.166985037464687
115493.68478279846	3000.0	2229.4273125206155	0.0	0	0.0	2723.112095319055	1	0	1	2.166985037464685
116623.8235727384	3000.0	2099.288522580655	0.0	0	0.0	2723.112095319055	1	0	1	2.166985037464685
117496.33039447152	3000.0	2226.7817008475413	0.0	0	0.0	2723.112095319055	1	0	1	2.166985037464685
118557.84239368665	3000.0	2165.269701632399	0.0	0	0.0	2723.112095319055	1	0	1	2.166985037464685
119540.87416693429	3000.0	2083.9347510599987	0.0	0	0.0	2624.808917994291	1	0	2	1.776698821074565
120611.59128712538	3000.0	2013.2176308689013	0.0	0	0.0	2624.8089179943054	1	0	1	1.980156121728664
121708.41059386518	3000.0	1916.3983241291137	0.0	0	0.0	2624.8089179943054	1	0	1	2.1801561217286642
122647.34049426354	3000.0	1977.468423730755	0.0	0	0.0	2624.8089179943054	1	0	1	2.1801561217286642
123290.79893412758	3000.0	2334.0099838667156	0.0	0	0.0	2624.8089179943054	1	0	1	2.1801561217286642
124200.0	3000.0	2424.8089179942854	0.0	0	3.150379692102433	2624.8089179943054	1	0	1	2.1801561217286642
125249.57325918227	3000.0	2375.235658812021	0.0	0	0.0	2624.8089179943054	1	0	1	2.1801561217286642
126348.77597169396	3000.0	2276.032946300337	0.0	0	0.0	2624.8089179943054	1	0	1	2.1801561217286642
127365.02448696159	3000.0	2259.7844310327096	0.0	0	0.0	2624.8089179943054	1	0	1	2.1801561217286642
128341.12835362414	3000.0	2283.6805643701323	0.0	0	0.0	2624.8089179943054	1	0	1	2.1801561217286642
129239.02929988388	3000.0	2385.7796181103913	0.0	0	0.0	2624.8089179943054	1	0	1	2.1801561217286642
130200.0	3000.0	2424.808917994279	0.0	0	206.10873980748875	2624.8089179943054	1	0	1	2.1801561217286642
131200.0	3000.0	2424.808917994264	0.0	0	518.2118557401845	2624.8089179943054	1	0	1	2.1801561217286642
132200.0	3000.0	2424.8089179942945	0.0	0	500.10559614220983	2624.808917994349	1	0	1	2.1801561217286602
133200.0	3000.0	2424.80891799425	0.0	0	382.17191143435775	2624.808917994291	1	0	1	2.180156121728663
134200.0	3000.0	2424.80891799426	0.0	0	166.00876426702598	2624.808917994291	1	0	1	2.1801561217286656
135315.87681309538	3000.0	2308.932104898907	0.0	0	0.0	2624.808917994291	1	0	1	2.1801561217286656
136807.98020541627	3000.0	1816.8287125780475	0.0	0	0.0	2624.808917994291	1	0	1	2.1801561217286656
138524.37711636105	3000.0	1100.431801633254	0.0	0	0.0	2624.808917994291	1	0	1	2.1801561217286656
139250.25892873277	3000.0	1374.5499892615594	0.0	0	0.0	2624.808917994291	1	0	1	2.1801561217286656
140188.36401442045	3000.0	1436.444903573877	0.0	0	0.0	2624.80891799432	1	0	1	2.180156121728662
141424.07811643995	3000.0	1200.7308015543997	0.0	0	0.0	2624.80891799432	1	0	1	2.180156121728662
142568.59161597857	3000.0	1056.2173020157757	0.0	0	0.0	2624.80891799432	1	0	1	2.180156121728662
143222.31808771595	3000.0	1402.4908302783977	0.0	0	0.0	2624.808917994349	1	0	1	2.1801561217286585
143812.66797862118	3000.0	1812.1409393731751	0.0	0	0.0	2624.808917994349	1	0	1	2.1801561217286585
144456.6558911915	3000.0	2168.153026802837	0.0	0	0.0	2624.808917994378	1	0	1	2.180156121728655
145200.0	3000.0	2424.8089179943536	0.0	0	2.2676569572649896	2624.8089179944072	1	0	1	2.180156121728651
146200.0	3000.0	2424.8089179943486	0.0	0	465.87174776912434	2624.8089179944363	1	0	1	2.1801561217286474
147200.0	3000.0	2424.80891799435	0.0	0	87.34869526792318	2624.8089179944363	1	0	1	2.1801561217286474
148285.05393946575	3000.0	2339.7549785285937	0.0	0	0.0	2624.8089179944072	1	0	1	2.180156121728651
149478.75792719994	3000.0	2146.050990794418	0.0	0	0.0	2624.8089179944072	1	0	1	2.180156121728651
150401.43770735103	3000.0	2223.3712106433463	0.0	0	0.0	2624.808917994378	1	0	1	2.180156121728655
151200.0	3000.0	2424.808917994372	0.0	0	48.70307371506351	2624.808917994349	1	0	1	2.1801561217286585
152200.0	3000.0	2424.808917994349	0.0	0	567.9785289930878	2624.808917994349	1	0	1	2.1801561217286585
153550.3088938438	3000.0	2074.5000241505804	0.0	0	0.0	2624.808917994378	1	0	1	2.180156121728655
154437.4316322158	3000.0	2187.377285778561	0.0	0	0.0	2624.8089179944072	1	0	1	2.180156121728654
155354.8912191814	3000.0	2269.917698812963	0.0	0	0.0	2624.808917994378	1	0	1	2.180156121728655
156361.24436059178	3000.0	2263.5645574026016	0.0	0	0.0	2624.8089179944072	1	0	1	2.180156121728651
157349.50787182798	3000.0	2275.301046166366	0.0	0	0.0	2624.808917994378	1	0	1	2.1801561217286514
158317.89862705432	3000.0	2306.910290940046	0.0	0	0.0	2624.808917994378	1	0	1	2.180156121728655
159476.24033391807	3000.0	2148.56858407629	0.0	0	0.0	2624.808917994378	1	0	1	2.180156121728655
160611.22979092711	3000.0	2013.579127067248	0.0	0	0.0	2624.8089179944072	1	0	1	2.180156121728651
161696.42052541865	3000.0	1928.3883925757257	0.0	0	0.0	2624.8089179944654	1	0	1	2.1801561217286443
162865.59924336858	3000.0	1759.2096746258408	0.0	0	0.0	2624.8089179944654	1	0	1	2.1801561217286434
164370.23026137523	3000.0	1254.5786566191628	0.0	0	0.0	2624.8089179944945	1	0	1	2.18015612172864
166155.847897157	3000.0	468.96102083741766	0.0	0	0.0	2624.8089179944945	1	0	1	2.18015612172864
167241.95580509404	2000.0	469.4331094810102	86.5799965806454	0	0.0	2711.388914575102	1	0	1	0.8382095126869287
167949.43718164557	2000.0	761.9517329295007	0.0	0	0.0	2711.388914575131	1	0	1	1.7631546002789618
168662.47474777472	2000.0	1048.91416680038	0.0	0	0.0	2711.388914575131	1	0	1	1.7631546002789618
169367.7469939057	2000.0	1343.6419206694159	0.0	0	0.0	2711.388914575131	1	0	1	1.7631546002789618
170026.50941829532	2000.0	1684.8794962798097	0.0	0	0.0	2711.388914575131	1	0	1	1.7631546002789618
170699.75845827645	3000.0	2011.6304562986743	0.0	0	0.0	2711.38891457516	1	0	1	1.7631546002789578
171271.58031343733	3000.0	2439.8086011377804	0.0	0	0.0	2711.388914575131	1	0	1	2.1686197083871264
172200.0	3000.0	2418.546945918824	0.0	0	414.60643428814365	2618.5469459188753	1	0	2	1.776087869266456
173837.28829343544	3000.0	1781.2586524833648	0.0	0	0.0	2618.546945918846	1	0	1	1.9809549549037802
175151.6236187503	3000.0	1466.923327168512	0.0	0	0.0	2618.546945918846	1	0	1	2.1809549549037817
176589.95968169448	3000.0	1028.5872642243494	0.0	0	0.0	2618.5469459189044	1	0	1	2.1809549549037763
178079.64977276896	3000.0	538.8971731498709	0.0	0	0.0	2618.5469459188753	1	0	1	2.180954954903778
179353.45506142575	3000.0	311.9349108124273	46.84302631935492	0	0.0	2665.3899722382484	1	0	1	1.8938063890369417
180061.6571471963	2000.0	634.9355376059493	31.202712564061812	0	0.0	2696.592684802279	1	0	1	1.1725111615306065
180740.28930690468	2000.0	956.3033778975478	0.0	0	0.0	2696.59268480225	1	0	1	1.765192545023146
181364.7319001807	2000.0	1331.860784621532	0.0	0	0.0	2696.59268480225	1	0	1	1.765192545023146
181883.35750742516	2000.0	1813.2351773770733	0.0	0	0.0	2696.59268480225	1	0	1	1.765192545023146
182239.44873991236	2000.0	2457.1439448898927	0.0	0	0.0	2696.592684802279	1	0	1	1.765192545023142
183200.0	2000.0	2496.5926848022564	0.0	0	543.233212908468	2696.592684802279	1	0	1	1.765192545023142
184200.0	3000.0	2496.592684802245	0.0	0	24.258294787228806	2696.592684802279	1	0	1	1.7651925450231423
185321.7930515851	3000.0	2374.799633217139	0.0	0	0.0	2696.59268480225	1	0	1	2.1706576531313106
186200.0	3000.0	2496.5926848022264	0.0	0	6.050595845794305	2696.59268480225	1	0	1	2.1706576531313106
187200.0	3000.0	2496.592684802224	0.0	0	294.80326634051744	2696.592684802221	1	0	1	2.1706576531313146
188200.0	3000.0	2496.5926848022523	0.0	0	69.34998243305017	2696.59268480225	1	0	1	2.1706576531313106
189583.76478655948	3000.0	2112.827898242761	0.0	0	0.0	2696.59268480225	1	0	1	2.1706576531313106
190752.34322074184	3000.0	1944.2494640604118	0.0	0	0.0	2696.59268480225	1	0	1	2.1706576531313106
192475.95736446354	3000.0	1220.6353203387416	0.0	0	0.0	2696.59268480225	1	0	1	2.1706576531313106
194306.6105189249	3000.0	206.91685043125088	0.0	0	0.0	2513.527369356103	1	0	2	1.7885027789329988
195158.64987689233	2000.0	586.5612187336413	231.68372626982625	0	0.0	2745.211095625942	1	0	1	-0.23717773053920932
195865.03557514207	2000.0	880.1755204839164	0.0	0	0.0	2745.211095625942	1	0	1	1.758389735187913
196576.21600361014	2000.0	1168.995092015853	0.0	0	0.0	2745.211095625942	1	0	1	1.758389735187913
197043.0508689809	2000.0	1702.1602266450566	0.0	0	0.0	2745.211095625942	1	0	1	1.758389735187913
197820.6600967889	3000.0	1924.5509988370745	0.0	0	0.0	2745.211095625913	1	0	1	1.7583897351879176
198884.60417285518	3000.0	1754.2125151641521	0.0	0	0.0	2638.8166880192584	1	0	2	1.775251972046824
199401.36943235414	3000.0	2237.4472556652045	0.0	0	0.0	2638.8166880192584	1	0	1	1.9783521653635827
200200.0	3000.0	2438.816688019331	0.0	0	331.1705268760561	2638.8166880192584	1	0	1	2.1783521653635827
201519.5382748109	3000.0	2119.2784132084225	0.0	0	0.0	2638.8166880192875	1	0	1	2.1783521653635822
202892.9775985337	3000.0	1745.8390894855997	0.0	0	0.0	2638.8166880192875	1	0	1	2.178352165363579
204013.94145227422	3000.0	1624.875235745056	0.0	0	0.0	2638.8166880192875	1	0	1	2.178352165363579
205659.99017203946	3000.0	978.8265159797833	0.0	0	0.0	2638.8166880192584	1	0	1	2.1783521653635827
206704.87153995517	3000.0	933.9451480640905	0.0	0	0.0	2638.8166880192875	1	0	1	2.178352165363579
208223.6286365141	3000.0	415.1880515051635	0.0	0	0.0	2638.8166880192875	1	0	1	2.178352165363579
210241.8170705741	2000.0	200.0	803.0003825548633	0	0.0	3441.8170705741213	1	0	1	-3.5880352318041373
211394.36501377966	2000.0	414.2496951378497	366.79763834342776	0	0.0	3808.6147089175356	1	0	1	-0.695882411099638
212402.25919427577	2000.0	432.7552784646712	115.62652897502448	0	0.0	3835.0144727404695	1	0	2	0.3918311795609885
213262.1537879631	2000.0	487.93726853395015	0.9691301139590109	0	0.0	3750.091056497098	1	0	2	1.3116094431939076
214314.44340733852	2000.0	407.91289174679684	70.44927684168982	0	0.0	3722.356299085397	1	0	2	0.9031724251376967
214651.57935467703	1000.0	1037.0633496744385	0.0	0	0.0	3688.642704351514	1	0	2	-0.04259070938166104
214934.45685051335	1000.0	1725.898104254494	0.0	0	0.0	3660.354954767885	1	0	2	0.6601596373210183
215304.556418014	1000.0	2318.7885800037716	0.0	0	0.0	3623.3449980177975	1	0	2	0.6713231439856433
215924.3947051281	2000.0	2636.9664641782692	0.0	0	0.0	3561.3611693063867	1	0	2	0.6878410962862692
216446.6924390119	2000.0	3062.4389569061045	0.0	0	0.0	3509.131395917997	1	0	2	1.3966483369646676
217636.1683567741	3000.0	2754.0154473677094	0.0	0	0.0	3390.183804141794	1	0	2	1.4254949148776872
218421.73163006088	3000.0	2889.8958467522502	0.0	0	0.0	3311.627476813068	1	0	2	1.8535595732680825
219200.0	3000.0	3033.800639819254	0.0	0	176.6308624295052	3233.8006398192083	1	0	2	1.8694589175637437
220200.0	3000.0	2933.800639819264	0.0	0	351.78895697862026	3133.8006398192083	1	0	2	1.889251092566818
221200.0	3000.0	2833.8006398192706	0.0	0	51.96959773550043	3033.8006398192665	1	0	2	1.9110144546728818
222200.0	3000.0	2833.800639819293	0.0	0	232.29569832410198	3033.8006398192665	1	0	1	1.9165698051589577
223200.0	3000.0	2833.8006398192465	0.0	0	466.3993496927433	3033.8006398192665	1	0	1	2.116569805158958
224200.0	3000.0	2833.800639819238	0.0	0	302.37253762429464	3033.8006398192374	1	0	1	2.116569805158963
225574.12936417863	3000.0	2459.6712756406073	0.0	0	0.0	3033.8006398192374	1	0	1	2.116569805158963
226235.14319448537	3000.0	2798.657445333863	0.0	0	0.0	3033.8006398192374	1	0	1	2.116569805158963
227714.56774207336	3000.0	2319.2328977458983	0.0	0	0.0	3033.8006398192665	1	0	1	2.11656980515896
228506.0367574254	3000.0	2527.7638823938137	0.0	0	0.0	3033.8006398192665	1	0	1	2.116569805158958
229231.75800718492	3000.0	2802.042632634292	0.0	0	0.0	3033.8006398192665	1	0	1	2.116569805158958
230200.0	3000.0	2833.8006398191983	0.0	0	371.42469282326056	3033.8006398192665	1	0	1	2.116569805158958
231200.0	3000.0	2833.8006398191783	0.0	0	609.83957639453	3033.8006398192665	1	0	1	2.116569805158958
232200.0	3000.0	2733.800639819124	0.0	0	566.6894301718567	2933.800639819179	1	0	2	1.7274637501400822
233200.0	3000.0	2633.800639819126	0.0	0	598.0594519749866	2833.800639819179	1	0	2	1.944258961921026
234200.0	3000.0	2633.800639819113	0.0	0	435.6112558040477	2833.800639819179	1	0	1	1.950644776940159
235200.0	3000.0	2633.8006398190996	0.0	0	170.30351425439585	2833.800639819179	1	0	1	2.150644776940159
236349.62360038183	3000.0	2484.1770394372897	0.0	0	0.0	2833.8006398192083	1	0	1	2.150644776940158
237655.69130845997	3000.0	2047.5025605513517	0.0	0	0.0	2703.1938690114184	1	0	2	1.7652816259923634
238932.136774902	3000.0	1643.4125474651387	0.0	0	0.0	2575.5493223672383	1	0	2	1.9827949427552387
239949.9477443856	3000.0	1625.6015779815118	0.0	0	0.0	2575.5493223672383	1	0	1	1.9863155951695621
240981.09562862475	3000.0	1594.4536937423677	0.0	0	0.0	2575.5493223672675	1	0	1	2.1863155951695585
241885.56127973675	3000.0	1689.988042630392	0.0	0	0.0	2575.5493223672675	1	0	1	2.1863155951695585
242746.55828119646	3000.0	1828.9910411706765	0.0	0	0.0	2575.5493223672675	1	0	1	2.1863155951695585
243486.51709286767	3000.0	2089.0322294994476	0.0	0	0.0	2575.5493223672675	1	0	1	2.1863155951695585
244619.51483633244	3000.0	1956.0344860346618	0.0	0	0.0	2575.5493223672675	1	0	1	2.1863155951695585
245667.45213437485	3000.0	1908.0971879922454	0.0	0	0.0	2575.5493223672383	1	0	1	2.186315595169562
246579.2848033361	3000.0	1996.2645190310036	0.0	0	0.0	2575.5493223672675	1	0	1	2.1863155951695608
247426.96817249968	3000.0	2148.5811498674248	0.0	0	0.0	2575.5493223672383	1	0	1	2.186315595169562
248289.6302009416	3000.0	2285.919121425478	0.0	0	0.0	2575.5493223672092	1	0	1	2.1863155951695656
249200.0	3000.0	2375.549322367056	0.0	0	464.94752571044955	2575.5493223672092	1	0	1	2.1863155951695656
250200.0	3000.0	2375.549322367064	0.0	0	336.116348025942	2575.5493223672092	1	0	1	2.1863155951695656
251200.0	3000.0	2375.549322367092	0.0	0	106.60518701057299	2575.5493223672383	1	0	1	2.186315595169562
252200.0	3000.0	2375.549322367043	0.0	0	187.1394826217438	2575.5493223672383	1	0	1	2.186315595169562
253200.0	3000.0	2375.549322367044	0.0	0	105.89405159789021	2575.5493223672383	1	0	1	2.186315595169562
254200.0	3000.0	2375.549322367071	0.0	0	272.8759856946708	2575.5493223672383	1	0	1	2.186315595169562
255224.12038368217	3000.0	2351.4289386849055	0.0	0	0.0	2575.5493223672383	1	0	1	2.186315595169562
256200.0	3000.0	2375.549322367062	0.0	0	309.3967758184299	2575.5493223672383	1	0	1	2.186315595169562
257200.0	3000.0	2375.549322367036	0.0	0	8.134351402230095	2575.5493223672092	1	0	1	2.1863155951695656
258287.3368223999	3000.0	2288.21249996719	0.0	0	0.0	2575.5493223672092	1	0	1	2.1863155951695656
259200.0	3000.0	2375.5493223670974	0.0	0	137.78475492424332	2575.5493223672092	1	0	1	2.1863155951695656
260200.0	3000.0	2375.5493223670674	0.0	0	79.00288716491195	2575.5493223672092	1	0	1	2.1863155951695656
261200.0	3000.0	2375.549322367056	0.0	0	10.807000753789907	2575.5493223672092	1	0	1	2.1863155951695656
262200.0	3000.0	2375.5493223670805	0.0	0	211.24642525345553	2575.5493223672092	1	0	1	2.1863155951695656
263279.0592862612	3000.0	2296.49003610593	0.0	0	0.0	2575.5493223672675	1	0	1	2.1863155951695603
264499.4648232236	3000.0	2076.0844991435656	0.0	0	0.0	2575.5493223672675	1	0	1	2.1863155951695603
265412.07246963965	3000.0	2163.4768527274973	0.0	0	0.0	2575.5493223672383	1	0	1	2.186315595169562
266216.9093116892	3000.0	2358.6400106780334	0.0	0	0.0	2575.5493223672383	1	0	1	2.186315595169562
267200.0	3000.0	2375.5493223672106	0.0	0	359.057749939675	2575.5493223672383	1	0	1	2.186315595169562
268390.6756309055	3000.0	2184.873691461734	0.0	0	0.0	2575.5493223672383	1	0	1	2.186315595169562
269352.6041355551	3000.0	2222.945186812166	0.0	0	0.0	2575.5493223672383	1	0	1	2.186315595169562
270263.55994457845	3000.0	2311.989377788824	0.0	0	0.0	2575.5493223672383	1	0	1	2.186315595169562
271200.0	3000.0	2375.549322367349	0.0	0	67.33707249269355	2575.5493223672966	1	0	1	2.186315595169555
272200.0	3000.0	2375.5493223672775	0.0	0	176.30173945025308	2575.5493223672966	1	0	1	2.186315595169555
273200.0	3000.0	2375.5493223673043	0.0	0	210.1472111576004	2575.5493223672966	1	0	1	2.186315595169555
274405.96087190177	3000.0	2169.588450465493	0.0	0	0.0	2575.5493223672383	1	0	1	2.186315595169562
275922.2430430385	3000.0	1653.306279328687	0.0	0	0.0	2575.54932236718	1	0	1	2.186315595169568
277089.46283783164	3000.0	1486.0864845355595	0.0	0	0.0	2575.549322367122	1	0	1	2.1863155951695763
277984.2483720177	3000.0	1591.3009503495055	0.0	0	0.0	2575.549322367122	1	0	1	2.1863155951695763
278806.02674645494	3000.0	1769.5225759123034	0.0	0	0.0	2575.54932236718	1	0	1	2.186315595169569
279689.92249866924	3000.0	1885.626823697973	0.0	0	0.0	2575.54932236718	1	0	1	2.186315595169569
280408.5836221387	3000.0	2166.9657002284944	0.0	0	0.0	2575.54932236718	1	0	1	2.186315595169569
281200.0	3000.0	2375.5493223672393	0.0	0	202.53256029303884	2575.5493223672383	1	0	1	2.186315595169562
282200.0	3000.0	2375.5493223672215	0.0	0	186.10907950863475	2575.5493223672383	1	0	1	2.186315595169562
283200.0	3000.0	2375.549322367168	0.0	0	419.50031852861866	2575.54932236718	1	0	1	2.186315595169569
284200.0	3000.0	2375.549322367237	0.0	0	37.15234825114021	2575.549322367122	1	0	1	2.1863155951695763
285200.0	3000.0	2375.5493223672456	0.0	0	172.90776313649258	2575.549322367122	1	0	1	2.1863155951695763
286335.5755254207	3000.0	2239.973796946499	0.0	0	0.0	2575.5493223670637	1	0	1	2.186315595169578
287320.491791103	3000.0	2255.05753126429	0.0	0	0.0	2575.549322367122	1	0	1	2.1863155951695763
288483.44338572957	3000.0	1975.81077717512	0.0	0	0.0	2459.2541629045154	1	0	2	1.7964776563180207
289527.7201701423	3000.0	1931.5339927623497	0.0	0	0.0	2459.2541629045154	1	0	1	1.9997761496628157
290753.7669256202	3000.0	1705.48723728442	0.0	0	0.0	2459.2541629045154	1	0	1	2.199776149662816
291948.6733795893	3000.0	1510.5807833153503	0.0	0	0.0	2459.2541629045154	1	0	1	2.199776149662816
292720.39614433615	3000.0	1738.8580185685005	0.0	0	0.0	2459.2541629045154	1	0	1	2.199776149662816
293474.65812905616	3000.0	1984.5960338484913	0.0	0	0.0	2459.2541629045154	1	0	1	2.199776149662816
294384.1920891303	3000.0	2075.062073774382	0.0	0	0.0	2459.2541629045154	1	0	1	2.199776149662811
295200.0	3000.0	2259.2541629046846	0.0	0	86.65769432327943	2459.254162904457	1	0	1	2.1997761496628225
296200.0	3000.0	2259.2541629047123	0.0	0	224.41636683710385	2459.254162904457	1	0	1	2.1997761496628225
297605.15193608357	3000.0	1854.1022268211686	0.0	0	0.0	2459.2541629045154	1	0	1	2.199776149662816
298592.8552951541	3000.0	1866.3988677507532	0.0	0	0.0	2459.2541629045154	1	0	1	2.199776149662816
299554.47283750924	3000.0	1904.781325395615	0.0	0	0.0	2459.2541629045736	1	0	1	2.1997761496628097
300200.0	3000.0	2259.2541629048433	0.0	0	137.59594018716598	2459.2541629045736	1	0	1	2.1997761496628097
6.17	2.32	2.86	2.87	3.01	3.8	4.29	3.07	2.39	2.81	3.37	3.43	2.46	1.84	1.47	2.59	2.87	3.22	4.03	5.35	5.39	2.03	2.28	1.41	2.58	2.48	2.99	2.21	3.23	4.43	4.9	4.05	4.27	3.13	4.11	5.07	3.0	1.92	2.98	3.6	1.8	1.89	2.26	2.57	3.54	3.75	3.03	4.29	5.5	2.54	1.32	2.31	2.44	1.58	2.61	3.32	2.02	1.03	1.36	1.76	1.92	1.75	2.7	3.95	4.22	3.01	3.46	4.4	4.87	3.45	3.35	4.47	3.37	1.54	3.49	2.25	3.41	4.46	5.76	6.9	8.38	5.28	4.87	2.98	3.37	2.51	3.0	3.49	3.94	2.5	3.09	4.33	3.5	3.87	3.86	3.17	4.33	5.5	5.61	3.88	4.66	3.24	3.71	3.9	4.03	3.48	2.49	3.08	4.17	3.28	3.86	3.56	2.5	3.32	4.12	3.7	3.1	3.23	3.52	3.78	4.41	3.7	2.37	2.72	2.98	3.29	3.43	4.12	5.14	4.95	4.62	4.3	2.8	2.86	2.14	2.4	3.06	3.15	2.42	2.43	3.72	4.66	4.45	5.83	4.36	2.63	2.73	3.53	4.83	6.21	6.17	2.32	2.86	2.87	3.01	3.8	4.29	3.07	2.39	2.81	3.37	3.43	2.46	1.84	1.47	2.59	2.87	3.22	4.03	5.35	5.39	2.03	2.28	1.41	2.58	2.48	2.99	2.21	3.23	4.43	4.9	4.05	4.27	3.13	4.11	5.07	3.0	1.92	2.98	3.6	1.8	1.89	2.26	2.57	3.54	3.75	3.03	4.29	5.5	2.54	1.32	2.31	2.44	1.58	2.61	3.32	2.02	1.03	1.36	1.76	1.92	1.75	2.7	3.95	4.22	3.01	3.46	4.4	4.87	3.45	3.35	4.47	3.37	1.54	3.49	2.25	3.41	4.46	5.76	6.9	8.38	5.28	4.87	2.98	3.37	2.51	3.0	3.49	3.94	2.5	3.09	4.33	3.5	3.87	3.86	3.17	4.33	5.5	5.61	3.88	4.66	3.24	3.71	3.9	4.03	3.48	2.49	3.08	4.17	3.28	3.86	3.56	2.5	3.32	4.12	3.7	3.1	3.23	3.52	3.78	4.41	3.7	2.37	2.72	2.98	3.29	3.43	4.12	5.14	4.95	4.62	4.3	2.8	2.86	2.14	2.4	3.06	3.15	2.42	2.43	3.72	4.66	4.45	5.83	4.36	2.63	2.73	3.53	4.83	6.21	6.17	2.32	2.86
1.0	2.0	3.0	4.0	5.0	6.0	7.0	8.0	9.0	10.0	11.0	12.0	13.0	14.0	15.0	16.0	17.0	18.0	19.0	20.0	21.0	22.0	23.0	24.0	25.0	26.0	27.0	28.0	29.0	30.0	31.0	32.0	33.0	34.0	35.0	36.0	37.0	38.0	39.0	40.0	41.0	42.0	43.0	44.0	45.0	46.0	47.0	48.0	49.0	50.0	51.0	52.0	53.0	54.0	55.0	56.0	57.0	58.0	59.0	60.0	61.0	62.0	63.0	64.0	65.0	66.0	67.0	68.0	69.0	70.0	71.0	72.0	73.0	74.0	75.0	76.0	77.0	78.0	79.0	80.0	81.0	82.0	83.0	84.0	85.0	86.0	87.0	88.0	89.0	90.0	91.0	92.0	93.0	94.0	95.0	96.0	97.0	98.0	99.0	100.0	101.0	102.0	103.0	104.0	105.0	106.0	107.0	108.0	109.0	110.0	111.0	112.0	113.0	114.0	115.0	116.0	117.0	118.0	119.0	120.0	121.0	122.0	123.0	124.0	125.0	126.0	127.0	128.0	129.0	130.0	131.0	132.0	133.0	134.0	135.0	136.0	137.0	138.0	139.0	140.0	141.0	142.0	143.0	144.0	145.0	146.0	147.0	148.0	149.0	149.0	150.0	151.0	152.0	153.0	154.0	155.0	156.0	157.0	158.0	159.0	160.0	161.0	162.0	163.0	164.0	165.0	166.0	167.0	168.0	169.0	170.0	171.0	172.0	173.0	174.0	175.0	176.0	177.0	178.0	179.0	180.0	181.0	182.0	183.0	184.0	185.0	186.0	187.0	188.0	189.0	190.0	191.0	192.0	193.0	194.0	195.0	196.0	197.0	198.0	199.0	200.0	201.0	202.0	203.0	204.0	205.0	206.0	207.0	208.0	209.0	210.0	211.0	212.0	213.0	214.0	215.0	216.0	217.0	218.0	219.0	220.0	221.0	222.0	223.0	224.0	225.0	226.0	227.0	228.0	229.0	230.0	231.0	232.0	233.0	234.0	235.0	236.0	237.0	238.0	239.0	240.0	241.0	242.0	243.0	244.0	245.0	246.0	247.0	248.0	249.0	250.0	251.0	252.0	253.0	254.0	255.0	256.0	257.0	258.0	259.0	260.0	261.0	262.0	263.0	264.0	265.0	266.0	267.0	268.0	269.0	270.0	271.0	272.0	273.0	274.0	275.0	276.0	277.0	278.0	279.0	280.0	281.0	282.0	283.0	284.0	285.0	286.0	287.0	288.0	289.0	290.0	291.0	292.0	293.0	294.0	295.0	296.0	297.0	298.0	298.0	299.0	300.0	301.0
2322.264595144001
