4415.021850052891	300.0	2000.0	146.32027848947916	0	0.0	4415.021850052891	1	0	1	-1.532404555557942
4591.016704753342	300.0	2806.405659829503	0.0	0	0.0	4397.422364582845	1	0	2	-1.062666514806635
4771.707235531458	500.0	3607.646075973576	0.0	0	0.0	4379.353311505034	1	0	2	-0.8527490721583283
5200.0	500.0	4136.52403505818	0.0	0	181.14209539163767	4336.524035058181	1	0	2	-0.3270506786688
6200.0	500.0	4136.524035058181	0.0	0	811.2810375171885	4336.524035058181	1	0	1	-0.3164676502547159
7200.0	500.0	4036.5240350581807	0.0	0	779.1819554509766	4236.524035058182	1	0	2	-0.4851231194494689
8200.0	1000.0	3936.5240350581794	0.0	0	602.4747556910215	4136.524035058181	1	0	2	-0.23535440181547718
9200.0	2000.0	3836.5240350581794	0.0	0	138.86011237746789	4036.5240350581817	1	0	2	0.5073010781375025
10200.0	2000.0	3736.524035058178	0.0	0	252.98003006315957	3936.5240350581807	1	0	2	1.2423186413464156
11200.0	3000.0	3636.524035058178	0.0	0	167.02084603239928	3836.5240350581807	1	0	2	1.282458189413865
12200.0	3000.0	3536.524035058178	0.0	0	46.338630884061786	3736.5240350581826	1	0	2	1.726361494888907
13200.0	3000.0	3436.5240350581776	0.0	0	59.886902976249985	3636.5240350581807	1	0	2	1.759095493019642
15363.715905730847	3000.0	2272.808129327329	0.0	0	0.0	3636.5240350581826	1	0	1	1.76847328715129
17249.31814041431	3000.0	1387.205894643872	0.0	0	0.0	3636.524035058188	1	0	1	1.9684732871512893
18632.38645256937	3000.0	865.8307512733081	0.0	0	0.0	3498.217203842685	1	0	2	1.5999788561554684
19683.248734396944	2000.0	709.8822412629761	0.0	0	0.0	3393.1309756599276	1	0	2	1.0181730721953806
20716.815921747348	2000.0	676.3150539125756	0.0	0	0.0	3393.1309756599258	1	0	1	1.4322198860621342
21238.902798121446	2000.0	1154.2281775384758	0.0	0	0.0	3393.1309756599258	1	0	1	1.6322198860621344
22099.914835577965	2000.0	1293.2161400819587	0.0	0	0.0	3393.1309756599294	1	0	1	1.6322198860621335
23203.761016460994	2000.0	1189.3699591989264	0.0	0	0.0	3393.1309756599294	1	0	1	1.6322198860621335
24386.06858504378	2000.0	888.8316337578644	0.0	0	0.0	3274.900218801653	1	0	2	1.2540182677728184
25073.48218041455	2000.0	1201.418038387097	0.0	0	0.0	3274.900218801653	1	0	1	1.4609767912747953
25861.86156518813	2000.0	1413.0386536135122	0.0	0	0.0	3274.9002188016493	1	0	1	1.6609767912747964
27040.508436149914	2000.0	1234.3917826517284	0.0	0	0.0	3274.9002188016493	1	0	1	1.6609767912747964
27812.187828455662	2000.0	1385.5444511154074	0.0	0	0.0	3197.732279571075	1	0	2	1.2740885745082902
28505.3270564641	2000.0	1692.40522310697	0.0	0	0.0	3197.732279571075	1	0	1	1.4782034554800016
29265.88572838757	2000.0	1931.8465511834984	0.0	0	0.0	3197.732279571075	1	0	1	1.6782034554800018
30037.91739232035	2000.0	2159.8148872507163	0.0	0	0.0	3197.732279571075	1	0	1	1.6782034554800018
31068.73284075085	2000.0	2128.999438820215	0.0	0	0.0	3197.732279571075	1	0	1	1.6782034554800018
32061.909955169547	3000.0	2135.8223244015144	0.0	0	0.0	3197.732279571075	1	0	1	1.678203455480002
32852.998875306585	2000.0	2344.733404264471	0.0	0	0.0	3197.7322795710716	1	0	1	1.2727383473718374
33637.88601880793	2000.0	2559.8462607631327	0.0	0	0.0	3197.732279571075	1	0	1	1.678203455480002
34502.12916252282	2000.0	2695.603117048248	0.0	0	0.0	3197.732279571079	1	0	1	1.6782034554800007
35628.5878458021	2000.0	2569.1444337689627	0.0	0	0.0	3197.732279571075	1	0	1	1.6782034554800012
36854.73301769043	2000.0	2342.999261880626	0.0	0	0.0	3197.7322795710716	1	0	1	1.6782034554800027
37905.87942138363	2000.0	2291.85285818742	0.0	0	0.0	3197.732279571079	1	0	1	1.678203455480001
38601.90877994327	2000.0	2526.2205637718203	0.0	0	0.0	3128.129343715118	1	0	2	1.2897761772640561
39569.37549904008	2000.0	2558.753844675018	0.0	0	0.0	3128.129343715118	1	0	1	1.492763502260527
40576.806321141565	2000.0	2551.323022573528	0.0	0	0.0	3128.129343715118	1	0	1	1.6927635022605272
41354.64914301527	2000.0	2773.480200699831	0.0	0	0.0	3128.1293437151253	1	0	1	1.6927635022605259
42418.73836123076	2000.0	2709.3909824843377	0.0	0	0.0	3128.1293437151253	1	0	1	1.6927635022605259
43284.74795355663	2000.0	2843.3813901584663	0.0	0	0.0	3128.1293437151253	1	0	1	1.6927635022605259
44200.0	2000.0	2928.129343715096	0.0	0	95.8399509690862	3128.1293437151253	1	0	1	1.6927635022605259
45200.0	2000.0	2928.1293437150935	0.0	0	401.23688064099406	3128.1293437151253	1	0	1	1.6927635022605259
46307.79588591804	3000.0	2820.3334577970472	0.0	0	0.0	3128.129343715118	1	0	1	1.6927635022605274
48553.165689968206	3000.0	1574.9636537468805	0.0	0	0.0	3128.129343715118	1	0	1	2.0982286103686922
49615.227607922694	2000.0	1512.9017357923942	0.0	0	0.0	3128.129343715118	1	0	1	1.2872983941523626
50915.160394895094	2000.0	1212.9689488199942	0.0	0	0.0	3128.1293437151253	1	0	1	1.6927635022605259
51941.33340834262	2000.0	1186.7959353724755	0.0	0	0.0	3128.1293437151326	1	0	1	1.692763502260524
53097.68963990358	2000.0	1030.4397038115208	0.0	0	0.0	3128.1293437151326	1	0	1	1.692763502260524
53980.96010309243	2000.0	1147.1692406226643	0.0	0	0.0	3128.1293437151326	1	0	1	1.692763502260524
54797.72183994754	2000.0	1330.4075037675645	0.0	0	0.0	3128.1293437151326	1	0	1	1.692763502260524
56084.15836353241	2000.0	1043.970980182689	0.0	0	0.0	3128.1293437151326	1	0	1	1.692763502260524
57259.44181419131	2000.0	868.6875295237842	0.0	0	0.0	3128.1293437151326	1	0	1	1.692763502260524
58244.34751231375	2000.0	883.7818314013447	0.0	0	0.0	3128.1293437151326	1	0	1	1.692763502260524
59265.771844996554	2000.0	862.3574987185273	0.0	0	0.0	3128.1293437151253	1	0	1	1.6927635022605259
59874.70909613899	2000.0	1253.4202475760956	0.0	0	0.0	3128.1293437151253	1	0	1	1.6927635022605259
60619.079750705765	2000.0	1509.0495930093202	0.0	0	0.0	3128.1293437151253	1	0	1	1.6927635022605259
61286.7192103679	2000.0	1841.4101333471858	0.0	0	0.0	3128.129343715118	1	0	1	1.6927635022605272
62125.31643548343	2000.0	2002.8129082316539	0.0	0	0.0	3128.1293437151253	1	0	1	1.6927635022605259
62970.38769077615	2000.0	2157.741652938936	0.0	0	0.0	3128.1293437151253	1	0	1	1.6927635022605259
63588.75561742447	2000.0	2539.373726290624	0.0	0	0.0	3128.1293437151253	1	0	1	1.6927635022605259
64331.57803952431	2000.0	2796.5513041907698	0.0	0	0.0	3128.1293437151253	1	0	1	1.6927635022605259
65200.0	2000.0	2928.1293437150853	0.0	0	462.3703034868013	3128.1293437151253	1	0	1	1.6927635022605259
66200.0	3000.0	2828.129343715101	0.0	0	518.0595941980428	3028.12934371514	1	0	2	1.3046513079876887
67200.0	3000.0	2828.1293437150966	0.0	0	206.72767647153523	3028.1293437151326	1	0	1	1.917623731423772
68275.72001204145	3000.0	2752.4093316736407	0.0	0	0.0	3028.1293437151253	1	0	1	2.117623731423775
69790.32251442815	3000.0	2237.806829286934	0.0	0	0.0	3028.1293437151326	1	0	1	2.1176237314237736
71203.58369746106	3000.0	1824.545646254011	0.0	0	0.0	3028.1293437151326	1	0	1	2.1176237314237736
72605.2217121588	3000.0	1422.9076315562615	0.0	0	0.0	3028.1293437151326	1	0	1	2.1176237314237736
74196.20720772045	3000.0	831.9221359946176	0.0	0	0.0	3028.1293437151326	1	0	1	2.1176237314237736
75540.84664877292	3000.0	487.2826949421617	0.0	0	0.0	3028.1293437151326	1	0	1	2.1176237314237736
76608.00559883314	3000.0	446.4086756910978	26.284930809184686	0	0.0	3054.4142745243007	1	0	1	1.9549837701635582
77104.99221381603	2000.0	949.4220607082134	0.0	0	0.0	3054.4142745243007	1	0	1	1.3017631388023365
78032.46008830715	2000.0	1021.9541862170882	0.0	0	0.0	3054.4142745243007	1	0	1	1.7072282469105011
78787.0074959205	2000.0	1267.4067786037585	0.0	0	0.0	3054.4142745243007	1	0	1	1.7072282469105011
79658.19340668227	2000.0	1396.2208678419818	0.0	0	0.0	3054.414274524286	1	0	1	1.7072282469105038
80622.78707751492	2000.0	1431.6271970093305	0.0	0	0.0	3054.4142745242716	1	0	1	1.7072282469105065
81503.27936205745	2000.0	1551.1349124667859	0.0	0	0.0	3054.4142745242716	1	0	1	1.7072282469105065
82356.79149769426	2000.0	1697.6227768299748	0.0	0	0.0	3054.4142745242716	1	0	1	1.7072282469105065
83105.12599451804	2000.0	1949.2882800061984	0.0	0	0.0	3054.4142745242716	1	0	1	1.7072282469105065
83697.76899094884	2000.0	2356.645283575401	0.0	0	0.0	3054.4142745242716	1	0	1	1.7072282469105065
84372.74599181952	2000.0	2681.668282704718	0.0	0	0.0	3054.4142745242716	1	0	1	1.7072282469105065
85200.0	2000.0	2854.414274524253	0.0	0	210.37412866156956	3054.4142745242716	1	0	1	1.7072282469105065
86292.70589126839	2000.0	2761.7083832558606	0.0	0	0.0	3054.4142745242716	1	0	1	1.7072282469105065
87200.0	2000.0	2854.4142745242466	0.0	0	31.641674786777003	3054.4142745242716	1	0	1	1.7072282469105065
88200.0	2000.0	2854.414274524265	0.0	0	12.144976189520094	3054.4142745242716	1	0	1	1.7072282469105065
89472.35088530109	3000.0	2582.063389223196	0.0	0	0.0	3054.414274524257	1	0	1	1.7072282469105096
91038.16315114798	3000.0	1859.6698967916204	0.0	0	0.0	2897.8330479395663	1	0	2	1.7321966472856059
92521.03560670381	3000.0	1376.797441235781	0.0	0	0.0	2897.8330479395663	1	0	1	1.9404037506716976
93152.37212725649	2000.0	1745.4609206831037	0.0	0	0.0	2897.8330479395663	1	0	1	1.3294735344553683
93728.81108180544	2000.0	2169.021966134149	0.0	0	0.0	2897.8330479395518	1	0	1	1.7349386425635354
94570.53495637295	2000.0	2327.2980915666317	0.0	0	0.0	2897.8330479395518	1	0	1	1.7349386425635354
95930.3829149923	2000.0	1967.4501329472869	0.0	0	0.0	2897.8330479395518	1	0	1	1.7349386425635354
97292.37783399537	2000.0	1605.4552139442123	0.0	0	0.0	2897.8330479395518	1	0	1	1.7349386425635354
98511.49073388538	2000.0	1386.342314054205	0.0	0	0.0	2897.8330479395518	1	0	1	1.7349386425635354
99176.63734624801	2000.0	1721.1957016915756	0.0	0	0.0	2897.8330479395518	1	0	1	1.7349386425635354
100625.32443344509	2000.0	1272.5086144945044	0.0	0	0.0	2897.833047939537	1	0	1	1.7349386425635376
101517.88354868376	2000.0	1379.9494992558289	0.0	0	0.0	2897.833047939537	1	0	1	1.7349386425635376
102673.60890608134	2000.0	1224.22414185826	0.0	0	0.0	2897.833047939537	1	0	1	1.7349386425635376
103987.25894340455	2000.0	910.5741045350471	0.0	0	0.0	2897.833047939537	1	0	1	1.7349386425635376
104641.76767536595	2000.0	1256.0653725736438	0.0	0	0.0	2897.833047939537	1	0	1	1.7349386425635376
106126.76309949023	2000.0	771.0699484493512	0.0	0	0.0	2897.8330479395227	1	0	1	1.7349386425635402
106630.09515364394	1000.0	1267.7378942956332	0.0	0	0.0	2897.8330479395227	1	0	1	0.3486442814436499
107124.26783444101	1000.0	1724.1479454188573	0.0	0	0.0	2848.415779859817	1	0	2	0.6479749941173754
107479.71638535685	1000.0	2368.6993945030104	0.0	0	0.0	2848.415779859817	1	0	1	0.8497476934447326
108200.0	1000.0	2648.4157798598726	0.0	0	427.63646707001317	2848.415779859817	1	0	1	1.0497476934447327
109200.0	1000.0	2648.4157798598712	0.0	0	516.7024560769933	2848.415779859817	1	0	1	1.0497476934447327
110200.0	2000.0	2648.4157798598726	0.0	0	307.3740831395553	2848.415779859817	1	0	1	1.0497476934447327
111200.0	2000.0	2648.4157798598676	0.0	0	66.46625967888394	2848.415779859817	1	0	1	1.742894874004678
112220.2630024219	2000.0	2628.152777437987	0.0	0	0.0	2848.415779859817	1	0	1	1.742894874004678
113200.0	2000.0	2648.4157798598726	0.0	0	152.51866687918664	2848.415779859817	1	0	1	1.742894874004678
114806.37965570588	2000.0	2042.0361241540015	0.0	0	0.0	2848.4157798598026	1	0	1	1.7428948740046801
116021.28456962571	2000.0	1827.131210234158	0.0	0	0.0	2848.4157798598026	1	0	1	1.7428948740046801
116739.9413940801	2000.0	2108.474385779767	0.0	0	0.0	2848.415779859788	1	0	1	1.7428948740046826
117483.90906463734	2000.0	2364.5067152225292	0.0	0	0.0	2848.4157798597735	1	0	1	1.7428948740046848
118200.0	2000.0	2648.415779859879	0.0	0	1.122621151691419	2848.4157798597735	1	0	1	1.7428948740046848
119444.40579803397	2000.0	2404.0099818258855	0.0	0	0.0	2848.415779859759	1	0	1	1.742894874004687
121153.99958476683	2000.0	1694.416195093034	0.0	0	0.0	2848.4157798597735	1	0	1	1.7428948740046848
122191.22077160898	2000.0	1657.1950082508768	0.0	0	0.0	2848.4157798597735	1	0	1	1.7428948740046848
122901.15104449508	2000.0	1947.2647353647578	0.0	0	0.0	2848.4157798597735	1	0	1	1.7428948740046848
123783.66596476351	2000.0	2064.7498150963274	0.0	0	0.0	2848.4157798597735	1	0	1	1.7428948740046848
124531.37684545678	2000.0	2317.038934403043	0.0	0	0.0	2848.4157798597735	1	0	1	1.7428948740046848
125596.28705343262	2000.0	2252.1287264271996	0.0	0	0.0	2848.4157798597735	1	0	1	1.7428948740046848
126491.43378865969	2000.0	2356.981991200143	0.0	0	0.0	2848.4157798597735	1	0	1	1.7428948740046848
127563.51347451238	2000.0	2284.9023053474434	0.0	0	0.0	2848.4157798597735	1	0	1	1.7428948740046848
129035.36775396009	2000.0	1813.0480258997402	0.0	0	0.0	2848.4157798597735	1	0	1	1.7428948740046848
130277.72718224267	2000.0	1570.6885976171516	0.0	0	0.0	2848.415779859759	1	0	1	1.742894874004687
131076.09264130477	2000.0	1772.3231385550146	0.0	0	0.0	2848.4157798597444	1	0	1	1.7428948740046875
131848.2256677352	2000.0	2000.1901121245849	0.0	0	0.0	2848.415779859759	1	0	1	1.7428948740046875
132582.57619076452	2000.0	2265.839589095317	0.0	0	0.0	2848.4157798598026	1	0	1	1.7428948740046843
133687.04551770398	2000.0	2161.3702621558627	0.0	0	0.0	2848.4157798598026	1	0	1	1.7428948740046788
134926.41979554898	2000.0	1921.995984310875	0.0	0	0.0	2848.415779859788	1	0	1	1.7428948740046826
136032.0719730529	2000.0	1816.3438068069718	0.0	0	0.0	2848.415779859817	1	0	1	1.742894874004678
137134.9063733645	2000.0	1713.5094064953776	0.0	0	0.0	2848.415779859817	1	0	1	1.742894874004678
138146.61845322346	2000.0	1701.7973266364281	0.0	0	0.0	2848.415779859817	1	0	1	1.742894874004678
139108.2344849391	2000.0	1740.1812949207645	0.0	0	0.0	2848.415779859817	1	0	1	1.742894874004678
139805.23853360736	2000.0	2043.1772462525182	0.0	0	0.0	2848.415779859817	1	0	1	1.742894874004678
140515.7468125461	2000.0	2332.6689673137803	0.0	0	0.0	2848.415779859846	1	0	1	1.7428948740046735
141361.0250470804	2000.0	2487.3907327794655	0.0	0	0.0	2848.415779859846	1	0	1	1.7428948740046735
142200.0	2000.0	2648.4157798598303	0.0	0	111.68661043304019	2848.415779859846	1	0	1	1.7428948740046735
143200.0	2000.0	2648.415779859833	0.0	0	436.7585661102203	2848.415779859846	1	0	1	1.7428948740046735
144200.0	2000.0	2648.4157798598194	0.0	0	182.82005814978038	2848.415779859846	1	0	1	1.7428948740046735
145200.0	2000.0	2648.4157798598017	0.0	0	141.17139887154917	2848.4157798598753	1	0	1	1.7428948740046688
147271.76717264354	3000.0	1576.64860721627	0.0	0	0.0	2848.4157798598753	1	0	1	1.7428948740046688
148516.75559191735	3000.0	1331.6601879424702	0.0	0	0.0	2848.4157798598753	1	0	1	2.1483599821128334
149007.10798658952	2000.0	1841.3077932702663	0.0	0	0.0	2848.4157798598753	1	0	1	1.3374297658965042
149745.95555318316	2000.0	2102.460226676609	0.0	0	0.0	2848.4157798598753	1	0	1	1.7428948740046688
150818.18080056904	3000.0	2030.2349792907496	0.0	0	0.0	2848.415779859846	1	0	1	1.7428948740046737
152252.2783503103	3000.0	1596.1374295494657	0.0	0	0.0	2848.4157798598753	1	0	1	2.1483599821128334
152912.03509435573	3000.0	1936.380685504026	0.0	0	0.0	2848.4157798598753	1	0	1	2.1483599821128334
153902.96305354367	3000.0	1945.452726316058	0.0	0	0.0	2848.4157798598753	1	0	1	2.1483599821128334
154698.4457391793	3000.0	2149.970040680451	0.0	0	0.0	2848.4157798598753	1	0	1	2.1483599821128334
155546.27357538295	3000.0	2302.1422044768024	0.0	0	0.0	2848.4157798598753	1	0	1	2.1483599821128334
156398.36046122084	2000.0	2450.0553186388897	0.0	0	0.0	2848.4157798598753	1	0	1	1.3374297658965042
157302.78373185312	3000.0	2545.632048006581	0.0	0	0.0	2848.4157798598753	1	0	1	1.7428948740046688
158365.29235778438	3000.0	2483.1234220753345	0.0	0	0.0	2848.4157798599044	1	0	1	2.148359982112829
159352.30872889954	3000.0	2496.107050960163	0.0	0	0.0	2848.4157798598753	1	0	1	2.1483599821128307
160425.97971511647	3000.0	2422.436064743236	0.0	0	0.0	2848.4157798599044	1	0	1	2.1483599821128316
161200.0	3000.0	2648.415779859705	0.0	0	4.111676516855368	2848.4157798599044	1	0	1	2.148359982112829
162200.0	3000.0	2648.4157798597075	0.0	0	201.3781101035711	2848.4157798599044	1	0	1	2.148359982112829
164124.28456119605	3000.0	1724.1312186636549	0.0	0	0.0	2848.4157798599044	1	0	1	2.148359982112829
165432.22549132234	3000.0	1416.1902885373408	0.0	0	0.0	2848.4157798599335	1	0	1	2.148359982112827
166365.16148247695	2000.0	1483.2542973827385	0.0	0	0.0	2848.4157798599335	1	0	1	1.3374297658964949
167229.16396938346	2000.0	1619.2518104762194	0.0	0	0.0	2848.4157798599335	1	0	1	1.7428948740046595
167965.47585804015	2000.0	1882.939921819508	0.0	0	0.0	2848.4157798599335	1	0	1	1.7428948740046595
168916.93725799554	2000.0	1931.4785218641491	0.0	0	0.0	2848.4157798599626	1	0	1	1.742894874004655
169813.0896385627	2000.0	2035.326141296975	0.0	0	0.0	2848.4157798599626	1	0	1	1.742894874004655
170584.346806989	2000.0	2264.0689728706743	0.0	0	0.0	2848.4157798599626	1	0	1	1.742894874004655
171230.26225245005	2000.0	2618.1535274096427	0.0	0	0.0	2848.4157798599626	1	0	1	1.742894874004655
172200.0	2000.0	2648.415779859684	0.0	0	187.31182425952284	2848.4157798599335	1	0	1	1.7428948740046595
173200.0	2000.0	2648.4157798597053	0.0	0	282.5116075881233	2848.4157798599626	1	0	1	1.742894874004655
174200.0	2000.0	2648.4157798596984	0.0	0	108.18771537829889	2848.4157798599626	1	0	1	1.742894874004655
175263.13097293343	2000.0	2585.2848069262577	0.0	0	0.0	2848.4157798599917	1	0	1	1.7428948740046541
176265.94377957092	2000.0	2582.472000288782	0.0	0	0.0	2848.4157798599917	1	0	1	1.7428948740046504
177200.0	2000.0	2648.4157798597307	0.0	0	120.82743090903386	2848.4157798599917	1	0	1	1.7428948740046504
178220.7677647453	2000.0	2627.6480151144237	0.0	0	0.0	2848.4157798599917	1	0	1	1.7428948740046504
179200.0	2000.0	2648.4157798596866	0.0	0	239.1004596769926	2848.4157798599626	1	0	1	1.742894874004655
180333.5566892762	2000.0	2514.859090583463	0.0	0	0.0	2848.4157798599044	1	0	1	1.7428948740046617
181271.71173304503	2000.0	2576.70404681464	0.0	0	0.0	2848.4157798599335	1	0	1	1.7428948740046595
182427.10435087045	2000.0	2421.3114289892337	0.0	0	0.0	2848.4157798599335	1	0	1	1.7428948740046595
183200.0	2000.0	2648.4157798596643	0.0	0	7.045558187470306	2848.4157798599335	1	0	1	1.7428948740046595
184200.0	2000.0	2648.4157798596457	0.0	0	139.4714166095364	2848.4157798599335	1	0	1	1.7428948740046595
185200.0	2000.0	2648.415779859646	0.0	0	42.9702735132596	2848.4157798599335	1	0	1	1.7428948740046595
186568.8383517436	2000.0	2279.5774281160593	0.0	0	0.0	2848.4157798599335	1	0	1	1.7428948740046595
187851.78668768125	2000.0	1996.6290921783943	0.0	0	0.0	2848.4157798599626	1	0	1	1.742894874004655
188924.44279520688	2000.0	1923.972984652771	0.0	0	0.0	2848.4157798599626	1	0	1	1.742894874004655
189931.9703582859	2000.0	1916.4454215737564	0.0	0	0.0	2848.4157798599626	1	0	1	1.742894874004655
190894.14442040166	2000.0	1954.271359458006	0.0	0	0.0	2848.4157798599626	1	0	1	1.742894874004655
191746.62642284794	2000.0	2101.789357011744	0.0	0	0.0	2848.4157798599626	1	0	1	1.742894874004655
192473.37195147527	2000.0	2375.0438283843923	0.0	0	0.0	2848.4157798599626	1	0	1	1.742894874004655
193255.93976197578	2000.0	2592.476017883934	0.0	0	0.0	2848.4157798599626	1	0	1	1.742894874004655
194200.0	2000.0	2648.4157798597053	0.0	0	440.05314066060237	2848.4157798599626	1	0	1	1.742894874004655
195200.0	2000.0	2648.415779859745	0.0	0	576.7758438616293	2848.4157798599626	1	0	1	1.742894874004655
197523.00164301586	3000.0	1325.414136843922	0.0	0	0.0	2848.415779860021	1	0	1	1.7428948740046488
198831.09593238038	2000.0	1017.3198474793877	0.0	0	0.0	2848.4157798599917	1	0	1	1.3374297658964858
199750.95543925	2000.0	1097.4603406097585	0.0	0	0.0	2848.4157798599626	1	0	1	1.742894874004655
200928.1051462419	2000.0	920.3106336178598	0.0	0	0.0	2848.4157798599335	1	0	1	1.7428948740046595
201978.92583877654	2000.0	869.4899410832322	0.0	0	0.0	2848.4157798599335	1	0	1	1.7428948740046595
203150.82929523586	2000.0	697.5864846238796	0.0	0	0.0	2848.4157798599335	1	0	1	1.7428948740046595
204224.45494964006	2000.0	623.9608302196938	0.0	0	0.0	2848.4157798599626	1	0	1	1.7428948740046586
204950.84686216843	2000.0	897.5689176913259	0.0	0	0.0	2848.4157798599626	1	0	1	1.742894874004655
206087.96272909717	2000.0	760.4530507625801	0.0	0	0.0	2848.4157798599626	1	0	1	1.742894874004655
206828.6828173425	2000.0	1019.7329625172753	0.0	0	0.0	2848.4157798599626	1	0	1	1.742894874004655
207600.16106132758	2000.0	1248.2547185321957	0.0	0	0.0	2848.4157798599626	1	0	1	1.742894874004655
208693.09623057084	2000.0	1155.3195492889317	0.0	0	0.0	2848.4157798599626	1	0	1	1.742894874004655
209603.22343272867	2000.0	1245.1923471311138	0.0	0	0.0	2848.4157798599917	1	0	1	1.7428948740046504
210304.99727193877	2000.0	1543.4185079209794	0.0	0	0.0	2848.4157798599626	1	0	1	1.742894874004655
210860.05045649878	2000.0	1988.3653233609696	0.0	0	0.0	2848.4157798599626	1	0	1	1.742894874004655
211832.92366652432	2000.0	2015.4921133354533	0.0	0	0.0	2848.4157798599626	1	0	1	1.742894874004655
212578.85214511992	2000.0	2269.5636347398254	0.0	0	0.0	2848.4157798599917	1	0	1	1.7428948740046504
213219.91347700267	2000.0	2628.5023028570454	0.0	0	0.0	2848.4157798599917	1	0	1	1.7428948740046504
214200.0	2000.0	2648.4157798597266	0.0	0	553.2769551883976	2848.4157798599917	1	0	1	1.7428948740046504
215200.0	2000.0	2648.4157798597325	0.0	0	548.3648381030362	2848.4157798599917	1	0	1	1.7428948740046504
216200.0	3000.0	2648.4157798597334	0.0	0	163.53652348485775	2848.4157798599917	1	0	1	1.7428948740046506
217200.0	3000.0	2648.4157798597703	0.0	0	30.530125237448374	2848.415779860021	1	0	1	2.1483599821128143
218324.56720343727	3000.0	2523.8485764225343	0.0	0	0.0	2848.415779860021	1	0	1	2.1483599821128108
219418.0070096243	3000.0	2430.4087702354923	0.0	0	0.0	2848.415779860021	1	0	1	2.1483599821128108
220424.58729263852	3000.0	2423.8284872212907	0.0	0	0.0	2848.415779860021	1	0	1	2.1483599821128108
221704.29596565734	3000.0	2144.119814202487	0.0	0	0.0	2848.415779860021	1	0	1	2.1483599821128108
223344.72641118674	3000.0	1503.6893686730887	0.0	0	0.0	2848.415779860021	1	0	1	2.1483599821128108
224343.88599359698	3000.0	1504.5297862628784	0.0	0	0.0	2848.415779860021	1	0	1	2.1483599821128108
225245.26057348528	3000.0	1603.1552063745683	0.0	0	0.0	2848.415779860021	1	0	1	2.1483599821128108
225955.40306258542	2000.0	1893.0127172744071	0.0	0	0.0	2848.415779860021	1	0	1	1.3374297658964813
226865.95176355477	2000.0	1982.4640163050412	0.0	0	0.0	2848.415779860021	1	0	1	1.742894874004646
227642.871299669	2000.0	2205.5444801907884	0.0	0	0.0	2848.4157798599917	1	0	1	1.7428948740046504
228449.343310488	2000.0	2399.0724693717634	0.0	0	0.0	2848.4157798599917	1	0	1	1.7428948740046504
229410.49832411032	2000.0	2437.917455749467	0.0	0	0.0	2848.415779860021	1	0	1	1.7428948740046477
230229.4931411857	2000.0	2618.9226386740866	0.0	0	0.0	2848.415779860021	1	0	1	1.7428948740046422
231557.9176556335	3000.0	2290.498124226287	0.0	0	0.0	2848.415779860021	1	0	1	1.7428948740046462
232769.99859346513	3000.0	2078.417186394664	0.0	0	0.0	2848.415779860021	1	0	1	2.1483599821128108
233493.33695036266	2000.0	2355.078829497158	0.0	0	0.0	2848.415779860021	1	0	1	1.3374297658964813
234368.90445831572	2000.0	2479.511321544067	0.0	0	0.0	2848.415779860021	1	0	1	1.742894874004646
235309.11383329748	2000.0	2539.301946562354	0.0	0	0.0	2848.41577986005	1	0	1	1.7428948740046413
236312.15814278487	2000.0	2536.257637074965	0.0	0	0.0	2848.415779860079	1	0	1	1.7428948740046395
237290.98529817056	2000.0	2557.4304816892627	0.0	0	0.0	2848.415779860108	1	0	1	1.742894874004635
238256.96441534042	3000.0	2494.8534528024365	0.0	0	0.0	2751.8178681431455	1	0	2	1.3542121511320289
239200.0	3000.0	2551.8178681428485	0.0	0	135.5840021961194	2751.8178681431455	1	0	1	1.9629065262454701
240907.42810919974	3000.0	1844.3897589430962	0.0	0	0.0	2751.8178681431164	1	0	1	2.1629065262454725
241809.16694138088	2000.0	1942.6509267619278	0.0	0	0.0	2751.8178681431164	1	0	1	1.351976310029145
242562.25855964204	2000.0	2189.559308500785	0.0	0	0.0	2751.8178681431164	1	0	1	1.7574414181373097
243200.0	2000.0	2551.817868142832	0.0	0	87.20313060478657	2751.8178681431164	1	0	1	1.7574414181373097
244447.2026584578	2000.0	2304.615209685042	0.0	0	0.0	2751.8178681431164	1	0	1	1.7574414181373097
245649.27897877037	2000.0	2102.53888937248	0.0	0	0.0	2751.8178681431164	1	0	1	1.7574414181373097
246955.78812794134	2000.0	1796.0297402015242	0.0	0	0.0	2751.8178681431164	1	0	1	1.7574414181373097
248032.12667803568	2000.0	1612.0573350977616	0.0	0	0.0	2644.184013133665	1	0	2	1.3684320021373895
249210.7502198316	2000.0	1433.4337933018421	0.0	0	0.0	2644.184013133665	1	0	1	1.5721895669534471
250411.39092874876	2000.0	1232.7930843846782	0.0	0	0.0	2644.184013133665	1	0	1	1.7721895669534473
251822.66987712865	2000.0	821.5141360047872	0.0	0	0.0	2644.184013133665	1	0	1	1.7721895669534473
253081.7094259645	2000.0	562.4745871689063	0.0	0	0.0	2644.184013133665	1	0	1	1.7721895669534473
253550.56035277667	1000.0	1093.6236603567504	0.0	0	0.0	2644.1840131336357	1	0	1	0.38589520583356085
253919.26721016018	1000.0	1724.9168029732248	0.0	0	0.0	2644.1840131336357	1	0	1	1.079042386393506
254422.51748666138	1000.0	2221.666526472016	0.0	0	0.0	2644.1840131336357	1	0	1	1.079042386393506
255335.61249888502	1000.0	2308.5715142484078	0.0	0	0.0	2644.184013133665	1	0	1	1.0790423863935037
256200.0	1000.0	2444.184013133428	0.0	0	458.71014785554144	2644.184013133665	1	0	1	1.0790423863935024
257200.0	1000.0	2444.1840131334493	0.0	0	739.8542067512462	2644.184013133665	1	0	1	1.0790423863935024
258200.0	1000.0	2444.184013133453	0.0	0	665.787896097725	2644.184013133665	1	0	1	1.0790423863935024
259200.0	1000.0	2444.1840131334684	0.0	0	615.4094202457345	2644.184013133665	1	0	1	1.0790423863935024
260200.0	1000.0	2444.1840131334643	0.0	0	638.6157764956297	2644.184013133665	1	0	1	1.0790423863935024
261200.0	1000.0	2444.184013133444	0.0	0	280.3530187897559	2644.184013133665	1	0	1	1.0790423863935024
262200.0	1000.0	2444.1840131334347	0.0	0	600.2370243232581	2644.184013133665	1	0	1	1.0790423863935024
263765.30445959145	2000.0	1878.8795535419154	0.0	0	0.0	2644.1840131336066	1	0	1	1.079042386393509
264602.212440138	2000.0	2041.9715729953316	0.0	0	0.0	2644.1840131335484	1	0	1	1.7721895669534589
265262.3277661743	2000.0	2381.8562469590374	0.0	0	0.0	2644.1840131335775	1	0	1	1.7721895669534589
266200.0	2000.0	2444.1840131333292	0.0	0	175.52514651592355	2644.1840131335775	1	0	1	1.7721895669534589
267245.8638124049	2000.0	2398.320200728403	0.0	0	0.0	2644.1840131335775	1	0	1	1.7721895669534589
268236.1546067823	2000.0	2408.029406350953	0.0	0	0.0	2644.1840131335193	1	0	1	1.7721895669534602
269911.04403103143	2000.0	1733.1399821018622	0.0	0	0.0	2644.1840131335193	1	0	1	1.7721895669534662
271118.1155601266	2000.0	1526.0684530066644	0.0	0	0.0	2644.1840131335193	1	0	1	1.7721895669534662
271857.68205137074	2000.0	1786.5019617625642	0.0	0	0.0	2644.1840131335193	1	0	1	1.7721895669534662
272489.11819100194	2000.0	2155.0658221313515	0.0	0	0.0	2644.1840131335193	1	0	1	1.7721895669534662
273263.2210188745	2000.0	2380.9629942587508	0.0	0	0.0	2644.1840131335193	1	0	1	1.7721895669534662
274200.0	2000.0	2444.1840131331915	0.0	0	48.72773367649643	2644.184013133461	1	0	1	1.7721895669534737
275313.3474055139	2000.0	2330.836607619264	0.0	0	0.0	2644.184013133461	1	0	1	1.7721895669534737
276306.35074190766	2000.0	2337.8332712255574	0.0	0	0.0	2644.184013133403	1	0	1	1.7721895669534815
277228.20202322456	2000.0	2415.981989908723	0.0	0	0.0	2644.184013133461	1	0	1	1.7721895669534737
278598.96876377816	2000.0	2045.215249355107	0.0	0	0.0	2644.184013133461	1	0	1	1.7721895669534737
279545.95728914445	2000.0	2098.2267239888297	0.0	0	0.0	2644.184013133461	1	0	1	1.7721895669534737
280384.2908753937	2000.0	2259.893137739611	0.0	0	0.0	2644.1840131335193	1	0	1	1.772189566953469
281319.7457720864	2000.0	2324.438241046984	0.0	0	0.0	2644.184013133461	1	0	1	1.7721895669534737
282396.1584887603	2000.0	2248.0255243730494	0.0	0	0.0	2644.184013133461	1	0	1	1.7721895669534737
283479.1437238547	2000.0	2165.0402892786265	0.0	0	0.0	2644.184013133461	1	0	1	1.7721895669534737
284708.946956344	2000.0	1935.2370567892676	0.0	0	0.0	2644.184013133461	1	0	1	1.7721895669534737
285462.7546450965	2000.0	2181.429368036765	0.0	0	0.0	2644.184013133461	1	0	1	1.7721895669534737
286430.89470987907	2000.0	2213.2893032541433	0.0	0	0.0	2644.184013133403	1	0	1	1.7721895669534815
287448.7740514195	2000.0	2195.4099617136585	0.0	0	0.0	2644.184013133403	1	0	1	1.7721895669534815
288356.3573112765	2000.0	2287.8267018566094	0.0	0	0.0	2644.184013133403	1	0	1	1.7721895669534815
289322.4341960977	2000.0	2321.7498170353883	0.0	0	0.0	2644.184013133403	1	0	1	1.7721895669534815
290200.0	2000.0	2444.1840131330887	0.0	0	102.13783154735574	2644.184013133403	1	0	1	1.7721895669534815
291200.0	2000.0	2444.184013133062	0.0	0	154.22723911353387	2644.184013133403	1	0	1	1.7721895669534815
292200.0	2000.0	2444.184013133027	0.0	0	375.51657426409656	2644.184013133403	1	0	1	1.7721895669534815
293200.0	2000.0	2444.184013133062	0.0	0	13.52235690242378	2644.184013133403	1	0	1	1.7721895669534815
294200.0	2000.0	2444.1840131330814	0.0	0	482.72929590696003	2644.184013133403	1	0	1	1.7721895669534815
295200.0	2000.0	2444.1840131330805	0.0	0	242.41122069646372	2644.184013133403	1	0	1	1.7721895669534815
296200.0	2000.0	2444.1840131330855	0.0	0	14.81362940184772	2644.184013133403	1	0	1	1.7721895669534815
297200.0	2000.0	2444.184013133086	0.0	0	52.09103898820467	2644.184013133403	1	0	1	1.7721895669534815
298200.0	2000.0	2444.184013133149	0.0	0	464.0291976890876	2644.184013133403	1	0	1	1.7721895669534815
299200.0	2000.0	2444.1840131331282	0.0	0	271.3120600967086	2644.184013133403	1	0	1	1.7721895669534815
300609.8519066377	3000.0	2034.3321064954284	0.0	0	0.0	2644.184013133403	1	0	1	1.7721895669534817
2.81	3.76	2.59	2.63	2.98	3.5	4.02	2.91	3.53	1.31	1.53	1.98	1.93	2.17	2.37	1.62	3.13	2.7	2.18	2.11	2.53	2.7	1.66	2.13	2.32	2.98	1.78	2.53	2.11	2.66	2.37	1.61	2.07	1.53	2.63	2.33	2.26	2.4	3.04	3.38	4.12	4.0	1.74	1.26	1.83	1.98	1.92	2.19	1.74	2.15	2.4	2.07	1.44	2.17	1.93	3.02	2.97	3.05	1.87	2.75	4.05	5.31	3.24	3.44	2.39	2.18	2.97	2.77	2.79	2.35	2.77	3.03	3.49	2.9	2.24	1.56	2.48	2.13	3.13	3.02	3.14	2.07	2.43	2.41	2.36	3.23	2.1	1.51	2.48	3.15	1.95	1.69	1.42	1.83	2.54	1.54	1.78	1.8	1.96	2.07	2.47	1.16	2.63	3.37	2.68	3.51	2.49	1.51	2.58	1.82	1.61	2.21	2.84	2.53	2.09	1.34	1.7	2.21	3.15	2.39	1.98	1.88	2.13	1.7	1.85	2.2	2.11	2.26	2.41	2.41	1.76	1.98	2.15	1.7	2.22	2.65	1.97	2.93	4.26	2.7	3.34	2.03	1.77	2.75	3.87	3.13	2.65	2.61	3.86	2.1	2.81	3.76	2.59	2.63	2.98	3.5	4.02	2.91	3.53	1.31	1.53	1.98	1.93	2.17	2.37	1.62	3.13	2.7	2.18	2.11	2.53	2.7	1.66	2.13	2.32	2.98	1.78	2.53	2.11	2.66	2.37	1.61	2.07	1.53	2.63	2.33	2.26	2.4	3.04	3.38	4.12	4.0	1.74	1.26	1.83	1.98	1.92	2.19	1.74	2.15	2.4	2.07	1.44	2.17	1.93	3.02	2.97	3.05	1.87	2.75	4.05	5.31	3.24	3.44	2.39	2.18	2.97	2.77	2.79	2.35	2.77	3.03	3.49	2.9	2.24	1.56	2.48	2.13	3.13	3.02	3.14	2.07	2.43	2.41	2.36	3.23	2.1	1.51	2.48	3.15	1.95	1.69	1.42	1.83	2.54	1.54	1.78	1.8	1.96	2.07	2.47	1.16	2.63	3.37	2.68	3.51	2.49	1.51	2.58	1.82	1.61	2.21	2.84	2.53	2.09	1.34	1.7	2.21	3.15	2.39	1.98	1.88	2.13	1.7	1.85	2.2	2.11	2.26	2.41	2.41	1.76	1.98	2.15	1.7	2.22	2.65	1.97	2.93	4.26	2.7	3.34	2.03	1.77	2.75	3.87	3.13	2.65	2.61	3.86	2.1	2.81
1.0	2.0	3.0	4.0	5.0	6.0	7.0	8.0	9.0	10.0	11.0	12.0	13.0	14.0	15.0	16.0	17.0	18.0	19.0	20.0	21.0	22.0	23.0	24.0	25.0	26.0	27.0	28.0	29.0	30.0	31.0	32.0	33.0	34.0	35.0	36.0	37.0	38.0	39.0	40.0	41.0	42.0	43.0	44.0	45.0	46.0	47.0	48.0	49.0	50.0	51.0	52.0	53.0	54.0	55.0	56.0	57.0	58.0	59.0	60.0	61.0	62.0	63.0	64.0	65.0	66.0	67.0	68.0	69.0	70.0	71.0	72.0	73.0	74.0	75.0	76.0	77.0	78.0	79.0	80.0	81.0	82.0	83.0	84.0	85.0	86.0	87.0	88.0	89.0	90.0	91.0	92.0	93.0	94.0	95.0	96.0	97.0	98.0	99.0	100.0	101.0	102.0	103.0	104.0	105.0	106.0	107.0	108.0	109.0	110.0	111.0	112.0	113.0	114.0	115.0	116.0	117.0	118.0	119.0	120.0	121.0	122.0	123.0	124.0	125.0	126.0	127.0	128.0	129.0	130.0	131.0	132.0	133.0	134.0	135.0	136.0	137.0	138.0	139.0	140.0	141.0	142.0	143.0	144.0	145.0	146.0	147.0	148.0	149.0	149.0	150.0	151.0	152.0	153.0	154.0	155.0	156.0	157.0	158.0	159.0	160.0	161.0	162.0	163.0	164.0	165.0	166.0	167.0	168.0	169.0	170.0	171.0	172.0	173.0	174.0	175.0	176.0	177.0	178.0	179.0	180.0	181.0	182.0	183.0	184.0	185.0	186.0	187.0	188.0	189.0	190.0	191.0	192.0	193.0	194.0	195.0	196.0	197.0	198.0	199.0	200.0	201.0	202.0	203.0	204.0	205.0	206.0	207.0	208.0	209.0	210.0	211.0	212.0	213.0	214.0	215.0	216.0	217.0	218.0	219.0	220.0	221.0	222.0	223.0	224.0	225.0	226.0	227.0	228.0	229.0	230.0	231.0	232.0	233.0	234.0	235.0	236.0	237.0	238.0	239.0	240.0	241.0	242.0	243.0	244.0	245.0	246.0	247.0	248.0	249.0	250.0	251.0	252.0	253.0	254.0	255.0	256.0	257.0	258.0	259.0	260.0	261.0	262.0	263.0	264.0	265.0	266.0	267.0	268.0	269.0	270.0	271.0	272.0	273.0	274.0	275.0	276.0	277.0	278.0	279.0	280.0	281.0	282.0	283.0	284.0	285.0	286.0	287.0	288.0	289.0	290.0	291.0	292.0	293.0	294.0	295.0	296.0	297.0	298.0	298.0	299.0
4142.600352925368
