3120.6559868354084	300.0	2000.0	152.1732560555159	0	0.0	3120.6559868354084	1	0	1	-1.1096750128118698
3290.9455127516107	300.0	2829.7104740837976	0.0	0	0.0	3120.655986835409	1	0	1	-0.20284614469882717
4200.0	300.0	2920.6559868354084	0.0	0	753.2557036651233	3120.6559868354093	1	0	1	-0.2028461446988273
5200.0	300.0	2920.6559868354084	0.0	0	778.0436496813818	3120.6559868354093	1	0	1	-0.2028461446988273
6200.0	500.0	2920.655986835408	0.0	0	708.308879384409	3120.655986835409	1	0	1	-0.2028461446988271
7200.0	500.0	2920.6559868354075	0.0	0	748.9874200400309	3120.6559868354084	1	0	1	0.30797947906716355
8200.0	500.0	2920.655986835406	0.0	0	730.0196309688108	3120.655986835408	1	0	1	0.3079794790671637
9200.0	500.0	2920.655986835406	0.0	0	655.3127569847366	3120.655986835408	1	0	1	0.3079794790671637
10200.0	1000.0	2920.655986835407	0.0	0	448.9592367722871	3120.6559868354097	1	0	1	0.3079794790671637
11368.02569651046	2000.0	2752.630290324948	0.0	0	0.0	3120.655986835409	1	0	1	1.0011266596271087
12271.502814381753	2000.0	2849.1531724536558	0.0	0	0.0	3120.655986835409	1	0	1	1.694273840187054
13200.0	2000.0	2920.655986835407	0.0	0	31.25248616488898	3120.655986835409	1	0	1	1.694273840187054
14420.298117307424	2000.0	2700.3578695279834	0.0	0	0.0	3120.655986835409	1	0	1	1.694273840187054
15629.099836542953	2000.0	2491.5561502924534	0.0	0	0.0	3120.655986835409	1	0	1	1.694273840187054
16498.239989276517	2000.0	2622.415997558889	0.0	0	0.0	3120.655986835409	1	0	1	1.694273840187054
17647.425306140332	2000.0	2473.2306806950705	0.0	0	0.0	3120.655986835407	1	0	1	1.6942738401870545
18700.255728453412	2000.0	2420.400258381991	0.0	0	0.0	3120.655986835407	1	0	1	1.6942738401870545
19456.095968510428	2000.0	2664.5600183249753	0.0	0	0.0	3120.655986835407	1	0	1	1.6942738401870545
20465.94093056254	2000.0	2654.7150562728634	0.0	0	0.0	3120.655986835405	1	0	1	1.694273840187055
21258.374367805533	2000.0	2862.281619029872	0.0	0	0.0	3120.655986835405	1	0	1	1.694273840187055
22200.0	2000.0	2920.6559868354057	0.0	0	201.7221106916768	3120.655986835405	1	0	1	1.694273840187055
23200.0	2000.0	2920.6559868354	0.0	0	271.3799819320775	3120.6559868354016	1	0	1	1.6942738401870554
24200.0	2000.0	2920.655986835396	0.0	0	212.14158671851328	3120.655986835398	1	0	1	1.6942738401870563
25200.0	2000.0	2920.6559868353957	0.0	0	165.38890562573215	3120.655986835398	1	0	1	1.6942738401870563
26200.0	2000.0	2920.655986835394	0.0	0	362.03127227985533	3120.6559868354016	1	0	1	1.6942738401870554
27200.0	2000.0	2920.6559868353897	0.0	0	118.82833705445591	3120.6559868354016	1	0	1	1.6942738401870554
28200.0	2000.0	2920.655986835387	0.0	0	428.2628712656151	3120.655986835398	1	0	1	1.6942738401870563
29200.0	2000.0	2920.6559868353847	0.0	0	282.6676670881716	3120.655986835398	1	0	1	1.6942738401870563
30200.0	2000.0	2920.655986835387	0.0	0	339.54018773270946	3120.655986835398	1	0	1	1.6942738401870563
31200.0	2000.0	2920.6559868353925	0.0	0	514.0904284739809	3120.655986835398	1	0	1	1.6942738401870563
32200.0	2000.0	2920.6559868353916	0.0	0	226.95241020128742	3120.655986835398	1	0	1	1.6942738401870563
33200.0	2000.0	2920.655986835399	0.0	0	24.426545429843827	3120.655986835409	1	0	1	1.6942738401870552
34200.0	2000.0	2920.6559868354043	0.0	0	111.51884187356336	3120.6559868354125	1	0	1	1.6942738401870532
35200.0	2000.0	2920.6559868353997	0.0	0	180.8030236249324	3120.655986835409	1	0	1	1.6942738401870532
36200.0	2000.0	2920.655986835408	0.0	0	273.6134532715805	3120.655986835409	1	0	1	1.694273840187054
37200.0	2000.0	2920.6559868354116	0.0	0	332.1014772707058	3120.655986835409	1	0	1	1.694273840187054
38200.0	2000.0	2920.65598683541	0.0	0	105.23600989246916	3120.655986835409	1	0	1	1.694273840187054
39200.0	2000.0	2920.6559868354166	0.0	0	340.1299461971794	3120.655986835409	1	0	1	1.694273840187054
40341.15252931518	2000.0	2779.5034575202285	0.0	0	0.0	3120.6559868354016	1	0	1	1.6942738401870554
41298.190625833886	2000.0	2822.4653610015216	0.0	0	0.0	3120.6559868353943	1	0	1	1.694273840187057
42200.0	2000.0	2920.655986835401	0.0	0	86.52389401061373	3120.6559868353943	1	0	1	1.694273840187057
43200.0	2000.0	2920.655986835405	0.0	0	408.6421126793357	3120.6559868353943	1	0	1	1.694273840187057
44200.0	2000.0	2920.655986835409	0.0	0	230.23907604564738	3120.6559868353943	1	0	1	1.694273840187057
45200.0	2000.0	2920.6559868354066	0.0	0	202.32870496508258	3120.655986835387	1	0	1	1.6942738401870585
46200.0	2000.0	2920.6559868353975	0.0	0	337.8375027807997	3120.655986835387	1	0	1	1.6942738401870585
47200.0	2000.0	2920.6559868353947	0.0	0	58.79988967598183	3120.655986835387	1	0	1	1.6942738401870585
48200.0	2000.0	2920.6559868353866	0.0	0	357.837149260602	3120.655986835387	1	0	1	1.6942738401870585
49200.0	2000.0	2920.6559868353866	0.0	0	256.3135463087892	3120.6559868353797	1	0	1	1.6942738401870598
50200.0	2000.0	2920.6559868353897	0.0	0	385.6843329626063	3120.6559868353797	1	0	1	1.6942738401870598
51200.0	2000.0	2920.6559868353847	0.0	0	312.28246303203196	3120.6559868353797	1	0	1	1.6942738401870598
52200.0	2000.0	2920.6559868353897	0.0	0	327.21373437215516	3120.6559868353797	1	0	1	1.6942738401870598
53200.0	2000.0	2920.6559868353843	0.0	0	217.38120586195146	3120.6559868353797	1	0	1	1.6942738401870598
54200.0	2000.0	2920.6559868353897	0.0	0	423.50383632244484	3120.6559868353797	1	0	1	1.6942738401870598
55200.0	2000.0	2920.6559868353897	0.0	0	216.77083735569613	3120.6559868353797	1	0	1	1.6942738401870598
56486.2308533549	2000.0	2634.4251334804953	0.0	0	0.0	3120.6559868353797	1	0	1	1.6942738401870598
57453.993714632314	2000.0	2666.6622722030834	0.0	0	0.0	3120.6559868353797	1	0	1	1.6942738401870598
58312.86258863046	2000.0	2807.79339820493	0.0	0	0.0	3120.6559868353797	1	0	1	1.6942738401870598
59427.43834590548	2000.0	2693.2176409299154	0.0	0	0.0	3120.6559868353797	1	0	1	1.6942738401870598
60824.41103826939	2000.0	2296.2449485660054	0.0	0	0.0	3120.6559868353797	1	0	1	1.6942738401870598
62551.99897980371	2000.0	1568.6570070316875	0.0	0	0.0	3120.6559868353797	1	0	1	1.6942738401870598
63405.07331724031	2000.0	1715.5826695950896	0.0	0	0.0	3120.655986835387	1	0	1	1.6942738401870585
64218.854883563494	1000.0	1901.8011032719078	0.0	0	0.0	3120.655986835387	1	0	1	0.30797947906716827
65114.55810657143	1000.0	2006.0978802639763	0.0	0	0.0	3120.655986835387	1	0	1	1.0011266596271136
66136.9084244922	1000.0	1983.7475623432072	0.0	0	0.0	3120.655986835387	1	0	1	1.001126659627114
66652.538023376	1000.0	2468.117963459399	0.0	0	0.0	3120.6559868353797	1	0	1	1.0011266596271133
67457.55612777408	1000.0	2663.099859061315	0.0	0	0.0	3120.6559868353725	1	0	1	1.001126659627116
68200.0	1000.0	2920.655986835397	0.0	0	102.09872638028173	3120.6559868353725	1	0	1	1.0011266596271167
69200.0	1000.0	2920.6559868353884	0.0	0	601.4656471543422	3120.655986835365	1	0	1	1.0011266596271178
70200.0	1000.0	2920.6559868353834	0.0	0	412.57402493029076	3120.655986835365	1	0	1	1.0011266596271178
71200.0	1000.0	2920.6559868353693	0.0	0	348.9544870515674	3120.655986835365	1	0	1	1.0011266596271178
72200.0	1000.0	2920.6559868353656	0.0	0	421.51072282089444	3120.655986835365	1	0	1	1.0011266596271178
73200.0	1000.0	2920.6559868353634	0.0	0	398.21441597105877	3120.655986835365	1	0	1	1.0011266596271178
74200.0	1000.0	2920.6559868353615	0.0	0	336.1486407644261	3120.655986835365	1	0	1	1.0011266596271178
75200.0	1000.0	2920.655986835369	0.0	0	337.5883652343182	3120.655986835365	1	0	1	1.0011266596271178
76200.0	1000.0	2920.6559868353893	0.0	0	512.3600091148546	3120.6559868353797	1	0	1	1.001126659627115
77200.0	1000.0	2920.6559868353947	0.0	0	504.1918169101991	3120.6559868353797	1	0	1	1.001126659627115
78200.0	1000.0	2920.6559868353834	0.0	0	515.9080963886809	3120.655986835365	1	0	1	1.0011266596271178
79200.0	1000.0	2920.655986835395	0.0	0	466.57298339631234	3120.6559868353797	1	0	1	1.001126659627115
80200.0	1000.0	2920.655986835405	0.0	0	227.38129546746495	3120.6559868353797	1	0	1	1.001126659627115
81200.0	1000.0	2920.6559868354125	0.0	0	382.06705318599415	3120.6559868353797	1	0	1	1.001126659627115
82200.0	1000.0	2920.655986835415	0.0	0	563.3947120443627	3120.6559868353797	1	0	1	1.001126659627115
83200.0	1000.0	2920.65598683541	0.0	0	458.7785635406035	3120.6559868353797	1	0	1	1.001126659627115
84200.0	1000.0	2920.655986835418	0.0	0	434.15709153060743	3120.6559868353797	1	0	1	1.001126659627115
85200.0	1000.0	2920.655986835438	0.0	0	675.8569854812813	3120.6559868353797	1	0	1	1.001126659627115
86200.0	1000.0	2920.6559868354293	0.0	0	567.5499371133919	3120.6559868353797	1	0	1	1.001126659627115
87316.4132408297	2000.0	2804.242746005732	0.0	0	0.0	3120.6559868353797	1	0	1	1.001126659627115
88450.00213616804	2000.0	2670.6538506673787	0.0	0	0.0	3120.6559868353797	1	0	1	1.6942738401870598
89200.0	1000.0	2920.655986835414	0.0	0	216.06158982749912	3120.655986835365	1	0	1	0.3079794790671726
90200.0	2000.0	2920.6559868353993	0.0	0	103.8560972622945	3120.6559868353506	1	0	1	1.0011266596271207
91200.0	2000.0	2920.6559868354097	0.0	0	407.9813149727124	3120.6559868353506	1	0	1	1.6942738401870658
92200.0	2000.0	2920.6559868354066	0.0	0	479.91762362203735	3120.6559868353506	1	0	1	1.6942738401870658
93200.0	2000.0	2920.655986835403	0.0	0	595.5280263135501	3120.6559868353506	1	0	1	1.6942738401870658
94200.0	2000.0	2920.6559868354043	0.0	0	571.7453986147739	3120.6559868353506	1	0	1	1.6942738401870658
95200.0	2000.0	2920.655986835399	0.0	0	370.87326549850695	3120.6559868353506	1	0	1	1.6942738401870658
96200.0	2000.0	2920.6559868354043	0.0	0	113.42713794612791	3120.6559868353506	1	0	1	1.6942738401870658
97200.0	2000.0	2920.655986835405	0.0	0	201.9142361217091	3120.6559868353506	1	0	1	1.6942738401870658
98200.0	2000.0	2920.6559868354043	0.0	0	317.18027312010236	3120.6559868353506	1	0	1	1.6942738401870658
99200.0	2000.0	2920.655986835412	0.0	0	112.87928811677557	3120.655986835365	1	0	1	1.694273840187063
100200.0	3000.0	2920.6559868354198	0.0	0	124.55006965102802	3120.655986835365	1	0	1	1.6942738401870632
101200.0	3000.0	2920.655986835417	0.0	0	230.4209823084093	3120.6559868353506	1	0	1	2.0997389482952307
102399.95009576516	3000.0	2720.705891070269	0.0	0	0.0	3120.6559868353506	1	0	1	2.0997389482952307
103310.37556862978	2000.0	2810.280418205645	0.0	0	0.0	3120.6559868353506	1	0	1	1.2888087320789012
104200.0	2000.0	2920.6559868354166	0.0	0	208.75908157159574	3120.6559868353506	1	0	1	1.6942738401870658
105824.56990034979	2000.0	2296.0860864856318	0.0	0	0.0	3120.6559868353506	1	0	1	1.6942738401870658
106553.42803087804	2000.0	2567.2279559573726	0.0	0	0.0	3120.6559868353506	1	0	1	1.6942738401870658
107200.0	2000.0	2920.6559868354	0.0	0	181.80307419291057	3120.6559868353506	1	0	1	1.6942738401870658
108200.0	2000.0	2920.6559868354116	0.0	0	484.2227602099447	3120.655986835336	1	0	1	1.6942738401870687
109200.0	2000.0	2920.6559868354116	0.0	0	438.2288711032452	3120.655986835336	1	0	1	1.6942738401870687
110200.0	2000.0	2920.6559868354243	0.0	0	259.20775605483504	3120.655986835336	1	0	1	1.6942738401870687
111200.0	2000.0	2920.655986835427	0.0	0	265.8987383748172	3120.6559868353215	1	0	1	1.6942738401870716
112200.0	2000.0	2920.6559868354275	0.0	0	449.9317639653018	3120.6559868353215	1	0	1	1.6942738401870716
113200.0	2000.0	2920.65598683543	0.0	0	174.17170191452897	3120.6559868353215	1	0	1	1.6942738401870716
114200.0	2000.0	2920.655986835423	0.0	0	27.835662379206042	3120.655986835336	1	0	1	1.6942738401870687
115200.0	2000.0	2920.6559868354193	0.0	0	216.67767101006757	3120.6559868353506	1	0	1	1.6942738401870658
116200.0	2000.0	2920.655986835419	0.0	0	184.49248173763044	3120.6559868353506	1	0	1	1.6942738401870658
117200.0	2000.0	2920.6559868354434	0.0	0	386.7125022767286	3120.6559868353506	1	0	1	1.6942738401870658
118200.0	2000.0	2920.6559868354325	0.0	0	21.029879401088692	3120.655986835336	1	0	1	1.6942738401870687
119200.0	2000.0	2920.65598683545	0.0	0	181.20138197069173	3120.6559868353506	1	0	1	1.6942738401870658
120200.0	2000.0	2920.655986835449	0.0	0	309.4307417227974	3120.6559868353506	1	0	1	1.6942738401870658
121200.0	2000.0	2920.65598683544	0.0	0	281.00625523801136	3120.6559868353506	1	0	1	1.6942738401870658
122200.0	2000.0	2920.6559868354434	0.0	0	293.6839795949927	3120.6559868353506	1	0	1	1.6942738401870658
123200.0	2000.0	2920.6559868354307	0.0	0	313.4813848376216	3120.6559868353506	1	0	1	1.6942738401870658
124291.76270876847	2000.0	2828.893278066973	0.0	0	0.0	3120.6559868353506	1	0	1	1.6942738401870658
125453.62770681671	2000.0	2667.0282800187233	0.0	0	0.0	3120.655986835336	1	0	1	1.6942738401870687
126702.34132148002	2000.0	2418.314665355408	0.0	0	0.0	3120.655986835336	1	0	1	1.6942738401870687
127676.63029009067	2000.0	2444.02569674476	0.0	0	0.0	3120.655986835336	1	0	1	1.6942738401870687
129122.12411544751	2000.0	1998.531871387916	0.0	0	0.0	3120.655986835336	1	0	1	1.6942738401870687
130271.88799518447	2000.0	1848.767991650951	0.0	0	0.0	3120.6559868353506	1	0	1	1.6942738401870658
130714.61479968915	1000.0	2406.0411871462597	0.0	0	0.0	3120.6559868353506	1	0	1	0.3079794790671755
131251.66726302897	1000.0	2868.988723806436	0.0	0	0.0	3120.655986835336	1	0	1	1.0011266596271235
132200.0	1000.0	2920.655986835429	0.0	0	478.6636946929211	3120.6559868353506	1	0	1	1.0011266596271224
133200.0	1000.0	2920.655986835454	0.0	0	484.8248372611997	3120.655986835365	1	0	1	1.0011266596271207
134200.0	1000.0	2920.6559868354434	0.0	0	413.7362999318575	3120.655986835365	1	0	1	1.0011266596271189
135200.0	1000.0	2920.6559868354375	0.0	0	41.23627260775538	3120.655986835336	1	0	1	1.0011266596271235
136200.0	1000.0	2920.6559868354257	0.0	0	298.82414403159055	3120.655986835365	1	0	1	1.0011266596271178
137200.0	1000.0	2920.6559868354266	0.0	0	218.86023347623996	3120.655986835365	1	0	1	1.0011266596271178
138200.0	1000.0	2920.6559868354043	0.0	0	598.3914597511757	3120.655986835365	1	0	1	1.0011266596271178
139200.0	1000.0	2920.655986835428	0.0	0	447.8273161788238	3120.655986835365	1	0	1	1.0011266596271178
140200.0	1000.0	2920.6559868354143	0.0	0	428.1986460334738	3120.6559868353943	1	0	1	1.001126659627112
141200.0	1000.0	2920.6559868353897	0.0	0	320.80434298721957	3120.655986835365	1	0	1	1.0011266596271178
142200.0	1000.0	2920.655986835366	0.0	0	442.28755612202804	3120.655986835365	1	0	1	1.0011266596271178
143200.0	1000.0	2920.655986835377	0.0	0	286.911364242289	3120.655986835336	1	0	1	1.0011266596271235
144200.0	1000.0	2920.6559868353474	0.0	0	487.4557381712657	3120.655986835307	1	0	1	1.0011266596271295
145200.0	1000.0	2920.6559868353734	0.0	0	343.99383476458024	3120.655986835307	1	0	1	1.0011266596271295
146200.0	1000.0	2920.65598683539	0.0	0	278.90081725857453	3120.655986835307	1	0	1	1.0011266596271295
147200.0	1000.0	2920.655986835383	0.0	0	502.27035576384515	3120.655986835336	1	0	1	1.0011266596271235
148200.0	1000.0	2920.6559868353734	0.0	0	205.19161886238726	3120.655986835336	1	0	1	1.0011266596271235
149200.0	1000.0	2920.6559868353283	0.0	0	129.86970607956755	3120.655986835336	1	0	1	1.0011266596271235
150200.0	1000.0	2920.655986835334	0.0	0	492.22526331277913	3120.655986835336	1	0	1	1.0011266596271235
151200.0	1000.0	2920.6559868352833	0.0	0	409.90549841930624	3120.655986835307	1	0	1	1.0011266596271295
152200.0	1000.0	2920.6559868353015	0.0	0	439.18768507032655	3120.655986835307	1	0	1	1.0011266596271295
153200.0	1000.0	2920.6559868352924	0.0	0	526.897254069685	3120.655986835307	1	0	1	1.0011266596271295
154200.0	1000.0	2920.655986835258	0.0	0	278.9073986962321	3120.6559868352488	1	0	1	1.0011266596271378
155200.0	1000.0	2920.6559868352515	0.0	0	618.1021162832621	3120.6559868352488	1	0	1	1.001126659627141
156200.0	1000.0	2920.655986835223	0.0	0	469.7716674209223	3120.6559868352197	1	0	1	1.0011266596271435
157200.0	1000.0	2920.655986835209	0.0	0	592.0167613298981	3120.6559868352488	1	0	1	1.0011266596271446
158200.0	1000.0	2920.655986835206	0.0	0	346.8476644977054	3120.6559868352488	1	0	1	1.001126659627141
159200.0	1000.0	2920.6559868352106	0.0	0	408.04221605087514	3120.655986835307	1	0	1	1.001126659627133
160200.0	2000.0	2920.655986835227	0.0	0	265.4362021879642	3120.655986835278	1	0	1	1.0011266596271353
161200.0	2000.0	2920.6559868352315	0.0	0	45.54775624349713	3120.655986835307	1	0	1	1.694273840187076
162441.81457304076	2000.0	2678.841413794495	0.0	0	0.0	3120.655986835307	1	0	1	1.6942738401870747
163667.59024556202	2000.0	2453.0657412732025	0.0	0	0.0	3120.655986835307	1	0	1	1.6942738401870747
164706.99006724264	2000.0	2413.665919592563	0.0	0	0.0	3120.655986835307	1	0	1	1.6942738401870747
165450.1166804875	2000.0	2670.5393063476986	0.0	0	0.0	3120.655986835307	1	0	1	1.6942738401870747
166607.96732920242	2000.0	2512.6886576327956	0.0	0	0.0	3120.655986835307	1	0	1	1.6942738401870747
167394.4001784075	2000.0	2726.255808427741	0.0	0	0.0	3120.655986835307	1	0	1	1.6942738401870747
168354.97070512478	2000.0	2765.685281710477	0.0	0	0.0	3120.655986835336	1	0	1	1.6942738401870687
169200.0	2000.0	2920.655986835264	0.0	0	53.75975839534658	3120.655986835336	1	0	1	1.6942738401870687
170200.0	2000.0	2920.6559868353047	0.0	0	287.61442465757136	3120.655986835365	1	0	1	1.694273840187063
171200.0	2000.0	2920.655986835283	0.0	0	362.68865876973723	3120.655986835336	1	0	1	1.6942738401870687
172200.0	2000.0	2920.655986835307	0.0	0	246.16958995285677	3120.655986835336	1	0	1	1.6942738401870687
173200.0	2000.0	2920.6559868353393	0.0	0	247.92322412354406	3120.655986835336	1	0	1	1.6942738401870687
174200.0	2000.0	2920.655986835365	0.0	0	120.02937589856447	3120.655986835365	1	0	1	1.6942738401870652
175200.0	2000.0	2920.655986835335	0.0	0	159.691913910734	3120.655986835336	1	0	1	1.6942738401870687
176200.0	2000.0	2920.6559868353525	0.0	0	91.47211268081446	3120.655986835336	1	0	1	1.6942738401870687
177200.0	2000.0	2920.655986835331	0.0	0	73.01715899858391	3120.655986835307	1	0	1	1.6942738401870747
178200.0	2000.0	2920.655986835337	0.0	0	488.8830232223845	3120.655986835307	1	0	1	1.6942738401870747
179200.0	2000.0	2920.6559868353147	0.0	0	567.6219443404698	3120.655986835307	1	0	1	1.6942738401870747
180200.0	2000.0	2920.6559868353165	0.0	0	300.1514265901351	3120.655986835307	1	0	1	1.6942738401870747
181200.0	2000.0	2920.6559868353397	0.0	0	409.39305537118344	3120.655986835336	1	0	1	1.6942738401870723
182200.0	2000.0	2920.6559868353143	0.0	0	167.1807300275541	3120.655986835278	1	0	1	1.694273840187077
183200.0	2000.0	2920.6559868353443	0.0	0	68.2803556905128	3120.655986835307	1	0	1	1.6942738401870747
184200.0	2000.0	2920.6559868353534	0.0	0	318.91817626255215	3120.655986835307	1	0	1	1.6942738401870747
185200.0	2000.0	2920.6559868353365	0.0	0	364.61914671599516	3120.655986835336	1	0	1	1.6942738401870687
186200.0	2000.0	2920.655986835362	0.0	0	302.0609265502717	3120.6559868353943	1	0	1	1.6942738401870607
187200.0	2000.0	2920.6559868353675	0.0	0	183.04037521555438	3120.6559868353943	1	0	1	1.694273840187057
188200.0	2000.0	2920.6559868354034	0.0	0	235.13824694560026	3120.655986835365	1	0	1	1.6942738401870592
189200.0	2000.0	2920.655986835422	0.0	0	267.1786460399162	3120.655986835365	1	0	1	1.694273840187063
190474.97422696243	2000.0	2645.681759873001	0.0	0	0.0	3120.655986835365	1	0	1	1.694273840187063
191200.0	2000.0	2920.6559868354193	0.0	0	165.47513915918535	3120.655986835365	1	0	1	1.694273840187063
192200.0	2000.0	2920.6559868354034	0.0	0	430.18779897413333	3120.655986835365	1	0	1	1.694273840187063
193200.0	2000.0	2920.6559868353756	0.0	0	212.27210248081246	3120.6559868353943	1	0	1	1.6942738401870607
194200.0	2000.0	2920.6559868353975	0.0	0	378.8359103918774	3120.6559868353943	1	0	1	1.694273840187057
195256.53543403567	2000.0	2864.120552799693	0.0	0	0.0	3120.6559868353943	1	0	1	1.694273840187057
196292.20588405264	2000.0	2828.450102782747	0.0	0	0.0	3120.6559868354234	1	0	1	1.694273840187051
197200.0	2000.0	2920.6559868353943	0.0	0	138.24913407393615	3120.6559868354525	1	0	1	1.6942738401870474
198200.0	2000.0	2920.655986835413	0.0	0	236.59679011671687	3120.6559868354525	1	0	1	1.6942738401870416
199200.0	2000.0	2920.6559868354093	0.0	0	346.02843868682976	3120.6559868354525	1	0	1	1.6942738401870452
200200.0	2000.0	2920.6559868353665	0.0	0	339.23542555523454	3120.6559868354234	1	0	1	1.694273840187051
201200.0	2000.0	2920.6559868353506	0.0	0	216.20383310256875	3120.6559868354234	1	0	1	1.694273840187051
202200.0	2000.0	2920.655986835358	0.0	0	239.56676144493395	3120.6559868353943	1	0	1	1.6942738401870536
203200.0	2000.0	2920.655986835369	0.0	0	386.6521758517192	3120.6559868354234	1	0	1	1.6942738401870545
204200.0	2000.0	2920.6559868353816	0.0	0	151.1096228766546	3120.6559868354234	1	0	1	1.694273840187051
205261.31935410702	2000.0	2859.336632728364	0.0	0	0.0	3120.6559868354234	1	0	1	1.694273840187051
206466.31945274543	2000.0	2654.3365340899663	0.0	0	0.0	3120.6559868354234	1	0	1	1.694273840187051
207247.1811086967	2000.0	2873.4748781387157	0.0	0	0.0	3120.6559868354525	1	0	1	1.6942738401870463
208332.9549429843	2000.0	2787.7010438510983	0.0	0	0.0	3120.6559868354234	1	0	1	1.694273840187051
209436.50817232215	2000.0	2684.147814513221	0.0	0	0.0	3120.6559868354234	1	0	1	1.694273840187051
210378.95529865945	2000.0	2741.700688175936	0.0	0	0.0	3120.6559868354525	1	0	1	1.6942738401870452
211700.97320854227	2000.0	2419.6827782931455	0.0	0	0.0	3120.6559868354525	1	0	1	1.6942738401870452
212338.19644232298	1000.0	2782.459544512453	0.0	0	0.0	3120.6559868354525	1	0	1	0.30797947906715495
213200.0	1000.0	2920.6559868354634	0.0	0	343.9982545571693	3120.6559868354234	1	0	1	1.001126659627106
214237.20699093837	1000.0	2883.4489958971	0.0	0	0.0	3120.6559868354234	1	0	1	1.001126659627106
215200.0	1000.0	2920.6559868354598	0.0	0	55.361922740907175	3120.6559868354234	1	0	1	1.001126659627106
216200.0	1000.0	2920.6559868354548	0.0	0	562.225730445236	3120.6559868353943	1	0	1	1.0011266596271085
217200.0	1000.0	2920.65598683546	0.0	0	215.56664285363513	3120.6559868353943	1	0	1	1.001126659627112
218200.0	1000.0	2920.655986835468	0.0	0	429.3452116283879	3120.6559868353943	1	0	1	1.001126659627112
219200.0	1000.0	2920.655986835489	0.0	0	335.27538285497576	3120.6559868354525	1	0	1	1.0011266596271038
220200.0	1000.0	2920.65598683548	0.0	0	301.5440296648303	3120.6559868354234	1	0	1	1.0011266596271025
221200.0	1000.0	2920.655986835493	0.0	0	283.6992567025882	3120.6559868354525	1	0	1	1.0011266596271002
222200.0	1000.0	2920.655986835511	0.0	0	344.1877226292854	3120.6559868354816	1	0	1	1.0011266596270942
223200.0	1000.0	2920.6559868354934	0.0	0	276.3149178622407	3120.6559868354816	1	0	1	1.0011266596270942
224200.0	1000.0	2920.6559868354866	0.0	0	83.67617712181527	3120.6559868354525	1	0	1	1.0011266596271002
225200.0	1000.0	2920.6559868354775	0.0	0	318.3968222421827	3120.6559868354525	1	0	1	1.0011266596271002
226200.0	1000.0	2920.6559868354793	0.0	0	525.2018595049449	3120.6559868354525	1	0	1	1.0011266596271038
227200.0	1000.0	2920.6559868354907	0.0	0	572.9155966977414	3120.6559868354525	1	0	1	1.0011266596271002
228200.0	1000.0	2920.655986835483	0.0	0	396.7507061168144	3120.6559868354234	1	0	1	1.001126659627106
229200.0	1000.0	2920.655986835485	0.0	0	356.19704443306546	3120.6559868354525	1	0	1	1.0011266596271002
230200.0	1000.0	2920.655986835503	0.0	0	521.5563387872535	3120.6559868354234	1	0	1	1.0011266596271025
231200.0	1000.0	2920.6559868355107	0.0	0	389.23494532852783	3120.6559868354525	1	0	1	1.0011266596271002
232200.0	1000.0	2920.655986835481	0.0	0	467.96988908422645	3120.6559868354525	1	0	1	1.0011266596271002
233200.0	1000.0	2920.6559868354766	0.0	0	593.1243979931169	3120.6559868354525	1	0	1	1.0011266596271002
234200.0	1000.0	2920.6559868354825	0.0	0	526.7565953526064	3120.6559868354525	1	0	1	1.0011266596271002
235200.0	1000.0	2920.6559868354584	0.0	0	552.5458855502948	3120.6559868354525	1	0	1	1.0011266596271002
236200.0	2000.0	2920.6559868354548	0.0	0	208.00841763525386	3120.6559868354816	1	0	1	1.0011266596270942
237200.0	2000.0	2920.655986835451	0.0	0	111.82526332553243	3120.6559868354816	1	0	1	1.6942738401870372
238200.0	2000.0	2920.655986835443	0.0	0	143.97025131285773	3120.6559868354816	1	0	1	1.6942738401870394
239200.0	2000.0	2920.6559868354357	0.0	0	239.00744377981755	3120.6559868355107	1	0	1	1.6942738401870372
240200.0	2000.0	2920.6559868354475	0.0	0	297.0951393585419	3120.65598683554	1	0	1	1.6942738401870279
241200.0	2000.0	2920.6559868354325	0.0	0	505.26266821910394	3120.655986835569	1	0	1	1.6942738401870252
242200.0	2000.0	2920.6559868354593	0.0	0	534.9492501895293	3120.655986835598	1	0	1	1.694273840187016
243200.0	2000.0	2920.655986835434	0.0	0	563.654812899098	3120.655986835598	1	0	1	1.694273840187016
244200.0	2000.0	2920.655986835421	0.0	0	424.0417824157048	3120.655986835656	1	0	1	1.6942738401870074
245200.0	2000.0	2920.6559868354434	0.0	0	72.55206555715995	3120.655986835656	1	0	1	1.6942738401870043
246200.0	2000.0	2920.655986835458	0.0	0	178.13463680798304	3120.655986835656	1	0	1	1.6942738401870043
247200.0	2000.0	2920.6559868354734	0.0	0	302.55213740008185	3120.6559868357144	1	0	1	1.6942738401869961
248200.0	2000.0	2920.655986835472	0.0	0	61.9212652030983	3120.6559868357144	1	0	1	1.6942738401869926
249200.0	3000.0	2920.655986835465	0.0	0	299.85980443345034	3120.6559868356853	1	0	1	1.694273840186995
250446.24636077633	3000.0	2674.4096260591355	0.0	0	0.0	3120.6559868356853	1	0	1	2.099738948295163
251864.1964192161	3000.0	2256.459567619342	0.0	0	0.0	3120.655986835656	1	0	1	2.0997389482951645
252463.34459808026	2000.0	2657.3113887551854	0.0	0	0.0	3120.655986835656	1	0	1	1.2888087320788397
253201.00782385317	2000.0	2919.648162982302	0.0	0	0.0	3120.6559868357144	1	0	1	1.694273840186995
254821.15162927564	2000.0	2299.5043575598493	0.0	0	0.0	3120.6559868357144	1	0	1	1.6942738401869926
255409.06126874557	2000.0	2711.594718089923	0.0	0	0.0	3120.6559868357435	1	0	1	1.6942738401869866
256200.0	2000.0	2920.6559868354734	0.0	0	25.529234331770567	3120.6559868357435	1	0	1	1.6942738401869866
257200.0	2000.0	2920.655986835466	0.0	0	342.4823657977104	3120.6559868357144	1	0	1	1.6942738401869926
258200.0	2000.0	2920.6559868354707	0.0	0	500.1026230472198	3120.6559868356853	1	0	1	1.6942738401869948
259200.0	2000.0	2920.6559868354475	0.0	0	338.9808965039265	3120.655986835656	1	0	1	1.6942738401870043
260200.0	2000.0	2920.655986835445	0.0	0	457.2277357237763	3120.655986835656	1	0	1	1.6942738401870043
261200.0	2000.0	2920.655986835454	0.0	0	421.9486866281659	3120.6559868356853	1	0	1	1.6942738401869983
262427.4723166234	2000.0	2693.1836702120777	0.0	0	0.0	3120.6559868356853	1	0	1	1.6942738401869983
263200.0	2000.0	2920.6559868354843	0.0	0	40.49906516674673	3120.6559868357144	1	0	1	1.6942738401869961
264200.0	2000.0	2920.6559868354684	0.0	0	274.57795028638793	3120.6559868357435	1	0	1	1.6942738401869923
265229.4577775473	2000.0	2891.1982092881835	0.0	0	0.0	3120.6559868357435	1	0	1	1.6942738401869866
266200.0	2000.0	2920.6559868355116	0.0	0	79.41589727479732	3120.6559868357726	1	0	1	1.6942738401869808
267200.0	2000.0	2920.6559868354516	0.0	0	231.0786258763983	3120.6559868357726	1	0	1	1.6942738401869808
268200.0	2000.0	2920.655986835474	0.0	0	322.2262302299496	3120.655986835831	1	0	1	1.694273840186976
269200.0	2000.0	2920.6559868354925	0.0	0	337.830713895848	3120.655986835889	1	0	1	1.6942738401869573
270200.0	2000.0	2920.655986835473	0.0	0	560.6613804280641	3120.655986835831	1	0	1	1.6942738401869617
271200.0	2000.0	2920.6559868354116	0.0	0	327.0957448625704	3120.6559868357726	1	0	1	1.6942738401869808
272200.0	2000.0	2920.6559868354075	0.0	0	256.8071602685377	3120.6559868357726	1	0	1	1.6942738401869808
273401.6257806877	2000.0	2719.03020614769	0.0	0	0.0	3120.655986835831	1	0	1	1.6942738401869688
275099.8919136104	2000.0	2020.76407322504	0.0	0	0.0	3120.655986835831	1	0	1	1.6942738401869688
276719.7573953026	2000.0	1400.8985915328262	0.0	0	0.0	3120.655986835889	1	0	1	1.6942738401869573
277845.16016424366	2000.0	1275.4958225917833	0.0	0	0.0	3120.655986835889	1	0	1	1.6942738401869573
279409.54073269106	2000.0	711.1152541444569	0.0	0	0.0	3120.6559868359473	1	0	1	1.6942738401869457
280288.45026382426	2000.0	832.2057230113564	0.0	0	0.0	3120.6559868360055	1	0	1	1.694273840186934
281430.5076560887	2000.0	690.1483307468552	0.0	0	0.0	3120.655986835889	1	0	1	1.694273840186955
281845.84533448063	1000.0	1274.8106523548997	0.0	0	0.0	3120.655986835889	1	0	1	0.307979479067067
282675.4552511991	1000.0	1445.2007356364632	0.0	0	0.0	3120.655986835889	1	0	1	1.0011266596270123
283735.9884296085	1000.0	1384.6675572270415	0.0	0	0.0	3120.655986835889	1	0	1	1.0011266596270123
284662.61643351184	1000.0	1458.0395533237604	0.0	0	0.0	3120.655986835889	1	0	1	1.0011266596270123
285374.85470380617	1000.0	1745.8012830294294	0.0	0	0.0	3120.655986835831	1	0	1	1.0011266596270239
285924.99370614806	1000.0	2195.662280687493	0.0	0	0.0	3120.655986835889	1	0	1	1.0011266596270123
286482.983560111	1000.0	2637.6724267245777	0.0	0	0.0	3120.655986835889	1	0	1	1.0011266596270123
287200.0	1000.0	2920.6559868355703	0.0	0	177.09556575433817	3120.6559868359473	1	0	1	1.0011266596270005
288200.0	1000.0	2920.6559868356376	0.0	0	497.32814231992234	3120.6559868359473	1	0	1	1.0011266596270005
289200.0	1000.0	2920.6559868355953	0.0	0	348.02604228048585	3120.655986835889	1	0	1	1.0011266596270052
290200.0	1000.0	2920.655986835554	0.0	0	380.821057915804	3120.655986835889	1	0	1	1.0011266596270123
291200.0	1000.0	2920.6559868355785	0.0	0	257.8162524801446	3120.655986835889	1	0	1	1.0011266596270123
292200.0	1000.0	2920.6559868356376	0.0	0	173.7730954515864	3120.6559868359473	1	0	1	1.0011266596270052
293200.0	1000.0	2920.65598683564	0.0	0	322.8296915455139	3120.6559868359473	1	0	1	1.0011266596270005
294200.0	1000.0	2920.655986835677	0.0	0	407.1959593774518	3120.6559868359473	1	0	1	1.0011266596270005
295200.0	1000.0	2920.655986835692	0.0	0	225.2813654844649	3120.6559868359473	1	0	1	1.0011266596270005
296200.0	1000.0	2920.6559868356408	0.0	0	398.5223833809141	3120.655986835889	1	0	1	1.0011266596270052
297200.0	1000.0	2920.6559868355716	0.0	0	386.63615438278066	3120.655986835831	1	0	1	1.0011266596270239
298200.0	1000.0	2920.6559868355807	0.0	0	362.5167302565533	3120.655986835831	1	0	1	1.0011266596270239
299200.0	1000.0	2920.655986835546	0.0	0	309.5069337344612	3120.655986835831	1	0	1	1.0011266596270239
300200.0	1000.0	2920.6559868354966	0.0	0	499.51000695989933	3120.655986835831	1	0	1	1.0011266596270239
2.18	1.88	2.43	2.37	2.86	1.97	2.18	2.28	1.84	2.57	1.81	1.87	1.99	2.88	2.05	1.89	2.06	1.97	2.59	2.95	2.19	2.33	2.49	2.8	2.71	3.23	4.03	3.95	2.62	2.5	2.14	2.93	3.97	3.31	2.65	2.36	2.25	1.59	2.44	3.15	3.13	3.01	2.99	2.15	2.86	2.63	3.65	3.17	2.24	2.94	3.21	3.0	1.66	1.78	2.19	1.82	1.77	1.64	1.68	1.39	1.9	0.89	0.87	1.91	1.27	1.93	2.17	1.81	1.8	2.28	1.7	1.49	1.47	2.09	2.63	1.93	1.83	1.66	1.98	2.1	1.78	2.84	3.61	2.0	1.89	1.85	2.57	3.16	4.45	5.66	6.78	3.79	1.78	2.39	2.32	2.36	3.31	3.27	2.92	2.44	3.3	1.34	1.68	2.88	3.89	5.03	3.75	3.44	3.08	2.17	1.96	2.63	2.43	2.64	2.46	2.7	3.82	4.19	2.92	2.82	2.75	1.83	0.97	1.47	1.58	1.92	1.16	1.78	2.58	2.05	1.61	1.0	1.52	1.64	2.33	2.69	1.88	1.99	2.05	1.46	2.03	1.89	1.59	2.18	1.73	1.27	1.56	2.51	1.84	2.19	2.18	1.88	2.43	2.37	2.86	1.97	2.18	2.28	1.84	2.57	1.81	1.87	1.99	2.88	2.05	1.89	2.06	1.97	2.59	2.95	2.19	2.33	2.49	2.8	2.71	3.23	4.03	3.95	2.62	2.5	2.14	2.93	3.97	3.31	2.65	2.36	2.25	1.59	2.44	3.15	3.13	3.01	2.99	2.15	2.86	2.63	3.65	3.17	2.24	2.94	3.21	3.0	1.66	1.78	2.19	1.82	1.77	1.64	1.68	1.39	1.9	0.89	0.87	1.91	1.27	1.93	2.17	1.81	1.8	2.28	1.7	1.49	1.47	2.09	2.63	1.93	1.83	1.66	1.98	2.1	1.78	2.84	3.61	2.0	1.89	1.85	2.57	3.16	4.45	5.66	6.78	3.79	1.78	2.39	2.32	2.36	3.31	3.27	2.92	2.44	3.3	1.34	1.68	2.88	3.89	5.03	3.75	3.44	3.08	2.17	1.96	2.63	2.43	2.64	2.46	2.7	3.82	4.19	2.92	2.82	2.75	1.83	0.97	1.47	1.58	1.92	1.16	1.78	2.58	2.05	1.61	1.0	1.52	1.64	2.33	2.69	1.88	1.99	2.05	1.46	2.03	1.89	1.59	2.18	1.73	1.27	1.56	2.51	1.84	2.19	2.18	1.88	2.43
1.0	2.0	3.0	4.0	5.0	6.0	7.0	8.0	9.0	10.0	11.0	12.0	13.0	14.0	15.0	16.0	17.0	18.0	19.0	20.0	21.0	22.0	23.0	24.0	25.0	26.0	27.0	28.0	29.0	30.0	31.0	32.0	33.0	34.0	35.0	36.0	37.0	38.0	39.0	40.0	41.0	42.0	43.0	44.0	45.0	46.0	47.0	48.0	49.0	50.0	51.0	52.0	53.0	54.0	55.0	56.0	57.0	58.0	59.0	60.0	61.0	62.0	63.0	64.0	65.0	66.0	67.0	68.0	69.0	70.0	71.0	72.0	73.0	74.0	75.0	76.0	77.0	78.0	79.0	80.0	81.0	82.0	83.0	84.0	85.0	86.0	87.0	88.0	89.0	90.0	91.0	92.0	93.0	94.0	95.0	96.0	97.0	98.0	99.0	100.0	101.0	102.0	103.0	104.0	105.0	106.0	107.0	108.0	109.0	110.0	111.0	112.0	113.0	114.0	115.0	116.0	117.0	118.0	119.0	120.0	121.0	122.0	123.0	124.0	125.0	126.0	127.0	128.0	129.0	130.0	131.0	132.0	133.0	134.0	135.0	136.0	137.0	138.0	139.0	140.0	141.0	142.0	143.0	144.0	145.0	146.0	147.0	148.0	149.0	149.0	150.0	151.0	152.0	153.0	154.0	155.0	156.0	157.0	158.0	159.0	160.0	161.0	162.0	163.0	164.0	165.0	166.0	167.0	168.0	169.0	170.0	171.0	172.0	173.0	174.0	175.0	176.0	177.0	178.0	179.0	180.0	181.0	182.0	183.0	184.0	185.0	186.0	187.0	188.0	189.0	190.0	191.0	192.0	193.0	194.0	195.0	196.0	197.0	198.0	199.0	200.0	201.0	202.0	203.0	204.0	205.0	206.0	207.0	208.0	209.0	210.0	211.0	212.0	213.0	214.0	215.0	216.0	217.0	218.0	219.0	220.0	221.0	222.0	223.0	224.0	225.0	226.0	227.0	228.0	229.0	230.0	231.0	232.0	233.0	234.0	235.0	236.0	237.0	238.0	239.0	240.0	241.0	242.0	243.0	244.0	245.0	246.0	247.0	248.0	249.0	250.0	251.0	252.0	253.0	254.0	255.0	256.0	257.0	258.0	259.0	260.0	261.0	262.0	263.0	264.0	265.0	266.0	267.0	268.0	269.0	270.0	271.0	272.0	273.0	274.0	275.0	276.0	277.0	278.0	279.0	280.0	281.0	282.0	283.0	284.0	285.0	286.0	287.0	288.0	289.0	290.0	291.0	292.0	293.0	294.0	295.0	296.0	297.0	298.0	298.0	299.0	300.0	301.0
2819.6536743270876
