4270.355486933958	300.0	2000.0	375.5191028443218	0	0.0	4270.355486933958	1	0	1	-2.8018864737106837
4611.10364189186	300.0	2625.1770295463075	0.0	0	0.0	4236.280671438168	1	0	2	-0.9786371358040135
4885.568761209696	300.0	3323.2653982966885	0.0	0	0.0	4208.834159506385	1	0	2	-0.7650510491557381
5200.0	500.0	3977.3910356273545	0.0	0	48.99903163384806	4177.3910356273545	1	0	2	-0.7515140945626462
6200.0	500.0	3877.391035627354	0.0	0	718.9222616702418	4077.3910356273536	1	0	2	-0.20777680657846964
7200.0	500.0	3777.391035627355	0.0	0	737.6777026459031	3977.3910356273545	1	0	2	-0.16357687724218384
8200.0	500.0	3677.3910356273554	0.0	0	573.1854611069548	3877.3910356273554	1	0	2	-0.12238936514690595
9200.0	1000.0	3577.3910356273554	0.0	0	400.43282624995845	3777.3910356273564	1	0	2	-0.08379443269062206
10200.0	1000.0	3477.3910356273554	0.0	0	465.6095580735091	3677.3910356273573	1	0	2	0.6437606870596049
11200.0	1000.0	3377.391035627355	0.0	0	345.97009246267226	3577.3910356273573	1	0	2	0.6767659720603864
12200.0	1000.0	3277.391035627355	0.0	0	161.67492472479353	3477.3910356273554	1	0	2	0.7073396123285077
13287.77651986364	1000.0	3080.836863777349	0.0	0	0.0	3368.6133836409917	1	0	2	0.7374914868759566
14295.511331906715	1000.0	2972.328570529965	0.0	0	0.0	3267.839902436681	1	0	2	0.7632562258616168
15200.0	1000.0	3067.8399024366813	0.0	0	324.9114529690996	3267.839902436681	1	0	1	0.7694548034263471
16200.0	1000.0	2967.839902436681	0.0	0	549.9527395429104	3167.839902436679	1	0	2	0.5829888883567496
17200.0	1000.0	2967.839902436679	0.0	0	385.5296459540368	3167.8399024366754	1	0	1	0.7914199194927418
18200.0	1000.0	2967.839902436679	0.0	0	264.3582765774627	3167.839902436679	1	0	1	0.9914199194927419
19383.43064132391	1000.0	2784.40926111277	0.0	0	0.0	3167.839902436679	1	0	1	0.9914199194927417
20640.163826701086	1000.0	2527.676075735592	0.0	0	0.0	3167.839902436677	1	0	1	0.991419919492742
21565.083775883922	1000.0	2602.7561265527543	0.0	0	0.0	3167.839902436677	1	0	1	0.991419919492742
22796.364572853126	1000.0	2371.4753295835512	0.0	0	0.0	3167.839902436677	1	0	1	0.991419919492742
24196.736564078117	1000.0	1831.0661392360607	0.0	0	0.0	3027.802703314177	1	0	2	0.6131065270377526
25166.628352299198	1000.0	1764.1851721928697	0.0	0	0.0	2930.813524492067	1	0	2	0.8322617510589816
26054.37940173179	1000.0	1876.4341227602777	0.0	0	0.0	2930.813524492067	1	0	1	0.836277981688631
27036.21906665833	1000.0	1894.5944578337364	0.0	0	0.0	2930.813524492063	1	0	1	1.0362779816886316
27908.33060753419	1000.0	2022.4829169578827	0.0	0	0.0	2930.8135244920704	1	0	1	1.036277981688631
28623.81797861447	1000.0	2235.446808769574	0.0	0	0.0	2859.2647873840433	1	0	2	0.6453376560355525
29200.0	1000.0	2659.2647873840388	0.0	0	123.99816192469007	2859.2647873840433	1	0	1	0.8480317260087029
30200.0	1000.0	2659.2647873840397	0.0	0	306.6105703401008	2859.2647873840433	1	0	1	1.048031726008703
31200.0	1000.0	2659.264787384039	0.0	0	246.07174706836304	2859.2647873840433	1	0	1	1.048031726008703
32200.0	1000.0	2659.26478738404	0.0	0	553.545703649921	2859.2647873840433	1	0	1	1.048031726008703
33200.0	1000.0	2659.2647873840456	0.0	0	360.5552359049725	2859.264787384047	1	0	1	1.0480317260087029
34200.0	1000.0	2659.264787384053	0.0	0	276.73722340891254	2859.264787384054	1	0	1	1.048031726008702
35200.0	1000.0	2659.2647873840556	0.0	0	162.4684465603932	2859.264787384058	1	0	1	1.048031726008701
36200.0	1000.0	2659.264787384055	0.0	0	427.7815629925244	2859.264787384054	1	0	1	1.0480317260087013
37200.0	1000.0	2659.264787384046	0.0	0	417.60373938045814	2859.264787384047	1	0	1	1.0480317260087024
38200.0	1000.0	2559.2647873840424	0.0	0	351.8625824427727	2759.2647873840397	1	0	2	0.6575226419047179
39200.0	1000.0	2559.2647873840465	0.0	0	135.00191821328917	2759.2647873840397	1	0	1	0.863218356006643
40200.0	1000.0	2559.2647873840433	0.0	0	55.86395502254163	2759.2647873840397	1	0	1	1.063218356006643
41200.0	1000.0	2559.2647873840433	0.0	0	208.0023938528393	2759.2647873840397	1	0	1	1.063218356006643
42200.0	1000.0	2559.264787384039	0.0	0	526.1255284896833	2759.2647873840397	1	0	1	1.063218356006643
43200.0	1000.0	2559.2647873840406	0.0	0	422.50297844500165	2759.2647873840397	1	0	1	1.063218356006643
44200.0	1000.0	2459.2647873840397	0.0	0	415.8314860367973	2659.2647873840397	1	0	2	0.6719896899619534
45200.0	1000.0	2459.264787384036	0.0	0	257.13911853093305	2659.2647873840397	1	0	1	0.8770638364356687
46200.0	1000.0	2459.264787384037	0.0	0	107.65416421921691	2659.2647873840397	1	0	1	1.0770638364356688
47200.0	1000.0	2459.264787384048	0.0	0	275.3829556278215	2659.264787384047	1	0	1	1.077063836435668
48200.0	1000.0	2459.264787384051	0.0	0	121.73315001053561	2659.264787384047	1	0	1	1.077063836435668
49200.0	1000.0	2459.264787384061	0.0	0	128.95306787542359	2659.264787384047	1	0	1	1.077063836435668
50200.0	1000.0	2459.2647873840547	0.0	0	507.96825812036695	2659.264787384047	1	0	1	1.077063836435668
51200.0	1000.0	2459.2647873840497	0.0	0	393.07808667747304	2659.2647873840397	1	0	1	1.0770638364356688
52200.0	1000.0	2459.264787384052	0.0	0	478.49200406683667	2659.2647873840397	1	0	1	1.0770638364356688
53200.0	1000.0	2459.2647873840597	0.0	0	402.7906638947243	2659.2647873840397	1	0	1	1.0770638364356688
54200.0	1000.0	2459.2647873840574	0.0	0	491.2997552279194	2659.2647873840397	1	0	1	1.0770638364356688
55200.0	1000.0	2459.2647873840597	0.0	0	180.6466366887471	2659.2647873840397	1	0	1	1.0770638364356688
56200.0	1000.0	2459.264787384054	0.0	0	384.6924749091122	2659.2647873840397	1	0	1	1.0770638364356688
57200.0	1000.0	2459.2647873840447	0.0	0	334.43063827553124	2659.2647873840397	1	0	1	1.0770638364356688
58200.0	1000.0	2459.264787384045	0.0	0	474.82957108876144	2659.264787384047	1	0	1	1.077063836435668
59222.713909907085	1000.0	2436.5508774769605	0.0	0	127.48989280460228	2659.264787384047	1	0	1	1.077063836435668
60200.0	1000.0	2459.264787384047	0.0	0	48.729990639905736	2659.264787384047	1	0	1	1.077063836435668
61541.71296462437	1000.0	2117.5518227596776	0.0	0	0.0	2659.264787384047	1	0	1	1.077063836435668
62830.883366505186	1000.0	1828.3814208788642	0.0	0	0.0	2659.264787384047	1	0	1	1.077063836435668
63800.318916655764	1000.0	1858.945870728293	0.0	0	0.0	2659.264787384047	1	0	1	1.077063836435668
64480.79100655522	1000.0	2178.4737808288346	0.0	0	0.0	2659.264787384047	1	0	1	1.077063836435668
65200.0	1000.0	2459.26478738405	0.0	0	178.82415297978878	2659.264787384047	1	0	1	1.077063836435668
66200.0	1000.0	2459.2647873840356	0.0	0	88.50680063267646	2659.2647873840397	1	0	1	1.0770638364356682
67200.0	1000.0	2459.26478738403	0.0	0	193.70951748840162	2659.264787384025	1	0	1	1.07706383643567
68214.73099609216	1000.0	2444.533791291884	0.0	0	0.0	2659.2647873840324	1	0	1	1.07706383643567
69200.0	1000.0	2360.7378869932627	0.0	0	398.07144002027053	2560.737886993258	1	0	2	0.684997462116099
70200.0	1000.0	2360.737886993271	0.0	0	519.7327580913698	2560.737886993258	1	0	1	0.8895004784253877
71200.0	1000.0	2360.737886993275	0.0	0	264.91763203991286	2560.737886993258	1	0	1	1.0895004784253879
72200.0	1000.0	2360.737886993255	0.0	0	277.68199793362874	2560.7378869932436	1	0	1	1.0895004784253894
73200.0	1000.0	2360.737886993255	0.0	0	470.46417707769433	2560.7378869932436	1	0	1	1.0895004784253894
74200.0	1000.0	2360.7378869932522	0.0	0	398.27739896494313	2560.7378869932436	1	0	1	1.0895004784253894
75200.0	1000.0	2360.7378869932445	0.0	0	384.24401384123485	2560.7378869932436	1	0	1	1.0895004784253894
76200.0	1000.0	2360.7378869932495	0.0	0	100.4562187553529	2560.7378869932436	1	0	1	1.0895004784253894
77200.0	1000.0	2360.737886993241	0.0	0	196.37492014458985	2560.737886993229	1	0	1	1.0895004784253912
78200.0	1000.0	2360.737886993239	0.0	0	217.16226535160968	2560.7378869932145	1	0	1	1.0895004784253932
79200.0	1000.0	2360.7378869932472	0.0	0	219.81635776575422	2560.7378869932	1	0	1	1.0895004784253948
80283.03941141245	1000.0	2277.6984755808007	0.0	0	0.0	2560.7378869932	1	0	1	1.0895004784253948
81200.0	1000.0	2360.7378869932595	0.0	0	340.7245928392658	2560.7378869932145	1	0	1	1.0895004784253932
82200.0	1000.0	2360.7378869932613	0.0	0	318.19754973161616	2560.7378869932145	1	0	1	1.0895004784253932
83200.0	1000.0	2360.737886993251	0.0	0	375.5233043340995	2560.7378869932145	1	0	1	1.0895004784253932
84200.0	1000.0	2360.737886993255	0.0	0	233.7200506485533	2560.7378869932145	1	0	1	1.0895004784253932
85200.0	1000.0	2360.7378869932613	0.0	0	32.49780061819183	2560.7378869932145	1	0	1	1.0895004784253932
86442.09203823547	1000.0	2118.6458487577797	0.0	0	0.0	2560.7378869932145	1	0	1	1.0895004784253932
87200.0	1000.0	2360.737886993248	0.0	0	75.01136881347338	2560.7378869932145	1	0	1	1.0895004784253932
88228.49686468061	1000.0	2332.241022312646	0.0	0	0.0	2560.7378869932145	1	0	1	1.0895004784253932
89210.78222796274	1000.0	2349.955659030509	0.0	0	0.0	2560.7378869932	1	0	1	1.0895004784253948
90240.93782916093	1000.0	2319.800057832331	0.0	0	0.0	2560.7378869931854	1	0	1	1.0895004784253965
91200.0	1000.0	2360.737886993272	0.0	0	193.70640595084114	2560.7378869931854	1	0	1	1.0895004784253965
92200.0	1000.0	2360.7378869932763	0.0	0	43.08537966865697	2560.7378869931854	1	0	1	1.0895004784253965
93200.0	1000.0	2360.7378869932854	0.0	0	238.0790728256543	2560.7378869931854	1	0	1	1.0895004784253965
94200.0	1000.0	2360.7378869932822	0.0	0	341.3165795326495	2560.7378869931854	1	0	1	1.0895004784253965
95200.0	1000.0	2360.737886993292	0.0	0	422.98472702391155	2560.7378869932	1	0	1	1.0895004784253948
96200.0	1000.0	2360.7378869932913	0.0	0	275.11244914415875	2560.7378869932	1	0	1	1.0895004784253948
97422.96815312334	1000.0	2015.472918557633	0.0	0	0.0	2438.441071680878	1	0	2	0.69912658884199
98704.3167947401	1000.0	1734.1242769408748	0.0	0	0.0	2438.441071680878	1	0	1	0.9034211486559964
99814.26099991638	1000.0	1624.1800717645988	0.0	0	0.0	2438.441071680878	1	0	1	1.1034211486559966
100649.80490868946	1000.0	1788.6361629915334	0.0	0	0.0	2438.441071680878	1	0	1	1.1034211486559966
101371.00695267315	1000.0	2067.4341190078385	0.0	0	0.0	2438.441071680878	1	0	1	1.1034211486559966
102200.0	1000.0	2238.4410716809934	0.0	0	300.3273957680358	2438.4410716808925	1	0	1	1.103421148655995
103200.0	1000.0	2238.441071680989	0.0	0	274.1008676504425	2438.4410716808925	1	0	1	1.103421148655995
104200.0	1000.0	2238.4410716809753	0.0	0	387.4110503348784	2438.441071680878	1	0	1	1.1034211486559966
105200.0	1000.0	2238.441071680968	0.0	0	104.13343344503664	2438.441071680878	1	0	1	1.1034211486559966
106200.0	1000.0	2238.4410716809743	0.0	0	320.6974847944366	2438.441071680878	1	0	1	1.1034211486559966
107200.0	1000.0	2238.441071680983	0.0	0	417.20728766397224	2438.441071680878	1	0	1	1.1034211486559966
108200.0	1000.0	2238.4410716809653	0.0	0	501.5663853383885	2438.441071680878	1	0	1	1.1034211486559966
109200.0	1000.0	2238.441071680974	0.0	0	367.417513774446	2438.4410716808634	1	0	1	1.1034211486559984
110200.0	1000.0	2238.4410716809775	0.0	0	210.69727763780975	2438.4410716808634	1	0	1	1.1034211486559984
111200.0	1000.0	2238.4410716809853	0.0	0	333.33939118671697	2438.4410716808634	1	0	1	1.1034211486559984
112200.0	1000.0	2238.441071680982	0.0	0	217.32381499453913	2438.4410716808634	1	0	1	1.1034211486559984
113200.0	1000.0	2238.4410716809866	0.0	0	127.4689470695157	2438.4410716808634	1	0	1	1.1034211486559984
114200.0	1000.0	2238.4410716809894	0.0	0	224.13182837853674	2438.4410716808634	1	0	1	1.1034211486559984
115200.0	1000.0	2238.4410716810044	0.0	0	433.51941819043714	2438.4410716808634	1	0	1	1.1034211486559984
116200.0	1000.0	2238.4410716810044	0.0	0	497.7181660320057	2438.4410716808634	1	0	1	1.1034211486559984
117200.0	1000.0	2238.4410716810085	0.0	0	400.23235354866483	2438.4410716808634	1	0	1	1.1034211486559984
118200.0	1000.0	2238.441071681017	0.0	0	454.68959553986497	2438.441071680878	1	0	1	1.1034211486559966
119200.0	1000.0	2238.4410716810066	0.0	0	431.2924344187777	2438.4410716808634	1	0	1	1.1034211486559984
120200.0	1000.0	2238.44107168103	0.0	0	198.8362010395649	2438.4410716808634	1	0	1	1.1034211486559984
121200.0	1000.0	2238.441071681032	0.0	0	481.09392741032934	2438.441071680878	1	0	1	1.1034211486559966
122200.0	1000.0	2238.4410716810344	0.0	0	289.9333833842393	2438.441071680878	1	0	1	1.1034211486559966
123200.0	1000.0	2238.4410716810507	0.0	0	234.00751848547952	2438.441071680878	1	0	1	1.1034211486559966
124200.0	1000.0	2238.4410716810376	0.0	0	144.091398630786	2438.4410716808634	1	0	1	1.1034211486559984
125200.0	1000.0	2238.4410716810567	0.0	0	226.72727317480894	2438.4410716808634	1	0	1	1.1034211486559984
126200.0	1000.0	2238.44107168106	0.0	0	486.0651442550152	2438.4410716808634	1	0	1	1.1034211486559984
127200.0	1000.0	2238.4410716810676	0.0	0	404.4542503464327	2438.4410716808634	1	0	1	1.1034211486559984
128200.0	1000.0	2238.4410716810794	0.0	0	569.7066170611215	2438.4410716808634	1	0	1	1.1034211486559984
129200.0	1000.0	2238.4410716810753	0.0	0	521.1108198531001	2438.4410716808634	1	0	1	1.1034211486559984
130200.0	1000.0	2238.4410716810617	0.0	0	355.0593695824209	2438.4410716808634	1	0	1	1.1034211486559984
131200.0	1000.0	2238.441071681072	0.0	0	26.10738834296353	2438.441071680878	1	0	1	1.103421148655998
132200.0	1000.0	2238.4410716810617	0.0	0	425.41658660242683	2438.441071680849	1	0	1	1.103421148656
133200.0	1000.0	2238.4410716810303	0.0	0	67.22423726305715	2438.4410716808343	1	0	1	1.103421148656001
134396.0111096121	1000.0	2042.4299620689387	0.0	0	0.0	2438.4410716808343	1	0	1	1.1034211486560013
135230.85732817487	1000.0	2207.583743506155	0.0	0	0.0	2438.4410716808634	1	0	1	1.1034211486559984
136200.0	1000.0	2238.441071681038	0.0	0	414.0730961779482	2438.4410716808634	1	0	1	1.1034211486559984
137200.0	1000.0	2238.441071681046	0.0	0	359.61475449235877	2438.4410716808634	1	0	1	1.1034211486559984
138200.0	1000.0	2238.4410716810653	0.0	0	73.71545745615731	2438.4410716808634	1	0	1	1.1034211486559984
139200.0	1000.0	2238.4410716810667	0.0	0	483.20061581011396	2438.4410716808634	1	0	1	1.1034211486559984
140200.0	1000.0	2238.4410716810808	0.0	0	265.1472957060614	2438.4410716808634	1	0	1	1.1034211486559984
141293.39067728262	1000.0	2145.0503943984636	0.0	0	0.0	2438.4410716808634	1	0	1	1.1034211486559984
142200.0	1000.0	2238.441071681072	0.0	0	178.26006646102178	2438.4410716808634	1	0	1	1.1034211486559984
143200.0	1000.0	2238.441071681051	0.0	0	344.3337752976513	2438.4410716808634	1	0	1	1.1034211486559984
144200.0	1000.0	2238.441071681039	0.0	0	401.4070731551037	2438.4410716808634	1	0	1	1.1034211486559984
145200.0	1000.0	2238.441071681057	0.0	0	66.9615115588822	2438.4410716808634	1	0	1	1.1034211486559984
146299.5958058796	1000.0	2138.845265801493	0.0	0	0.0	2438.4410716808634	1	0	1	1.1034211486559984
147200.0	1000.0	2238.4410716810626	0.0	0	123.59673921286594	2438.4410716808634	1	0	1	1.1034211486559984
148200.0	1000.0	2238.4410716810676	0.0	0	250.89471111434978	2438.4410716808634	1	0	1	1.1034211486559984
149200.0	1000.0	2238.4410716810557	0.0	0	288.14272900286596	2438.4410716808634	1	0	1	1.1034211486559984
150200.0	1000.0	2238.441071681032	0.0	0	482.55396872543497	2438.4410716808634	1	0	1	1.1034211486559984
151200.0	1000.0	2238.441071681012	0.0	0	272.5820127353363	2438.4410716808634	1	0	1	1.1034211486559984
152231.5500306714	1000.0	2206.891041009594	0.0	0	0.0	2438.4410716808343	1	0	1	1.1034211486560013
153200.0	1000.0	2238.441071680986	0.0	0	48.88038650597446	2438.4410716808343	1	0	1	1.1034211486560013
154200.0	1000.0	2238.4410716809844	0.0	0	145.92029420373728	2438.441071680805	1	0	1	1.1034211486560044
155200.0	1000.0	2238.4410716809703	0.0	0	376.4066377161944	2438.441071680776	1	0	1	1.1034211486560077
156200.0	1000.0	2238.4410716809443	0.0	0	225.80937731140875	2438.441071680776	1	0	1	1.1034211486560077
157200.0	1000.0	2238.441071680939	0.0	0	3.422014393057907	2438.441071680776	1	0	1	1.1034211486560077
158200.0	1000.0	2238.441071680917	0.0	0	216.83567710596253	2438.441071680776	1	0	1	1.1034211486560077
159200.0	1000.0	2238.441071680911	0.0	0	258.56108186914935	2438.441071680776	1	0	1	1.1034211486560077
160200.0	1000.0	2238.4410716809275	0.0	0	118.65511306861299	2438.441071680776	1	0	1	1.1034211486560077
161200.0	1000.0	2238.441071680929	0.0	0	247.30933549601468	2438.441071680747	1	0	1	1.1034211486560108
162200.0	1000.0	2238.4410716809366	0.0	0	325.94434089883	2438.441071680747	1	0	1	1.1034211486560108
163200.0	1000.0	2238.4410716809216	0.0	0	355.5254770806059	2438.441071680747	1	0	1	1.1034211486560108
164200.0	1000.0	2238.441071680951	0.0	0	151.7225687233149	2438.441071680776	1	0	1	1.1034211486560077
165200.0	1000.0	2238.441071680928	0.0	0	326.80536237329943	2438.441071680776	1	0	1	1.1034211486560077
166200.0	1000.0	2238.4410716809284	0.0	0	518.419590764126	2438.441071680776	1	0	1	1.1034211486560077
167200.0	1000.0	2238.44107168094	0.0	0	233.3451304161572	2438.441071680805	1	0	1	1.1034211486560044
168465.42763295086	1000.0	1973.013438730118	0.0	0	0.0	2438.441071680805	1	0	1	1.1034211486560044
169376.51717571597	1000.0	2061.923895964979	0.0	0	0.0	2438.441071680805	1	0	1	1.1034211486560044
170200.0	1000.0	2238.441071680966	0.0	0	33.892358029901516	2438.4410716808343	1	0	1	1.1034211486560013
171200.0	1000.0	2238.4410716809866	0.0	0	89.41674929080182	2438.4410716808343	1	0	1	1.1034211486560013
172459.1713272191	1000.0	1979.2697444618766	0.0	0	0.0	2438.441071680805	1	0	1	1.1034211486560044
173636.40881791915	1000.0	1802.0322537618442	0.0	0	0.0	2438.441071680805	1	0	1	1.1034211486560044
174200.0	500.0	2238.4410716809816	0.0	0	177.46705451828893	2438.441071680805	1	0	1	-0.28287321246388625
175200.0	1000.0	2238.4410716809984	0.0	0	278.42709501765785	2438.441071680805	1	0	1	0.41027396809605904
176200.0	1000.0	2238.441071680999	0.0	0	62.16927639662754	2438.441071680805	1	0	1	1.1034211486560044
177200.0	1000.0	2238.441071680968	0.0	0	373.86461679113563	2438.441071680805	1	0	1	1.1034211486560044
178200.0	1000.0	2238.4410716809443	0.0	0	354.2631228718383	2438.441071680805	1	0	1	1.1034211486560044
179200.0	1000.0	2238.44107168095	0.0	0	308.9503762512177	2438.441071680805	1	0	1	1.1034211486560044
180200.0	1000.0	2238.441071680975	0.0	0	468.6555419367796	2438.441071680805	1	0	1	1.1034211486560044
181200.0	1000.0	2238.4410716809616	0.0	0	300.4415773509536	2438.441071680805	1	0	1	1.1034211486560044
182200.0	1000.0	2238.4410716809803	0.0	0	516.4816173772269	2438.4410716808343	1	0	1	1.1034211486560013
183200.0	1000.0	2238.4410716809903	0.0	0	375.62646268645767	2438.4410716808634	1	0	1	1.1034211486559984
184200.0	1000.0	2238.4410716810307	0.0	0	125.16510355231003	2438.4410716808925	1	0	1	1.103421148655995
185200.0	1000.0	2238.4410716810658	0.0	0	98.39014807887725	2438.4410716808925	1	0	1	1.103421148655995
186200.0	1000.0	2238.4410716810735	0.0	0	197.14188476660638	2438.4410716809216	1	0	1	1.103421148655992
187200.0	1000.0	2238.44107168104	0.0	0	257.12029738133424	2438.4410716808925	1	0	1	1.103421148655995
188200.0	1000.0	2238.4410716810276	0.0	0	98.76180943791405	2438.4410716808925	1	0	1	1.103421148655995
189200.0	1000.0	2238.441071681029	0.0	0	262.8630399637623	2438.4410716808925	1	0	1	1.103421148655995
190200.0	1000.0	2238.441071681043	0.0	0	436.8145405810501	2438.4410716808925	1	0	1	1.103421148655995
191200.0	1000.0	2238.4410716810185	0.0	0	344.58819154050434	2438.4410716808925	1	0	1	1.103421148655995
192200.0	1000.0	2238.4410716810457	0.0	0	351.0411891680269	2438.4410716808634	1	0	1	1.1034211486559984
193200.0	1000.0	2238.441071681041	0.0	0	408.9160799571255	2438.4410716808634	1	0	1	1.1034211486559984
194200.0	1000.0	2238.4410716810266	0.0	0	16.452119607682107	2438.4410716808925	1	0	1	1.103421148655995
195200.0	1000.0	2238.441071681055	0.0	0	167.38543662131997	2438.4410716808925	1	0	1	1.103421148655995
196200.0	1000.0	2238.44107168107	0.0	0	261.2933901520737	2438.4410716808925	1	0	1	1.103421148655995
197200.0	1000.0	2238.4410716810926	0.0	0	42.80890226177871	2438.4410716809216	1	0	1	1.103421148655992
198200.0	1000.0	2238.4410716811117	0.0	0	95.58907721043215	2438.4410716809507	1	0	1	1.1034211486559888
199200.0	1000.0	2238.441071681099	0.0	0	468.7322927862697	2438.4410716809507	1	0	1	1.1034211486559888
200200.0	1000.0	2238.4410716810935	0.0	0	396.37414840972633	2438.4410716809507	1	0	1	1.1034211486559888
201200.0	1000.0	2238.4410716810703	0.0	0	529.4980899180518	2438.4410716809507	1	0	1	1.1034211486559888
202200.0	1000.0	2238.441071681065	0.0	0	446.27922008902533	2438.4410716809507	1	0	1	1.1034211486559888
203200.0	1000.0	2238.441071681099	0.0	0	417.8599952714867	2438.44107168098	1	0	1	1.1034211486559864
204200.0	1000.0	2238.4410716811353	0.0	0	421.3519085365406	2438.441071681009	1	0	1	1.1034211486559826
205200.0	1000.0	2238.4410716811567	0.0	0	179.13721226714551	2438.441071681009	1	0	1	1.1034211486559826
206200.0	1000.0	2238.441071681163	0.0	0	224.90160810406087	2438.441071681009	1	0	1	1.1034211486559826
207200.0	1000.0	2238.441071681156	0.0	0	476.62020478607155	2438.44107168098	1	0	1	1.103421148655985
208471.04456267194	1000.0	1967.3965090091829	0.0	0	0.0	2438.4410716809216	1	0	1	1.1034211486559913
209278.84138896657	1000.0	2159.5996827145614	0.0	0	0.0	2438.4410716809216	1	0	1	1.103421148655992
210665.67685347865	1000.0	1772.7642182024745	0.0	0	0.0	2438.4410716809216	1	0	1	1.103421148655992
211824.0007265646	1000.0	1614.4403451165	0.0	0	0.0	2438.4410716808634	1	0	1	1.1034211486559964
212912.99218691138	1000.0	1525.448884769774	0.0	0	0.0	2438.4410716808634	1	0	1	1.1034211486559984
213658.5995493545	1000.0	1779.8415223266563	0.0	0	0.0	2438.4410716808634	1	0	1	1.1034211486559984
214310.31443364537	1000.0	2128.126638035776	0.0	0	0.0	2438.4410716808634	1	0	1	1.1034211486559984
215200.0	1000.0	2238.4410716811094	0.0	0	301.0817077087704	2438.4410716808634	1	0	1	1.1034211486559984
216200.0	1000.0	2238.4410716811362	0.0	0	320.7502779625647	2438.4410716808634	1	0	1	1.1034211486559984
217298.90543510174	1000.0	2139.5356365793828	0.0	0	0.0	2438.4410716808343	1	0	1	1.1034211486560013
218203.76184361908	1000.0	2234.679228062022	0.0	0	0.0	2438.4410716808343	1	0	1	1.1034211486560013
219200.0	1000.0	2238.441071681091	0.0	0	428.50170684832847	2438.441071680805	1	0	1	1.1034211486560044
220200.0	1000.0	2238.441071681065	0.0	0	433.0141935313004	2438.441071680805	1	0	1	1.1034211486560044
221200.0	1000.0	2238.4410716810617	0.0	0	571.5892796134576	2438.441071680805	1	0	1	1.1034211486560044
222200.0	1000.0	2238.441071681082	0.0	0	416.2492046029074	2438.4410716808343	1	0	1	1.103421148656002
223200.0	1000.0	2238.4410716810985	0.0	0	509.20995290085557	2438.4410716808343	1	0	1	1.1034211486560013
224200.0	1000.0	2238.4410716811053	0.0	0	486.86385961368796	2438.4410716808343	1	0	1	1.1034211486560013
225200.0	1000.0	2238.4410716810876	0.0	0	183.39254701681784	2438.441071680805	1	0	1	1.1034211486560044
226200.0	1000.0	2238.4410716811	0.0	0	235.33156795997638	2438.441071680805	1	0	1	1.1034211486560044
227200.0	1000.0	2238.441071681113	0.0	0	5.863566629093839	2438.4410716808343	1	0	1	1.1034211486560013
228557.71296548762	1000.0	1880.7281061934825	0.0	0	0.0	2438.441071680805	1	0	1	1.103421148656002
229200.0	1000.0	2238.441071681103	0.0	0	112.73557554275612	2438.441071680805	1	0	1	1.1034211486560044
230200.0	1000.0	2238.4410716811162	0.0	0	311.84643242991297	2438.441071680805	1	0	1	1.1034211486560044
231200.0	1000.0	2238.441071681113	0.0	0	493.3940899951849	2438.441071680805	1	0	1	1.1034211486560044
232200.0	1000.0	2238.4410716811635	0.0	0	297.9252273797756	2438.441071680805	1	0	1	1.1034211486560044
233200.0	1000.0	2238.441071681165	0.0	0	434.4416570797912	2438.441071680805	1	0	1	1.1034211486560044
234200.0	1000.0	2238.4410716811544	0.0	0	134.17232346176752	2438.441071680805	1	0	1	1.103421148656005
235283.42001300704	1000.0	2155.021058674114	0.0	0	0.0	2438.441071680805	1	0	1	1.1034211486560044
236399.0872980102	1000.0	2039.35377367097	0.0	0	0.0	2438.441071680805	1	0	1	1.1034211486560044
237832.05534627076	1000.0	1606.3857254103998	0.0	0	0.0	2438.441071680805	1	0	1	1.1034211486560044
238898.35433354738	1000.0	1540.086738133766	0.0	0	0.0	2438.441071680805	1	0	1	1.1034211486560044
239780.8309559595	1000.0	1657.6101157216335	0.0	0	0.0	2438.441071680805	1	0	1	1.1034211486560044
240540.63434314227	1000.0	1897.806728538892	0.0	0	0.0	2438.441071680805	1	0	1	1.1034211486560044
241200.0	1000.0	2238.4410716811863	0.0	0	103.72804559653741	2438.441071680805	1	0	1	1.1034211486560044
242200.0	1000.0	2238.4410716811726	0.0	0	346.751606031612	2438.441071680776	1	0	1	1.1034211486560077
243200.0	1000.0	2238.4410716811662	0.0	0	519.4949865892413	2438.441071680776	1	0	1	1.1034211486560077
244200.0	1000.0	2238.441071681158	0.0	0	569.8917783196084	2438.441071680776	1	0	1	1.1034211486560077
245200.0	1000.0	2238.441071681131	0.0	0	520.4221595515846	2438.441071680776	1	0	1	1.1034211486560077
246387.42953434863	1000.0	2051.011537332505	0.0	0	0.0	2438.441071680776	1	0	1	1.1034211486560077
247343.59116713304	1000.0	2094.8499045481312	0.0	0	0.0	2438.441071680805	1	0	1	1.1034211486560044
248412.6478072953	1000.0	2025.7932643858514	0.0	0	0.0	2438.441071680805	1	0	1	1.1034211486560044
249200.0	1000.0	2238.441071681113	0.0	0	181.8508771903871	2438.441071680805	1	0	1	1.1034211486560044
250200.0	1000.0	2238.441071681136	0.0	0	198.34570819608052	2438.441071680805	1	0	1	1.1034211486560044
251200.0	1000.0	2238.4410716811185	0.0	0	163.22006595812854	2438.441071680805	1	0	1	1.1034211486560044
252200.0	1000.0	2238.44107168107	0.0	0	214.3239607847645	2438.441071680776	1	0	1	1.1034211486560077
253257.476433037	1000.0	2180.9646386441004	0.0	0	0.0	2438.441071680776	1	0	1	1.1034211486560077
254200.0	1000.0	2238.4410716810817	0.0	0	312.50838718001614	2438.441071680776	1	0	1	1.1034211486560077
255200.0	1000.0	2238.441071681114	0.0	0	314.9278315982083	2438.441071680747	1	0	1	1.1034211486560108
256200.0	1000.0	2238.441071681135	0.0	0	519.2107073241787	2438.441071680747	1	0	1	1.1034211486560108
257200.0	1000.0	2238.4410716811476	0.0	0	401.8194319594477	2438.441071680747	1	0	1	1.1034211486560102
258200.0	1000.0	2238.4410716811462	0.0	0	286.94454955126275	2438.441071680776	1	0	1	1.1034211486560082
259352.9596626719	2000.0	2085.4814090092277	0.0	0	0.0	2438.441071680776	1	0	1	1.1034211486560077
261000.7151176824	2000.0	1437.725953998687	0.0	0	0.0	2438.441071680747	1	0	1	1.796568329215956
262227.1330700781	2000.0	1211.3080016029967	0.0	0	0.0	2438.441071680747	1	0	1	1.7965683292159536
263093.8887630332	1000.0	1344.5523086478534	0.0	0	0.0	2438.4410716806888	1	0	1	0.41027396809606875
263740.70655077917	1000.0	1697.734520901839	0.0	0	0.0	2438.4410716806597	1	0	1	1.1034211486560201
264325.91292010894	1000.0	2112.528151572091	0.0	0	0.0	2438.4410716806888	1	0	1	1.1034211486560184
265200.0	1000.0	2238.441071681053	0.0	0	312.7238382357755	2438.441071680747	1	0	1	1.1034211486560108
266200.0	1000.0	2238.4410716810157	0.0	0	552.1437947959639	2438.441071680747	1	0	1	1.1034211486560108
267200.0	1000.0	2238.4410716810153	0.0	0	510.2388048438588	2438.441071680747	1	0	1	1.1034211486560108
268200.0	1000.0	2238.441071681027	0.0	0	434.59376843698556	2438.441071680805	1	0	1	1.1034211486560044
269200.0	1000.0	2238.4410716811185	0.0	0	179.25177709100535	2438.4410716808634	1	0	1	1.1034211486559984
270200.0	1000.0	2238.441071681047	0.0	0	486.78731219365727	2438.4410716808634	1	0	1	1.1034211486559984
271200.0	1000.0	2238.4410716810576	0.0	0	245.05981918831822	2438.4410716808634	1	0	1	1.1034211486559984
272200.0	1000.0	2238.4410716810776	0.0	0	386.9409930027905	2438.4410716808634	1	0	1	1.1034211486559984
273200.0	1000.0	2238.441071681045	0.0	0	39.287592802313156	2438.4410716809216	1	0	1	1.103421148655992
274200.0	1000.0	2238.441071681038	0.0	0	403.6385304116411	2438.4410716809216	1	0	1	1.103421148655992
275200.0	1000.0	2238.4410716810007	0.0	0	510.34044454520335	2438.4410716809216	1	0	1	1.103421148655992
276200.0	1000.0	2238.4410716810066	0.0	0	274.5541765889502	2438.4410716809216	1	0	1	1.103421148655992
277200.0	1000.0	2238.441071681013	0.0	0	611.7546189724817	2438.4410716809216	1	0	1	1.103421148655992
278200.0	1000.0	2238.441071681048	0.0	0	532.539836580574	2438.4410716809216	1	0	1	1.103421148655992
279200.0	1000.0	2238.4410716810235	0.0	0	443.29534150322434	2438.4410716809216	1	0	1	1.103421148655992
280200.0	1000.0	2238.44107168108	0.0	0	180.6585655907984	2438.4410716809216	1	0	1	1.103421148655992
281200.0	1000.0	2238.4410716811008	0.0	0	119.6363650255953	2438.4410716808634	1	0	1	1.1034211486559984
282272.8210326165	1000.0	2165.6200390646154	0.0	0	0.0	2438.4410716808634	1	0	1	1.1034211486559984
283200.0	1000.0	2238.441071681126	0.0	0	118.51673139532795	2438.4410716808634	1	0	1	1.1034211486559984
284200.0	1000.0	2238.441071681097	0.0	0	157.070374878007	2438.4410716809216	1	0	1	1.103421148655992
285200.0	1000.0	2238.4410716810944	0.0	0	314.8395375527907	2438.4410716809216	1	0	1	1.103421148655992
286200.0	1000.0	2238.4410716810808	0.0	0	395.56757367233513	2438.4410716809216	1	0	1	1.103421148655992
287254.8563744503	1000.0	2183.58469723076	0.0	0	0.0	2438.44107168098	1	0	1	1.1034211486559857
288200.0	1000.0	2238.4410716810926	0.0	0	400.46230571181513	2438.44107168098	1	0	1	1.1034211486559857
289200.0	1000.0	2238.441071681112	0.0	0	467.8774781424436	2438.44107168098	1	0	1	1.1034211486559857
290200.0	1000.0	2238.4410716811713	0.0	0	35.43816923623672	2438.44107168098	1	0	1	1.1034211486559857
291200.0	1000.0	2238.4410716812235	0.0	0	353.9306547783781	2438.44107168098	1	0	1	1.1034211486559857
292200.0	1000.0	2238.441071681298	0.0	0	591.1004089427879	2438.441071681038	1	0	1	1.1034211486559795
293200.0	1000.0	2238.441071681302	0.0	0	403.78531027701683	2438.441071681038	1	0	1	1.1034211486559795
294200.0	1000.0	2238.441071681316	0.0	0	113.79119322961196	2438.441071681038	1	0	1	1.1034211486559795
295344.9371858655	1000.0	2093.5038858158355	0.0	0	0.0	2438.441071681038	1	0	1	1.1034211486559795
296200.0	1000.0	2238.441071681297	0.0	0	194.7606754450826	2438.441071681038	1	0	1	1.1034211486559795
297200.0	1000.0	2238.441071681298	0.0	0	426.4318658153643	2438.441071681038	1	0	1	1.1034211486559795
298200.0	1000.0	2238.4410716812695	0.0	0	478.4697951549897	2438.441071681038	1	0	1	1.1034211486559795
299200.0	1000.0	2238.44107168124	0.0	0	537.2149498846848	2438.441071681038	1	0	1	1.1034211486559795
300200.0	1000.0	2238.4410716812295	0.0	0	589.6965525644482	2438.441071681038	1	0	1	1.1034211486559795
1.17	1.67	2.38	1.33	1.44	1.91	1.25	1.36	1.45	1.11	1.4	1.59	2.28	1.81	0.9	1.15	1.08	1.33	1.25	0.76	0.96	1.45	1.51	1.25	1.51	2.33	1.17	2.18	1.87	1.78	1.47	1.41	1.39	1.29	1.17	1.31	1.44	1.61	2.04	1.22	1.61	1.33	1.4	1.62	1.2	1.44	2.21	1.91	1.65	2.26	2.09	1.25	1.55	1.15	2.22	0.61	1.04	0.94	1.04	0.96	1.41	1.93	1.15	1.44	1.1	1.59	1.91	1.85	1.91	2.55	1.8	1.39	1.61	1.3	1.26	0.75	1.47	1.61	1.68	1.78	1.53	0.73	1.27	1.12	0.66	0.93	0.86	1.24	1.45	1.87	1.76	2.32	1.61	0.8	1.03	1.19	1.38	1.58	1.67	1.59	1.11	1.66	2.1	2.12	1.77	1.52	1.74	1.18	1.54	1.59	1.54	2.15	2.2	1.73	2.1	1.73	1.45	1.71	1.59	1.69	1.31	2.06	1.48	2.09	2.32	2.03	1.11	1.39	1.19	1.12	1.0	1.38	1.54	1.14	1.32	2.27	1.44	0.93	1.99	2.04	1.45	1.27	1.07	1.67	1.68	2.06	2.26	1.51	1.18	1.66	1.17	1.67	2.38	1.33	1.44	1.91	1.25	1.36	1.45	1.11	1.4	1.59	2.28	1.81	0.9	1.15	1.08	1.33	1.25	0.76	0.96	1.45	1.51	1.25	1.51	2.33	1.17	2.18	1.87	1.78	1.47	1.41	1.39	1.29	1.17	1.31	1.44	1.61	2.04	1.22	1.61	1.33	1.4	1.62	1.2	1.44	2.21	1.91	1.65	2.26	2.09	1.25	1.55	1.15	2.22	0.61	1.04	0.94	1.04	0.96	1.41	1.93	1.15	1.44	1.1	1.59	1.91	1.85	1.91	2.55	1.8	1.39	1.61	1.3	1.26	0.75	1.47	1.61	1.68	1.78	1.53	0.73	1.27	1.12	0.66	0.93	0.86	1.24	1.45	1.87	1.76	2.32	1.61	0.8	1.03	1.19	1.38	1.58	1.67	1.59	1.11	1.66	2.1	2.12	1.77	1.52	1.74	1.18	1.54	1.59	1.54	2.15	2.2	1.73	2.1	1.73	1.45	1.71	1.59	1.69	1.31	2.06	1.48	2.09	2.32	2.03	1.11	1.39	1.19	1.12	1.0	1.38	1.54	1.14	1.32	2.27	1.44	0.93	1.99	2.04	1.45	1.27	1.07	1.67	1.68	2.06	2.26	1.51	1.18	1.66	1.17
1.0	2.0	3.0	4.0	5.0	6.0	7.0	8.0	9.0	10.0	11.0	12.0	13.0	14.0	15.0	16.0	17.0	18.0	19.0	20.0	21.0	22.0	23.0	24.0	25.0	26.0	27.0	28.0	29.0	30.0	31.0	32.0	33.0	34.0	35.0	36.0	37.0	38.0	39.0	40.0	41.0	42.0	43.0	44.0	45.0	46.0	47.0	48.0	49.0	50.0	51.0	52.0	53.0	54.0	55.0	56.0	57.0	58.0	59.0	60.0	61.0	62.0	63.0	64.0	65.0	66.0	67.0	68.0	69.0	70.0	71.0	72.0	73.0	74.0	75.0	76.0	77.0	78.0	79.0	80.0	81.0	82.0	83.0	84.0	85.0	86.0	87.0	88.0	89.0	90.0	91.0	92.0	93.0	94.0	95.0	96.0	97.0	98.0	99.0	100.0	101.0	102.0	103.0	104.0	105.0	106.0	107.0	108.0	109.0	110.0	111.0	112.0	113.0	114.0	115.0	116.0	117.0	118.0	119.0	120.0	121.0	122.0	123.0	124.0	125.0	126.0	127.0	128.0	129.0	130.0	131.0	132.0	133.0	134.0	135.0	136.0	137.0	138.0	139.0	140.0	141.0	142.0	143.0	144.0	145.0	146.0	147.0	148.0	149.0	149.0	150.0	151.0	152.0	153.0	154.0	155.0	156.0	157.0	158.0	159.0	160.0	161.0	162.0	163.0	164.0	165.0	166.0	167.0	168.0	169.0	170.0	171.0	172.0	173.0	174.0	175.0	176.0	177.0	178.0	179.0	180.0	181.0	182.0	183.0	184.0	185.0	186.0	187.0	188.0	189.0	190.0	191.0	192.0	193.0	194.0	195.0	196.0	197.0	198.0	199.0	200.0	201.0	202.0	203.0	204.0	205.0	206.0	207.0	208.0	209.0	210.0	211.0	212.0	213.0	214.0	215.0	216.0	217.0	218.0	219.0	220.0	221.0	222.0	223.0	224.0	225.0	226.0	227.0	228.0	229.0	230.0	231.0	232.0	233.0	234.0	235.0	236.0	237.0	238.0	239.0	240.0	241.0	242.0	243.0	244.0	245.0	246.0	247.0	248.0	249.0	250.0	251.0	252.0	253.0	254.0	255.0	256.0	257.0	258.0	259.0	260.0	261.0	262.0	263.0	264.0	265.0	266.0	267.0	268.0	269.0	270.0	271.0	272.0	273.0	274.0	275.0	276.0	277.0	278.0	279.0	280.0	281.0	282.0	283.0	284.0	285.0	286.0	287.0	288.0	289.0	290.0	291.0	292.0	293.0	294.0	295.0	296.0	297.0	298.0	298.0	299.0
3539.4906499426115
