4370.982666623178	300.0	2000.0	103.04289145467664	0	0.0	4370.982666623178	1	0	1	-1.2536687735299794
4467.3094433431925	300.0	2894.040545607984	0.0	0	0.0	4361.349988951177	1	0	2	-1.0415992545718138
4578.997453336989	300.0	3771.183734614808	0.0	0	0.0	4350.181187951797	1	0	2	-0.8356732517057489
5200.0	500.0	4088.080933285495	0.0	0	468.7508553987327	4288.080933285495	1	0	2	-0.8191166973279321
6200.0	500.0	3988.0809332854956	0.0	0	822.2268052485406	4188.080933285495	1	0	2	-0.2606401818416022
7200.0	500.0	3888.080933285496	0.0	0	783.7876874422591	4088.0809332854947	1	0	2	-0.2126987628042017
8200.0	500.0	3788.080933285497	0.0	0	779.9959236982941	3988.080933285496	1	0	2	-0.16814518929666566
9200.0	1000.0	3688.080933285498	0.0	0	694.3128863835882	3888.080933285497	1	0	2	-0.12683226432454536
10200.0	1000.0	3588.0809332854997	0.0	0	691.6013238604646	3788.0809332854997	1	0	2	0.6045437815262131
11393.643072847215	3000.0	3275.0735531535634	0.0	0	0.0	3668.716626000778	1	0	2	0.6502245738827176
12200.0	2000.0	3388.0809332855006	0.0	0	198.35990694823886	3588.0809332854988	1	0	2	0.9634255771623983
13200.0	2000.0	3288.0809332855006	0.0	0	615.540123977562	3488.080933285497	1	0	2	1.395512079669918
14200.0	2000.0	3188.0809332855	0.0	0	127.53311052113895	3388.080933285497	1	0	2	1.4248128829658582
15200.0	2000.0	3088.080933285501	0.0	0	286.46824177816416	3288.0809332854988	1	0	2	1.4494420601436708
16200.0	2000.0	2988.0809332855024	0.0	0	293.6240266191926	3188.0809332854988	1	0	2	1.4723053779628523
17200.0	2000.0	2888.080933285505	0.0	0	426.65725792504236	3088.0809332855006	1	0	2	1.4931490958679416
18200.0	2000.0	2788.0809332855038	0.0	0	448.62664354969456	2988.0809332855006	1	0	2	1.5124629113612702
19200.0	3000.0	2688.0809332855038	0.0	0	397.6548844303652	2888.0809332855024	1	0	2	1.5301567121833366
20200.0	3000.0	2588.080933285501	0.0	0	358.04744164722433	2788.0809332855024	1	0	2	1.951860440963229
21200.0	3000.0	2488.0809332854983	0.0	0	90.92358914828219	2688.0809332854988	1	0	2	1.967538951078001
22200.0	3000.0	2388.0809332854988	0.0	0	381.29079707148776	2588.0809332854988	1	0	2	1.9800089716589464
23200.0	3000.0	2288.080933285501	0.0	0	263.20874633458516	2488.0809332855024	1	0	2	1.9924900185011887
24665.020076830155	3000.0	1676.5588487723298	0.0	0	0.0	2341.5789256024837	1	0	2	2.007255291496989
25946.43029615528	3000.0	1267.0076075146937	0.0	0	0.0	2213.437903669972	1	0	2	2.020626667137011
27688.805639596503	3000.0	524.6322640734702	0.0	0	0.0	2213.437903669972	1	0	1	2.023792662373219
28541.539052280397	3000.0	671.8988513895763	0.0	0	0.0	2213.437903669972	1	0	1	2.2237926623732194
29273.63233276388	3000.0	939.8055709060964	0.0	0	0.0	2213.437903669972	1	0	1	2.2237926623732194
29855.941403140874	3000.0	1357.4965005291042	0.0	0	0.0	2213.437903669972	1	0	1	2.2237926623732194
30310.810661342246	3000.0	1902.627242327729	0.0	0	0.0	2213.437903669972	1	0	1	2.2237926623732194
31200.0	3000.0	2013.4379036699715	0.0	0	247.07344927478334	2213.4379036699684	1	0	1	2.22379266237322
32301.156122772474	3000.0	1912.2817808974955	0.0	0	0.0	2213.4379036699684	1	0	1	2.22379266237322
33430.18672103536	3000.0	1783.2511826346217	0.0	0	0.0	2213.4379036699866	1	0	1	2.2237926623732185
34552.38510767402	3000.0	1661.0527959959604	0.0	0	0.0	2213.437903669983	1	0	1	2.2237926623732185
35492.37347773422	3000.0	1721.0644259357548	0.0	0	0.0	2213.4379036699756	1	0	1	2.223792662373219
36200.0	3000.0	2013.4379036699693	0.0	0	130.07788192577573	2213.4379036699756	1	0	1	2.223792662373219
37200.0	3000.0	2013.4379036699734	0.0	0	165.64268442146567	2213.4379036699684	1	0	1	2.22379266237322
38200.0	3000.0	2013.4379036699747	0.0	0	403.08961139333405	2213.4379036699684	1	0	1	2.22379266237322
39200.0	3000.0	2013.4379036699725	0.0	0	228.5041718350185	2213.4379036699684	1	0	1	2.22379266237322
40325.37503650447	3000.0	1888.0628671655045	0.0	0	0.0	2213.4379036699684	1	0	1	2.22379266237322
41200.0	3000.0	2013.4379036699793	0.0	0	78.33806782973261	2213.4379036699684	1	0	1	2.22379266237322
42200.0	3000.0	2013.4379036699806	0.0	0	33.858613220487314	2213.4379036699684	1	0	1	2.22379266237322
43200.0	3000.0	2013.4379036699747	0.0	0	19.445048542460427	2213.437903669961	1	0	1	2.2237926623732203
44358.452219981395	3000.0	1854.9856836885742	0.0	0	0.0	2213.437903669961	1	0	1	2.2237926623732203
45200.0	3000.0	2013.4379036699584	0.0	0	253.65120836852293	2213.437903669961	1	0	1	2.2237926623732203
46537.5846449156	3000.0	1675.8532587543546	0.0	0	0.0	2213.437903669961	1	0	1	2.2237926623732203
47519.27368565368	3000.0	1694.1642180162803	0.0	0	0.0	2213.437903669954	1	0	1	2.223792662373221
48271.162864798425	3000.0	1942.2750388715367	0.0	0	0.0	2213.437903669961	1	0	1	2.2237926623732203
49333.46251931239	3000.0	1879.975384357579	0.0	0	0.0	2213.437903669961	1	0	1	2.2237926623732203
50374.7956988593	3000.0	1838.6422048106645	0.0	0	0.0	2213.437903669954	1	0	1	2.223792662373221
51429.99883164309	3000.0	1783.4390720268755	0.0	0	0.0	2213.437903669954	1	0	1	2.223792662373221
52278.871394904934	3000.0	1934.5665087650252	0.0	0	0.0	2213.4379036699465	1	0	1	2.2237926623732216
53200.0	3000.0	2013.4379036699634	0.0	0	121.97243179984798	2213.4379036699465	1	0	1	2.2237926623732216
54200.0	3000.0	2013.4379036699602	0.0	0	342.44893464029155	2213.4379036699465	1	0	1	2.2237926623732216
55200.0	3000.0	2013.437903669962	0.0	0	471.5709029195132	2213.4379036699465	1	0	1	2.2237926623732216
56200.0	3000.0	2013.437903669963	0.0	0	309.62910809494497	2213.4379036699465	1	0	1	2.2237926623732216
57200.0	3000.0	2013.4379036699675	0.0	0	381.4412250420137	2213.437903669954	1	0	1	2.223792662373221
58214.52711316452	3000.0	1998.9107905054493	0.0	0	0.0	2213.437903669954	1	0	1	2.223792662373221
59486.128125888456	3000.0	1727.309777781515	0.0	0	0.0	2213.437903669954	1	0	1	2.223792662373221
60304.213259475044	3000.0	1909.2246441949271	0.0	0	0.0	2213.437903669954	1	0	1	2.223792662373221
62841.989351630276	3000.0	371.44855203968274	0.0	0	0.0	2213.437903669954	1	0	1	2.223792662373221
64496.07769021615	3000.0	200.0	482.6397865462004	0	0.0	2696.0776902161524	1	0	1	-0.716879178022741
65523.5897350664	2000.0	503.3201968662165	330.8322417164636	0	0.0	3026.9099319326197	1	0	1	-0.6780740292160511
66171.1833444974	2000.0	855.7265874352172	0.0	0	0.0	3026.9099319326197	1	0	1	1.7123845291908952
67099.15519236618	2000.0	927.7547395664408	0.0	0	0.0	3026.9099319326124	1	0	1	1.712384529190897
68108.61389643697	2000.0	918.2960354956463	0.0	0	0.0	3026.9099319326197	1	0	1	1.7123845291908957
68963.8982573715	2000.0	1063.0116745610949	0.0	0	0.0	3026.909931932605	1	0	1	1.7123845291908977
69553.83956073968	2000.0	1473.0703711928938	0.0	0	0.0	3026.909931932605	1	0	1	1.712384529190898
70244.86882069208	2000.0	1782.0411112405084	0.0	0	0.0	3026.909931932605	1	0	1	1.712384529190898
71045.27560812586	2000.0	1981.634323806723	0.0	0	0.0	3026.9099319325906	1	0	1	1.7123845291909006
72077.33863236207	2000.0	1949.571299570525	0.0	0	0.0	3026.909931932605	1	0	1	1.712384529190898
72830.51843885549	2000.0	2196.3914930770916	0.0	0	0.0	3026.9099319325906	1	0	1	1.7123845291909006
73603.68343094086	2000.0	2423.2265009917182	0.0	0	0.0	3026.9099319325906	1	0	1	1.7123845291909006
74264.41713470255	2000.0	2762.4927972300275	0.0	0	0.0	3026.9099319325906	1	0	1	1.7123845291909006
75200.0	2000.0	2826.9099319325787	0.0	0	31.198126030751155	3026.9099319325906	1	0	1	1.7123845291909006
76200.0	2000.0	2826.909931932582	0.0	0	28.385453866168973	3026.9099319325906	1	0	1	1.7123845291909006
77200.0	2000.0	2826.9099319325887	0.0	0	52.17469507151691	3026.9099319325906	1	0	1	1.7123845291909006
78200.0	2000.0	2826.9099319325774	0.0	0	366.2682278368302	3026.9099319325906	1	0	1	1.7123845291909006
79340.080142403	2000.0	2686.8297895295705	0.0	0	0.0	3026.9099319325906	1	0	1	1.7123845291909006
80729.16952819965	2000.0	2297.7404037329256	0.0	0	0.0	3026.909931932576	1	0	1	1.7123845291909034
81611.77774019944	2000.0	2415.132191733134	0.0	0	0.0	3026.9099319325906	1	0	1	1.7123845291909006
82548.15116498669	2000.0	2478.7587669458817	0.0	0	0.0	3026.9099319325906	1	0	1	1.7123845291909006
83267.41827052347	2000.0	2759.4916614091057	0.0	0	0.0	3026.9099319325906	1	0	1	1.7123845291909006
84301.8983541411	2000.0	2725.0115777914966	0.0	0	0.0	3026.9099319325906	1	0	1	1.7123845291909006
85242.62821574231	2000.0	2784.2817161902562	0.0	0	0.0	3026.9099319325906	1	0	1	1.7123845291909006
86200.0	2000.0	2826.909931932556	0.0	0	307.0136296025303	3026.9099319325906	1	0	1	1.7123845291909006
87200.0	2000.0	2826.909931932533	0.0	0	334.5133939800435	3026.9099319325906	1	0	1	1.7123845291909006
88200.0	2000.0	2826.909931932524	0.0	0	623.0788505705277	3026.909931932576	1	0	1	1.7123845291909034
89200.0	2000.0	2826.909931932511	0.0	0	298.0922665297403	3026.909931932576	1	0	1	1.7123845291909034
90200.0	2000.0	2826.9099319325232	0.0	0	430.1047827848961	3026.9099319325906	1	0	1	1.7123845291909006
91200.0	2000.0	2826.9099319325146	0.0	0	521.0507637548872	3026.9099319325906	1	0	1	1.7123845291909006
92200.0	2000.0	2826.9099319325055	0.0	0	379.0669894444436	3026.909931932576	1	0	1	1.7123845291909034
93267.8710269838	3000.0	2759.038904948697	0.0	0	0.0	3026.909931932576	1	0	1	1.7123845291909037
94273.78201383476	3000.0	2753.1279180977426	0.0	0	0.0	3026.909931932576	1	0	1	2.1178496372990683
95200.0	3000.0	2826.909931932508	0.0	0	123.5884774258302	3026.9099319325906	1	0	1	2.1178496372990656
96420.38180346027	3000.0	2606.528128472241	0.0	0	0.0	3026.9099319325906	1	0	1	2.1178496372990656
97851.8182672818	3000.0	2175.091664650723	0.0	0	0.0	3026.9099319325906	1	0	1	2.1178496372990656
99249.41878930257	3000.0	1777.4911426299452	0.0	0	0.0	3026.9099319325906	1	0	1	2.1178496372990656
100562.91122548663	2000.0	1463.9987064458617	0.0	0	0.0	3026.9099319325906	1	0	1	1.306919421082736
101454.44534835494	2000.0	1572.4645835775539	0.0	0	0.0	3026.9099319325906	1	0	1	1.7123845291909006
101994.85478392786	2000.0	2032.0551480046386	0.0	0	0.0	3026.909931932576	1	0	1	1.7123845291909034
102816.60187125081	2000.0	2210.30806068169	0.0	0	0.0	3026.909931932576	1	0	1	1.7123845291909034
104044.17559937882	2000.0	1982.7343325536767	0.0	0	0.0	3026.909931932576	1	0	1	1.7123845291909034
104839.93745789686	2000.0	2186.9724740356587	0.0	0	0.0	3026.909931932576	1	0	1	1.7123845291909034
105574.6625574961	2000.0	2452.247374436415	0.0	0	0.0	3026.909931932576	1	0	1	1.7123845291909034
106200.0	2000.0	2826.9099319325223	0.0	0	168.88976819785603	3026.909931932576	1	0	1	1.7123845291909034
107200.0	2000.0	2826.9099319325223	0.0	0	396.964052093128	3026.909931932576	1	0	1	1.7123845291909034
108782.43801858525	2000.0	2244.471913347261	0.0	0	0.0	3026.9099319325614	1	0	1	1.712384529190906
110122.48813975649	2000.0	1904.4217921760264	0.0	0	0.0	3026.9099319325614	1	0	1	1.712384529190906
110873.66710571836	2000.0	2153.2428262141602	0.0	0	0.0	3026.9099319325614	1	0	1	1.712384529190906
111483.55749541431	2000.0	2543.3524365182166	0.0	0	0.0	3026.9099319325614	1	0	1	1.712384529190906
112200.0	2000.0	2826.9099319325383	0.0	0	34.909454125750926	3026.909931932547	1	0	1	1.7123845291909088
113200.0	2000.0	2826.9099319325505	0.0	0	195.2248635533033	3026.909931932547	1	0	1	1.7123845291909088
114200.0	2000.0	2826.9099319325405	0.0	0	455.73151065115235	3026.909931932547	1	0	1	1.7123845291909088
115200.0	2000.0	2826.90993193254	0.0	0	213.47546359368425	3026.909931932547	1	0	1	1.7123845291909088
116306.99306384439	2000.0	2719.9168680881357	0.0	0	0.0	3026.909931932547	1	0	1	1.7123845291909088
117200.0	2000.0	2826.909931932508	0.0	0	164.86568701853685	3026.909931932547	1	0	1	1.7123845291909088
118200.0	2000.0	2826.909931932511	0.0	0	333.29587369920046	3026.9099319325614	1	0	1	1.712384529190906
119200.0	2000.0	2826.9099319325237	0.0	0	10.828459265627316	3026.9099319325614	1	0	1	1.712384529190906
120200.0	2000.0	2826.9099319325323	0.0	0	209.65045524916786	3026.9099319325614	1	0	1	1.712384529190906
121200.0	3000.0	2826.909931932538	0.0	0	433.15027888731856	3026.9099319325614	1	0	1	1.7123845291909061
122200.0	3000.0	2826.909931932542	0.0	0	257.47982684217277	3026.9099319325614	1	0	1	2.117849637299071
123200.0	3000.0	2826.909931932536	0.0	0	415.49744656031544	3026.909931932547	1	0	1	2.1178496372990736
124200.0	3000.0	2826.9099319325487	0.0	0	673.615828705224	3026.909931932547	1	0	1	2.1178496372990736
125200.0	3000.0	2826.909931932542	0.0	0	638.8753110051039	3026.9099319325614	1	0	1	2.117849637299071
126527.38625388169	3000.0	2499.5236780508662	0.0	0	0.0	3026.9099319325614	1	0	1	2.117849637299071
127547.63778931515	3000.0	2479.2721426174044	0.0	0	0.0	3026.909931932547	1	0	1	2.1178496372990736
128348.2241647233	3000.0	2678.6857672092647	0.0	0	0.0	3026.909931932547	1	0	1	2.1178496372990736
129200.0	3000.0	2826.9099319325733	0.0	0	237.5002849697339	3026.909931932547	1	0	1	2.1178496372990736
130200.0	3000.0	2826.9099319325746	0.0	0	275.6041007113963	3026.909931932547	1	0	1	2.1178496372990736
131200.0	3000.0	2826.909931932585	0.0	0	73.77093078498729	3026.909931932547	1	0	1	2.1178496372990736
132268.59149673584	3000.0	2758.3184351967348	0.0	0	0.0	3026.9099319325323	1	0	1	2.1178496372990745
133736.0409700739	3000.0	2290.8689618587077	0.0	0	0.0	3026.909931932576	1	0	1	2.1178496372990705
135565.0162004704	3000.0	1461.8937314622142	0.0	0	0.0	3026.909931932576	1	0	1	2.1178496372990683
136868.53903813445	3000.0	1158.3708937981164	0.0	0	0.0	3026.909931932576	1	0	1	2.1178496372990683
137753.0555864591	3000.0	1273.8543454734597	0.0	0	0.0	3026.909931932576	1	0	1	2.1178496372990683
139288.67977225783	3000.0	738.2301596747154	0.0	0	0.0	3026.909931932576	1	0	1	2.1178496372990683
139958.88727916495	2000.0	1068.0226527675854	0.0	0	0.0	3026.909931932547	1	0	1	1.3069194210827442
140654.02979979015	2000.0	1372.8801321423923	0.0	0	0.0	3026.909931932547	1	0	1	1.7123845291909088
141470.53669798805	2000.0	1556.3732339445003	0.0	0	0.0	3026.909931932547	1	0	1	1.7123845291909088
141958.2382971805	2000.0	2068.6716347520296	0.0	0	0.0	3026.909931932547	1	0	1	1.7123845291909088
142401.94806684443	2000.0	2624.9618650880943	0.0	0	0.0	3026.909931932576	1	0	1	1.7123845291909034
143200.0	2000.0	2826.9099319325505	0.0	0	285.7807155508781	3026.909931932576	1	0	1	1.7123845291909034
144200.0	2000.0	2826.9099319325273	0.0	0	598.1595362881781	3026.909931932576	1	0	1	1.712384529190899
145200.0	3000.0	2826.9099319325333	0.0	0	438.3773016395571	3026.909931932576	1	0	1	1.7123845291909037
146200.0	3000.0	2826.9099319325237	0.0	0	243.66485928883776	3026.909931932576	1	0	1	2.1178496372990683
147542.5156914882	3000.0	2484.3942404443283	0.0	0	0.0	3026.909931932576	1	0	1	2.1178496372990683
148893.52576691686	3000.0	2133.3841650157024	0.0	0	0.0	3026.909931932605	1	0	1	2.1178496372990625
150216.03874518123	3000.0	1810.8711867513207	0.0	0	0.0	3026.909931932576	1	0	1	2.1178496372990683
151699.15062426153	3000.0	1327.759307670999	0.0	0	0.0	3026.909931932547	1	0	1	2.1178496372990736
153231.28153250495	3000.0	795.6283994275772	0.0	0	0.0	3026.909931932547	1	0	1	2.1178496372990736
154274.2678957075	3000.0	752.6420362250077	0.0	0	0.0	3026.909931932547	1	0	1	2.1178496372990736
155183.13759818088	3000.0	843.7723337516597	0.0	0	0.0	3026.909931932547	1	0	1	2.1178496372990736
156308.77795375665	3000.0	718.1319781758925	0.0	0	0.0	3026.909931932547	1	0	1	2.1178496372990736
157139.2744458601	3000.0	887.6354860724705	0.0	0	0.0	3026.909931932547	1	0	1	2.1178496372990736
157916.53362715142	2000.0	1110.3763047811558	0.0	0	0.0	3026.909931932547	1	0	1	1.3069194210827442
158634.1040897207	2000.0	1392.8058422118538	0.0	0	0.0	3026.909931932547	1	0	1	1.7123845291909088
159194.77571305475	2000.0	1832.1342188777905	0.0	0	0.0	3026.909931932547	1	0	1	1.7123845291909088
160049.6077793669	2000.0	1977.302152565643	0.0	0	0.0	3026.909931932547	1	0	1	1.7123845291909088
160580.72257958003	2000.0	2446.187352352519	0.0	0	0.0	3026.909931932576	1	0	1	1.7123845291909034
161296.0249152159	2000.0	2730.8850167166415	0.0	0	0.0	3026.909931932576	1	0	1	1.7123845291909034
162200.0	2000.0	2826.9099319325423	0.0	0	227.41462183152908	3026.909931932576	1	0	1	1.7123845291909034
163200.0	2000.0	2826.9099319325437	0.0	0	275.15004819305614	3026.909931932605	1	0	1	1.712384529190898
164200.0	2000.0	2826.9099319325496	0.0	0	371.3755462032277	3026.909931932605	1	0	1	1.712384529190898
165200.0	2000.0	2826.909931932543	0.0	0	464.14692315019784	3026.909931932605	1	0	1	1.712384529190898
166200.0	2000.0	2826.9099319325405	0.0	0	467.7767818890861	3026.909931932576	1	0	1	1.7123845291909034
167200.0	3000.0	2826.9099319325514	0.0	0	380.2379545191361	3026.909931932576	1	0	1	1.7123845291909037
168200.0	3000.0	2826.909931932548	0.0	0	455.8159891726973	3026.909931932576	1	0	1	2.1178496372990683
169200.0	3000.0	2826.909931932533	0.0	0	262.8633001280541	3026.909931932576	1	0	1	2.1178496372990683
170200.0	3000.0	2826.9099319325583	0.0	0	88.04891883337405	3026.909931932576	1	0	1	2.1178496372990683
171200.0	3000.0	2826.909931932576	0.0	0	374.01824177682283	3026.909931932576	1	0	1	2.1178496372990683
172200.0	3000.0	2826.9099319325724	0.0	0	119.84877446116298	3026.909931932576	1	0	1	2.1178496372990683
173752.35668497955	3000.0	2274.5532469530494	0.0	0	0.0	3026.909931932605	1	0	1	2.1178496372990625
175521.03719590663	3000.0	1505.8727360259763	0.0	0	0.0	3026.909931932634	1	0	1	2.1178496372990603
176657.88739642425	3000.0	1369.0225355083282	0.0	0	0.0	3026.909931932634	1	0	1	2.1178496372990576
177619.89295129912	3000.0	1407.0169806334518	0.0	0	0.0	3026.909931932634	1	0	1	2.1178496372990576
178421.49444691677	3000.0	1605.4154850157988	0.0	0	0.0	3026.909931932634	1	0	1	2.1178496372990576
178931.30532427676	3000.0	2095.6046076558423	0.0	0	0.0	3026.909931932605	1	0	1	2.1178496372990625
179532.78207773645	3000.0	2494.127854196141	0.0	0	0.0	3026.909931932605	1	0	1	2.1178496372990625
180200.0	3000.0	2826.909931932609	0.0	0	166.7257695987937	3026.909931932605	1	0	1	2.1178496372990625
181200.0	3000.0	2826.909931932598	0.0	0	149.36028898259974	3026.909931932605	1	0	1	2.1178496372990625
182303.83635270584	3000.0	2723.073579226778	0.0	0	0.0	3026.909931932605	1	0	1	2.1178496372990625
183222.56825533308	3000.0	2804.3416765995157	0.0	0	0.0	3026.909931932605	1	0	1	2.1178496372990585
184318.4238168141	3000.0	2708.4861151185373	0.0	0	0.0	3026.909931932634	1	0	1	2.1178496372990576
185200.0	3000.0	2826.909931932613	0.0	0	141.95954662928125	3026.909931932634	1	0	1	2.1178496372990576
186200.0	3000.0	2826.909931932635	0.0	0	445.89541917378665	3026.909931932634	1	0	1	2.1178496372990576
187200.0	3000.0	2826.9099319326338	0.0	0	495.4054200442333	3026.9099319326633	1	0	1	2.117849637299052
188200.0	3000.0	2826.909931932624	0.0	0	162.98253953413223	3026.9099319326633	1	0	1	2.117849637299052
189200.0	3000.0	2826.909931932623	0.0	0	4.015080306970049	3026.9099319326633	1	0	1	2.117849637299052
190200.0	3000.0	2826.90993193261	0.0	0	115.5056087152625	3026.9099319326633	1	0	1	2.117849637299052
191200.0	3000.0	2826.9099319325906	0.0	0	325.15094907788443	3026.9099319326633	1	0	1	2.117849637299052
192200.0	3000.0	2826.9099319325974	0.0	0	145.50202641484793	3026.9099319326633	1	0	1	2.117849637299052
193200.0	3000.0	2826.909931932589	0.0	0	298.6732767173089	3026.9099319326633	1	0	1	2.117849637299052
194252.05057216462	3000.0	2774.8593597679437	0.0	0	0.0	3026.909931932634	1	0	1	2.117849637299053
195322.2096720095	3000.0	2704.700259923083	0.0	0	0.0	3026.909931932605	1	0	1	2.1178496372990625
196407.65498632193	3000.0	2619.2549456106976	0.0	0	0.0	3026.909931932634	1	0	1	2.1178496372990576
197441.52503039554	3000.0	2585.3849015370824	0.0	0	0.0	3026.9099319326633	1	0	1	2.117849637299055
198636.9992274401	3000.0	2389.9107044925418	0.0	0	0.0	3026.9099319326633	1	0	1	2.117849637299052
199777.78599548672	3000.0	2249.1239364459207	0.0	0	0.0	3026.9099319326924	1	0	1	2.1178496372990465
200544.46029816053	3000.0	2482.4496337721466	0.0	0	0.0	3026.9099319327215	1	0	1	2.117849637299041
201343.6278808181	3000.0	2683.2820511145983	0.0	0	0.0	3026.9099319327215	1	0	1	2.117849637299041
202346.1029768908	3000.0	2680.8069550418795	0.0	0	0.0	3026.9099319327215	1	0	1	2.117849637299041
203200.0	3000.0	2826.9099319326724	0.0	0	171.44561189424712	3026.9099319327215	1	0	1	2.117849637299041
204200.0	3000.0	2826.909931932693	0.0	0	401.9586422723951	3026.9099319327506	1	0	1	2.117849637299036
205200.0	3000.0	2826.9099319327106	0.0	0	484.5082388681767	3026.9099319327506	1	0	1	2.117849637299036
206200.0	3000.0	2826.9099319326856	0.0	0	361.7409579557134	3026.9099319327506	1	0	1	2.117849637299036
207200.0	3000.0	2826.909931932687	0.0	0	252.65763760576374	3026.9099319327506	1	0	1	2.117849637299036
208200.0	3000.0	2826.9099319327092	0.0	0	49.94970994530013	3026.9099319327797	1	0	1	2.1178496372990305
209289.62503058056	3000.0	2737.284901352139	0.0	0	0.0	3026.909931932809	1	0	1	2.1178496372990248
211560.3505085813	3000.0	1466.5594233513868	0.0	0	0.0	3026.909931932809	1	0	1	2.1178496372990248
212920.75011660383	3000.0	1106.159815328837	0.0	0	0.0	3026.9099319327797	1	0	1	2.1178496372990305
214124.84429846748	2000.0	902.065633465155	0.0	0	0.0	3026.9099319327797	1	0	1	1.306919421082701
214928.48278033792	2000.0	1098.4271515947103	0.0	0	0.0	3026.9099319327797	1	0	1	1.7123845291908657
215940.2445042907	2000.0	1086.6654276419372	0.0	0	0.0	3026.9099319327797	1	0	1	1.7123845291908657
216942.68570479407	2000.0	1084.2242271385303	0.0	0	0.0	3026.9099319327506	1	0	1	1.712384529190871
217937.59761728445	2000.0	1089.3123146481198	0.0	0	0.0	3026.9099319327797	1	0	1	1.7123845291908657
218808.91052643955	2000.0	1217.9994054930396	0.0	0	0.0	3026.9099319327797	1	0	1	1.7123845291908657
219566.13249295033	2000.0	1460.777438982267	0.0	0	0.0	3026.9099319327797	1	0	1	1.7123845291908657
220180.0970823833	2000.0	1846.8128495493327	0.0	0	0.0	3026.909931932809	1	0	1	1.7123845291908646
220884.76594172523	2000.0	2142.143990207433	0.0	0	0.0	3026.909931932838	1	0	1	1.7123845291908548
221687.1155543645	2000.0	2339.7943775681533	0.0	0	0.0	3026.909931932838	1	0	1	1.7123845291908548
222436.8713222729	2000.0	2590.038609659755	0.0	0	0.0	3026.909931932838	1	0	1	1.7123845291908548
223200.0	2000.0	2826.909931932663	0.0	0	97.3035828837601	3026.909931932838	1	0	1	1.7123845291908548
224200.0	2000.0	2826.9099319326374	0.0	0	252.92086372833	3026.909931932838	1	0	1	1.7123845291908548
225287.09489839323	2000.0	2739.8150335393775	0.0	0	0.0	3026.909931932838	1	0	1	1.7123845291908548
226293.94621368303	2000.0	2732.9637182496067	0.0	0	0.0	3026.909931932838	1	0	1	1.7123845291908548
227200.0	2000.0	2826.909931932637	0.0	0	202.68403289219714	3026.909931932867	1	0	1	1.7123845291908493
228200.0	2000.0	2826.909931932656	0.0	0	99.3343835620035	3026.909931932896	1	0	1	1.7123845291908442
229562.11947944888	2000.0	2464.7904524837595	0.0	0	0.0	3026.909931932896	1	0	1	1.7123845291908442
230811.85742094513	2000.0	2215.052510987481	0.0	0	0.0	3026.909931932867	1	0	1	1.7123845291908493
231575.21564331427	2000.0	2451.6942886183447	0.0	0	0.0	3026.909931932838	1	0	1	1.7123845291908548
232550.52269611304	2000.0	2476.3872358195727	0.0	0	0.0	3026.909931932838	1	0	1	1.7123845291908548
233509.58955136704	2000.0	2517.320380565567	0.0	0	0.0	3026.909931932809	1	0	1	1.712384529190859
234396.37423285242	2000.0	2630.535699080185	0.0	0	0.0	3026.909931932809	1	0	1	1.7123845291908601
235200.0	2000.0	2826.9099319326037	0.0	0	198.52478656428866	3026.909931932809	1	0	1	1.7123845291908601
236200.0	2000.0	2826.909931932571	0.0	0	527.389525978564	3026.909931932809	1	0	1	1.7123845291908601
237200.0	2000.0	2826.9099319325624	0.0	0	402.2629800187715	3026.9099319327797	1	0	1	1.7123845291908657
238200.0	2000.0	2826.909931932539	0.0	0	290.00605403099325	3026.9099319327797	1	0	1	1.7123845291908657
239200.0	2000.0	2826.909931932527	0.0	0	465.6305667392735	3026.9099319327797	1	0	1	1.7123845291908657
240200.0	2000.0	2826.909931932535	0.0	0	428.10202981886687	3026.9099319327797	1	0	1	1.7123845291908657
241200.0	2000.0	2826.9099319325305	0.0	0	596.33405500761	3026.909931932809	1	0	1	1.7123845291908601
242727.68226682217	3000.0	2299.227665110383	0.0	0	0.0	3026.909931932838	1	0	1	1.712384529190855
243679.66698178998	3000.0	2347.2429501426022	0.0	0	0.0	3026.909931932838	1	0	1	2.1178496372990194
244598.08218573435	3000.0	2428.8277461982334	0.0	0	0.0	3026.909931932809	1	0	1	2.1178496372990248
245490.62707582957	3000.0	2536.2828561030265	0.0	0	0.0	3026.909931932809	1	0	1	2.117849637299027
246453.93345625736	3000.0	2572.976475675235	0.0	0	0.0	3026.909931932809	1	0	1	2.1178496372990248
248181.80989042242	3000.0	1845.1000415101835	0.0	0	0.0	3026.909931932809	1	0	1	2.1178496372990248
249465.44320517135	3000.0	1561.4667267612385	0.0	0	0.0	3026.909931932838	1	0	1	2.1178496372990194
250558.8548267364	2000.0	1468.0551051961506	0.0	0	0.0	3026.909931932838	1	0	1	1.3069194210826902
251439.34993455536	2000.0	1587.5599973772166	0.0	0	0.0	3026.909931932838	1	0	1	1.7123845291908548
252249.762900649	2000.0	1777.1470312836243	0.0	0	0.0	3026.909931932838	1	0	1	1.7123845291908548
253384.24854227528	2000.0	1642.6613896573197	0.0	0	0.0	3026.909931932838	1	0	1	1.7123845291908548
254234.0504617306	2000.0	1792.85947020201	0.0	0	0.0	3026.909931932838	1	0	1	1.7123845291908548
254833.61554967595	2000.0	2193.294382256645	0.0	0	0.0	3026.909931932867	1	0	1	1.7123845291908493
255259.80806890602	2000.0	2767.1018630265626	0.0	0	0.0	3026.909931932896	1	0	1	1.7123845291908442
256200.0	2000.0	2826.90993193258	0.0	0	469.3340611825697	3026.9099319329252	1	0	1	1.7123845291908388
257342.13995736314	2000.0	2684.7699745694645	0.0	0	0.0	3026.9099319329252	1	0	1	1.7123845291908388
258363.7890174529	2000.0	2663.1209144797053	0.0	0	0.0	3026.9099319329252	1	0	1	1.7123845291908388
259538.48651206619	2000.0	2488.423419866417	0.0	0	0.0	3026.9099319329252	1	0	1	1.7123845291908388
260511.53752237288	2000.0	2515.372409559705	0.0	0	0.0	3026.909931932896	1	0	1	1.7123845291908433
261200.0	2000.0	2826.90993193257	0.0	0	188.23228059377288	3026.909931932896	1	0	1	1.7123845291908442
262200.0	2000.0	2826.9099319325837	0.0	0	295.5308499802777	3026.909931932896	1	0	1	1.7123845291908442
263200.0	2000.0	2826.909931932604	0.0	0	324.5486337507609	3026.909931932896	1	0	1	1.7123845291908464
264200.0	2000.0	2826.909931932687	0.0	0	181.79518957115943	3026.9099319329835	1	0	1	1.7123845291908355
265200.0	2000.0	2826.909931932643	0.0	0	127.91721222439082	3026.9099319329252	1	0	1	1.7123845291908346
266200.0	2000.0	2826.9099319326974	0.0	0	271.1984385877149	3026.9099319329835	1	0	1	1.712384529190828
267200.0	2000.0	2826.909931932659	0.0	0	527.804747827875	3026.9099319329835	1	0	1	1.712384529190828
268200.0	2000.0	2826.909931932735	0.0	0	7.955784223915543	3026.9099319329252	1	0	1	1.7123845291908302
269200.0	2000.0	2826.9099319327834	0.0	0	505.47342041815864	3026.9099319329252	1	0	1	1.7123845291908388
270200.0	3000.0	2826.909931932741	0.0	0	82.246732596308	3026.909931932867	1	0	1	1.7123845291908495
271200.0	3000.0	2826.90993193268	0.0	0	487.80642810929567	3026.909931932809	1	0	1	2.1178496372990248
272200.0	3000.0	2826.909931932723	0.0	0	551.0286531968159	3026.909931932809	1	0	1	2.1178496372990248
273200.0	3000.0	2826.90993193273	0.0	0	536.4119246231858	3026.909931932809	1	0	1	2.1178496372990248
274200.0	3000.0	2826.909931932684	0.0	0	478.3629281895119	3026.909931932809	1	0	1	2.1178496372990248
275378.004465387	3000.0	2648.9054665456274	0.0	0	0.0	3026.9099319327506	1	0	1	2.1178496372990314
276610.5339615565	3000.0	2416.375970376187	0.0	0	0.0	3026.909931932809	1	0	1	2.117849637299027
277231.99561866705	3000.0	2794.9143132656377	0.0	0	0.0	3026.909931932809	1	0	1	2.1178496372990248
278200.0	3000.0	2826.909931932694	0.0	0	478.60318397916853	3026.909931932809	1	0	1	2.1178496372990248
279200.0	3000.0	2826.909931932701	0.0	0	555.6339500335744	3026.909931932809	1	0	1	2.1178496372990248
280200.0	3000.0	2826.9099319327192	0.0	0	91.90395815018564	3026.909931932867	1	0	1	2.117849637299014
281200.0	3000.0	2826.9099319327142	0.0	0	249.79354498873	3026.909931932867	1	0	1	2.117849637299014
282200.0	3000.0	2826.9099319327197	0.0	0	77.58990497945342	3026.909931932867	1	0	1	2.117849637299014
284228.2948900186	3000.0	1798.6150419141632	0.0	0	0.0	3026.909931932867	1	0	1	2.117849637299014
285679.87179539166	3000.0	1347.0381365410556	0.0	0	0.0	3026.909931932867	1	0	1	2.117849637299014
286462.86492035614	2000.0	1564.0450115765832	0.0	0	0.0	3026.909931932867	1	0	1	1.3069194210826889
287848.72469779017	3000.0	1178.185234142572	0.0	0	0.0	3026.909931932867	1	0	1	1.7123845291908495
288444.03183109034	2000.0	1582.8781008423969	0.0	0	0.0	3026.909931932867	1	0	1	1.3069194210826847
289287.6656153877	2000.0	1739.24431654499	0.0	0	0.0	3026.909931932867	1	0	1	1.7123845291908493
289901.9452024414	2000.0	2124.964729491281	0.0	0	0.0	3026.909931932867	1	0	1	1.7123845291908493
290576.03317272797	2000.0	2450.8767592047197	0.0	0	0.0	3026.909931932867	1	0	1	1.7123845291908493
291200.0	2000.0	2826.9099319326906	0.0	0	96.10520211287076	3026.909931932867	1	0	1	1.7123845291908493
292200.0	2000.0	2826.9099319326588	0.0	0	293.1066679752548	3026.909931932867	1	0	1	1.7123845291908493
293200.0	2000.0	2826.9099319326197	0.0	0	523.7148207558785	3026.909931932809	1	0	1	1.7123845291908601
294200.0	3000.0	2826.9099319326056	0.0	0	338.0189478920656	3026.909931932809	1	0	1	1.7123845291908604
295200.0	3000.0	2826.9099319326324	0.0	0	257.5286615823861	3026.909931932809	1	0	1	2.1178496372990248
296563.5566097748	3000.0	2463.353322157835	0.0	0	0.0	3026.909931932867	1	0	1	2.117849637299014
297754.13654465845	3000.0	2272.773387274183	0.0	0	0.0	3026.909931932809	1	0	1	2.1178496372990248
299094.3011612884	3000.0	1932.6087706441883	0.0	0	0.0	3026.909931932809	1	0	1	2.1178496372990248
300423.51674309117	3000.0	1603.39318884143	0.0	0	0.0	3026.909931932809	1	0	1	2.1178496372990248
301762.638394857	3000.0	1264.2715370756073	0.0	0	0.0	3026.909931932809	1	0	1	2.1178496372990248
3.96	2.88	3.06	2.97	2.86	2.72	2.78	3.34	4.09	2.93	3.06	3.34	3.86	4.24	4.96	4.77	3.45	4.07	3.37	2.94	2.0	1.74	1.56	2.51	3.79	5.12	5.7	3.01	2.57	3.31	3.67	4.65	4.51	5.63	3.65	3.2	4.17	4.22	3.81	3.38	3.86	2.55	2.73	3.31	2.9	3.01	3.39	4.34	3.64	3.67	4.54	5.85	5.06	3.03	2.73	2.94	1.41	1.33	1.89	2.09	1.96	2.32	2.35	1.55	2.7	2.99	3.57	2.35	2.69	3.2	3.0	1.53	2.65	3.79	2.56	1.47	1.84	2.51	2.56	1.73	2.2	3.13	4.41	4.73	3.61	3.56	4.77	4.27	2.25	2.76	3.72	3.02	3.49	2.19	1.77	2.02	1.75	2.94	2.94	1.9	2.92	3.82	4.21	1.49	1.74	1.91	2.39	3.31	3.27	3.89	3.28	2.34	3.53	3.79	2.53	3.22	4.32	5.54	6.66	8.13	7.0	1.69	2.87	4.15	5.44	5.31	2.65	3.89	2.83	1.24	1.88	2.28	3.06	2.77	2.4	3.0	3.29	3.65	3.71	4.54	5.84	5.02	1.88	3.13	2.76	2.76	2.92	1.63	2.58	2.85	3.96	2.88	3.06	2.97	2.86	2.72	2.78	3.34	4.09	2.93	3.06	3.34	3.86	4.24	4.96	4.77	3.45	4.07	3.37	2.94	2.0	1.74	1.56	2.51	3.79	5.12	5.7	3.01	2.57	3.31	3.67	4.65	4.51	5.63	3.65	3.2	4.17	4.22	3.81	3.38	3.86	2.55	2.73	3.31	2.9	3.01	3.39	4.34	3.64	3.67	4.54	5.85	5.06	3.03	2.73	2.94	1.41	1.33	1.89	2.09	1.96	2.32	2.35	1.55	2.7	2.99	3.57	2.35	2.69	3.2	3.0	1.53	2.65	3.79	2.56	1.47	1.84	2.51	2.56	1.73	2.2	3.13	4.41	4.73	3.61	3.56	4.77	4.27	2.25	2.76	3.72	3.02	3.49	2.19	1.77	2.02	1.75	2.94	2.94	1.9	2.92	3.82	4.21	1.49	1.74	1.91	2.39	3.31	3.27	3.89	3.28	2.34	3.53	3.79	2.53	3.22	4.32	5.54	6.66	8.13	7.0	1.69	2.87	4.15	5.44	5.31	2.65	3.89	2.83	1.24	1.88	2.28	3.06	2.77	2.4	3.0	3.29	3.65	3.71	4.54	5.84	5.02	1.88	3.13	2.76	2.76	2.92	1.63	2.58	2.85	3.96
1.0	2.0	3.0	4.0	5.0	6.0	7.0	8.0	9.0	10.0	11.0	12.0	13.0	14.0	15.0	16.0	17.0	18.0	19.0	20.0	21.0	22.0	23.0	24.0	25.0	26.0	27.0	28.0	29.0	30.0	31.0	32.0	33.0	34.0	35.0	36.0	37.0	38.0	39.0	40.0	41.0	42.0	43.0	44.0	45.0	46.0	47.0	48.0	49.0	50.0	51.0	52.0	53.0	54.0	55.0	56.0	57.0	58.0	59.0	60.0	61.0	62.0	63.0	64.0	65.0	66.0	67.0	68.0	69.0	70.0	71.0	72.0	73.0	74.0	75.0	76.0	77.0	78.0	79.0	80.0	81.0	82.0	83.0	84.0	85.0	86.0	87.0	88.0	89.0	90.0	91.0	92.0	93.0	94.0	95.0	96.0	97.0	98.0	99.0	100.0	101.0	102.0	103.0	104.0	105.0	106.0	107.0	108.0	109.0	110.0	111.0	112.0	113.0	114.0	115.0	116.0	117.0	118.0	119.0	120.0	121.0	122.0	123.0	124.0	125.0	126.0	127.0	128.0	129.0	130.0	131.0	132.0	133.0	134.0	135.0	136.0	137.0	138.0	139.0	140.0	141.0	142.0	143.0	144.0	145.0	146.0	147.0	148.0	149.0	149.0	150.0	151.0	152.0	153.0	154.0	155.0	156.0	157.0	158.0	159.0	160.0	161.0	162.0	163.0	164.0	165.0	166.0	167.0	168.0	169.0	170.0	171.0	172.0	173.0	174.0	175.0	176.0	177.0	178.0	179.0	180.0	181.0	182.0	183.0	184.0	185.0	186.0	187.0	188.0	189.0	190.0	191.0	192.0	193.0	194.0	195.0	196.0	197.0	198.0	199.0	200.0	201.0	202.0	203.0	204.0	205.0	206.0	207.0	208.0	209.0	210.0	211.0	212.0	213.0	214.0	215.0	216.0	217.0	218.0	219.0	220.0	221.0	222.0	223.0	224.0	225.0	226.0	227.0	228.0	229.0	230.0	231.0	232.0	233.0	234.0	235.0	236.0	237.0	238.0	239.0	240.0	241.0	242.0	243.0	244.0	245.0	246.0	247.0	248.0	249.0	250.0	251.0	252.0	253.0	254.0	255.0	256.0	257.0	258.0	259.0	260.0	261.0	262.0	263.0	264.0	265.0	266.0	267.0	268.0	269.0	270.0	271.0	272.0	273.0	274.0	275.0	276.0	277.0	278.0	279.0	280.0	281.0	282.0	283.0	284.0	285.0	286.0	287.0	288.0	289.0	290.0	291.0	292.0	293.0	294.0	295.0	296.0	297.0	298.0	298.0	299.0
4170.356133102715
