4894.545465402386	300.0	2000.0	426.5041854290364	0	0.0	4894.545465402386	1	0	1	-3.474754932124933
5387.078620937106	500.0	2458.2135289118064	0.0	0	0.0	4845.292149848912	1	0	2	-1.354994627022116
5788.188157133243	500.0	3016.9930390960553	0.0	0	0.0	4805.181196229299	1	0	2	-0.6162757831520417
6071.236962617862	500.0	3705.639353062975	0.0	0	0.0	4776.876315680838	1	0	2	-0.5933975771091236
6481.65716735825	500.0	4254.1771278485485	0.0	0	0.0	4735.834295206799	1	0	2	-0.5674008042967464
7200.0	1000.0	4464.000011942623	0.0	0	51.27137797119303	4664.000011942624	1	0	2	-0.5253420481654469
8232.197982863625	1000.0	4328.5822307926355	0.0	0	0.0	4560.78021365626	1	0	2	0.22985119142731347
9200.0	1000.0	4264.000011942624	0.0	0	102.05273031047545	4464.000011942621	1	0	2	0.2880974014198022
10200.0	1000.0	4164.000011942624	0.0	0	359.6429283717862	4364.000011942621	1	0	2	0.34069123018817893
11200.0	1000.0	4064.000011942623	0.0	0	105.98455577732057	4264.00001194262	1	0	2	0.39778992091793935
12200.0	1000.0	3964.000011942624	0.0	0	164.4163939279806	4164.000011942621	1	0	2	0.44820360574576446
13638.654903966883	2000.0	3381.479617579052	0.0	0	0.0	4020.1345215459314	1	0	2	0.5161341171428512
14579.328188754882	2000.0	3346.7390043122514	0.0	0	0.0	3926.0671930671306	1	0	2	1.2522835133053194
15200.0	2000.0	3664.0000119426218	0.0	0	90.10747158743288	3864.0000119426168	1	0	2	1.2768939857696868
16408.31387862768	3000.0	3334.8547454521745	0.0	0	0.0	3743.16862407985	1	0	2	1.3152694069397968
17902.593792769938	3000.0	2691.1468398956918	0.0	0	0.0	3593.7406326656255	1	0	2	1.770643041018023
19458.766473941298	3000.0	1979.3568906071955	0.0	0	0.0	3438.123364548488	1	0	2	1.8157572650413378
20341.92982397028	2000.0	2007.8772055753093	0.0	0	0.0	3349.8070295455836	1	0	2	1.0324763373013266
21554.034214705207	2000.0	1795.772814840386	0.0	0	0.0	3349.8070295455836	1	0	1	1.44310201008241
22652.87652823954	2000.0	1696.9305013060523	0.0	0	0.0	3349.8070295455873	1	0	1	1.6431020100824092
24754.424191214992	2000.0	595.3828383306002	0.0	0	0.0	3349.8070295455873	1	0	1	1.6431020100824092
25483.198182147218	1000.0	793.731448305149	0.0	0	0.0	3276.929630452367	1	0	2	-0.1297167824835111
26537.640665188883	1000.0	633.8447169593119	0.0	0	0.0	3171.4853821481956	1	0	2	0.7846124038166429
27265.612487686874	1000.0	905.8728944613173	0.0	0	0.0	3171.4853821481956	1	0	1	0.790652860424709
28237.167644198373	1000.0	934.3177379498168	0.0	0	0.0	3171.485382148192	1	0	1	0.99065286042471
28841.171554969453	1000.0	1330.313827178736	0.0	0	0.0	3171.485382148192	1	0	1	0.99065286042471
29959.25120682776	1000.0	1212.2341753204269	0.0	0	0.0	3171.485382148192	1	0	1	0.99065286042471
30907.41980161549	1000.0	1264.065580532696	0.0	0	0.0	3171.485382148192	1	0	1	0.99065286042471
31516.896881064582	1000.0	1654.588501083605	0.0	0	0.0	3171.485382148192	1	0	1	0.99065286042471
32011.208030364716	1000.0	2160.277351783473	0.0	0	0.0	3171.4853821481956	1	0	1	0.9906528604247091
32499.134290535632	1000.0	2623.5584655954653	0.0	0	0.0	3122.692756131106	1	0	2	0.5983838158215499
33200.0	1000.0	2922.6927561311004	0.0	0	265.9624846228762	3122.6927561311095	1	0	1	0.8007160350790917
34200.0	1000.0	2822.692756131101	0.0	0	36.590661801783426	3022.6927561311095	1	0	2	0.614792428362942
35499.61046392955	1000.0	2523.082292201553	0.0	0	0.0	3022.6927561311095	1	0	1	0.8200167000276066
36975.99835955187	1000.0	2046.6943965792334	0.0	0	0.0	3022.6927561311095	1	0	1	1.0200167000276066
37847.41082759298	1000.0	2175.2819285381265	0.0	0	0.0	3022.6927561311095	1	0	1	1.0200167000276066
38542.625976618256	1000.0	2480.066779512851	0.0	0	0.0	3022.692756131102	1	0	1	1.0200167000276081
39200.0	1000.0	2822.6927561311013	0.0	0	29.560273657742073	3022.6927561311095	1	0	1	1.0200167000276066
40200.0	1000.0	2822.6927561311077	0.0	0	589.8386736765315	3022.6927561311095	1	0	1	1.0200167000276066
41200.0	1000.0	2822.6927561311118	0.0	0	568.5709996037258	3022.6927561311168	1	0	1	1.0200167000276052
42200.0	1000.0	2822.692756131104	0.0	0	424.4916838667923	3022.6927561311168	1	0	1	1.0200167000276052
43218.0252787052	1000.0	2804.6674774258972	0.0	0	0.0	3022.6927561311095	1	0	1	1.0200167000276066
44200.0	1000.0	2822.692756131095	0.0	0	537.4175627251097	3022.6927561311095	1	0	1	1.0200167000276066
45200.0	1000.0	2722.692756131097	0.0	0	597.2425642133458	2922.6927561311095	1	0	2	0.6307252913808417
46200.0	1000.0	2722.6927561310936	0.0	0	456.98791156378866	2922.6927561311095	1	0	1	0.8376509981525662
47200.0	1000.0	2722.692756131096	0.0	0	259.267076916527	2922.6927561311095	1	0	1	1.0376509981525663
48200.0	1000.0	2722.692756131099	0.0	0	220.37237279846158	2922.692756131102	1	0	1	1.0376509981525677
49200.0	1000.0	2722.692756131095	0.0	0	428.35317673573445	2922.692756131102	1	0	1	1.0376509981525677
50200.0	1000.0	2722.6927561310954	0.0	0	704.9604900056875	2922.692756131102	1	0	1	1.0376509981525677
51200.0	2000.0	2622.6927561311018	0.0	0	119.92224080252345	2822.692756131102	1	0	2	0.6487538118815253
52763.03551365907	2000.0	1903.3536911061244	0.0	0	0.0	2666.3892047652043	1	0	2	1.563937534375017
54278.365152841594	2000.0	1388.0240519236056	0.0	0	0.0	2666.3892047652043	1	0	1	1.569266602195264
55003.274788810595	1000.0	1663.1144159546063	0.0	0	0.0	2666.3892047652043	1	0	1	0.38297224107537375
55670.70957705526	1000.0	1995.6796277099334	0.0	0	0.0	2666.3892047652043	1	0	1	1.076119421635319
56389.66520381373	1000.0	2276.7240009514658	0.0	0	0.0	2666.3892047652043	1	0	1	1.076119421635319
57200.0	1000.0	2466.389204765199	0.0	0	194.47681522235507	2666.3892047652043	1	0	1	1.076119421635319
58200.0	1000.0	2466.38920476521	0.0	0	357.8846954050896	2666.3892047652043	1	0	1	1.076119421635319
59200.0	1000.0	2466.3892047652093	0.0	0	402.1477285230867	2666.3892047652043	1	0	1	1.076119421635319
60200.0	1000.0	2466.3892047652116	0.0	0	325.31801370481844	2666.3892047652043	1	0	1	1.076119421635319
61200.0	1000.0	2466.3892047652107	0.0	0	488.6927031825908	2666.3892047652043	1	0	1	1.076119421635319
62298.838950398225	1000.0	2367.550254366993	0.0	0	0.0	2666.3892047652116	1	0	1	1.0761194216353178
63638.275311348574	1000.0	2028.1138934166488	0.0	0	0.0	2666.389204765219	1	0	1	1.0761194216353172
64765.993900687216	1000.0	1900.3953040779998	0.0	0	0.0	2666.389204765219	1	0	1	1.0761194216353172
65599.97202304838	1000.0	2066.4171817168367	0.0	0	0.0	2666.3892047652116	1	0	1	1.0761194216353172
66202.61633552986	1000.0	2463.772869235365	0.0	0	0.0	2666.389204765226	1	0	1	1.0761194216353176
67635.03079864362	1000.0	2031.3584061216118	0.0	0	0.0	2666.389204765226	1	0	1	1.0761194216353158
68657.78921777272	1000.0	2008.5999869925129	0.0	0	0.0	2666.3892047652334	1	0	1	1.0761194216353152
69429.36265166286	1000.0	2237.0265531023715	0.0	0	0.0	2666.3892047652334	1	0	1	1.0761194216353152
70260.21629481317	1000.0	2406.172909952049	0.0	0	0.0	2666.3892047652334	1	0	1	1.0761194216353152
71200.0	1000.0	2466.3892047652403	0.0	0	69.26605574646965	2666.389204765248	1	0	1	1.0761194216353132
72200.0	1000.0	2466.3892047652494	0.0	0	388.351390297772	2666.389204765248	1	0	1	1.0761194216353132
73200.0	1000.0	2466.3892047652453	0.0	0	354.30330892089114	2666.389204765248	1	0	1	1.0761194216353132
74287.13721365352	1000.0	2379.251991111728	0.0	0	0.0	2666.389204765248	1	0	1	1.0761194216353132
75200.0	1000.0	2466.3892047652466	0.0	0	137.8240438082139	2666.389204765248	1	0	1	1.0761194216353132
76200.0	1000.0	2466.3892047652625	0.0	0	203.6786594765872	2666.389204765248	1	0	1	1.0761194216353132
77384.3636184649	1000.0	2282.0255863003686	0.0	0	0.0	2666.389204765248	1	0	1	1.0761194216353132
78200.0	1000.0	2466.389204765265	0.0	0	365.07487028343894	2666.389204765248	1	0	1	1.0761194216353132
79200.0	1000.0	2466.3892047652726	0.0	0	506.7235912846663	2666.389204765248	1	0	1	1.0761194216353132
80200.0	1000.0	2466.3892047652694	0.0	0	430.3384567367175	2666.389204765248	1	0	1	1.0761194216353132
81200.0	1000.0	2466.3892047652716	0.0	0	126.9330480372737	2666.389204765248	1	0	1	1.0761194216353132
82200.0	1000.0	2466.389204765272	0.0	0	345.5007402307965	2666.3892047652334	1	0	1	1.0761194216353152
83750.55109689661	1000.0	1915.838107868653	0.0	0	0.0	2666.3892047652334	1	0	1	1.0761194216353152
85139.50556274194	1000.0	1526.8836420233486	0.0	0	0.0	2666.389204765248	1	0	1	1.0761194216353132
85942.8915968351	1000.0	1723.4976079301694	0.0	0	0.0	2666.389204765248	1	0	1	1.0761194216353132
86611.76487221861	1000.0	1987.7370050083186	0.0	0	0.0	2599.501877226896	1	0	2	0.6828737184428493
87335.81045255376	1000.0	2263.6914246731726	0.0	0	0.0	2599.501877226896	1	0	1	0.8847436939168207
88200.0	1000.0	2399.501877226919	0.0	0	178.78374875041482	2599.501877226896	1	0	1	1.084743693916821
89200.0	1000.0	2399.5018772269223	0.0	0	482.1754821958748	2599.501877226896	1	0	1	1.084743693916821
90200.0	1000.0	2399.501877226939	0.0	0	563.515013807526	2599.5018772269104	1	0	1	1.0847436939168191
91200.0	1000.0	2399.5018772269286	0.0	0	206.3562896065123	2599.5018772269104	1	0	1	1.0847436939168191
92200.0	1000.0	2399.501877226926	0.0	0	326.50599584438896	2599.5018772269104	1	0	1	1.0847436939168191
93200.0	1000.0	2399.501877226931	0.0	0	232.19716676863027	2599.501877226925	1	0	1	1.0847436939168174
94243.59382238702	1000.0	2251.548672601224	0.0	0	0.0	2495.1424949882494	1	0	2	0.6942737586417693
95200.0	1000.0	2295.142494988233	0.0	0	213.45840264708386	2495.1424949882494	1	0	1	0.8971659545704735
96200.0	1000.0	2295.1424949882203	0.0	0	181.3741626390547	2495.1424949882494	1	0	1	1.0971659545704737
97200.0	1000.0	2295.1424949882153	0.0	0	260.3561418734462	2495.1424949882494	1	0	1	1.0971659545704737
98200.0	1000.0	2295.142494988207	0.0	0	398.309359164763	2495.1424949882494	1	0	1	1.0971659545704737
99200.0	1000.0	2295.142494988208	0.0	0	71.37291271353024	2495.1424949882494	1	0	1	1.0971659545704737
100200.0	1000.0	2295.1424949882085	0.0	0	273.09081663445977	2495.1424949882494	1	0	1	1.0971659545704737
101335.23277408083	1000.0	2159.9097209073802	0.0	0	0.0	2495.1424949882494	1	0	1	1.0971659545704737
102200.0	1000.0	2295.142494988213	0.0	0	215.42187227067188	2495.1424949882494	1	0	1	1.0971659545704737
103200.0	1000.0	2295.142494988216	0.0	0	141.7514832826273	2495.1424949882494	1	0	1	1.0971659545704737
104200.0	1000.0	2295.1424949882075	0.0	0	268.9457812102337	2495.1424949882494	1	0	1	1.0971659545704737
105597.43833516721	1000.0	1897.7041598209912	0.0	0	0.0	2495.1424949882494	1	0	1	1.0971659545704737
106436.54513538026	1000.0	2058.597359607931	0.0	0	0.0	2495.142494988235	1	0	1	1.0971659545704755
107200.0	1000.0	2295.142494988192	0.0	0	7.62014270266809	2495.1424949882203	1	0	1	1.097165954570477
108252.45417870062	1000.0	2242.68831628758	0.0	0	0.0	2495.1424949882057	1	0	1	1.0971659545704786
109300.55531678173	1000.0	2194.587178206466	0.0	0	0.0	2495.1424949882057	1	0	1	1.0971659545704786
110200.0	1000.0	2295.1424949881994	0.0	0	161.07960417069262	2495.1424949882057	1	0	1	1.0971659545704786
111239.86407472397	1000.0	2255.2784202642215	0.0	0	0.0	2495.142494988191	1	0	1	1.0971659545704804
112553.01032733676	1000.0	1942.1321676514276	0.0	0	0.0	2495.142494988191	1	0	1	1.0971659545704804
114037.55066949314	1000.0	1457.591825495049	0.0	0	0.0	2495.142494988191	1	0	1	1.0971659545704804
114758.04704392841	1000.0	1737.0954510597699	0.0	0	0.0	2495.142494988191	1	0	1	1.0971659545704804
115747.63373252098	1000.0	1747.5087624672053	0.0	0	0.0	2495.1424949881766	1	0	1	1.0971659545704822
117009.62002649363	1000.0	1485.5224684945324	0.0	0	0.0	2495.1424949881766	1	0	1	1.0971659545704822
117961.65291240995	1000.0	1533.4895825782262	0.0	0	0.0	2495.1424949881766	1	0	1	1.0971659545704822
118983.60346649485	1000.0	1511.5390284933308	0.0	0	0.0	2495.1424949881766	1	0	1	1.0971659545704822
119916.49530228284	1000.0	1578.647192705339	0.0	0	0.0	2495.1424949881766	1	0	1	1.0971659545704822
121448.41849068576	1000.0	1046.7240043024435	0.0	0	0.0	2495.1424949881766	1	0	1	1.0971659545704822
122195.62358691682	500.0	1299.5189080713924	0.0	0	0.0	2495.1424949881766	1	0	1	-0.28912840654940875
122700.40509601748	500.0	1794.7373989707196	0.0	0	0.0	2495.1424949881766	1	0	1	0.40401877401053654
123200.0	500.0	2295.142494988205	0.0	0	30.52642597114027	2495.142494988191	1	0	1	0.40401877401053493
124200.0	500.0	2295.142494988182	0.0	0	593.9069582339143	2495.142494988191	1	0	1	0.40401877401053493
125200.0	500.0	2295.142494988198	0.0	0	582.1214064765954	2495.142494988191	1	0	1	0.40401877401053493
126200.0	500.0	2295.142494988198	0.0	0	426.6882505675603	2495.142494988191	1	0	1	0.40401877401053493
127200.0	1000.0	2195.1424949881934	0.0	0	44.47533897221729	2395.1424949881766	1	0	2	0.011722140838392514
128408.2300418622	1000.0	1986.912453125992	0.0	0	0.0	2395.1424949881766	1	0	1	0.9079772028766431
129860.71962143641	1000.0	1534.4228735517809	0.0	0	0.0	2395.1424949881766	1	0	1	1.1079772028766433
130867.02261952168	1000.0	1528.119875466496	0.0	0	0.0	2395.1424949881766	1	0	1	1.1079772028766433
131862.80863225492	1000.0	1532.333862733257	0.0	0	0.0	2395.1424949881766	1	0	1	1.1079772028766444
133134.53850490466	1000.0	1260.6039900835103	0.0	0	0.0	2395.142494988162	1	0	1	1.1079772028766437
133703.01093291785	1000.0	1692.1315620703042	0.0	0	0.0	2395.142494988162	1	0	1	1.1079772028766446
134590.81951138013	1000.0	1804.3229836080145	0.0	0	0.0	2395.142494988133	1	0	1	1.1079772028766477
135423.85354888544	1000.0	1971.2889461027585	0.0	0	0.0	2395.142494988133	1	0	1	1.1079772028766477
136200.0	1000.0	2195.1424949882025	0.0	0	285.6936281344679	2395.142494988104	1	0	1	1.1079772028766508
137200.0	1000.0	2195.142494988199	0.0	0	562.9894440383359	2395.142494988104	1	0	1	1.1079772028766508
138200.0	1000.0	2195.142494988195	0.0	0	347.1778949367872	2395.142494988104	1	0	1	1.1079772028766508
139200.0	1000.0	2195.142494988202	0.0	0	71.90222772490233	2395.142494988104	1	0	1	1.1079772028766508
140200.0	1000.0	2195.1424949881825	0.0	0	291.53712666762294	2395.142494988104	1	0	1	1.1079772028766508
141459.23424732347	1000.0	1935.908247664702	0.0	0	0.0	2395.1424949880748	1	0	1	1.1079772028766537
142200.0	1000.0	2195.142494988185	0.0	0	85.97827341919765	2395.1424949880748	1	0	1	1.1079772028766537
143200.0	1000.0	2195.142494988207	0.0	0	407.04328619051375	2395.1424949880748	1	0	1	1.1079772028766537
144200.0	1000.0	2195.1424949882276	0.0	0	267.9435203325411	2395.1424949880457	1	0	1	1.1079772028766568
145470.733429627	1000.0	1924.4090653612345	0.0	0	0.0	2395.1424949880457	1	0	1	1.1079772028766568
146445.071689217	1000.0	1950.070805771203	0.0	0	0.0	2395.1424949880457	1	0	1	1.1079772028766568
147422.26375879478	1000.0	1972.8787361934246	0.0	0	0.0	2395.1424949880748	1	0	1	1.1079772028766537
148200.0	1000.0	2195.1424949881703	0.0	0	60.98816406528931	2395.1424949880457	1	0	1	1.1079772028766568
149200.0	1000.0	2195.142494988162	0.0	0	298.2922297315963	2395.1424949880457	1	0	1	1.1079772028766568
150200.0	1000.0	2195.1424949881484	0.0	0	225.0048528384068	2395.1424949880457	1	0	1	1.1079772028766568
151200.0	1000.0	2195.142494988153	0.0	0	163.09019260885543	2395.1424949880748	1	0	1	1.1079772028766537
152200.0	1000.0	2195.1424949881275	0.0	0	512.777641970868	2395.142494988104	1	0	1	1.1079772028766508
153200.0	1000.0	2195.142494988128	0.0	0	293.7890761193412	2395.142494988104	1	0	1	1.1079772028766508
154200.0	1000.0	2195.1424949881516	0.0	0	114.51700528583024	2395.142494988133	1	0	1	1.1079772028766477
155200.0	1000.0	2195.142494988145	0.0	0	185.63195539166918	2395.142494988104	1	0	1	1.1079772028766508
156200.0	1000.0	2195.142494988147	0.0	0	170.76715215056902	2395.142494988104	1	0	1	1.1079772028766508
157200.0	1000.0	2195.142494988143	0.0	0	387.49530618899735	2395.142494988104	1	0	1	1.1079772028766508
158200.0	1000.0	2195.1424949881452	0.0	0	362.5463739784609	2395.142494988104	1	0	1	1.1079772028766508
159200.0	1000.0	2195.142494988173	0.0	0	315.1960171427927	2395.142494988104	1	0	1	1.1079772028766508
160200.0	1000.0	2195.142494988184	0.0	0	370.9690956265549	2395.142494988104	1	0	1	1.1079772028766508
161245.6248491861	1000.0	2149.517645802069	0.0	0	0.0	2395.142494988104	1	0	1	1.1079772028766484
162200.0	1000.0	2195.1424949881352	0.0	0	120.9046536241949	2395.142494988104	1	0	1	1.1079772028766508
163200.0	1000.0	2195.142494988152	0.0	0	443.0601863002521	2395.142494988104	1	0	1	1.1079772028766508
164200.0	1000.0	2195.142494988156	0.0	0	636.0889549431449	2395.142494988104	1	0	1	1.1079772028766508
165200.0	1000.0	2195.142494988175	0.0	0	607.5452825353423	2395.142494988104	1	0	1	1.1079772028766508
166200.0	1000.0	2195.1424949881925	0.0	0	320.3847323382506	2395.142494988104	1	0	1	1.1079772028766508
167200.0	1000.0	2195.1424949881903	0.0	0	520.6096142942552	2395.142494988104	1	0	1	1.1079772028766508
168200.0	1000.0	2195.1424949881844	0.0	0	478.97217751742573	2395.142494988104	1	0	1	1.1079772028766508
169200.0	1000.0	2195.142494988204	0.0	0	420.1787658002577	2395.142494988104	1	0	1	1.1079772028766508
170200.0	1000.0	2195.142494988185	0.0	0	582.7608288979682	2395.142494988104	1	0	1	1.1079772028766508
171200.0	1000.0	2195.1424949881985	0.0	0	153.225794535334	2395.142494988133	1	0	1	1.1079772028766477
172200.0	1000.0	2195.14249498818	0.0	0	258.77857018308714	2395.142494988162	1	0	1	1.1079772028766446
173626.23054526933	1000.0	1768.9119497188744	0.0	0	0.0	2395.142494988162	1	0	1	1.1079772028766446
174750.5830550318	1000.0	1644.5594399564152	0.0	0	0.0	2395.142494988191	1	0	1	1.1079772028766424
175790.17910913113	1000.0	1604.9633858571087	0.0	0	0.0	2395.142494988191	1	0	1	1.1079772028766417
176647.34115126161	1000.0	1747.8013437265995	0.0	0	0.0	2395.142494988162	1	0	1	1.1079772028766446
177464.62597681626	1000.0	1930.5165181719815	0.0	0	0.0	2395.142494988191	1	0	1	1.1079772028766417
178212.5278968296	1000.0	2182.6145981586715	0.0	0	0.0	2395.1424949882203	1	0	1	1.1079772028766386
179995.38016330262	1000.0	1399.762331685658	0.0	0	0.0	2395.1424949882494	1	0	1	1.1079772028766357
180698.08978546388	1000.0	1697.0527095244165	0.0	0	0.0	2395.1424949882494	1	0	1	1.1079772028766357
181223.5976258786	1000.0	2171.5448691096885	0.0	0	0.0	2395.1424949882494	1	0	1	1.1079772028766357
182200.0	1000.0	2195.1424949882903	0.0	0	553.2902355011902	2395.1424949882494	1	0	1	1.1079772028766357
183276.55111634446	1000.0	2118.591378643847	0.0	0	0.0	2395.1424949882785	1	0	1	1.107977202876635
184314.04372305446	1000.0	2081.0987719338136	0.0	0	0.0	2395.1424949882494	1	0	1	1.1079772028766357
185749.91318768437	1000.0	1645.2293073038927	0.0	0	0.0	2395.1424949882785	1	0	1	1.1079772028766328
186862.98836472473	1000.0	1532.1541302635321	0.0	0	0.0	2395.1424949882494	1	0	1	1.1079772028766357
187670.72404651184	1000.0	1724.4184484764196	0.0	0	0.0	2395.1424949882203	1	0	1	1.1079772028766386
188257.44950032604	1000.0	2137.6929946622204	0.0	0	0.0	2395.1424949882203	1	0	1	1.1079772028766386
189200.0	1000.0	2195.1424949882426	0.0	0	384.1451992847433	2395.1424949882203	1	0	1	1.1079772028766386
190200.0	1000.0	2195.142494988249	0.0	0	444.36435873029404	2395.1424949882203	1	0	1	1.1079772028766386
191200.0	1000.0	2195.142494988225	0.0	0	282.176880870451	2395.142494988191	1	0	1	1.1079772028766417
192343.6919501997	1000.0	2051.4505447885394	0.0	0	0.0	2395.1424949882494	1	0	1	1.1079772028766368
193200.0	1000.0	2195.1424949882366	0.0	0	429.61435772196273	2395.1424949882494	1	0	1	1.1079772028766357
194200.0	1000.0	2195.142494988239	0.0	0	518.8685732788872	2395.1424949882494	1	0	1	1.1079772028766357
195200.0	1000.0	2195.1424949882353	0.0	0	574.2897660755552	2395.1424949882494	1	0	1	1.1079772028766357
196368.84610207108	1000.0	2026.296392917167	0.0	0	0.0	2395.1424949882494	1	0	1	1.1079772028766357
197200.0	1000.0	2195.142494988269	0.0	0	174.6861847487744	2395.1424949882494	1	0	1	1.1079772028766357
198200.0	1000.0	2195.1424949882876	0.0	0	558.1418079053401	2395.1424949882494	1	0	1	1.1079772028766357
199200.0	1000.0	2195.142494988305	0.0	0	681.7681111136917	2395.1424949882785	1	0	1	1.1079772028766328
200200.0	1000.0	2195.14249498829	0.0	0	288.1506177339179	2395.1424949882494	1	0	1	1.1079772028766357
201200.0	1000.0	2195.1424949882685	0.0	0	201.9964858193125	2395.1424949882203	1	0	1	1.1079772028766386
202200.0	1000.0	2195.1424949882553	0.0	0	415.53500565106515	2395.1424949882494	1	0	1	1.1079772028766357
203277.83692595697	1000.0	2117.3055690312567	0.0	0	0.0	2395.1424949882203	1	0	1	1.107977202876637
204200.0	1000.0	2195.1424949882366	0.0	0	417.4106258933898	2395.1424949882203	1	0	1	1.1079772028766386
205200.0	1000.0	2195.142494988205	0.0	0	452.15444980052416	2395.142494988191	1	0	1	1.1079772028766417
206200.0	1000.0	2195.142494988205	0.0	0	272.9491685500543	2395.142494988191	1	0	1	1.1079772028766417
207200.0	1000.0	2195.142494988183	0.0	0	526.4328783754027	2395.142494988191	1	0	1	1.1079772028766417
208200.0	1000.0	2195.1424949881552	0.0	0	596.4084334603685	2395.142494988162	1	0	1	1.1079772028766446
209200.0	1000.0	2195.142494988141	0.0	0	506.54156389654963	2395.142494988191	1	0	1	1.1079772028766417
210200.0	1000.0	2195.1424949881302	0.0	0	309.3226910720987	2395.142494988191	1	0	1	1.1079772028766417
211200.0	1000.0	2195.1424949881607	0.0	0	238.33768404796137	2395.142494988191	1	0	1	1.1079772028766417
212577.7282467735	1000.0	1817.4142482146437	0.0	0	0.0	2395.142494988162	1	0	1	1.1079772028766446
213491.26197834653	1000.0	1903.8805166416078	0.0	0	0.0	2395.142494988104	1	0	1	1.1079772028766501
214520.97988768728	1000.0	1874.162607300833	0.0	0	0.0	2395.142494988104	1	0	1	1.1079772028766508
215297.686360271	1000.0	2097.4561347171148	0.0	0	0.0	2395.142494988133	1	0	1	1.1079772028766501
216285.10152172612	1000.0	2110.0409732619883	0.0	0	0.0	2395.142494988133	1	0	1	1.1079772028766477
217200.0	1000.0	2195.1424949881102	0.0	0	91.28363752263249	2395.142494988133	1	0	1	1.1079772028766477
218200.0	1000.0	2195.142494988092	0.0	0	309.3101194339688	2395.142494988133	1	0	1	1.1079772028766477
219200.0	1000.0	2195.1424949880898	0.0	0	159.69880586513318	2395.142494988133	1	0	1	1.1079772028766477
220273.7459412554	1000.0	2121.396553732708	0.0	0	0.0	2395.142494988133	1	0	1	1.1079772028766477
221200.0	1000.0	2195.1424949880916	0.0	0	386.5787632903957	2395.142494988133	1	0	1	1.1079772028766477
222200.0	1000.0	2195.142494988088	0.0	0	400.017007057264	2395.142494988133	1	0	1	1.1079772028766477
223239.64249105004	1000.0	2155.50000393808	0.0	0	0.0	2395.142494988133	1	0	1	1.1079772028766477
224200.0	1000.0	2195.142494988115	0.0	0	229.45855833345558	2395.142494988133	1	0	1	1.1079772028766477
225200.0	1000.0	2195.1424949881007	0.0	0	290.16563320020214	2395.142494988104	1	0	1	1.1079772028766508
226312.6623104214	1000.0	2082.480184566698	0.0	0	0.0	2395.142494988104	1	0	1	1.1079772028766508
227200.0	1000.0	2195.1424949880907	0.0	0	272.16487519661314	2395.1424949880748	1	0	1	1.1079772028766537
228200.0	1000.0	2195.142494988122	0.0	0	462.1116607678996	2395.1424949880748	1	0	1	1.1079772028766537
229200.0	1000.0	2195.1424949880975	0.0	0	511.6010584119649	2395.1424949880748	1	0	1	1.1079772028766537
230200.0	1000.0	2195.142494988114	0.0	0	399.2623104665836	2395.1424949880748	1	0	1	1.1079772028766537
231200.0	1000.0	2195.1424949880734	0.0	0	521.5720475185663	2395.1424949880748	1	0	1	1.1079772028766537
232422.27505571538	1000.0	1972.8674392727094	0.0	0	0.0	2395.1424949880748	1	0	1	1.1079772028766537
233557.27897666823	1000.0	1837.8635183198876	0.0	0	0.0	2395.1424949880748	1	0	1	1.1079772028766537
234377.82844863363	1000.0	2017.3140463544978	0.0	0	0.0	2395.1424949880748	1	0	1	1.1079772028766537
235200.0	1000.0	2195.1424949881152	0.0	0	241.3730043071846	2395.1424949880748	1	0	1	1.1079772028766537
236200.0	1000.0	2195.1424949880757	0.0	0	368.3942705283407	2395.1424949880748	1	0	1	1.1079772028766537
237200.0	1000.0	2195.1424949880948	0.0	0	363.6165039507323	2395.1424949880748	1	0	1	1.1079772028766537
238200.0	1000.0	2195.1424949881334	0.0	0	430.4817764342297	2395.1424949880748	1	0	1	1.1079772028766537
239200.0	1000.0	2195.1424949880875	0.0	0	331.2542549611535	2395.1424949880748	1	0	1	1.1079772028766537
240200.0	1000.0	2195.1424949880825	0.0	0	289.9530007693975	2395.1424949880748	1	0	1	1.1079772028766537
241200.0	1000.0	2195.1424949880775	0.0	0	460.88126253607334	2395.142494988104	1	0	1	1.1079772028766508
242200.0	1000.0	2195.142494988103	0.0	0	34.856032285053516	2395.142494988104	1	0	1	1.1079772028766508
243695.18530605693	1000.0	1699.9571889311944	0.0	0	0.0	2395.142494988104	1	0	1	1.1079772028766508
244561.84507914193	1000.0	1833.2974158461898	0.0	0	0.0	2395.142494988104	1	0	1	1.1079772028766508
245200.0	1000.0	2195.1424949881202	0.0	0	9.818754670675844	2395.142494988133	1	0	1	1.1079772028766477
246200.0	1000.0	2195.1424949881466	0.0	0	171.89001849418855	2395.142494988133	1	0	1	1.1079772028766477
247200.0	1000.0	2195.142494988125	0.0	0	266.9560425527452	2395.142494988133	1	0	1	1.1079772028766477
248200.0	1000.0	2195.142494988117	0.0	0	184.28318012083764	2395.142494988133	1	0	1	1.1079772028766477
249200.0	1000.0	2195.142494988153	0.0	0	130.34337266907096	2395.142494988162	1	0	1	1.1079772028766446
250274.7890640154	1000.0	2120.3534309727356	0.0	0	0.0	2395.142494988133	1	0	1	1.1079772028766453
251237.58650325474	1000.0	2157.5559917334404	0.0	0	0.0	2395.142494988191	1	0	1	1.1079772028766441
252200.0	1000.0	2195.142494988158	0.0	0	116.3011619648023	2395.142494988191	1	0	1	1.1079772028766417
253200.0	1000.0	2195.1424949881543	0.0	0	109.92572730549728	2395.142494988191	1	0	1	1.1079772028766417
254499.66785581413	1000.0	1895.4746391740055	0.0	0	0.0	2395.142494988162	1	0	1	1.1079772028766446
255200.0	1000.0	2195.1424949881452	0.0	0	162.5770206685993	2395.142494988162	1	0	1	1.1079772028766446
256200.0	1000.0	2195.142494988141	0.0	0	314.2532195877575	2395.142494988162	1	0	1	1.1079772028766446
257328.03426260172	1000.0	2067.1082323864207	0.0	0	0.0	2395.142494988162	1	0	1	1.1079772028766446
258200.0	1000.0	2195.1424949881343	0.0	0	261.01665628750925	2395.142494988162	1	0	1	1.1079772028766446
259200.0	1000.0	2195.1424949881325	0.0	0	244.92404069163604	2395.142494988162	1	0	1	1.1079772028766446
260200.0	1000.0	2195.1424949881016	0.0	0	38.82480912597384	2395.142494988162	1	0	1	1.1079772028766446
261200.0	1000.0	2195.142494988096	0.0	0	97.63257458768203	2395.142494988162	1	0	1	1.1079772028766446
263275.097037872	1000.0	1120.0454571161104	0.0	0	0.0	2395.142494988162	1	0	1	1.1079772028766417
264082.364088277	1000.0	1312.7784067110872	0.0	0	0.0	2395.142494988104	1	0	1	1.107977202876647
265208.9932606555	1000.0	1186.1492343326422	0.0	0	0.0	2395.142494988104	1	0	1	1.1079772028766508
266065.0104397969	1000.0	1330.1320551912304	0.0	0	0.0	2395.142494988104	1	0	1	1.1079772028766508
266969.6429216831	1000.0	1425.4995733050164	0.0	0	0.0	2395.142494988104	1	0	1	1.1079772028766508
268405.84418057854	1000.0	989.2983144095602	0.0	0	0.0	2395.142494988104	1	0	1	1.1079772028766508
269682.16987145937	1000.0	712.9726235286743	0.0	0	0.0	2395.1424949880457	1	0	1	1.1079772028766568
270277.56126343895	500.0	1117.5812315491003	0.0	0	0.0	2395.142494988104	1	0	1	-0.2783171582432403
270992.21857110003	500.0	1402.9239238879884	0.0	0	0.0	2395.142494988104	1	0	1	0.4148300223167052
271486.5345127054	500.0	1908.6079822827103	0.0	0	0.0	2395.142494988104	1	0	1	0.4148300223167052
272200.0	500.0	2195.142494988087	0.0	0	183.214419316384	2395.142494988104	1	0	1	0.4148300223167052
273200.0	500.0	2195.1424949880666	0.0	0	742.0390095573966	2395.142494988104	1	0	1	0.4148300223167052
274200.0	500.0	2195.1424949880748	0.0	0	741.671474184026	2395.142494988162	1	0	1	0.41483002231669924
275200.0	500.0	2195.142494988114	0.0	0	444.8475905278465	2395.142494988162	1	0	1	0.41483002231669924
276200.0	500.0	2195.1424949881134	0.0	0	589.9860116626951	2395.142494988162	1	0	1	0.41483002231669924
277200.0	500.0	2195.1424949881116	0.0	0	392.7039605755708	2395.142494988162	1	0	1	0.41483002231669924
278200.0	500.0	2195.142494988182	0.0	0	456.33377983327955	2395.142494988162	1	0	1	0.41483002231669924
279423.9207732712	1000.0	1971.2217217170323	0.0	0	0.0	2395.142494988162	1	0	1	0.41483002231669924
280455.10078367096	1000.0	1940.0417113172132	0.0	0	0.0	2395.1424949880457	1	0	1	1.107977202876653
281516.2396703059	1000.0	1878.902824682229	0.0	0	0.0	2395.142494988104	1	0	1	1.1079772028766532
282509.41118587676	1000.0	1885.73130911145	0.0	0	0.0	2395.142494988104	1	0	1	1.1079772028766508
283200.0	1000.0	2195.1424949882316	0.0	0	157.1647537027602	2395.142494988104	1	0	1	1.1079772028766508
284200.0	1000.0	2195.142494988275	0.0	0	112.85378976969514	2395.142494988104	1	0	1	1.1079772028766508
285200.0	1000.0	2195.142494988318	0.0	0	239.98194035724737	2395.142494988162	1	0	1	1.1079772028766446
286200.0	1000.0	2195.142494988337	0.0	0	662.8703165280167	2395.142494988162	1	0	1	1.1079772028766446
287200.0	1000.0	2195.1424949883226	0.0	0	182.44165398564655	2395.142494988162	1	0	1	1.1079772028766446
288200.0	1000.0	2195.142494988354	0.0	0	324.19522236741614	2395.142494988104	1	0	1	1.1079772028766508
289200.0	1000.0	2195.1424949883585	0.0	0	362.5677277316572	2395.142494988104	1	0	1	1.1079772028766508
290200.0	1000.0	2195.1424949883553	0.0	0	227.9423064214643	2395.142494988104	1	0	1	1.1079772028766508
291200.0	1000.0	2195.1424949883312	0.0	0	191.67930260917637	2395.142494988104	1	0	1	1.1079772028766508
292200.0	1000.0	2195.14249498838	0.0	0	455.6019795839675	2395.142494988162	1	0	1	1.1079772028766446
293200.0	1000.0	2195.1424949883585	0.0	0	309.8975606797612	2395.142494988162	1	0	1	1.1079772028766446
294200.0	1000.0	2195.142494988305	0.0	0	173.6723265501787	2395.142494988162	1	0	1	1.1079772028766446
295200.0	1000.0	2195.142494988338	0.0	0	217.59295040433062	2395.142494988162	1	0	1	1.1079772028766446
296200.0	1000.0	2195.1424949883612	0.0	0	154.86581100639887	2395.142494988162	1	0	1	1.1079772028766446
297200.0	1000.0	2195.142494988384	0.0	0	147.01566776260734	2395.142494988162	1	0	1	1.1079772028766446
298200.0	1000.0	2195.1424949884017	0.0	0	199.99370500224177	2395.142494988162	1	0	1	1.1079772028766446
299200.0	1000.0	2095.1424949884276	0.0	0	238.1226652013138	2295.1424949882203	1	0	2	0.7145054047894048
300232.55174740404	1000.0	2062.5907475844033	0.0	0	0.0	2295.1424949882203	1	0	1	0.9178116333787978
0.96	1.7	1.58	1.32	1.37	1.85	1.52	1.32	1.37	2.24	3.34	2.86	1.52	2.03	1.67	1.99	2.18	1.36	1.46	0.81	1.11	1.29	1.03	1.39	1.77	0.61	0.96	2.29	2.47	1.29	1.01	0.74	1.07	0.86	1.74	2.33	2.55	1.83	0.92	2.51	2.71	2.47	1.08	1.34	2.46	2.9	1.77	1.69	1.67	0.8	1.69	1.46	1.58	1.91	2.19	1.68	1.61	1.16	0.68	0.76	1.15	1.29	0.82	1.1	1.36	1.01	1.08	1.47	1.63	1.19	1.67	1.62	0.9	1.98	2.41	1.73	1.27	1.89	0.71	0.83	0.96	1.42	1.69	1.47	1.93	2.14	1.3	1.59	1.27	0.81	1.07	1.54	1.1	1.34	1.31	1.25	1.2	1.17	1.31	1.32	0.71	1.52	1.56	0.82	1.24	1.37	1.27	1.1	0.59	0.61	1.36	0.87	1.2	0.82	0.87	0.83	0.94	0.9	1.15	1.64	1.58	1.19	1.1	0.94	0.81	0.94	1.17	1.07	1.04	1.61	1.22	1.75	2.87	1.64	1.46	1.77	0.97	1.47	2.05	1.24	0.96	1.36	1.33	1.2	1.51	1.38	1.03	1.61	1.45	0.96	0.96	1.7	1.58	1.32	1.37	1.85	1.52	1.32	1.37	2.24	3.34	2.86	1.52	2.03	1.67	1.99	2.18	1.36	1.46	0.81	1.11	1.29	1.03	1.39	1.77	0.61	0.96	2.29	2.47	1.29	1.01	0.74	1.07	0.86	1.74	2.33	2.55	1.83	0.92	2.51	2.71	2.47	1.08	1.34	2.46	2.9	1.77	1.69	1.67	0.8	1.69	1.46	1.58	1.91	2.19	1.68	1.61	1.16	0.68	0.76	1.15	1.29	0.82	1.1	1.36	1.01	1.08	1.47	1.63	1.19	1.67	1.62	0.9	1.98	2.41	1.73	1.27	1.89	0.71	0.83	0.96	1.42	1.69	1.47	1.93	2.14	1.3	1.59	1.27	0.81	1.07	1.54	1.1	1.34	1.31	1.25	1.2	1.17	1.31	1.32	0.71	1.52	1.56	0.82	1.24	1.37	1.27	1.1	0.59	0.61	1.36	0.87	1.2	0.82	0.87	0.83	0.94	0.9	1.15	1.64	1.58	1.19	1.1	0.94	0.81	0.94	1.17	1.07	1.04	1.61	1.22	1.75	2.87	1.64	1.46	1.77	0.97	1.47	2.05	1.24	0.96	1.36	1.33	1.2	1.51	1.38	1.03	1.61	1.45	0.96	0.96
1.0	2.0	3.0	4.0	5.0	6.0	7.0	8.0	9.0	10.0	11.0	12.0	13.0	14.0	15.0	16.0	17.0	18.0	19.0	20.0	21.0	22.0	23.0	24.0	25.0	26.0	27.0	28.0	29.0	30.0	31.0	32.0	33.0	34.0	35.0	36.0	37.0	38.0	39.0	40.0	41.0	42.0	43.0	44.0	45.0	46.0	47.0	48.0	49.0	50.0	51.0	52.0	53.0	54.0	55.0	56.0	57.0	58.0	59.0	60.0	61.0	62.0	63.0	64.0	65.0	66.0	67.0	68.0	69.0	70.0	71.0	72.0	73.0	74.0	75.0	76.0	77.0	78.0	79.0	80.0	81.0	82.0	83.0	84.0	85.0	86.0	87.0	88.0	89.0	90.0	91.0	92.0	93.0	94.0	95.0	96.0	97.0	98.0	99.0	100.0	101.0	102.0	103.0	104.0	105.0	106.0	107.0	108.0	109.0	110.0	111.0	112.0	113.0	114.0	115.0	116.0	117.0	118.0	119.0	120.0	121.0	122.0	123.0	124.0	125.0	126.0	127.0	128.0	129.0	130.0	131.0	132.0	133.0	134.0	135.0	136.0	137.0	138.0	139.0	140.0	141.0	142.0	143.0	144.0	145.0	146.0	147.0	148.0	149.0	149.0	150.0	151.0	152.0	153.0	154.0	155.0	156.0	157.0	158.0	159.0	160.0	161.0	162.0	163.0	164.0	165.0	166.0	167.0	168.0	169.0	170.0	171.0	172.0	173.0	174.0	175.0	176.0	177.0	178.0	179.0	180.0	181.0	182.0	183.0	184.0	185.0	186.0	187.0	188.0	189.0	190.0	191.0	192.0	193.0	194.0	195.0	196.0	197.0	198.0	199.0	200.0	201.0	202.0	203.0	204.0	205.0	206.0	207.0	208.0	209.0	210.0	211.0	212.0	213.0	214.0	215.0	216.0	217.0	218.0	219.0	220.0	221.0	222.0	223.0	224.0	225.0	226.0	227.0	228.0	229.0	230.0	231.0	232.0	233.0	234.0	235.0	236.0	237.0	238.0	239.0	240.0	241.0	242.0	243.0	244.0	245.0	246.0	247.0	248.0	249.0	250.0	251.0	252.0	253.0	254.0	255.0	256.0	257.0	258.0	259.0	260.0	261.0	262.0	263.0	264.0	265.0	266.0	267.0	268.0	269.0	270.0	271.0	272.0	273.0	274.0	275.0	276.0	277.0	278.0	279.0	280.0	281.0	282.0	283.0	284.0	285.0	286.0	287.0	288.0	289.0	290.0	291.0	292.0	293.0	294.0	295.0	296.0	297.0	298.0	298.0	299.0
4208.793434051123
