4772.168857601628	300.0	2000.0	156.85601105776806	0	0.0	4772.168857601628	1	0	1	-1.814340268877453
4948.750027702851	300.0	2805.7607128886543	0.0	0	0.0	4754.510740591506	1	0	2	-1.2868745052763537
5114.119587699151	300.0	3623.854196892723	0.0	0	0.0	4737.973784591874	1	0	2	-1.0748535009670857
5363.632575496923	500.0	4349.389910315173	0.0	0	0.0	4713.022485812097	1	0	2	-1.0596396678121685
6200.0	500.0	4429.385743361789	0.0	0	592.0165221688467	4629.38574336179	1	0	2	-0.5142469665490528
7200.0	500.0	4329.385743361789	0.0	0	836.1364207397464	4529.38574336179	1	0	2	-0.451448854540277
8200.0	500.0	4229.385743361788	0.0	0	718.4848574257576	4429.385743361789	1	0	2	-0.39104993783928776
9200.0	1000.0	4129.3857433617895	0.0	0	351.9883513862569	4329.38574336179	1	0	2	-0.33370942883654475
10200.0	1000.0	4029.38574336179	0.0	0	443.5797859457725	4229.385743361792	1	0	2	0.41288207272155913
11200.0	2000.0	3929.3857433617895	0.0	0	458.9100296897341	4129.385743361792	1	0	2	0.4620853355732867
12200.0	2000.0	3829.3857433617877	0.0	0	389.83982494909105	4029.3857433617914	1	0	2	1.2015591902871006
13200.0	2000.0	3729.3857433617895	0.0	0	389.76317205581836	3929.3857433617904	1	0	2	1.2437597526297515
14200.0	2000.0	3629.385743361787	0.0	0	388.27583775252424	3829.385743361785	1	0	2	1.2826659044760336
15200.0	2000.0	3529.3857433617877	0.0	0	359.2634818125989	3729.385743361785	1	0	2	1.319829714457859
16200.0	2000.0	3429.3857433617864	0.0	0	453.1874032884243	3629.385743361785	1	0	2	1.3529101891305892
17200.0	2000.0	3329.3857433617886	0.0	0	211.92866130056427	3529.385743361785	1	0	2	1.3848926266670674
18200.0	2000.0	3229.38574336179	0.0	0	326.958565216908	3429.3857433617886	1	0	2	1.4128307580040669
19200.0	2000.0	3129.3857433617895	0.0	0	531.9361648243103	3329.385743361787	1	0	2	1.4384679160762577
20200.0	3000.0	3029.38574336179	0.0	0	352.6923562941265	3229.3857433617886	1	0	2	1.4630446630168386
21200.0	3000.0	2929.3857433617845	0.0	0	515.5554297355084	3129.3857433617777	1	0	2	1.8899023534191406
22200.0	3000.0	2829.385743361785	0.0	0	285.49746433047767	3029.3857433617814	1	0	2	1.9099336534310962
23200.0	3000.0	2729.385743361784	0.0	0	315.5280015072203	2929.3857433617777	1	0	2	1.928616184606943
24756.117914169325	3000.0	2017.6560377755302	0.0	0	0.0	2773.773951944848	1	0	2	1.9534334335632484
26168.81111395496	3000.0	1463.6935180113337	0.0	0	0.0	2632.504631966287	1	0	2	1.974078127172962
27826.316659187676	3000.0	806.187972778614	0.0	0	0.0	2632.504631966287	1	0	1	1.9791679681297647
28628.46840898594	3000.0	1004.0362229803471	0.0	0	0.0	2632.5046319662833	1	0	1	2.1791679681297653
29362.102088108833	3000.0	1270.4025438574508	0.0	0	0.0	2632.5046319662833	1	0	1	2.1791679681297653
30210.188380651347	3000.0	1422.3162513149355	0.0	0	0.0	2632.5046319662833	1	0	1	2.1791679681297653
31001.832198412692	3000.0	1630.6724335535848	0.0	0	0.0	2632.5046319662833	1	0	1	2.1791679681297653
32606.452754654692	3000.0	1026.0518773115868	0.0	0	0.0	2632.5046319662833	1	0	1	2.1791679681297653
33883.5095616877	2000.0	748.9950702785853	0.0	0	0.0	2632.5046319662906	1	0	1	1.3682377519134354
34765.67379518993	2000.0	866.8308367763582	0.0	0	0.0	2632.504631966287	1	0	1	1.7737028600215998
35414.88237359936	2000.0	1217.6222583669232	0.0	0	0.0	2632.5046319662797	1	0	1	1.7737028600216
36112.958511097415	2000.0	1519.5461208688657	0.0	0	0.0	2632.5046319662724	1	0	1	1.7737028600216018
37092.55819886702	2000.0	1539.946433099272	0.0	0	0.0	2632.5046319662724	1	0	1	1.7737028600216018
38023.14218482163	2000.0	1609.3624471446676	0.0	0	0.0	2632.5046319662724	1	0	1	1.7737028600216018
38668.919554482694	2000.0	1963.5850774836003	0.0	0	0.0	2632.5046319662797	1	0	1	1.773702860021601
39381.02774335286	2000.0	2251.4768886134407	0.0	0	0.0	2632.5046319662797	1	0	1	1.773702860021601
40200.0	2000.0	2432.504631966304	0.0	0	303.91333524622314	2632.5046319662797	1	0	1	1.773702860021601
41200.0	2000.0	2432.5046319663047	0.0	0	235.70713125169277	2632.5046319662797	1	0	1	1.773702860021601
42268.78608612059	2000.0	2363.718545845703	0.0	0	0.0	2632.5046319662724	1	0	1	1.7737028600216018
43269.877411173475	2000.0	2362.6272207928223	0.0	0	0.0	2632.5046319662724	1	0	1	1.7737028600216018
44227.705156071665	2000.0	2404.7994758946274	0.0	0	0.0	2632.504631966265	1	0	1	1.773702860021603
45200.0	2000.0	2432.5046319662947	0.0	0	429.8821246337102	2632.504631966265	1	0	1	1.773702860021603
46200.0	2000.0	2432.5046319662856	0.0	0	203.36898291172838	2632.504631966265	1	0	1	1.773702860021603
47200.0	2000.0	2432.504631966287	0.0	0	513.0148346967471	2632.504631966265	1	0	1	1.773702860021603
48200.0	2000.0	2432.5046319662874	0.0	0	532.791060760821	2632.504631966265	1	0	1	1.773702860021603
49200.0	2000.0	2432.5046319662883	0.0	0	619.1217027582679	2632.504631966265	1	0	1	1.773702860021603
50200.0	2000.0	2432.504631966284	0.0	0	148.73083645899897	2632.5046319662724	1	0	1	1.7737028600216018
51200.0	2000.0	2432.504631966278	0.0	0	394.32702472025267	2632.504631966265	1	0	1	1.773702860021603
52376.95116846011	2000.0	2255.553463506174	0.0	0	0.0	2632.504631966265	1	0	1	1.773702860021603
53574.49433110221	2000.0	2058.01030086408	0.0	0	0.0	2632.504631966265	1	0	1	1.773702860021603
54509.898183244695	2000.0	2122.6064487215804	0.0	0	0.0	2632.504631966265	1	0	1	1.773702860021603
55262.935608212705	2000.0	2369.5690237535755	0.0	0	0.0	2632.504631966265	1	0	1	1.773702860021603
56200.0	2000.0	2432.504631966278	0.0	0	217.71345550256228	2632.5046319662724	1	0	1	1.7737028600216018
57264.81407190916	2000.0	2367.690560057118	0.0	0	0.0	2632.5046319662724	1	0	1	1.7737028600216018
58200.0	2000.0	2432.5046319662833	0.0	0	143.30237096868223	2632.5046319662724	1	0	1	1.7737028600216018
59200.0	2000.0	2432.504631966273	0.0	0	242.22640051006601	2632.5046319662724	1	0	1	1.7737028600216018
60200.0	2000.0	2432.5046319662774	0.0	0	485.89754820051166	2632.5046319662724	1	0	1	1.7737028600216018
61200.0	2000.0	2432.5046319662824	0.0	0	217.95456755803025	2632.5046319662724	1	0	1	1.7737028600216018
62200.0	2000.0	2432.5046319662733	0.0	0	386.12244564527646	2632.5046319662724	1	0	1	1.7737028600216018
63200.0	2000.0	2432.5046319662665	0.0	0	285.13043526440015	2632.5046319662724	1	0	1	1.7737028600216018
64200.0	2000.0	2432.50463196627	0.0	0	113.75679108543409	2632.5046319662724	1	0	1	1.7737028600216018
65485.09080389578	2000.0	2147.4138280704933	0.0	0	0.0	2632.5046319662724	1	0	1	1.7737028600216018
66650.07639850398	2000.0	1982.4282334623133	0.0	0	0.0	2632.5046319662943	1	0	1	1.7737028600215998
67460.4429685754	2000.0	2172.0616633909117	0.0	0	0.0	2632.504631966316	1	0	1	1.7737028600215967
68200.0	2000.0	2432.504631966321	0.0	0	199.6168055318849	2632.5046319663234	1	0	1	1.7737028600215958
69200.0	2000.0	2432.50463196632	0.0	0	611.4997784844454	2632.504631966338	1	0	1	1.7737028600215936
70200.0	2000.0	2432.504631966324	0.0	0	530.2054924167896	2632.504631966338	1	0	1	1.7737028600215934
71200.0	2000.0	2432.5046319663306	0.0	0	324.4356336096971	2632.504631966338	1	0	1	1.7737028600215934
72200.0	2000.0	2432.5046319663466	0.0	0	236.33360299329797	2632.504631966338	1	0	1	1.7737028600215934
73200.0	2000.0	2432.504631966349	0.0	0	196.35520497272955	2632.5046319663234	1	0	1	1.7737028600215954
74200.0	2000.0	2432.504631966352	0.0	0	311.29017259598186	2632.5046319663234	1	0	1	1.7737028600215954
75200.0	3000.0	2432.504631966352	0.0	0	252.51005837180128	2632.5046319663234	1	0	1	1.7737028600215956
76621.26863969592	3000.0	2011.2359922704181	0.0	0	0.0	2632.5046319663234	1	0	1	2.17916796812976
77785.06469610857	3000.0	1847.4399358577675	0.0	0	0.0	2632.5046319663234	1	0	1	2.17916796812976
78460.91329155418	3000.0	2171.591340412166	0.0	0	0.0	2632.5046319663234	1	0	1	2.17916796812976
79200.0	3000.0	2432.5046319663666	0.0	0	98.18133539166593	2632.5046319663234	1	0	1	2.17916796812976
80200.0	3000.0	2432.504631966367	0.0	0	98.19707653712248	2632.504631966309	1	0	1	2.1791679681297618
81200.0	3000.0	2432.5046319663597	0.0	0	114.85604960807541	2632.504631966309	1	0	1	2.1791679681297618
82200.0	3000.0	2432.504631966365	0.0	0	134.08854055506526	2632.504631966309	1	0	1	2.1791679681297618
83200.0	3000.0	2432.504631966367	0.0	0	221.24646060921077	2632.5046319662943	1	0	1	2.1791679681297635
84200.0	3000.0	2432.504631966363	0.0	0	373.3757012024289	2632.5046319662943	1	0	1	2.1791679681297635
85200.0	3000.0	2432.504631966372	0.0	0	350.14618147363944	2632.5046319662797	1	0	1	2.1791679681297658
86236.3720471775	3000.0	2396.132584788875	0.0	0	0.0	2632.5046319662797	1	0	1	2.1791679681297658
87327.3277889015	3000.0	2305.176843064891	0.0	0	0.0	2632.5046319662943	1	0	1	2.1791679681297635
88200.0	3000.0	2432.504631966379	0.0	0	175.2014296830166	2632.5046319662943	1	0	1	2.1791679681297635
89311.76199148962	3000.0	2320.742640476759	0.0	0	0.0	2632.5046319662943	1	0	1	2.1791679681297635
90200.0	3000.0	2432.5046319663707	0.0	0	60.948356487511774	2632.5046319662943	1	0	1	2.1791679681297635
91666.01598480345	3000.0	1966.488647162923	0.0	0	0.0	2632.5046319662943	1	0	1	2.1791679681297635
93000.13906480928	3000.0	1632.3655671571005	0.0	0	0.0	2632.5046319662943	1	0	1	2.1791679681297635
94114.24351149212	3000.0	1518.2611204742714	0.0	0	0.0	2632.504631966309	1	0	1	2.1791679681297618
95121.40869890367	2000.0	1511.0959330627143	0.0	0	0.0	2632.5046319662943	1	0	1	1.3682377519134343
95885.40813758214	2000.0	1747.0964943842494	0.0	0	0.0	2632.5046319662797	1	0	1	1.773702860021601
96450.78060481664	2000.0	2181.724027149764	0.0	0	0.0	2632.5046319662797	1	0	1	1.773702860021601
97200.0	2000.0	2432.5046319664075	0.0	0	121.23297035503492	2632.5046319662797	1	0	1	1.773702860021601
98200.0	2000.0	2432.5046319663943	0.0	0	409.8002591480763	2632.5046319662797	1	0	1	1.773702860021601
99200.0	2000.0	2432.504631966396	0.0	0	496.30843839695444	2632.5046319662797	1	0	1	1.773702860021601
100200.0	3000.0	2432.504631966391	0.0	0	1.5037849069194635	2632.5046319662797	1	0	1	1.7737028600216012
101370.87732994137	3000.0	2261.627302025028	0.0	0	0.0	2632.5046319662797	1	0	1	2.1791679681297658
102404.9307851614	3000.0	2227.573846805002	0.0	0	0.0	2632.5046319662943	1	0	1	2.1791679681297635
103200.0	3000.0	2432.5046319664075	0.0	0	102.39895462204004	2632.5046319662943	1	0	1	2.1791679681297635
104230.57963432994	3000.0	2401.924997636465	0.0	0	0.0	2632.5046319662797	1	0	1	2.1791679681297658
105343.85983962238	3000.0	2288.6447923440446	0.0	0	0.0	2632.5046319662943	1	0	1	2.1791679681297635
106464.1490147787	3000.0	2168.355617187721	0.0	0	0.0	2632.5046319662797	1	0	1	2.1791679681297658
107200.0	3000.0	2432.5046319664193	0.0	0	40.40847959430539	2632.5046319662797	1	0	1	2.1791679681297658
108200.0	3000.0	2432.504631966426	0.0	0	252.21745476778597	2632.5046319662797	1	0	1	2.1791679681297658
109200.0	3000.0	2432.504631966437	0.0	0	219.31004289489647	2632.5046319662797	1	0	1	2.1791679681297658
110378.55684375913	3000.0	2253.9477882073224	0.0	0	0.0	2632.5046319662943	1	0	1	2.1791679681297635
111200.0	2000.0	2432.5046319664443	0.0	0	56.40000025642803	2632.5046319662943	1	0	1	1.3682377519134343
112200.0	3000.0	2432.5046319664443	0.0	0	47.16237983244355	2632.5046319662943	1	0	1	1.7737028600215992
113200.0	3000.0	2432.5046319664393	0.0	0	19.01582602514827	2632.5046319662797	1	0	1	2.1791679681297658
114200.0	2000.0	2432.5046319664375	0.0	0	495.9578768149222	2632.5046319662797	1	0	1	1.3682377519134363
115200.0	3000.0	2432.5046319664375	0.0	0	221.31292053317884	2632.504631966265	1	0	1	1.773702860021603
116200.0	3000.0	2432.504631966435	0.0	0	515.4044405835011	2632.504631966265	1	0	1	2.1791679681297675
117206.27765417994	3000.0	2426.226977786477	0.0	0	0.0	2632.504631966265	1	0	1	2.1791679681297675
118200.0	3000.0	2432.504631966413	0.0	0	200.42468783279764	2632.504631966265	1	0	1	2.1791679681297675
119699.55471919414	3000.0	1932.9499127722827	0.0	0	0.0	2632.5046319662797	1	0	1	2.1791679681297658
121171.37230241585	3000.0	1461.1323295505792	0.0	0	0.0	2632.5046319662797	1	0	1	2.1791679681297658
122440.32794436064	3000.0	1192.1766876057832	0.0	0	0.0	2632.5046319662797	1	0	1	2.1791679681297658
123225.21486339434	3000.0	1407.2897685721	0.0	0	0.0	2632.5046319662797	1	0	1	2.1791679681297658
123879.27784471578	3000.0	1753.2267872506766	0.0	0	0.0	2632.5046319662797	1	0	1	2.1791679681297658
124853.8152355153	3000.0	1778.6893964511642	0.0	0	0.0	2632.5046319662797	1	0	1	2.1791679681297658
125823.24437538878	3000.0	1809.260256577674	0.0	0	0.0	2632.5046319662797	1	0	1	2.1791679681297658
127006.03886017772	3000.0	1626.4657717887276	0.0	0	0.0	2632.504631966265	1	0	1	2.1791679681297675
127752.26594282596	3000.0	1880.238689140496	0.0	0	0.0	2632.504631966265	1	0	1	2.1791679681297675
128543.41953005518	3000.0	2089.0851019112665	0.0	0	0.0	2632.504631966265	1	0	1	2.1791679681297675
129403.87320780572	3000.0	2228.6314241607215	0.0	0	0.0	2632.504631966265	1	0	1	2.1791679681297675
130200.0	3000.0	2432.504631966449	0.0	0	181.91547635525058	2632.5046319662797	1	0	1	2.1791679681297658
131200.0	3000.0	2432.5046319664652	0.0	0	342.3650057400955	2632.5046319662943	1	0	1	2.1791679681297653
132283.2827315429	3000.0	2349.2219004235562	0.0	0	0.0	2632.5046319662797	1	0	1	2.1791679681297658
133200.0	3000.0	2432.5046319664784	0.0	0	223.01266674947692	2632.5046319663234	1	0	1	2.179167968129763
134200.0	3000.0	2432.504631966483	0.0	0	253.36197752860608	2632.5046319663525	1	0	1	2.179167968129757
135200.0	3000.0	2432.504631966486	0.0	0	316.53091440175194	2632.5046319663234	1	0	1	2.17916796812976
136367.2471260726	3000.0	2265.2575058939	0.0	0	0.0	2632.5046319663525	1	0	1	2.1791679681297564
137367.1325152146	3000.0	2265.372116751886	0.0	0	0.0	2632.5046319663234	1	0	1	2.17916796812976
138661.93905872694	3000.0	1970.5655732395496	0.0	0	0.0	2632.5046319663525	1	0	1	2.1791679681297564
139923.56923098036	3000.0	1708.9354009861277	0.0	0	0.0	2632.5046319663525	1	0	1	2.1791679681297564
141026.0667516576	3000.0	1606.4378803089105	0.0	0	0.0	2632.5046319663525	1	0	1	2.1791679681297564
142183.15346121273	3000.0	1449.3511707537982	0.0	0	0.0	2632.5046319663525	1	0	1	2.1791679681297564
143158.29692352653	3000.0	1474.2077084399455	0.0	0	0.0	2632.5046319663525	1	0	1	2.1791679681297564
144020.0821472176	3000.0	1612.42248474892	0.0	0	0.0	2632.5046319663525	1	0	1	2.1791679681297564
144636.37758134588	3000.0	1996.1270506206608	0.0	0	0.0	2632.5046319663525	1	0	1	2.1791679681297564
145200.0	3000.0	2432.5046319665134	0.0	0	135.24985518935136	2632.5046319663816	1	0	1	2.179167968129753
146200.0	3000.0	2432.504631966495	0.0	0	554.3996825702488	2632.5046319663816	1	0	1	2.179167968129753
147200.0	3000.0	2432.5046319664752	0.0	0	636.2216837562155	2632.5046319664107	1	0	1	2.179167968129749
148200.0	3000.0	2432.5046319664716	0.0	0	497.42589610395953	2632.5046319664107	1	0	1	2.179167968129749
149200.0	3000.0	2432.5046319664857	0.0	0	11.335800501488848	2632.5046319664107	1	0	1	2.179167968129749
150200.0	3000.0	2432.504631966488	0.0	0	279.25967905737343	2632.5046319664107	1	0	1	2.179167968129749
151200.0	3000.0	2432.504631966472	0.0	0	63.30949593643891	2632.5046319663816	1	0	1	2.179167968129753
152296.2346201823	3000.0	2336.270011784158	0.0	0	0.0	2632.5046319663816	1	0	1	2.179167968129753
153214.21000644082	3000.0	2418.2946255256475	0.0	0	0.0	2632.5046319663816	1	0	1	2.179167968129753
154619.81301374824	3000.0	2012.6916182182244	0.0	0	0.0	2632.5046319663816	1	0	1	2.179167968129753
155487.15082676974	3000.0	2145.3538051967025	0.0	0	0.0	2632.5046319663816	1	0	1	2.179167968129753
156961.82671786318	3000.0	1670.677914103265	0.0	0	0.0	2632.5046319663816	1	0	1	2.179167968129753
158796.51316436578	3000.0	835.991467600651	0.0	0	0.0	2632.5046319664107	1	0	1	2.179167968129751
159533.25915133837	2000.0	1099.2454806280589	0.0	0	0.0	2632.5046319663816	1	0	1	1.3682377519134232
160005.80281855856	2000.0	1626.7018134078887	0.0	0	0.0	2632.5046319664107	1	0	1	1.773702860021584
160754.49072373548	2000.0	1878.0139082309802	0.0	0	0.0	2632.5046319664107	1	0	1	1.773702860021584
161231.53480041662	2000.0	2400.969831549837	0.0	0	0.0	2632.5046319664107	1	0	1	1.773702860021584
162200.0	2000.0	2432.5046319664743	0.0	0	520.487407961511	2632.50463196644	1	0	1	1.7737028600215803
163200.0	2000.0	2432.504631966469	0.0	0	566.6396407490538	2632.504631966469	1	0	1	1.7737028600215765
164200.0	2000.0	2432.50463196647	0.0	0	222.32155623612925	2632.504631966469	1	0	1	1.7737028600215765
165200.0	2000.0	2432.504631966486	0.0	0	358.7586743415741	2632.50463196644	1	0	1	1.7737028600215803
166209.38535020174	3000.0	2423.119281764737	0.0	0	0.0	2632.504631966469	1	0	1	1.7737028600215767
167200.0	3000.0	2432.504631966459	0.0	0	99.05065803494654	2632.50463196644	1	0	1	2.1791679681297453
168200.0	3000.0	2432.504631966459	0.0	0	410.5185029456625	2632.50463196644	1	0	1	2.1791679681297453
169200.0	3000.0	2432.504631966495	0.0	0	375.2920008271467	2632.504631966469	1	0	1	2.1791679681297413
170200.0	3000.0	2432.504631966512	0.0	0	590.8185684575583	2632.504631966469	1	0	1	2.1791679681297413
171200.0	3000.0	2432.5046319665107	0.0	0	405.6336227992724	2632.50463196644	1	0	1	2.1791679681297453
172314.37148337322	3000.0	2318.1331485933197	0.0	0	0.0	2632.504631966469	1	0	1	2.1791679681297413
173325.76801159524	3000.0	2306.73662037131	0.0	0	0.0	2632.504631966469	1	0	1	2.1791679681297413
174650.47722219105	3000.0	1982.027409775509	0.0	0	0.0	2632.504631966498	1	0	1	2.1791679681297373
176658.49127478458	3000.0	974.0133571819367	0.0	0	0.0	2632.504631966469	1	0	1	2.1791679681297413
177534.6596305918	3000.0	1097.8450013747115	0.0	0	0.0	2632.504631966498	1	0	1	2.1791679681297373
178159.17827245643	3000.0	1473.3263595100893	0.0	0	0.0	2632.504631966498	1	0	1	2.1791679681297373
179015.95731853455	3000.0	1616.5473134319413	0.0	0	0.0	2632.504631966498	1	0	1	2.1791679681297373
179881.5642409275	3000.0	1750.9403910390345	0.0	0	0.0	2632.504631966527	1	0	1	2.179167968129734
181387.68539918846	3000.0	1244.819232778087	0.0	0	0.0	2632.504631966527	1	0	1	2.179167968129733
182158.90442446727	2000.0	1473.6002074992273	0.0	0	0.0	2632.504631966527	1	0	1	1.3682377519134044
183460.13560844102	2000.0	1172.3690235254776	0.0	0	0.0	2632.504631966527	1	0	1	1.773702860021569
184488.58557420288	2000.0	1143.919057763649	0.0	0	0.0	2632.504631966556	1	0	1	1.7737028600215683
185085.778803299	2000.0	1546.7258286675205	0.0	0	0.0	2632.504631966556	1	0	1	1.7737028600215652
186233.62462315094	2000.0	1398.8800088155845	0.0	0	0.0	2632.504631966556	1	0	1	1.7737028600215652
187202.0113116075	2000.0	1430.4933203590658	0.0	0	0.0	2632.504631966556	1	0	1	1.7737028600215652
187814.61524830366	2000.0	1817.8893836628688	0.0	0	0.0	2632.504631966556	1	0	1	1.7737028600215652
188388.39894982523	2000.0	2244.105682141291	0.0	0	0.0	2632.504631966556	1	0	1	1.7737028600215652
189200.0	2000.0	2432.50463196652	0.0	0	191.55871802585898	2632.504631966556	1	0	1	1.7737028600215652
190200.0	2000.0	2432.5046319665216	0.0	0	329.3303582126391	2632.504631966527	1	0	1	1.773702860021568
191200.0	2000.0	2432.504631966508	0.0	0	239.00776837102603	2632.504631966527	1	0	1	1.773702860021569
192329.12161580913	2000.0	2303.3830161574097	0.0	0	0.0	2632.504631966527	1	0	1	1.773702860021569
193200.0	2000.0	2432.5046319665234	0.0	0	84.87869249054347	2632.504631966527	1	0	1	1.773702860021569
194200.0	2000.0	2432.5046319664903	0.0	0	145.20776109269354	2632.504631966527	1	0	1	1.773702860021569
195200.0	2000.0	2432.5046319664966	0.0	0	535.598080310825	2632.504631966527	1	0	1	1.773702860021569
196200.0	2000.0	2432.5046319664893	0.0	0	409.78436956513906	2632.504631966527	1	0	1	1.773702860021569
197200.0	2000.0	2432.504631966496	0.0	0	544.0529782538069	2632.504631966527	1	0	1	1.773702860021569
198200.0	2000.0	2432.5046319665325	0.0	0	416.39832237220253	2632.504631966556	1	0	1	1.7737028600215652
199200.0	2000.0	2432.504631966546	0.0	0	412.85929433398996	2632.504631966556	1	0	1	1.7737028600215652
200200.0	2000.0	2432.5046319665526	0.0	0	316.5415119753161	2632.504631966527	1	0	1	1.773702860021569
201510.1183330686	2000.0	2122.3862988979645	0.0	0	0.0	2632.504631966527	1	0	1	1.773702860021569
202745.55156224413	2000.0	1886.9530697224309	0.0	0	0.0	2632.504631966556	1	0	1	1.773702860021566
203477.37595104656	2000.0	2155.128680920019	0.0	0	0.0	2632.504631966556	1	0	1	1.7737028600215652
204200.0	2000.0	2432.5046319665626	0.0	0	277.4542689760856	2632.504631966527	1	0	1	1.773702860021569
205200.0	2000.0	2432.5046319665857	0.0	0	467.88685634109424	2632.504631966527	1	0	1	1.773702860021569
206335.97889808702	2000.0	2296.5257338795486	0.0	0	0.0	2632.504631966527	1	0	1	1.773702860021569
207278.4259038483	2000.0	2354.078728118264	0.0	0	0.0	2632.504631966527	1	0	1	1.773702860021569
208200.0	2000.0	2432.504631966589	0.0	0	378.3585332313087	2632.504631966527	1	0	1	1.773702860021569
209200.0	2000.0	2432.5046319665944	0.0	0	244.2329766790208	2632.504631966527	1	0	1	1.773702860021569
210200.0	2000.0	2432.504631966583	0.0	0	167.39243977583828	2632.504631966498	1	0	1	1.7737028600215727
211200.0	2000.0	2432.5046319666085	0.0	0	440.05259355626185	2632.504631966498	1	0	1	1.7737028600215727
212200.0	2000.0	2432.504631966618	0.0	0	337.1860386290937	2632.504631966527	1	0	1	1.773702860021569
213200.0	2000.0	2432.504631966617	0.0	0	186.97125668099034	2632.504631966556	1	0	1	1.7737028600215652
214200.0	2000.0	2432.5046319666294	0.0	0	102.75334420974832	2632.5046319665853	1	0	1	1.7737028600215616
215200.0	2000.0	2432.504631966607	0.0	0	125.93690356303705	2632.5046319665853	1	0	1	1.7737028600215616
216200.0	2000.0	2432.504631966599	0.0	0	360.6522432487109	2632.5046319665853	1	0	1	1.7737028600215616
217200.0	2000.0	2432.504631966605	0.0	0	418.14931630302453	2632.504631966556	1	0	1	1.7737028600215652
218200.0	2000.0	2432.5046319666017	0.0	0	638.8533249814645	2632.504631966556	1	0	1	1.7737028600215652
219200.0	2000.0	2432.504631966577	0.0	0	532.147599760181	2632.504631966556	1	0	1	1.7737028600215652
220200.0	2000.0	2432.504631966565	0.0	0	286.71011501108296	2632.504631966556	1	0	1	1.7737028600215652
221200.0	2000.0	2432.5046319665425	0.0	0	406.06489165322273	2632.504631966556	1	0	1	1.7737028600215652
222200.0	2000.0	2432.504631966558	0.0	0	355.7312660039752	2632.504631966556	1	0	1	1.7737028600215652
223200.0	2000.0	2432.504631966548	0.0	0	385.4012996717065	2632.504631966556	1	0	1	1.7737028600215652
224200.0	2000.0	2432.5046319665307	0.0	0	289.23718402162194	2632.504631966556	1	0	1	1.7737028600215652
225404.21974355317	3000.0	2228.284888413379	0.0	0	0.0	2632.504631966556	1	0	1	1.7737028600215652
226297.01745557276	3000.0	2335.487176393783	0.0	0	0.0	2632.504631966556	1	0	1	2.17916796812973
227200.0	3000.0	2432.5046319665726	0.0	0	277.20462671731366	2632.5046319665853	1	0	1	2.1791679681297262
228200.0	3000.0	2432.5046319665676	0.0	0	392.9724053691898	2632.5046319665853	1	0	1	2.1791679681297262
229200.0	3000.0	2432.504631966563	0.0	0	500.15471043935395	2632.5046319665853	1	0	1	2.1791679681297262
230200.0	3000.0	2432.5046319665375	0.0	0	391.2420749216981	2632.5046319665853	1	0	1	2.1791679681297262
231200.0	3000.0	2432.5046319665225	0.0	0	239.5369641299185	2632.5046319665853	1	0	1	2.1791679681297262
232200.0	3000.0	2432.5046319665234	0.0	0	496.3304683728784	2632.5046319665853	1	0	1	2.1791679681297262
233200.0	3000.0	2432.504631966525	0.0	0	230.1887849396735	2632.504631966556	1	0	1	2.17916796812973
234200.0	3000.0	2432.504631966526	0.0	0	391.16777591139544	2632.504631966556	1	0	1	2.17916796812973
235200.0	3000.0	2432.504631966557	0.0	0	171.1346764677146	2632.5046319665853	1	0	1	2.1791679681297262
236200.0	3000.0	2432.504631966545	0.0	0	53.39779585393262	2632.5046319665853	1	0	1	2.1791679681297262
237200.0	3000.0	2432.5046319665407	0.0	0	265.39268621546216	2632.5046319665853	1	0	1	2.1791679681297262
238484.5160642944	3000.0	2147.988567672105	0.0	0	0.0	2632.5046319665853	1	0	1	2.1791679681297262
239874.6358521942	3000.0	1757.868779772345	0.0	0	0.0	2632.5046319666144	1	0	1	2.1791679681297222
241204.95840685035	3000.0	1427.5462251161973	0.0	0	0.0	2632.5046319666435	1	0	1	2.1791679681297187
242230.94283590143	3000.0	1401.5617960651396	0.0	0	0.0	2632.5046319666435	1	0	1	2.1791679681297187
243633.9263913219	3000.0	998.5782406446705	0.0	0	0.0	2632.5046319666435	1	0	1	2.1791679681297187
244854.70327710736	3000.0	777.8013548592231	0.0	0	0.0	2632.5046319666726	1	0	1	2.1791679681297147
245399.12555808036	2000.0	1233.3790738862242	0.0	0	0.0	2632.5046319666726	1	0	1	1.3682377519133855
245891.3232578694	2000.0	1741.181374097158	0.0	0	0.0	2632.5046319666435	1	0	1	1.773702860021554
246498.69356189016	2000.0	2133.8110700764178	0.0	0	0.0	2632.5046319666726	1	0	1	1.7737028600215532
247200.0	2000.0	2432.5046319665985	0.0	0	184.23139670846285	2632.5046319666726	1	0	1	1.77370286002155
248200.0	3000.0	2432.504631966598	0.0	0	504.21905201577465	2632.5046319666435	1	0	1	1.773702860021554
249200.0	3000.0	2432.5046319666126	0.0	0	290.898247675359	2632.5046319666435	1	0	1	2.1791679681297187
250200.0	3000.0	2432.5046319666317	0.0	0	99.85828557499917	2632.5046319666435	1	0	1	2.1791679681297187
251440.95063492062	3000.0	2191.5539970460227	0.0	0	0.0	2632.5046319666435	1	0	1	2.1791679681297187
252200.0	3000.0	2432.5046319666308	0.0	0	103.78629339236068	2632.5046319666144	1	0	1	2.1791679681297222
253276.11332101733	3000.0	2356.3913109493033	0.0	0	0.0	2632.5046319666144	1	0	1	2.1791679681297222
254830.217403799	3000.0	1802.2872281676277	0.0	0	0.0	2632.5046319666435	1	0	1	2.1791679681297187
255746.48438260454	3000.0	1886.0202493621007	0.0	0	0.0	2632.5046319666435	1	0	1	2.1791679681297187
256589.9957493207	3000.0	2042.508882645915	0.0	0	0.0	2632.5046319666435	1	0	1	2.1791679681297187
257407.45818590512	3000.0	2225.0464460614567	0.0	0	0.0	2632.5046319666435	1	0	1	2.1791679681297187
258255.587485672	3000.0	2376.9171462946065	0.0	0	0.0	2632.5046319666435	1	0	1	2.1791679681297187
259200.0	3000.0	2432.5046319666058	0.0	0	108.88075003758422	2632.5046319666144	1	0	1	2.1791679681297222
260200.0	3000.0	2432.504631966601	0.0	0	230.37422827168484	2632.5046319666144	1	0	1	2.1791679681297222
261506.01403455497	3000.0	2126.4905974116255	0.0	0	0.0	2632.5046319666144	1	0	1	2.1791679681297222
262405.7970844019	3000.0	2226.707547564715	0.0	0	0.0	2632.5046319666726	1	0	1	2.1791679681297182
263200.0	3000.0	2432.5046319665266	0.0	0	22.14448242582148	2632.5046319666144	1	0	1	2.1791679681297196
264200.0	3000.0	2432.504631966555	0.0	0	265.6994238879997	2632.5046319666726	1	0	1	2.1791679681297187
265200.0	3000.0	2432.5046319665335	0.0	0	375.48971014341805	2632.5046319666435	1	0	1	2.179167968129717
266200.0	3000.0	2432.5046319664907	0.0	0	222.31991153780837	2632.5046319665853	1	0	1	2.1791679681297262
267200.0	3000.0	2432.5046319665043	0.0	0	217.71177164412802	2632.5046319665853	1	0	1	2.1791679681297262
268567.834979932	3000.0	2064.669652034502	0.0	0	0.0	2632.5046319665853	1	0	1	2.1791679681297262
270290.21379247896	3000.0	1342.2908394875144	0.0	0	0.0	2632.5046319665853	1	0	1	2.1791679681297262
271375.66626218165	3000.0	1256.8383697848622	0.0	0	0.0	2632.5046319665853	1	0	1	2.1791679681297262
272217.3826579461	3000.0	1415.1219740204408	0.0	0	0.0	2632.504631966527	1	0	1	2.179167968129734
272865.68515586166	3000.0	1766.8194761048119	0.0	0	0.0	2632.504631966527	1	0	1	2.179167968129734
273835.7099402504	3000.0	1796.7946917161585	0.0	0	0.0	2632.504631966527	1	0	1	2.179167968129734
274857.0808240416	3000.0	1775.423807924865	0.0	0	0.0	2632.504631966527	1	0	1	2.179167968129734
276031.0200694936	3000.0	1601.4845624728712	0.0	0	0.0	2632.504631966527	1	0	1	2.179167968129734
276750.8538992332	3000.0	1881.6507327332747	0.0	0	0.0	2632.504631966527	1	0	1	2.179167968129734
277654.83068192407	3000.0	1977.673950042453	0.0	0	0.0	2632.504631966527	1	0	1	2.179167968129734
278615.90218367486	3000.0	2016.602448291737	0.0	0	0.0	2632.504631966527	1	0	1	2.179167968129734
279353.1572596852	3000.0	2279.3473722813446	0.0	0	0.0	2632.504631966469	1	0	1	2.1791679681297413
280245.4025823236	3000.0	2387.1020496429633	0.0	0	0.0	2632.504631966527	1	0	1	2.179167968129734
281401.5246660523	3000.0	2230.979965914194	0.0	0	0.0	2632.504631966469	1	0	1	2.1791679681297413
282447.7716374388	3000.0	2184.7329945277534	0.0	0	0.0	2632.504631966469	1	0	1	2.1791679681297413
283200.0	3000.0	2432.504631966579	0.0	0	281.86257537215715	2632.504631966469	1	0	1	2.1791679681297413
284200.0	3000.0	2432.5046319666035	0.0	0	333.6676434869878	2632.504631966469	1	0	1	2.1791679681297413
285200.0	3000.0	2432.5046319666035	0.0	0	90.88545004837215	2632.5046319664107	1	0	1	2.179167968129749
286200.0	3000.0	2432.5046319665125	0.0	0	102.07496605149936	2632.5046319664107	1	0	1	2.179167968129749
287257.6883641663	3000.0	2374.816267800183	0.0	0	0.0	2632.5046319664107	1	0	1	2.179167968129749
288350.39812725893	3000.0	2282.106504707496	0.0	0	0.0	2632.504631966469	1	0	1	2.1791679681297413
289384.6835719169	3000.0	2247.821060049544	0.0	0	0.0	2632.5046319664107	1	0	1	2.179167968129749
291007.8392610535	3000.0	1624.6653709129068	0.0	0	0.0	2632.5046319664107	1	0	1	2.179167968129749
292274.06185531104	3000.0	1358.4427766554236	0.0	0	0.0	2632.5046319664107	1	0	1	2.179167968129749
292803.1088103147	3000.0	1829.3958216517842	0.0	0	0.0	2632.5046319664107	1	0	1	2.179167968129749
293546.1076274858	3000.0	2086.397004480593	0.0	0	0.0	2632.5046319664107	1	0	1	2.179167968129749
294200.0	3000.0	2432.5046319664293	0.0	0	169.6730435223435	2632.5046319664107	1	0	1	2.179167968129749
295200.0	3000.0	2432.5046319664593	0.0	0	569.3124082568684	2632.5046319664107	1	0	1	2.179167968129749
296200.0	3000.0	2432.504631966481	0.0	0	599.9964331327355	2632.5046319664107	1	0	1	2.179167968129749
297200.0	3000.0	2432.504631966443	0.0	0	295.9185473546386	2632.5046319664107	1	0	1	2.179167968129749
298200.0	3000.0	2432.50463196642	0.0	0	205.05568290693918	2632.504631966469	1	0	1	2.1791679681297413
299200.0	3000.0	2432.5046319664575	0.0	0	161.34746768680634	2632.5046319664107	1	0	1	2.179167968129749
300342.7909890172	3000.0	2289.7136429492703	0.0	0	0.0	2632.5046319663525	1	0	1	2.1791679681297564
2.48	3.15	2.65	2.19	1.63	2.56	3.34	4.01	4.7	3.07	3.38	3.74	3.23	3.76	4.81	6.14	7.24	3.64	3.31	2.64	2.24	1.95	1.85	2.62	3.75	4.53	3.28	2.03	2.02	2.02	2.62	3.53	1.88	2.77	3.3	3.52	1.99	2.2	1.54	2.24	3.36	3.42	4.4	5.57	3.35	2.2	2.86	1.88	1.14	2.79	3.75	2.65	2.34	2.43	3.44	3.01	3.08	2.98	2.26	2.65	1.49	2.22	2.85	4.11	5.32	5.8	2.61	3.04	3.7	3.7	3.8	2.03	3.17	4.36	4.44	4.55	3.88	4.39	5.15	5.0	4.08	2.79	3.56	3.32	3.27	2.86	1.82	2.42	3.16	2.57	2.77	3.53	3.82	5.19	5.17	3.38	2.91	3.08	3.94	2.49	1.97	2.75	3.83	3.65	4.46	3.28	3.57	2.78	2.93	3.94	5.17	5.28	3.61	3.12	2.42	2.46	1.84	3.13	3.58	4.31	3.48	3.6	3.09	4.26	3.92	4.4	3.51	2.58	3.78	5.06	4.61	2.62	3.01	3.07	2.75	3.38	2.43	2.79	3.38	4.71	5.93	6.64	6.26	4.17	4.17	3.97	2.94	2.75	3.81	2.17	2.48	3.15	2.65	2.19	1.63	2.56	3.34	4.01	4.7	3.07	3.38	3.74	3.23	3.76	4.81	6.14	7.24	3.64	3.31	2.64	2.24	1.95	1.85	2.62	3.75	4.53	3.28	2.03	2.02	2.02	2.62	3.53	1.88	2.77	3.3	3.52	1.99	2.2	1.54	2.24	3.36	3.42	4.4	5.57	3.35	2.2	2.86	1.88	1.14	2.79	3.75	2.65	2.34	2.43	3.44	3.01	3.08	2.98	2.26	2.65	1.49	2.22	2.85	4.11	5.32	5.8	2.61	3.04	3.7	3.7	3.8	2.03	3.17	4.36	4.44	4.55	3.88	4.39	5.15	5.0	4.08	2.79	3.56	3.32	3.27	2.86	1.82	2.42	3.16	2.57	2.77	3.53	3.82	5.19	5.17	3.38	2.91	3.08	3.94	2.49	1.97	2.75	3.83	3.65	4.46	3.28	3.57	2.78	2.93	3.94	5.17	5.28	3.61	3.12	2.42	2.46	1.84	3.13	3.58	4.31	3.48	3.6	3.09	4.26	3.92	4.4	3.51	2.58	3.78	5.06	4.61	2.62	3.01	3.07	2.75	3.38	2.43	2.79	3.38	4.71	5.93	6.64	6.26	4.17	4.17	3.97	2.94	2.75	3.81	2.17	2.48
1.0	2.0	3.0	4.0	5.0	6.0	7.0	8.0	9.0	10.0	11.0	12.0	13.0	14.0	15.0	16.0	17.0	18.0	19.0	20.0	21.0	22.0	23.0	24.0	25.0	26.0	27.0	28.0	29.0	30.0	31.0	32.0	33.0	34.0	35.0	36.0	37.0	38.0	39.0	40.0	41.0	42.0	43.0	44.0	45.0	46.0	47.0	48.0	49.0	50.0	51.0	52.0	53.0	54.0	55.0	56.0	57.0	58.0	59.0	60.0	61.0	62.0	63.0	64.0	65.0	66.0	67.0	68.0	69.0	70.0	71.0	72.0	73.0	74.0	75.0	76.0	77.0	78.0	79.0	80.0	81.0	82.0	83.0	84.0	85.0	86.0	87.0	88.0	89.0	90.0	91.0	92.0	93.0	94.0	95.0	96.0	97.0	98.0	99.0	100.0	101.0	102.0	103.0	104.0	105.0	106.0	107.0	108.0	109.0	110.0	111.0	112.0	113.0	114.0	115.0	116.0	117.0	118.0	119.0	120.0	121.0	122.0	123.0	124.0	125.0	126.0	127.0	128.0	129.0	130.0	131.0	132.0	133.0	134.0	135.0	136.0	137.0	138.0	139.0	140.0	141.0	142.0	143.0	144.0	145.0	146.0	147.0	148.0	149.0	149.0	150.0	151.0	152.0	153.0	154.0	155.0	156.0	157.0	158.0	159.0	160.0	161.0	162.0	163.0	164.0	165.0	166.0	167.0	168.0	169.0	170.0	171.0	172.0	173.0	174.0	175.0	176.0	177.0	178.0	179.0	180.0	181.0	182.0	183.0	184.0	185.0	186.0	187.0	188.0	189.0	190.0	191.0	192.0	193.0	194.0	195.0	196.0	197.0	198.0	199.0	200.0	201.0	202.0	203.0	204.0	205.0	206.0	207.0	208.0	209.0	210.0	211.0	212.0	213.0	214.0	215.0	216.0	217.0	218.0	219.0	220.0	221.0	222.0	223.0	224.0	225.0	226.0	227.0	228.0	229.0	230.0	231.0	232.0	233.0	234.0	235.0	236.0	237.0	238.0	239.0	240.0	241.0	242.0	243.0	244.0	245.0	246.0	247.0	248.0	249.0	250.0	251.0	252.0	253.0	254.0	255.0	256.0	257.0	258.0	259.0	260.0	261.0	262.0	263.0	264.0	265.0	266.0	267.0	268.0	269.0	270.0	271.0	272.0	273.0	274.0	275.0	276.0	277.0	278.0	279.0	280.0	281.0	282.0	283.0	284.0	285.0	286.0	287.0	288.0	289.0	290.0	291.0	292.0	293.0	294.0	295.0	296.0	297.0	298.0	298.0	299.0
4455.63079026537
