4471.888676389444	300.0	2000.0	172.35218711801377	0	0.0	4471.888676389444	1	0	1	-1.714644889651845
4626.963627498308	300.0	2829.4175537802507	0.0	0	0.0	4456.381181278559	1	0	2	-1.095929621368899
4799.947195652211	300.0	3639.135628810957	0.0	0	0.0	4439.082824463168	1	0	2	-0.8864254364087557
5200.0	300.0	4199.077544028388	0.0	0	243.3219510198951	4399.077544028388	1	0	2	-0.8736008668641674
6200.0	500.0	4099.077544028389	0.0	0	801.9684886433706	4299.077544028388	1	0	2	-0.828808440243068
7200.0	500.0	3999.0775440283896	0.0	0	873.36141234358	4199.077544028389	1	0	2	-0.26612477341303026
8200.0	500.0	3899.0775440283887	0.0	0	819.0568345380352	4099.077544028388	1	0	2	-0.21780235009245796
9200.0	1000.0	3799.077544028389	0.0	0	737.3841400491019	3999.0775440283887	1	0	2	-0.1728832269517393
10200.0	1000.0	3699.077544028389	0.0	0	388.53879984930063	3899.0775440283896	1	0	2	0.5629629505218229
11200.0	2000.0	3599.077544028387	0.0	0	532.8088808799821	3799.077544028387	1	0	2	0.6006761493687223
12200.0	2000.0	3499.077544028387	0.0	0	264.04366259628296	3699.077544028385	1	0	2	1.3306376996437277
13200.0	2000.0	3399.077544028384	0.0	0	173.28344164651025	3599.0775440283833	1	0	2	1.364428674038165
14200.0	2000.0	3299.077544028384	0.0	0	440.99655890851136	3499.077544028385	1	0	2	1.392765381046912
15200.0	2000.0	3199.0775440283865	0.0	0	497.56217304534766	3399.077544028385	1	0	2	1.4205152082799954
16205.500854831085	3000.0	3093.026603714192	0.0	0	0.0	3298.5274585452753	1	0	2	1.448972929702152
17348.990336330586	3000.0	2835.1881740647427	0.0	0	0.0	3184.17851039533	1	0	2	1.8799853150187178
18200.0	2000.0	2899.077544028388	0.0	0	81.11010492617788	3099.0775440283887	1	0	2	1.087831024081495
19200.0	2000.0	2799.0775440283924	0.0	0	522.7195283278743	2999.0775440283924	1	0	2	1.510211654067489
20200.0	2000.0	2699.0775440283915	0.0	0	232.8298322298324	2899.077544028394	1	0	2	1.5286628318381417
21200.0	2000.0	2599.0775440283915	0.0	0	418.7768625077988	2799.077544028387	1	0	2	1.54454612342231
22200.0	2000.0	2499.07754402839	0.0	0	287.3051634584954	2699.0775440283833	1	0	2	1.5596464954874825
23200.0	2000.0	2399.077544028393	0.0	0	580.5543695657507	2599.0775440283833	1	0	2	1.5728101247873252
24200.0	3000.0	2299.0775440283974	0.0	0	507.88771419981276	2499.077544028387	1	0	2	1.585315279759487
25200.0	3000.0	2199.0775440284006	0.0	0	486.80936428463974	2399.0775440283905	1	0	2	2.0020625516591437
26200.0	3000.0	2099.0775440283974	0.0	0	233.1604505343821	2299.0775440283905	1	0	2	2.012708819448605
27200.0	3000.0	1999.077544028398	0.0	0	114.03227653992508	2199.077544028394	1	0	2	2.022290093809575
28200.0	3000.0	1899.0775440284006	0.0	0	350.56558774530276	2099.0775440284015	1	0	2	2.030220231360359
29200.0	3000.0	1799.0775440284015	0.0	0	406.4353121252825	1999.077544028405	1	0	2	2.0378097781792404
30200.0	3000.0	1699.077544028401	0.0	0	484.984736864124	1899.077544028405	1	0	2	2.04477288681111
31342.42223415037	3000.0	1442.4130864629926	0.0	0	0.0	1784.8353206133725	1	0	2	2.0525283782134958
32213.059683238695	3000.0	1484.711892465836	0.0	0	0.0	1697.7715757045444	1	0	2	2.0578856231270852
33200.0	3000.0	1399.0775440283999	0.0	0	94.04778379208437	1599.0775440284124	1	0	2	2.062544019699444
34200.0	3000.0	1399.0775440283983	0.0	0	116.68595600640401	1599.0775440284087	1	0	1	2.0640060348134215
35200.0	3000.0	1399.077544028401	0.0	0	564.0021882011497	1599.077544028405	1	0	1	2.2640060348134217
36200.0	3000.0	1399.077544028404	0.0	0	433.4114806961443	1599.077544028405	1	0	1	2.2640060348134217
37200.0	3000.0	1399.0775440283992	0.0	0	450.20284257443564	1599.0775440284124	1	0	1	2.264006034813421
38200.0	3000.0	1399.077544028403	0.0	0	141.0235040881671	1599.0775440284124	1	0	1	2.264006034813421
39200.0	3000.0	1399.0775440284044	0.0	0	109.28837792406557	1599.0775440284124	1	0	1	2.264006034813421
40219.502968888075	3000.0	1379.574575140319	0.0	0	0.0	1599.077544028405	1	0	1	2.2640060348134217
41200.0	3000.0	1399.077544028393	0.0	0	122.94522418476845	1599.077544028405	1	0	1	2.2640060348134217
42200.0	3000.0	1399.0775440283883	0.0	0	303.2018050380793	1599.077544028405	1	0	1	2.2640060348134217
43200.0	3000.0	1399.077544028386	0.0	0	300.8550416600192	1599.077544028405	1	0	1	2.2640060348134217
44200.0	3000.0	1399.0775440283799	0.0	0	334.68324997867603	1599.077544028405	1	0	1	2.2640060348134217
45200.0	3000.0	1399.0775440283737	0.0	0	349.58522478589293	1599.0775440283978	1	0	1	2.264006034813422
46200.0	3000.0	1399.0775440283755	0.0	0	462.6852807436662	1599.0775440283978	1	0	1	2.264006034813422
47200.32837959883	3000.0	1398.7491644295408	0.0	0	0.0	1599.0775440283978	1	0	1	2.264006034813422
48270.107470610106	3000.0	1328.9700734182738	0.0	0	0.0	1599.0775440283978	1	0	1	2.264006034813422
49311.468005484036	3000.0	1287.6095385443462	0.0	0	0.0	1599.0775440283978	1	0	1	2.264006034813422
50664.00737251738	3000.0	935.0701715109983	0.0	0	0.0	1599.0775440283978	1	0	1	2.264006034813422
52225.797930006884	3000.0	373.2796140214888	0.0	0	0.0	1599.0775440283978	1	0	1	2.264006034813422
53532.831162163195	3000.0	376.53438797017964	310.28800610499536	0	0.0	1909.3655501333997	1	0	1	0.38493405088610655
54654.54993069449	3000.0	475.68658013210404	220.8709606932216	0	0.0	2130.2365108266167	1	0	1	0.9055021352719501
55389.597468004824	3000.0	740.6390428217693	0.0	0	0.0	2130.236510826624	1	0	1	2.230727899431279
56241.950506399866	3000.0	888.2860044267272	0.0	0	0.0	2130.236510826624	1	0	1	2.230727899431279
56966.56761648876	2000.0	1163.6688943378283	0.0	0	0.0	2130.236510826624	1	0	1	1.41979768321495
57435.29233788237	2000.0	1694.9441729442267	0.0	0	0.0	2130.236510826624	1	0	1	1.8252627913231145
58200.0	2000.0	1930.2365108265963	0.0	0	387.56395705878094	2130.236510826624	1	0	1	1.8252627913231145
59200.0	3000.0	1930.236510826594	0.0	0	369.403597988181	2130.236510826624	1	0	1	1.8252627913231148
60200.0	3000.0	1930.2365108265922	0.0	0	125.83810806094698	2130.236510826624	1	0	1	2.230727899431279
61200.0	3000.0	1930.2365108265926	0.0	0	378.893909674669	2130.236510826624	1	0	1	2.230727899431279
62200.0	3000.0	1930.2365108265997	0.0	0	315.79597085931164	2130.236510826624	1	0	1	2.230727899431279
63406.46812552269	3000.0	1723.7683853039152	0.0	0	0.0	2130.236510826624	1	0	1	2.230727899431279
64494.80548207441	3000.0	1635.4310287521896	0.0	0	0.0	2130.236510826624	1	0	1	2.230727899431279
65534.52637712955	3000.0	1595.7101336970397	0.0	0	0.0	2130.2365108266313	1	0	1	2.2307278994312787
66400.599004067	3000.0	1729.6375067595754	0.0	0	0.0	2130.2365108266167	1	0	1	2.23072789943128
67353.22144678116	3000.0	1777.0150640454337	0.0	0	0.0	2130.2365108266386	1	0	1	2.2307278994312787
68519.86214806282	3000.0	1610.3743627637841	0.0	0	0.0	2130.2365108266386	1	0	1	2.2307278994312782
69377.78041760667	3000.0	1752.4560932199183	0.0	0	0.0	2130.236510826624	1	0	1	2.2307278994312787
70200.0	3000.0	1930.2365108265824	0.0	0	120.39250832531252	2130.236510826624	1	0	1	2.230727899431279
71211.47589124722	3000.0	1918.7606195793703	0.0	0	0.0	2130.236510826624	1	0	1	2.230727899431279
72263.729333348	3000.0	1866.5071774785872	0.0	0	0.0	2130.2365108266386	1	0	1	2.2307278994312782
73200.0	2000.0	1930.2365108265872	0.0	0	202.09044888336211	2130.2365108266386	1	0	1	1.4197976832149488
74200.0	2000.0	1930.2365108265903	0.0	0	439.23095611935423	2130.2365108266386	1	0	1	1.8252627913231134
75200.0	3000.0	1930.2365108266094	0.0	0	426.7452743959875	2130.2365108266386	1	0	1	1.8252627913231136
76294.00875577853	3000.0	1836.2277550480685	0.0	0	0.0	2130.236510826624	1	0	1	2.230727899431279
77483.48712514424	3000.0	1646.7493856823646	0.0	0	0.0	2130.236510826624	1	0	1	2.230727899431279
78634.90688463837	3000.0	1495.329626188213	0.0	0	0.0	2130.236510826624	1	0	1	2.230727899431279
80055.59501993975	3000.0	1074.6414908868223	0.0	0	0.0	2130.236510826624	1	0	1	2.230727899431279
80965.40029510087	3000.0	1164.836215725711	0.0	0	0.0	2130.236510826624	1	0	1	2.230727899431279
81754.69637645704	2000.0	1375.5401343695562	0.0	0	0.0	2130.236510826624	1	0	1	1.41979768321495
82220.05745154039	2000.0	1910.1790592862142	0.0	0	0.0	2130.236510826624	1	0	1	1.8252627913231145
83200.0	2000.0	1930.2365108265903	0.0	0	337.18018172562006	2130.236510826624	1	0	1	1.8252627913231145
84200.0	2000.0	1930.2365108266022	0.0	0	495.90728520379344	2130.236510826624	1	0	1	1.8252627913231145
85200.0	2000.0	1930.2365108266158	0.0	0	607.9518802534294	2130.236510826624	1	0	1	1.8252627913231145
86200.0	3000.0	1930.2365108266172	0.0	0	495.79424196681066	2130.236510826624	1	0	1	1.8252627913231148
87260.84111405342	3000.0	1869.3953967732	0.0	0	0.0	2130.236510826624	1	0	1	2.230727899431279
88879.48082013783	3000.0	1250.7556906887903	0.0	0	0.0	2130.236510826624	1	0	1	2.230727899431279
89810.41057994765	3000.0	1319.8259308789811	0.0	0	0.0	2130.236510826624	1	0	1	2.230727899431279
90758.99914114774	3000.0	1371.2373696789075	0.0	0	0.0	2130.2365108266386	1	0	1	2.2307278994312782
92020.23739290172	3000.0	1109.999117924905	0.0	0	0.0	2130.2365108266386	1	0	1	2.2307278994312782
92649.17432632601	3000.0	1481.0621845006053	0.0	0	0.0	2130.2365108266386	1	0	1	2.2307278994312782
93518.92992068944	3000.0	1611.3065901371936	0.0	0	0.0	2130.236510826653	1	0	1	2.230727899431277
94602.94558923945	3000.0	1527.2909215871632	0.0	0	0.0	2130.2365108266386	1	0	1	2.2307278994312782
95741.37011366617	3000.0	1388.8663971604524	0.0	0	0.0	2130.2365108266386	1	0	1	2.2307278994312782
97196.62911613661	2000.0	933.607394689998	0.0	0	0.0	2130.2365108266386	1	0	1	1.4197976832149488
98080.11604289078	2000.0	1050.1204679358257	0.0	0	0.0	2130.2365108266386	1	0	1	1.8252627913231134
98821.8003536178	2000.0	1308.4361572088005	0.0	0	0.0	2130.236510826653	1	0	1	1.8252627913231123
99432.87221815217	2000.0	1697.3642926744312	0.0	0	0.0	2130.236510826653	1	0	1	1.8252627913231123
100200.0	2000.0	1930.236510826593	0.0	0	272.82579697694746	2130.236510826653	1	0	1	1.8252627913231123
101200.0	2000.0	1930.2365108265935	0.0	0	179.32411474852415	2130.236510826653	1	0	1	1.8252627913231123
102200.0	2000.0	1930.2365108266117	0.0	0	202.58128602978832	2130.236510826653	1	0	1	1.8252627913231123
103200.0	2000.0	1930.2365108266063	0.0	0	120.88636747661803	2130.236510826653	1	0	1	1.8252627913231123
104332.34817566219	2000.0	1797.88833516441	0.0	0	0.0	2130.236510826653	1	0	1	1.8252627913231123
105200.0	2000.0	1930.2365108266065	0.0	0	36.661537455627695	2130.236510826653	1	0	1	1.8252627913231123
106200.0	2000.0	1930.236510826609	0.0	0	256.50635785724444	2130.236510826653	1	0	1	1.8252627913231123
107200.0	2000.0	1930.2365108265953	0.0	0	670.1156108201685	2130.236510826653	1	0	1	1.8252627913231123
108200.0	2000.0	1930.236510826604	0.0	0	652.7890760495065	2130.2365108266677	1	0	1	1.825262791323111
109200.0	2000.0	1930.2365108266172	0.0	0	119.25691550399642	2130.2365108266677	1	0	1	1.825262791323111
110247.1033410844	2000.0	1883.1331697422204	0.0	0	0.0	2130.2365108266677	1	0	1	1.825262791323111
111200.0	2000.0	1930.2365108266104	0.0	0	370.2250168624596	2130.2365108266677	1	0	1	1.825262791323111
112200.0	2000.0	1930.2365108266167	0.0	0	447.11030313059746	2130.2365108266677	1	0	1	1.825262791323111
113200.0	2000.0	1930.236510826629	0.0	0	340.6353552371438	2130.2365108266677	1	0	1	1.825262791323111
114200.0	3000.0	1930.2365108266326	0.0	0	2.861134767954354	2130.2365108266677	1	0	1	1.825262791323111
115200.0	3000.0	1930.2365108266258	0.0	0	307.76139272782893	2130.2365108266677	1	0	1	2.2307278994312756
116200.0	3000.0	1930.2365108266374	0.0	0	268.4196494067728	2130.236510826682	1	0	1	2.2307278994312747
117200.0	3000.0	1930.236510826644	0.0	0	314.3482239925943	2130.236510826682	1	0	1	2.2307278994312747
118789.35316298688	3000.0	1340.8833478397564	0.0	0	0.0	2130.236510826682	1	0	1	2.2307278994312747
120480.68378789208	3000.0	649.5527229345623	0.0	0	0.0	2130.2365108266677	1	0	1	2.2307278994312756
121056.60268756498	2000.0	1073.6338232616608	0.0	0	0.0	2130.2365108266677	1	0	1	1.4197976832149464
122221.65988795001	3000.0	908.5766228766344	0.0	0	0.0	2130.2365108266677	1	0	1	1.825262791323111
123074.43292372994	2000.0	1055.8035870966992	0.0	0	0.0	2130.236510826682	1	0	1	1.4197976832149453
123938.15281186973	2000.0	1192.0836989569066	0.0	0	0.0	2130.236510826682	1	0	1	1.8252627913231099
124681.96728486758	2000.0	1448.2692259590492	0.0	0	0.0	2130.236510826682	1	0	1	1.8252627913231099
125751.45494126533	2000.0	1378.781569561308	0.0	0	0.0	2130.236510826682	1	0	1	1.8252627913231099
126677.46615407523	2000.0	1452.7703567514084	0.0	0	0.0	2130.236510826682	1	0	1	1.8252627913231099
127200.0	2000.0	1930.2365108266333	0.0	0	3.5301222488924395	2130.236510826682	1	0	1	1.8252627913231099
128200.0	2000.0	1930.2365108266206	0.0	0	123.7753015797498	2130.236510826682	1	0	1	1.8252627913231099
129655.15279133296	2000.0	1475.0837194936578	0.0	0	0.0	2130.236510826682	1	0	1	1.8252627913231099
130732.29127810501	2000.0	1397.9452327215859	0.0	0	0.0	2130.2365108266677	1	0	1	1.825262791323111
131840.0879010638	2000.0	1290.148609762797	0.0	0	0.0	2130.236510826653	1	0	1	1.8252627913231114
132628.20910944266	2000.0	1502.027401383916	0.0	0	0.0	2130.236510826624	1	0	1	1.8252627913231139
133200.0	2000.0	1930.2365108265815	0.0	0	54.60802630480612	2130.236510826624	1	0	1	1.8252627913231139
134200.0	2000.0	1930.236510826595	0.0	0	406.6509476553474	2130.236510826595	1	0	1	1.8252627913231168
135200.0	2000.0	1930.2365108265803	0.0	0	576.2310215608741	2130.236510826595	1	0	1	1.8252627913231168
136200.0	2000.0	1930.23651082659	0.0	0	499.11792583196075	2130.236510826595	1	0	1	1.8252627913231168
137200.0	2000.0	1930.2365108265835	0.0	0	489.06572279005195	2130.236510826595	1	0	1	1.8252627913231168
138200.0	2000.0	1930.2365108266022	0.0	0	585.6616919632943	2130.236510826595	1	0	1	1.8252627913231168
139200.0	3000.0	1930.2365108265958	0.0	0	75.06603435755824	2130.236510826595	1	0	1	1.825262791323117
140583.85199201625	3000.0	1546.3845188103487	0.0	0	0.0	2130.236510826595	1	0	1	2.2307278994312814
141643.83452844084	3000.0	1486.4019823857695	0.0	0	0.0	2130.236510826566	1	0	1	2.230727899431284
142568.7951829139	3000.0	1561.441327912717	0.0	0	0.0	2130.236510826566	1	0	1	2.230727899431284
143548.0114382182	3000.0	1582.2250726084208	0.0	0	0.0	2130.236510826566	1	0	1	2.230727899431284
144371.0614788329	3000.0	1759.1750319936953	0.0	0	0.0	2130.236510826566	1	0	1	2.230727899431284
145391.56109975342	3000.0	1738.675411073169	0.0	0	0.0	2130.236510826566	1	0	1	2.230727899431284
146321.37796135494	3000.0	1808.8585494716397	0.0	0	0.0	2130.236510826566	1	0	1	2.230727899431284
147610.23173067937	3000.0	1520.0047801472174	0.0	0	0.0	2130.236510826566	1	0	1	2.230727899431284
148699.24415425572	3000.0	1430.9923565708689	0.0	0	0.0	2130.236510826566	1	0	1	2.230727899431284
149378.13103555952	3000.0	1752.1054752670727	0.0	0	0.0	2130.236510826566	1	0	1	2.230727899431284
150267.29347575927	3000.0	1862.9430350673422	0.0	0	0.0	2130.2365108265367	1	0	1	2.2307278994312862
151200.0	3000.0	1930.2365108266215	0.0	0	224.29678606736707	2130.2365108265367	1	0	1	2.2307278994312862
152200.0	3000.0	1930.23651082662	0.0	0	241.53339581750333	2130.2365108265367	1	0	1	2.2307278994312862
154220.77857164212	3000.0	909.4579391845024	0.0	0	0.0	2130.2365108265367	1	0	1	2.2307278994312862
155009.07290140868	3000.0	1121.163609417926	0.0	0	0.0	2130.2365108265367	1	0	1	2.2307278994312862
155843.9828903559	3000.0	1286.2536204707003	0.0	0	0.0	2130.2365108265367	1	0	1	2.2307278994312862
156631.11021335138	3000.0	1499.1262974752137	0.0	0	0.0	2130.2365108265367	1	0	1	2.2307278994312862
157351.2295044697	3000.0	1779.0070063568965	0.0	0	0.0	2130.2365108265367	1	0	1	2.2307278994312862
158385.81694990624	3000.0	1744.419560920361	0.0	0	0.0	2130.2365108265367	1	0	1	2.2307278994312862
159916.3435156611	3000.0	1213.8929951655134	0.0	0	0.0	2130.2365108265367	1	0	1	2.2307278994312862
160719.9739455639	3000.0	1410.2625652627225	0.0	0	0.0	2130.2365108265367	1	0	1	2.2307278994312862
161828.67630083	3000.0	1301.5602099966304	0.0	0	0.0	2130.2365108265367	1	0	1	2.2307278994312862
162581.695052862	3000.0	1548.541457964678	0.0	0	0.0	2130.236510826566	1	0	1	2.230727899431284
163700.64974678133	3000.0	1429.5867640453134	0.0	0	0.0	2130.236510826595	1	0	1	2.2307278994312814
164705.15791343088	3000.0	1425.0785973957447	0.0	0	0.0	2130.236510826595	1	0	1	2.2307278994312814
165715.52694875826	3000.0	1414.7095620684024	0.0	0	0.0	2130.236510826624	1	0	1	2.230727899431279
167005.19319684626	3000.0	1125.0433139803995	0.0	0	0.0	2130.236510826624	1	0	1	2.230727899431279
168092.16930728412	3000.0	1038.0672035425564	0.0	0	0.0	2130.236510826624	1	0	1	2.230727899431279
169562.62896655538	3000.0	567.6075442713204	0.0	0	0.0	2130.236510826653	1	0	1	2.230727899431278
170464.31401697095	3000.0	665.9224938557571	0.0	0	0.0	2130.236510826653	1	0	1	2.230727899431277
171487.1586441767	3000.0	643.0778666500279	0.0	0	0.0	2130.236510826682	1	0	1	2.230727899431275
172317.12894694498	3000.0	813.1075638817433	0.0	0	0.0	2130.236510826682	1	0	1	2.230727899431276
172771.1699831758	3000.0	1359.0665276509626	0.0	0	0.0	2130.2365108267113	1	0	1	2.2307278994312725
173300.38034344174	3000.0	1829.8561673850265	0.0	0	0.0	2130.236510826682	1	0	1	2.2307278994312747
174200.0	3000.0	1930.2365108267604	0.0	0	291.17110475193476	2130.236510826653	1	0	1	2.230727899431277
175200.0	3000.0	1930.2365108267531	0.0	0	398.66046271673986	2130.236510826653	1	0	1	2.230727899431277
176200.0	3000.0	1930.236510826737	0.0	0	35.89358855478349	2130.236510826653	1	0	1	2.230727899431277
177200.0	3000.0	1930.2365108267466	0.0	0	143.10699687612941	2130.236510826653	1	0	1	2.230727899431277
178200.0	3000.0	1930.236510826785	0.0	0	473.90639472479234	2130.236510826653	1	0	1	2.230727899431277
179200.0	3000.0	1930.2365108268014	0.0	0	356.19480651960475	2130.236510826682	1	0	1	2.2307278994312747
180221.40053197398	3000.0	1908.8359788528376	0.0	0	0.0	2130.236510826682	1	0	1	2.2307278994312747
181303.65308954986	3000.0	1826.5834212769637	0.0	0	0.0	2130.236510826653	1	0	1	2.2307278994312756
182200.0	3000.0	1930.236510826812	0.0	0	56.324106578627834	2130.236510826653	1	0	1	2.230727899431277
183200.0	3000.0	1930.2365108268164	0.0	0	451.4997435937694	2130.236510826682	1	0	1	2.2307278994312747
184200.0	3000.0	1930.2365108267936	0.0	0	425.54009660624433	2130.236510826682	1	0	1	2.2307278994312747
185200.0	3000.0	1930.2365108267913	0.0	0	436.284580865351	2130.236510826682	1	0	1	2.2307278994312747
186200.0	3000.0	1930.2365108268177	0.0	0	468.1727203471528	2130.2365108267113	1	0	1	2.2307278994312725
187417.26276979395	3000.0	1712.9737410328564	0.0	0	0.0	2130.2365108267113	1	0	1	2.2307278994312725
188570.7728516031	3000.0	1559.4636592236927	0.0	0	0.0	2130.2365108267113	1	0	1	2.2307278994312725
189418.84182784136	3000.0	1711.3946829854212	0.0	0	0.0	2130.2365108267113	1	0	1	2.2307278994312725
190426.74848428328	3000.0	1703.4880265434924	0.0	0	0.0	2130.2365108267113	1	0	1	2.2307278994312725
191291.86322480283	3000.0	1838.3732860239625	0.0	0	0.0	2130.2365108267404	1	0	1	2.23072789943127
192200.0	3000.0	1930.2365108268075	0.0	0	111.26270265458152	2130.2365108267404	1	0	1	2.23072789943127
193200.0	3000.0	1930.2365108268048	0.0	0	175.49314930697437	2130.2365108267404	1	0	1	2.23072789943127
194200.0	3000.0	1930.2365108268302	0.0	0	352.7995798486809	2130.2365108267404	1	0	1	2.23072789943127
195200.0	3000.0	1930.2365108268227	0.0	0	415.4244814249105	2130.2365108267404	1	0	1	2.23072789943127
196393.86157912575	3000.0	1736.3749317010654	0.0	0	0.0	2130.2365108267113	1	0	1	2.230727899431271
197677.6638706603	3000.0	1452.572640166517	0.0	0	0.0	2130.236510826682	1	0	1	2.230727899431274
198879.18414236628	3000.0	1251.052368460519	0.0	0	0.0	2130.236510826682	1	0	1	2.2307278994312747
199969.2733695707	3000.0	1160.9631412560761	0.0	0	0.0	2130.236510826682	1	0	1	2.2307278994312747
201181.0176089439	3000.0	949.2189018828814	0.0	0	0.0	2130.236510826682	1	0	1	2.2307278994312747
202262.445493553	3000.0	867.7910172737528	0.0	0	0.0	2130.2365108267404	1	0	1	2.230727899431272
203650.30603226513	3000.0	479.93047856160814	0.0	0	0.0	2130.2365108267695	1	0	1	2.2307278994312676
204873.53858471202	3000.0	412.6528891642814	155.9549630495593	0	0.0	2286.1914738763007	1	0	1	1.2815296933654898
205386.47169017297	2000.0	899.7197837033137	0.0	0	0.0	2286.1914738762716	1	0	1	1.4063292554465192
206069.6364435371	2000.0	1216.5550303391547	0.0	0	0.0	2286.1914738762716	1	0	1	1.8117943635546838
206569.7525269793	2000.0	1716.4389468969675	0.0	0	0.0	2286.1914738762425	1	0	1	1.8117943635546865
207200.0	2000.0	2086.191473876254	0.0	0	171.48881054585217	2286.1914738762134	1	0	1	1.811794363554689
208200.0	3000.0	2086.191473876266	0.0	0	442.5277842406649	2286.1914738762425	1	0	1	1.8117943635546867
209200.0	3000.0	2086.191473876288	0.0	0	132.26966906603775	2286.1914738762425	1	0	1	2.2172594716628513
210200.0	3000.0	2086.1914738762935	0.0	0	18.240745374496328	2286.1914738762425	1	0	1	2.2172594716628513
211200.0	3000.0	2086.1914738763016	0.0	0	199.75775468265056	2286.1914738762425	1	0	1	2.2172594716628513
212200.0	3000.0	2086.1914738763026	0.0	0	57.29614272038452	2286.1914738762425	1	0	1	2.2172594716628513
213224.4258433012	3000.0	2061.765630575082	0.0	0	0.0	2286.1914738762425	1	0	1	2.2172594716628513
214493.44622884624	3000.0	1792.7452450300389	0.0	0	0.0	2286.1914738762425	1	0	1	2.2172594716628495
215563.75462159145	3000.0	1722.436852284837	0.0	0	0.0	2286.1914738762425	1	0	1	2.2172594716628513
216588.62134667454	3000.0	1697.5701272017352	0.0	0	0.0	2286.1914738762134	1	0	1	2.217259471662854
217643.80825493098	3000.0	1642.383218945297	0.0	0	0.0	2286.1914738762134	1	0	1	2.217259471662854
218340.13339794741	3000.0	1946.0580759288632	0.0	0	0.0	2286.1914738762134	1	0	1	2.217259471662854
219402.55578936494	3000.0	1883.6356845113278	0.0	0	0.0	2286.1914738762134	1	0	1	2.217259471662854
220480.1089536316	3000.0	1806.0825202446474	0.0	0	0.0	2286.1914738762134	1	0	1	2.217259471662854
221423.57354710338	2000.0	1862.6179267728382	0.0	0	0.0	2286.1914738761843	1	0	1	1.406329255446526
222200.0	2000.0	2086.1914738761734	0.0	0	264.4688338218257	2286.1914738761843	1	0	1	1.8117943635546918
223200.0	2000.0	2086.191473876177	0.0	0	422.30589755720575	2286.1914738761843	1	0	1	1.8117943635546918
224200.0	3000.0	2086.191473876132	0.0	0	492.0003387829638	2286.191473876155	1	0	1	1.8117943635546947
225396.78690054826	3000.0	1889.4045733278813	0.0	0	0.0	2286.191473876155	1	0	1	2.2172594716628593
226391.68171952394	3000.0	1894.5097543521902	0.0	0	0.0	2286.191473876126	1	0	1	2.2172594716628606
227309.81018790303	3000.0	1976.3812859731052	0.0	0	0.0	2286.1914738761843	1	0	1	2.2172594716628584
228997.68673805904	3000.0	1288.5047358171096	0.0	0	0.0	2286.191473876155	1	0	1	2.2172594716628593
230084.12656730166	3000.0	1202.0649065744633	0.0	0	0.0	2286.191473876126	1	0	1	2.217259471662862
230664.03495101293	2000.0	1622.1565228631573	0.0	0	0.0	2286.191473876097	1	0	1	1.4063292554465352
231264.95879641583	2000.0	2021.2326774602575	0.0	0	0.0	2286.191473876068	1	0	1	1.8117943635547027
232200.0	3000.0	2086.1914738760825	0.0	0	335.5276635973423	2286.191473876068	1	0	1	1.8117943635547027
233200.0	3000.0	2086.191473876089	0.0	0	370.3720193414192	2286.191473876039	1	0	1	2.21725947166287
234200.0	3000.0	2086.1914738760834	0.0	0	474.27270492058597	2286.191473876039	1	0	1	2.21725947166287
235200.0	3000.0	2086.1914738760615	0.0	0	530.9409594943572	2286.191473876039	1	0	1	2.21725947166287
236375.24683802266	3000.0	1910.9446358533964	0.0	0	0.0	2286.191473876039	1	0	1	2.2172594716628717
237278.10202166252	3000.0	2008.089452213593	0.0	0	0.0	2286.191473876039	1	0	1	2.21725947166287
238604.56189639456	3000.0	1681.6295774815285	0.0	0	0.0	2286.1914738760097	1	0	1	2.2172594716628726
240132.8304008016	3000.0	1153.361073074435	0.0	0	0.0	2286.1914738760097	1	0	1	2.217259471662873
240832.71289815544	3000.0	1453.4785757205912	0.0	0	0.0	2286.1914738760097	1	0	1	2.217259471662873
241675.00446924777	3000.0	1611.187004628253	0.0	0	0.0	2286.1914738759806	1	0	1	2.2172594716628753
242777.8559725516	3000.0	1508.3355013244027	0.0	0	0.0	2286.1914738759806	1	0	1	2.2172594716628753
244225.3258043502	3000.0	1060.8656695258042	0.0	0	0.0	2286.1914738759515	1	0	1	2.2172594716628784
245438.28144241177	2000.0	847.9100314642133	0.0	0	0.0	2286.1914738759515	1	0	1	1.4063292554465487
246528.0331024461	2000.0	758.1583714298629	0.0	0	0.0	2286.1914738759515	1	0	1	1.8117943635547133
247275.7755640453	2000.0	1010.4159098306642	0.0	0	0.0	2286.1914738759515	1	0	1	1.8117943635547133
248049.01270932786	2000.0	1237.1787645481102	0.0	0	0.0	2286.1914738759515	1	0	1	1.8117943635547133
248602.71378719117	2000.0	1683.4776866848008	0.0	0	0.0	2286.1914738759806	1	0	1	1.8117943635547107
249200.0	2000.0	2086.1914738759883	0.0	0	116.52786538316286	2286.1914738759806	1	0	1	1.8117943635547107
250200.0	2000.0	2086.191473875975	0.0	0	388.720899937849	2286.1914738760097	1	0	1	1.8117943635547082
251200.0	2000.0	2086.191473875981	0.0	0	225.59602297839592	2286.1914738760097	1	0	1	1.8117943635547082
252312.27143038323	2000.0	1973.9200434927511	0.0	0	0.0	2286.1914738759806	1	0	1	1.8117943635547107
253514.40034305063	2000.0	1771.7911308253347	0.0	0	0.0	2286.1914738759515	1	0	1	1.811794363554712
254200.0	2000.0	2086.1914738759897	0.0	0	6.888358082564082	2286.1914738759806	1	0	1	1.811794363554713
255200.0	2000.0	2086.191473876001	0.0	0	270.0045192531252	2286.1914738759806	1	0	1	1.8117943635547107
256200.0	2000.0	2086.191473875957	0.0	0	538.6566524791997	2286.1914738759515	1	0	1	1.8117943635547133
257200.0	2000.0	2086.191473875937	0.0	0	627.3453025025374	2286.1914738759515	1	0	1	1.8117943635547133
258200.0	2000.0	2086.1914738759615	0.0	0	122.24124171087169	2286.1914738759515	1	0	1	1.8117943635547133
259200.0	2000.0	2086.1914738759633	0.0	0	227.47069552962785	2286.1914738759515	1	0	1	1.8117943635547133
260200.0	2000.0	2086.1914738759524	0.0	0	373.2296809027903	2286.1914738759515	1	0	1	1.8117943635547133
261200.0	2000.0	2086.1914738759674	0.0	0	559.6127009030606	2286.1914738759515	1	0	1	1.8117943635547133
262200.0	2000.0	2086.191473875971	0.0	0	472.79058451615856	2286.1914738759515	1	0	1	1.8117943635547133
263206.3474130478	3000.0	2079.8440608281353	0.0	0	0.0	2286.1914738759224	1	0	1	1.8117943635547142
264200.0	3000.0	2086.1914738759306	0.0	0	89.7220408594585	2286.1914738758933	1	0	1	2.2172594716628837
265200.0	3000.0	2086.191473875884	0.0	0	213.33060025563464	2286.1914738758933	1	0	1	2.2172594716628837
266200.0	3000.0	2086.1914738758614	0.0	0	461.9874091448728	2286.1914738758933	1	0	1	2.2172594716628837
267784.4194394804	3000.0	1501.7720343954315	0.0	0	0.0	2286.1914738758933	1	0	1	2.2172594716628837
269315.2490866467	3000.0	970.9423872291104	0.0	0	0.0	2286.1914738758933	1	0	1	2.2172594716628837
269847.9478627624	2000.0	1438.2436111134593	0.0	0	0.0	2286.1914738759515	1	0	1	1.4063292554465487
270667.0936459329	2000.0	1619.0978279428653	0.0	0	0.0	2286.1914738759515	1	0	1	1.8117943635547133
271207.1687180689	2000.0	2079.022755806881	0.0	0	0.0	2286.1914738759515	1	0	1	1.8117943635547133
272272.58997199265	2000.0	2013.601501883114	0.0	0	0.0	2286.1914738758933	1	0	1	1.8117943635547191
273420.80652315565	2000.0	1865.3849507201098	0.0	0	0.0	2286.1914738758933	1	0	1	1.8117943635547191
274309.1443375941	2000.0	1977.0471362816868	0.0	0	0.0	2286.1914738758933	1	0	1	1.8117943635547191
275281.38684380386	2000.0	2004.8046300719304	0.0	0	0.0	2286.1914738758933	1	0	1	1.8117943635547191
276200.0	2000.0	2086.1914738758387	0.0	0	160.88382671488216	2286.1914738758933	1	0	1	1.8117943635547191
277200.0	2000.0	2086.191473875871	0.0	0	137.44412860565353	2286.1914738758933	1	0	1	1.8117943635547191
278200.0	2000.0	2086.1914738758314	0.0	0	101.32432377611985	2286.191473875835	1	0	1	1.8117943635547242
279693.4392019281	2000.0	1592.7522719477097	0.0	0	0.0	2286.191473875835	1	0	1	1.8117943635547242
280541.75789268396	2000.0	1744.4335811919377	0.0	0	0.0	2286.1914738758933	1	0	1	1.8117943635547191
281306.19902452454	2000.0	1979.992449351345	0.0	0	0.0	2286.1914738758933	1	0	1	1.8117943635547191
282200.0	2000.0	2086.1914738759615	0.0	0	134.275506865466	2286.1914738758933	1	0	1	1.8117943635547191
283200.0	2000.0	2086.1914738759433	0.0	0	435.2768571334891	2286.191473875835	1	0	1	1.8117943635547242
284200.0	2000.0	2086.1914738759597	0.0	0	415.13854331558105	2286.191473875835	1	0	1	1.8117943635547242
285200.0	2000.0	2086.191473875974	0.0	0	605.7910619893228	2286.1914738758933	1	0	1	1.8117943635547191
286200.0	2000.0	2086.191473875931	0.0	0	463.4036412626738	2286.191473875835	1	0	1	1.8117943635547242
287200.0	2000.0	2086.191473875955	0.0	0	547.8531158026308	2286.191473875835	1	0	1	1.8117943635547242
288200.0	3000.0	2086.19147387593	0.0	0	234.94371153309476	2286.191473875777	1	0	1	1.81179436355473
289200.0	3000.0	2086.1914738758705	0.0	0	9.792129612993449	2286.191473875777	1	0	1	2.217259471662895
290394.33589076065	3000.0	1891.8555831152173	0.0	0	0.0	2286.191473875777	1	0	1	2.217259471662895
291200.0	3000.0	2086.191473875894	0.0	0	63.2925565673504	2286.191473875777	1	0	1	2.217259471662895
292200.0	3000.0	2086.1914738758924	0.0	0	330.6802922601346	2286.191473875777	1	0	1	2.217259471662895
293200.0	3000.0	2086.1914738759206	0.0	0	237.25410975149134	2286.191473875777	1	0	1	2.217259471662895
294200.0	3000.0	2086.191473875889	0.0	0	222.80961818801006	2286.191473875777	1	0	1	2.217259471662895
295360.5185356159	3000.0	1925.672938260057	0.0	0	0.0	2286.191473875777	1	0	1	2.217259471662895
296200.0	3000.0	2086.191473875931	0.0	0	48.99893534631701	2286.191473875835	1	0	1	2.217259471662889
297200.0	3000.0	2086.1914738759247	0.0	0	105.84950590506196	2286.191473875835	1	0	1	2.217259471662889
298200.0	3000.0	2086.1914738759674	0.0	0	292.1887779623503	2286.191473875835	1	0	1	2.217259471662889
299200.0	3000.0	2086.1914738759733	0.0	0	298.6495184704545	2286.191473875835	1	0	1	2.217259471662889
300200.0	3000.0	2086.1914738760315	0.0	0	488.3623466261197	2286.191473875777	1	0	1	2.217259471662895
2.7	3.15	4.0	3.82	3.27	2.02	3.29	3.82	3.02	3.51	3.35	3.5	2.91	3.07	3.29	2.3	3.29	3.43	4.46	5.71	6.44	4.26	3.57	4.26	4.99	5.53	2.75	3.07	3.32	4.69	5.9	6.93	6.01	3.42	2.65	3.92	3.68	4.39	5.05	4.81	5.85	5.46	2.84	2.75	2.68	2.61	3.46	1.95	2.58	2.88	3.3	3.43	3.74	4.78	4.84	3.5	4.03	3.8	3.29	2.31	3.12	3.15	2.97	2.25	3.15	3.66	3.63	2.44	3.8	4.91	5.47	2.93	2.76	2.91	2.51	1.74	2.55	3.23	4.39	5.27	6.72	6.44	2.29	2.76	2.25	3.29	2.27	3.26	4.49	2.61	1.81	2.06	1.67	2.46	3.41	3.51	3.3	2.71	2.17	1.96	2.35	3.24	4.9	5.64	2.86	2.44	3.67	4.84	3.37	2.78	3.96	5.2	4.95	1.54	1.53	1.92	3.06	2.92	2.06	2.32	2.49	2.54	3.17	2.66	1.98	1.51	2.2	2.35	3.35	4.62	4.41	4.91	5.14	4.7	3.15	2.97	2.27	3.54	4.12	4.71	3.16	3.2	3.07	3.17	3.68	3.58	4.63	4.65	0.98	1.73	2.7	3.15	4.0	3.82	3.27	2.02	3.29	3.82	3.02	3.51	3.35	3.5	2.91	3.07	3.29	2.3	3.29	3.43	4.46	5.71	6.44	4.26	3.57	4.26	4.99	5.53	2.75	3.07	3.32	4.69	5.9	6.93	6.01	3.42	2.65	3.92	3.68	4.39	5.05	4.81	5.85	5.46	2.84	2.75	2.68	2.61	3.46	1.95	2.58	2.88	3.3	3.43	3.74	4.78	4.84	3.5	4.03	3.8	3.29	2.31	3.12	3.15	2.97	2.25	3.15	3.66	3.63	2.44	3.8	4.91	5.47	2.93	2.76	2.91	2.51	1.74	2.55	3.23	4.39	5.27	6.72	6.44	2.29	2.76	2.25	3.29	2.27	3.26	4.49	2.61	1.81	2.06	1.67	2.46	3.41	3.51	3.3	2.71	2.17	1.96	2.35	3.24	4.9	5.64	2.86	2.44	3.67	4.84	3.37	2.78	3.96	5.2	4.95	1.54	1.53	1.92	3.06	2.92	2.06	2.32	2.49	2.54	3.17	2.66	1.98	1.51	2.2	2.35	3.35	4.62	4.41	4.91	5.14	4.7	3.15	2.97	2.27	3.54	4.12	4.71	3.16	3.2	3.07	3.17	3.68	3.58	4.63	4.65	0.98	1.73	2.7
1.0	2.0	3.0	4.0	5.0	6.0	7.0	8.0	9.0	10.0	11.0	12.0	13.0	14.0	15.0	16.0	17.0	18.0	19.0	20.0	21.0	22.0	23.0	24.0	25.0	26.0	27.0	28.0	29.0	30.0	31.0	32.0	33.0	34.0	35.0	36.0	37.0	38.0	39.0	40.0	41.0	42.0	43.0	44.0	45.0	46.0	47.0	48.0	49.0	50.0	51.0	52.0	53.0	54.0	55.0	56.0	57.0	58.0	59.0	60.0	61.0	62.0	63.0	64.0	65.0	66.0	67.0	68.0	69.0	70.0	71.0	72.0	73.0	74.0	75.0	76.0	77.0	78.0	79.0	80.0	81.0	82.0	83.0	84.0	85.0	86.0	87.0	88.0	89.0	90.0	91.0	92.0	93.0	94.0	95.0	96.0	97.0	98.0	99.0	100.0	101.0	102.0	103.0	104.0	105.0	106.0	107.0	108.0	109.0	110.0	111.0	112.0	113.0	114.0	115.0	116.0	117.0	118.0	119.0	120.0	121.0	122.0	123.0	124.0	125.0	126.0	127.0	128.0	129.0	130.0	131.0	132.0	133.0	134.0	135.0	136.0	137.0	138.0	139.0	140.0	141.0	142.0	143.0	144.0	145.0	146.0	147.0	148.0	149.0	149.0	150.0	151.0	152.0	153.0	154.0	155.0	156.0	157.0	158.0	159.0	160.0	161.0	162.0	163.0	164.0	165.0	166.0	167.0	168.0	169.0	170.0	171.0	172.0	173.0	174.0	175.0	176.0	177.0	178.0	179.0	180.0	181.0	182.0	183.0	184.0	185.0	186.0	187.0	188.0	189.0	190.0	191.0	192.0	193.0	194.0	195.0	196.0	197.0	198.0	199.0	200.0	201.0	202.0	203.0	204.0	205.0	206.0	207.0	208.0	209.0	210.0	211.0	212.0	213.0	214.0	215.0	216.0	217.0	218.0	219.0	220.0	221.0	222.0	223.0	224.0	225.0	226.0	227.0	228.0	229.0	230.0	231.0	232.0	233.0	234.0	235.0	236.0	237.0	238.0	239.0	240.0	241.0	242.0	243.0	244.0	245.0	246.0	247.0	248.0	249.0	250.0	251.0	252.0	253.0	254.0	255.0	256.0	257.0	258.0	259.0	260.0	261.0	262.0	263.0	264.0	265.0	266.0	267.0	268.0	269.0	270.0	271.0	272.0	273.0	274.0	275.0	276.0	277.0	278.0	279.0	280.0	281.0	282.0	283.0	284.0	285.0	286.0	287.0	288.0	289.0	290.0	291.0	292.0	293.0	294.0	295.0	296.0	297.0	298.0	298.0	299.0
4162.346158181931
