4170.252285385935	300.0	2000.0	184.05253985141448	0	0.0	4170.252285385935	1	0	1	-1.6304541537024657
4366.600925452326	300.0	2784.016495926971	0.0	0	0.0	4150.6174213792965	1	0	2	-0.9358110057189293
4561.6024898911655	300.0	3569.514775044248	0.0	0	0.0	4131.117264935413	1	0	2	-0.7268379415077719
5200.0	300.0	3867.27751392453	0.0	0	440.3768301474902	4067.2775139245296	1	0	2	-0.7104287919568589
6200.0	500.0	3767.2775139245296	0.0	0	682.3386264624169	3967.2775139245286	1	0	2	-0.6701144321526086
7200.0	500.0	3667.277513924529	0.0	0	574.5258850035107	3867.277513924528	1	0	2	-0.11833162338362645
8200.0	500.0	3567.2775139245305	0.0	0	714.2933391261031	3767.2775139245286	1	0	2	-0.08102305471477732
9200.0	500.0	3467.277513924532	0.0	0	530.6738467554551	3667.2775139245305	1	0	2	-0.04604333598206364
10200.0	1000.0	3367.277513924532	0.0	0	241.2621384710783	3567.2775139245305	1	0	2	-0.012598305669488913
11200.0	1000.0	3267.2775139245327	0.0	0	203.3200255462125	3467.2775139245314	1	0	2	0.7102947249999982
12200.0	1000.0	3167.2775139245327	0.0	0	467.16634205418814	3367.2775139245314	1	0	2	0.735661018667122
13200.0	1000.0	3067.2775139245323	0.0	0	434.65770378102206	3267.2775139245296	1	0	2	0.760534254688072
14200.0	1000.0	2967.2775139245305	0.0	0	517.6304515057236	3167.2775139245296	1	0	2	0.7830599265439975
15200.0	1000.0	2867.2775139245296	0.0	0	129.61937480916276	3067.2775139245296	1	0	2	0.8061168411394061
16200.0	1000.0	2767.2775139245314	0.0	0	106.59205711892719	2967.2775139245296	1	0	2	0.8235235443239135
17200.0	1000.0	2667.277513924531	0.0	0	55.17166739810273	2867.2775139245296	1	0	2	0.8429725685182485
18200.0	1000.0	2567.277513924536	0.0	0	281.22567968905423	2767.2775139245314	1	0	2	0.856257132532179
19200.0	1000.0	2467.277513924536	0.0	0	75.5922826781898	2667.2775139245314	1	0	2	0.87278842670029
20200.0	1000.0	2367.2775139245337	0.0	0	401.524832011979	2567.2775139245277	1	0	2	0.8839991399466879
21200.0	1000.0	2267.2775139245355	0.0	0	476.9664396154658	2467.2775139245277	1	0	2	0.8958331768147546
22200.0	1000.0	2167.2775139245327	0.0	0	336.3268809087567	2367.2775139245314	1	0	2	0.9068399098523507
23344.67338911912	1000.0	1908.1367858935023	0.0	0	0.0	2252.810175012626	1	0	2	0.9192831254015352
24616.297192311402	1000.0	1509.3506023819884	0.0	0	0.0	2125.6477946933956	1	0	2	0.9293753320675426
25757.174028371835	1000.0	1254.3860827155136	0.0	0	0.0	2011.5601110873504	1	0	2	0.9389232491903572
26612.209967262126	1000.0	1399.3501438252235	0.0	0	0.0	2011.5601110873504	1	0	1	0.9410971584815162
27200.0	1000.0	1811.560111087349	0.0	0	47.42329920640259	2011.5601110873467	1	0	1	1.1410971584815164
28200.0	1000.0	1811.5601110873495	0.0	0	56.84027214591697	2011.5601110873467	1	0	1	1.1410971584815164
29216.155088645784	1000.0	1795.405022441565	0.0	0	0.0	2011.5601110873467	1	0	1	1.1410971584815164
30200.0	1000.0	1811.5601110873486	0.0	0	155.83009098941693	2011.5601110873467	1	0	1	1.1410971584815164
31200.0	1000.0	1811.5601110873515	0.0	0	214.65638429540195	2011.5601110873504	1	0	1	1.1410971584815164
32200.0	1000.0	1811.560111087348	0.0	0	413.78869592981937	2011.5601110873504	1	0	1	1.1410971584815164
33200.0	1000.0	1811.5601110873488	0.0	0	271.69892966918997	2011.5601110873504	1	0	1	1.1410971584815164
34541.74579074172	1000.0	1469.814320345628	0.0	0	0.0	2011.5601110873467	1	0	1	1.1410971584815164
35622.75050870799	1000.0	1388.8096023793569	0.0	0	0.0	2011.5601110873395	1	0	1	1.1410971584815168
36731.59354167425	1000.0	1279.966569413107	0.0	0	0.0	2011.5601110873395	1	0	1	1.141097158481517
37678.93217465131	1000.0	1332.6279364360387	0.0	0	0.0	2011.5601110873395	1	0	1	1.141097158481517
38690.42219680819	1000.0	1321.1379142791607	0.0	0	0.0	2011.5601110873467	1	0	1	1.1410971584815164
39247.816745516786	1000.0	1763.7433655705727	0.0	0	0.0	2011.560111087354	1	0	1	1.1410971584815162
40200.0	1000.0	1811.5601110873633	0.0	0	435.187496374092	2011.560111087354	1	0	1	1.1410971584815162
41200.0	1000.0	1811.560111087364	0.0	0	519.5097988324269	2011.5601110873613	1	0	1	1.1410971584815155
42200.0	1000.0	1811.5601110873636	0.0	0	182.91243176141143	2011.5601110873613	1	0	1	1.1410971584815155
43653.99185218798	1000.0	1357.5682588993836	0.0	0	0.0	2011.5601110873613	1	0	1	1.1410971584815155
44381.83464958415	1000.0	1629.7254615032227	0.0	0	0.0	2011.5601110873686	1	0	1	1.1410971584815148
45200.0	1000.0	1811.5601110873768	0.0	0	415.0185772797777	2011.5601110873686	1	0	1	1.1410971584815148
46200.0	1000.0	1811.5601110873786	0.0	0	620.0912218994636	2011.5601110873686	1	0	1	1.1410971584815148
47200.0	1000.0	1811.5601110873783	0.0	0	463.9163432672067	2011.5601110873686	1	0	1	1.1410971584815148
48200.0	1000.0	1811.5601110873793	0.0	0	511.9490604481689	2011.5601110873686	1	0	1	1.1410971584815148
49319.45124785038	1000.0	1692.1088632370006	0.0	0	0.0	2011.5601110873686	1	0	1	1.1410971584815148
50200.0	1000.0	1811.5601110873888	0.0	0	43.22905006297515	2011.5601110873686	1	0	1	1.1410971584815148
51200.0	1000.0	1811.5601110873881	0.0	0	454.8847829385413	2011.5601110873758	1	0	1	1.1410971584815144
52313.46655830843	1000.0	1698.093552778957	0.0	0	0.0	2011.5601110873758	1	0	1	1.1410971584815144
53200.0	1000.0	1811.5601110873788	0.0	0	32.86093294010789	2011.5601110873686	1	0	1	1.1410971584815148
54200.0	1000.0	1811.5601110873802	0.0	0	474.5836710228541	2011.5601110873686	1	0	1	1.1410971584815148
55200.0	1000.0	1811.56011108738	0.0	0	245.0326989421519	2011.5601110873686	1	0	1	1.1410971584815148
56200.0	1000.0	1811.5601110873854	0.0	0	294.3360051986019	2011.5601110873686	1	0	1	1.1410971584815148
57200.0	1000.0	1811.5601110873836	0.0	0	450.7017529611476	2011.5601110873686	1	0	1	1.1410971584815148
58200.0	1000.0	1811.5601110873847	0.0	0	97.64383958014514	2011.5601110873686	1	0	1	1.1410971584815148
59200.0	1000.0	1811.5601110873886	0.0	0	142.97921859542112	2011.5601110873686	1	0	1	1.1410971584815148
60200.0	1000.0	1811.5601110873906	0.0	0	240.09362929062627	2011.5601110873686	1	0	1	1.1410971584815148
61200.0	1000.0	1811.5601110873968	0.0	0	319.04682915208105	2011.5601110873758	1	0	1	1.1410971584815144
62792.807347319795	1000.0	1218.7527637676098	0.0	0	0.0	2011.5601110873686	1	0	1	1.1410971584815148
63658.14561730124	1000.0	1353.4144937861618	0.0	0	0.0	2011.5601110873686	1	0	1	1.1410971584815148
64473.81616292166	1000.0	1537.74394816573	0.0	0	0.0	2011.5601110873686	1	0	1	1.1410971584815148
65200.0	1000.0	1811.5601110873915	0.0	0	144.75849928297976	2011.5601110873613	1	0	1	1.1410971584815155
66200.0	1000.0	1811.5601110873858	0.0	0	351.51693623897154	2011.560111087354	1	0	1	1.1410971584815153
67200.0	1000.0	1811.5601110873831	0.0	0	498.85257428805926	2011.5601110873467	1	0	1	1.1410971584815162
68200.0	1000.0	1811.5601110873838	0.0	0	524.8893535004026	2011.5601110873395	1	0	1	1.1410971584815168
69200.0	1000.0	1811.5601110873793	0.0	0	318.8646208125865	2011.5601110873395	1	0	1	1.141097158481517
70200.0	1000.0	1811.5601110873772	0.0	0	163.82175326315337	2011.5601110873395	1	0	1	1.141097158481517
71200.0	1000.0	1811.560111087363	0.0	0	548.5009231542645	2011.560111087325	1	0	1	1.1410971584815182
72200.0	1000.0	1811.56011108735	0.0	0	151.20653145456163	2011.5601110873395	1	0	1	1.141097158481517
73200.0	1000.0	1811.5601110873733	0.0	0	464.3815474853618	2011.5601110873395	1	0	1	1.141097158481517
74200.0	1000.0	1811.5601110873718	0.0	0	366.98801751325664	2011.5601110873395	1	0	1	1.141097158481517
75219.98123980146	1000.0	1791.578871285915	0.0	0	0.0	2011.5601110873395	1	0	1	1.141097158481517
76200.0	1000.0	1811.5601110873763	0.0	0	229.95057770879066	2011.5601110873395	1	0	1	1.141097158481517
77200.0	1000.0	1811.5601110873904	0.0	0	0.9349437664786819	2011.5601110873395	1	0	1	1.141097158481517
78200.0	1000.0	1811.5601110874002	0.0	0	264.09579813908204	2011.5601110873395	1	0	1	1.141097158481517
79200.0	1000.0	1811.5601110874002	0.0	0	394.59884106712707	2011.560111087325	1	0	1	1.1410971584815182
80236.19202116386	1000.0	1775.3680899235221	0.0	0	0.0	2011.5601110873395	1	0	1	1.141097158481517
81200.0	1000.0	1811.5601110873868	0.0	0	59.51629244690412	2011.560111087325	1	0	1	1.1410971584815182
82200.0	1000.0	1811.5601110873738	0.0	0	235.22572014457546	2011.560111087325	1	0	1	1.1410971584815182
83200.0	1000.0	1811.5601110873702	0.0	0	122.17194725389709	2011.5601110873104	1	0	1	1.1410971584815184
84489.19519869077	1000.0	1522.36491239659	0.0	0	0.0	2011.5601110873104	1	0	1	1.141097158481519
85349.57490769083	1000.0	1661.9852033965253	0.0	0	0.0	2011.5601110873104	1	0	1	1.141097158481519
86263.27745385446	1000.0	1748.2826572328777	0.0	0	0.0	2011.5601110873104	1	0	1	1.141097158481519
87200.0	1000.0	1811.5601110873401	0.0	0	346.4488925583137	2011.5601110872958	1	0	1	1.1410971584815202
88200.0	1000.0	1811.5601110873301	0.0	0	169.3663323708024	2011.5601110872958	1	0	1	1.1410971584815202
89200.0	1000.0	1811.5601110873215	0.0	0	3.4929770569724496	2011.5601110872958	1	0	1	1.1410971584815202
90200.0	1000.0	1811.5601110873297	0.0	0	278.8069467509049	2011.5601110872958	1	0	1	1.1410971584815202
91200.0	1000.0	1811.5601110873454	0.0	0	231.9461353032675	2011.5601110873104	1	0	1	1.141097158481519
92200.0	1000.0	1811.5601110873638	0.0	0	260.99444041229435	2011.5601110873104	1	0	1	1.141097158481519
93200.0	1000.0	1811.5601110873772	0.0	0	395.22182075469755	2011.5601110872958	1	0	1	1.1410971584815202
94200.0	1000.0	1811.5601110873922	0.0	0	93.38443829563039	2011.5601110872958	1	0	1	1.1410971584815202
95317.3067573342	1000.0	1694.2533537532177	0.0	0	0.0	2011.5601110872958	1	0	1	1.1410971584815202
96420.61531273913	1000.0	1590.9447983482921	0.0	0	0.0	2011.5601110872958	1	0	1	1.1410971584815202
97237.04916927443	1000.0	1774.5109418130014	0.0	0	0.0	2011.5601110872813	1	0	1	1.1410971584815213
98200.0	1000.0	1811.560111087439	0.0	0	195.5381182017736	2011.5601110872958	1	0	1	1.1410971584815202
99380.62819362279	1000.0	1630.9319174646564	0.0	0	0.0	2011.5601110872958	1	0	1	1.1410971584815202
100320.41668961612	1000.0	1691.1434214713302	0.0	0	0.0	2011.5601110872958	1	0	1	1.1410971584815202
101200.0	1000.0	1811.5601110874356	0.0	0	295.6063787369203	2011.5601110872958	1	0	1	1.1410971584815202
102200.0	1000.0	1811.56011108743	0.0	0	496.6057289917517	2011.5601110872958	1	0	1	1.1410971584815202
103200.0	1000.0	1811.5601110874286	0.0	0	294.74493955519574	2011.5601110872958	1	0	1	1.1410971584815202
104200.0	1000.0	1811.5601110874256	0.0	0	6.059341319298255	2011.5601110872813	1	0	1	1.1410971584815213
105200.0	1000.0	1811.560111087438	0.0	0	78.22598893762915	2011.5601110872958	1	0	1	1.1410971584815202
106207.8902986229	1000.0	1803.669812464553	0.0	0	0.0	2011.5601110872958	1	0	1	1.1410971584815202
107200.0	1000.0	1811.5601110874577	0.0	0	420.0559992813942	2011.5601110872813	1	0	1	1.1410971584815213
108200.0	1000.0	1811.5601110874604	0.0	0	660.1076975632604	2011.5601110872667	1	0	1	1.1410971584815224
109200.0	1000.0	1811.5601110874618	0.0	0	558.910987526906	2011.5601110872667	1	0	1	1.1410971584815224
110200.0	1000.0	1811.5601110874804	0.0	0	276.1752255583997	2011.5601110872813	1	0	1	1.1410971584815213
111200.0	1000.0	1811.5601110874845	0.0	0	371.9114257540059	2011.5601110872813	1	0	1	1.1410971584815213
112200.0	1000.0	1811.5601110874927	0.0	0	536.882637257906	2011.5601110872813	1	0	1	1.1410971584815213
113200.0	1000.0	1811.5601110874945	0.0	0	421.6489705162385	2011.5601110872958	1	0	1	1.1410971584815202
114268.8047161347	1000.0	1742.7553949527805	0.0	0	0.0	2011.5601110872958	1	0	1	1.1410971584815202
115200.0	1000.0	1811.560111087487	0.0	0	352.53344745433424	2011.5601110872958	1	0	1	1.1410971584815202
116200.0	1000.0	1811.56011108749	0.0	0	420.5663369980466	2011.5601110872958	1	0	1	1.1410971584815202
117200.0	1000.0	1811.560111087485	0.0	0	181.28442950421595	2011.5601110873104	1	0	1	1.141097158481519
118200.0	1000.0	1811.5601110874848	0.0	0	498.4985802754527	2011.560111087325	1	0	1	1.1410971584815182
119200.0	1000.0	1811.56011108749	0.0	0	321.6188793342444	2011.560111087325	1	0	1	1.1410971584815182
120200.0	1000.0	1811.5601110874838	0.0	0	422.9308688239835	2011.560111087325	1	0	1	1.1410971584815182
121200.0	1000.0	1811.560111087484	0.0	0	176.84491337591317	2011.560111087325	1	0	1	1.1410971584815182
122200.0	1000.0	1811.5601110874984	0.0	0	153.6547522189794	2011.5601110873104	1	0	1	1.141097158481519
123260.15798345738	1000.0	1751.402127630132	0.0	0	0.0	2011.5601110873104	1	0	1	1.141097158481519
124200.0	1000.0	1811.560111087508	0.0	0	20.07739953350392	2011.5601110873104	1	0	1	1.141097158481519
125200.0	1000.0	1811.5601110875043	0.0	0	350.6308615495218	2011.5601110873104	1	0	1	1.141097158481519
126200.0	1000.0	1811.5601110875093	0.0	0	302.4668613437243	2011.5601110873104	1	0	1	1.141097158481519
127200.0	1000.0	1811.5601110874945	0.0	0	273.2251040635165	2011.5601110872958	1	0	1	1.1410971584815202
128200.0	1000.0	1811.560111087494	0.0	0	306.5837517641485	2011.5601110872813	1	0	1	1.1410971584815213
129200.0	1000.0	1811.5601110874875	0.0	0	146.31273432179296	2011.5601110872813	1	0	1	1.1410971584815213
130200.0	1000.0	1811.5601110874825	0.0	0	551.1687266253866	2011.5601110872813	1	0	1	1.1410971584815213
131200.0	1000.0	1811.5601110875018	0.0	0	278.1742825160327	2011.5601110872958	1	0	1	1.141097158481521
132200.0	1000.0	1811.5601110874786	0.0	0	332.78115144520416	2011.5601110872522	1	0	1	1.1410971584815215
133200.0	1000.0	1811.5601110874622	0.0	0	469.1984743439825	2011.560111087223	1	0	1	1.141097158481524
134200.0	1000.0	1811.5601110874995	0.0	0	564.4254324325011	2011.560111087223	1	0	1	1.1410971584815253
135200.0	1000.0	1811.5601110874838	0.0	0	500.33905615628464	2011.560111087223	1	0	1	1.1410971584815253
136200.0	1000.0	1811.560111087481	0.0	0	377.83756707658176	2011.5601110872522	1	0	1	1.1410971584815233
137200.0	1000.0	1811.5601110875064	0.0	0	567.4324099958467	2011.5601110872813	1	0	1	1.1410971584815213
138200.0	1000.0	1811.5601110875032	0.0	0	342.2518322530086	2011.5601110873104	1	0	1	1.141097158481519
139512.29708504022	1000.0	1499.2630260472888	0.0	0	0.0	2011.5601110873104	1	0	1	1.141097158481519
140515.7592714262	1000.0	1495.8008396612993	0.0	0	0.0	2011.5601110873104	1	0	1	1.141097158481519
141200.0	1000.0	1811.560111087497	0.0	0	17.747626936499728	2011.5601110872813	1	0	1	1.1410971584815213
142200.0	1000.0	1811.5601110874914	0.0	0	429.1725776937092	2011.5601110872522	1	0	1	1.1410971584815233
143200.0	1000.0	1811.5601110874873	0.0	0	117.84049004869303	2011.5601110872522	1	0	1	1.1410971584815233
144200.0	1000.0	1811.560111087504	0.0	0	445.92345297089196	2011.5601110872522	1	0	1	1.1410971584815233
145200.0	1000.0	1811.560111087498	0.0	0	124.22810568157001	2011.5601110872813	1	0	1	1.1410971584815213
146200.0	1000.0	1811.560111087496	0.0	0	317.06914843502454	2011.5601110872813	1	0	1	1.1410971584815213
147200.0	1000.0	1811.5601110875023	0.0	0	410.03793293301715	2011.5601110872813	1	0	1	1.1410971584815213
148200.0	1000.0	1811.560111087482	0.0	0	441.74167177247	2011.5601110872813	1	0	1	1.1410971584815213
149200.0	1000.0	1811.5601110874854	0.0	0	404.60177054128144	2011.5601110872813	1	0	1	1.1410971584815213
150200.0	1000.0	1811.560111087478	0.0	0	212.9246902842424	2011.5601110872522	1	0	1	1.1410971584815233
151200.0	1000.0	1811.5601110875048	0.0	0	305.05158741326886	2011.5601110872522	1	0	1	1.1410971584815233
152200.0	1000.0	1811.5601110875361	0.0	0	226.49178857691004	2011.5601110872813	1	0	1	1.1410971584815213
153200.0	1000.0	1811.5601110875305	0.0	0	476.85927919935784	2011.5601110872813	1	0	1	1.1410971584815213
154200.0	1000.0	1811.5601110875652	0.0	0	411.18440606087097	2011.5601110872813	1	0	1	1.1410971584815213
155200.0	1000.0	1811.5601110875682	0.0	0	319.8911744961806	2011.5601110872522	1	0	1	1.1410971584815233
156200.0	1000.0	1811.5601110875748	0.0	0	210.33724910547608	2011.5601110872522	1	0	1	1.1410971584815233
157200.0	1000.0	1811.560111087585	0.0	0	422.2887245590973	2011.5601110872522	1	0	1	1.1410971584815233
158200.0	1000.0	1811.5601110875928	0.0	0	3.7273367684101686	2011.5601110872522	1	0	1	1.1410971584815233
159200.0	1000.0	1811.560111087601	0.0	0	342.81344584634644	2011.5601110872813	1	0	1	1.1410971584815213
160200.0	1000.0	1811.5601110876105	0.0	0	417.78865099331597	2011.5601110872813	1	0	1	1.1410971584815213
161200.0	1000.0	1811.5601110876285	0.0	0	406.5753170540265	2011.5601110872813	1	0	1	1.1410971584815213
162200.0	1000.0	1811.560111087617	0.0	0	588.1742203866597	2011.5601110872813	1	0	1	1.1410971584815213
163200.0	1000.0	1811.5601110876162	0.0	0	568.6700336735812	2011.5601110872522	1	0	1	1.1410971584815233
164200.0	1000.0	1811.5601110876257	0.0	0	298.18470138072735	2011.5601110872522	1	0	1	1.1410971584815233
165200.0	1000.0	1811.5601110876307	0.0	0	461.02247716113925	2011.5601110872522	1	0	1	1.1410971584815233
166200.0	1000.0	1811.5601110876305	0.0	0	115.84904612909304	2011.5601110872522	1	0	1	1.1410971584815233
167200.0	1000.0	1811.5601110876387	0.0	0	331.91899932778324	2011.5601110872522	1	0	1	1.1410971584815233
168200.0	1000.0	1811.5601110876535	0.0	0	69.42903356722672	2011.5601110872522	1	0	1	1.1410971584815233
169200.0	1000.0	1811.5601110876407	0.0	0	453.6943015154102	2011.5601110872522	1	0	1	1.1410971584815233
170200.0	1000.0	1811.5601110876707	0.0	0	634.8167609756056	2011.5601110872522	1	0	1	1.1410971584815233
171200.0	1000.0	1811.560111087675	0.0	0	457.6103427953494	2011.5601110872522	1	0	1	1.1410971584815233
172400.93006883396	1000.0	1610.630042253738	0.0	0	0.0	2011.5601110872522	1	0	1	1.1410971584815233
173473.5609698522	1000.0	1537.999141235495	0.0	0	0.0	2011.5601110872522	1	0	1	1.1410971584815233
174527.94341432356	1000.0	1483.6166967641466	0.0	0	0.0	2011.560111087223	1	0	1	1.1410971584815253
175488.21560550842	1000.0	1523.3445055793043	0.0	0	0.0	2011.560111087223	1	0	1	1.1410971584815253
176200.0	1000.0	1811.5601110877362	0.0	0	72.62070741184289	2011.5601110872522	1	0	1	1.1410971584815233
177200.0	1000.0	1811.5601110877228	0.0	0	171.1592792457086	2011.5601110872522	1	0	1	1.1410971584815233
178302.9945786428	1000.0	1708.5655324449453	0.0	0	0.0	2011.5601110872522	1	0	1	1.1410971584815233
179200.0	1000.0	1811.560111087736	0.0	0	63.63559764428646	2011.5601110872522	1	0	1	1.1410971584815233
180200.0	1000.0	1811.5601110877499	0.0	0	282.9228999391489	2011.5601110872522	1	0	1	1.1410971584815233
181200.0	1000.0	1811.5601110877355	0.0	0	349.60833236551844	2011.5601110872522	1	0	1	1.1410971584815233
182200.0	1000.0	1811.5601110877255	0.0	0	288.6721447216987	2011.5601110872522	1	0	1	1.1410971584815233
183200.0	1000.0	1811.560111087738	0.0	0	190.18811204840313	2011.5601110872522	1	0	1	1.1410971584815233
184200.0	1000.0	1811.5601110877694	0.0	0	22.462041592167225	2011.5601110872522	1	0	1	1.1410971584815233
185291.23797365086	1000.0	1720.3221374369455	0.0	0	0.0	2011.5601110872813	1	0	1	1.1410971584815215
186293.2812464959	1000.0	1718.2788645919002	0.0	0	0.0	2011.5601110872813	1	0	1	1.1410971584815213
187286.6202357954	1000.0	1724.9398752924324	0.0	0	0.0	2011.5601110872813	1	0	1	1.1410971584815215
188200.0	1000.0	1811.5601110878392	0.0	0	121.78752149504726	2011.5601110872813	1	0	1	1.1410971584815213
189200.0	1000.0	1811.5601110878506	0.0	0	233.42933517787606	2011.5601110872813	1	0	1	1.1410971584815213
190200.0	1000.0	1811.5601110878645	0.0	0	439.6223551147559	2011.5601110872813	1	0	1	1.1410971584815213
191200.0	1000.0	1811.5601110878658	0.0	0	403.39588302900665	2011.5601110872813	1	0	1	1.1410971584815213
192345.74679776974	1000.0	1665.8133133181616	0.0	0	0.0	2011.5601110873104	1	0	1	1.141097158481519
193200.0	1000.0	1811.5601110879206	0.0	0	45.6709488305205	2011.5601110873104	1	0	1	1.141097158481519
194200.0	1000.0	1811.5601110879547	0.0	0	471.5704085473262	2011.5601110873104	1	0	1	1.141097158481519
195200.0	1000.0	1811.5601110879563	0.0	0	414.17979368570377	2011.5601110873104	1	0	1	1.141097158481519
196200.0	1000.0	1811.5601110879857	0.0	0	550.3935664012679	2011.5601110873104	1	0	1	1.141097158481519
197200.0	1000.0	1811.560111087973	0.0	0	237.90411185004632	2011.5601110873104	1	0	1	1.141097158481519
198330.7471284002	1000.0	1680.8129826877528	0.0	0	0.0	2011.5601110873104	1	0	1	1.141097158481519
199200.0	1000.0	1811.5601110879477	0.0	0	100.3582489832188	2011.5601110873104	1	0	1	1.141097158481519
200200.0	1000.0	1811.560111087932	0.0	0	494.02349667125964	2011.5601110872813	1	0	1	1.1410971584815213
201200.0	1000.0	1811.5601110879509	0.0	0	384.6172560045088	2011.5601110872813	1	0	1	1.1410971584815213
202200.0	1000.0	1811.5601110879259	0.0	0	47.37180233094841	2011.5601110872813	1	0	1	1.1410971584815213
203200.0	1000.0	1811.5601110879013	0.0	0	165.72369683606667	2011.5601110872813	1	0	1	1.1410971584815213
204200.0	1000.0	1811.5601110878874	0.0	0	251.40012182478677	2011.5601110872813	1	0	1	1.1410971584815213
205200.0	1000.0	1811.5601110878833	0.0	0	212.58440953068202	2011.5601110872813	1	0	1	1.1410971584815213
206200.0	1000.0	1811.5601110878663	0.0	0	483.4963261130906	2011.5601110873104	1	0	1	1.141097158481519
207200.0	1000.0	1811.5601110878727	0.0	0	448.414892169385	2011.5601110872813	1	0	1	1.1410971584815213
208200.0	1000.0	1811.5601110878993	0.0	0	348.34569197922247	2011.5601110872813	1	0	1	1.1410971584815213
209200.0	1000.0	1811.5601110879331	0.0	0	440.0822972514143	2011.5601110872813	1	0	1	1.1410971584815213
210200.0	1000.0	1811.5601110879418	0.0	0	260.91647450698656	2011.5601110872813	1	0	1	1.1410971584815213
211306.09732507056	1000.0	1705.4627860173955	0.0	0	0.0	2011.5601110872813	1	0	1	1.1410971584815215
212200.0	1000.0	1811.5601110879709	0.0	0	102.82464584990521	2011.5601110873104	1	0	1	1.141097158481519
213200.0	1000.0	1811.560111087998	0.0	0	144.70334383813315	2011.5601110873104	1	0	1	1.141097158481519
214200.0	1000.0	1811.5601110879834	0.0	0	381.4020106277312	2011.5601110873104	1	0	1	1.141097158481519
215200.0	1000.0	1811.560111087982	0.0	0	280.05982471987954	2011.5601110873104	1	0	1	1.141097158481519
216200.0	1000.0	1811.5601110880186	0.0	0	399.9755736225634	2011.5601110873104	1	0	1	1.141097158481519
217200.0	1000.0	1811.560111088007	0.0	0	571.5418440304347	2011.5601110873104	1	0	1	1.141097158481519
218200.0	1000.0	1811.560111088029	0.0	0	419.4748845502327	2011.5601110873104	1	0	1	1.141097158481519
219200.0	1000.0	1811.5601110880455	0.0	0	174.23002672439907	2011.5601110873104	1	0	1	1.141097158481519
220200.0	1000.0	1811.5601110880439	0.0	0	304.84185207780683	2011.5601110873395	1	0	1	1.141097158481517
221200.0	1000.0	1811.5601110880557	0.0	0	128.1228463286825	2011.5601110873395	1	0	1	1.141097158481517
222200.0	1000.0	1811.56011108806	0.0	0	486.6896550806123	2011.5601110873395	1	0	1	1.141097158481517
223200.0	1000.0	1811.5601110880534	0.0	0	196.2524530843075	2011.5601110873104	1	0	1	1.141097158481519
224200.0	1000.0	1811.5601110880148	0.0	0	65.30095784532023	2011.5601110872813	1	0	1	1.1410971584815204
225200.0	1000.0	1811.5601110880013	0.0	0	147.56766378335305	2011.5601110873104	1	0	1	1.14109715848152
226200.0	1000.0	1811.5601110880111	0.0	0	196.1358456707967	2011.5601110873104	1	0	1	1.141097158481519
227200.0	1000.0	1811.5601110880195	0.0	0	325.2554886294238	2011.5601110873395	1	0	1	1.141097158481517
228200.0	1000.0	1811.5601110880273	0.0	0	463.7449740162119	2011.5601110873686	1	0	1	1.1410971584815148
229200.0	1000.0	1811.5601110880455	0.0	0	332.25025008121156	2011.5601110873686	1	0	1	1.1410971584815148
230200.0	1000.0	1811.5601110880186	0.0	0	30.059965019492665	2011.5601110873686	1	0	1	1.1410971584815148
231200.0	1000.0	1811.5601110880202	0.0	0	65.0989622976922	2011.5601110873686	1	0	1	1.1410971584815148
232200.0	1000.0	1811.5601110880316	0.0	0	301.89844873570837	2011.5601110873977	1	0	1	1.1410971584815128
233453.7343534847	1000.0	1557.8257576033245	0.0	0	0.0	2011.5601110873686	1	0	1	1.1410971584815142
234704.75808416333	1000.0	1306.8020269246915	0.0	0	0.0	2011.5601110873686	1	0	1	1.1410971584815148
235521.45084763973	1000.0	1490.1092634483182	0.0	0	0.0	2011.5601110873686	1	0	1	1.1410971584815148
236200.0	1000.0	1811.5601110880307	0.0	0	24.1903025523643	2011.5601110873395	1	0	1	1.141097158481517
237200.0	1000.0	1811.5601110880623	0.0	0	136.13166551763425	2011.5601110873686	1	0	1	1.1410971584815148
238200.0	1000.0	1811.5601110880605	0.0	0	162.2762547172897	2011.5601110873395	1	0	1	1.1410971584815166
239200.0	1000.0	1811.560111088063	0.0	0	71.99682585409028	2011.5601110873395	1	0	1	1.141097158481517
240200.0	1000.0	1811.5601110880511	0.0	0	215.29709128223476	2011.5601110873395	1	0	1	1.141097158481517
241200.0	1000.0	1811.560111088057	0.0	0	482.34222514374414	2011.5601110873686	1	0	1	1.1410971584815148
242200.0	1000.0	1811.560111088047	0.0	0	275.556428748474	2011.5601110873686	1	0	1	1.1410971584815148
243200.0	1000.0	1811.5601110880464	0.0	0	225.73913047384121	2011.5601110873686	1	0	1	1.1410971584815148
244200.0	1000.0	1811.5601110880252	0.0	0	35.43845850427169	2011.5601110873686	1	0	1	1.1410971584815153
245294.7745203543	1000.0	1716.7855907337357	0.0	0	0.0	2011.5601110873686	1	0	1	1.1410971584815148
246200.0	1000.0	1811.5601110880098	0.0	0	47.83357870625332	2011.5601110873686	1	0	1	1.1410971584815148
247200.0	1000.0	1811.5601110880327	0.0	0	187.67979318383732	2011.5601110873686	1	0	1	1.1410971584815148
248467.07313506052	1000.0	1544.4869760274996	0.0	0	0.0	2011.5601110873686	1	0	1	1.1410971584815148
249549.25434500483	1000.0	1462.3057660832126	0.0	0	0.0	2011.5601110873977	1	0	1	1.1410971584815128
250200.0	1000.0	1811.5601110880295	0.0	0	191.4746040480095	2011.5601110873977	1	0	1	1.1410971584815128
251200.0	1000.0	1811.56011108801	0.0	0	514.1858241002774	2011.5601110873977	1	0	1	1.1410971584815128
252200.0	1000.0	1811.560111088019	0.0	0	267.2680712984584	2011.5601110873977	1	0	1	1.1410971584815128
253232.65795075725	1000.0	1778.9021603307565	0.0	0	0.0	2011.5601110873977	1	0	1	1.1410971584815128
254259.06554403267	1000.0	1752.4945670553204	0.0	0	0.0	2011.5601110873686	1	0	1	1.1410971584815148
255200.0	1000.0	1811.5601110879782	0.0	0	154.47087742233998	2011.5601110873977	1	0	1	1.1410971584815128
256200.0	1000.0	1811.5601110879768	0.0	0	578.8162869423686	2011.5601110873977	1	0	1	1.1410971584815128
257200.0	1000.0	1811.5601110879675	0.0	0	595.2340408565069	2011.5601110873977	1	0	1	1.1410971584815128
258200.0	1000.0	1811.5601110879518	0.0	0	360.384032947768	2011.5601110873686	1	0	1	1.1410971584815148
259200.0	1000.0	1811.560111087969	0.0	0	201.25095623385278	2011.5601110873977	1	0	1	1.1410971584815128
260200.0	1000.0	1811.5601110879743	0.0	0	245.16155612884904	2011.5601110873686	1	0	1	1.1410971584815148
261200.0	1000.0	1811.560111087958	0.0	0	600.834754395124	2011.5601110873686	1	0	1	1.1410971584815148
262200.0	1000.0	1811.5601110879675	0.0	0	352.3164954869135	2011.5601110873686	1	0	1	1.1410971584815148
263200.0	1000.0	1811.5601110879406	0.0	0	297.08509738591965	2011.5601110873686	1	0	1	1.1410971584815153
264200.0	1000.0	1811.5601110879797	0.0	0	175.08039719052613	2011.5601110873977	1	0	1	1.1410971584815133
265200.0	1000.0	1811.560111087958	0.0	0	368.38520635367604	2011.5601110873977	1	0	1	1.1410971584815128
266200.0	1000.0	1811.560111087881	0.0	0	145.2918271944509	2011.5601110873395	1	0	1	1.141097158481517
267200.0	1000.0	1811.5601110878918	0.0	0	384.9737097687903	2011.5601110873395	1	0	1	1.141097158481517
268200.0	1000.0	1811.5601110879306	0.0	0	344.565816196613	2011.5601110872813	1	0	1	1.1410971584815213
269200.0	1000.0	1811.5601110879281	0.0	0	381.466808527417	2011.5601110872813	1	0	1	1.1410971584815213
270200.0	1000.0	1811.5601110879365	0.0	0	134.92099890916143	2011.5601110872813	1	0	1	1.1410971584815213
271282.5272748786	1000.0	1729.0328362093699	0.0	0	0.0	2011.5601110872813	1	0	1	1.1410971584815213
272200.0	1000.0	1811.5601110879857	0.0	0	96.74220843648072	2011.5601110872813	1	0	1	1.1410971584815213
273200.0	1000.0	1811.56011108801	0.0	0	92.80793266743422	2011.5601110872813	1	0	1	1.1410971584815213
274200.0	1000.0	1811.560111087965	0.0	0	219.45875885983696	2011.560111087223	1	0	1	1.1410971584815253
275200.0	1000.0	1811.5601110879757	0.0	0	44.01632885611616	2011.5601110872813	1	0	1	1.1410971584815213
276237.2366853416	1000.0	1774.323425746493	0.0	0	0.0	2011.5601110872813	1	0	1	1.1410971584815213
277200.0	1000.0	1811.560111088065	0.0	0	291.90528160572285	2011.5601110872813	1	0	1	1.1410971584815213
278200.0	1000.0	1811.5601110881116	0.0	0	301.6975492889178	2011.5601110873395	1	0	1	1.141097158481517
279200.0	1000.0	1811.560111088144	0.0	0	514.6775272568921	2011.5601110873395	1	0	1	1.141097158481517
280200.0	1000.0	1811.5601110881328	0.0	0	368.7790581024601	2011.5601110873395	1	0	1	1.141097158481517
281200.0	1000.0	1811.5601110881255	0.0	0	346.00267859816086	2011.5601110873395	1	0	1	1.141097158481517
282200.0	1000.0	1811.56011108816	0.0	0	496.99760087387403	2011.5601110873395	1	0	1	1.141097158481517
283200.0	1000.0	1811.5601110882037	0.0	0	367.33507677185116	2011.5601110873395	1	0	1	1.141097158481517
284200.0	1000.0	1811.5601110881869	0.0	0	275.2675676040817	2011.5601110873395	1	0	1	1.141097158481517
285200.0	1000.0	1811.5601110881685	0.0	0	310.2429505485925	2011.5601110873395	1	0	1	1.141097158481517
286200.0	1000.0	1811.5601110881926	0.0	0	653.1094152535079	2011.5601110873395	1	0	1	1.141097158481517
287200.0	1000.0	1811.5601110882142	0.0	0	555.1718058102415	2011.5601110873395	1	0	1	1.141097158481517
288200.0	1000.0	1811.560111088245	0.0	0	117.09797976503614	2011.5601110873395	1	0	1	1.141097158481517
289351.520732315	1000.0	1660.0393787732844	0.0	0	0.0	2011.5601110873395	1	0	1	1.141097158481517
290200.0	1000.0	1811.5601110882915	0.0	0	155.78012381127337	2011.5601110873395	1	0	1	1.141097158481517
291200.0	1000.0	1811.5601110883335	0.0	0	444.326383335283	2011.5601110873395	1	0	1	1.141097158481517
292200.0	1000.0	1811.5601110883117	0.0	0	250.84432685456704	2011.5601110873395	1	0	1	1.141097158481517
293200.0	1000.0	1811.560111088225	0.0	0	190.419872290513	2011.5601110873395	1	0	1	1.141097158481517
294200.0	1000.0	1811.5601110882808	0.0	0	376.0335734679247	2011.5601110873395	1	0	1	1.141097158481517
295200.0	1000.0	1811.5601110882355	0.0	0	298.73950152209727	2011.5601110873395	1	0	1	1.141097158481517
296200.0	1000.0	1811.5601110882928	0.0	0	499.6462270162883	2011.5601110873395	1	0	1	1.141097158481517
297200.0	1000.0	1811.5601110882674	0.0	0	530.0117719994741	2011.5601110873395	1	0	1	1.141097158481517
298200.0	1000.0	1811.5601110882149	0.0	0	204.21185300895013	2011.5601110873395	1	0	1	1.141097158481517
299200.0	1000.0	1811.5601110882167	0.0	0	224.7734747194918	2011.5601110873977	1	0	1	1.1410971584815128
300200.0	1000.0	1811.5601110882023	0.0	0	442.84072725265287	2011.5601110873395	1	0	1	1.141097158481517
2.14	2.69	1.18	1.62	1.29	1.25	1.31	1.89	2.31	2.09	1.3	1.82	1.09	1.91	1.07	1.89	2.44	1.93	0.91	1.3	0.88	1.11	1.45	1.51	1.32	1.04	1.1	1.74	1.96	1.14	0.82	0.94	0.89	1.3	1.33	1.56	1.6	1.73	0.9	0.87	1.91	2.43	1.68	1.84	1.59	0.74	2.12	1.36	1.15	1.83	1.26	1.23	1.67	1.55	1.46	1.53	1.45	0.92	0.7	1.51	1.49	1.31	2.35	2.02	1.7	1.41	1.9	1.45	1.8	1.71	1.34	1.24	1.27	1.6	2.04	1.15	1.4	1.16	1.45	1.18	0.64	1.22	1.46	1.32	1.0	1.39	1.59	1.76	2.19	0.98	1.02	1.31	0.91	1.48	0.74	1.07	1.22	2.25	2.24	1.05	1.04	1.0	1.66	2.49	2.25	1.26	1.26	1.89	2.4	1.16	1.45	1.77	1.4	1.53	1.89	1.74	1.55	1.27	0.93	1.14	1.6	1.55	0.96	1.54	1.54	1.86	2.03	1.71	1.69	2.03	1.54	1.86	2.58	2.69	1.1	0.92	1.3	1.6	1.26	2.06	1.16	1.63	1.97	2.02	1.41	1.12	2.2	1.66	1.42	2.18	2.14	2.69	1.18	1.62	1.29	1.25	1.31	1.89	2.31	2.09	1.3	1.82	1.09	1.91	1.07	1.89	2.44	1.93	0.91	1.3	0.88	1.11	1.45	1.51	1.32	1.04	1.1	1.74	1.96	1.14	0.82	0.94	0.89	1.3	1.33	1.56	1.6	1.73	0.9	0.87	1.91	2.43	1.68	1.84	1.59	0.74	2.12	1.36	1.15	1.83	1.26	1.23	1.67	1.55	1.46	1.53	1.45	0.92	0.7	1.51	1.49	1.31	2.35	2.02	1.7	1.41	1.9	1.45	1.8	1.71	1.34	1.24	1.27	1.6	2.04	1.15	1.4	1.16	1.45	1.18	0.64	1.22	1.46	1.32	1.0	1.39	1.59	1.76	2.19	0.98	1.02	1.31	0.91	1.48	0.74	1.07	1.22	2.25	2.24	1.05	1.04	1.0	1.66	2.49	2.25	1.26	1.26	1.89	2.4	1.16	1.45	1.77	1.4	1.53	1.89	1.74	1.55	1.27	0.93	1.14	1.6	1.55	0.96	1.54	1.54	1.86	2.03	1.71	1.69	2.03	1.54	1.86	2.58	2.69	1.1	0.92	1.3	1.6	1.26	2.06	1.16	1.63	1.97	2.02	1.41	1.12	2.2	1.66	1.42	2.18	2.14
1.0	2.0	3.0	4.0	5.0	6.0	7.0	8.0	9.0	10.0	11.0	12.0	13.0	14.0	15.0	16.0	17.0	18.0	19.0	20.0	21.0	22.0	23.0	24.0	25.0	26.0	27.0	28.0	29.0	30.0	31.0	32.0	33.0	34.0	35.0	36.0	37.0	38.0	39.0	40.0	41.0	42.0	43.0	44.0	45.0	46.0	47.0	48.0	49.0	50.0	51.0	52.0	53.0	54.0	55.0	56.0	57.0	58.0	59.0	60.0	61.0	62.0	63.0	64.0	65.0	66.0	67.0	68.0	69.0	70.0	71.0	72.0	73.0	74.0	75.0	76.0	77.0	78.0	79.0	80.0	81.0	82.0	83.0	84.0	85.0	86.0	87.0	88.0	89.0	90.0	91.0	92.0	93.0	94.0	95.0	96.0	97.0	98.0	99.0	100.0	101.0	102.0	103.0	104.0	105.0	106.0	107.0	108.0	109.0	110.0	111.0	112.0	113.0	114.0	115.0	116.0	117.0	118.0	119.0	120.0	121.0	122.0	123.0	124.0	125.0	126.0	127.0	128.0	129.0	130.0	131.0	132.0	133.0	134.0	135.0	136.0	137.0	138.0	139.0	140.0	141.0	142.0	143.0	144.0	145.0	146.0	147.0	148.0	149.0	149.0	150.0	151.0	152.0	153.0	154.0	155.0	156.0	157.0	158.0	159.0	160.0	161.0	162.0	163.0	164.0	165.0	166.0	167.0	168.0	169.0	170.0	171.0	172.0	173.0	174.0	175.0	176.0	177.0	178.0	179.0	180.0	181.0	182.0	183.0	184.0	185.0	186.0	187.0	188.0	189.0	190.0	191.0	192.0	193.0	194.0	195.0	196.0	197.0	198.0	199.0	200.0	201.0	202.0	203.0	204.0	205.0	206.0	207.0	208.0	209.0	210.0	211.0	212.0	213.0	214.0	215.0	216.0	217.0	218.0	219.0	220.0	221.0	222.0	223.0	224.0	225.0	226.0	227.0	228.0	229.0	230.0	231.0	232.0	233.0	234.0	235.0	236.0	237.0	238.0	239.0	240.0	241.0	242.0	243.0	244.0	245.0	246.0	247.0	248.0	249.0	250.0	251.0	252.0	253.0	254.0	255.0	256.0	257.0	258.0	259.0	260.0	261.0	262.0	263.0	264.0	265.0	266.0	267.0	268.0	269.0	270.0	271.0	272.0	273.0	274.0	275.0	276.0	277.0	278.0	279.0	280.0	281.0	282.0	283.0	284.0	285.0	286.0	287.0	288.0	289.0	290.0	291.0	292.0	293.0	294.0	295.0	296.0	297.0	298.0	298.0	299.0
3771.9185770100976
