3442.9598089613746	300.0	2000.0	109.54726866140362	0	0.0	3442.9598089613746	1	0	1	-0.9303449086102895
3549.0447489482767	300.0	2883.3065660144075	0.0	0	0.0	3432.3513149626842	1	0	2	-0.6756111989189456
4200.0	300.0	3167.255789857512	0.0	0	528.8184485908218	3367.255789857512	1	0	2	-0.46725982481880673
5200.0	500.0	3167.255789857512	0.0	0	808.0962031427343	3367.255789857512	1	0	1	-0.4583517443624689
6200.0	500.0	3067.255789857512	0.0	0	834.8086346818254	3267.255789857512	1	0	2	-0.13297830562592217
7200.0	500.0	3067.2557898575124	0.0	0	735.0223015699066	3267.2557898575124	1	0	1	0.0764416275179573
8200.0	1000.0	2967.255789857513	0.0	0	576.8978053983619	3167.2557898575124	1	0	2	-0.11018615424362954
9200.0	1000.0	2967.255789857511	0.0	0	688.4599537947506	3167.2557898575114	1	0	1	0.7915425939943197
10200.0	2000.0	2867.255789857509	0.0	0	182.23815155366174	3067.2557898575087	1	0	2	0.6047814716351219
11341.417602092504	3000.0	2611.696427555756	0.0	0	0.0	2953.114029648259	1	0	2	1.521159243035879
12200.0	3000.0	2753.114029648262	0.0	0	15.695234805149084	2953.114029648261	1	0	1	1.9310671632711673
13200.0	3000.0	2753.114029648262	0.0	0	277.6112761159802	2953.114029648261	1	0	1	2.1310671632711675
14200.0	3000.0	2653.114029648261	0.0	0	296.3344692044757	2853.114029648257	1	0	2	1.7416896636377872
15200.0	3000.0	2553.1140296482604	0.0	0	417.147702284723	2753.114029648259	1	0	2	1.9570625390488765
16200.0	3000.0	2553.1140296482595	0.0	0	186.47916894718037	2753.114029648261	1	0	1	1.9627197977253914
17200.0	3000.0	2553.114029648259	0.0	0	21.799209887700272	2753.114029648261	1	0	1	2.1627197977253916
18200.0	3000.0	2553.114029648258	0.0	0	446.9634352146786	2753.114029648259	1	0	1	2.1627197977253916
19200.0	3000.0	2553.1140296482567	0.0	0	152.655710414012	2753.1140296482554	1	0	1	2.162719797725392
20200.0	3000.0	2553.1140296482595	0.0	0	162.2534710947657	2753.114029648259	1	0	1	2.1627197977253916
21200.0	3000.0	2553.1140296482567	0.0	0	133.83734414127684	2753.114029648259	1	0	1	2.1627197977253916
22317.60674965895	3000.0	2323.7466050234184	0.0	0	0.0	2641.353354682371	1	0	2	1.774008688653921
23549.634154419913	3000.0	2091.7192002624556	0.0	0	0.0	2641.353354682371	1	0	1	1.9780229576698058
25518.874825446404	3000.0	1122.478529235966	0.0	0	0.0	2641.353354682371	1	0	1	2.178022957669806
27612.08863389682	3000.0	200.0	170.73527921445069	0	0.0	2812.088633896823	1	0	1	1.1488032620970028
29167.47147508842	2000.0	208.72330817734783	564.10614936895	0	0.0	3376.194783265768	1	0	1	-2.1532517364039414
29620.351211480764	1000.0	787.0830622227676	31.239490437762186	0	0.0	3407.4342737035295	1	0	1	0.05480552245260256
30058.49661615881	1000.0	1305.1231170769195	0.0	0	0.0	3363.619733235726	1	0	2	0.5437899104362454
30359.472830509905	1000.0	2004.146902725821	0.0	0	0.0	3363.619733235726	1	0	1	0.7465295656503466
30807.7902725827	1000.0	2555.829460653028	0.0	0	0.0	3363.619733235726	1	0	1	0.9465295656503467
31200.0	1000.0	3124.398760494	0.0	0	62.01943924554871	3324.398760493994	1	0	2	0.5528962277510914
32200.0	1000.0	3124.3987604940053	0.0	0	633.8601301555827	3324.398760493994	1	0	1	0.7561492363844712
33200.0	1000.0	3124.398760494012	0.0	0	618.2014491139344	3324.3987604939975	1	0	1	0.9561492363844711
34200.0	2000.0	3024.3987604940057	0.0	0	178.91972191901732	3224.398760493994	1	0	2	0.5718264073099865
35200.0	2000.0	3024.3987604940066	0.0	0	424.2514071154219	3224.3987604939975	1	0	1	1.4723826057376095
36412.860095585595	3000.0	2690.252655349848	0.0	0	0.0	3103.1127509354337	1	0	2	1.292463472360482
37200.0	3000.0	2824.3987604940066	0.0	0	121.54962223791517	3024.3987604939903	1	0	2	1.9132830892041661
38207.28017665967	3000.0	2716.39056616837	0.0	0	0.0	2923.670742828028	1	0	2	1.9313315978429282
39345.1905501279	3000.0	2578.4801927001404	0.0	0	0.0	2923.670742828028	1	0	1	1.9360984718681489
40482.573333585395	3000.0	2441.0974092426522	0.0	0	0.0	2923.670742828028	1	0	1	2.136098471868149
41200.0	3000.0	2723.6707428280474	0.0	0	67.54434132532333	2923.670742828035	1	0	1	2.136098471868148
42200.0	3000.0	2723.6707428280542	0.0	0	190.65795178624103	2923.670742828035	1	0	1	2.136098471868148
43326.32619322445	3000.0	2597.344549603602	0.0	0	0.0	2923.670742828028	1	0	1	2.136098471868149
44200.0	3000.0	2723.670742828045	0.0	0	130.70703557137313	2923.670742828028	1	0	1	2.136098471868149
45200.0	3000.0	2723.6707428280492	0.0	0	440.3854559389365	2923.670742828028	1	0	1	2.136098471868149
46505.50253195341	3000.0	2287.617957679289	0.0	0	0.0	2793.120489632689	1	0	2	1.75157484213412
48228.4851988932	3000.0	1564.635290739499	0.0	0	0.0	2793.1204896326817	1	0	1	1.9568449703020863
49468.80446253718	3000.0	1324.3160270955134	0.0	0	0.0	2793.1204896326817	1	0	1	2.156844970302086
50408.54869138847	3000.0	1384.5717982442288	0.0	0	0.0	2793.1204896326817	1	0	1	2.156844970302086
51323.682402282495	3000.0	1469.4380873502078	0.0	0	0.0	2793.1204896326817	1	0	1	2.156844970302086
52053.113384086515	3000.0	1740.0071055461885	0.0	0	0.0	2793.1204896326817	1	0	1	2.156844970302086
52818.255464484544	3000.0	1974.865025148162	0.0	0	0.0	2793.1204896326817	1	0	1	2.156844970302086
54093.537635229026	3000.0	1699.5828544036735	0.0	0	0.0	2793.1204896326817	1	0	1	2.156844970302086
55022.77399565638	3000.0	1770.3464939763094	0.0	0	0.0	2793.1204896326817	1	0	1	2.156844970302086
55704.516949840465	3000.0	2088.603539792238	0.0	0	0.0	2793.1204896326817	1	0	1	2.156844970302086
56826.63008758642	3000.0	1966.49040204629	0.0	0	0.0	2793.1204896326817	1	0	1	2.156844970302086
57448.916781299784	3000.0	2344.2037083329237	0.0	0	0.0	2793.1204896326817	1	0	1	2.156844970302086
58263.3460495867	3000.0	2529.774440046016	0.0	0	0.0	2793.1204896326817	1	0	1	2.156844970302086
59200.0	3000.0	2593.1204896327063	0.0	0	261.1268058764181	2793.1204896326817	1	0	1	2.156844970302086
60439.50959919588	3000.0	2353.6108904368216	0.0	0	0.0	2793.1204896326817	1	0	1	2.156844970302086
61200.0	3000.0	2593.1204896327063	0.0	0	8.086417890583107	2793.1204896326817	1	0	1	2.156844970302086
62651.98307917363	3000.0	2141.1374104590836	0.0	0	0.0	2793.1204896326817	1	0	1	2.156844970302086
63938.08603657579	3000.0	1855.0344530569212	0.0	0	0.0	2793.1204896326817	1	0	1	2.156844970302086
64979.76356749466	3000.0	1709.1891690461675	0.0	0	0.0	2688.952736540792	1	0	2	1.7682555590006848
66341.73785808015	3000.0	1347.2148784606843	0.0	0	0.0	2688.952736540792	1	0	1	1.9716990195329736
67619.49475946644	3000.0	1069.457977074404	0.0	0	0.0	2688.952736540814	1	0	1	2.1716990195329706
68644.49685346897	3000.0	1044.4558830718975	0.0	0	0.0	2688.9527365408285	1	0	1	2.1716990195329684
69295.00571517486	3000.0	1393.9470213660038	0.0	0	0.0	2688.9527365408285	1	0	1	2.1716990195329675
69866.44763845083	3000.0	1822.5050980900583	0.0	0	0.0	2688.9527365408285	1	0	1	2.1716990195329675
70626.68483437573	3000.0	2062.2679021651475	0.0	0	0.0	2688.9527365408285	1	0	1	2.1716990195329675
71763.2753073648	3000.0	1925.677429176055	0.0	0	0.0	2688.9527365408285	1	0	1	2.1716990195329675
73315.30018758024	3000.0	1373.652548960629	0.0	0	0.0	2688.9527365408285	1	0	1	2.1716990195329675
74241.15306854881	3000.0	1447.7996679920752	0.0	0	0.0	2688.9527365408285	1	0	1	2.1716990195329675
74890.90209619797	3000.0	1798.0506403429315	0.0	0	0.0	2688.9527365408285	1	0	1	2.1716990195329675
75532.2375019816	3000.0	2092.5816939809647	0.0	0	0.0	2624.8191959624965	1	0	2	1.7776619352115732
76636.56773783751	3000.0	1988.2514581250452	0.0	0	0.0	2624.8191959624965	1	0	1	1.9801548067349108
77859.78054312	3000.0	1765.038652842566	0.0	0	0.0	2624.819195962511	1	0	1	2.180154806734909
78734.62116781181	3000.0	1890.19802815075	0.0	0	0.0	2624.819195962511	1	0	1	2.180154806734909
79448.41217571877	3000.0	2105.0279194531	0.0	0	0.0	2553.440095171827	1	0	2	1.7870226969097387
80200.0	3000.0	2353.440095171884	0.0	0	205.50604211448808	2553.440095171827	1	0	1	1.9889891211643778
81633.52568322227	3000.0	1919.9144119496152	0.0	0	0.0	2553.4400951718417	1	0	1	2.1889891211643766
82718.05789474891	3000.0	1835.3822004229853	0.0	0	0.0	2553.4400951718562	1	0	1	2.188989121164375
83580.65862436783	3000.0	1972.7814708040646	0.0	0	0.0	2553.4400951718562	1	0	1	2.188989121164375
84321.26006928686	3000.0	2232.180025885037	0.0	0	0.0	2553.4400951718562	1	0	1	2.188989121164375
85200.0	3000.0	2353.440095171915	0.0	0	167.24299791529484	2553.4400951718562	1	0	1	2.188989121164375
86390.85862123067	3000.0	2162.581473941249	0.0	0	0.0	2553.4400951718562	1	0	1	2.188989121164375
87325.66965895418	3000.0	2227.770436217733	0.0	0	0.0	2553.4400951718417	1	0	1	2.1889891211643766
88557.03702221422	3000.0	1996.4030729577107	0.0	0	0.0	2553.4400951718562	1	0	1	2.188989121164375
89462.4299821879	3000.0	2091.010112984036	0.0	0	0.0	2553.4400951718562	1	0	1	2.188989121164375
90305.6991711129	3000.0	2247.740924059037	0.0	0	0.0	2553.4400951718562	1	0	1	2.188989121164375
91200.0	3000.0	2353.440095171925	0.0	0	19.27900216540729	2553.4400951718562	1	0	1	2.188989121164375
92200.0	3000.0	2353.440095171921	0.0	0	405.0193468306243	2553.4400951718417	1	0	1	2.1889891211643766
93200.0	3000.0	2353.4400951719126	0.0	0	410.69748254545266	2553.440095171827	1	0	1	2.188989121164378
94200.0	3000.0	2353.4400951719117	0.0	0	195.78228466691507	2553.440095171827	1	0	1	2.188989121164378
95200.0	3000.0	2353.4400951718953	0.0	0	301.33034462455544	2553.440095171827	1	0	1	2.188989121164378
96200.0	3000.0	2353.4400951718903	0.0	0	303.3198488643102	2553.440095171827	1	0	1	2.188989121164378
97200.0	3000.0	2353.440095171874	0.0	0	470.3175645198935	2553.440095171827	1	0	1	2.188989121164378
98200.0	3000.0	2353.440095171885	0.0	0	145.57531650774763	2553.440095171827	1	0	1	2.188989121164378
99200.0	3000.0	2353.4400951718817	0.0	0	89.5139618965477	2553.440095171827	1	0	1	2.188989121164378
100200.0	3000.0	2353.440095171883	0.0	0	102.62318629401852	2553.440095171827	1	0	1	2.188989121164378
101357.64946221178	3000.0	2195.790632960103	0.0	0	0.0	2553.440095171827	1	0	1	2.188989121164378
102232.85673303345	3000.0	2320.5833621384204	0.0	0	0.0	2553.440095171827	1	0	1	2.188989121164378
103200.0	3000.0	2353.440095171875	0.0	0	241.5249575379712	2553.440095171827	1	0	1	2.188989121164378
105084.78516672544	3000.0	1468.6549284464274	0.0	0	0.0	2553.440095171827	1	0	1	2.188989121164378
106362.81716287868	3000.0	1190.6229322931902	0.0	0	0.0	2553.440095171827	1	0	1	2.188989121164378
107287.1327527739	3000.0	1266.3073423979504	0.0	0	0.0	2553.4400951718126	1	0	1	2.1889891211643797
108355.78690996037	3000.0	1197.6531852114854	0.0	0	0.0	2553.440095171798	1	0	1	2.1889891211643815
109281.97722416664	3000.0	1271.4628710052336	0.0	0	0.0	2553.4400951718126	1	0	1	2.1889891211643797
111225.92963402104	3000.0	327.51046115082084	0.0	0	0.0	2553.4400951718126	1	0	1	2.1889891211643797
112011.39549253063	2000.0	600.1104408341853	58.06583819296327	0	0.0	2611.5059333647805	1	0	1	1.022522360040281
112604.99417611962	2000.0	1006.5117572451815	0.0	0	0.0	2611.5059333647805	1	0	1	1.7763824973062254
113349.39623254615	2000.0	1262.1097008186534	0.0	0	0.0	2611.5059333647805	1	0	1	1.7763824973062254
113891.36778164394	2000.0	1720.138151720852	0.0	0	0.0	2611.5059333647805	1	0	1	1.7763824973062254
114591.52529335568	2000.0	2019.9806400091343	0.0	0	0.0	2611.5059333647805	1	0	1	1.7763824973062254
115202.68494907049	2000.0	2408.8209842943215	0.0	0	0.0	2611.505933364795	1	0	1	1.7763824973062237
116200.0	2000.0	2411.505933364805	0.0	0	277.5525692872907	2611.505933364795	1	0	1	1.7763824973062237
117373.42522044037	3000.0	2120.738190880378	0.0	0	0.0	2494.1634113207692	1	0	2	1.3874797756130448
118406.90010838756	3000.0	2087.26330293319	0.0	0	0.0	2494.1634113207547	1	0	1	1.9958891152258118
119200.0	3000.0	2294.163411320747	0.0	0	71.37086530828674	2494.1634113207547	1	0	1	2.195889115225812
120200.0	3000.0	2294.163411320768	0.0	0	520.0182356708392	2494.1634113207692	1	0	1	2.1958891152258104
121312.85352705425	3000.0	2181.3098842665286	0.0	0	0.0	2494.1634113207692	1	0	1	2.1958891152258104
122668.68267724325	3000.0	1825.4807340775224	0.0	0	0.0	2494.163411320784	1	0	1	2.1958891152258087
124549.4277444441	3000.0	944.7356668766693	0.0	0	0.0	2494.163411320784	1	0	1	2.1958891152258087
126113.36959603927	3000.0	380.7938152814996	0.0	0	0.0	2494.163411320784	1	0	1	2.1958891152258087
127287.83777537655	3000.0	422.0250120423433	215.69937609812285	0	0.0	2709.862787418897	1	0	1	0.8746349487259746
127993.58142828372	2000.0	716.2813591351754	0.0	0	0.0	2709.8627874188824	1	0	1	1.3579009890983844
128521.5817966056	2000.0	1188.280990813278	0.0	0	0.0	2709.8627874188824	1	0	1	1.763366097206549
128846.99895639882	2000.0	1862.863831020061	0.0	0	0.0	2709.8627874188824	1	0	1	1.763366097206549
129254.64342530014	2000.0	2455.2193621187444	0.0	0	0.0	2709.8627874188824	1	0	1	1.763366097206549
130200.0	3000.0	2509.862787418866	0.0	0	439.9365583813196	2709.8627874188824	1	0	1	1.7633660972065492
131455.75186622498	3000.0	2254.1109211938947	0.0	0	0.0	2709.862787418897	1	0	1	2.1688312053147123
132940.83817686775	3000.0	1769.0246105511128	0.0	0	0.0	2709.862787418897	1	0	1	2.1688312053147114
133990.33162731648	3000.0	1719.5311601023932	0.0	0	0.0	2709.8627874189115	1	0	1	2.16883120531471
134749.87144699568	3000.0	1959.9913404231925	0.0	0	0.0	2709.8627874188824	1	0	1	2.1688312053147136
135653.97881284406	3000.0	2055.883974574812	0.0	0	0.0	2709.8627874188824	1	0	1	2.1688312053147136
136564.19295754947	3000.0	2145.6698298694264	0.0	0	0.0	2709.8627874188824	1	0	1	2.1688312053147136
137557.91290822724	3000.0	2151.9498791916712	0.0	0	0.0	2709.8627874188824	1	0	1	2.1688312053147136
138550.41850807838	3000.0	2159.4442793405447	0.0	0	0.0	2709.8627874188824	1	0	1	2.1688312053147136
139721.249942582	3000.0	1988.6128448369009	0.0	0	0.0	2709.8627874188824	1	0	1	2.1688312053147136
140385.27464234093	3000.0	2324.5881450779975	0.0	0	0.0	2709.8627874189115	1	0	1	2.1688312053147096
141200.0	3000.0	2509.8627874189297	0.0	0	211.77603796878248	2709.8627874189115	1	0	1	2.1688312053147096
142200.0	3000.0	2509.8627874189106	0.0	0	230.51671667495975	2709.8627874189115	1	0	1	2.1688312053147096
143200.0	3000.0	2509.8627874188874	0.0	0	332.0718677226687	2709.8627874188824	1	0	1	2.1688312053147136
144200.0	3000.0	2509.862787418889	0.0	0	384.98261224039015	2709.8627874188824	1	0	1	2.1688312053147136
145200.0	3000.0	2509.8627874188837	0.0	0	245.56637369000237	2709.8627874188824	1	0	1	2.1688312053147136
146200.0	3000.0	2409.8627874188674	0.0	0	260.8145267389482	2609.8627874188824	1	0	2	1.777577270080354
147200.0	3000.0	2409.8627874188523	0.0	0	259.541874828079	2609.8627874188824	1	0	1	1.9820550773587304
148200.0	3000.0	2409.8627874188614	0.0	0	96.45379459616379	2609.8627874188824	1	0	1	2.1820550773587306
149200.0	3000.0	2409.862787418868	0.0	0	199.86633901164168	2609.8627874188824	1	0	1	2.1820550773587306
150200.0	3000.0	2409.8627874188533	0.0	0	1.1133838867244776	2609.8627874188824	1	0	1	2.1820550773587306
151311.81892163111	3000.0	2298.0438657877517	0.0	0	0.0	2609.8627874188824	1	0	1	2.1820550773587306
152425.8739036249	3000.0	2072.5833855945966	0.0	0	0.0	2498.4572892194847	1	0	2	1.7920612926400046
153200.0	3000.0	2221.0446795819807	0.0	0	5.485600240092026	2421.0446795819735	1	0	2	2.0018353110265825
154278.86705575927	3000.0	2142.1776238227303	0.0	0	0.0	2421.0446795819735	1	0	1	2.0038864100316047
155200.0	3000.0	2221.044679581994	0.0	0	153.95802957346314	2421.0446795819735	1	0	1	2.203886410031605
156775.57691641792	3000.0	1645.4677631640955	0.0	0	0.0	2421.0446795819735	1	0	1	2.203886410031605
157864.68673835357	3000.0	1556.357941228413	0.0	0	0.0	2421.0446795819735	1	0	1	2.203886410031605
158853.85406164193	3000.0	1567.1906179400305	0.0	0	0.0	2421.0446795819735	1	0	1	2.203886410031605
159876.4328336176	3000.0	1544.6118459643665	0.0	0	0.0	2421.0446795819735	1	0	1	2.203886410031605
160878.20229031405	3000.0	1542.8423892679434	0.0	0	0.0	2421.0446795819735	1	0	1	2.203886410031605
161443.39543878153	3000.0	1977.6492408004692	0.0	0	0.0	2421.0446795819735	1	0	1	2.203886410031605
162200.0	3000.0	2221.0446795820103	0.0	0	48.292657743935706	2421.0446795819735	1	0	1	2.203886410031605
163200.0	3000.0	2221.0446795820285	0.0	0	576.0732511256647	2421.0446795819735	1	0	1	2.203886410031605
164200.0	3000.0	2221.0446795820358	0.0	0	121.72332983426168	2421.0446795820026	1	0	1	2.203886410031602
165200.0	3000.0	2221.0446795820526	0.0	0	305.47777089610463	2421.0446795820026	1	0	1	2.203886410031602
166238.95463651983	3000.0	2182.0900430622487	0.0	0	0.0	2421.0446795820317	1	0	1	2.2038864100316014
167200.0	3000.0	2221.044679582068	0.0	0	149.0955779090873	2421.0446795820026	1	0	1	2.203886410031602
168200.0	3000.0	2221.044679582085	0.0	0	273.6770094149979	2421.0446795820317	1	0	1	2.2038864100315987
169354.35368205904	3000.0	2066.690997523091	0.0	0	0.0	2421.044679582061	1	0	1	2.203886410031598
170275.40836926718	3000.0	2145.63631031494	0.0	0	0.0	2421.044679582061	1	0	1	2.203886410031596
171511.14352300152	3000.0	1909.9011565805893	0.0	0	0.0	2421.044679582061	1	0	1	2.203886410031596
172755.38086554268	3000.0	1665.663814039387	0.0	0	0.0	2421.0446795820317	1	0	1	2.203886410031598
174506.90985745908	3000.0	914.1348221229895	0.0	0	0.0	2421.044679582061	1	0	1	2.203886410031598
176643.54338147305	3000.0	200.0	422.49870189095316	0	0.0	2843.5433814730495	1	0	1	-0.3526858810085811
178165.8301975772	2000.0	311.0122068707378	633.2990229748802	0	0.0	3476.8424044479325	1	0	1	-2.595251200795637
178757.0818104034	2000.0	719.7605940444997	0.0	0	0.0	3476.8424044479325	1	0	1	1.6100080451618093
179664.2921452598	2000.0	812.5502591881229	0.0	0	0.0	3476.8424044479616	1	0	1	1.6100080451618013
180445.12190954373	2000.0	1031.7204949042457	0.0	0	0.0	3476.8424044479907	1	0	1	1.6100080451617962
181194.5707199784	2000.0	1207.3268034260677	0.0	0	0.0	3401.8975234045065	1	0	2	1.2248066068609116
182049.33485531807	2000.0	1267.0862545524162	0.0	0	0.0	3316.4211098705127	1	0	2	1.44595749303
182794.33129613523	2000.0	1447.590169653559	0.0	0	0.0	3241.9214657888224	1	0	2	1.4643566332130737
183912.18438971968	3000.0	1217.9517667106957	0.0	0	0.0	3130.136156430439	1	0	2	1.4865206037994803
184927.46779463458	2000.0	1202.668361795791	0.0	0	0.0	3130.136156430439	1	0	1	1.0868911048992562
185439.58733692323	2000.0	1690.5488195071557	0.0	0	0.0	3130.136156430439	1	0	1	1.692356213007421
186374.71980676628	3000.0	1661.9031026797734	0.0	0	0.0	3036.6229094461014	1	0	2	1.3053918636886417
187907.20485014256	3000.0	1129.418059303514	0.0	0	0.0	3036.6229094460723	1	0	1	1.9160433154247123
189335.1486113959	3000.0	701.4742980501856	0.0	0	0.0	3036.6229094460723	1	0	1	2.1160433154247134
189843.32124911636	2000.0	1193.3016603297474	0.0	0	0.0	3036.6229094460723	1	0	1	1.3051130992083841
190391.43368801638	2000.0	1590.3779775397113	0.0	0	0.0	2981.8116655560443	1	0	2	1.3182572880848502
190963.89578085503	2000.0	2017.9158847010801	0.0	0	0.0	2981.8116655560443	1	0	1	1.5205668142082185
191639.2049629485	2000.0	2342.606702607595	0.0	0	0.0	2981.8116655560443	1	0	1	1.7205668142082187
192516.91119348234	3000.0	2464.9004720737603	0.0	0	0.0	2981.811665556015	1	0	1	1.7205668142082227
193382.19914304226	3000.0	2599.6125225138353	0.0	0	0.0	2981.811665556015	1	0	1	2.1260319223163884
194200.0	3000.0	2781.811665556091	0.0	0	100.78768035004032	2981.811665555986	1	0	1	2.1260319223163937
195200.0	3000.0	2781.81166555609	0.0	0	164.64657885069028	2981.811665555957	1	0	1	2.126031922316399
196627.5397138681	3000.0	2354.27195168801	0.0	0	0.0	2981.811665555957	1	0	1	2.126031922316399
198470.99853571272	3000.0	1326.4672476588878	0.0	0	0.0	2797.4657833714737	1	0	2	1.749072307168741
199317.69542543893	3000.0	1395.100668960045	0.0	0	0.0	2712.7960943988583	1	0	2	1.9654411991757739
200442.92025473903	3000.0	1157.353356729959	0.0	0	0.0	2600.2736114689033	1	0	2	1.9798479582619022
201448.21665363456	3000.0	1152.0569578344544	0.0	0	0.0	2600.2736114689324	1	0	1	1.9832595183150212
202763.2094444698	3000.0	837.0641669991995	0.0	0	0.0	2600.2736114689324	1	0	1	2.183259518315021
203946.0895880193	3000.0	654.1840234497236	0.0	0	0.0	2600.2736114689324	1	0	1	2.183259518315021
204565.9507022754	2000.0	1034.3229091936305	0.0	0	0.0	2600.2736114689324	1	0	1	1.372329302098692
205008.5499592181	2000.0	1591.7236522509409	0.0	0	0.0	2600.2736114689324	1	0	1	1.7777944102068566
205550.90531410585	2000.0	2049.368297363192	0.0	0	0.0	2600.2736114689324	1	0	1	1.7777944102068566
206200.0	2000.0	2400.273611469017	0.0	0	139.5113729495788	2600.2736114689324	1	0	1	1.7777944102068566
207200.0	3000.0	2400.2736114690274	0.0	0	92.01972582758754	2600.2736114689324	1	0	1	1.7777944102068568
208200.0	3000.0	2400.2736114690433	0.0	0	369.72819902861374	2600.2736114689324	1	0	1	2.183259518315021
209200.0	3000.0	2400.2736114690515	0.0	0	62.136091042193584	2600.2736114689324	1	0	1	2.183259518315021
210200.0	3000.0	2400.273611469047	0.0	0	145.04864060864202	2600.2736114689615	1	0	1	2.1832595183150176
211448.30329399148	3000.0	2151.970317477567	0.0	0	0.0	2600.2736114689615	1	0	1	2.1832595183150176
212421.56202914155	3000.0	2178.7115823274753	0.0	0	0.0	2600.2736114689615	1	0	1	2.1832595183150176
213440.90318447162	3000.0	2159.370426997422	0.0	0	0.0	2600.2736114689615	1	0	1	2.1832595183150176
214480.10227529518	3000.0	2016.2514270914892	0.0	0	0.0	2496.3537023865792	1	0	2	1.792276215797909
215931.2665161697	3000.0	1565.087186216955	0.0	0	0.0	2496.35370238655	1	0	1	1.995640943910824
216986.56396715855	3000.0	1509.789735228091	0.0	0	0.0	2496.35370238655	1	0	1	2.195640943910824
217831.32166294038	3000.0	1665.0320394462863	0.0	0	0.0	2496.35370238655	1	0	1	2.195640943910824
218675.4242540489	3000.0	1820.9294483377653	0.0	0	0.0	2496.35370238655	1	0	1	2.195640943910824
219200.0	3000.0	2296.3537023866475	0.0	0	49.68375984652084	2496.353702386521	1	0	1	2.1956409439108278
220200.0	3000.0	2296.353702386661	0.0	0	108.19982595185866	2496.353702386521	1	0	1	2.1956409439108278
221721.72190978526	3000.0	1774.6317926013935	0.0	0	0.0	2496.353702386492	1	0	1	2.195640943910831
222708.29538688072	3000.0	1788.0583155059342	0.0	0	0.0	2496.353702386521	1	0	1	2.1956409439108278
223306.75860188072	3000.0	2189.59510050593	0.0	0	0.0	2496.353702386521	1	0	1	2.1956409439108278
224200.0	3000.0	2296.3537023866747	0.0	0	341.17034385123407	2496.35370238655	1	0	1	2.195640943910824
225200.0	3000.0	2296.3537023866925	0.0	0	242.51795916329138	2496.35370238655	1	0	1	2.195640943910824
226218.2634280094	3000.0	2278.090274377288	0.0	0	0.0	2496.35370238655	1	0	1	2.195640943910824
227200.0	3000.0	2296.353702386677	0.0	0	355.99577450816287	2496.35370238655	1	0	1	2.195640943910824
228200.0	3000.0	2296.353702386675	0.0	0	137.01187065299018	2496.35370238655	1	0	1	2.195640943910824
229200.0	3000.0	2296.353702386694	0.0	0	520.1003853158618	2496.35370238655	1	0	1	2.195640943910824
230200.0	3000.0	2296.353702386704	0.0	0	75.22837637006887	2496.35370238655	1	0	1	2.195640943910824
231287.56089821446	3000.0	2208.792804172215	0.0	0	0.0	2496.353702386521	1	0	1	2.195640943910825
232200.0	3000.0	2296.3537023866907	0.0	0	57.956881191028515	2496.353702386521	1	0	1	2.1956409439108278
233200.0	3000.0	2296.353702386709	0.0	0	276.31172060320387	2496.353702386521	1	0	1	2.1956409439108278
234200.0	3000.0	2296.353702386696	0.0	0	304.1538190280844	2496.353702386521	1	0	1	2.1956409439108278
235615.78511244518	3000.0	1880.5685899414939	0.0	0	0.0	2496.353702386521	1	0	1	2.1956409439108278
236965.56956737928	3000.0	1530.7841350073993	0.0	0	0.0	2496.353702386521	1	0	1	2.1956409439108278
237795.51659783593	3000.0	1700.8371045507365	0.0	0	0.0	2496.353702386492	1	0	1	2.195640943910831
238980.98199529582	3000.0	1515.3717070908583	0.0	0	0.0	2496.353702386492	1	0	1	2.195640943910831
239745.18546926026	3000.0	1751.168233126412	0.0	0	0.0	2496.353702386521	1	0	1	2.1956409439108278
240646.62469061813	3000.0	1849.7290117685573	0.0	0	0.0	2496.353702386521	1	0	1	2.1956409439108278
241242.0097322831	3000.0	2254.3439701035986	0.0	0	0.0	2496.353702386521	1	0	1	2.1956409439108278
242200.0	3000.0	2200.5546756149884	0.0	0	226.39386145150638	2400.5546756148105	1	0	2	1.8023724122761267
243200.0	3000.0	2100.5546756149533	0.0	0	412.1677844696969	2300.5546756148105	1	0	2	2.0122108424831793
244200.0	3000.0	2100.5546756149347	0.0	0	354.57976471446455	2300.5546756147814	1	0	1	2.015915247012971
245200.0	3000.0	2100.554675614967	0.0	0	311.40428564083413	2300.5546756147814	1	0	1	2.2159152470129713
246200.0	3000.0	2100.5546756149374	0.0	0	229.08667639503255	2300.5546756148105	1	0	1	2.2159152470129686
247200.0	3000.0	2100.5546756149215	0.0	0	289.8816526203591	2300.5546756148105	1	0	1	2.2159152470129686
248262.39136733155	3000.0	2038.1633082833375	0.0	0	0.0	2300.5546756148105	1	0	1	2.2159152470129686
249739.57637529096	3000.0	1560.9783003239327	0.0	0	0.0	2300.5546756148397	1	0	1	2.215915247012967
251027.10136258884	3000.0	1273.4533130260093	0.0	0	0.0	2300.5546756148397	1	0	1	2.215915247012966
251710.14611686155	3000.0	1590.4085587533	0.0	0	0.0	2300.5546756148688	1	0	1	2.2159152470129633
252521.16358001553	3000.0	1779.3910955993113	0.0	0	0.0	2300.5546756148688	1	0	1	2.2159152470129633
254229.39949934187	3000.0	1071.1551762729598	0.0	0	0.0	2300.5546756148397	1	0	1	2.215915247012966
255207.57107359802	3000.0	1092.9836020168023	0.0	0	0.0	2300.5546756148397	1	0	1	2.215915247012966
256017.550413586	3000.0	1283.004262028817	0.0	0	0.0	2300.5546756148105	1	0	1	2.2159152470129686
257193.79161492785	3000.0	1106.7630606869684	0.0	0	0.0	2300.5546756148105	1	0	1	2.2159152470129686
258056.9728171449	3000.0	1243.5818584698745	0.0	0	0.0	2300.5546756148105	1	0	1	2.2159152470129686
259367.0781136978	3000.0	933.4765619169829	0.0	0	0.0	2300.5546756148105	1	0	1	2.2159152470129686
260476.3926696134	2000.0	824.1620060013967	0.0	0	0.0	2300.5546756148105	1	0	1	1.404985030796638
261432.48997807343	2000.0	868.064697541364	0.0	0	0.0	2300.5546756148105	1	0	1	1.810450138904804
262154.7071399068	2000.0	1145.8475357079783	0.0	0	0.0	2300.5546756148105	1	0	1	1.810450138904804
262716.6153827411	2000.0	1583.9392928737375	0.0	0	0.0	2300.5546756148397	1	0	1	1.8104501389048033
263200.0	2000.0	2100.5546756148397	0.0	0	39.56885409442475	2300.5546756148688	1	0	1	1.8104501389047982
264200.0	3000.0	2100.554675614864	0.0	0	333.731622554129	2300.554675614898	1	0	1	1.810450138904797
265200.0	3000.0	2100.554675614906	0.0	0	89.31486493570264	2300.554675614927	1	0	1	2.2159152470129575
266288.7500812989	3000.0	2011.8045943159782	0.0	0	0.0	2300.554675614927	1	0	1	2.2159152470129575
267200.0	3000.0	2100.554675614854	0.0	0	217.90642311034026	2300.5546756148688	1	0	1	2.2159152470129633
268200.0	3000.0	2100.554675614921	0.0	0	420.74493975314545	2300.554675614927	1	0	1	2.2159152470129575
269200.0	2000.0	2100.55467561489	0.0	0	573.8537774453871	2300.5546756148688	1	0	1	1.4049850307966336
270245.36115852196	3000.0	2055.1935170929482	0.0	0	0.0	2300.5546756148688	1	0	1	1.8104501389047984
271853.4276263178	3000.0	1447.1270492971946	0.0	0	0.0	2300.5546756148688	1	0	1	2.2159152470129633
273417.3588468782	3000.0	883.1958287367663	0.0	0	0.0	2300.5546756148688	1	0	1	2.2159152470129633
274743.3014038738	3000.0	557.2532717411799	0.0	0	0.0	2300.5546756148688	1	0	1	2.2159152470129633
276267.0699096047	3000.0	267.54177877739534	234.05701276707117	0	0.0	2534.611688381934	1	0	1	0.7868805256060248
276943.0688632517	2000.0	643.7127429184718	52.169917788082444	0	0.0	2586.781606170058	1	0	1	1.0609862567681534
277373.8437690403	2000.0	1212.9378371298708	0.0	0	0.0	2586.7816061699996	1	0	1	1.77947087160482
277835.14163797116	2000.0	1751.6399681990083	0.0	0	0.0	2586.7816061699996	1	0	1	1.77947087160482
278200.0	2000.0	2386.781606170185	0.0	0	44.73526295024203	2586.7816061699996	1	0	1	1.77947087160482
279200.0	3000.0	2286.781606170223	0.0	0	323.9029679411324	2486.781606170058	1	0	2	1.3870032851189744
280694.071138833	3000.0	1643.3033534538747	0.0	0	0.0	2337.3744922867045	1	0	2	2.0087876751122025
282129.2695715554	3000.0	1208.1049207314827	0.0	0	0.0	2337.3744922866463	1	0	1	2.0123842715274156
283272.5371970654	3000.0	1064.8372952213886	0.0	0	0.0	2337.374492286588	1	0	1	2.2123842715274216
284009.0145043321	3000.0	1328.3599879546653	0.0	0	0.0	2337.374492286588	1	0	1	2.2123842715274216
284702.310926932	3000.0	1635.063565354806	0.0	0	0.0	2337.37449228653	1	0	1	2.2123842715274273
285640.4710557975	3000.0	1696.9034364893764	0.0	0	0.0	2337.37449228653	1	0	1	2.2123842715274273
286719.63138017355	3000.0	1617.7431121133134	0.0	0	0.0	2337.37449228653	1	0	1	2.2123842715274273
287717.9005813664	3000.0	1619.473910920417	0.0	0	0.0	2337.37449228653	1	0	1	2.2123842715274273
288547.5415404557	3000.0	1789.8329518310563	0.0	0	0.0	2337.3744922864717	1	0	1	2.2123842715274327
289433.3045510743	3000.0	1904.0699412124966	0.0	0	0.0	2337.3744922864717	1	0	1	2.2123842715274327
290200.0	3000.0	2137.374492286809	0.0	0	172.07883239979856	2337.3744922864717	1	0	1	2.2123842715274327
291200.0	3000.0	2137.3744922868227	0.0	0	26.70562861766666	2337.3744922864717	1	0	1	2.2123842715274327
292200.0	3000.0	2137.3744922869	0.0	0	257.93544513889356	2337.3744922864717	1	0	1	2.2123842715274327
293200.0	3000.0	2137.374492286889	0.0	0	423.9400973219308	2337.3744922864717	1	0	1	2.2123842715274327
294200.0	3000.0	2137.37449228686	0.0	0	256.0055980258039	2337.3744922864717	1	0	1	2.2123842715274327
295200.0	3000.0	2137.3744922868636	0.0	0	65.21470963722095	2337.3744922864134	1	0	1	2.2123842715274384
296200.0	3000.0	2137.3744922869037	0.0	0	274.6032939198776	2337.3744922864134	1	0	1	2.2123842715274384
297200.0	3000.0	2137.3744922868586	0.0	0	316.6571344914264	2337.3744922864134	1	0	1	2.2123842715274384
298347.264855041	3000.0	1990.1096372459003	0.0	0	0.0	2337.3744922864134	1	0	1	2.2123842715274384
299200.0	3000.0	2137.3744922868914	0.0	0	195.57494568731636	2337.3744922864134	1	0	1	2.2123842715274384
300324.7395757349	3000.0	2012.6349165520398	0.0	0	0.0	2337.3744922864717	1	0	1	2.2123842715274376
3.33	3.43	4.11	2.48	2.18	3.05	3.17	2.5	3.85	5.12	5.93	4.49	3.92	3.22	4.46	5.02	2.94	2.93	3.17	3.23	2.25	1.71	2.07	1.78	1.3	1.7	2.83	3.16	3.08	2.44	2.97	2.78	2.7	3.81	2.32	2.41	2.22	3.67	3.88	3.43	4.3	5.63	2.99	2.76	2.13	1.84	2.99	3.34	3.89	3.17	2.36	2.63	3.75	3.7	3.67	4.15	2.95	3.14	2.05	2.31	3.29	3.65	2.73	2.71	4.08	3.76	5.0	4.69	2.12	2.62	3.99	5.17	3.7	2.43	3.87	4.19	5.17	2.39	3.48	3.83	3.27	3.59	2.17	2.51	3.08	3.65	3.08	3.07	4.0	5.03	4.93	5.4	5.17	5.43	3.26	2.55	2.55	2.73	3.31	3.9	1.67	2.4	3.06	3.15	3.31	3.42	1.73	2.17	2.53	3.36	3.94	4.22	3.36	2.55	3.59	4.81	6.21	3.42	2.68	1.76	1.66	2.84	1.52	2.7	3.92	5.19	6.24	2.53	2.63	2.77	3.43	4.05	4.39	2.93	2.77	2.76	3.6	4.66	3.06	4.15	5.46	3.44	3.65	5.02	4.3	2.91	3.61	2.57	2.81	1.58	3.33	3.43	4.11	2.48	2.18	3.05	3.17	2.5	3.85	5.12	5.93	4.49	3.92	3.22	4.46	5.02	2.94	2.93	3.17	3.23	2.25	1.71	2.07	1.78	1.3	1.7	2.83	3.16	3.08	2.44	2.97	2.78	2.7	3.81	2.32	2.41	2.22	3.67	3.88	3.43	4.3	5.63	2.99	2.76	2.13	1.84	2.99	3.34	3.89	3.17	2.36	2.63	3.75	3.7	3.67	4.15	2.95	3.14	2.05	2.31	3.29	3.65	2.73	2.71	4.08	3.76	5.0	4.69	2.12	2.62	3.99	5.17	3.7	2.43	3.87	4.19	5.17	2.39	3.48	3.83	3.27	3.59	2.17	2.51	3.08	3.65	3.08	3.07	4.0	5.03	4.93	5.4	5.17	5.43	3.26	2.55	2.55	2.73	3.31	3.9	1.67	2.4	3.06	3.15	3.31	3.42	1.73	2.17	2.53	3.36	3.94	4.22	3.36	2.55	3.59	4.81	6.21	3.42	2.68	1.76	1.66	2.84	1.52	2.7	3.92	5.19	6.24	2.53	2.63	2.77	3.43	4.05	4.39	2.93	2.77	2.76	3.6	4.66	3.06	4.15	5.46	3.44	3.65	5.02	4.3	2.91	3.61	2.57	2.81	1.58	3.33	3.43
1.0	2.0	3.0	4.0	5.0	6.0	7.0	8.0	9.0	10.0	11.0	12.0	13.0	14.0	15.0	16.0	17.0	18.0	19.0	20.0	21.0	22.0	23.0	24.0	25.0	26.0	27.0	28.0	29.0	30.0	31.0	32.0	33.0	34.0	35.0	36.0	37.0	38.0	39.0	40.0	41.0	42.0	43.0	44.0	45.0	46.0	47.0	48.0	49.0	50.0	51.0	52.0	53.0	54.0	55.0	56.0	57.0	58.0	59.0	60.0	61.0	62.0	63.0	64.0	65.0	66.0	67.0	68.0	69.0	70.0	71.0	72.0	73.0	74.0	75.0	76.0	77.0	78.0	79.0	80.0	81.0	82.0	83.0	84.0	85.0	86.0	87.0	88.0	89.0	90.0	91.0	92.0	93.0	94.0	95.0	96.0	97.0	98.0	99.0	100.0	101.0	102.0	103.0	104.0	105.0	106.0	107.0	108.0	109.0	110.0	111.0	112.0	113.0	114.0	115.0	116.0	117.0	118.0	119.0	120.0	121.0	122.0	123.0	124.0	125.0	126.0	127.0	128.0	129.0	130.0	131.0	132.0	133.0	134.0	135.0	136.0	137.0	138.0	139.0	140.0	141.0	142.0	143.0	144.0	145.0	146.0	147.0	148.0	149.0	149.0	150.0	151.0	152.0	153.0	154.0	155.0	156.0	157.0	158.0	159.0	160.0	161.0	162.0	163.0	164.0	165.0	166.0	167.0	168.0	169.0	170.0	171.0	172.0	173.0	174.0	175.0	176.0	177.0	178.0	179.0	180.0	181.0	182.0	183.0	184.0	185.0	186.0	187.0	188.0	189.0	190.0	191.0	192.0	193.0	194.0	195.0	196.0	197.0	198.0	199.0	200.0	201.0	202.0	203.0	204.0	205.0	206.0	207.0	208.0	209.0	210.0	211.0	212.0	213.0	214.0	215.0	216.0	217.0	218.0	219.0	220.0	221.0	222.0	223.0	224.0	225.0	226.0	227.0	228.0	229.0	230.0	231.0	232.0	233.0	234.0	235.0	236.0	237.0	238.0	239.0	240.0	241.0	242.0	243.0	244.0	245.0	246.0	247.0	248.0	249.0	250.0	251.0	252.0	253.0	254.0	255.0	256.0	257.0	258.0	259.0	260.0	261.0	262.0	263.0	264.0	265.0	266.0	267.0	268.0	269.0	270.0	271.0	272.0	273.0	274.0	275.0	276.0	277.0	278.0	279.0	280.0	281.0	282.0	283.0	284.0	285.0	286.0	287.0	288.0	289.0	290.0	291.0	292.0	293.0	294.0	295.0	296.0	297.0	298.0	298.0	299.0	300.0
3200.2684878951236
