4582.441070652132	300.0	2000.0	132.94863931847536	0	0.0	4582.441070652132	1	0	1	-1.5505365363464763
4721.308630251121	300.0	2847.245684441112	0.0	0	0.0	4568.554314692233	1	0	2	-1.163386950999962
4822.867989939001	300.0	3735.530388784445	0.0	0	0.0	4558.398378723445	1	0	2	-0.956374998115233
5200.0	500.0	4320.685177717346	0.0	0	176.72706516402377	4520.685177717344	1	0	2	-0.943711147311756
6200.0	500.0	4220.685177717346	0.0	0	816.1239027738447	4420.685177717345	1	0	2	-0.38597396856838473
7200.0	500.0	4120.685177717347	0.0	0	702.547792091058	4320.685177717344	1	0	2	-0.32966413696524444
8200.0	500.0	4020.6851777173483	0.0	0	659.5598801470205	4220.685177717345	1	0	2	-0.277026391294766
9200.0	1000.0	3920.68517771735	0.0	0	614.643479109347	4120.685177717346	1	0	2	-0.2277982677606559
10200.0	1000.0	3820.6851777173492	0.0	0	695.1738643973113	4020.685177717345	1	0	2	0.5108390567705472
11200.0	2000.0	3720.6851777173474	0.0	0	370.0998611833111	3920.6851777173433	1	0	2	0.5542234097953405
12200.0	2000.0	3620.685177717347	0.0	0	8.425290823675823	3820.6851777173433	1	0	2	1.289291030635522
13200.0	2000.0	3520.6851777173492	0.0	0	49.69590816786331	3720.6851777173433	1	0	2	1.3262016631967954
14200.0	2000.0	3420.6851777173506	0.0	0	427.7831388902159	3620.6851777173433	1	0	2	1.3559066879803838
15200.0	2000.0	3320.6851777173492	0.0	0	281.35156756347715	3520.6851777173415	1	0	2	1.3871680163268896
16200.0	2000.0	3220.685177717348	0.0	0	296.4112168424381	3420.6851777173397	1	0	2	1.4151760208782442
17200.0	2000.0	3120.6851777173442	0.0	0	305.9053101991376	3320.685177717338	1	0	2	1.4413111384781672
18200.0	2000.0	3020.685177717345	0.0	0	60.40631432643204	3220.6851777173397	1	0	2	1.466047579447777
19200.0	2000.0	2920.6851777173483	0.0	0	458.9984891508211	3120.6851777173433	1	0	2	1.4863784658155086
20200.0	2000.0	2820.685177717348	0.0	0	405.3940298744528	3020.6851777173433	1	0	2	1.5064053753791098
21200.0	2000.0	2720.685177717345	0.0	0	545.3551873062643	2920.6851777173397	1	0	2	1.5242831094888614
22200.0	2000.0	2620.685177717345	0.0	0	85.071373505456	2820.685177717336	1	0	2	1.5420779431325407
23200.0	2000.0	2520.685177717338	0.0	0	470.01845718185723	2720.685177717336	1	0	2	1.5563232988537647
24200.0	3000.0	2420.6851777173406	0.0	0	456.10607513085415	2620.685177717336	1	0	2	1.5702091538204115
25200.0	3000.0	2320.685177717343	0.0	0	440.904757193126	2520.6851777173433	1	0	2	1.9882743745481675
26200.0	3000.0	2220.685177717343	0.0	0	216.6526216613347	2420.6851777173397	1	0	2	2.000091834505513
27469.161867944556	3000.0	1824.6071229783317	0.0	0	0.0	2293.768990922883	1	0	2	2.0128147515668044
29054.08532051792	3000.0	1081.1913251476262	0.0	0	0.0	2135.276645665541	1	0	2	2.0269366212731788
29998.38762844866	3000.0	1042.4587864238129	0.0	0	0.0	2040.846414872467	1	0	2	2.0359018953623558
30650.538346005746	3000.0	1325.0929971110238	0.0	0	0.0	1975.6313431167619	1	0	2	2.0411989187317694
31350.911184990866	3000.0	1554.6828742273942	0.0	0	0.0	1905.594059218245	1	0	2	2.045771056041639
32296.229353965035	3000.0	1514.832888355807	0.0	0	0.0	1811.062242320826	1	0	2	2.0512014349074486
33563.628657004054	3000.0	1120.6936550128735	0.0	0	0.0	1684.3223120169132	1	0	2	2.058088973373048
34200.0	3000.0	1484.3223120169266	0.0	0	98.00147715860658	1684.3223120169096	1	0	1	2.059749891948891
35200.0	3000.0	1484.3223120169152	0.0	0	105.5300579761606	1684.322312016906	1	0	1	2.2597498919488914
36247.10812465753	3000.0	1437.2141873593937	0.0	0	0.0	1684.3223120168986	1	0	1	2.259749891948892
37800.13303638599	3000.0	884.189275630935	0.0	0	0.0	1684.3223120168986	1	0	1	2.259749891948892
38740.475909634224	3000.0	943.8464023826899	0.0	0	0.0	1684.3223120168914	1	0	1	2.259749891948892
39911.389235286006	3000.0	772.9330767309152	0.0	0	0.0	1684.3223120168986	1	0	1	2.259749891948892
40956.859715182756	3000.0	727.4625968341682	0.0	0	0.0	1684.3223120168986	1	0	1	2.259749891948892
42068.331873765885	3000.0	615.9904382510438	0.0	0	0.0	1684.3223120168914	1	0	1	2.259749891948892
42782.40027110915	2000.0	901.9220409077698	0.0	0	0.0	1684.3223120168914	1	0	1	1.4488196757325627
43437.48362487391	2000.0	1246.838687143011	0.0	0	0.0	1684.3223120168914	1	0	1	1.8542847838407273
44200.0	2000.0	1484.322312016927	0.0	0	125.8258715488555	1684.322312016884	1	0	1	1.8542847838407277
45200.0	2000.0	1484.3223120169205	0.0	0	423.16875912141404	1684.322312016884	1	0	1	1.8542847838407277
46200.0	2000.0	1484.3223120169173	0.0	0	495.12018139058637	1684.322312016884	1	0	1	1.8542847838407277
47200.0	2000.0	1484.3223120169212	0.0	0	236.11333836524864	1684.322312016884	1	0	1	1.8542847838407277
48200.0	2000.0	1484.3223120169248	0.0	0	262.13813274350105	1684.322312016884	1	0	1	1.8542847838407277
49200.0	2000.0	1484.3223120169296	0.0	0	275.9869483688526	1684.3223120168914	1	0	1	1.8542847838407273
50732.015380781624	3000.0	952.3069312353061	0.0	0	0.0	1684.322312016884	1	0	1	1.854284783840728
51363.61678016074	2000.0	1320.7055318561993	0.0	0	0.0	1684.322312016884	1	0	1	1.448819675732563
52200.0	2000.0	1484.3223120169366	0.0	0	176.32545406831196	1684.322312016884	1	0	1	1.8542847838407277
53200.0	2000.0	1484.3223120169412	0.0	0	582.5291606271057	1684.322312016884	1	0	1	1.8542847838407277
54200.0	3000.0	1484.3223120169455	0.0	0	268.69294822157826	1684.322312016884	1	0	1	1.854284783840728
55200.0	2000.0	1484.3223120169432	0.0	0	381.6938241008029	1684.322312016884	1	0	1	1.448819675732563
56200.0	2000.0	1484.32231201694	0.0	0	177.7600732770734	1684.322312016884	1	0	1	1.8542847838407277
57200.0	2000.0	1484.3223120169334	0.0	0	259.6564602250801	1684.322312016884	1	0	1	1.8542847838407277
58200.0	2000.0	1484.3223120169332	0.0	0	431.3265173243344	1684.322312016884	1	0	1	1.8542847838407277
59200.0	2000.0	1484.3223120169246	0.0	0	195.0382965843164	1684.322312016884	1	0	1	1.8542847838407277
60200.0	2000.0	1484.3223120169173	0.0	0	315.5322895925856	1684.3223120168768	1	0	1	1.8542847838407281
61200.0	2000.0	1484.3223120169193	0.0	0	310.38600196003244	1684.3223120168768	1	0	1	1.8542847838407281
62200.0	2000.0	1484.3223120169196	0.0	0	266.40975782273745	1684.3223120168768	1	0	1	1.8542847838407281
63200.0	2000.0	1484.3223120169218	0.0	0	263.3097770172317	1684.3223120168768	1	0	1	1.8542847838407281
64200.0	2000.0	1484.3223120169225	0.0	0	435.58429846605577	1684.3223120168695	1	0	1	1.8542847838407286
65200.0	2000.0	1484.3223120169275	0.0	0	587.2612490826505	1684.3223120168695	1	0	1	1.8542847838407286
66200.0	2000.0	1484.3223120169323	0.0	0	619.1925350764432	1684.3223120168768	1	0	1	1.8542847838407286
67200.0	2000.0	1484.3223120169207	0.0	0	347.8329196011473	1684.3223120168695	1	0	1	1.8542847838407286
68314.1882325967	3000.0	1370.1340794202165	0.0	0	0.0	1684.322312016855	1	0	1	1.8542847838407295
69380.55325879465	2000.0	1303.7690532222562	0.0	0	0.0	1684.322312016855	1	0	1	1.4488196757325646
70200.0	2000.0	1484.3223120169005	0.0	0	117.81133732134185	1684.322312016855	1	0	1	1.8542847838407293
71200.0	2000.0	1484.3223120169034	0.0	0	211.09795660999953	1684.3223120168695	1	0	1	1.8542847838407286
72200.0	2000.0	1484.3223120168966	0.0	0	553.5811838273657	1684.3223120168695	1	0	1	1.8542847838407286
73200.0	3000.0	1484.3223120168816	0.0	0	230.4103688687901	1684.3223120168695	1	0	1	1.8542847838407288
74200.0	3000.0	1484.3223120168884	0.0	0	287.68975227150077	1684.322312016884	1	0	1	2.2597498919488928
75200.0	3000.0	1484.3223120168905	0.0	0	370.32357987262367	1684.3223120168695	1	0	1	2.2597498919488936
76894.21651283572	3000.0	790.1057991811705	0.0	0	0.0	1684.3223120168695	1	0	1	2.2597498919488936
77874.59426712307	2000.0	809.7280448938211	0.0	0	0.0	1684.322312016884	1	0	1	1.448819675732563
78505.82767871996	2000.0	1178.4946332969394	0.0	0	0.0	1684.322312016884	1	0	1	1.8542847838407277
79200.0	2000.0	1484.3223120169114	0.0	0	121.12343093325035	1684.322312016884	1	0	1	1.8542847838407277
80200.0	2000.0	1484.3223120168934	0.0	0	120.28331182872353	1684.322312016884	1	0	1	1.8542847838407277
81200.0	2000.0	1484.3223120169023	0.0	0	446.67336591008643	1684.322312016884	1	0	1	1.8542847838407277
82200.0	2000.0	1484.32231201689	0.0	0	312.43430010533484	1684.322312016884	1	0	1	1.8542847838407277
83200.0	2000.0	1484.3223120168798	0.0	0	448.46297919543576	1684.322312016884	1	0	1	1.8542847838407277
84200.0	2000.0	1484.322312016861	0.0	0	108.50531094931648	1684.3223120168695	1	0	1	1.8542847838407286
85200.0	2000.0	1484.3223120168714	0.0	0	86.36887446830224	1684.322312016884	1	0	1	1.8542847838407277
86200.0	2000.0	1484.3223120168773	0.0	0	245.2644365906308	1684.322312016884	1	0	1	1.8542847838407277
87200.0	2000.0	1484.3223120168775	0.0	0	466.4837196130975	1684.3223120168986	1	0	1	1.854284783840727
88200.0	2000.0	1484.322312016879	0.0	0	467.5499468564958	1684.3223120168986	1	0	1	1.854284783840727
89200.0	2000.0	1484.3223120168748	0.0	0	606.7732033104548	1684.3223120168986	1	0	1	1.854284783840727
90200.0	3000.0	1484.3223120168757	0.0	0	356.06863292568596	1684.322312016884	1	0	1	1.854284783840728
91380.15828199712	3000.0	1304.1640300197535	0.0	0	0.0	1684.322312016884	1	0	1	2.2597498919488928
92320.47493769394	3000.0	1363.8473743229385	0.0	0	0.0	1684.3223120168986	1	0	1	2.259749891948892
93200.0	3000.0	1484.3223120168861	0.0	0	126.81257901627396	1684.3223120169132	1	0	1	2.259749891948891
94200.0	3000.0	1484.3223120168848	0.0	0	160.83327864059538	1684.3223120169132	1	0	1	2.259749891948891
95492.02363828784	3000.0	1192.2986737290462	0.0	0	0.0	1684.3223120169132	1	0	1	2.259749891948891
96200.0	3000.0	1484.3223120168825	0.0	0	90.82624787147506	1684.3223120169132	1	0	1	2.259749891948891
97200.0	3000.0	1484.3223120168977	0.0	0	36.3431583798083	1684.3223120169132	1	0	1	2.259749891948891
98200.0	3000.0	1484.3223120168948	0.0	0	317.58641871651344	1684.3223120169132	1	0	1	2.259749891948891
99275.63635348165	3000.0	1408.6859585352418	0.0	0	0.0	1684.3223120169132	1	0	1	2.259749891948891
100200.0	3000.0	1484.3223120168936	0.0	0	92.57921023733797	1684.3223120169132	1	0	1	2.259749891948891
101604.78136107272	3000.0	1079.540950944188	0.0	0	0.0	1684.3223120169132	1	0	1	2.259749891948891
103454.08169067184	3000.0	230.24062134506516	0.0	0	0.0	1684.3223120169278	1	0	1	2.2597498919488905
104470.07107154741	3000.0	513.7670330167228	299.5157925472286	0	0.0	1983.8381045641581	1	0	1	0.4445689907081092
105562.12955384383	2000.0	511.31223668831933	89.60368596801783	0	0.0	2073.441790532175	1	0	1	0.8866017743160112
106194.30783179932	2000.0	879.1339587328372	0.0	0	0.0	2073.441790532175	1	0	1	1.8296889982322828
106777.96124184971	2000.0	1295.480548682444	0.0	0	0.0	2073.4417905321607	1	0	1	1.829688998232284
107269.68649686917	2000.0	1803.7552936629866	0.0	0	0.0	2073.4417905321607	1	0	1	1.829688998232284
108200.0	2000.0	1873.4417905321598	0.0	0	336.5462285406975	2073.4417905321607	1	0	1	1.829688998232284
109200.0	2000.0	1873.441790532167	0.0	0	169.74236356286565	2073.4417905321607	1	0	1	1.829688998232284
110200.0	2000.0	1873.4417905321625	0.0	0	507.44033858347393	2073.4417905321607	1	0	1	1.829688998232284
111200.0	2000.0	1873.4417905321409	0.0	0	489.55620015843306	2073.4417905321607	1	0	1	1.829688998232284
112200.0	2000.0	1873.4417905321402	0.0	0	586.5516034435859	2073.4417905321607	1	0	1	1.829688998232284
113372.25362066772	3000.0	1701.1881698644238	0.0	0	0.0	2073.441790532146	1	0	1	1.8296889982322848
115068.0740642373	3000.0	1005.3677262948376	0.0	0	0.0	2073.4417905321607	1	0	1	2.2351541063404485
116247.13494284044	3000.0	826.3068476916924	0.0	0	0.0	2073.4417905321607	1	0	1	2.2351541063404485
117181.32987225395	2000.0	892.1119182781872	0.0	0	0.0	2073.4417905321607	1	0	1	1.4242238901241193
118001.48709094863	2000.0	1071.9546995834887	0.0	0	0.0	2073.441790532146	1	0	1	1.829688998232285
118530.77037041914	2000.0	1542.6714201129885	0.0	0	0.0	2073.441790532146	1	0	1	1.829688998232285
119200.0	2000.0	1873.4417905321138	0.0	0	193.90735291221063	2073.441790532146	1	0	1	1.829688998232285
120200.0	2000.0	1873.4417905321243	0.0	0	421.2521948477952	2073.441790532146	1	0	1	1.829688998232285
121200.0	2000.0	1873.441790532136	0.0	0	237.65859242262377	2073.441790532146	1	0	1	1.829688998232285
122200.0	2000.0	1873.4417905321347	0.0	0	280.1458014887321	2073.4417905321316	1	0	1	1.829688998232286
123200.0	2000.0	1873.441790532131	0.0	0	581.6706440186535	2073.441790532146	1	0	1	1.829688998232285
124200.0	2000.0	1873.4417905321277	0.0	0	594.668350104781	2073.441790532146	1	0	1	1.829688998232285
125200.0	3000.0	1873.4417905321325	0.0	0	220.64438723160129	2073.4417905321316	1	0	1	1.8296889982322861
126461.58351436058	3000.0	1611.858276171562	0.0	0	0.0	2073.4417905321316	1	0	1	2.2351541063404508
127244.77555602086	3000.0	1828.6662345112875	0.0	0	0.0	2073.441790532146	1	0	1	2.2351541063404494
128200.0	3000.0	1873.4417905321523	0.0	0	89.87648184956925	2073.441790532146	1	0	1	2.2351541063404494
129200.0	3000.0	1873.4417905321363	0.0	0	366.9230950915371	2073.441790532146	1	0	1	2.2351541063404494
130455.60722477784	3000.0	1617.8345657543039	0.0	0	0.0	2073.441790532146	1	0	1	2.2351541063404494
131404.8916361186	3000.0	1668.5501544135416	0.0	0	0.0	2073.4417905321607	1	0	1	2.235154106340449
132486.22351806195	3000.0	1587.2182724701988	0.0	0	0.0	2073.441790532146	1	0	1	2.2351541063404485
133840.39707892804	3000.0	1233.0447116041005	0.0	0	0.0	2073.441790532146	1	0	1	2.2351541063404494
134854.03447341695	3000.0	1219.407317115215	0.0	0	0.0	2073.441790532175	1	0	1	2.2351541063404476
135411.50026144774	2000.0	1661.9415290844036	0.0	0	0.0	2073.441790532175	1	0	1	1.4242238901241182
136347.97390794609	3000.0	1725.467882586032	0.0	0	0.0	2073.441790532175	1	0	1	1.829688998232283
137200.0	3000.0	1873.441790532105	0.0	0	105.7736248995061	2073.441790532175	1	0	1	2.2351541063404476
138200.0	3000.0	1873.4417905321143	0.0	0	252.7944336484652	2073.441790532175	1	0	1	2.2351541063404476
139200.0	3000.0	1873.441790532093	0.0	0	331.46919878653716	2073.441790532175	1	0	1	2.2351541063404476
140200.0	3000.0	1873.4417905321106	0.0	0	72.16689108271385	2073.441790532175	1	0	1	2.2351541063404476
141200.0	3000.0	1873.4417905321036	0.0	0	186.6821836490417	2073.441790532175	1	0	1	2.2351541063404476
142460.14506531722	3000.0	1613.2967252148928	0.0	0	0.0	2073.441790532175	1	0	1	2.2351541063404476
143529.0686634211	2000.0	1544.3731271110232	0.0	0	0.0	2073.441790532146	1	0	1	1.4242238901241204
144224.03366433122	2000.0	1849.408126200862	0.0	0	0.0	2073.441790532146	1	0	1	1.829688998232285
145200.0	2000.0	1873.4417905320795	0.0	0	130.10913874345715	2073.441790532175	1	0	1	1.8296889982322828
146200.0	2000.0	1873.4417905320695	0.0	0	305.5819151150645	2073.441790532175	1	0	1	1.8296889982322828
147200.0	2000.0	1873.4417905320768	0.0	0	352.34857260613353	2073.4417905322043	1	0	1	1.8296889982322806
148200.0	2000.0	1873.4417905320806	0.0	0	499.9707999274833	2073.4417905322043	1	0	1	1.8296889982322806
149200.0	2000.0	1873.4417905320693	0.0	0	463.78473848477006	2073.4417905322043	1	0	1	1.8296889982322806
150200.0	2000.0	1873.4417905320781	0.0	0	281.8940689880692	2073.441790532175	1	0	1	1.8296889982322828
151200.0	2000.0	1873.4417905320543	0.0	0	561.2610443739686	2073.441790532175	1	0	1	1.8296889982322828
152200.0	2000.0	1873.441790532083	0.0	0	562.71817456797	2073.441790532175	1	0	1	1.8296889982322828
153200.0	3000.0	1873.4417905321004	0.0	0	90.2611228422029	2073.441790532175	1	0	1	1.829688998232283
154294.90280984572	3000.0	1778.538980686378	0.0	0	0.0	2073.441790532175	1	0	1	2.2351541063404476
155200.0	3000.0	1873.4417905320745	0.0	0	56.382671521103475	2073.441790532175	1	0	1	2.2351541063404476
156664.94064936784	3000.0	1408.5011411642079	0.0	0	0.0	2073.441790532175	1	0	1	2.2351541063404476
157787.06240054747	2000.0	1286.3793899845843	0.0	0	0.0	2073.441790532146	1	0	1	1.4242238901241204
158355.71754814102	2000.0	1717.7242423910166	0.0	0	0.0	2073.441790532146	1	0	1	1.829688998232285
159200.0	2000.0	1873.4417905320636	0.0	0	144.5726962524932	2073.441790532146	1	0	1	1.829688998232285
160200.0	2000.0	1873.4417905320654	0.0	0	601.7480292664841	2073.441790532175	1	0	1	1.8296889982322828
161200.0	2000.0	1873.4417905320252	0.0	0	198.01779383295798	2073.441790532146	1	0	1	1.829688998232285
162200.0	2000.0	1873.4417905320113	0.0	0	16.401458123407792	2073.441790532146	1	0	1	1.829688998232285
163200.0	2000.0	1873.4417905320022	0.0	0	213.85917178163072	2073.441790532117	1	0	1	1.8296889982322873
164200.0	2000.0	1873.4417905319872	0.0	0	395.6408252760302	2073.441790532117	1	0	1	1.8296889982322873
165200.0	2000.0	1873.4417905320015	0.0	0	316.59030338018783	2073.441790532117	1	0	1	1.8296889982322873
166200.0	2000.0	1873.4417905320095	0.0	0	558.1357634261949	2073.441790532088	1	0	1	1.8296889982322893
167200.0	2000.0	1873.441790532041	0.0	0	179.02443504653638	2073.441790532117	1	0	1	1.8296889982322873
168200.0	2000.0	1873.441790532008	0.0	0	360.37479800527217	2073.441790532117	1	0	1	1.8296889982322873
169200.0	2000.0	1873.4417905320106	0.0	0	473.5124069364974	2073.441790532117	1	0	1	1.8296889982322873
170200.0	2000.0	1873.441790532033	0.0	0	528.762512675341	2073.441790532117	1	0	1	1.8296889982322873
171200.0	2000.0	1873.441790532015	0.0	0	359.6493344385235	2073.441790532088	1	0	1	1.8296889982322893
172200.0	3000.0	1873.4417905320095	0.0	0	306.24446890698164	2073.441790532088	1	0	1	1.8296889982322893
173200.0	3000.0	1873.4417905320356	0.0	0	261.31084309349535	2073.441790532088	1	0	1	2.235154106340454
174200.0	3000.0	1873.4417905320554	0.0	0	366.9512888045865	2073.441790532088	1	0	1	2.235154106340454
175200.0	3000.0	1873.4417905320743	0.0	0	136.6434504792851	2073.441790532117	1	0	1	2.2351541063404516
176636.87101999548	3000.0	1436.5707705366035	0.0	0	0.0	2073.441790532117	1	0	1	2.2351541063404516
177953.45119620484	3000.0	1119.990594327246	0.0	0	0.0	2073.441790532117	1	0	1	2.2351541063404516
178811.3087353729	3000.0	1262.1330551591768	0.0	0	0.0	2073.441790532117	1	0	1	2.2351541063404516
179431.9887233062	3000.0	1641.4530672258663	0.0	0	0.0	2073.441790532117	1	0	1	2.2351541063404516
180200.0	3000.0	1873.4417905320652	0.0	0	259.0379728306143	2073.441790532117	1	0	1	2.2351541063404516
181330.5840386756	3000.0	1742.8577518564823	0.0	0	0.0	2073.441790532117	1	0	1	2.2351541063404516
182399.05671841418	3000.0	1674.3850721179006	0.0	0	0.0	2073.441790532175	1	0	1	2.235154106340449
183333.08064401	3000.0	1740.3611465220843	0.0	0	0.0	2073.4417905322043	1	0	1	2.2351541063404454
184402.35274973695	3000.0	1671.0890407951733	0.0	0	0.0	2073.4417905322043	1	0	1	2.2351541063404454
185928.139529595	3000.0	1145.3022609371492	0.0	0	0.0	2073.4417905322043	1	0	1	2.2351541063404454
187571.06067512877	3000.0	502.38111540335353	0.0	0	0.0	2073.441790532146	1	0	1	2.235154106340448
189164.1979230064	3000.0	222.6095945944818	313.36572706879895	0	0.0	2386.807517600915	1	0	1	0.32725094195289683
190098.52302579675	3000.0	538.5356457560214	250.25115395187328	0	0.0	2637.0586715528043	1	0	1	0.6770729397689039
191406.09457842083	3000.0	274.33637452493923	43.372281393010155	0	0.0	2680.4309529458405	1	0	1	1.9126182038642887
192327.73873135218	3000.0	530.6035105096863	177.91128891612334	0	0.0	2858.342241861974	1	0	1	1.0793228638087942
192973.9635722751	2000.0	884.37866958679	0.0	0	0.0	2858.342241861974	1	0	1	1.3358603810892047
193501.4155934906	2000.0	1356.9266483713227	0.0	0	0.0	2858.342241861974	1	0	1	1.7413254891973693
194438.28943513232	3000.0	1420.052806729583	0.0	0	0.0	2858.342241861974	1	0	1	1.7413254891973695
194928.12254674663	2000.0	1930.219695115267	0.0	0	0.0	2858.342241861974	1	0	1	1.3358603810892047
195734.0430948142	3000.0	2124.2991470476836	0.0	0	0.0	2858.342241861945	1	0	1	1.7413254891973742
196901.51971138484	3000.0	1956.8225304770629	0.0	0	0.0	2858.342241861945	1	0	1	2.1467905973055386
197600.7910083895	3000.0	2257.5512334724426	0.0	0	0.0	2858.342241862003	1	0	1	2.1467905973055306
198242.9992779525	3000.0	2615.342963909412	0.0	0	0.0	2858.342241862003	1	0	1	2.1467905973055297
199594.3166405449	3000.0	2264.0256013170642	0.0	0	0.0	2858.342241862003	1	0	1	2.1467905973055297
200859.82743384893	3000.0	1998.5148080130602	0.0	0	0.0	2858.342241862003	1	0	1	2.1467905973055297
201881.1448174885	3000.0	1977.1974243734699	0.0	0	0.0	2858.342241862003	1	0	1	2.1467905973055297
202699.95878406198	3000.0	2158.383457799992	0.0	0	0.0	2858.342241862003	1	0	1	2.1467905973055297
203516.19062059178	3000.0	2342.151621270221	0.0	0	0.0	2858.342241862003	1	0	1	2.1467905973055297
204826.8577943454	3000.0	2031.484447516604	0.0	0	0.0	2858.342241862032	1	0	1	2.1467905973055266
205689.53484607607	3000.0	2168.807395785905	0.0	0	0.0	2858.342241862061	1	0	1	2.146790597305521
206521.04342249196	3000.0	2337.298819370051	0.0	0	0.0	2858.342241862061	1	0	1	2.14679059730552
207619.70366055574	3000.0	2238.638581306271	0.0	0	0.0	2858.342241862061	1	0	1	2.14679059730552
209113.0401834162	3000.0	1745.302058445807	0.0	0	0.0	2858.342241862061	1	0	1	2.14679059730552
210152.65183311838	2000.0	1705.6904087436371	0.0	0	0.0	2858.3422418620903	1	0	1	1.3358603810891863
211427.25724592232	3000.0	1431.08499593968	0.0	0	0.0	2858.342241862061	1	0	1	1.741325489197352
212214.23229484147	2000.0	1644.1099470205293	0.0	0	0.0	2858.342241862061	1	0	1	1.3358603810891911
212939.16661808558	2000.0	1919.175623776377	0.0	0	0.0	2858.342241862061	1	0	1	1.7413254891973557
213401.30686957575	2000.0	2457.03537228621	0.0	0	0.0	2858.342241862061	1	0	1	1.7413254891973557
214200.0	2000.0	2658.3422418619366	0.0	0	434.76547207852127	2858.342241862061	1	0	1	1.7413254891973557
215200.0	3000.0	2658.3422418619502	0.0	0	316.31525861803675	2858.342241862032	1	0	1	1.7413254891973602
216200.0	3000.0	2658.342241861947	0.0	0	60.818890049442416	2858.342241862032	1	0	1	2.146790597305525
217225.12482071787	3000.0	2633.2174211441047	0.0	0	0.0	2858.342241862032	1	0	1	2.146790597305525
218294.1968434418	3000.0	2564.145398420202	0.0	0	0.0	2858.342241862061	1	0	1	2.14679059730552
219200.0	2000.0	2658.3422418620125	0.0	0	113.71689593690098	2858.342241862061	1	0	1	1.3358603810891911
220200.0	3000.0	2658.342241862025	0.0	0	173.72746240039123	2858.342241862061	1	0	1	1.7413254891973555
221200.0	3000.0	2658.3422418620157	0.0	0	292.3192853824585	2858.342241862061	1	0	1	2.14679059730552
222418.72259685252	3000.0	2439.619645009475	0.0	0	0.0	2858.342241862032	1	0	1	2.1467905973055212
223200.0	3000.0	2658.3422418620057	0.0	0	132.2848679588642	2858.342241862032	1	0	1	2.146790597305525
224200.0	3000.0	2658.342241862026	0.0	0	268.26798295453773	2858.342241862061	1	0	1	2.14679059730552
225468.475973912	3000.0	2389.8662679500217	0.0	0	0.0	2858.342241862061	1	0	1	2.14679059730552
226417.7044273383	2000.0	2440.6378145236936	0.0	0	0.0	2858.342241862032	1	0	1	1.335860381089192
227200.0	2000.0	2658.3422418620357	0.0	0	307.6112983657222	2858.342241862061	1	0	1	1.7413254891973557
228200.0	2000.0	2658.342241862013	0.0	0	260.98866250293213	2858.3422418620903	1	0	1	1.7413254891973509
229340.61708235843	2000.0	2517.7251595035923	0.0	0	0.0	2858.3422418620903	1	0	1	1.7413254891973509
230252.85590057104	2000.0	2605.486341291006	0.0	0	0.0	2858.3422418620903	1	0	1	1.7413254891973509
231200.0	2000.0	2658.342241862068	0.0	0	256.4903098254581	2858.3422418620903	1	0	1	1.7413254891973509
232200.0	2000.0	2658.342241862065	0.0	0	330.8187622932601	2858.3422418621194	1	0	1	1.7413254891973462
233269.46573074904	2000.0	2588.8765111130265	0.0	0	0.0	2858.3422418620903	1	0	1	1.7413254891973509
234200.0	2000.0	2658.3422418620617	0.0	0	316.9862467927451	2858.3422418620903	1	0	1	1.7413254891973509
235200.0	2000.0	2658.3422418620185	0.0	0	446.3428817112872	2858.3422418621194	1	0	1	1.7413254891973462
236200.0	2000.0	2658.3422418620266	0.0	0	586.6978430626914	2858.3422418621194	1	0	1	1.7413254891973462
237200.0	2000.0	2658.3422418620507	0.0	0	567.0363831481664	2858.3422418621194	1	0	1	1.7413254891973462
238200.0	2000.0	2658.342241862026	0.0	0	559.18641660086	2858.3422418621485	1	0	1	1.7413254891973418
239200.0	3000.0	2658.3422418619907	0.0	0	417.86969467188464	2858.3422418621485	1	0	1	1.7413254891973415
240311.17285439052	3000.0	2547.169387471505	0.0	0	0.0	2858.3422418621485	1	0	1	2.146790597305506
241200.0	3000.0	2658.342241862034	0.0	0	129.54687282739906	2858.3422418621485	1	0	1	2.146790597305506
242200.0	3000.0	2658.3422418620708	0.0	0	264.2485216242203	2858.3422418621776	1	0	1	2.1467905973055017
243200.0	3000.0	2658.342241862053	0.0	0	338.68394383232226	2858.3422418621485	1	0	1	2.146790597305506
244205.73776665752	3000.0	2652.6044752045354	0.0	0	0.0	2858.3422418621485	1	0	1	2.146790597305506
245200.0	3000.0	2658.342241862033	0.0	0	2.3619647049927153	2858.3422418621485	1	0	1	2.146790597305506
246200.0	3000.0	2658.3422418620485	0.0	0	228.0127299898886	2858.3422418621485	1	0	1	2.146790597305506
247200.0	3000.0	2658.342241862056	0.0	0	326.68851724563865	2858.3422418621776	1	0	1	2.1467905973055017
248200.0	3000.0	2658.34224186207	0.0	0	199.1653078792442	2858.3422418621776	1	0	1	2.1467905973055017
249341.9915221351	3000.0	2516.3507197269614	0.0	0	0.0	2858.3422418621776	1	0	1	2.1467905973055017
250846.5226252756	3000.0	2011.819616586462	0.0	0	0.0	2858.3422418621776	1	0	1	2.1467905973055017
252309.94027012872	3000.0	1548.4019717333367	0.0	0	0.0	2858.3422418621776	1	0	1	2.1467905973055017
253739.9721880628	3000.0	1118.370053799259	0.0	0	0.0	2858.3422418621776	1	0	1	2.1467905973055017
254603.7802781384	2000.0	1254.5619637236373	0.0	0	0.0	2858.3422418621776	1	0	1	1.3358603810891725
255245.02781887836	2000.0	1613.3144229836823	0.0	0	0.0	2858.3422418621776	1	0	1	1.741325489197337
256024.45695317452	2000.0	1833.8852886875027	0.0	0	0.0	2858.3422418621485	1	0	1	1.7413254891973418
256853.15657757976	2000.0	2005.1856642822859	0.0	0	0.0	2858.3422418621485	1	0	1	1.7413254891973418
257399.98149489745	2000.0	2458.3607469645917	0.0	0	0.0	2858.3422418621485	1	0	1	1.7413254891973418
258200.0	2000.0	2658.3422418620185	0.0	0	137.0701752603345	2858.3422418621485	1	0	1	1.7413254891973418
259200.0	2000.0	2658.3422418620066	0.0	0	493.0933833970048	2858.3422418621194	1	0	1	1.7413254891973462
260200.0	2000.0	2658.3422418620216	0.0	0	576.366837407928	2858.3422418621194	1	0	1	1.7413254891973462
261200.0	2000.0	2658.342241862018	0.0	0	622.8037994525803	2858.3422418621485	1	0	1	1.7413254891973418
262200.0	3000.0	2658.3422418620053	0.0	0	149.07082672818797	2858.3422418621194	1	0	1	1.7413254891973464
263207.45130911237	3000.0	2650.8909327496126	0.0	0	0.0	2858.342241862061	1	0	1	2.146790597305518
265092.09847527277	3000.0	1766.2437665891653	0.0	0	0.0	2858.342241862032	1	0	1	2.146790597305524
266435.66518549685	2000.0	1422.677056365064	0.0	0	0.0	2858.342241862032	1	0	1	1.3358603810891956
267422.9276148963	2000.0	1435.4146269656158	0.0	0	0.0	2858.3422418620903	1	0	1	1.7413254891973509
268032.3976435552	2000.0	1825.9445983068076	0.0	0	0.0	2858.342241862032	1	0	1	1.7413254891973602
268614.2201207983	2000.0	2244.1221210636977	0.0	0	0.0	2858.342241862032	1	0	1	1.7413254891973602
269200.0	2000.0	2658.342241861915	0.0	0	72.67624083696865	2858.342241862032	1	0	1	1.7413254891973602
270200.0	2000.0	2658.342241861962	0.0	0	240.61504096665885	2858.342241861974	1	0	1	1.7413254891973693
271200.0	2000.0	2658.3422418619	0.0	0	348.0573974844883	2858.342241862032	1	0	1	1.7413254891973602
272200.0	2000.0	2658.3422418618643	0.0	0	602.9475352580193	2858.3422418620903	1	0	1	1.7413254891973509
273200.0	3000.0	2658.342241861917	0.0	0	503.6009434967418	2858.3422418620903	1	0	1	1.741325489197351
274451.16813711094	3000.0	2407.1741047509927	0.0	0	0.0	2858.342241862032	1	0	1	2.1467905973055177
275601.30743243435	3000.0	2257.0348094276164	0.0	0	0.0	2858.3422418620903	1	0	1	2.1467905973055155
276404.87671520637	3000.0	2453.465526655591	0.0	0	0.0	2858.3422418620903	1	0	1	2.1467905973055155
277200.0	3000.0	2658.3422418619703	0.0	0	32.99158275016816	2858.3422418620903	1	0	1	2.1467905973055155
278200.0	3000.0	2658.34224186193	0.0	0	273.41042189107975	2858.342241862032	1	0	1	2.146790597305525
279637.8005695217	3000.0	2220.5416723402122	0.0	0	0.0	2858.3422418620903	1	0	1	2.1467905973055155
280631.99316508404	3000.0	2226.349076777883	0.0	0	0.0	2858.3422418621485	1	0	1	2.146790597305506
281757.76825285435	3000.0	2100.573989007539	0.0	0	0.0	2858.342241862032	1	0	1	2.146790597305523
283128.7808798614	3000.0	1729.5613620004758	0.0	0	0.0	2858.3422418620903	1	0	1	2.1467905973055155
284358.4256790958	3000.0	1499.916562766016	0.0	0	0.0	2858.342241861974	1	0	1	2.1467905973055323
285511.7471228022	3000.0	1346.5951190596427	0.0	0	0.0	2858.342241862032	1	0	1	2.14679059730553
286364.33891661715	3000.0	1494.0033252445992	0.0	0	0.0	2858.342241862032	1	0	1	2.146790597305525
286917.7095132272	3000.0	1940.6327286344947	0.0	0	0.0	2858.342241862032	1	0	1	2.146790597305525
287517.2681357193	3000.0	2341.074106142418	0.0	0	0.0	2858.342241862032	1	0	1	2.146790597305525
288312.7595498104	3000.0	2545.5826920513314	0.0	0	0.0	2858.342241861974	1	0	1	2.146790597305534
289355.5972756421	3000.0	2502.7449662195413	0.0	0	0.0	2858.342241861974	1	0	1	2.146790597305534
290605.2014824273	3000.0	2253.140759434301	0.0	0	0.0	2858.3422418618575	1	0	1	2.146790597305547
291714.7714090382	3000.0	2143.570832823351	0.0	0	0.0	2858.3422418618575	1	0	1	2.1467905973055563
292854.77181754226	3000.0	2003.570424319364	0.0	0	0.0	2858.3422418618575	1	0	1	2.1467905973055528
293643.7570900655	3000.0	2214.585151796069	0.0	0	0.0	2858.3422418617993	1	0	1	2.146790597305558
295012.41246833233	3000.0	1845.9297735292878	0.0	0	0.0	2858.3422418617993	1	0	1	2.1467905973055617
295758.0910334328	3000.0	2100.251208428842	0.0	0	0.0	2858.3422418617993	1	0	1	2.1467905973055617
296781.10040489776	3000.0	2077.2418369638226	0.0	0	0.0	2858.3422418617993	1	0	1	2.1467905973055617
297592.7832614448	2000.0	2265.558980416667	0.0	0	0.0	2858.3422418617993	1	0	1	1.3358603810892324
298211.7137394594	2000.0	2646.6285024021336	0.0	0	0.0	2858.3422418617993	1	0	1	1.741325489197397
299200.0	2000.0	2658.3422418615305	0.0	0	465.25804089731537	2858.342241861741	1	0	1	1.7413254891974062
300200.0	2000.0	2658.3422418615214	0.0	0	534.2274581704405	2858.342241861741	1	0	1	1.7413254891974062
3.22	3.07	1.89	2.03	2.94	3.83	4.36	1.8	2.12	3.1	3.51	3.73	3.66	2.63	3.36	4.66	4.16	2.35	3.58	4.97	6.16	4.21	2.66	2.11	2.57	3.86	4.92	3.07	2.93	4.22	3.88	3.27	1.37	2.64	2.42	2.7	3.56	2.93	2.78	3.41	3.78	4.56	2.09	3.13	3.76	1.85	2.44	3.7	4.39	3.26	2.48	2.72	3.78	3.04	2.85	2.56	2.29	2.57	2.66	3.85	4.97	5.33	3.92	2.11	2.44	2.65	3.03	4.45	2.97	3.51	4.32	1.91	2.15	3.27	3.08	1.95	2.97	3.22	3.02	2.61	2.7	3.87	5.1	4.92	5.71	4.95	2.95	3.83	4.85	4.4	2.7	4.01	3.79	3.73	3.24	3.56	2.75	2.19	1.84	2.29	2.35	3.22	3.26	2.8	3.26	4.11	4.18	4.23	2.84	2.59	2.03	2.21	1.91	2.53	3.67	4.74	3.37	4.04	5.33	4.95	2.63	3.02	2.94	3.97	4.04	2.19	3.56	3.22	3.49	2.33	2.9	3.04	3.85	5.02	3.13	2.71	3.24	2.17	2.26	2.99	2.9	3.17	3.63	3.45	2.9	3.52	4.89	3.93	2.42	2.61	3.22	3.07	1.89	2.03	2.94	3.83	4.36	1.8	2.12	3.1	3.51	3.73	3.66	2.63	3.36	4.66	4.16	2.35	3.58	4.97	6.16	4.21	2.66	2.11	2.57	3.86	4.92	3.07	2.93	4.22	3.88	3.27	1.37	2.64	2.42	2.7	3.56	2.93	2.78	3.41	3.78	4.56	2.09	3.13	3.76	1.85	2.44	3.7	4.39	3.26	2.48	2.72	3.78	3.04	2.85	2.56	2.29	2.57	2.66	3.85	4.97	5.33	3.92	2.11	2.44	2.65	3.03	4.45	2.97	3.51	4.32	1.91	2.15	3.27	3.08	1.95	2.97	3.22	3.02	2.61	2.7	3.87	5.1	4.92	5.71	4.95	2.95	3.83	4.85	4.4	2.7	4.01	3.79	3.73	3.24	3.56	2.75	2.19	1.84	2.29	2.35	3.22	3.26	2.8	3.26	4.11	4.18	4.23	2.84	2.59	2.03	2.21	1.91	2.53	3.67	4.74	3.37	4.04	5.33	4.95	2.63	3.02	2.94	3.97	4.04	2.19	3.56	3.22	3.49	2.33	2.9	3.04	3.85	5.02	3.13	2.71	3.24	2.17	2.26	2.99	2.9	3.17	3.63	3.45	2.9	3.52	4.89	3.93	2.42	2.61	3.22
1.0	2.0	3.0	4.0	5.0	6.0	7.0	8.0	9.0	10.0	11.0	12.0	13.0	14.0	15.0	16.0	17.0	18.0	19.0	20.0	21.0	22.0	23.0	24.0	25.0	26.0	27.0	28.0	29.0	30.0	31.0	32.0	33.0	34.0	35.0	36.0	37.0	38.0	39.0	40.0	41.0	42.0	43.0	44.0	45.0	46.0	47.0	48.0	49.0	50.0	51.0	52.0	53.0	54.0	55.0	56.0	57.0	58.0	59.0	60.0	61.0	62.0	63.0	64.0	65.0	66.0	67.0	68.0	69.0	70.0	71.0	72.0	73.0	74.0	75.0	76.0	77.0	78.0	79.0	80.0	81.0	82.0	83.0	84.0	85.0	86.0	87.0	88.0	89.0	90.0	91.0	92.0	93.0	94.0	95.0	96.0	97.0	98.0	99.0	100.0	101.0	102.0	103.0	104.0	105.0	106.0	107.0	108.0	109.0	110.0	111.0	112.0	113.0	114.0	115.0	116.0	117.0	118.0	119.0	120.0	121.0	122.0	123.0	124.0	125.0	126.0	127.0	128.0	129.0	130.0	131.0	132.0	133.0	134.0	135.0	136.0	137.0	138.0	139.0	140.0	141.0	142.0	143.0	144.0	145.0	146.0	147.0	148.0	149.0	149.0	150.0	151.0	152.0	153.0	154.0	155.0	156.0	157.0	158.0	159.0	160.0	161.0	162.0	163.0	164.0	165.0	166.0	167.0	168.0	169.0	170.0	171.0	172.0	173.0	174.0	175.0	176.0	177.0	178.0	179.0	180.0	181.0	182.0	183.0	184.0	185.0	186.0	187.0	188.0	189.0	190.0	191.0	192.0	193.0	194.0	195.0	196.0	197.0	198.0	199.0	200.0	201.0	202.0	203.0	204.0	205.0	206.0	207.0	208.0	209.0	210.0	211.0	212.0	213.0	214.0	215.0	216.0	217.0	218.0	219.0	220.0	221.0	222.0	223.0	224.0	225.0	226.0	227.0	228.0	229.0	230.0	231.0	232.0	233.0	234.0	235.0	236.0	237.0	238.0	239.0	240.0	241.0	242.0	243.0	244.0	245.0	246.0	247.0	248.0	249.0	250.0	251.0	252.0	253.0	254.0	255.0	256.0	257.0	258.0	259.0	260.0	261.0	262.0	263.0	264.0	265.0	266.0	267.0	268.0	269.0	270.0	271.0	272.0	273.0	274.0	275.0	276.0	277.0	278.0	279.0	280.0	281.0	282.0	283.0	284.0	285.0	286.0	287.0	288.0	289.0	290.0	291.0	292.0	293.0	294.0	295.0	296.0	297.0	298.0	298.0	299.0
4339.842173508573
