4334.337541740528	300.0	2000.0	178.1484428026468	0	0.0	4334.337541740528	1	0	1	-1.6749876303255133
4729.183127913457	500.0	2605.1544138270706	0.0	0	0.0	4334.337541740528	1	0	1	-0.6261228791164006
5215.155099742998	500.0	3070.5852448145765	0.0	0	0.0	4285.740344557574	1	0	2	-0.4976695573491827
5709.7386732463865	500.0	3526.543313960848	0.0	0	0.0	4236.281987207235	1	0	2	-0.2709067890613842
6200.0	500.0	3987.2558545318725	0.0	0	71.24975417367659	4187.255854531873	1	0	2	-0.2471549513773985
7200.0	500.0	3887.255854531874	0.0	0	669.8395360135664	4087.255854531874	1	0	2	-0.21231749432624775
8200.0	500.0	3787.255854531873	0.0	0	750.2232237279441	3987.2558545318725	1	0	2	-0.16779127635491334
9200.0	1000.0	3687.2558545318752	0.0	0	548.4636000882674	3887.2558545318752	1	0	2	-0.12622190019004742
10200.0	1000.0	3587.255854531874	0.0	0	325.4686664541132	3787.2558545318743	1	0	2	0.6057137170501952
11200.0	1000.0	3487.2558545318716	0.0	0	120.8057015435279	3687.2558545318716	1	0	2	0.6443561559352682
12200.0	1000.0	3387.255854531871	0.0	0	624.7422111768501	3587.2558545318698	1	0	2	0.6726604008248162
13200.0	1000.0	3287.25585453187	0.0	0	488.8495469482241	3487.2558545318698	1	0	2	0.7029333926712044
14200.0	1000.0	3187.255854531871	0.0	0	350.65813967100075	3387.2558545318698	1	0	2	0.7305651079467244
15200.0	1000.0	3087.25585453187	0.0	0	162.1412522087594	3287.2558545318698	1	0	2	0.7570783984543399
16200.0	1000.0	3087.2558545318698	0.0	0	136.16380691069753	3287.2558545318698	1	0	1	0.7649611835268231
17379.251644805	1000.0	2908.004209726871	0.0	0	0.0	3287.2558545318716	1	0	1	0.9649611835268229
18420.0170801215	1000.0	2867.2387744103744	0.0	0	0.0	3287.2558545318752	1	0	1	0.9649611835268221
19200.102834528556	1000.0	3009.144444562615	0.0	0	0.0	3209.2472790911725	1	0	2	0.5794614221433038
20200.0	1000.0	2909.2575625440254	0.0	0	561.2707096095764	3109.2575625440295	1	0	2	0.795385477411383
21200.0	1000.0	2909.257562544028	0.0	0	346.96676349844347	3109.2575625440295	1	0	1	0.8034108994535848
22337.457364220292	1000.0	2771.800198323737	0.0	0	0.0	3109.2575625440295	1	0	1	1.0034108994535849
23200.0	1000.0	2823.0032989660604	0.0	0	237.2625241231981	3023.0032989660613	1	0	2	0.6139640580771408
24200.0	1000.0	2823.0032989660576	0.0	0	298.7870792449103	3023.0032989660613	1	0	1	0.8199594116016675
25200.0	1000.0	2723.0032989660594	0.0	0	383.40840464571374	2923.0032989660613	1	0	2	0.6310600400676528
26428.503570348006	1000.0	2494.4997286180565	0.0	0	0.0	2923.0032989660613	1	0	1	0.8375986799272372
27604.101104740686	1000.0	2318.902194225377	0.0	0	0.0	2923.0032989660613	1	0	1	1.0375986799272374
29271.125465160592	1000.0	1485.1753977634826	0.0	0	0.0	2756.3008629240685	1	0	2	0.657900041909351
30117.15183845431	1000.0	1639.1490244697675	0.0	0	0.0	2756.3008629240685	1	0	1	0.8636474521613269
30927.192066042033	1000.0	1829.108796882045	0.0	0	0.0	2756.300862924072	1	0	1	1.0636474521613266
31366.52407856757	1000.0	2389.7767843565084	0.0	0	0.0	2756.300862924072	1	0	1	1.0636474521613266
32200.0	1000.0	2556.3008629240794	0.0	0	242.2051748471349	2756.300862924072	1	0	1	1.0636474521613266
33200.0	1000.0	2556.300862924084	0.0	0	441.3912217545658	2756.3008629240794	1	0	1	1.0636474521613262
34200.0	1000.0	2556.300862924085	0.0	0	70.394679486104	2756.3008629240794	1	0	1	1.063647452161325
35200.0	1000.0	2556.300862924092	0.0	0	246.643164599569	2756.3008629240867	1	0	1	1.0636474521613246
36200.0	1000.0	2556.300862924096	0.0	0	409.05542496798444	2756.3008629240867	1	0	1	1.0636474521613244
37200.0	1000.0	2456.300862924091	0.0	0	263.61931445539085	2656.3008629240794	1	0	2	0.6726014790452695
38200.0	1000.0	2356.300862924095	0.0	0	216.0873016624828	2556.300862924072	1	0	2	0.8859122319246837
39200.0	1000.0	2356.300862924096	0.0	0	256.4162057661888	2556.300862924072	1	0	1	0.8900340124423958
40200.0	1000.0	2356.300862924099	0.0	0	158.46338426227885	2556.300862924072	1	0	1	1.090034012442396
41200.0	1000.0	2356.3008629241003	0.0	0	305.0807702414677	2556.300862924072	1	0	1	1.090034012442396
42200.0	1000.0	2356.300862924098	0.0	0	471.96329903785954	2556.300862924072	1	0	1	1.090034012442396
43200.0	1000.0	2356.300862924098	0.0	0	396.2965061012801	2556.300862924065	1	0	1	1.0900340124423968
44200.0	1000.0	2356.3008629240994	0.0	0	348.1837561501234	2556.300862924072	1	0	1	1.090034012442396
45200.0	1000.0	2356.3008629241	0.0	0	278.07180423622776	2556.300862924072	1	0	1	1.090034012442396
46200.0	1000.0	2356.3008629241	0.0	0	332.0289109721198	2556.300862924072	1	0	1	1.090034012442396
47261.70881057896	1000.0	2294.5920523451437	0.0	0	0.0	2556.300862924072	1	0	1	1.090034012442396
48429.46746094307	1000.0	2126.833401981034	0.0	0	0.0	2556.300862924072	1	0	1	1.090034012442396
49200.0	1000.0	2356.3008629241044	0.0	0	179.04701246383775	2556.300862924072	1	0	1	1.090034012442396
50200.0	1000.0	2356.300862924104	0.0	0	183.6460213942919	2556.300862924072	1	0	1	1.090034012442396
51499.70219521622	1000.0	2056.5986677078918	0.0	0	0.0	2556.300862924065	1	0	1	1.0900340124423968
52675.44661509714	1000.0	1880.8542478269703	0.0	0	0.0	2556.300862924065	1	0	1	1.0900340124423968
53702.324596309205	1000.0	1853.9762666149147	0.0	0	0.0	2556.300862924065	1	0	1	1.0900340124423968
54654.31736291481	1000.0	1806.7842233487472	0.0	0	0.0	2461.101586263503	1	0	2	0.6985822743685746
55719.50760240092	1000.0	1741.5939838626336	0.0	0	0.0	2461.1015862635104	1	0	1	0.900961347064559
56448.94259984753	1000.0	2012.1589864160283	0.0	0	0.0	2461.1015862635104	1	0	1	1.1009613470645592
57267.58458161002	1000.0	2193.517004653547	0.0	0	0.0	2461.1015862635104	1	0	1	1.1009613470645592
58246.38362774062	1000.0	2214.7179585229433	0.0	0	171.6285439063431	2461.101586263503	1	0	1	1.1009613470645598
60040.15507410466	1000.0	1420.946512158907	0.0	0	0.0	2461.101586263503	1	0	1	1.1009613470645598
60853.38306953741	1000.0	1607.7185167261534	0.0	0	0.0	2461.101586263503	1	0	1	1.1009613470645598
61477.57278848564	1000.0	1983.5287977779356	0.0	0	0.0	2461.101586263503	1	0	1	1.1009613470645598
62200.0	1000.0	2261.1015862635777	0.0	0	125.7315041524198	2461.101586263503	1	0	1	1.1009613470645598
63200.0	1000.0	2261.101586263571	0.0	0	331.80998268827534	2461.101586263503	1	0	1	1.1009613470645598
64200.0	1000.0	2261.10158626358	0.0	0	119.02629407581844	2461.101586263503	1	0	1	1.1009613470645598
65200.0	1000.0	2261.101586263578	0.0	0	139.4832130379291	2461.101586263503	1	0	1	1.1009613470645598
66200.0	1000.0	2261.101586263588	0.0	0	378.4176193164458	2461.1015862635177	1	0	1	1.1009613470645594
67293.50597861255	1000.0	2167.5956076510297	0.0	0	0.0	2461.1015862635104	1	0	1	1.100961347064559
68200.0	1000.0	2261.1015862635877	0.0	0	344.3828750083194	2461.1015862635104	1	0	1	1.1009613470645594
69200.0	1000.0	2261.101586263579	0.0	0	140.68746215020656	2461.1015862635104	1	0	1	1.1009613470645592
70200.0	1000.0	2261.101586263557	0.0	0	375.92754498758586	2461.101586263496	1	0	1	1.1009613470645607
71200.0	1000.0	2261.1015862635563	0.0	0	333.9782879870618	2461.1015862634813	1	0	1	1.1009613470645623
72200.0	1000.0	2161.1015862635472	0.0	0	397.988129930236	2361.1015862634813	1	0	2	0.7076222650903207
73200.0	1000.0	2161.101586263543	0.0	0	530.5505815879587	2361.1015862634813	1	0	1	0.9114302519142199
74200.0	1000.0	2161.101586263555	0.0	0	308.5791869858076	2361.1015862634813	1	0	1	1.11143025191422
75200.0	1000.0	2161.1015862635477	0.0	0	163.14022123433824	2361.1015862634813	1	0	1	1.11143025191422
76200.0	1000.0	2161.101586263533	0.0	0	45.152884102237294	2361.1015862634813	1	0	1	1.11143025191422
77200.0	1000.0	2161.101586263529	0.0	0	28.40602108607709	2361.1015862634813	1	0	1	1.11143025191422
78200.0	1000.0	2161.1015862635218	0.0	0	12.228193296483369	2361.101586263452	1	0	1	1.1114302519142223
79200.0	1000.0	2161.1015862635254	0.0	0	137.00626453543373	2361.101586263452	1	0	1	1.111430251914223
80200.0	1000.0	2161.101586263526	0.0	0	275.328852087594	2361.101586263452	1	0	1	1.111430251914223
81200.0	1000.0	2161.101586263515	0.0	0	526.1307542802679	2361.101586263452	1	0	1	1.111430251914223
82200.0	1000.0	2161.101586263519	0.0	0	274.13841051132476	2361.101586263452	1	0	1	1.111430251914223
83200.0	1000.0	2161.10158626351	0.0	0	482.9667416061857	2361.101586263452	1	0	1	1.111430251914223
84202.07008310265	1000.0	2159.0315031608607	0.0	0	120.44323764447472	2361.101586263452	1	0	1	1.111430251914223
85200.0	1000.0	2161.1015862635027	0.0	0	91.77862699877005	2361.101586263452	1	0	1	1.111430251914223
86200.0	1000.0	2161.1015862634936	0.0	0	418.1261240331223	2361.101586263452	1	0	1	1.111430251914223
87200.0	1000.0	2161.101586263512	0.0	0	418.6092662433366	2361.1015862634376	1	0	1	1.1114302519142245
88200.0	1000.0	2161.1015862635154	0.0	0	346.38568102922	2361.1015862634376	1	0	1	1.1114302519142245
89200.0	1000.0	2161.101586263536	0.0	0	551.8720635484497	2361.1015862634376	1	0	1	1.1114302519142245
90200.0	1000.0	2161.101586263527	0.0	0	273.40814534663514	2361.101586263423	1	0	1	1.1114302519142256
91200.0	1000.0	2161.101586263522	0.0	0	469.415493868044	2361.101586263423	1	0	1	1.1114302519142258
92200.0	1000.0	2161.1015862635227	0.0	0	347.96601446229033	2361.101586263423	1	0	1	1.1114302519142258
93200.0	1000.0	2161.101586263521	0.0	0	398.42238916648785	2361.1015862634376	1	0	1	1.1114302519142245
94200.0	1000.0	2161.101586263525	0.0	0	259.3718785911333	2361.1015862634376	1	0	1	1.1114302519142245
95200.0	1000.0	2161.101586263508	0.0	0	429.25502200773917	2361.1015862634376	1	0	1	1.1114302519142245
96200.0	1000.0	2161.101586263482	0.0	0	429.52312719447946	2361.101586263423	1	0	1	1.1114302519142258
97200.0	1000.0	2161.1015862634913	0.0	0	519.7263118434639	2361.101586263423	1	0	1	1.1114302519142258
98200.0	1000.0	2161.1015862634927	0.0	0	157.51794151689683	2361.101586263423	1	0	1	1.1114302519142258
99228.07118784144	1000.0	2133.0303984220427	0.0	0	0.0	2361.1015862634376	1	0	1	1.1114302519142245
100200.0	1000.0	2161.1015862634754	0.0	0	107.57326635012578	2361.1015862634376	1	0	1	1.1114302519142245
101200.0	1000.0	2161.1015862634627	0.0	0	486.549509283097	2361.101586263452	1	0	1	1.111430251914223
102317.1922336526	1000.0	2043.9093526108497	0.0	0	0.0	2361.101586263452	1	0	1	1.111430251914223
103574.79476912078	1000.0	1786.3068171426467	0.0	0	0.0	2361.1015862634376	1	0	1	1.1114302519142245
104217.41736600689	1000.0	2143.684220256552	0.0	0	0.0	2361.1015862634376	1	0	1	1.1114302519142245
105319.10022111214	1000.0	2042.0013651513002	0.0	0	0.0	2361.1015862634376	1	0	1	1.1114302519142245
106340.50603787019	1000.0	2020.5955483932516	0.0	0	0.0	2361.101586263452	1	0	1	1.111430251914223
107747.68780845455	1000.0	1613.4137778088923	0.0	0	0.0	2361.1015862634376	1	0	1	1.1114302519142245
108611.34916790355	1000.0	1749.7524183598748	0.0	0	0.0	2361.101586263423	1	0	1	1.1114302519142258
109535.79562748334	1000.0	1825.3059587800856	0.0	0	0.0	2361.101586263423	1	0	1	1.1114302519142258
110383.45907540497	1000.0	1977.6425108584547	0.0	0	0.0	2361.101586263423	1	0	1	1.1114302519142258
111252.65335457805	1000.0	2108.448231685379	0.0	0	0.0	2361.101586263423	1	0	1	1.1114302519142258
112200.0	1000.0	2161.1015862634267	0.0	0	147.95786661656166	2361.101586263423	1	0	1	1.1114302519142258
113200.0	1000.0	2161.1015862634313	0.0	0	7.455170776229352	2361.101586263423	1	0	1	1.1114302519142258
114200.0	1000.0	2161.1015862634254	0.0	0	130.62319662750815	2361.101586263423	1	0	1	1.1114302519142258
115514.9101512047	1000.0	1846.191435058717	0.0	0	0.0	2361.101586263423	1	0	1	1.1114302519142258
116387.33802178018	1000.0	1973.763564483264	0.0	0	0.0	2361.1015862634376	1	0	1	1.1114302519142245
117200.0	1000.0	2161.1015862634436	0.0	0	74.80120596253255	2361.1015862634376	1	0	1	1.1114302519142245
118200.0	1000.0	2161.1015862634504	0.0	0	96.87087041491759	2361.1015862634376	1	0	1	1.1114302519142245
119200.0	1000.0	2161.1015862634476	0.0	0	403.18518119816144	2361.1015862634376	1	0	1	1.1114302519142245
120200.0	1000.0	2161.1015862634595	0.0	0	507.3389854834386	2361.1015862634376	1	0	1	1.1114302519142245
121200.0	1000.0	2161.1015862634426	0.0	0	383.8821816751588	2361.101586263423	1	0	1	1.1114302519142258
122200.0	1000.0	2161.1015862634476	0.0	0	212.0795075969363	2361.101586263423	1	0	1	1.1114302519142258
123200.0	1000.0	2161.101586263438	0.0	0	294.62366668616596	2361.1015862634376	1	0	1	1.1114302519142245
124200.0	1000.0	2161.1015862634504	0.0	0	227.0246204158757	2361.1015862634376	1	0	1	1.1114302519142245
125200.0	1000.0	2161.1015862634554	0.0	0	385.80581148584315	2361.1015862634376	1	0	1	1.1114302519142245
126200.0	1000.0	2161.101586263449	0.0	0	107.27830687566893	2361.1015862634376	1	0	1	1.1114302519142245
127200.0	1000.0	2161.101586263437	0.0	0	87.01867345868959	2361.1015862634376	1	0	1	1.1114302519142245
128200.0	1000.0	2161.1015862634445	0.0	0	348.3305051408388	2361.1015862634376	1	0	1	1.1114302519142245
129200.0	1000.0	2061.1015862634404	0.0	0	512.9084300668474	2261.101586263423	1	0	2	0.7172655726980804
130210.70784525944	1000.0	2050.3937410039844	0.0	0	29.42432256502798	2261.101586263423	1	0	1	0.9209516240187154
131251.94112811054	1000.0	2009.160458152876	0.0	0	0.0	2261.101586263423	1	0	1	1.1209516240187158
132454.4531518151	1000.0	1806.6484344483197	0.0	0	0.0	2261.101586263423	1	0	1	1.1209516240187154
133315.56354676696	1000.0	1945.5380394964395	0.0	0	0.0	2261.101586263394	1	0	1	1.120951624018716
134200.0	1000.0	2061.1015862634104	0.0	0	177.26216295344057	2261.101586263394	1	0	1	1.1209516240187183
135200.0	1000.0	2061.1015862634235	0.0	0	492.7258226797858	2261.101586263394	1	0	1	1.1209516240187183
136226.54674637178	1000.0	2034.5548398916515	0.0	0	74.87250119907549	2261.101586263394	1	0	1	1.1209516240187183
137255.99799362462	1000.0	2005.1035926388054	0.0	0	0.0	2261.101586263365	1	0	1	1.120951624018721
138200.0	1000.0	2061.1015862634217	0.0	0	48.447458210226614	2261.101586263365	1	0	1	1.120951624018721
139200.0	1000.0	2061.1015862634663	0.0	0	456.01995069056284	2261.101586263365	1	0	1	1.120951624018721
140200.0	1000.0	2061.1015862634777	0.0	0	385.20514834317146	2261.101586263365	1	0	1	1.120951624018721
141200.0	1000.0	2061.1015862635013	0.0	0	355.92216808066587	2261.101586263365	1	0	1	1.120951624018721
142200.0	1000.0	2061.1015862634968	0.0	0	143.34369162196526	2261.101586263394	1	0	1	1.1209516240187183
143200.0	1000.0	2061.101586263495	0.0	0	112.38881203721394	2261.101586263423	1	0	1	1.1209516240187156
144200.0	1000.0	2061.101586263494	0.0	0	340.11053295151214	2261.101586263423	1	0	1	1.1209516240187156
145200.0	1000.0	2061.1015862635077	0.0	0	299.8054220692138	2261.101586263423	1	0	1	1.1209516240187156
146200.0	1000.0	2061.101586263536	0.0	0	348.9627036177553	2261.101586263423	1	0	1	1.1209516240187156
147250.76399101148	1000.0	2010.3375952520798	0.0	0	0.0	2261.101586263423	1	0	1	1.1209516240187156
148200.0	1000.0	2061.101586263565	0.0	0	201.69897636843962	2261.101586263423	1	0	1	1.1209516240187156
149200.0	1000.0	2061.1015862635722	0.0	0	291.7178620257182	2261.101586263423	1	0	1	1.1209516240187156
150200.0	1000.0	2061.1015862635795	0.0	0	478.55966730657383	2261.101586263452	1	0	1	1.120951624018713
151200.0	1000.0	2061.1015862635977	0.0	0	191.27535681740846	2261.101586263452	1	0	1	1.120951624018713
152200.0	1000.0	2061.1015862635886	0.0	0	428.47967664929456	2261.101586263452	1	0	1	1.120951624018713
153200.0	1000.0	2061.101586263594	0.0	0	504.6817218885117	2261.101586263452	1	0	1	1.120951624018713
154200.0	1000.0	2061.10158626359	0.0	0	242.73616831784602	2261.101586263452	1	0	1	1.120951624018713
155200.0	1000.0	2061.1015862636086	0.0	0	70.50475235618069	2261.101586263452	1	0	1	1.120951624018713
156200.0	1000.0	2061.101586263619	0.0	0	224.48696758795995	2261.101586263423	1	0	1	1.1209516240187156
157200.0	1000.0	2061.1015862636423	0.0	0	485.4067710825184	2261.101586263423	1	0	1	1.1209516240187156
158200.0	1000.0	2061.101586263646	0.0	0	517.5065328548953	2261.101586263394	1	0	1	1.1209516240187183
159200.0	1000.0	2061.101586263677	0.0	0	468.47110192096443	2261.101586263394	1	0	1	1.1209516240187183
160200.0	1000.0	2061.101586263713	0.0	0	263.4997867891216	2261.101586263394	1	0	1	1.1209516240187183
161200.0	1000.0	2061.101586263729	0.0	0	622.3561258053232	2261.101586263394	1	0	1	1.1209516240187183
162200.0	1000.0	2061.1015862637464	0.0	0	505.42509954073466	2261.101586263423	1	0	1	1.1209516240187156
163200.0	1000.0	2061.1015862637532	0.0	0	437.0636057861557	2261.101586263394	1	0	1	1.1209516240187183
164388.87276607915	1000.0	1872.2288201845934	0.0	0	0.0	2261.101586263394	1	0	1	1.1209516240187183
165570.61212675684	1000.0	1690.489459506883	0.0	0	0.0	2261.101586263394	1	0	1	1.1209516240187183
166447.23232243626	1000.0	1813.869263827484	0.0	0	0.0	2261.101586263394	1	0	1	1.1209516240187183
167643.02057742965	1000.0	1618.081008834117	0.0	0	0.0	2261.101586263423	1	0	1	1.1209516240187156
168232.57599435223	1000.0	2028.525591911537	0.0	0	0.0	2261.101586263423	1	0	1	1.1209516240187156
169200.0	1000.0	2061.1015862637432	0.0	0	573.0977977055009	2261.101586263423	1	0	1	1.1209516240187156
170200.0	1000.0	2061.101586263741	0.0	0	344.8615774609498	2261.101586263394	1	0	1	1.1209516240187183
171200.0	1000.0	2061.1015862637328	0.0	0	116.5133095618803	2261.101586263394	1	0	1	1.1209516240187183
172200.0	1000.0	2061.1015862637305	0.0	0	129.70132269413443	2261.101586263394	1	0	1	1.1209516240187183
173200.0	1000.0	2061.1015862637123	0.0	0	426.75198969300254	2261.101586263365	1	0	1	1.120951624018721
174200.0	1000.0	2061.101586263706	0.0	0	448.55759891544585	2261.101586263365	1	0	1	1.120951624018721
175299.94513520563	1000.0	1961.1564510580854	0.0	0	0.0	2261.101586263365	1	0	1	1.120951624018721
176633.9069432439	1000.0	1627.1946430198557	0.0	0	0.0	2261.101586263365	1	0	1	1.120951624018721
178032.7445643446	1000.0	1228.3570219191236	0.0	0	0.0	2261.101586263394	1	0	1	1.1209516240187203
179184.99406567976	1000.0	1076.1075205839657	0.0	0	0.0	2261.101586263394	1	0	1	1.1209516240187183
179941.73693918774	1000.0	1319.364647075969	0.0	0	0.0	2261.101586263394	1	0	1	1.1209516240187183
180362.31115952675	1000.0	1898.7904267369565	0.0	0	0.0	2261.101586263394	1	0	1	1.1209516240187183
181200.0	1000.0	2061.1015862637287	0.0	0	340.65395141617046	2261.101586263423	1	0	1	1.1209516240187156
182200.0	1000.0	2061.101586263685	0.0	0	581.4148088856891	2261.101586263423	1	0	1	1.1209516240187156
183200.0	1000.0	2061.101586263704	0.0	0	203.8588684135466	2261.101586263423	1	0	1	1.1209516240187156
184200.0	1000.0	2061.101586263686	0.0	0	406.6252665868087	2261.101586263423	1	0	1	1.1209516240187156
185200.0	1000.0	2061.1015862636878	0.0	0	536.8268511075876	2261.101586263423	1	0	1	1.1209516240187156
186200.0	1000.0	2061.1015862636677	0.0	0	461.5920392893895	2261.101586263423	1	0	1	1.1209516240187156
187200.0	1000.0	2061.1015862636864	0.0	0	63.11191920505371	2261.101586263423	1	0	1	1.120951624018714
188204.9676457665	1000.0	2056.1339404971714	0.0	0	0.0	2261.101586263452	1	0	1	1.1209516240187145
189200.0	1000.0	2061.1015862636896	0.0	0	278.72821577326977	2261.101586263452	1	0	1	1.120951624018713
190200.0	1000.0	2061.101586263733	0.0	0	409.8290696204349	2261.101586263452	1	0	1	1.120951624018713
191200.0	1000.0	2061.1015862637146	0.0	0	338.01062849353184	2261.101586263423	1	0	1	1.1209516240187156
192200.0	1000.0	2061.1015862637178	0.0	0	186.17970566786244	2261.101586263423	1	0	1	1.1209516240187156
193200.0	1000.0	2061.1015862637014	0.0	0	412.2084144265973	2261.101586263423	1	0	1	1.1209516240187156
194200.0	1000.0	2061.1015862637014	0.0	0	230.01503610322834	2261.101586263423	1	0	1	1.1209516240187156
195200.0	1000.0	2061.101586263726	0.0	0	207.91449842922157	2261.101586263423	1	0	1	1.1209516240187156
196626.97694053026	1000.0	1634.1246457334537	0.0	0	0.0	2261.101586263423	1	0	1	1.1209516240187156
197312.00307134478	1000.0	1949.0985149188882	0.0	0	0.0	2261.101586263394	1	0	1	1.1209516240187183
198200.0	1000.0	2061.101586263637	0.0	0	239.2669214491325	2261.101586263394	1	0	1	1.1209516240187183
199200.0	1000.0	2061.1015862636336	0.0	0	133.8059836725588	2261.101586263394	1	0	1	1.1209516240187183
200200.0	1000.0	2061.101586263602	0.0	0	306.51021332951495	2261.101586263394	1	0	1	1.1209516240187183
201298.87907915443	1000.0	1962.22250710915	0.0	0	0.0	2261.101586263394	1	0	1	1.1209516240187183
202246.59907670497	1000.0	2014.5025095586143	0.0	0	0.0	2261.101586263394	1	0	1	1.1209516240187183
203200.0	1000.0	2061.1015862635822	0.0	0	131.85355375139625	2261.101586263394	1	0	1	1.1209516240187183
204200.0	1000.0	2061.101586263574	0.0	0	129.7886192065198	2261.101586263394	1	0	1	1.1209516240187183
205200.0	1000.0	2061.1015862635886	0.0	0	2.1515257194114383	2261.101586263394	1	0	1	1.1209516240187183
206200.0	1000.0	2061.101586263547	0.0	0	264.9492837926373	2261.101586263365	1	0	1	1.120951624018721
207299.6630608445	1000.0	1961.4385254190743	0.0	0	214.1069521753525	2261.101586263394	1	0	1	1.1209516240187183
208668.1900722334	1000.0	1592.911514030167	0.0	0	0.0	2261.101586263394	1	0	1	1.1209516240187183
209661.37980491927	1000.0	1599.7217813443212	0.0	0	0.0	2261.101586263365	1	0	1	1.120951624018721
210302.27806163125	1000.0	1958.8235246323236	0.0	0	0.0	2261.101586263336	1	0	1	1.1209516240187236
211200.0	1000.0	2061.1015862635363	0.0	0	181.17769996001152	2261.1015862633067	1	0	1	1.1209516240187263
212200.0	1000.0	2061.1015862635477	0.0	0	205.178730294283	2261.1015862632776	1	0	1	1.1209516240187287
213426.43288845703	1000.0	1834.6686978065	0.0	0	0.0	2261.1015862632776	1	0	1	1.1209516240187287
214629.8583622459	1000.0	1631.2432240176054	0.0	0	0.0	2261.1015862632776	1	0	1	1.1209516240187287
215630.00282285563	1000.0	1631.0987634078524	0.0	0	0.0	2261.1015862632776	1	0	1	1.1209516240187287
216705.8906352188	1000.0	1555.21095104469	0.0	0	0.0	2261.1015862632776	1	0	1	1.1209516240187287
217399.00453936477	1000.0	1862.0970468987018	0.0	0	0.0	2261.1015862632776	1	0	1	1.1209516240187287
218200.43746360176	1000.0	2060.6641226617016	0.0	0	0.0	2261.1015862633067	1	0	1	1.1209516240187272
219200.0	1000.0	2061.1015862634304	0.0	0	259.75170976491063	2261.1015862632776	1	0	1	1.1209516240187287
220200.0	1000.0	2061.101586263422	0.0	0	417.4348644443962	2261.1015862633067	1	0	1	1.1209516240187263
221200.0	1000.0	2061.1015862634176	0.0	0	486.55621647660155	2261.1015862633067	1	0	1	1.1209516240187263
222200.0	1000.0	2061.1015862634313	0.0	0	396.69138334546005	2261.1015862633067	1	0	1	1.1209516240187263
223200.0	1000.0	2061.101586263441	0.0	0	552.0692237581825	2261.1015862633067	1	0	1	1.1209516240187263
224200.0	1000.0	2061.101586263425	0.0	0	142.71473136602435	2261.1015862633067	1	0	1	1.1209516240187263
225200.0	1000.0	2061.1015862634194	0.0	0	343.4594507860893	2261.1015862633067	1	0	1	1.1209516240187263
226200.0	1000.0	2061.1015862634395	0.0	0	86.7123592136486	2261.1015862633067	1	0	1	1.1209516240187263
227200.0	1000.0	2061.1015862634185	0.0	0	12.690958296734607	2261.1015862633067	1	0	1	1.1209516240187263
228200.0	1000.0	2061.1015862633994	0.0	0	120.06330637939391	2261.1015862633067	1	0	1	1.1209516240187263
229200.0	1000.0	2061.1015862634013	0.0	0	137.20975468755933	2261.1015862632776	1	0	1	1.1209516240187287
230200.0	1000.0	2061.101586263396	0.0	0	297.72489602008136	2261.1015862632776	1	0	1	1.1209516240187287
231200.0	1000.0	2061.101586263368	0.0	0	365.4856972817215	2261.1015862632485	1	0	1	1.1209516240187314
232200.0	1000.0	2061.101586263333	0.0	0	376.8906759059173	2261.1015862632194	1	0	1	1.120951624018734
233200.0	1000.0	2061.1015862633385	0.0	0	408.3517525084317	2261.1015862632194	1	0	1	1.120951624018734
234372.77045967185	1000.0	1888.3311265914522	0.0	0	0.0	2261.1015862632194	1	0	1	1.120951624018734
235200.0	1000.0	2061.1015862632994	0.0	0	218.08246112402412	2261.1015862632194	1	0	1	1.120951624018734
236200.0	1000.0	2061.1015862633058	0.0	0	408.5715566542931	2261.1015862632194	1	0	1	1.120951624018734
237200.0	1000.0	2061.1015862633076	0.0	0	253.32202721299836	2261.1015862632194	1	0	1	1.120951624018734
238200.0	1000.0	2061.1015862633167	0.0	0	464.48157863272354	2261.1015862632194	1	0	1	1.120951624018734
239200.0	1000.0	2061.1015862632994	0.0	0	394.8276484878734	2261.1015862632194	1	0	1	1.120951624018734
240200.0	1000.0	2061.101586263282	0.0	0	460.10644786054036	2261.1015862632485	1	0	1	1.1209516240187314
241200.0	1000.0	2061.101586263294	0.0	0	468.0369418100454	2261.1015862632485	1	0	1	1.1209516240187314
242200.0	1000.0	2061.101586263313	0.0	0	339.23108470637817	2261.1015862632776	1	0	1	1.1209516240187287
243200.0	1000.0	2061.101586263319	0.0	0	450.87184948753566	2261.1015862632485	1	0	1	1.1209516240187314
244200.0	1000.0	2061.101586263303	0.0	0	39.328403017658275	2261.1015862632485	1	0	1	1.1209516240187298
245200.0	1000.0	2061.1015862633176	0.0	0	315.1170923905738	2261.1015862632485	1	0	1	1.1209516240187314
246200.0	1000.0	2061.1015862633367	0.0	0	508.92376442218665	2261.1015862632485	1	0	1	1.1209516240187314
247200.0	1000.0	2061.1015862633376	0.0	0	314.4151226913964	2261.1015862632485	1	0	1	1.1209516240187314
248200.0	1000.0	2061.1015862633044	0.0	0	161.8682072017691	2261.1015862632194	1	0	1	1.120951624018734
249200.0	1000.0	2061.1015862633085	0.0	0	437.54064428419224	2261.1015862632194	1	0	1	1.120951624018734
250204.8094468123	1000.0	2056.2921394509954	0.0	0	108.02045646859915	2261.1015862632194	1	0	1	1.120951624018734
251200.0	1000.0	2061.1015862633303	0.0	0	175.87421318824636	2261.1015862632485	1	0	1	1.1209516240187314
252200.0	1000.0	2061.101586263314	0.0	0	156.2835385199287	2261.1015862632776	1	0	1	1.1209516240187287
253200.0	1000.0	2061.1015862633126	0.0	0	278.90234294891707	2261.1015862632776	1	0	1	1.1209516240187287
254244.32907165028	1000.0	2016.7725146130435	0.0	0	0.0	2261.1015862632776	1	0	1	1.1209516240187287
255208.7022785936	1000.0	2052.3993076697607	0.0	0	94.09779780349345	2261.1015862632776	1	0	1	1.1209516240187287
256454.69462894267	1000.0	1806.4069573207057	0.0	0	0.0	2261.101586263336	1	0	1	1.120951624018724
257340.65797370364	1000.0	1920.4436125597551	0.0	0	0.0	2261.1015862633067	1	0	1	1.1209516240187256
258210.09975145527	1000.0	2051.001834808137	0.0	0	0.0	2261.1015862633067	1	0	1	1.1209516240187263
259200.0	1000.0	2061.1015862634104	0.0	0	130.43912144290516	2261.1015862633067	1	0	1	1.1209516240187263
260200.0	1000.0	2061.1015862633913	0.0	0	155.1657677758194	2261.1015862633067	1	0	1	1.1209516240187263
261200.0	1000.0	2061.1015862633903	0.0	0	413.98776557060773	2261.1015862633067	1	0	1	1.1209516240187263
262373.57687023206	1000.0	1887.5247160312974	0.0	0	0.0	2261.1015862632776	1	0	1	1.1209516240187272
263563.0818479073	1000.0	1698.019738356046	0.0	0	0.0	2261.1015862632485	1	0	1	1.1209516240187294
264362.0207275233	1000.0	1899.0808587399906	0.0	0	0.0	2261.1015862632485	1	0	1	1.120951624018733
265200.0	1000.0	2061.101586263291	0.0	0	23.498372505011503	2261.1015862632776	1	0	1	1.1209516240187287
266200.0	1000.0	2061.1015862632917	0.0	0	81.05246962659294	2261.1015862632776	1	0	1	1.1209516240187287
267200.0	1000.0	2061.101586263303	0.0	0	273.33666527608875	2261.1015862632194	1	0	1	1.120951624018734
268200.0	1000.0	2061.1015862633294	0.0	0	186.7462822573725	2261.1015862632194	1	0	1	1.120951624018734
269200.0	1000.0	2061.101586263355	0.0	0	263.00571464386303	2261.1015862632194	1	0	1	1.120951624018734
270200.0	1000.0	2061.1015862633435	0.0	0	152.40707873366773	2261.1015862632194	1	0	1	1.120951624018734
271200.0	1000.0	2061.101586263285	0.0	0	305.7037525048945	2261.1015862632194	1	0	1	1.120951624018734
272200.0	1000.0	2061.101586263342	0.0	0	212.69717218651203	2261.1015862632776	1	0	1	1.1209516240187287
273200.0	1000.0	2061.101586263364	0.0	0	334.26032863906585	2261.1015862632776	1	0	1	1.1209516240187287
274200.0	1000.0	2061.101586263362	0.0	0	501.2528235503705	2261.1015862632194	1	0	1	1.120951624018734
275271.82626655017	1000.0	1989.275319713177	0.0	0	0.0	2261.101586263336	1	0	1	1.1209516240187256
276200.0	1000.0	2061.1015862634003	0.0	0	3.089911682647653	2261.1015862632776	1	0	1	1.1209516240187287
277200.0	1000.0	2061.1015862634326	0.0	0	167.7482383263996	2261.1015862632776	1	0	1	1.1209516240187287
278200.0	1000.0	2061.1015862634163	0.0	0	267.5020829382702	2261.1015862632776	1	0	1	1.1209516240187287
279200.0	1000.0	2061.101586263462	0.0	0	99.76014783233404	2261.101586263336	1	0	1	1.1209516240187236
280834.18179877807	1000.0	1426.919787485375	0.0	0	0.0	2261.101586263336	1	0	1	1.1209516240187236
281771.4746544522	1000.0	1489.6269318112784	0.0	0	0.0	2261.101586263336	1	0	1	1.1209516240187236
282508.76412204234	1000.0	1752.3374642210656	0.0	0	0.0	2261.101586263336	1	0	1	1.1209516240187236
283200.0	1000.0	2061.101586263392	0.0	0	162.75232898339164	2261.101586263336	1	0	1	1.1209516240187236
284200.0	1000.0	2061.1015862633976	0.0	0	649.0245732010808	2261.1015862632776	1	0	1	1.1209516240187287
285200.0	1000.0	2061.101586263421	0.0	0	329.8290663539665	2261.101586263336	1	0	1	1.1209516240187236
286308.1754041697	1000.0	1952.926182093703	0.0	0	0.0	2261.1015862632776	1	0	1	1.1209516240187267
287211.3285208539	1000.0	2049.7730654095726	0.0	0	0.0	2261.1015862632776	1	0	1	1.1209516240187287
288200.0	1000.0	2061.1015862634026	0.0	0	125.82792651222553	2261.1015862632776	1	0	1	1.1209516240187287
289200.0	1000.0	2061.1015862633494	0.0	0	469.0804229793721	2261.1015862632776	1	0	1	1.1209516240187287
290200.0	1000.0	2061.101586263358	0.0	0	470.1775358338491	2261.1015862632776	1	0	1	1.1209516240187287
291200.0	1000.0	2061.101586263403	0.0	0	82.60990051244153	2261.1015862632776	1	0	1	1.1209516240187287
292319.89428168035	1000.0	1941.2073045830375	0.0	0	0.0	2261.1015862632776	1	0	1	1.1209516240187287
293200.0	1000.0	2061.101586263382	0.0	0	10.007815791352186	2261.1015862632776	1	0	1	1.1209516240187287
294200.0	1000.0	2061.1015862633794	0.0	0	357.692709300376	2261.1015862632776	1	0	1	1.1209516240187287
295200.0	1000.0	2061.1015862633662	0.0	0	452.8805015969556	2261.1015862632776	1	0	1	1.1209516240187287
296200.0	1000.0	2061.1015862633562	0.0	0	212.46432113612536	2261.1015862632776	1	0	1	1.1209516240187287
297200.0	1000.0	2061.1015862633753	0.0	0	287.005950947525	2261.1015862632776	1	0	1	1.1209516240187287
298200.0	1000.0	2061.10158626343	0.0	0	385.813599315763	2261.1015862632776	1	0	1	1.1209516240187287
299200.0	1000.0	2061.1015862634813	0.0	0	341.69664180628024	2261.1015862632776	1	0	1	1.1209516240187287
300200.0	1000.0	2061.101586263538	0.0	0	477.6622191325878	2261.1015862632776	1	0	1	1.1209516240187287
1.61	0.86	1.55	1.8	1.99	2.22	1.34	2.47	2.78	2.02	0.94	1.2	0.97	0.98	1.11	2.04	2.13	0.96	1.47	1.41	1.67	1.17	1.0	0.61	0.73	1.05	1.47	2.06	2.35	1.37	1.84	1.85	1.64	1.34	1.37	1.53	1.77	1.96	1.37	1.71	1.34	1.64	0.86	0.81	1.56	1.3	1.23	0.76	0.94	0.94	1.2	1.02	1.24	1.45	0.44	0.86	1.48	1.83	1.2	1.02	0.88	1.32	1.07	1.39	1.32	1.95	2.1	1.38	2.42	1.97	1.45	1.44	0.97	1.17	1.32	1.46	2.06	1.6	1.97	1.75	0.8	1.71	1.71	1.8	1.84	1.46	1.65	2.13	1.78	1.61	1.38	1.78	2.13	1.7	1.19	1.55	1.71	0.95	0.86	1.3	1.05	1.47	0.71	1.09	1.45	1.17	1.24	1.76	1.11	1.05	0.83	1.09	1.18	1.22	1.53	1.85	1.61	1.67	1.47	1.25	1.78	1.18	1.31	1.56	1.73	1.51	0.78	0.72	0.97	1.81	2.65	1.49	0.78	1.19	1.54	1.53	1.7	1.36	0.94	1.34	1.77	2.28	1.3	1.34	1.45	1.88	1.6	2.53	2.14	1.32	1.61	0.86	1.55	1.8	1.99	2.22	1.34	2.47	2.78	2.02	0.94	1.2	0.97	0.98	1.11	2.04	2.13	0.96	1.47	1.41	1.67	1.17	1.0	0.61	0.73	1.05	1.47	2.06	2.35	1.37	1.84	1.85	1.64	1.34	1.37	1.53	1.77	1.96	1.37	1.71	1.34	1.64	0.86	0.81	1.56	1.3	1.23	0.76	0.94	0.94	1.2	1.02	1.24	1.45	0.44	0.86	1.48	1.83	1.2	1.02	0.88	1.32	1.07	1.39	1.32	1.95	2.1	1.38	2.42	1.97	1.45	1.44	0.97	1.17	1.32	1.46	2.06	1.6	1.97	1.75	0.8	1.71	1.71	1.8	1.84	1.46	1.65	2.13	1.78	1.61	1.38	1.78	2.13	1.7	1.19	1.55	1.71	0.95	0.86	1.3	1.05	1.47	0.71	1.09	1.45	1.17	1.24	1.76	1.11	1.05	0.83	1.09	1.18	1.22	1.53	1.85	1.61	1.67	1.47	1.25	1.78	1.18	1.31	1.56	1.73	1.51	0.78	0.72	0.97	1.81	2.65	1.49	0.78	1.19	1.54	1.53	1.7	1.36	0.94	1.34	1.77	2.28	1.3	1.34	1.45	1.88	1.6	2.53	2.14	1.32	1.61
1.0	2.0	3.0	4.0	5.0	6.0	7.0	8.0	9.0	10.0	11.0	12.0	13.0	14.0	15.0	16.0	17.0	18.0	19.0	20.0	21.0	22.0	23.0	24.0	25.0	26.0	27.0	28.0	29.0	30.0	31.0	32.0	33.0	34.0	35.0	36.0	37.0	38.0	39.0	40.0	41.0	42.0	43.0	44.0	45.0	46.0	47.0	48.0	49.0	50.0	51.0	52.0	53.0	54.0	55.0	56.0	57.0	58.0	59.0	60.0	61.0	62.0	63.0	64.0	65.0	66.0	67.0	68.0	69.0	70.0	71.0	72.0	73.0	74.0	75.0	76.0	77.0	78.0	79.0	80.0	81.0	82.0	83.0	84.0	85.0	86.0	87.0	88.0	89.0	90.0	91.0	92.0	93.0	94.0	95.0	96.0	97.0	98.0	99.0	100.0	101.0	102.0	103.0	104.0	105.0	106.0	107.0	108.0	109.0	110.0	111.0	112.0	113.0	114.0	115.0	116.0	117.0	118.0	119.0	120.0	121.0	122.0	123.0	124.0	125.0	126.0	127.0	128.0	129.0	130.0	131.0	132.0	133.0	134.0	135.0	136.0	137.0	138.0	139.0	140.0	141.0	142.0	143.0	144.0	145.0	146.0	147.0	148.0	149.0	149.0	150.0	151.0	152.0	153.0	154.0	155.0	156.0	157.0	158.0	159.0	160.0	161.0	162.0	163.0	164.0	165.0	166.0	167.0	168.0	169.0	170.0	171.0	172.0	173.0	174.0	175.0	176.0	177.0	178.0	179.0	180.0	181.0	182.0	183.0	184.0	185.0	186.0	187.0	188.0	189.0	190.0	191.0	192.0	193.0	194.0	195.0	196.0	197.0	198.0	199.0	200.0	201.0	202.0	203.0	204.0	205.0	206.0	207.0	208.0	209.0	210.0	211.0	212.0	213.0	214.0	215.0	216.0	217.0	218.0	219.0	220.0	221.0	222.0	223.0	224.0	225.0	226.0	227.0	228.0	229.0	230.0	231.0	232.0	233.0	234.0	235.0	236.0	237.0	238.0	239.0	240.0	241.0	242.0	243.0	244.0	245.0	246.0	247.0	248.0	249.0	250.0	251.0	252.0	253.0	254.0	255.0	256.0	257.0	258.0	259.0	260.0	261.0	262.0	263.0	264.0	265.0	266.0	267.0	268.0	269.0	270.0	271.0	272.0	273.0	274.0	275.0	276.0	277.0	278.0	279.0	280.0	281.0	282.0	283.0	284.0	285.0	286.0	287.0	288.0	289.0	290.0	291.0	292.0	293.0	294.0	295.0	296.0	297.0	298.0	298.0	299.0
3978.0404451493528
