5067.831111888195	300.0	2000.0	163.71978633455538	0	0.0	5067.831111888195	1	0	1	-2.0763842304658953
5291.743013167235	300.0	2753.6969085930555	0.0	0	0.0	5045.439921760291	1	0	2	-1.5059706447652759
5649.806631664762	500.0	3359.826928245775	0.0	0	0.0	5009.633559910538	1	0	2	-1.2807037315933156
5892.436903404463	500.0	4092.933629332103	0.0	0	0.0	4985.370532736567	1	0	2	-0.7478858435554654
6403.180990121654	1000.0	4531.115133943193	0.0	0	0.0	4934.296124064847	1	0	2	-0.7144550825859106
7200.0	1000.0	4654.614223077012	0.0	0	449.01694851658067	4854.614223077013	1	0	2	0.022246636294874472
8200.0	1000.0	4554.614223077014	0.0	0	620.9690390492888	4754.614223077013	1	0	2	0.09172258703336883
9200.0	1000.0	4454.614223077015	0.0	0	594.6767261150035	4654.614223077014	1	0	2	0.16066938516087012
10200.0	2000.0	4354.614223077013	0.0	0	275.03219895366055	4554.614223077013	1	0	2	0.22876780452163517
11227.938930868588	3000.0	4223.881399121567	0.0	0	0.0	4451.820329990154	1	0	2	0.9897992510195821
12604.553968493557	3000.0	3709.604857734097	0.0	0	0.0	4314.158826227655	1	0	2	1.4682177174470012
13619.066124487019	3000.0	3593.641486141289	0.0	0	0.0	4212.7076106283075	1	0	2	1.5262845032272305
15091.044948964516	3000.0	2974.4647792160417	0.0	0	0.0	4065.5097281805574	1	0	2	1.5898734435372106
16530.52413898201	3000.0	2391.0376701967966	0.0	0	0.0	3921.5618091788074	1	0	2	1.6539316842266811
17315.78125029794	3000.0	2527.254847749273	0.0	0	0.0	3843.0360980472124	1	0	2	1.6900422744050954
18042.081031721376	3000.0	2728.3250881834883	0.0	0	0.0	3770.4061199048647	1	0	2	1.7164087460418702
19297.16295923498	3000.0	2347.734967918524	0.0	0	0.0	3644.897927153499	1	0	2	1.7561266168567626
20428.55807294833	3000.0	2103.20034283384	0.0	0	0.0	3531.7584157821657	1	0	2	1.791118378223735
22039.338694519258	3000.0	1492.4197212629122	0.0	0	0.0	3531.7584157821657	1	0	1	1.800016506566753
23376.778626064814	3000.0	1154.9797897173526	0.0	0	0.0	3531.7584157821657	1	0	1	2.0000165065667534
24577.180202973974	3000.0	954.578212808195	0.0	0	0.0	3531.7584157821657	1	0	1	2.0000165065667534
25399.362647066544	2000.0	1132.3957687156246	0.0	0	0.0	3531.758415782162	1	0	1	1.1890862903504251
26381.881115431726	2000.0	1149.877300350446	0.0	0	0.0	3531.758415782162	1	0	1	1.5945513984585897
26948.153867705245	2000.0	1583.6045480769267	0.0	0	0.0	3531.758415782162	1	0	1	1.5945513984585897
27593.925636379412	2000.0	1873.2556025353401	0.0	0	0.0	3467.1812389147453	1	0	2	1.2082773513272804
28306.096380872794	2000.0	2089.8677835926246	0.0	0	0.0	3395.964164465411	1	0	2	1.4266623162781107
29269.527501150005	3000.0	2126.4366633154123	0.0	0	0.0	3395.964164465411	1	0	1	1.4314939492827383
29925.63574716044	3000.0	2404.717592703937	0.0	0	0.0	3330.3533398643704	1	0	2	1.6484486677269
31184.60830683577	3000.0	2019.8477770610757	0.0	0	0.0	3204.456083896839	1	0	2	1.8742617605387948
32795.81426444055	3000.0	1408.6418194562946	0.0	0	0.0	3204.456083896839	1	0	1	1.8822137863818944
33773.79578896459	3000.0	1430.6602949322557	0.0	0	0.0	3204.456083896839	1	0	1	2.082213786381894
34889.35935111032	3000.0	1315.0967327865324	0.0	0	0.0	3204.4560838968428	1	0	1	2.0822137863818937
35444.482934662265	2000.0	1759.9731492345807	0.0	0	0.0	3204.4560838968428	1	0	1	1.2712835701655645
36330.00724115458	2000.0	1785.8964120930352	0.0	0	0.0	3115.9036532476166	1	0	2	1.2895429540730856
37407.21303900419	2000.0	1708.6906142434143	0.0	0	0.0	3115.9036532476093	1	0	1	1.4952290366309893
39024.43780159183	2000.0	1091.4658516557852	0.0	0	0.0	3115.9036532476093	1	0	1	1.6952290366309894
40436.37741842214	2000.0	679.5262348254782	0.0	0	0.0	3115.9036532476093	1	0	1	1.6952290366309894
41685.0480784322	2000.0	430.8555748154169	0.0	0	0.0	3115.903653247602	1	0	1	1.6952290366309908
42855.72445011876	2000.0	391.5894334639869	131.41023033513574	0	0.0	3247.313883582734	1	0	1	0.8788085853208655
44111.96029944145	2000.0	503.3399250650789	367.98634092377984	0	0.0	3615.3002245065145	1	0	1	-0.6382950904809046
44574.28189143796	1000.0	1041.0183330685702	0.0	0	0.0	3615.3002245065145	1	0	1	0.1833285939418844
45089.445092122485	1000.0	1525.855132384044	0.0	0	0.0	3615.3002245065145	1	0	1	0.8764757745018295
45570.79987848448	1000.0	1996.364867385845	0.0	0	0.0	3567.1647458703155	1	0	2	0.487490358715984
46421.709678645486	1000.0	2060.364087208751	0.0	0	0.0	3482.0737658542203	1	0	2	0.7087390467266401
47158.30959807043	1000.0	2323.7641677837996	0.0	0	0.0	3482.0737658542203	1	0	1	0.7154192952727378
47896.49734584071	1000.0	2511.7576452364847	0.0	0	0.0	3408.2549910771922	1	0	2	0.5302941992420405
48694.474946950344	1000.0	2713.7800441268537	0.0	0	0.0	3408.2549910771922	1	0	1	0.7351769335132075
49391.31143482876	1000.0	2947.2599074605855	0.0	0	0.0	3338.571342289346	1	0	2	0.5486132174816155
50200.0	1000.0	3138.571342289346	0.0	0	432.3061199196454	3338.571342289353	1	0	1	0.7527109184545402
51200.0	1000.0	3138.571342289345	0.0	0	725.4060789295472	3338.571342289353	1	0	1	0.9527109184545404
52200.0	2000.0	3138.571342289351	0.0	0	511.07274427166703	3338.571342289353	1	0	1	0.9527109184545404
53213.35739874371	2000.0	3125.2139435456365	0.0	0	0.0	3338.571342289353	1	0	1	1.6458580990144855
54351.00143430972	2000.0	2873.8055044230205	0.0	0	0.0	3224.8069387327414	1	0	2	1.2665687062323499
55581.13207019073	2000.0	2520.6618049539	0.0	0	0.0	3101.7938751446272	1	0	2	1.4913733827980162
56435.908433763594	2000.0	2665.8854413810395	0.0	0	0.0	3101.7938751446345	1	0	1	1.4980412294947842
57200.0	2000.0	2901.793875144634	0.0	0	20.777193532689125	3101.7938751446345	1	0	1	1.6980412294947844
58286.39498922841	2000.0	2815.39888591622	0.0	0	0.0	3101.7938751446272	1	0	1	1.6980412294947858
59200.0	2000.0	2901.7938751446345	0.0	0	16.28088582590135	3101.7938751446272	1	0	1	1.6980412294947858
60581.315552926215	2000.0	2520.478322218418	0.0	0	0.0	3101.7938751446272	1	0	1	1.6980412294947858
61580.91377319692	2000.0	2520.8801019477205	0.0	0	0.0	3101.7938751446345	1	0	1	1.6980412294947844
62533.162894463196	2000.0	2568.630980681441	0.0	0	0.0	3101.7938751446345	1	0	1	1.6980412294947844
63961.44519773155	2000.0	2140.3486774130906	0.0	0	0.0	3101.7938751446345	1	0	1	1.6980412294947844
65802.62096701132	2000.0	1299.1729081333253	0.0	0	0.0	3101.793875144649	1	0	1	1.6980412294947822
67284.89140005104	2000.0	816.9024750935923	0.0	0	0.0	3101.793875144642	1	0	1	1.6980412294947822
67667.51384683151	1000.0	1434.2800283131292	0.0	0	0.0	3101.7938751446563	1	0	1	0.3117468683748897
68050.3037729987	1000.0	2051.4901021459473	0.0	0	0.0	3101.7938751446563	1	0	1	1.0048940489348355
68505.64489936647	1000.0	2596.1489757781746	0.0	0	0.0	3101.793875144649	1	0	1	1.0048940489348361
69200.0	1000.0	2901.793875144649	0.0	0	198.05510370311094	3101.7938751446636	1	0	1	1.0048940489348341
70200.0	1000.0	2901.79387514463	0.0	0	163.14921693097858	3101.793875144649	1	0	1	1.0048940489348357
71200.0	1000.0	2901.7938751446277	0.0	0	354.6936793947243	3101.793875144649	1	0	1	1.0048940489348364
72200.0	1000.0	2901.7938751446404	0.0	0	707.3432934774319	3101.793875144649	1	0	1	1.0048940489348364
73200.0	1000.0	2801.7938751446372	0.0	0	706.1459544337704	3001.793875144649	1	0	2	0.6163952503843685
74200.0	1000.0	2801.793875144627	0.0	0	538.3488649317151	3001.7938751446345	1	0	1	0.8238353757902107
75200.0	1000.0	2801.793875144631	0.0	0	549.7364997734112	3001.7938751446345	1	0	1	1.023835375790211
76434.10708060533	2000.0	2567.6867945392955	0.0	0	0.0	3001.793875144649	1	0	1	1.0238353757902083
77665.5856967112	2000.0	2336.2081784334146	0.0	0	0.0	3001.793875144649	1	0	1	1.7169825563501533
78484.98041495515	2000.0	2516.813460189465	0.0	0	0.0	3001.793875144649	1	0	1	1.7169825563501533
79373.17592581225	2000.0	2539.7983982466617	0.0	0	0.0	2912.9743240589305	1	0	2	1.3285190377330265
80684.08295969303	2000.0	2228.8913643658707	0.0	0	0.0	2912.9743240589305	1	0	1	1.5324280100029077
81561.13448621836	2000.0	2264.13468518801	0.0	0	0.0	2825.2691714063985	1	0	2	1.3431846052136307
82764.06513408403	2000.0	2061.2040373223554	0.0	0	0.0	2825.269171406413	1	0	1	1.546499283512011
83497.4905714572	2000.0	2327.7785999491844	0.0	0	0.0	2825.269171406413	1	0	1	1.7464992835120112
84641.55589258368	2000.0	2183.7132788226854	0.0	0	0.0	2825.269171406413	1	0	1	1.7464992835120112
85705.39552557505	2000.0	2119.873645831332	0.0	0	0.0	2825.269171406413	1	0	1	1.7464992835120112
86505.40930560016	2000.0	2319.859865806202	0.0	0	0.0	2825.2691714063985	1	0	1	1.7464992835120134
87800.8990052236	2000.0	2024.3701661827743	0.0	0	0.0	2825.269171406413	1	0	1	1.7464992835120112
89068.40911190011	2000.0	1630.1090488386235	0.0	0	0.0	2698.518160738764	1	0	2	1.3601864826546823
89817.92274364799	2000.0	1880.5954170907546	0.0	0	0.0	2698.518160738764	1	0	1	1.5649289237364894
90319.52078133135	2000.0	2378.9973794074044	0.0	0	0.0	2698.518160738764	1	0	1	1.7649289237364896
91200.0	2000.0	2498.5181607387412	0.0	0	330.48062049390865	2698.518160738764	1	0	1	1.7649289237364896
92200.0	2000.0	2398.518160738747	0.0	0	445.5866785911203	2598.518160738764	1	0	2	1.3730292883915118
93200.0	2000.0	2398.5181607387713	0.0	0	505.19962972114445	2598.518160738764	1	0	1	1.5780137349219103
94200.0	2000.0	2398.51816073878	0.0	0	97.48111847661494	2598.5181607387785	1	0	1	1.7780137349219085
95230.15247653915	2000.0	2368.3656841996253	0.0	0	0.0	2598.518160738764	1	0	1	1.7780137349219105
96210.57211016079	2000.0	2387.9460505779743	0.0	0	0.0	2598.518160738764	1	0	1	1.7780137349219105
97242.66538413323	2000.0	2252.643449208305	0.0	0	0.0	2495.308833341507	1	0	2	1.3869527710735599
98464.57431890944	3000.0	2030.734514432101	0.0	0	0.0	2495.308833341507	1	0	1	1.5902942887208587
100331.01899452101	3000.0	1164.2898388205194	0.0	0	0.0	2495.308833341507	1	0	1	2.1957593968290237
101209.68521715808	2000.0	1285.6236161834497	0.0	0	0.0	2495.3088333414926	1	0	1	1.3848291806126953
102319.19730140074	2000.0	1176.1115319407852	0.0	0	0.0	2495.3088333414926	1	0	1	1.79029428872086
103524.40910242894	2000.0	970.8997309125715	0.0	0	0.0	2495.3088333414926	1	0	1	1.79029428872086
104564.4337172037	2000.0	930.8751161377977	0.0	0	0.0	2495.3088333414926	1	0	1	1.79029428872086
105455.99721779993	2000.0	1039.3116155415669	0.0	0	0.0	2495.3088333414926	1	0	1	1.79029428872086
106745.71101265625	2000.0	749.5978206852564	0.0	0	0.0	2495.3088333414926	1	0	1	1.79029428872086
107872.80979599578	2000.0	622.499037345715	0.0	0	0.0	2495.3088333414926	1	0	1	1.79029428872086
108685.61235401868	1000.0	809.6964793228067	0.0	0	0.0	2495.3088333414926	1	0	1	0.40399992760096975
109127.01357394573	1000.0	1368.2952593957634	0.0	0	0.0	2495.3088333414926	1	0	1	1.097147108160915
109588.9409534079	1000.0	1906.3678799335928	0.0	0	0.0	2495.3088333414926	1	0	1	1.097147108160915
110200.0	1000.0	2295.3088333414835	0.0	0	102.07776633877074	2495.308833341507	1	0	1	1.0971471081609134
111200.0	1000.0	2295.308833341493	0.0	0	669.5585801842826	2495.308833341507	1	0	1	1.0971471081609134
112200.0	1000.0	2295.308833341501	0.0	0	484.26379923721834	2495.308833341507	1	0	1	1.0971471081609134
113200.0	1000.0	2295.308833341517	0.0	0	543.7774492705212	2495.308833341507	1	0	1	1.0971471081609134
114200.0	1000.0	2295.308833341518	0.0	0	518.3722687744448	2495.308833341507	1	0	1	1.0971471081609134
115217.11494768248	2000.0	2278.193885659046	0.0	0	0.0	2495.308833341507	1	0	1	1.0971471081609132
116200.0	2000.0	2295.3088333415294	0.0	0	158.29440218415402	2495.308833341507	1	0	1	1.7902942887208584
117200.0	2000.0	2295.3088333415417	0.0	0	154.97536569934164	2495.3088333415217	1	0	1	1.7902942887208568
118200.0	2000.0	2295.3088333415385	0.0	0	106.55335743770411	2495.308833341507	1	0	1	1.7902942887208584
119255.17496641276	2000.0	2240.133866928789	0.0	0	0.0	2495.308833341507	1	0	1	1.7902942887208584
120200.0	2000.0	2295.308833341543	0.0	0	90.81186902443005	2495.308833341507	1	0	1	1.7902942887208584
121200.0	2000.0	2195.308833341539	0.0	0	329.50962110557884	2395.3088333414926	1	0	2	1.39716777227136
122200.0	2000.0	2195.308833341528	0.0	0	287.26144572252815	2395.3088333414926	1	0	1	1.6011072354082065
123200.0	2000.0	2195.3088333415294	0.0	0	282.5281166752393	2395.3088333414926	1	0	1	1.8011072354082067
124200.0	2000.0	2195.3088333415467	0.0	0	342.66876019841584	2395.308833341478	1	0	1	1.801107235408208
125200.0	2000.0	2195.308833341545	0.0	0	241.94870286154037	2395.3088333414926	1	0	1	1.8011072354082067
126200.0	2000.0	2195.3088333415553	0.0	0	203.80913242885435	2395.3088333414926	1	0	1	1.8011072354082067
127200.0	2000.0	2195.3088333415517	0.0	0	171.75301457030582	2395.3088333414926	1	0	1	1.8011072354082067
128494.90175645216	2000.0	1900.4070768893844	0.0	0	0.0	2395.308833341507	1	0	1	1.801107235408205
129288.69173279965	2000.0	2106.6171005419137	0.0	0	0.0	2395.308833341507	1	0	1	1.801107235408205
130200.0	2000.0	2195.308833341546	0.0	0	179.1915166186809	2395.308833341507	1	0	1	1.801107235408205
131200.0	2000.0	2195.308833341533	0.0	0	206.77090866310755	2395.308833341507	1	0	1	1.801107235408205
132200.0	2000.0	2195.308833341509	0.0	0	349.44002709389315	2395.308833341478	1	0	1	1.8011072354082067
133200.0	2000.0	2195.3088333414885	0.0	0	408.745000631985	2395.3088333414635	1	0	1	1.8011072354082085
134200.0	2000.0	2195.308833341484	0.0	0	355.4272326185019	2395.3088333414635	1	0	1	1.8011072354082098
135784.72964293772	3000.0	1610.5791904037878	0.0	0	0.0	2395.3088333414635	1	0	1	1.8011072354082096
137237.00826922824	3000.0	1158.3005641132552	0.0	0	0.0	2395.3088333414344	1	0	1	2.206572343516377
138176.74161485504	2000.0	1218.5672184864447	0.0	0	0.0	2395.3088333414053	1	0	1	1.395642127300051
138894.42980198513	2000.0	1500.8790313563538	0.0	0	0.0	2395.308833341376	1	0	1	1.8011072354082187
139750.22226721596	2000.0	1645.086566125511	0.0	0	0.0	2395.308833341376	1	0	1	1.8011072354082187
140739.190711884	2000.0	1656.1181214574533	0.0	0	0.0	2395.308833341376	1	0	1	1.8011072354082187
141869.160081047	2000.0	1526.1487522944324	0.0	0	0.0	2395.308833341376	1	0	1	1.8011072354082187
142945.69995641676	2000.0	1449.6088769246694	0.0	0	0.0	2395.308833341376	1	0	1	1.8011072354082187
143898.92956829045	2000.0	1496.3792650509824	0.0	0	0.0	2395.308833341376	1	0	1	1.8011072354082187
144593.60933438427	2000.0	1801.699498957164	0.0	0	0.0	2395.308833341347	1	0	1	1.8011072354082216
145484.09845935757	2000.0	1911.210373983835	0.0	0	0.0	2395.308833341376	1	0	1	1.8011072354082187
146200.0	2000.0	2195.308833341398	0.0	0	64.83327380334958	2395.3088333414053	1	0	1	1.8011072354082156
147200.0	2000.0	2195.3088333413993	0.0	0	258.9851638075197	2395.3088333414053	1	0	1	1.8011072354082156
148200.0	2000.0	2195.308833341362	0.0	0	538.4983230004145	2395.308833341376	1	0	1	1.8011072354082187
149200.0	2000.0	2195.308833341365	0.0	0	372.739885235409	2395.3088333414053	1	0	1	1.8011072354082156
150200.0	2000.0	2195.308833341352	0.0	0	291.6809074454941	2395.308833341376	1	0	1	1.8011072354082187
151200.0	2000.0	2195.308833341332	0.0	0	65.68563842008007	2395.308833341376	1	0	1	1.8011072354082187
152200.0	2000.0	2195.3088333413343	0.0	0	14.04065840280964	2395.308833341376	1	0	1	1.8011072354082187
153301.8778798059	2000.0	2093.4309535354478	0.0	0	0.0	2395.308833341376	1	0	1	1.8011072354082187
154278.14686843092	2000.0	2117.1619649104164	0.0	0	0.0	2395.308833341376	1	0	1	1.8011072354082187
155200.0	2000.0	2195.3088333412798	0.0	0	90.51732971786987	2395.308833341347	1	0	1	1.8011072354082216
156200.0	2000.0	2195.3088333412693	0.0	0	443.62108201137744	2395.308833341376	1	0	1	1.8011072354082187
157200.0	2000.0	2195.308833341283	0.0	0	473.0284330055583	2395.3088333414053	1	0	1	1.8011072354082156
158200.0	2000.0	2195.308833341239	0.0	0	346.07544331776444	2395.308833341347	1	0	1	1.8011072354082203
159200.0	2000.0	2195.308833341234	0.0	0	193.73692461900646	2395.308833341347	1	0	1	1.8011072354082216
160200.0	2000.0	2195.308833341268	0.0	0	500.6732561896497	2395.308833341347	1	0	1	1.8011072354082216
161200.0	2000.0	2195.30883334128	0.0	0	92.70560989610385	2395.308833341347	1	0	1	1.8011072354082216
162200.0	2000.0	2195.30883334126	0.0	0	160.79237395181553	2395.308833341347	1	0	1	1.8011072354082216
163459.9161608073	2000.0	1935.3926725339413	0.0	0	0.0	2395.308833341376	1	0	1	1.8011072354082187
164403.8047891527	2000.0	1991.5040441885485	0.0	0	0.0	2395.308833341376	1	0	1	1.8011072354082187
165200.0	2000.0	2195.308833341215	0.0	0	4.032808805117384	2395.308833341376	1	0	1	1.8011072354082187
166200.0	2000.0	2195.308833341209	0.0	0	307.444817324169	2395.308833341347	1	0	1	1.8011072354082216
167200.0	2000.0	2195.3088333411756	0.0	0	476.4964432512061	2395.308833341347	1	0	1	1.8011072354082216
168200.0	2000.0	2195.3088333411506	0.0	0	198.86565945416805	2395.308833341318	1	0	1	1.8011072354082245
169200.0	2000.0	2195.308833341145	0.0	0	133.70316333987284	2395.308833341318	1	0	1	1.8011072354082245
170200.0	2000.0	2195.3088333411247	0.0	0	158.28158636234002	2395.308833341347	1	0	1	1.801107235408222
171200.0	2000.0	2195.3088333411188	0.0	0	167.49480367347132	2395.308833341318	1	0	1	1.8011072354082245
172200.0	2000.0	2195.3088333411283	0.0	0	227.7282583549386	2395.308833341318	1	0	1	1.8011072354082245
173200.0	3000.0	2195.308833341127	0.0	0	0.3750211900915019	2395.308833341318	1	0	1	1.801107235408224
174479.0267041756	3000.0	1916.2821291655414	0.0	0	0.0	2395.308833341318	1	0	1	2.206572343516389
175963.64292136222	3000.0	1431.6659119789404	0.0	0	0.0	2395.308833341376	1	0	1	2.2065723435163846
176715.38445435234	2000.0	1679.924378988794	0.0	0	0.0	2395.308833341376	1	0	1	1.395642127300054
177317.6077654927	2000.0	2077.7010678484376	0.0	0	0.0	2395.308833341376	1	0	1	1.8011072354082187
178200.0	2000.0	2195.3088333411515	0.0	0	267.1910973729391	2395.308833341376	1	0	1	1.8011072354082187
179200.0	2000.0	2195.308833341151	0.0	0	461.10353607166326	2395.308833341376	1	0	1	1.8011072354082187
180200.0	2000.0	2195.30883334112	0.0	0	312.3894709722372	2395.308833341376	1	0	1	1.8011072354082187
181200.0	2000.0	2195.3088333411656	0.0	0	74.78535257530166	2395.3088333414053	1	0	1	1.801107235408217
182452.73755489764	2000.0	1942.5712784435295	0.0	0	0.0	2395.3088333414344	1	0	1	1.8011072354082125
183352.63403996293	2000.0	2042.6747933782756	0.0	0	0.0	2395.3088333414344	1	0	1	1.8011072354082125
184200.0	2000.0	2195.3088333411933	0.0	0	174.49047555297147	2395.3088333414635	1	0	1	1.8011072354082098
185200.0	2000.0	2195.3088333411915	0.0	0	268.2420487811323	2395.3088333414635	1	0	1	1.8011072354082098
186251.1640315414	2000.0	2144.1448017998077	0.0	0	0.0	2395.3088333414926	1	0	1	1.8011072354082067
187434.4285033928	2000.0	1960.8803299484528	0.0	0	0.0	2395.3088333415217	1	0	1	1.8011072354082036
188884.1235798997	2000.0	1511.1852534415264	0.0	0	0.0	2395.3088333414926	1	0	1	1.8011072354082067
190210.8878155059	2000.0	1184.4210178352998	0.0	0	0.0	2395.3088333414635	1	0	1	1.8011072354082098
191349.1559201489	2000.0	1046.1529131922855	0.0	0	0.0	2395.3088333414635	1	0	1	1.8011072354082098
192188.27792918935	2000.0	1207.0309041518485	0.0	0	0.0	2395.3088333414635	1	0	1	1.8011072354082094
193238.36931886402	2000.0	1156.9395144771906	0.0	0	0.0	2395.3088333414635	1	0	1	1.8011072354082098
194265.47014226386	2000.0	1129.838691077366	0.0	0	0.0	2395.3088333414635	1	0	1	1.8011072354082098
195714.18345474222	2000.0	681.1253785990118	0.0	0	0.0	2395.3088333414344	1	0	1	1.8011072354082103
196312.49314825784	1000.0	1082.8156850833534	0.0	0	0.0	2395.3088333414344	1	0	1	0.4148128742883222
197216.83688313863	1000.0	1178.4719502025896	0.0	0	0.0	2395.3088333414344	1	0	1	1.1079600548482673
197914.28523892394	1000.0	1481.0235944172891	0.0	0	0.0	2395.3088333414344	1	0	1	1.1079600548482673
198501.86370013028	1000.0	1893.4451332109622	0.0	0	0.0	2395.3088333414053	1	0	1	1.1079600548482704
199200.0	1000.0	2195.308833341248	0.0	0	293.26659505144926	2395.3088333414053	1	0	1	1.1079600548482704
200200.0	1000.0	2195.30883334123	0.0	0	610.7752666862507	2395.3088333414053	1	0	1	1.1079600548482704
201200.0	1000.0	2195.3088333412297	0.0	0	679.3756301066314	2395.3088333414053	1	0	1	1.1079600548482704
202200.0	1000.0	2195.3088333412215	0.0	0	497.57030455808854	2395.3088333414053	1	0	1	1.1079600548482704
203200.0	1000.0	2195.3088333412543	0.0	0	461.23156367085176	2395.3088333414053	1	0	1	1.1079600548482704
204200.0	1000.0	2195.3088333412575	0.0	0	586.3889356479049	2395.3088333414053	1	0	1	1.1079600548482704
205200.0	1000.0	2195.3088333412684	0.0	0	431.42615070409374	2395.3088333414053	1	0	1	1.1079600548482704
206200.0	1000.0	2195.308833341271	0.0	0	519.7088649509824	2395.3088333414053	1	0	1	1.1079600548482704
207200.0	1000.0	2195.3088333412793	0.0	0	662.7512912858219	2395.3088333414053	1	0	1	1.1079600548482704
208200.0	1000.0	2195.3088333412948	0.0	0	288.65833146389923	2395.3088333414053	1	0	1	1.1079600548482704
209800.44504798783	2000.0	1594.8637853534447	0.0	0	0.0	2395.308833341347	1	0	1	1.107960054848274
211175.27307322188	2000.0	1220.0357601193684	0.0	0	0.0	2395.308833341318	1	0	1	1.8011072354082245
212124.17673537033	2000.0	1271.1320979708973	0.0	0	0.0	2395.308833341318	1	0	1	1.8011072354082245
214140.67407523713	2000.0	254.63475810414516	0.0	0	0.0	2395.308833341318	1	0	1	1.8011072354082245
215054.300863102	1000.0	586.9002691034202	245.89229886411758	0	0.0	2641.2011322054313	1	0	1	-1.0890705273858252
215625.3091747969	1000.0	1015.8919574085162	0.0	0	0.0	2641.2011322054313	1	0	1	1.0794304463588256
216008.53508996332	1000.0	1632.6660422421005	0.0	0	0.0	2641.2011322054313	1	0	1	1.0794304463588256
216369.68838768508	1000.0	2271.512744520379	0.0	0	0.0	2641.2011322054313	1	0	1	1.0794304463588256
217200.0	1000.0	2441.201132205458	0.0	0	226.96666473714868	2641.2011322054022	1	0	1	1.0794304463588293
218200.0	1000.0	2441.2011322054277	0.0	0	375.25489852397004	2641.2011322054022	1	0	1	1.0794304463588293
219200.0	1000.0	2441.2011322053836	0.0	0	79.1726675213722	2641.2011322054022	1	0	1	1.0794304463588293
220200.0	1000.0	2441.2011322053727	0.0	0	477.68025248972117	2641.2011322054022	1	0	1	1.0794304463588293
221200.0	1000.0	2441.201132205396	0.0	0	527.5722662190383	2641.2011322054022	1	0	1	1.0794304463588293
222200.0	1000.0	2441.201132205407	0.0	0	695.5923329359211	2641.2011322054022	1	0	1	1.0794304463588293
223363.2654107768	2000.0	2277.9357214285983	0.0	0	0.0	2641.2011322054022	1	0	1	1.0794304463588291
224654.69920306877	2000.0	1986.5019291366239	0.0	0	0.0	2641.2011322054022	1	0	1	1.7725776269187743
226001.37343645652	2000.0	1639.8276957488754	0.0	0	0.0	2641.2011322054605	1	0	1	1.772577626918769
226918.59742268006	2000.0	1722.6037095253187	0.0	0	0.0	2641.2011322054313	1	0	1	1.7725776269187692
227761.15803094988	2000.0	1880.0431012555234	0.0	0	0.0	2641.2011322054605	1	0	1	1.7725776269187667
228680.31936934064	2000.0	1960.8817628647819	0.0	0	0.0	2641.2011322054896	1	0	1	1.7725776269187632
229888.2384795684	2000.0	1752.9626526370494	0.0	0	0.0	2641.2011322054896	1	0	1	1.7725776269187632
230725.45604764708	2000.0	1915.7450845583373	0.0	0	0.0	2641.2011322054896	1	0	1	1.7725776269187632
231671.8341520679	2000.0	1969.366980137512	0.0	0	0.0	2641.2011322054896	1	0	1	1.7725776269187632
232371.049094443	2000.0	2270.1520377624065	0.0	0	0.0	2641.2011322054896	1	0	1	1.7725776269187632
233200.0	2000.0	2441.2011322054295	0.0	0	66.53502188652055	2641.2011322054896	1	0	1	1.7725776269187632
234200.0	2000.0	2441.2011322053995	0.0	0	304.2054053710017	2641.2011322054896	1	0	1	1.7725776269187632
235200.0	2000.0	2441.2011322053822	0.0	0	310.20452249611844	2641.2011322054605	1	0	1	1.7725776269187652
236601.9132885897	2000.0	2039.2878436156525	0.0	0	0.0	2641.2011322054605	1	0	1	1.7725776269187667
237982.44423995545	2000.0	1658.7568922499204	0.0	0	0.0	2641.2011322054605	1	0	1	1.7725776269187667
238962.26683635058	2000.0	1678.9342958548275	0.0	0	0.0	2641.2011322054896	1	0	1	1.7725776269187639
239788.1425049931	2000.0	1853.0586272122855	0.0	0	0.0	2641.2011322055187	1	0	1	1.7725776269187614
240244.99583704912	2000.0	2396.2052951562623	0.0	0	0.0	2641.2011322055187	1	0	1	1.7725776269187592
241200.0	2000.0	2441.2011322053813	0.0	0	439.2567225191451	2641.2011322055187	1	0	1	1.7725776269187592
242200.0	2000.0	2441.201132205371	0.0	0	311.09266856554314	2641.2011322054896	1	0	1	1.7725776269187616
243200.0	2000.0	2441.201132205376	0.0	0	405.3926431899599	2641.2011322054896	1	0	1	1.7725776269187632
244625.66757264643	3000.0	2015.5335595589415	0.0	0	0.0	2641.2011322054896	1	0	1	1.7725776269187634
245625.58513690103	3000.0	2015.6159953043382	0.0	0	0.0	2641.2011322054896	1	0	1	2.178042735026928
247154.01691825932	3000.0	1487.1842139460095	0.0	0	0.0	2641.2011322054605	1	0	1	2.1780427350269314
248971.25761519687	3000.0	669.9435170084375	0.0	0	0.0	2641.2011322054605	1	0	1	2.1780427350269314
250100.45243832972	2000.0	540.7486938755968	0.0	0	0.0	2641.2011322054605	1	0	1	1.3671125188106021
250947.22247152784	2000.0	693.9786606774786	0.0	0	0.0	2641.2011322054605	1	0	1	1.7725776269187667
252074.5610986386	2000.0	566.6400335667363	0.0	0	0.0	2641.2011322054605	1	0	1	1.7725776269187667
253255.4874640093	2000.0	458.17729598202595	72.46362778600326	0	0.0	2713.6647599913413	1	0	1	1.328056880669169
254269.60683047355	2000.0	454.4845608187834	10.426631301030199	0	0.0	2724.0913912923425	1	0	1	1.6988227832005443
254864.41971484033	1000.0	859.6716764519939	0.0	0	0.0	2724.0913912924007	1	0	1	0.3750882098868288
255470.7792788793	1000.0	1253.3121124130255	0.0	0	0.0	2724.0913912924007	1	0	1	1.0682353904467723
256004.02619627188	1000.0	1720.0651950204422	0.0	0	0.0	2724.0913912924007	1	0	1	1.0682353904467723
256685.4861160648	1000.0	2038.6052752274788	0.0	0	0.0	2724.0913912924007	1	0	1	1.0682353904467723
257276.64831900081	1000.0	2447.44307229148	0.0	0	0.0	2724.0913912924007	1	0	1	1.0682353904467723
258200.0	1000.0	2524.091391292293	0.0	0	318.31228588777594	2724.0913912924007	1	0	1	1.0682353904467723
259200.0	1000.0	2524.09139129231	0.0	0	535.8503813610587	2724.0913912924007	1	0	1	1.0682353904467723
260200.0	1000.0	2524.091391292308	0.0	0	678.5431402710674	2724.0913912923716	1	0	1	1.0682353904467763
261200.0	1000.0	2524.091391292306	0.0	0	563.3670874647796	2724.0913912923716	1	0	1	1.0682353904467763
262200.0	1000.0	2524.0913912923043	0.0	0	524.5975324680912	2724.0913912923716	1	0	1	1.0682353904467763
263200.0	1000.0	2524.091391292367	0.0	0	517.2970756349969	2724.0913912924298	1	0	1	1.0682353904467696
264200.0	1000.0	2524.0913912924025	0.0	0	569.7063637251267	2724.0913912924298	1	0	1	1.068235390446769
265200.0	1000.0	2424.091391292364	0.0	0	466.3258803455392	2624.0913912923425	1	0	2	0.6766562763718129
266200.0	1000.0	2424.0913912923666	0.0	0	626.6306758768042	2624.0913912923425	1	0	1	0.8816356043658259
267308.778298396	2000.0	2315.3130928964347	0.0	0	0.0	2624.0913912923425	1	0	1	1.0816356043658262
268412.0472027379	2000.0	2212.0441885545097	0.0	0	0.0	2624.0913912924007	1	0	1	1.7747827849257638
269260.0049397168	2000.0	2364.0864515755443	0.0	0	0.0	2624.0913912924007	1	0	1	1.7747827849257638
270200.0	2000.0	2424.09139129233	0.0	0	267.8376617823378	2624.0913912924007	1	0	1	1.7747827849257638
271200.0	2000.0	2424.0913912923734	0.0	0	252.6467392796185	2624.0913912924007	1	0	1	1.7747827849257638
272200.0	2000.0	2424.0913912923606	0.0	0	180.91235730267363	2624.0913912923425	1	0	1	1.7747827849257698
273200.0	2000.0	2424.0913912922874	0.0	0	119.6496435191948	2624.0913912923425	1	0	1	1.7747827849257714
274200.0	2000.0	2424.09139129231	0.0	0	297.36364414630225	2624.0913912923425	1	0	1	1.7747827849257714
275200.0	2000.0	2424.0913912923597	0.0	0	217.709851737367	2624.0913912923425	1	0	1	1.7747827849257714
276200.0	2000.0	2424.091391292367	0.0	0	10.7051404233207	2624.0913912923425	1	0	1	1.7747827849257714
277200.0	2000.0	2424.091391292366	0.0	0	120.67227082030149	2624.0913912922842	1	0	1	1.7747827849257787
278339.1935619549	2000.0	2284.8978293374657	0.0	0	0.0	2624.0913912922842	1	0	1	1.7747827849257787
279253.2050010814	3000.0	2370.886390210963	0.0	0	0.0	2624.0913912923425	1	0	1	1.7747827849257711
280360.8041123246	3000.0	2263.287278967751	0.0	0	0.0	2624.0913912923425	1	0	1	2.1802478930339357
281200.0	3000.0	2424.091391292419	0.0	0	131.96116288594203	2624.0913912924007	1	0	1	2.1802478930339286
282200.0	3000.0	2424.0913912924057	0.0	0	338.3184660471743	2624.0913912924007	1	0	1	2.1802478930339286
283488.42516383453	3000.0	2135.666227457912	0.0	0	0.0	2624.091391292459	1	0	1	2.180247893033921
284723.8777758312	3000.0	1900.213615461304	0.0	0	0.0	2624.091391292517	1	0	1	2.1802478930339197
285677.012158476	3000.0	1947.079232816526	0.0	0	0.0	2624.091391292517	1	0	1	2.1802478930339135
287322.62663341366	3000.0	1301.4647578788215	0.0	0	0.0	2624.091391292459	1	0	1	2.180247893033921
288224.2894303984	2000.0	1399.8019608940774	0.0	0	0.0	2624.091391292517	1	0	1	1.3693176768175843
289341.06489229284	2000.0	1283.0264989996112	0.0	0	0.0	2624.091391292517	1	0	1	1.774782784925749
290201.76759303384	2000.0	1422.3237982586502	0.0	0	0.0	2624.0913912925753	1	0	1	1.7747827849257414
291372.1317065801	2000.0	1251.9596847123987	0.0	0	0.0	2624.0913912925753	1	0	1	1.7747827849257414
292505.04023042996	2000.0	1119.0511608625468	0.0	0	0.0	2624.0913912925753	1	0	1	1.7747827849257414
293477.0386792771	2000.0	1147.0527120153274	0.0	0	0.0	2624.0913912925753	1	0	1	1.7747827849257414
294449.93040718	2000.0	1174.1609841124732	0.0	0	0.0	2624.0913912925753	1	0	1	1.7747827849257414
295158.32502893964	2000.0	1465.7663623528226	0.0	0	0.0	2624.091391292517	1	0	1	1.774782784925749
296049.33506164333	2000.0	1574.7563296491032	0.0	0	0.0	2624.091391292517	1	0	1	1.7747827849257505
296787.6122780892	2000.0	1836.4791132032635	0.0	0	0.0	2624.0913912926335	1	0	1	1.7747827849257387
297610.7419454968	2000.0	2013.3494457957265	0.0	0	0.0	2624.0913912926917	1	0	1	1.7747827849257267
298574.5120878931	2000.0	2049.579303399411	0.0	0	0.0	2624.0913912926917	1	0	1	1.7747827849257267
299443.7853094214	2000.0	2180.3060818710446	0.0	0	0.0	2624.09139129275	1	0	1	1.7747827849257192
300335.22693313163	2000.0	2288.8644581608355	0.0	0	0.0	2624.09139129275	1	0	1	1.7747827849257192
1.9	2.66	3.37	3.73	3.15	3.61	3.15	2.71	2.58	1.88	1.81	3.02	3.48	2.8	3.05	2.9	2.39	2.42	3.0	2.54	1.92	2.47	3.65	3.76	4.33	2.94	2.37	1.44	2.48	3.21	3.6	2.13	2.29	1.45	0.88	1.26	1.95	2.43	1.71	2.76	1.78	1.2	1.4	1.36	1.91	2.94	3.67	2.92	1.84	2.39	2.24	2.75	2.78	2.44	1.19	1.83	2.09	1.74	1.52	0.72	1.31	1.49	2.22	2.48	1.33	1.71	2.69	3.48	1.89	2.37	1.84	1.99	1.78	2.49	2.29	1.86	2.31	1.87	2.77	2.19	2.2	2.53	1.58	1.76	1.82	3.17	3.89	3.54	3.13	2.47	2.11	2.32	2.24	2.27	2.12	1.82	1.91	2.28	1.44	2.21	2.22	2.06	1.77	1.51	2.41	2.63	2.39	3.03	2.49	3.27	2.27	3.37	2.87	2.19	2.28	3.04	2.43	2.83	2.87	2.77	2.7	2.22	1.86	2.22	2.42	2.59	3.34	3.99	4.29	2.13	2.47	2.61	1.6	2.81	2.91	1.49	2.11	1.64	1.66	2.46	2.18	2.72	3.36	3.34	2.39	2.7	2.72	1.53	1.44	2.92	1.9	2.66	3.37	3.73	3.15	3.61	3.15	2.71	2.58	1.88	1.81	3.02	3.48	2.8	3.05	2.9	2.39	2.42	3.0	2.54	1.92	2.47	3.65	3.76	4.33	2.94	2.37	1.44	2.48	3.21	3.6	2.13	2.29	1.45	0.88	1.26	1.95	2.43	1.71	2.76	1.78	1.2	1.4	1.36	1.91	2.94	3.67	2.92	1.84	2.39	2.24	2.75	2.78	2.44	1.19	1.83	2.09	1.74	1.52	0.72	1.31	1.49	2.22	2.48	1.33	1.71	2.69	3.48	1.89	2.37	1.84	1.99	1.78	2.49	2.29	1.86	2.31	1.87	2.77	2.19	2.2	2.53	1.58	1.76	1.82	3.17	3.89	3.54	3.13	2.47	2.11	2.32	2.24	2.27	2.12	1.82	1.91	2.28	1.44	2.21	2.22	2.06	1.77	1.51	2.41	2.63	2.39	3.03	2.49	3.27	2.27	3.37	2.87	2.19	2.28	3.04	2.43	2.83	2.87	2.77	2.7	2.22	1.86	2.22	2.42	2.59	3.34	3.99	4.29	2.13	2.47	2.61	1.6	2.81	2.91	1.49	2.11	1.64	1.66	2.46	2.18	2.72	3.36	3.34	2.39	2.7	2.72	1.53	1.44	2.92
1.0	2.0	3.0	4.0	5.0	6.0	7.0	8.0	9.0	10.0	11.0	12.0	13.0	14.0	15.0	16.0	17.0	18.0	19.0	20.0	21.0	22.0	23.0	24.0	25.0	26.0	27.0	28.0	29.0	30.0	31.0	32.0	33.0	34.0	35.0	36.0	37.0	38.0	39.0	40.0	41.0	42.0	43.0	44.0	45.0	46.0	47.0	48.0	49.0	50.0	51.0	52.0	53.0	54.0	55.0	56.0	57.0	58.0	59.0	60.0	61.0	62.0	63.0	64.0	65.0	66.0	67.0	68.0	69.0	70.0	71.0	72.0	73.0	74.0	75.0	76.0	77.0	78.0	79.0	80.0	81.0	82.0	83.0	84.0	85.0	86.0	87.0	88.0	89.0	90.0	91.0	92.0	93.0	94.0	95.0	96.0	97.0	98.0	99.0	100.0	101.0	102.0	103.0	104.0	105.0	106.0	107.0	108.0	109.0	110.0	111.0	112.0	113.0	114.0	115.0	116.0	117.0	118.0	119.0	120.0	121.0	122.0	123.0	124.0	125.0	126.0	127.0	128.0	129.0	130.0	131.0	132.0	133.0	134.0	135.0	136.0	137.0	138.0	139.0	140.0	141.0	142.0	143.0	144.0	145.0	146.0	147.0	148.0	149.0	149.0	150.0	151.0	152.0	153.0	154.0	155.0	156.0	157.0	158.0	159.0	160.0	161.0	162.0	163.0	164.0	165.0	166.0	167.0	168.0	169.0	170.0	171.0	172.0	173.0	174.0	175.0	176.0	177.0	178.0	179.0	180.0	181.0	182.0	183.0	184.0	185.0	186.0	187.0	188.0	189.0	190.0	191.0	192.0	193.0	194.0	195.0	196.0	197.0	198.0	199.0	200.0	201.0	202.0	203.0	204.0	205.0	206.0	207.0	208.0	209.0	210.0	211.0	212.0	213.0	214.0	215.0	216.0	217.0	218.0	219.0	220.0	221.0	222.0	223.0	224.0	225.0	226.0	227.0	228.0	229.0	230.0	231.0	232.0	233.0	234.0	235.0	236.0	237.0	238.0	239.0	240.0	241.0	242.0	243.0	244.0	245.0	246.0	247.0	248.0	249.0	250.0	251.0	252.0	253.0	254.0	255.0	256.0	257.0	258.0	259.0	260.0	261.0	262.0	263.0	264.0	265.0	266.0	267.0	268.0	269.0	270.0	271.0	272.0	273.0	274.0	275.0	276.0	277.0	278.0	279.0	280.0	281.0	282.0	283.0	284.0	285.0	286.0	287.0	288.0	289.0	290.0	291.0	292.0	293.0	294.0	295.0	296.0	297.0	298.0	298.0
4681.436236237096
