3871.4460522995114	300.0	2000.0	360.6624788948618	0	0.0	3871.4460522995114	1	0	1	-2.5500453628338806
4186.3704708684345	300.0	2653.583139574184	0.0	0	0.0	3839.953610442618	1	0	2	-0.8065517174457557
4518.9281333039235	300.0	3287.769710895146	0.0	0	0.0	3806.697844199069	1	0	2	-0.5943391265153911
5200.0	300.0	3538.5906575294634	0.0	0	396.4965224876569	3738.5906575294625	1	0	2	-0.5788553442501425
6200.0	300.0	3438.590657529465	0.0	0	522.2663639030698	3638.5906575294634	1	0	2	-0.5474073888584523
7200.0	300.0	3338.5906575294657	0.0	0	682.8430521012115	3538.590657529464	1	0	2	-0.5164283203345896
8200.0	500.0	3238.5906575294653	0.0	0	708.849456161227	3438.590657529464	1	0	2	-0.48768674214248064
9200.0	500.0	3138.5906575294653	0.0	0	697.2438607250533	3338.590657529465	1	0	2	0.04953593982970167
10200.0	500.0	3038.5906575294616	0.0	0	454.70558919462746	3238.5906575294603	1	0	2	0.07403559381158326
11200.0	1000.0	2938.5906575294616	0.0	0	331.3295501028788	3138.5906575294603	1	0	2	0.09663095855402096
12491.139435029983	1000.0	2518.3372789964815	0.0	0	0.0	3009.476714026465	1	0	2	0.8180730748537312
13328.66952970236	1000.0	2597.0541748568676	0.0	0	0.0	2925.7237045592265	1	0	2	0.8333174630770066
14200.0	1000.0	2638.590657529464	0.0	0	100.99423610290432	2838.590657529465	1	0	2	0.847080181515417
15200.0	1000.0	2538.5906575294625	0.0	0	526.185419454685	2738.5906575294593	1	0	2	0.8604747322142824
16516.488687521003	1000.0	2090.4531012563625	0.0	0	0.0	2606.941788777365	1	0	2	0.8790185572862509
17990.924540202603	1000.0	1468.5736633066037	0.0	0	0.0	2459.498203509207	1	0	2	0.8972745072261379
19148.74827936288	1000.0	1194.9675502302935	0.0	0	0.0	2343.7158295931767	1	0	2	0.9103479154147724
20398.05043231815	1000.0	945.6653972750277	0.0	0	0.0	2343.7158295931767	1	0	1	0.9131512849280863
21332.17429105793	1000.0	1011.5415385352471	0.0	0	0.0	2343.715829593173	1	0	1	1.1131512849280867
22195.095049246764	1000.0	1148.6207803464126	0.0	0	0.0	2343.715829593173	1	0	1	1.1131512849280867
22853.682869992284	1000.0	1490.0329596008921	0.0	0	0.0	2343.7158295931767	1	0	1	1.1131512849280865
23323.640480211026	1000.0	2020.075349382151	0.0	0	0.0	2343.7158295931767	1	0	1	1.1131512849280865
24200.0	1000.0	2143.7158295931754	0.0	0	456.16217031354245	2343.7158295931767	1	0	1	1.1131512849280865
25200.0	1000.0	2143.715829593175	0.0	0	401.5213352315586	2343.7158295931767	1	0	1	1.1131512849280865
26200.0	1000.0	2143.7158295931717	0.0	0	339.64157315974444	2343.7158295931767	1	0	1	1.1131512849280865
27200.0	1000.0	2143.7158295931727	0.0	0	608.0060067164959	2343.7158295931804	1	0	1	1.113151284928086
28200.0	1000.0	2143.715829593171	0.0	0	575.6247236082563	2343.7158295931767	1	0	1	1.1131512849280865
29200.0	1000.0	2143.7158295931745	0.0	0	369.103532333731	2343.7158295931767	1	0	1	1.1131512849280865
30200.0	1000.0	2143.7158295931763	0.0	0	557.4736965024749	2343.7158295931804	1	0	1	1.113151284928086
31200.0	1000.0	2143.715829593175	0.0	0	317.4136197896951	2343.7158295931804	1	0	1	1.113151284928086
32200.0	1000.0	2143.7158295931704	0.0	0	373.1133886441712	2343.7158295931804	1	0	1	1.113151284928086
33200.0	1000.0	2143.7158295931695	0.0	0	392.3605552022127	2343.7158295931804	1	0	1	1.113151284928086
34200.0	1000.0	2143.7158295931654	0.0	0	405.3368858571557	2343.715829593173	1	0	1	1.1131512849280865
35200.0	1000.0	2143.715829593164	0.0	0	235.77662884082383	2343.715829593173	1	0	1	1.1131512849280867
36200.0	1000.0	2143.715829593155	0.0	0	283.558391771905	2343.715829593166	1	0	1	1.1131512849280876
37200.0	1000.0	2143.715829593156	0.0	0	403.46771892175457	2343.715829593166	1	0	1	1.1131512849280876
38200.0	1000.0	2143.715829593157	0.0	0	345.83021111244307	2343.715829593166	1	0	1	1.1131512849280876
39200.0	1000.0	2143.715829593151	0.0	0	238.58929958635417	2343.7158295931586	1	0	1	1.1131512849280882
40200.0	1000.0	2143.7158295931577	0.0	0	349.8423143920081	2343.715829593166	1	0	1	1.1131512849280876
41200.0	1000.0	2143.7158295931513	0.0	0	199.6522032599678	2343.715829593166	1	0	1	1.1131512849280876
42200.0	1000.0	2143.7158295931563	0.0	0	357.6177690183031	2343.715829593166	1	0	1	1.1131512849280876
43200.0	1000.0	2143.7158295931567	0.0	0	240.54879341754713	2343.715829593166	1	0	1	1.1131512849280876
44200.0	1000.0	2143.7158295931476	0.0	0	267.2519564443428	2343.715829593166	1	0	1	1.1131512849280876
45200.0	1000.0	2143.715829593149	0.0	0	242.63217485664063	2343.715829593166	1	0	1	1.1131512849280876
46200.0	1000.0	2143.7158295931467	0.0	0	527.9960853765224	2343.715829593166	1	0	1	1.1131512849280876
47200.0	1000.0	2143.715829593143	0.0	0	197.95540984049148	2343.715829593173	1	0	1	1.1131512849280867
48200.0	1000.0	2143.715829593143	0.0	0	225.32551423131372	2343.715829593173	1	0	1	1.1131512849280867
49200.0	1000.0	2143.7158295931467	0.0	0	214.7384381915108	2343.715829593173	1	0	1	1.1131512849280867
50200.0	1000.0	2143.7158295931504	0.0	0	232.5942903192481	2343.715829593173	1	0	1	1.1131512849280867
51200.0	1000.0	2143.715829593145	0.0	0	422.7231646821092	2343.715829593173	1	0	1	1.1131512849280867
52654.086351561025	1000.0	1689.6294780321164	0.0	0	0.0	2343.715829593173	1	0	1	1.1131512849280867
54132.8883112005	1000.0	1210.8275183926426	0.0	0	0.0	2343.715829593173	1	0	1	1.1131512849280867
55269.74786118235	1000.0	1073.967968410787	0.0	0	0.0	2343.715829593166	1	0	1	1.1131512849280876
56329.44973028349	1000.0	1014.2660993096409	0.0	0	0.0	2343.715829593166	1	0	1	1.1131512849280876
57304.85136234543	1000.0	1038.8644672477044	0.0	0	0.0	2343.715829593173	1	0	1	1.1131512849280867
57972.725617047705	500.0	1370.9902125454325	0.0	0	0.0	2343.715829593173	1	0	1	-0.2731430761918041
58596.675513782844	500.0	1747.0403158102868	0.0	0	0.0	2343.715829593173	1	0	1	0.4200041043681413
59262.591311352684	500.0	2081.124518240451	0.0	0	0.0	2343.715829593173	1	0	1	0.4200041043681413
60200.0	500.0	2143.715829593135	0.0	0	497.39927396813437	2343.715829593173	1	0	1	0.4200041043681413
61200.0	500.0	2143.7158295931367	0.0	0	256.82296699863946	2343.715829593173	1	0	1	0.4200041043681413
62200.0	500.0	2143.7158295931395	0.0	0	500.4581872547642	2343.715829593173	1	0	1	0.4200041043681413
63200.0	500.0	2143.7158295931467	0.0	0	601.0211164424472	2343.715829593173	1	0	1	0.4200041043681413
64200.0	500.0	2143.71582959315	0.0	0	336.76298030646285	2343.715829593173	1	0	1	0.4200041043681413
65200.0	1000.0	2143.7158295931467	0.0	0	197.90810961657553	2343.715829593173	1	0	1	0.4200041043681413
66200.0	1000.0	2143.7158295931467	0.0	0	209.0186787728162	2343.715829593166	1	0	1	1.1131512849280878
67200.0	1000.0	2143.715829593142	0.0	0	557.4816539130843	2343.715829593166	1	0	1	1.1131512849280871
68200.0	1000.0	2143.715829593125	0.0	0	348.8385799167154	2343.7158295931586	1	0	1	1.113151284928088
69200.0	1000.0	2143.715829593136	0.0	0	400.6589128413325	2343.715829593144	1	0	1	1.1131512849280896
70205.20005669986	1000.0	2138.51577289327	0.0	0	0.0	2343.715829593144	1	0	1	1.1131512849280896
71200.0	1000.0	2143.715829593141	0.0	0	330.1116680187697	2343.715829593144	1	0	1	1.1131512849280896
72200.0	1000.0	2143.7158295931495	0.0	0	350.2070232295955	2343.715829593144	1	0	1	1.1131512849280896
73200.0	1000.0	2143.7158295931267	0.0	0	231.79148891501245	2343.7158295931295	1	0	1	1.113151284928091
74200.0	1000.0	2143.715829593109	0.0	0	265.6755297107011	2343.715829593115	1	0	1	1.1131512849280925
75200.0	1000.0	2143.7158295931113	0.0	0	287.41910318676673	2343.715829593115	1	0	1	1.1131512849280925
76200.0	1000.0	2143.7158295930967	0.0	0	20.211355946434196	2343.715829593115	1	0	1	1.1131512849280925
77222.59755207245	1000.0	2121.118277520649	0.0	0	0.0	2343.7158295931295	1	0	1	1.113151284928091
78200.0	1000.0	2143.715829593105	0.0	0	57.534509775970946	2343.7158295931295	1	0	1	1.113151284928091
79200.0	1000.0	2143.715829593082	0.0	0	413.671378498635	2343.7158295931295	1	0	1	1.113151284928091
80200.0	1000.0	2143.715829593091	0.0	0	390.96360366135195	2343.7158295931295	1	0	1	1.113151284928091
81200.0	1000.0	2143.715829593095	0.0	0	426.2876275731687	2343.7158295931295	1	0	1	1.113151284928091
82200.0	1000.0	2143.715829593112	0.0	0	300.4350203755748	2343.7158295931295	1	0	1	1.113151284928091
83200.0	1000.0	2143.7158295930926	0.0	0	249.48334279443952	2343.7158295931295	1	0	1	1.113151284928091
84200.0	1000.0	2143.715829593105	0.0	0	354.73728901347204	2343.7158295931295	1	0	1	1.113151284928091
85200.0	1000.0	2143.7158295931026	0.0	0	430.6704927427636	2343.7158295931295	1	0	1	1.113151284928091
86280.1186126906	1000.0	2063.597216902507	0.0	0	0.0	2343.7158295931295	1	0	1	1.113151284928091
87366.26384801256	1000.0	1977.451981580541	0.0	0	0.0	2343.7158295931295	1	0	1	1.113151284928091
88200.0	1000.0	2143.7158295931035	0.0	0	282.36697440866556	2343.7158295931295	1	0	1	1.113151284928091
89200.0	1000.0	2143.715829593098	0.0	0	236.9701781823096	2343.7158295931295	1	0	1	1.113151284928091
90200.0	1000.0	2143.7158295930994	0.0	0	163.82147139169683	2343.7158295931295	1	0	1	1.113151284928091
91200.0	1000.0	2143.71582959309	0.0	0	221.06262032517407	2343.715829593115	1	0	1	1.1131512849280925
92329.24450550096	1000.0	2014.471324092143	0.0	0	0.0	2343.7158295931295	1	0	1	1.113151284928091
93200.0	1000.0	2143.7158295931004	0.0	0	116.56834223834448	2343.7158295931295	1	0	1	1.113151284928091
94200.0	1000.0	2143.7158295931	0.0	0	240.5760694017954	2343.715829593115	1	0	1	1.1131512849280925
95200.0	1000.0	2143.7158295931	0.0	0	600.2721175760962	2343.715829593115	1	0	1	1.1131512849280925
96200.0	1000.0	2143.7158295930976	0.0	0	361.2397747913492	2343.7158295931004	1	0	1	1.113151284928093
97200.0	1000.0	2143.715829593087	0.0	0	134.07067769671266	2343.7158295931004	1	0	1	1.1131512849280938
98773.01551098959	1000.0	1570.700318603496	0.0	0	0.0	2343.7158295931004	1	0	1	1.1131512849280938
99613.77816369738	1000.0	1729.9376658956871	0.0	0	0.0	2343.7158295931004	1	0	1	1.1131512849280938
100225.71916034444	1000.0	2117.9966692486423	0.0	0	0.0	2343.7158295931004	1	0	1	1.1131512849280938
101200.0	1000.0	2143.715829593081	0.0	0	506.3249066881108	2343.7158295931004	1	0	1	1.1131512849280938
102200.0	1000.0	2143.71582959309	0.0	0	405.3474391971977	2343.7158295931004	1	0	1	1.1131512849280938
103200.0	1000.0	2143.715829593102	0.0	0	296.7709774637042	2343.7158295931004	1	0	1	1.1131512849280938
104200.0	1000.0	2143.715829593101	0.0	0	45.529142444662284	2343.7158295931004	1	0	1	1.1131512849280938
105200.0	1000.0	2143.7158295931044	0.0	0	320.39059585143696	2343.7158295931004	1	0	1	1.1131512849280938
106200.0	1000.0	2143.7158295930885	0.0	0	411.69461529285763	2343.7158295931004	1	0	1	1.1131512849280938
107258.87750318334	1000.0	2084.8383264097415	0.0	0	0.0	2343.715829593086	1	0	1	1.1131512849280953
108223.48041452368	1000.0	2120.2354150693895	0.0	0	0.0	2343.715829593086	1	0	1	1.1131512849280953
109200.0	1000.0	2143.7158295930712	0.0	0	72.75536986492807	2343.715829593086	1	0	1	1.1131512849280953
110200.0	1000.0	2143.715829593081	0.0	0	152.88831012796436	2343.715829593086	1	0	1	1.1131512849280953
111200.0	1000.0	2143.7158295930794	0.0	0	203.69498723227298	2343.715829593086	1	0	1	1.1131512849280953
112200.0	1000.0	2143.7158295930712	0.0	0	439.17778191142133	2343.715829593086	1	0	1	1.1131512849280953
113569.78899549885	1000.0	1773.926834094218	0.0	0	0.0	2343.715829593086	1	0	1	1.1131512849280953
114627.89356092468	1000.0	1715.8222686683919	0.0	0	0.0	2343.715829593086	1	0	1	1.1131512849280953
115892.88657740732	1000.0	1450.8292521857434	0.0	0	0.0	2343.715829593086	1	0	1	1.1131512849280953
116780.95848156356	1000.0	1562.7573480295164	0.0	0	0.0	2343.7158295931004	1	0	1	1.1131512849280938
118264.89064868196	1000.0	1078.8251809111007	0.0	0	0.0	2343.715829593115	1	0	1	1.1131512849280925
119312.07014307317	1000.0	1031.6456865198916	0.0	0	0.0	2343.715829593115	1	0	1	1.1131512849280925
119933.27415606163	1000.0	1410.4416735314437	0.0	0	0.0	2343.715829593115	1	0	1	1.1131512849280925
120650.75093465885	1000.0	1692.9648949342254	0.0	0	0.0	2343.715829593115	1	0	1	1.1131512849280925
121338.49788272858	1000.0	2005.2179468644888	0.0	0	0.0	2343.715829593115	1	0	1	1.1131512849280925
122200.0	1000.0	2143.715829593048	0.0	0	310.5713186387293	2343.7158295931004	1	0	1	1.1131512849280938
123200.0	1000.0	2143.715829593051	0.0	0	199.1877679356112	2343.7158295931004	1	0	1	1.1131512849280945
124200.0	1000.0	2143.7158295930485	0.0	0	195.42774572288909	2343.7158295931004	1	0	1	1.1131512849280938
125200.0	1000.0	2143.7158295930653	0.0	0	66.77558363915887	2343.7158295931004	1	0	1	1.1131512849280938
126200.0	1000.0	2143.7158295930594	0.0	0	70.3767999883712	2343.7158295931004	1	0	1	1.1131512849280938
127200.0	1000.0	2143.7158295930726	0.0	0	342.2174367970583	2343.7158295931004	1	0	1	1.1131512849280938
128200.0	1000.0	2143.7158295930703	0.0	0	150.3787433647958	2343.7158295931004	1	0	1	1.1131512849280938
129200.0	1000.0	2143.7158295930794	0.0	0	130.96771713436465	2343.7158295931004	1	0	1	1.1131512849280938
130200.0	1000.0	2143.71582959307	0.0	0	549.2928090081841	2343.7158295931004	1	0	1	1.1131512849280938
131200.0	1000.0	2143.715829593053	0.0	0	290.22740230851923	2343.7158295931004	1	0	1	1.113151284928093
132200.0	1000.0	2143.7158295930517	0.0	0	422.5737351302523	2343.715829593086	1	0	1	1.1131512849280951
133200.0	1000.0	2143.715829593051	0.0	0	344.1641568991763	2343.7158295931004	1	0	1	1.113151284928093
134200.0	1000.0	2143.7158295930453	0.0	0	198.85518076395965	2343.7158295931004	1	0	1	1.1131512849280938
135230.2886220405	1000.0	2113.4272075525705	0.0	0	0.0	2343.7158295931295	1	0	1	1.113151284928091
136469.04456422006	1000.0	1874.6712653730235	0.0	0	0.0	2343.7158295931295	1	0	1	1.113151284928091
137243.86411199032	1000.0	2099.8517176027935	0.0	0	0.0	2343.7158295931295	1	0	1	1.113151284928091
138200.0	1000.0	2143.715829593085	0.0	0	293.1195594955061	2343.7158295931295	1	0	1	1.113151284928091
139200.0	1000.0	2143.7158295930885	0.0	0	617.2893627920712	2343.7158295931586	1	0	1	1.1131512849280882
140200.0	1000.0	2143.7158295930944	0.0	0	344.85282343949075	2343.7158295931877	1	0	1	1.1131512849280853
141425.21717286413	1000.0	1918.4986567289652	0.0	0	0.0	2343.7158295931877	1	0	1	1.1131512849280853
142200.0	1000.0	2143.7158295930844	0.0	0	49.864703262923285	2343.7158295931877	1	0	1	1.1131512849280853
143200.0	1000.0	2143.715829593109	0.0	0	403.55393737665145	2343.7158295931877	1	0	1	1.1131512849280853
144200.0	1000.0	2143.715829593108	0.0	0	473.2594002362457	2343.7158295931877	1	0	1	1.1131512849280853
145200.0	1000.0	2143.715829593103	0.0	0	492.6568575637648	2343.7158295931877	1	0	1	1.1131512849280853
146200.0	1000.0	2143.7158295930967	0.0	0	268.92890553129837	2343.7158295931877	1	0	1	1.1131512849280853
147200.0	1000.0	2143.715829593075	0.0	0	224.11919363067136	2343.7158295931877	1	0	1	1.1131512849280853
148200.0	1000.0	2143.715829593116	0.0	0	498.2597790674772	2343.7158295932168	1	0	1	1.1131512849280825
149200.0	1000.0	2143.7158295931204	0.0	0	199.8716249766294	2343.7158295932168	1	0	1	1.1131512849280825
150200.0	1000.0	2143.7158295931504	0.0	0	308.3711724965251	2343.7158295932168	1	0	1	1.1131512849280825
151200.0	1000.0	2143.715829593131	0.0	0	207.64120982954046	2343.7158295932168	1	0	1	1.1131512849280825
152200.0	1000.0	2143.71582959315	0.0	0	386.7223965577432	2343.715829593246	1	0	1	1.1131512849280796
153484.72402471508	1000.0	1858.991804878091	0.0	0	0.0	2343.715829593246	1	0	1	1.1131512849280796
154256.32474520916	1000.0	2087.391084384004	0.0	0	0.0	2343.7158295932168	1	0	1	1.1131512849280802
155367.09838574287	1000.0	1976.6174438502774	0.0	0	0.0	2343.7158295932168	1	0	1	1.1131512849280825
156200.0	1000.0	2143.71582959317	0.0	0	144.85149930251646	2343.7158295931877	1	0	1	1.1131512849280853
157200.0	1000.0	2143.7158295931617	0.0	0	527.1616917233332	2343.7158295931877	1	0	1	1.1131512849280853
158200.0	1000.0	2143.7158295931335	0.0	0	408.22982924451935	2343.7158295931877	1	0	1	1.1131512849280853
159258.48179085646	1000.0	2085.2340387366476	0.0	0	0.0	2343.7158295931877	1	0	1	1.1131512849280853
160200.0	1000.0	2143.715829593083	0.0	0	380.60630172185483	2343.7158295931877	1	0	1	1.1131512849280853
161253.1472967521	1000.0	2090.5685328409845	0.0	0	0.0	2343.7158295931877	1	0	1	1.1131512849280853
162200.0	1000.0	2143.715829593091	0.0	0	164.31479483773	2343.7158295931877	1	0	1	1.1131512849280853
163200.0	1000.0	2143.715829593112	0.0	0	389.32595666567795	2343.7158295931877	1	0	1	1.1131512849280853
164200.0	1000.0	2143.7158295931295	0.0	0	507.61624469203525	2343.7158295931877	1	0	1	1.1131512849280853
165480.76746492245	1000.0	1862.9483646706594	0.0	0	0.0	2343.7158295931877	1	0	1	1.1131512849280853
166821.89666086272	1000.0	1521.8191687303754	0.0	0	0.0	2343.7158295931877	1	0	1	1.1131512849280853
168018.66487006377	1000.0	1325.0509595293033	0.0	0	0.0	2343.7158295931877	1	0	1	1.1131512849280853
169375.16998791543	1000.0	968.5458416776344	0.0	0	0.0	2343.7158295931877	1	0	1	1.1131512849280842
169986.6558549916	1000.0	1357.0599746014536	0.0	0	0.0	2343.7158295932168	1	0	1	1.1131512849280825
171028.12742643102	1000.0	1315.5884031620606	0.0	0	0.0	2343.7158295932168	1	0	1	1.1131512849280825
171721.0562018912	1000.0	1622.6596277018734	0.0	0	0.0	2343.7158295932168	1	0	1	1.1131512849280825
172242.17308776008	1000.0	2101.542741832951	0.0	0	0.0	2343.7158295932168	1	0	1	1.1131512849280825
173200.0	1000.0	2143.715829593056	0.0	0	363.4465648237674	2343.7158295932168	1	0	1	1.1131512849280825
174200.0	1000.0	2143.7158295930462	0.0	0	544.182643035514	2343.7158295932168	1	0	1	1.1131512849280825
175200.0	1000.0	2143.715829593023	0.0	0	573.6595202358731	2343.7158295931877	1	0	1	1.1131512849280853
176200.0	1000.0	2143.7158295930403	0.0	0	623.839390596957	2343.7158295931877	1	0	1	1.1131512849280853
177200.0	1000.0	2143.7158295930503	0.0	0	638.1418650471314	2343.7158295931877	1	0	1	1.1131512849280853
178200.0	1000.0	2143.7158295930685	0.0	0	455.452345291269	2343.7158295932168	1	0	1	1.1131512849280825
179200.0	1000.0	2143.7158295930594	0.0	0	627.0770621749107	2343.7158295932168	1	0	1	1.1131512849280825
180200.0	1000.0	2143.7158295930817	0.0	0	514.6086291387037	2343.7158295932168	1	0	1	1.1131512849280825
181200.0	1000.0	2143.715829593068	0.0	0	344.90643148476374	2343.7158295932168	1	0	1	1.1131512849280825
182200.0	1000.0	2143.7158295930485	0.0	0	351.7307939772727	2343.7158295932168	1	0	1	1.1131512849280825
183200.0	1000.0	2143.7158295930535	0.0	0	402.8093394587049	2343.715829593246	1	0	1	1.1131512849280796
184200.0	1000.0	2143.715829593088	0.0	0	115.8107575396134	2343.715829593275	1	0	1	1.1131512849280767
185200.0	1000.0	2143.7158295930626	0.0	0	500.67117250018055	2343.715829593275	1	0	1	1.1131512849280767
186200.0	1000.0	2143.715829593056	0.0	0	342.2282510534278	2343.715829593275	1	0	1	1.1131512849280767
187200.0	1000.0	2143.715829593042	0.0	0	382.92832500854274	2343.715829593275	1	0	1	1.1131512849280767
188200.0	1000.0	2143.7158295930512	0.0	0	48.4206522818713	2343.715829593275	1	0	1	1.1131512849280767
189200.0	1000.0	2143.715829593018	0.0	0	70.00905895454343	2343.715829593275	1	0	1	1.1131512849280767
190200.0	1000.0	2143.715829593023	0.0	0	165.418216294609	2343.715829593304	1	0	1	1.1131512849280738
191200.0	1000.0	2143.7158295930167	0.0	0	129.72747493250063	2343.715829593275	1	0	1	1.1131512849280767
192366.3905939906	1000.0	1977.3252356024514	0.0	0	0.0	2343.715829593304	1	0	1	1.1131512849280738
193371.1170095356	1000.0	1972.5988200574334	0.0	0	0.0	2343.715829593304	1	0	1	1.1131512849280738
194200.0	1000.0	2143.715829593017	0.0	0	175.58875213970896	2343.715829593304	1	0	1	1.1131512849280738
195200.0	1000.0	2143.7158295930462	0.0	0	535.0054435447964	2343.715829593304	1	0	1	1.1131512849280738
196200.0	1000.0	2143.7158295930312	0.0	0	201.4131051216682	2343.715829593304	1	0	1	1.1131512849280738
197200.0	1000.0	2143.7158295930135	0.0	0	56.3457192282076	2343.715829593304	1	0	1	1.1131512849280738
198217.01197398902	1000.0	2126.7038556039765	0.0	0	0.0	2343.715829593304	1	0	1	1.1131512849280738
199200.0	1000.0	2143.7158295930026	0.0	0	239.37854071130278	2343.715829593333	1	0	1	1.113151284928071
200200.0	1000.0	2143.715829592982	0.0	0	120.96715980864246	2343.715829593304	1	0	1	1.1131512849280738
201550.35281266706	1000.0	1793.3630169259054	0.0	0	0.0	2343.715829593304	1	0	1	1.1131512849280738
203169.24064785748	1000.0	1174.4751817354866	0.0	0	0.0	2343.715829593333	1	0	1	1.1131512849280716
204391.57034029835	1000.0	952.1454892946485	0.0	0	0.0	2343.715829593333	1	0	1	1.113151284928071
205002.08296203692	1000.0	1341.6328675560808	0.0	0	0.0	2343.715829593333	1	0	1	1.113151284928071
206013.3854628818	1000.0	1330.3303667112414	0.0	0	0.0	2343.715829593333	1	0	1	1.113151284928071
207192.27255960472	1000.0	1151.4432699883155	0.0	0	0.0	2343.715829593333	1	0	1	1.1131512849280734
207680.95680110203	500.0	1662.7590284910013	0.0	0	0.0	2343.715829593333	1	0	1	-0.27314307619181966
208313.27807103982	500.0	2030.437758553185	0.0	0	0.0	2343.715829593333	1	0	1	0.42000410436812563
209200.0	500.0	2143.715829592989	0.0	0	469.2952234332042	2343.715829593333	1	0	1	0.42000410436812563
210200.0	500.0	2143.715829592983	0.0	0	511.0710103205638	2343.7158295933623	1	0	1	0.4200041043681227
211200.0	500.0	2143.7158295929544	0.0	0	483.8011209933029	2343.7158295933623	1	0	1	0.4200041043681227
212200.0	500.0	2143.715829592965	0.0	0	678.8888085535727	2343.7158295933623	1	0	1	0.4200041043681227
213243.2005622201	1000.0	2100.515267372898	0.0	0	0.0	2343.7158295933623	1	0	1	0.4200041043681228
214200.0	1000.0	2143.7158295929703	0.0	0	233.40777939005056	2343.715829593333	1	0	1	1.113151284928071
215200.0	1000.0	2143.715829592976	0.0	0	378.61047762507224	2343.715829593333	1	0	1	1.113151284928071
216200.0	1000.0	2143.7158295929894	0.0	0	414.1803170563653	2343.715829593304	1	0	1	1.1131512849280738
217200.0	1000.0	2143.7158295929667	0.0	0	402.8802408663905	2343.715829593304	1	0	1	1.1131512849280738
218200.0	1000.0	2143.7158295929557	0.0	0	467.6783280275122	2343.715829593304	1	0	1	1.1131512849280738
219244.41467798204	1000.0	2099.301151610878	0.0	0	0.0	2343.715829593246	1	0	1	1.1131512849280774
220200.0	1000.0	2143.7158295928903	0.0	0	369.9797535785474	2343.715829593246	1	0	1	1.1131512849280796
221200.0	1000.0	2143.7158295928866	0.0	0	289.70599965329166	2343.715829593246	1	0	1	1.1131512849280796
222200.0	1000.0	2143.7158295928743	0.0	0	167.12874316578382	2343.715829593275	1	0	1	1.1131512849280767
223200.0	1000.0	2143.7158295928607	0.0	0	319.12278004878317	2343.715829593275	1	0	1	1.1131512849280767
224200.0	1000.0	2143.7158295928602	0.0	0	464.51120238471776	2343.715829593275	1	0	1	1.1131512849280767
225200.0	1000.0	2143.715829592855	0.0	0	297.79108549345983	2343.715829593275	1	0	1	1.1131512849280767
226200.0	1000.0	2143.7158295929003	0.0	0	195.5477342157974	2343.715829593275	1	0	1	1.1131512849280767
227200.0	1000.0	2143.7158295928784	0.0	0	138.24493418770726	2343.715829593275	1	0	1	1.1131512849280767
228200.0	1000.0	2143.7158295928466	0.0	0	601.3183282916434	2343.715829593275	1	0	1	1.1131512849280767
229200.0	1000.0	2143.715829592835	0.0	0	489.1839892070566	2343.715829593304	1	0	1	1.1131512849280738
230200.0	1000.0	2143.7158295928343	0.0	0	593.220394310425	2343.715829593304	1	0	1	1.1131512849280738
231200.0	1000.0	2143.715829592835	0.0	0	499.99744829835254	2343.715829593304	1	0	1	1.1131512849280738
232200.0	1000.0	2143.7158295928225	0.0	0	276.09617181893555	2343.715829593304	1	0	1	1.1131512849280738
233200.0	1000.0	2143.7158295928202	0.0	0	361.1967269174347	2343.715829593304	1	0	1	1.1131512849280738
234200.0	1000.0	2143.7158295927907	0.0	0	172.67939524937537	2343.715829593304	1	0	1	1.1131512849280738
235200.0	1000.0	2143.7158295927757	0.0	0	86.49683766337694	2343.715829593304	1	0	1	1.1131512849280738
236236.82383303173	1000.0	2106.891996561095	0.0	0	0.0	2343.715829593333	1	0	1	1.1131512849280734
237200.0	1000.0	2143.7158295928093	0.0	0	185.1908386760042	2343.715829593333	1	0	1	1.113151284928071
238200.0	1000.0	2143.7158295927975	0.0	0	370.08917049947195	2343.715829593333	1	0	1	1.113151284928071
239200.0	1000.0	2143.715829592823	0.0	0	493.71017047710484	2343.715829593333	1	0	1	1.113151284928071
240380.03336310046	1000.0	1963.6824664923397	0.0	0	0.0	2343.715829593333	1	0	1	1.113151284928071
241491.90232438303	1000.0	1851.8135052097914	0.0	0	0.0	2343.7158295933623	1	0	1	1.1131512849280694
242364.33848294738	1000.0	1979.3773466454616	0.0	0	0.0	2343.7158295933623	1	0	1	1.1131512849280683
243200.0	1000.0	2143.715829592845	0.0	0	316.4354893414711	2343.7158295933623	1	0	1	1.1131512849280683
244200.0	1000.0	2143.7158295928384	0.0	0	416.5534998807707	2343.7158295933623	1	0	1	1.1131512849280683
245200.0	1000.0	2143.7158295928407	0.0	0	503.6085105933016	2343.7158295933914	1	0	1	1.1131512849280654
246496.5236131629	1000.0	1847.1922164299524	0.0	0	0.0	2343.7158295933914	1	0	1	1.1131512849280654
248097.87277077153	1000.0	1245.8430588212805	0.0	0	0.0	2343.7158295933914	1	0	1	1.1131512849280654
248689.47023872248	1000.0	1654.2455908703262	0.0	0	0.0	2343.7158295933914	1	0	1	1.1131512849280654
249200.0	1000.0	2143.7158295927948	0.0	0	70.32481427909806	2343.7158295933623	1	0	1	1.1131512849280683
250200.0	1000.0	2143.7158295928025	0.0	0	648.8947987715073	2343.7158295933623	1	0	1	1.1131512849280683
251200.0	1000.0	2143.7158295928107	0.0	0	37.34224942169385	2343.7158295933623	1	0	1	1.1131512849280683
252200.0	1000.0	2143.7158295928343	0.0	0	549.4235849932593	2343.7158295933623	1	0	1	1.1131512849280683
253210.36376123226	1000.0	2133.352068360591	0.0	0	0.0	2343.715829593333	1	0	1	1.1131512849280687
254240.9792481252	1000.0	2102.736581467675	0.0	0	0.0	2343.715829593333	1	0	1	1.113151284928071
255200.0	1000.0	2143.715829592861	0.0	0	381.8825382491632	2343.715829593333	1	0	1	1.113151284928071
256280.87694150925	1000.0	2062.8388880836033	0.0	0	0.0	2343.715829593333	1	0	1	1.113151284928071
257200.0	1000.0	2143.7158295928625	0.0	0	195.48257476001163	2343.715829593333	1	0	1	1.113151284928071
258254.8334670987	1000.0	2088.882362494172	0.0	0	0.0	2343.715829593333	1	0	1	1.113151284928071
259242.58322546905	1000.0	2101.1326041238126	0.0	0	0.0	2343.715829593333	1	0	1	1.113151284928071
260200.0	1000.0	2143.7158295928566	0.0	0	174.50351447507273	2343.715829593333	1	0	1	1.113151284928071
261200.0	1000.0	2143.7158295928502	0.0	0	232.40806116667227	2343.715829593333	1	0	1	1.113151284928071
262267.7266335519	1000.0	2075.9891960410023	0.0	0	0.0	2343.7158295933623	1	0	1	1.1131512849280698
263276.2392727403	1000.0	2067.4765568526227	0.0	0	0.0	2343.7158295934496	1	0	1	1.113151284928063
264756.6056040099	1000.0	1587.110225583041	0.0	0	0.0	2343.7158295934205	1	0	1	1.1131512849280618
265543.90835728135	1000.0	1799.8074723115942	0.0	0	0.0	2343.7158295934205	1	0	1	1.1131512849280625
266851.13198845467	1000.0	1492.5838411382585	0.0	0	0.0	2343.7158295934205	1	0	1	1.1131512849280636
268121.4582315035	1000.0	1222.257598089357	0.0	0	0.0	2343.7158295933623	1	0	1	1.1131512849280683
268748.11129695486	1000.0	1595.604532637938	0.0	0	0.0	2343.715829593304	1	0	1	1.1131512849280738
269274.30992940447	1000.0	2069.4059001884198	0.0	0	0.0	2343.7158295933623	1	0	1	1.1131512849280683
270200.0	1000.0	2143.7158295928957	0.0	0	195.9100547762937	2343.7158295933623	1	0	1	1.1131512849280683
271200.0	1000.0	2143.715829592889	0.0	0	169.92481483658776	2343.7158295933623	1	0	1	1.1131512849280683
272475.8705806241	1000.0	1867.8452489687952	0.0	0	0.0	2343.715829593304	1	0	1	1.1131512849280738
273200.0	1000.0	2143.7158295928466	0.0	0	9.959754878596868	2343.715829593246	1	0	1	1.1131512849280751
274200.0	1000.0	2143.7158295928025	0.0	0	184.85900909814518	2343.715829593304	1	0	1	1.1131512849280738
275200.0	1000.0	2143.715829592871	0.0	0	67.3720632379991	2343.7158295933623	1	0	1	1.1131512849280683
276200.0	1000.0	2143.7158295928316	0.0	0	352.1602858188562	2343.7158295933623	1	0	1	1.1131512849280683
277442.03695682937	1000.0	1901.6788727634835	0.0	0	0.0	2343.7158295934205	1	0	1	1.1131512849280658
278200.0	1000.0	2143.7158295928466	0.0	0	74.69901511649368	2343.7158295934205	1	0	1	1.1131512849280625
279200.0	1000.0	2143.715829592855	0.0	0	357.38757512549637	2343.7158295934205	1	0	1	1.1131512849280625
280200.0	1000.0	2143.7158295928607	0.0	0	212.6046807792154	2343.7158295934205	1	0	1	1.1131512849280625
281200.0	1000.0	2143.7158295928207	0.0	0	294.4178447382292	2343.7158295934205	1	0	1	1.1131512849280625
282200.0	1000.0	2143.71582959279	0.0	0	434.33943227445707	2343.7158295934787	1	0	1	1.1131512849280567
283200.0	1000.0	2143.7158295927666	0.0	0	356.38636454567313	2343.7158295934205	1	0	1	1.1131512849280625
284210.27517189813	1000.0	2133.440657694592	0.0	0	0.0	2343.7158295934205	1	0	1	1.1131512849280625
285200.0	1000.0	2143.7158295927084	0.0	0	6.543306467472576	2343.7158295934787	1	0	1	1.1131512849280614
286200.0	1000.0	2143.715829592721	0.0	0	258.9533355711028	2343.7158295934787	1	0	1	1.1131512849280567
287200.0	1000.0	2143.715829592769	0.0	0	480.4941585866618	2343.7158295934787	1	0	1	1.1131512849280567
288200.0	1000.0	2143.715829592743	0.0	0	552.1626532455557	2343.7158295934787	1	0	1	1.1131512849280567
289200.0	1000.0	2143.7158295927975	0.0	0	331.7435101564042	2343.7158295934787	1	0	1	1.1131512849280567
290405.1315639917	1000.0	1938.5842656011225	0.0	0	0.0	2343.715829593537	1	0	1	1.1131512849280545
291251.48118292476	1000.0	2092.2346466681665	0.0	0	0.0	2343.715829593537	1	0	1	1.113151284928051
292200.0	1000.0	2143.715829592919	0.0	0	266.17273982649203	2343.7158295934787	1	0	1	1.1131512849280567
293200.0	1000.0	2143.715829592876	0.0	0	479.815246703045	2343.7158295934205	1	0	1	1.1131512849280625
294200.0	1000.0	2143.7158295928416	0.0	0	597.6857173013268	2343.7158295934205	1	0	1	1.1131512849280625
295200.0	1000.0	2143.7158295928184	0.0	0	206.7013255058555	2343.7158295934205	1	0	1	1.1131512849280625
296200.0	1000.0	2143.7158295928384	0.0	0	279.4958656664239	2343.7158295934787	1	0	1	1.1131512849280567
297200.0	1000.0	2143.7158295928084	0.0	0	606.7114932101103	2343.7158295934787	1	0	1	1.1131512849280567
298200.0	1000.0	2143.7158295928266	0.0	0	316.44184406782733	2343.7158295934787	1	0	1	1.1131512849280567
299258.6453075037	1000.0	2085.0705220891805	0.0	0	0.0	2343.7158295934787	1	0	1	1.113151284928052
300226.7729447854	1000.0	2116.942884807414	0.0	0	0.0	2343.7158295934787	1	0	1	1.1131512849280567
0.88	1.09	0.73	1.22	1.99	2.12	1.04	1.95	0.88	1.55	1.33	2.05	0.87	0.7	0.8	1.01	0.65	1.42	1.22	1.49	2.14	2.31	2.15	2.19	2.91	1.82	2.18	1.77	1.25	1.46	1.83	1.55	1.66	1.87	1.49	1.29	1.24	1.37	1.53	1.17	1.22	1.3	2.15	1.46	1.1	1.17	1.03	1.42	0.8	0.88	0.67	0.67	1.23	1.02	0.85	0.98	1.25	0.85	1.23	1.36	1.08	1.27	1.63	1.98	2.15	1.88	1.14	1.62	1.81	1.62	1.54	1.64	1.42	1.1	1.33	2.34	2.2	2.05	1.69	1.15	1.7	1.6	1.29	1.07	1.69	1.3	1.55	1.11	1.16	1.37	1.69	2.19	1.71	1.03	0.52	1.0	1.8	2.51	1.32	1.93	1.38	1.32	2.2	1.19	1.18	1.1	1.12	1.36	1.47	0.93	1.04	0.75	1.0	1.14	0.81	0.93	1.58	1.85	1.38	1.05	1.25	1.1	1.44	1.34	0.94	1.26	1.95	1.62	1.53	1.81	1.47	1.22	1.08	1.16	1.81	2.24	1.67	1.09	1.19	1.63	2.55	2.44	1.26	1.44	2.04	1.76	1.17	1.26	2.22	0.95	0.88	1.09	0.73	1.22	1.99	2.12	1.04	1.95	0.88	1.55	1.33	2.05	0.87	0.7	0.8	1.01	0.65	1.42	1.22	1.49	2.14	2.31	2.15	2.19	2.91	1.82	2.18	1.77	1.25	1.46	1.83	1.55	1.66	1.87	1.49	1.29	1.24	1.37	1.53	1.17	1.22	1.3	2.15	1.46	1.1	1.17	1.03	1.42	0.8	0.88	0.67	0.67	1.23	1.02	0.85	0.98	1.25	0.85	1.23	1.36	1.08	1.27	1.63	1.98	2.15	1.88	1.14	1.62	1.81	1.62	1.54	1.64	1.42	1.1	1.33	2.34	2.2	2.05	1.69	1.15	1.7	1.6	1.29	1.07	1.69	1.3	1.55	1.11	1.16	1.37	1.69	2.19	1.71	1.03	0.52	1.0	1.8	2.51	1.32	1.93	1.38	1.32	2.2	1.19	1.18	1.1	1.12	1.36	1.47	0.93	1.04	0.75	1.0	1.14	0.81	0.93	1.58	1.85	1.38	1.05	1.25	1.1	1.44	1.34	0.94	1.26	1.95	1.62	1.53	1.81	1.47	1.22	1.08	1.16	1.81	2.24	1.67	1.09	1.19	1.63	2.55	2.44	1.26	1.44	2.04	1.76	1.17	1.26	2.22	0.95	0.88	1.09
1.0	2.0	3.0	4.0	5.0	6.0	7.0	8.0	9.0	10.0	11.0	12.0	13.0	14.0	15.0	16.0	17.0	18.0	19.0	20.0	21.0	22.0	23.0	24.0	25.0	26.0	27.0	28.0	29.0	30.0	31.0	32.0	33.0	34.0	35.0	36.0	37.0	38.0	39.0	40.0	41.0	42.0	43.0	44.0	45.0	46.0	47.0	48.0	49.0	50.0	51.0	52.0	53.0	54.0	55.0	56.0	57.0	58.0	59.0	60.0	61.0	62.0	63.0	64.0	65.0	66.0	67.0	68.0	69.0	70.0	71.0	72.0	73.0	74.0	75.0	76.0	77.0	78.0	79.0	80.0	81.0	82.0	83.0	84.0	85.0	86.0	87.0	88.0	89.0	90.0	91.0	92.0	93.0	94.0	95.0	96.0	97.0	98.0	99.0	100.0	101.0	102.0	103.0	104.0	105.0	106.0	107.0	108.0	109.0	110.0	111.0	112.0	113.0	114.0	115.0	116.0	117.0	118.0	119.0	120.0	121.0	122.0	123.0	124.0	125.0	126.0	127.0	128.0	129.0	130.0	131.0	132.0	133.0	134.0	135.0	136.0	137.0	138.0	139.0	140.0	141.0	142.0	143.0	144.0	145.0	146.0	147.0	148.0	149.0	149.0	150.0	151.0	152.0	153.0	154.0	155.0	156.0	157.0	158.0	159.0	160.0	161.0	162.0	163.0	164.0	165.0	166.0	167.0	168.0	169.0	170.0	171.0	172.0	173.0	174.0	175.0	176.0	177.0	178.0	179.0	180.0	181.0	182.0	183.0	184.0	185.0	186.0	187.0	188.0	189.0	190.0	191.0	192.0	193.0	194.0	195.0	196.0	197.0	198.0	199.0	200.0	201.0	202.0	203.0	204.0	205.0	206.0	207.0	208.0	209.0	210.0	211.0	212.0	213.0	214.0	215.0	216.0	217.0	218.0	219.0	220.0	221.0	222.0	223.0	224.0	225.0	226.0	227.0	228.0	229.0	230.0	231.0	232.0	233.0	234.0	235.0	236.0	237.0	238.0	239.0	240.0	241.0	242.0	243.0	244.0	245.0	246.0	247.0	248.0	249.0	250.0	251.0	252.0	253.0	254.0	255.0	256.0	257.0	258.0	259.0	260.0	261.0	262.0	263.0	264.0	265.0	266.0	267.0	268.0	269.0	270.0	271.0	272.0	273.0	274.0	275.0	276.0	277.0	278.0	279.0	280.0	281.0	282.0	283.0	284.0	285.0	286.0	287.0	288.0	289.0	290.0	291.0	292.0	293.0	294.0	295.0	296.0	297.0	298.0	298.0	299.0	300.0
3178.049527689673
