5851.0314630246085	300.0	2000.0	153.57667229962934	0	0.0	5851.0314630246085	1	0	1	-2.730820511782204
5986.218411381529	300.0	2864.8130516430797	0.0	0	0.0	5851.0314630246085	1	0	1	-1.841415848241465
6186.6793015837375	500.0	3644.3060724206516	0.0	0	0.0	5830.985374004389	1	0	2	-2.2260256631322597
6378.241896207486	500.0	4433.587218334528	0.0	0	0.0	5811.8291145420135	1	0	2	-1.495882338771813
6594.8244734472055	500.0	5195.346383370837	0.0	0	0.0	5790.170856818043	1	0	2	-1.4739943493282102
7200.0	500.0	5529.653304162765	0.0	0	457.1307564196977	5729.653304162765	1	0	2	-1.4423031758875637
8200.0	500.0	5429.6533041627645	0.0	0	820.2409933007484	5629.6533041627645	1	0	2	-1.3519726668716614
9200.0	1000.0	5329.653304162764	0.0	0	614.5552847584204	5529.653304162765	1	0	2	-1.2555390124753458
10200.0	1000.0	5229.653304162764	0.0	0	366.4181363442858	5429.653304162766	1	0	2	-0.46714010495460584
11200.0	2000.0	5129.653304162761	0.0	0	96.98233424841965	5329.653304162764	1	0	2	-0.36375203765707936
12200.0	2000.0	5029.653304162759	0.0	0	285.9302687953532	5229.653304162762	1	0	2	0.4109352028880444
13200.0	2000.0	4929.653304162758	0.0	0	432.4114882574486	5129.653304162761	1	0	2	0.4949391175365905
14200.0	2000.0	4829.653304162759	0.0	0	351.6615039373901	5029.653304162759	1	0	2	0.5786336697123321
15200.0	2000.0	4729.653304162759	0.0	0	556.6257722258397	4929.653304162759	1	0	2	0.6555850137573243
16200.0	2000.0	4629.65330416276	0.0	0	660.944266877359	4829.653304162759	1	0	2	0.730470901643905
17200.0	3000.0	4529.653304162765	0.0	0	536.7302362619957	4729.653304162763	1	0	2	0.8030394973107922
18200.0	3000.0	4429.653304162765	0.0	0	395.85498965276565	4629.653304162763	1	0	2	1.2761508001077835
19265.965020323783	3000.0	4257.091781806605	0.0	0	0.0	4523.0568021303825	1	0	2	1.3538790036125987
20257.697635245233	3000.0	4166.185905393007	0.0	0	0.0	4423.883540638235	1	0	2	1.4130455741664167
21200.0	3000.0	4129.653304162766	0.0	0	285.96552918212547	4329.653304162763	1	0	2	1.4593332967063526
22203.685213777087	3000.0	4025.5995690079667	0.0	0	0.0	4229.284782785053	1	0	2	1.5176518282903517
23678.73632900907	3000.0	3403.0433422527876	0.0	0	0.0	4081.7796712618547	1	0	2	1.5845349413530887
24627.25954221575	3000.0	3359.6678077254396	0.0	0	0.0	3986.92734994119	1	0	2	1.6308481064951605
25239.056334163102	3000.0	3686.6913365833516	0.0	0	0.0	3925.747670746452	1	0	2	1.6595682524167596
26200.0	3000.0	3629.653304162766	0.0	0	385.52335456745277	3829.6533041627663	1	0	2	1.6888040917796154
27200.0	3000.0	3529.6533041627604	0.0	0	470.0030444804288	3729.6533041627663	1	0	2	1.7242817892413846
28200.0	3000.0	3429.6533041627586	0.0	0	190.71096805311026	3629.65330416277	1	0	2	1.7601129966783324
29200.0	3000.0	3329.6533041627617	0.0	0	58.91005612193112	3529.6533041627736	1	0	2	1.7904271000081133
30431.83448526002	3000.0	2974.635370376738	0.0	0	0.0	3406.4698556367694	1	0	2	1.8258362202695573
31689.86578615457	3000.0	2590.8009393927364	0.0	0	0.0	3280.666725547322	1	0	2	1.857704526087063
32702.119170265225	3000.0	2477.322216871014	0.0	0	0.0	3179.4413871362594	1	0	2	1.8828492863637074
33584.37819388723	3000.0	2506.8372908868078	0.0	0	0.0	3091.2154847740567	1	0	2	1.9011542902467486
34347.14789684812	3000.0	2667.7906176298334	0.0	0	0.0	3014.9385144779735	1	0	2	1.9163114125856606
35321.56198109708	3000.0	2595.9351249559686	0.0	0	0.0	2917.4971060530734	1	0	2	1.9328085867672418
36434.03341573705	3000.0	2372.2165468519925	0.0	0	0.0	2806.249962589063	1	0	2	1.9504513164352955
37407.45185921511	3000.0	2301.456259026124	0.0	0	0.0	2708.908118241241	1	0	2	1.9653497282891967
38200.0	2000.0	2429.6533041627395	0.0	0	350.47345694758405	2629.653304162748	1	0	2	1.1642552304614373
39200.0	2000.0	2329.6533041627404	0.0	0	292.65291048556537	2529.653304162741	1	0	2	1.5818711227237512
40200.0	2000.0	2229.653304162744	0.0	0	513.4647066988691	2429.653304162741	1	0	2	1.5932222314142415
41208.05932282574	3000.0	2120.7880490544267	0.0	0	0.0	2328.8473718801615	1	0	2	1.605331697215863
42257.21883732973	3000.0	1966.7125831000321	0.0	0	0.0	2223.9314204297552	1	0	2	2.020214911800047
43631.94409900214	3000.0	1454.5147952603772	0.0	0	0.0	2086.4588942625123	1	0	2	2.0311157650456195
44249.80609804065	2000.0	1774.8665963180165	0.0	0	0.0	2024.672694358669	1	0	2	1.226739846503718
45200.0	2000.0	1729.6533041627338	0.0	0	390.9225745097865	1929.6533041627335	1	0	2	1.6373203153655491
46200.0	2000.0	1629.6533041627388	0.0	0	52.944899225316476	1829.6533041627408	1	0	2	1.6442194508480132
47441.29885206809	2000.0	1264.2245668878477	0.0	0	0.0	1705.5234189559487	1	0	2	1.6512510246137295
48304.038805423275	2000.0	1401.484613532664	0.0	0	0.0	1705.5234189559415	1	0	1	1.653170213700249
49200.0	2000.0	1505.5234189559346	0.0	0	299.12676168709004	1705.5234189559487	1	0	1	1.8531702137002486
50200.0	2000.0	1505.5234189559362	0.0	0	325.9213523978178	1705.5234189559487	1	0	1	1.8531702137002486
51200.0	2000.0	1505.5234189559346	0.0	0	481.8687913728281	1705.5234189559487	1	0	1	1.8531702137002486
52415.242732006904	2000.0	1290.280686949025	0.0	0	0.0	1705.5234189559487	1	0	1	1.8531702137002486
53200.0	2000.0	1505.5234189559285	0.0	0	97.15318556976854	1705.5234189559487	1	0	1	1.8531702137002486
54200.0	2000.0	1505.5234189559276	0.0	0	203.89167719842226	1705.5234189559487	1	0	1	1.8531702137002486
55200.0	2000.0	1505.5234189559199	0.0	0	436.77980000855314	1705.5234189559415	1	0	1	1.8531702137002493
56200.0	2000.0	1505.5234189559212	0.0	0	279.1863627333805	1705.5234189559415	1	0	1	1.8531702137002493
57200.0	2000.0	1505.5234189559285	0.0	0	436.3507789283176	1705.5234189559415	1	0	1	1.8531702137002493
58200.0	2000.0	1505.5234189559421	0.0	0	328.15281757726916	1705.5234189559487	1	0	1	1.8531702137002486
59200.0	2000.0	1505.52341895594	0.0	0	401.15663753599074	1705.5234189559415	1	0	1	1.8531702137002493
60200.0	2000.0	1505.5234189559383	0.0	0	467.80995766865817	1705.5234189559415	1	0	1	1.8531702137002493
61200.0	2000.0	1505.523418955937	0.0	0	393.63699439431366	1705.5234189559415	1	0	1	1.8531702137002493
62200.0	2000.0	1505.5234189559353	0.0	0	477.55499753214826	1705.5234189559415	1	0	1	1.8531702137002493
63591.25095050798	3000.0	1114.2724684479613	0.0	0	0.0	1705.5234189559415	1	0	1	1.853170213700249
65170.847917728985	3000.0	534.6755012269589	0.0	0	0.0	1705.5234189559415	1	0	1	2.2586353218084136
65922.50100058988	2000.0	783.0224183660619	0.0	0	0.0	1705.5234189559342	1	0	1	1.4477051055920847
66519.84687797092	2000.0	1185.676540985012	0.0	0	0.0	1705.5234189559196	1	0	1	1.8531702137002504
67200.0	2000.0	1505.5234189559499	0.0	0	211.18552790689864	1705.5234189559415	1	0	1	1.8531702137002495
68200.0	2000.0	1505.523418955945	0.0	0	563.2231888344104	1705.5234189559415	1	0	1	1.8531702137002493
69200.0	2000.0	1505.5234189559362	0.0	0	453.76066783751594	1705.5234189559415	1	0	1	1.8531702137002493
70686.01555069261	3000.0	1019.5078682633326	0.0	0	0.0	1705.5234189559415	1	0	1	1.853170213700249
71701.30550856932	2000.0	1004.2179103866146	0.0	0	0.0	1705.5234189559415	1	0	1	1.4477051055920847
72430.93769740644	2000.0	1274.5857215494984	0.0	0	0.0	1705.5234189559415	1	0	1	1.8531702137002493
73363.63951008719	2000.0	1341.883908868736	0.0	0	0.0	1705.5234189559415	1	0	1	1.8531702137002493
74200.0	2000.0	1505.5234189559196	0.0	0	169.60047185287112	1705.5234189559415	1	0	1	1.8531702137002493
75200.0	2000.0	1505.5234189559258	0.0	0	404.8363647554652	1705.523418955956	1	0	1	1.8531702137002484
76200.0	2000.0	1505.5234189559314	0.0	0	217.68041272083065	1705.523418955956	1	0	1	1.8531702137002484
77200.0	2000.0	1505.5234189559362	0.0	0	105.16519542138849	1705.523418955956	1	0	1	1.8531702137002484
78245.53305377679	2000.0	1459.9903651791396	0.0	0	0.0	1705.5234189559415	1	0	1	1.8531702137002493
79200.0	2000.0	1505.5234189559278	0.0	0	420.38947515589825	1705.523418955927	1	0	1	1.85317021370025
80200.0	2000.0	1505.5234189559192	0.0	0	411.62592819823476	1705.523418955927	1	0	1	1.85317021370025
81200.0	2000.0	1505.523418955904	0.0	0	491.3208662662073	1705.523418955927	1	0	1	1.85317021370025
82200.0	2000.0	1505.5234189559158	0.0	0	525.7105989518313	1705.523418955927	1	0	1	1.85317021370025
83200.0	3000.0	1505.5234189559071	0.0	0	225.22666027558444	1705.523418955927	1	0	1	1.85317021370025
84200.0	3000.0	1505.5234189559135	0.0	0	317.69620766703156	1705.523418955927	1	0	1	2.2586353218084145
85200.0	3000.0	1505.5234189559117	0.0	0	405.0321507260378	1705.523418955927	1	0	1	2.2586353218084145
86200.0	3000.0	1505.5234189559008	0.0	0	44.39285643938638	1705.5234189559123	1	0	1	2.2586353218084154
87200.0	3000.0	1505.523418955899	0.0	0	370.79388446932717	1705.5234189559123	1	0	1	2.2586353218084154
88200.0	3000.0	1505.5234189559083	0.0	0	8.695399485426606	1705.5234189559123	1	0	1	2.2586353218084154
89200.0	3000.0	1505.5234189559055	0.0	0	12.022100219095591	1705.5234189559123	1	0	1	2.2586353218084154
90585.37759670231	3000.0	1120.1458222536157	0.0	0	0.0	1705.5234189559123	1	0	1	2.2586353218084154
91616.05107365041	3000.0	1089.4723453054996	0.0	0	0.0	1705.5234189559123	1	0	1	2.2586353218084154
92680.19803317555	3000.0	1025.3253857803734	0.0	0	0.0	1705.5234189559123	1	0	1	2.2586353218084154
93660.97811485919	3000.0	1044.5453040967286	0.0	0	0.0	1705.5234189559123	1	0	1	2.2586353218084154
94394.71760023246	3000.0	1310.8058187234683	0.0	0	0.0	1705.5234189559123	1	0	1	2.2586353218084154
95200.0	3000.0	1505.5234189559112	0.0	0	132.4231956973963	1705.5234189558978	1	0	1	2.2586353218084163
96330.66508677861	3000.0	1374.8583321772962	0.0	0	0.0	1705.5234189558978	1	0	1	2.2586353218084163
97354.99786519271	3000.0	1350.5255537632013	0.0	0	0.0	1705.5234189558978	1	0	1	2.2586353218084163
98228.63486790525	3000.0	1476.8885510506595	0.0	0	0.0	1705.5234189558978	1	0	1	2.2586353218084163
99201.67047287384	3000.0	1503.8529460820587	0.0	0	0.0	1705.5234189559123	1	0	1	2.2586353218084154
100545.73012144628	3000.0	1159.7932975096278	0.0	0	0.0	1705.5234189559123	1	0	1	2.2586353218084154
101535.21969001307	3000.0	1170.3037289428362	0.0	0	0.0	1705.5234189559123	1	0	1	2.2586353218084154
102401.03377262421	3000.0	1304.4896463316893	0.0	0	0.0	1705.5234189559123	1	0	1	2.2586353218084154
103200.0	3000.0	1505.5234189559194	0.0	0	315.8179092443024	1705.523418955927	1	0	1	2.2586353218084145
104200.0	3000.0	1505.5234189559205	0.0	0	457.40994715147826	1705.5234189559415	1	0	1	2.2586353218084136
105200.0	3000.0	1505.5234189559094	0.0	0	449.534587056929	1705.523418955956	1	0	1	2.258635321808413
106200.0	3000.0	1505.5234189559076	0.0	0	367.46534989983775	1705.523418955956	1	0	1	2.258635321808413
107288.9227492405	3000.0	1416.6006697154126	0.0	0	0.0	1705.5234189559415	1	0	1	2.2586353218084136
108200.0	3000.0	1505.5234189559064	0.0	0	97.7347508056846	1705.523418955927	1	0	1	2.2586353218084145
109200.0	3000.0	1505.5234189559048	0.0	0	209.96846468752483	1705.5234189559415	1	0	1	2.2586353218084136
110200.0	3000.0	1505.5234189559055	0.0	0	314.98000849773234	1705.5234189559415	1	0	1	2.2586353218084136
111200.0	3000.0	1505.523418955918	0.0	0	311.430696914962	1705.523418955956	1	0	1	2.258635321808413
112637.67072250799	3000.0	1067.8526964479247	0.0	0	0.0	1705.5234189559415	1	0	1	2.2586353218084136
113615.18770006465	3000.0	1090.3357188912523	0.0	0	0.0	1705.5234189559415	1	0	1	2.2586353218084136
114300.69040358702	3000.0	1404.8330153688926	0.0	0	0.0	1705.523418955927	1	0	1	2.2586353218084145
115515.4109972036	3000.0	1190.1124217523231	0.0	0	0.0	1705.523418955927	1	0	1	2.2586353218084145
116200.0	3000.0	1505.5234189559164	0.0	0	21.724810589497793	1705.523418955927	1	0	1	2.2586353218084145
117200.0	3000.0	1505.5234189559185	0.0	0	183.43382384478173	1705.5234189559415	1	0	1	2.2586353218084136
118200.0	3000.0	1505.5234189559242	0.0	0	128.52411894516263	1705.5234189559415	1	0	1	2.2586353218084136
119421.98211884128	3000.0	1283.5413001146603	0.0	0	0.0	1705.5234189559415	1	0	1	2.2586353218084136
120601.45892272632	3000.0	1104.0644962296178	0.0	0	0.0	1705.5234189559415	1	0	1	2.2586353218084136
121623.31567117946	3000.0	1082.2077477764983	0.0	0	0.0	1705.5234189559415	1	0	1	2.2586353218084136
122233.93648370724	2000.0	1471.5869352487339	0.0	0	0.0	1705.523418955956	1	0	1	1.4477051055920838
123200.0	3000.0	1505.5234189559656	0.0	0	240.64312827757385	1705.523418955956	1	0	1	1.8531702137002486
124200.0	3000.0	1505.5234189559635	0.0	0	313.32287957340304	1705.523418955956	1	0	1	2.258635321808413
125434.76809956144	3000.0	1270.7553193945278	0.0	0	0.0	1705.523418955956	1	0	1	2.258635321808413
127013.10601279103	3000.0	692.4174061649478	0.0	0	0.0	1705.523418955956	1	0	1	2.258635321808413
127830.8119709174	2000.0	874.7114480385671	0.0	0	0.0	1705.523418955956	1	0	1	1.4477051055920838
128969.07160246014	2000.0	736.4518164958173	0.0	0	0.0	1705.523418955956	1	0	1	1.8531702137002484
129931.74464083987	2000.0	773.7787781160935	0.0	0	0.0	1705.523418955956	1	0	1	1.8531702137002484
130893.14283264219	2000.0	812.3805863137607	0.0	0	0.0	1705.5234189559415	1	0	1	1.8531702137002493
132135.50543313762	2000.0	570.0179858183269	0.0	0	0.0	1705.5234189559415	1	0	1	1.853170213700249
133082.81543157666	2000.0	622.7079873792834	0.0	0	0.0	1705.5234189559415	1	0	1	1.8531702137002493
134769.20195728238	2000.0	223.06897662954358	286.7475149559751	0	0.0	1992.270933911932	1	0	1	0.1194623352247901
135794.20758393095	2000.0	525.5984831788273	327.53513319786293	0	0.0	2319.8060671097774	1	0	1	-0.15659142165607326
136563.8714954853	2000.0	755.9345716244555	0.0	0	0.0	2319.8060671097483	1	0	1	1.8086193775311052
136856.58673022332	1000.0	1463.219336886458	0.0	0	0.0	2319.8060671097774	1	0	1	0.42232501641121445
137270.346920137	1000.0	2049.459146972771	0.0	0	0.0	2319.8060671097774	1	0	1	1.1154721969711596
138332.53518150604	2000.0	1987.2708856037414	0.0	0	0.0	2319.8060671097774	1	0	1	1.1154721969711594
139200.0	2000.0	2119.8060671098056	0.0	0	111.70643212582218	2319.8060671097774	1	0	1	1.8086193775311046
140200.0	2000.0	2119.8060671098133	0.0	0	520.3887563402532	2319.8060671097774	1	0	1	1.8086193775311046
141200.0	2000.0	2119.8060671098256	0.0	0	592.7446710577642	2319.8060671097774	1	0	1	1.8086193775311046
142200.0	2000.0	2119.806067109838	0.0	0	545.6022031203902	2319.8060671097774	1	0	1	1.8086193775311046
143200.0	2000.0	2119.806067109875	0.0	0	188.539999400964	2319.8060671098065	1	0	1	1.808619377531102
144200.0	2000.0	2119.806067109889	0.0	0	441.07660552469315	2319.8060671098065	1	0	1	1.808619377531102
145300.6873483752	3000.0	2019.118718734666	0.0	0	0.0	2319.8060671098065	1	0	1	1.8086193775311021
146200.0	3000.0	2119.8060671098824	0.0	0	40.64836236060364	2319.8060671098065	1	0	1	2.2140844856392667
147200.0	3000.0	2119.8060671099042	0.0	0	152.79905980141484	2319.8060671098065	1	0	1	2.2140844856392667
148200.0	3000.0	2119.806067109904	0.0	0	220.30584895043285	2319.8060671097774	1	0	1	2.2140844856392694
149200.0	3000.0	2119.806067109889	0.0	0	119.10937073270907	2319.8060671097774	1	0	1	2.2140844856392694
150592.47045038544	3000.0	1727.3356167244276	0.0	0	0.0	2319.8060671097774	1	0	1	2.2140844856392694
151536.51927759498	2000.0	1783.2867895148877	0.0	0	0.0	2319.8060671097774	1	0	1	1.40315426942294
152200.0	2000.0	2119.806067109844	0.0	0	86.35684002793278	2319.8060671097774	1	0	1	1.8086193775311046
153200.0	2000.0	2119.8060671098497	0.0	0	343.58642321714433	2319.8060671097774	1	0	1	1.8086193775311046
154200.0	2000.0	2119.806067109882	0.0	0	366.8918595466239	2319.8060671097774	1	0	1	1.8086193775311046
155200.0	2000.0	2119.8060671098983	0.0	0	256.453758767253	2319.8060671097774	1	0	1	1.8086193775311046
156200.0	2000.0	2119.806067109893	0.0	0	378.8629690433154	2319.8060671097483	1	0	1	1.8086193775311077
157200.0	2000.0	2119.8060671098833	0.0	0	565.1404176585784	2319.8060671097483	1	0	1	1.8086193775311077
158200.0	2000.0	2119.806067109882	0.0	0	337.10964100059937	2319.8060671097483	1	0	1	1.8086193775311077
159629.3012706467	2000.0	1690.5047964631954	0.0	0	0.0	2319.8060671097483	1	0	1	1.8086193775311077
160770.6511190378	2000.0	1549.1549480720973	0.0	0	0.0	2319.806067109719	1	0	1	1.8086193775311088
161482.34898511186	2000.0	1837.4570819980363	0.0	0	0.0	2319.806067109719	1	0	1	1.8086193775311106
162200.0	2000.0	2119.8060671099092	0.0	0	31.871526875795098	2319.806067109719	1	0	1	1.8086193775311106
163200.0	2000.0	2119.806067109912	0.0	0	374.92842885962455	2319.80606710969	1	0	1	1.8086193775311132
164200.0	2000.0	2119.8060671099392	0.0	0	617.9553002257308	2319.806067109719	1	0	1	1.8086193775311106
165200.0	2000.0	2119.8060671099456	0.0	0	601.4784240820445	2319.806067109719	1	0	1	1.8086193775311106
166200.0	3000.0	2119.806067109933	0.0	0	534.8015260971733	2319.806067109719	1	0	1	1.8086193775311106
167200.0	3000.0	2119.8060671099192	0.0	0	74.9121925040672	2319.80606710969	1	0	1	2.214084485639278
168200.0	3000.0	2119.806067109911	0.0	0	312.2575942813419	2319.80606710969	1	0	1	2.214084485639278
169200.0	3000.0	2119.8060671098992	0.0	0	128.7741588211211	2319.806067109661	1	0	1	2.214084485639281
170200.0	3000.0	2119.8060671099283	0.0	0	336.8321445591864	2319.806067109661	1	0	1	2.214084485639281
171333.42399879344	3000.0	1986.382068316483	0.0	0	0.0	2319.806067109632	1	0	1	2.2140844856392836
172779.0351212869	3000.0	1540.770945823012	0.0	0	0.0	2319.80606710969	1	0	1	2.2140844856392796
173687.19776392044	3000.0	1632.6083031894707	0.0	0	0.0	2319.806067109719	1	0	1	2.214084485639277
174387.60390181778	3000.0	1932.2021652921123	0.0	0	0.0	2319.806067109719	1	0	1	2.214084485639275
175200.0	3000.0	2119.8060671098733	0.0	0	280.5231655139942	2319.8060671097483	1	0	1	2.2140844856392725
176200.0	3000.0	2119.8060671098647	0.0	0	402.4548460729711	2319.8060671097483	1	0	1	2.2140844856392725
177200.0	3000.0	2119.8060671098347	0.0	0	185.65718193002976	2319.8060671097774	1	0	1	2.2140844856392694
178275.95321437137	3000.0	2043.852852738473	0.0	0	0.0	2319.8060671098065	1	0	1	2.2140844856392667
179534.97981641037	3000.0	1784.8262506994588	0.0	0	0.0	2319.8060671098065	1	0	1	2.2140844856392667
180680.14942260127	3000.0	1639.656644508528	0.0	0	0.0	2319.8060671097774	1	0	1	2.2140844856392676
181837.22182941987	3000.0	1482.584237689921	0.0	0	0.0	2319.8060671097483	1	0	1	2.2140844856392725
182871.62100400584	3000.0	1448.1850631039447	0.0	0	0.0	2319.8060671097483	1	0	1	2.2140844856392725
183666.91594961545	3000.0	1652.8901174943662	0.0	0	0.0	2319.8060671097483	1	0	1	2.2140844856392725
185042.10360136285	3000.0	1277.7024657469694	0.0	0	0.0	2319.8060671097483	1	0	1	2.2140844856392725
185877.0714055584	3000.0	1442.7346615514166	0.0	0	0.0	2319.8060671097774	1	0	1	2.2140844856392694
186612.44680895496	3000.0	1707.3592581549033	0.0	0	0.0	2319.8060671098065	1	0	1	2.2140844856392685
187661.8986573868	3000.0	1657.9074097230912	0.0	0	0.0	2319.8060671098356	1	0	1	2.2140844856392663
188489.41410594148	2000.0	1830.391961168403	0.0	0	0.0	2319.8060671098356	1	0	1	1.4031542694229344
189306.45676838554	3000.0	2013.3492987243671	0.0	0	0.0	2319.8060671098356	1	0	1	1.8086193775310992
190200.0	3000.0	2119.8060671099356	0.0	0	14.369697738817194	2319.8060671098356	1	0	1	2.2140844856392636
191546.34907201224	3000.0	1773.4569950976809	0.0	0	0.0	2319.8060671098065	1	0	1	2.2140844856392645
192807.05191645175	3000.0	1512.754150658178	0.0	0	0.0	2319.8060671098065	1	0	1	2.2140844856392667
193974.65938898193	3000.0	1345.1466781279782	0.0	0	0.0	2319.8060671098065	1	0	1	2.2140844856392667
194787.27928929197	2000.0	1532.5267778179318	0.0	0	0.0	2319.8060671098065	1	0	1	1.4031542694229373
195405.0896639019	2000.0	1914.7164032080084	0.0	0	0.0	2319.8060671098065	1	0	1	1.808619377531102
196637.43500205132	2000.0	1682.3710650585801	0.0	0	0.0	2319.8060671098356	1	0	1	1.8086193775311012
197421.17735416075	2000.0	1898.6287129491327	0.0	0	0.0	2319.8060671098356	1	0	1	1.808619377531099
198200.0	2000.0	2119.8060671098838	0.0	0	111.98845732153859	2319.8060671098356	1	0	1	1.808619377531099
199200.0	2000.0	2119.8060671098483	0.0	0	331.86188535860856	2319.8060671098356	1	0	1	1.808619377531099
200200.0	2000.0	2119.80606710985	0.0	0	312.4401258833241	2319.8060671098647	1	0	1	1.8086193775310964
201464.28710665254	2000.0	1855.5189604573316	0.0	0	0.0	2319.8060671098647	1	0	1	1.8086193775310964
202200.0	2000.0	2119.8060671098838	0.0	0	93.1339372350194	2319.8060671098647	1	0	1	1.8086193775310964
203200.0	2000.0	2119.8060671098974	0.0	0	378.14297856236226	2319.8060671098356	1	0	1	1.808619377531099
204200.0	2000.0	2119.8060671099074	0.0	0	372.6329159353627	2319.8060671098647	1	0	1	1.8086193775310964
205200.0	2000.0	2119.806067109873	0.0	0	274.4331415385532	2319.8060671098647	1	0	1	1.8086193775310964
206200.0	2000.0	2119.8060671098756	0.0	0	428.4239032405312	2319.8060671098647	1	0	1	1.8086193775310964
207200.0	2000.0	2119.8060671098874	0.0	0	347.5317904248077	2319.8060671098356	1	0	1	1.8086193775310984
208200.0	2000.0	2119.8060671098606	0.0	0	149.21211543219397	2319.8060671098647	1	0	1	1.8086193775310964
209200.0	2000.0	2119.806067109843	0.0	0	328.73709495173534	2319.8060671098647	1	0	1	1.8086193775310964
210200.0	2000.0	2119.80606710983	0.0	0	470.1706323460967	2319.8060671098647	1	0	1	1.8086193775310964
211200.0	2000.0	2119.8060671098056	0.0	0	340.8331018126337	2319.8060671098356	1	0	1	1.808619377531099
212466.43947570343	3000.0	1853.3665914063524	0.0	0	0.0	2319.8060671098356	1	0	1	1.8086193775310992
213962.0315905139	3000.0	1357.7744765958723	0.0	0	0.0	2319.8060671098647	1	0	1	2.214084485639261
214901.06215797592	2000.0	1418.7439091338344	0.0	0	0.0	2319.8060671098356	1	0	1	1.4031542694229344
215693.00823916512	2000.0	1626.7978279446472	0.0	0	0.0	2319.8060671098356	1	0	1	1.808619377531099
216200.0	2000.0	2119.8060671097946	0.0	0	85.22768226455082	2319.8060671098356	1	0	1	1.808619377531099
217200.0	2000.0	2119.806067109792	0.0	0	542.1733268019161	2319.8060671098356	1	0	1	1.808619377531099
218348.5948132118	3000.0	1971.2112538980193	0.0	0	0.0	2319.8060671098647	1	0	1	1.8086193775310964
219795.8552830111	3000.0	1523.950784098676	0.0	0	0.0	2319.8060671098647	1	0	1	2.214084485639261
220392.98492473882	2000.0	1926.82114237096	0.0	0	0.0	2319.806067109894	1	0	1	1.4031542694229289
221200.0	2000.0	2119.806067109761	0.0	0	163.1887302500254	2319.806067109894	1	0	1	1.8086193775310935
222200.0	2000.0	2119.8060671097337	0.0	0	222.26521430240246	2319.806067109894	1	0	1	1.8086193775310935
223200.0	2000.0	2119.80606710971	0.0	0	110.9658192791685	2319.806067109894	1	0	1	1.8086193775310935
224200.0	2000.0	2119.8060671097105	0.0	0	512.3926621632709	2319.806067109894	1	0	1	1.8086193775310928
225200.0	2000.0	2119.8060671097287	0.0	0	416.5069893786567	2319.806067109894	1	0	1	1.8086193775310935
226451.77488325434	2000.0	1868.0311838554096	0.0	0	0.0	2319.806067109923	1	0	1	1.8086193775310908
227410.973140177	2000.0	1908.8329269327364	0.0	0	0.0	2319.806067109894	1	0	1	1.8086193775310935
228200.0	2000.0	2119.806067109723	0.0	0	275.8861517290061	2319.8060671098647	1	0	1	1.8086193775310964
229200.0	2000.0	2119.806067109731	0.0	0	465.537368573976	2319.8060671098356	1	0	1	1.8086193775310984
230200.0	2000.0	2119.806067109733	0.0	0	531.8954478706	2319.8060671098356	1	0	1	1.808619377531099
231200.0	2000.0	2119.8060671097	0.0	0	494.7633349218522	2319.8060671098065	1	0	1	1.808619377531102
232200.0	3000.0	2119.8060671096678	0.0	0	239.99007285718108	2319.8060671097774	1	0	1	1.8086193775311048
233200.0	3000.0	2119.806067109688	0.0	0	361.44272652073414	2319.8060671098065	1	0	1	2.2140844856392667
234200.0	3000.0	2119.8060671096473	0.0	0	428.6914176363789	2319.8060671098065	1	0	1	2.2140844856392667
235200.0	3000.0	2119.806067109635	0.0	0	221.18547975391266	2319.8060671098065	1	0	1	2.2140844856392667
236200.0	3000.0	2119.8060671096137	0.0	0	358.25315951756784	2319.8060671098065	1	0	1	2.2140844856392667
237200.0	3000.0	2119.806067109603	0.0	0	271.7610487889324	2319.8060671098065	1	0	1	2.2140844856392667
238200.0	3000.0	2119.80606710964	0.0	0	18.419571312027983	2319.8060671098065	1	0	1	2.2140844856392667
239200.0	3000.0	2119.8060671096764	0.0	0	35.43687184652663	2319.8060671098065	1	0	1	2.2140844856392667
240393.75657520417	3000.0	1926.0494919055084	0.0	0	0.0	2319.8060671098356	1	0	1	2.2140844856392636
241200.0	3000.0	2119.8060671096673	0.0	0	77.14539956196677	2319.8060671098356	1	0	1	2.2140844856392636
242495.3367935907	3000.0	1824.4692735189747	0.0	0	0.0	2319.8060671098356	1	0	1	2.2140844856392636
243233.96232395025	3000.0	2085.843743159403	0.0	0	0.0	2319.8060671098065	1	0	1	2.2140844856392667
244200.0	3000.0	2119.8060671096555	0.0	0	324.7105796066753	2319.8060671098065	1	0	1	2.2140844856392667
245237.1037500798	3000.0	2082.7023170298553	0.0	0	0.0	2319.8060671098356	1	0	1	2.2140844856392636
246309.8476075908	3000.0	2009.9584595188403	0.0	0	0.0	2319.8060671098356	1	0	1	2.2140844856392636
247200.0	3000.0	2119.806067109666	0.0	0	133.09516036970308	2319.8060671098647	1	0	1	2.214084485639261
248200.0	3000.0	2119.806067109682	0.0	0	95.85049618588528	2319.8060671098647	1	0	1	2.214084485639261
249709.93942034463	3000.0	1609.8666467650462	0.0	0	0.0	2319.8060671098647	1	0	1	2.214084485639261
250855.90550555507	3000.0	1463.9005615546105	0.0	0	0.0	2319.8060671098647	1	0	1	2.2140844856392596
251604.28785763073	3000.0	1715.518209478974	0.0	0	0.0	2319.806067109894	1	0	1	2.2140844856392583
252200.0	3000.0	2119.806067109702	0.0	0	28.390482972201426	2319.806067109894	1	0	1	2.2140844856392583
253200.0	3000.0	2119.806067109695	0.0	0	511.30411884753266	2319.806067109894	1	0	1	2.2140844856392583
254200.0	3000.0	2119.8060671097005	0.0	0	651.7507297697593	2319.806067109923	1	0	1	2.2140844856392556
255200.0	3000.0	2119.8060671096764	0.0	0	304.020039646799	2319.806067109923	1	0	1	2.2140844856392556
256219.5461393687	3000.0	2100.2599277409277	0.0	0	0.0	2319.806067109923	1	0	1	2.2140844856392556
257200.0	3000.0	2119.8060671096227	0.0	0	93.69784169632476	2319.806067109923	1	0	1	2.2140844856392556
258200.0	3000.0	2119.806067109628	0.0	0	153.6240359484218	2319.806067109923	1	0	1	2.2140844856392556
259200.0	3000.0	2119.8060671096237	0.0	0	175.16329899785342	2319.806067109923	1	0	1	2.2140844856392556
260200.0	3000.0	2119.8060671096505	0.0	0	307.80304897986935	2319.806067109952	1	0	1	2.214084485639253
261259.92058813668	3000.0	2059.8854789729758	0.0	0	0.0	2319.806067109952	1	0	1	2.214084485639253
262508.3033856063	3000.0	1811.5026815033416	0.0	0	0.0	2319.80606711001	1	0	1	2.2140844856392494
263202.4336676435	3000.0	2117.372399466064	0.0	0	0.0	2319.806067109952	1	0	1	2.2140844856392503
264200.0	3000.0	2119.806067109538	0.0	0	234.41963464772562	2319.806067109923	1	0	1	2.214084485639255
265284.37987911864	3000.0	2035.4261879909614	0.0	0	0.0	2319.806067109923	1	0	1	2.2140844856392556
266200.0	3000.0	2119.806067109588	0.0	0	103.6266126180999	2319.806067109923	1	0	1	2.2140844856392556
267200.0	3000.0	2119.806067109621	0.0	0	120.66748285217909	2319.806067109981	1	0	1	2.21408448563925
268535.59135125804	3000.0	1784.2147158516598	0.0	0	0.0	2319.806067109981	1	0	1	2.21408448563925
269864.26365063724	3000.0	1455.542416472446	0.0	0	0.0	2319.806067109981	1	0	1	2.21408448563925
271253.12111453136	3000.0	1066.684952578351	0.0	0	0.0	2319.8060671100393	1	0	1	2.2140844856392445
271987.7676461119	3000.0	1332.0384209978556	0.0	0	0.0	2319.8060671100393	1	0	1	2.2140844856392445
272912.2039536394	3000.0	1407.6021134703183	0.0	0	0.0	2319.806067109923	1	0	1	2.2140844856392548
273553.62127100566	3000.0	1766.1847961040673	0.0	0	0.0	2319.8060671100393	1	0	1	2.214084485639249
275123.0096079295	3000.0	1196.7964591801965	0.0	0	0.0	2319.8060671100975	1	0	1	2.214084485639241
276025.30145555903	3000.0	1294.5046115506736	0.0	0	0.0	2319.8060671100975	1	0	1	2.2140844856392388
277636.3140509433	3000.0	683.492016166404	0.0	0	0.0	2319.8060671101557	1	0	1	2.2140844856392334
278866.6292268481	2000.0	453.17684026157406	0.0	0	0.0	2319.8060671100975	1	0	1	1.4031542694229073
279509.78170832136	2000.0	810.0243587883016	0.0	0	0.0	2319.8060671100975	1	0	1	1.8086193775310742
280574.20685593976	2000.0	745.5992111699064	0.0	0	0.0	2319.8060671100975	1	0	1	1.8086193775310742
281826.83870587655	2000.0	492.96736123307744	0.0	0	0.0	2319.8060671100975	1	0	1	1.8086193775310742
283500.6016061498	2000.0	200.0	380.7955390401548	0	0.0	2700.6016061498085	1	0	1	-0.5121538512668076
284293.43413718505	2000.0	586.9694469957484	179.80197803106822	0	0.0	2880.4035841808654	1	0	1	0.6589741270668426
285465.6491976476	2000.0	414.9340088691529	0.17962233590048982	0	0.0	2880.5832065167488	1	0	1	1.7366791483055593
285751.1265436394	1000.0	1129.456662877321	0.0	0	0.0	2880.5832065166906	1	0	1	0.35146252120108135
286253.98113344784	2000.0	1626.6020730689486	0.0	0	0.0	2880.5832065166906	1	0	1	1.0446097017610265
287166.6943299637	2000.0	1713.8888765530853	0.0	0	0.0	2880.5832065166906	1	0	1	1.7377568823209715
287896.1422594029	2000.0	1984.4409471139202	0.0	0	0.0	2880.5832065166323	1	0	1	1.737756882320981
288357.75512676727	2000.0	2522.8280797494826	0.0	0	0.0	2880.5832065166323	1	0	1	1.737756882320981
289200.0	2000.0	2680.583206516721	0.0	0	446.9248983823345	2880.5832065166323	1	0	1	1.737756882320981
290200.0	2000.0	2680.583206516706	0.0	0	555.083250803058	2880.583206516574	1	0	1	1.7377568823209906
291200.0	2000.0	2680.5832065166946	0.0	0	295.9338938530418	2880.583206516574	1	0	1	1.7377568823209906
292200.0	2000.0	2680.5832065166146	0.0	0	424.0646198584582	2880.583206516516	1	0	1	1.737756882321
293200.0	3000.0	2680.583206516611	0.0	0	106.46502079360653	2880.5832065164577	1	0	1	1.7377568823210094
294299.7954518098	3000.0	2580.787754706735	0.0	0	0.0	2880.5832065164577	1	0	1	2.1432219904291743
295565.07893393264	3000.0	2315.5042725839485	0.0	0	0.0	2880.5832065163995	1	0	1	2.1432219904291836
296793.7937900683	3000.0	2086.789416448266	0.0	0	0.0	2880.5832065163995	1	0	1	2.1432219904291836
297910.0290565781	3000.0	1970.5541499385358	0.0	0	0.0	2880.5832065163995	1	0	1	2.1432219904291836
299165.3097517237	3000.0	1715.2734547928687	0.0	0	0.0	2880.5832065163995	1	0	1	2.1432219904291836
300271.4038446344	3000.0	1609.1793618821596	0.0	0	0.0	2880.5832065163413	1	0	1	2.143221990429193
300932.8687861705	2000.0	1947.714420346053	0.0	0	0.0	2880.5832065163413	1	0	1	1.3322917742128637
2.97	3.96	4.54	2.27	1.41	2.22	2.68	3.93	4.48	5.26	5.55	6.0	2.93	3.72	4.15	3.2	2.81	2.4	3.68	4.97	5.83	4.26	4.63	2.66	2.65	2.31	2.58	3.86	3.67	2.83	3.02	3.06	3.96	3.32	3.12	3.28	2.87	2.31	2.97	3.22	2.56	1.59	2.56	3.31	4.27	2.34	1.88	2.68	3.44	2.63	3.15	3.59	2.69	2.94	4.11	4.01	3.14	2.27	2.33	2.2	2.8	4.05	4.12	3.31	1.45	2.58	3.01	2.06	3.13	4.17	2.36	2.15	2.5	3.38	4.63	5.88	5.4	3.44	4.17	4.99	3.6	4.33	3.71	3.34	2.66	3.19	3.65	2.9	4.15	4.82	2.49	3.09	3.74	3.93	2.13	3.3	4.51	5.78	6.75	7.23	3.42	4.04	4.33	4.12	4.46	3.75	2.37	3.58	3.74	2.97	3.89	3.83	3.36	2.4	2.62	2.61	3.28	3.39	4.56	2.63	1.92	3.08	2.2	1.89	2.56	1.81	1.69	1.62	1.27	2.06	2.28	3.04	2.33	3.7	4.67	4.65	3.16	3.34	3.38	3.1	2.84	3.2	3.46	2.41	2.27	2.25	3.48	2.63	3.2	4.16	2.97	3.96	4.54	2.27	1.41	2.22	2.68	3.93	4.48	5.26	5.55	6.0	2.93	3.72	4.15	3.2	2.81	2.4	3.68	4.97	5.83	4.26	4.63	2.66	2.65	2.31	2.58	3.86	3.67	2.83	3.02	3.06	3.96	3.32	3.12	3.28	2.87	2.31	2.97	3.22	2.56	1.59	2.56	3.31	4.27	2.34	1.88	2.68	3.44	2.63	3.15	3.59	2.69	2.94	4.11	4.01	3.14	2.27	2.33	2.2	2.8	4.05	4.12	3.31	1.45	2.58	3.01	2.06	3.13	4.17	2.36	2.15	2.5	3.38	4.63	5.88	5.4	3.44	4.17	4.99	3.6	4.33	3.71	3.34	2.66	3.19	3.65	2.9	4.15	4.82	2.49	3.09	3.74	3.93	2.13	3.3	4.51	5.78	6.75	7.23	3.42	4.04	4.33	4.12	4.46	3.75	2.37	3.58	3.74	2.97	3.89	3.83	3.36	2.4	2.62	2.61	3.28	3.39	4.56	2.63	1.92	3.08	2.2	1.89	2.56	1.81	1.69	1.62	1.27	2.06	2.28	3.04	2.33	3.7	4.67	4.65	3.16	3.34	3.38	3.1	2.84	3.2	3.46	2.41	2.27	2.25	3.48	2.63	3.2	4.16
1.0	2.0	3.0	4.0	5.0	6.0	7.0	8.0	9.0	10.0	11.0	12.0	13.0	14.0	15.0	16.0	17.0	18.0	19.0	20.0	21.0	22.0	23.0	24.0	25.0	26.0	27.0	28.0	29.0	30.0	31.0	32.0	33.0	34.0	35.0	36.0	37.0	38.0	39.0	40.0	41.0	42.0	43.0	44.0	45.0	46.0	47.0	48.0	49.0	50.0	51.0	52.0	53.0	54.0	55.0	56.0	57.0	58.0	59.0	60.0	61.0	62.0	63.0	64.0	65.0	66.0	67.0	68.0	69.0	70.0	71.0	72.0	73.0	74.0	75.0	76.0	77.0	78.0	79.0	80.0	81.0	82.0	83.0	84.0	85.0	86.0	87.0	88.0	89.0	90.0	91.0	92.0	93.0	94.0	95.0	96.0	97.0	98.0	99.0	100.0	101.0	102.0	103.0	104.0	105.0	106.0	107.0	108.0	109.0	110.0	111.0	112.0	113.0	114.0	115.0	116.0	117.0	118.0	119.0	120.0	121.0	122.0	123.0	124.0	125.0	126.0	127.0	128.0	129.0	130.0	131.0	132.0	133.0	134.0	135.0	136.0	137.0	138.0	139.0	140.0	141.0	142.0	143.0	144.0	145.0	146.0	147.0	148.0	149.0	149.0	150.0	151.0	152.0	153.0	154.0	155.0	156.0	157.0	158.0	159.0	160.0	161.0	162.0	163.0	164.0	165.0	166.0	167.0	168.0	169.0	170.0	171.0	172.0	173.0	174.0	175.0	176.0	177.0	178.0	179.0	180.0	181.0	182.0	183.0	184.0	185.0	186.0	187.0	188.0	189.0	190.0	191.0	192.0	193.0	194.0	195.0	196.0	197.0	198.0	199.0	200.0	201.0	202.0	203.0	204.0	205.0	206.0	207.0	208.0	209.0	210.0	211.0	212.0	213.0	214.0	215.0	216.0	217.0	218.0	219.0	220.0	221.0	222.0	223.0	224.0	225.0	226.0	227.0	228.0	229.0	230.0	231.0	232.0	233.0	234.0	235.0	236.0	237.0	238.0	239.0	240.0	241.0	242.0	243.0	244.0	245.0	246.0	247.0	248.0	249.0	250.0	251.0	252.0	253.0	254.0	255.0	256.0	257.0	258.0	259.0	260.0	261.0	262.0	263.0	264.0	265.0	266.0	267.0	268.0	269.0	270.0	271.0	272.0	273.0	274.0	275.0	276.0	277.0	278.0	279.0	280.0	281.0	282.0	283.0	284.0	285.0	286.0	287.0	288.0	289.0	290.0	291.0	292.0	293.0	294.0	295.0	296.0	297.0	298.0	298.0
5534.933814407654
