6510.025758547816	300.0	2000.0	312.65930572843763	0	0.0	6510.025758547816	1	0	1	-4.293680084864665
6795.3636063123	300.0	2686.1283674590677	0.0	0	0.0	6481.491973771368	1	0	2	-2.868557518084762
7135.579276187438	500.0	3311.8911305964175	0.0	0	0.0	6447.470406783856	1	0	2	-2.6384874966360314
7393.625048542221	300.0	4053.845358241634	0.0	0	0.0	6447.470406783855	1	0	1	-3.1410856609249707
8291.62581771327	1000.0	4066.0445121534794	0.0	0	0.0	6357.670329866749	1	0	2	-2.7660538995940294
8758.777045271929	500.0	4552.178161838956	0.0	0	0.0	6310.955207110884	1	0	2	-2.6928740375038616
9077.139325154574	500.0	5201.979653968046	0.0	0	0.0	6279.11897912262	1	0	2	-1.9633748333543792
9479.888669239146	500.0	5758.955375475015	0.0	0	0.0	6238.844044714161	1	0	2	-1.926457589100442
10200.0	1000.0	5966.832911638074	0.0	0	193.97047945643317	6166.832911638074	1	0	2	-1.8721511274973972
11799.876586395489	2000.0	5206.968666603036	0.0	0	0.0	6006.845252998525	1	0	2	-1.0482570573829595
13806.729813331309	2000.0	3999.4301169736336	0.0	0	0.0	5806.159930304943	1	0	2	-0.15695791856605046
17213.674424165616	3000.0	1251.7910450558957	0.0	0	0.0	5465.465469221514	1	0	2	0.12194767869484335
18241.442202649323	1000.0	1121.246488723819	0.0	0	0.0	5362.688691373145	1	0	2	-1.4905830035048928
19185.8283431886	1000.0	1082.4217341306144	0.0	0	0.0	5268.250077319219	1	0	2	-0.3067774227249791
20292.852284784134	1000.0	864.6953983755302	0.0	0	0.0	5157.547683159664	1	0	2	-0.2197237158972547
21024.527624881615	1000.0	1059.8525242683027	0.0	0	0.0	5084.380149149916	1	0	2	-0.14318282219135736
21501.175767819754	500.0	1535.5395670363498	0.0	0	0.0	5036.7153348561005	1	0	2	-1.4861584852048864
22060.989990564965	1000.0	1919.7439220166186	0.0	0	0.0	4980.7339125815815	1	0	2	-0.7500389244010436
22812.612454178245	1000.0	2092.959212042013	0.0	0	0.0	4905.571666220254	1	0	2	-0.003682582359891662
23291.46028066738	1000.0	2566.226602903962	0.0	0	0.0	4857.686883571343	1	0	2	0.03718959366983657
24001.292012209073	1000.0	2785.4116982080986	0.0	0	0.0	4786.703710417176	1	0	2	0.08541450668301462
24589.762867958118	1000.0	3138.0937568841523	0.0	0	0.0	4727.856624842272	1	0	2	0.12750235372685909
26171.756365588273	2000.0	2397.9009094909816	0.0	0	0.0	4569.657275079255	1	0	2	0.20950072910805478
27046.16677810364	1000.0	2436.0494557240777	0.0	0	0.0	4482.216233827716	1	0	2	-0.41122089473709994
27750.021343369805	1000.0	2661.8094339312975	0.0	0	0.0	4411.830777301093	1	0	2	0.32449745560817234
28885.274583920585	1000.0	2413.0308693254365	0.0	0	0.0	4298.305453246012	1	0	2	0.38136296194264574
29539.581086480794	1000.0	2693.2937165092053	0.0	0	0.0	4232.874802989987	1	0	2	0.4216129565018828
30234.57129505875	1000.0	2928.804487073447	0.0	0	0.0	4163.375782132189	1	0	2	0.45294892795553016
31213.118232167963	1000.0	2950.2575499642326	0.0	0	0.0	4163.375782132185	1	0	1	0.46405917789130197
32081.66857534715	1000.0	2994.8521724671236	0.0	0	0.0	4076.5207478142656	1	0	2	0.29486692925547797
32755.865799914285	1000.0	3253.235225443273	0.0	0	0.0	4009.1010253575514	1	0	2	0.5259759152098806
33315.036507921184	1000.0	3638.1474466356844	0.0	0	0.0	3953.183954556858	1	0	2	0.551066024186522
34200.0	1000.0	3664.6876053489896	0.0	0	430.9487948289898	3864.687605348983	1	0	2	0.576773890113527
35200.0	1000.0	3564.6876053489864	0.0	0	330.60067123847693	3764.6876053489796	1	0	2	0.6138070872062706
36467.214169710045	1000.0	3170.752018667932	0.0	0	0.0	3637.96618837797	1	0	2	0.6585868538597699
37765.946916029796	1000.0	2742.1459977161994	0.0	0	0.0	3508.0929137459752	1	0	2	0.6979205597048839
38555.89180374738	1000.0	2952.2011099986125	0.0	0	0.0	3508.0929137459752	1	0	1	0.708153399461351
39200.0	1000.0	3308.092913745992	0.0	0	44.71323998407752	3508.0929137459752	1	0	1	0.9081533994613512
40200.0	1000.0	3208.0929137459966	0.0	0	590.7704770235796	3408.0929137459752	1	0	2	0.5246699196898361
41200.0	1000.0	3108.0929137459984	0.0	0	338.6098553404663	3308.0929137459825	1	0	2	0.7507336868885242
42200.0	1000.0	3008.092913745993	0.0	0	256.8077976739878	3208.0929137459825	1	0	2	0.7750954170797459
43200.0	1000.0	3008.0929137459884	0.0	0	40.384599817603885	3208.0929137459825	1	0	1	0.782811010290224
44200.0	1000.0	3008.0929137459934	0.0	0	352.07209023687756	3208.09291374599	1	0	1	0.9828110102902227
45200.0	1000.0	3008.0929137459934	0.0	0	574.5962884477412	3208.09291374599	1	0	1	0.9828110102902227
46200.0	1000.0	3008.092913745986	0.0	0	261.18776264112967	3208.09291374599	1	0	1	0.9828110102902227
47200.0	1000.0	2908.0929137459943	0.0	0	122.60673918724933	3108.09291374599	1	0	2	0.5972341722048902
48200.0	1000.0	2808.092913745998	0.0	0	217.5925695767728	3008.09291374599	1	0	2	0.8159507998686877
49200.0	1000.0	2808.092913745999	0.0	0	133.76768385214382	3008.09291374599	1	0	1	0.8226919929419549
50200.0	1000.0	2808.0929137460002	0.0	0	218.47782825183094	3008.092913745997	1	0	1	1.0226919929419536
51200.0	1000.0	2808.0929137460002	0.0	0	415.69866455486044	3008.092913745997	1	0	1	1.0226919929419536
52200.0	1000.0	2808.0929137460066	0.0	0	208.505826354718	3008.092913745997	1	0	1	1.0226919929419536
53200.0	1000.0	2708.092913746012	0.0	0	115.73491898088105	2908.09291374599	1	0	2	0.6344858313484163
54200.0	1000.0	2608.092913746001	0.0	0	357.73752390903246	2808.0929137459752	1	0	2	0.8500040142049579
55216.745270541884	1000.0	2489.6731161499256	0.0	0	0.0	2706.418386691774	1	0	2	0.8674807074273458
56256.490538098675	1000.0	2449.92784859314	0.0	0	0.0	2706.4183866917665	1	0	1	0.8706951560215059
57200.0	1000.0	2506.4183866918156	0.0	0	103.23961214109295	2706.4183866917665	1	0	1	1.0706951560215061
58200.0	1000.0	2506.418386691818	0.0	0	343.819511037902	2706.4183866917665	1	0	1	1.0706951560215061
59367.071137126244	1000.0	2222.640135852958	0.0	0	0.0	2589.711272979155	1	0	2	0.6827717452810389
60200.0	1000.0	2389.7112729792057	0.0	0	13.46560467332165	2589.711272979155	1	0	1	0.8859614597291612
61200.0	1000.0	2389.711272979205	0.0	0	227.9251346525707	2589.711272979155	1	0	1	1.0859614597291614
62200.0	1000.0	2389.7112729792048	0.0	0	457.96541231446463	2589.711272979148	1	0	1	1.0859614597291625
63200.0	1000.0	2289.7112729791975	0.0	0	532.9630675877343	2489.7112729791334	1	0	2	0.6931877925141507
64200.0	1000.0	2289.71127297919	0.0	0	423.2227273931567	2489.7112729791334	1	0	1	0.8977797018254275
65200.0	1000.0	2289.7112729791806	0.0	0	314.8184219417526	2489.7112729791334	1	0	1	1.0977797018254278
66200.0	1000.0	2289.7112729791793	0.0	0	429.30060390719154	2489.711272979126	1	0	1	1.0977797018254285
67200.0	1000.0	2289.711272979191	0.0	0	236.8278070458764	2489.7112729791406	1	0	1	1.0977797018254276
68200.0	1000.0	2189.7112729791916	0.0	0	278.83334634508356	2389.7112729791406	1	0	2	0.7048305280741476
69200.0	1000.0	2189.711272979173	0.0	0	598.957086946335	2389.7112729791406	1	0	1	0.908535632665531
70200.0	1000.0	2189.7112729791797	0.0	0	550.221159073626	2389.711272979155	1	0	1	1.1085356326655296
71420.1953735937	1000.0	1969.515899385475	0.0	0	0.0	2389.711272979155	1	0	1	1.1085356326655296
72355.99621702482	1000.0	2033.7150559543588	0.0	0	0.0	2389.711272979155	1	0	1	1.1085356326655296
73200.0	1000.0	2189.7112729791647	0.0	0	136.6712303135282	2389.7112729791406	1	0	1	1.1085356326655311
74200.0	1000.0	2189.711272979164	0.0	0	114.62705887948687	2389.711272979155	1	0	1	1.1085356326655296
75200.0	1000.0	2189.7112729791716	0.0	0	95.81205745300394	2389.711272979155	1	0	1	1.1085356326655296
76200.0	1000.0	2189.711272979158	0.0	0	266.35696704499424	2389.711272979155	1	0	1	1.1085356326655296
77200.0	1000.0	2189.711272979149	0.0	0	347.32440477969067	2389.711272979155	1	0	1	1.1085356326655296
78200.0	1000.0	2189.711272979146	0.0	0	495.02605333684187	2389.711272979155	1	0	1	1.1085356326655296
79200.0	1000.0	2189.7112729791584	0.0	0	462.60665609835996	2389.711272979155	1	0	1	1.1085356326655296
80200.0	1000.0	2189.711272979166	0.0	0	555.1041873260256	2389.7112729791406	1	0	1	1.1085356326655311
81200.0	1000.0	2189.7112729791793	0.0	0	0.09150001996022183	2389.7112729791406	1	0	1	1.1085356326655311
82200.0	1000.0	2189.71127297918	0.0	0	149.32498384083738	2389.711272979126	1	0	1	1.1085356326655327
83200.0	1000.0	2189.711272979167	0.0	0	589.106221273003	2389.711272979126	1	0	1	1.1085356326655327
84200.0	1000.0	2189.711272979173	0.0	0	156.23703188645595	2389.711272979126	1	0	1	1.1085356326655327
85200.0	1000.0	2189.7112729791656	0.0	0	358.86648863325536	2389.711272979126	1	0	1	1.1085356326655327
86364.59399498283	1000.0	2025.1172779963272	0.0	0	0.0	2389.711272979126	1	0	1	1.1085356326655327
87200.0	1000.0	2189.7112729791493	0.0	0	95.01212296554877	2389.711272979126	1	0	1	1.1085356326655327
88200.0	1000.0	2189.7112729791584	0.0	0	151.63125235275947	2389.711272979126	1	0	1	1.1085356326655327
89200.0	1000.0	2189.711272979153	0.0	0	31.445850623524166	2389.711272979126	1	0	1	1.1085356326655327
90200.0	1000.0	2189.71127297915	0.0	0	60.22811953032215	2389.711272979126	1	0	1	1.1085356326655327
91200.0	1000.0	2189.7112729791684	0.0	0	245.45087274607795	2389.711272979126	1	0	1	1.1085356326655327
92200.0	1000.0	2189.7112729791647	0.0	0	132.15016180288512	2389.7112729791406	1	0	1	1.1085356326655311
93200.0	1000.0	2189.711272979159	0.0	0	515.6329032143985	2389.7112729791406	1	0	1	1.1085356326655311
94200.0	1000.0	2189.711272979146	0.0	0	308.2580577589106	2389.7112729791406	1	0	1	1.1085356326655311
95200.0	1000.0	2189.711272979166	0.0	0	356.9161449936364	2389.711272979155	1	0	1	1.1085356326655296
96200.0	1000.0	2189.7112729791693	0.0	0	494.0639065154537	2389.711272979155	1	0	1	1.1085356326655296
97200.0	1000.0	2189.7112729791656	0.0	0	239.0769346080342	2389.711272979155	1	0	1	1.1085356326655296
98200.0	1000.0	2189.7112729791784	0.0	0	415.90827479423024	2389.711272979155	1	0	1	1.1085356326655296
99200.0	1000.0	2189.7112729791734	0.0	0	376.01859069285274	2389.711272979155	1	0	1	1.1085356326655296
100200.0	1000.0	2189.7112729791743	0.0	0	405.74494112811226	2389.711272979155	1	0	1	1.1085356326655296
101200.0	1000.0	2189.711272979161	0.0	0	126.00719152542297	2389.711272979155	1	0	1	1.1085356326655296
102200.0	1000.0	2189.7112729791825	0.0	0	366.9794608131633	2389.7112729791697	1	0	1	1.108535632665528
103200.0	1000.0	2189.7112729791843	0.0	0	106.26087000613916	2389.7112729791697	1	0	1	1.108535632665528
104200.0	1000.0	2189.7112729791925	0.0	0	155.9887704923458	2389.7112729791697	1	0	1	1.108535632665528
105265.52782946553	1000.0	2124.183443513665	0.0	0	0.0	2389.7112729791697	1	0	1	1.108535632665528
106811.56076106521	1000.0	1578.1505119139879	0.0	0	0.0	2389.7112729791697	1	0	1	1.108535632665528
108013.8980083571	1000.0	1375.8132646220997	0.0	0	0.0	2389.7112729791697	1	0	1	1.108535632665528
109265.94696137735	1000.0	1123.7643116018394	0.0	0	0.0	2389.7112729791697	1	0	1	1.108535632665528
110156.40809541984	1000.0	1233.30317755935	0.0	0	0.0	2389.7112729791697	1	0	1	1.108535632665528
110999.02381070059	1000.0	1390.6874622786038	0.0	0	0.0	2389.7112729791697	1	0	1	1.108535632665528
111893.43410528745	1000.0	1496.2771676917248	0.0	0	0.0	2389.7112729791697	1	0	1	1.108535632665528
112714.75934619279	1000.0	1674.9519267863948	0.0	0	0.0	2389.7112729791697	1	0	1	1.108535632665528
113569.15442153193	1000.0	1820.556851447241	0.0	0	0.0	2389.7112729791697	1	0	1	1.108535632665528
114646.34790170408	1000.0	1743.3633712750925	0.0	0	0.0	2389.7112729791697	1	0	1	1.108535632665528
115705.17732863312	1000.0	1684.533944346058	0.0	0	0.0	2389.7112729791697	1	0	1	1.108535632665528
117063.00865943053	1000.0	1326.7026135486374	0.0	0	0.0	2389.7112729791697	1	0	1	1.108535632665528
117718.19333023776	1000.0	1671.5179427414218	0.0	0	0.0	2389.7112729791697	1	0	1	1.108535632665528
118438.53225339785	1000.0	1951.1790195813514	0.0	0	0.0	2389.7112729791843	1	0	1	1.1085356326655265
119200.0	1000.0	2189.7112729791884	0.0	0	102.68040078121703	2389.7112729791843	1	0	1	1.1085356326655265
120200.0	1000.0	2189.7112729791875	0.0	0	379.14187990715436	2389.7112729791843	1	0	1	1.1085356326655265
121200.0	1000.0	2189.711272979186	0.0	0	421.9512635112915	2389.7112729791843	1	0	1	1.1085356326655265
122200.0	1000.0	2189.711272979174	0.0	0	290.4997711040196	2389.7112729791843	1	0	1	1.1085356326655265
123200.0	1000.0	2189.711272979172	0.0	0	486.3786468751787	2389.7112729791843	1	0	1	1.1085356326655265
124200.0	1000.0	2189.711272979189	0.0	0	234.275787853956	2389.7112729791843	1	0	1	1.1085356326655265
125200.0	1000.0	2189.7112729792043	0.0	0	378.9761186484684	2389.7112729791843	1	0	1	1.1085356326655265
126200.0	1000.0	2189.711272979225	0.0	0	158.04951522526972	2389.7112729791843	1	0	1	1.1085356326655265
127200.0	1000.0	2189.7112729792316	0.0	0	129.43611348122067	2389.7112729791843	1	0	1	1.1085356326655265
128200.0	1000.0	2189.711272979224	0.0	0	166.96609057701426	2389.7112729791843	1	0	1	1.1085356326655265
129200.0	1000.0	2189.711272979232	0.0	0	426.11018452531425	2389.7112729791843	1	0	1	1.1085356326655265
130200.0	1000.0	2189.711272979221	0.0	0	452.01486274691706	2389.7112729791843	1	0	1	1.1085356326655265
131200.0	1000.0	2189.7112729792184	0.0	0	433.13032194761035	2389.7112729791697	1	0	1	1.108535632665527
132200.0	1000.0	2189.711272979235	0.0	0	476.9094694459054	2389.7112729791843	1	0	1	1.108535632665527
133200.0	1000.0	2189.7112729792325	0.0	0	158.19339197591762	2389.7112729791697	1	0	1	1.1085356326655278
134200.0	1000.0	2189.7112729792266	0.0	0	464.13877554851933	2389.7112729791843	1	0	1	1.1085356326655265
135200.0	1000.0	2189.711272979211	0.0	0	351.5857719719352	2389.7112729791843	1	0	1	1.1085356326655265
136200.0	1000.0	2189.7112729792393	0.0	0	326.9597975303768	2389.7112729791843	1	0	1	1.1085356326655265
137200.0	1000.0	2189.711272979245	0.0	0	330.80666863851366	2389.7112729792134	1	0	1	1.1085356326655236
138200.0	1000.0	2189.71127297925	0.0	0	187.9422195815714	2389.7112729792134	1	0	1	1.1085356326655236
139200.0	1000.0	2189.711272979272	0.0	0	376.4105578113813	2389.7112729792134	1	0	1	1.1085356326655236
140200.0	1000.0	2189.7112729793043	0.0	0	405.70638289593626	2389.7112729792134	1	0	1	1.1085356326655236
141200.0	1000.0	2189.711272979292	0.0	0	280.3264483989333	2389.7112729791843	1	0	1	1.1085356326655265
142200.0	1000.0	2189.7112729792816	0.0	0	110.41769358873717	2389.7112729791843	1	0	1	1.1085356326655265
143200.0	1000.0	2189.7112729792775	0.0	0	6.133622686553281	2389.7112729791843	1	0	1	1.1085356326655265
144200.0	1000.0	2189.711272979269	0.0	0	236.9519360929844	2389.7112729791843	1	0	1	1.1085356326655265
145806.47407178488	1000.0	1583.2372011944035	0.0	0	0.0	2389.7112729791843	1	0	1	1.1085356326655265
146891.6047020819	1000.0	1498.1065708973656	0.0	0	0.0	2389.7112729791843	1	0	1	1.1085356326655265
147394.50248981707	1000.0	1995.2087831621852	0.0	0	0.0	2389.7112729791843	1	0	1	1.1085356326655265
148200.0	1000.0	2189.7112729792725	0.0	0	292.48970363952685	2389.7112729791843	1	0	1	1.1085356326655265
149200.0	1000.0	2189.7112729792484	0.0	0	384.33739074497134	2389.7112729791843	1	0	1	1.1085356326655265
150200.0	1000.0	2189.7112729792825	0.0	0	110.0761759026791	2389.7112729792134	1	0	1	1.1085356326655236
151200.0	1000.0	2189.711272979307	0.0	0	430.6372918917332	2389.7112729792134	1	0	1	1.1085356326655236
152200.0	1000.0	2189.7112729793257	0.0	0	459.9876958806999	2389.7112729792134	1	0	1	1.1085356326655236
153200.0	1000.0	2189.7112729793544	0.0	0	78.92471740819747	2389.7112729792425	1	0	1	1.1085356326655207
154200.0	1000.0	2189.7112729793644	0.0	0	120.86343144549755	2389.7112729792425	1	0	1	1.1085356326655207
155200.0	1000.0	2189.711272979367	0.0	0	378.5657281667518	2389.7112729792425	1	0	1	1.1085356326655207
156200.0	1000.0	2189.7112729793403	0.0	0	298.4949777777365	2389.7112729792716	1	0	1	1.1085356326655176
157200.0	1000.0	2189.711272979348	0.0	0	81.21994234327576	2389.7112729792716	1	0	1	1.1085356326655176
158200.0	1000.0	2189.7112729793444	0.0	0	49.087697260431014	2389.7112729792425	1	0	1	1.108535632665519
159200.0	1000.0	2189.7112729793216	0.0	0	518.9909067529079	2389.7112729792425	1	0	1	1.1085356326655207
160200.0	1000.0	2189.711272979305	0.0	0	520.081434904685	2389.7112729792716	1	0	1	1.1085356326655176
161200.0	1000.0	2189.71127297931	0.0	0	145.78309195433394	2389.7112729792716	1	0	1	1.1085356326655176
162200.0	1000.0	2189.711272979295	0.0	0	307.2813909946417	2389.7112729792716	1	0	1	1.1085356326655176
163200.0	1000.0	2189.71127297928	0.0	0	159.99285164714092	2389.7112729792716	1	0	1	1.1085356326655176
164200.0	1000.0	2189.7112729792866	0.0	0	413.8125592356373	2389.7112729793007	1	0	1	1.1085356326655147
165226.94402289938	1000.0	2162.7672500799094	0.0	0	0.0	2389.7112729792716	1	0	1	1.1085356326655158
166629.07391581635	1000.0	1760.6373571629206	0.0	0	0.0	2389.7112729792716	1	0	1	1.1085356326655176
167553.0136844404	1000.0	1836.6975885388563	0.0	0	0.0	2389.7112729792716	1	0	1	1.1085356326655176
168521.2894820146	1000.0	1868.421790964665	0.0	0	0.0	2389.7112729792425	1	0	1	1.1085356326655207
169720.03534555968	1000.0	1669.6759274196008	0.0	0	0.0	2389.7112729792425	1	0	1	1.1085356326655207
170485.57940188708	1000.0	1904.131871092202	0.0	0	0.0	2389.7112729792716	1	0	1	1.1085356326655176
171404.96086131307	1000.0	1984.7504116662215	0.0	0	0.0	2389.7112729793007	1	0	1	1.1085356326655147
172200.0	1000.0	2189.7112729792875	0.0	0	125.74587363220053	2389.7112729793007	1	0	1	1.1085356326655147
173200.0	1000.0	2189.711272979254	0.0	0	391.7496587302303	2389.7112729792716	1	0	1	1.1085356326655176
174200.0	1000.0	2189.711272979237	0.0	0	409.51388497068547	2389.7112729792716	1	0	1	1.1085356326655176
175261.55695287703	1000.0	2128.154320102227	0.0	0	0.0	2389.7112729792716	1	0	1	1.1085356326655176
176238.71835288484	1000.0	2150.9929200944343	0.0	0	0.0	2389.7112729792716	1	0	1	1.1085356326655176
177200.0	1000.0	2189.711272979271	0.0	0	281.524200166692	2389.7112729792716	1	0	1	1.1085356326655176
178200.0	1000.0	2189.711272979264	0.0	0	26.451341735810274	2389.7112729792425	1	0	1	1.1085356326655194
179200.0	1000.0	2189.711272979252	0.0	0	150.46456903967191	2389.7112729792425	1	0	1	1.1085356326655207
180211.7134076942	1000.0	2177.997865285063	0.0	0	0.0	2389.7112729792134	1	0	1	1.1085356326655236
181200.0	1000.0	2189.711272979259	0.0	0	51.576911642885534	2389.7112729792425	1	0	1	1.1085356326655207
182200.0	1000.0	2189.7112729792548	0.0	0	248.5888701454096	2389.7112729792425	1	0	1	1.1085356326655207
183200.0	1000.0	2189.7112729792325	0.0	0	627.5575215285062	2389.7112729792425	1	0	1	1.1085356326655207
184200.0	1000.0	2189.711272979249	0.0	0	574.369495126477	2389.7112729792134	1	0	1	1.1085356326655236
185200.0	1000.0	2189.7112729792175	0.0	0	74.56085459631868	2389.7112729792134	1	0	1	1.1085356326655236
186200.0	1000.0	2189.7112729792198	0.0	0	44.925181325670565	2389.7112729792134	1	0	1	1.1085356326655236
187308.4147106599	1000.0	2081.2965623193386	0.0	0	0.0	2389.7112729792425	1	0	1	1.1085356326655211
188200.0	1000.0	2189.7112729792475	0.0	0	176.9105488350615	2389.7112729792425	1	0	1	1.1085356326655207
189200.0	1000.0	2189.711272979237	0.0	0	524.5206489544944	2389.7112729792425	1	0	1	1.1085356326655207
190200.0	1000.0	2189.711272979267	0.0	0	571.442099637381	2389.7112729792425	1	0	1	1.1085356326655207
191270.64156295906	1000.0	2119.069710020198	0.0	0	0.0	2389.7112729792425	1	0	1	1.1085356326655207
192200.0	1000.0	2189.7112729792348	0.0	0	228.80542017542757	2389.7112729792425	1	0	1	1.1085356326655207
193200.0	1000.0	2189.7112729792566	0.0	0	479.2086424587178	2389.7112729792425	1	0	1	1.1085356326655207
194200.0	1000.0	2189.71127297926	0.0	0	587.9836898691428	2389.7112729792134	1	0	1	1.1085356326655236
195200.0	1000.0	2189.7112729792857	0.0	0	145.1352315665572	2389.7112729792134	1	0	1	1.1085356326655236
196200.0	1000.0	2189.711272979327	0.0	0	282.36571433828794	2389.7112729792134	1	0	1	1.1085356326655236
197200.0	1000.0	2189.711272979329	0.0	0	426.51718938097474	2389.7112729792425	1	0	1	1.1085356326655207
198200.0	1000.0	2189.7112729793344	0.0	0	167.31409081674065	2389.7112729792425	1	0	1	1.1085356326655207
199200.0	1000.0	2189.711272979342	0.0	0	370.1978385094844	2389.7112729792425	1	0	1	1.1085356326655207
200200.0	1000.0	2189.7112729793503	0.0	0	276.9510296926019	2389.7112729792425	1	0	1	1.1085356326655207
201200.0	1000.0	2189.7112729793553	0.0	0	452.2964576004597	2389.7112729792425	1	0	1	1.1085356326655207
202200.0	1000.0	2189.7112729793434	0.0	0	482.94288829993457	2389.7112729792425	1	0	1	1.1085356326655207
203443.55646801062	1000.0	1946.1548049687096	0.0	0	0.0	2389.7112729792425	1	0	1	1.1085356326655207
204237.16256318658	1000.0	2152.548709792756	0.0	0	0.0	2389.7112729792425	1	0	1	1.1085356326655207
205200.0	1000.0	2189.711272979347	0.0	0	129.92571908212267	2389.7112729792716	1	0	1	1.1085356326655176
206200.0	1000.0	2189.7112729793407	0.0	0	149.78169557158253	2389.7112729792716	1	0	1	1.1085356326655176
207200.0	1000.0	2189.71127297937	0.0	0	353.3559784957033	2389.7112729793007	1	0	1	1.1085356326655147
208213.32229666912	1000.0	2176.3889763102648	0.0	0	0.0	2389.71127297933	1	0	1	1.108535632665513
209200.0	1000.0	2189.7112729794103	0.0	0	454.5494574296463	2389.71127297933	1	0	1	1.1085356326655118
210200.0	1000.0	2189.7112729794035	0.0	0	381.51153616333613	2389.71127297933	1	0	1	1.1085356326655118
211200.0	1000.0	2189.7112729793976	0.0	0	423.1750507093966	2389.71127297933	1	0	1	1.1085356326655118
212200.0	1000.0	2189.711272979388	0.0	0	406.81343109201407	2389.71127297933	1	0	1	1.1085356326655118
213200.0	1000.0	2189.711272979378	0.0	0	472.4856804429437	2389.71127297933	1	0	1	1.1085356326655118
214200.0	1000.0	2189.711272979394	0.0	0	225.62027527863393	2389.71127297933	1	0	1	1.1085356326655118
215200.0	1000.0	2189.711272979425	0.0	0	313.92223877547076	2389.711272979359	1	0	1	1.1085356326655087
216200.0	1000.0	2189.7112729793907	0.0	0	335.1656419891515	2389.711272979359	1	0	1	1.1085356326655087
217200.0	1000.0	2189.711272979381	0.0	0	296.9164209049195	2389.711272979359	1	0	1	1.1085356326655087
218200.0	1000.0	2189.7112729793985	0.0	0	495.0294264613185	2389.711272979359	1	0	1	1.1085356326655087
219200.0	1000.0	2089.7112729793866	0.0	0	589.8348617064185	2289.711272979359	1	0	2	0.7144802661825462
220464.0357593502	1000.0	1825.6755136291567	0.0	0	0.0	2289.711272979359	1	0	1	0.9183194701764894
221337.8683311288	1000.0	1951.8429418505575	0.0	0	0.0	2289.71127297933	1	0	1	1.1183194701764922
222262.56237867108	1000.0	2027.1488943082634	0.0	0	0.0	2289.71127297933	1	0	1	1.1183194701764922
223200.0	1000.0	2089.711272979388	0.0	0	155.03937885645428	2289.71127297933	1	0	1	1.1183194701764922
224200.0	1000.0	2089.7112729793753	0.0	0	113.79161034166464	2289.71127297933	1	0	1	1.1183194701764922
225200.0	1000.0	2089.7112729793353	0.0	0	393.42708742263494	2289.7112729793007	1	0	1	1.1183194701764951
226200.0	1000.0	2089.7112729793225	0.0	0	291.5378984508279	2289.7112729793007	1	0	1	1.1183194701764951
227200.0	1000.0	2089.711272979338	0.0	0	466.4010474680981	2289.7112729792716	1	0	1	1.1183194701764978
228200.0	1000.0	2089.711272979366	0.0	0	373.9972942174063	2289.7112729792716	1	0	1	1.1183194701764978
229200.0	1000.0	2089.711272979369	0.0	0	362.3690387031238	2289.7112729792716	1	0	1	1.1183194701764978
230200.0	1000.0	2089.7112729793776	0.0	0	408.0649824838911	2289.7112729792716	1	0	1	1.1183194701764978
231200.0	1000.0	2089.711272979408	0.0	0	153.05685795194586	2289.7112729792716	1	0	1	1.1183194701764978
232200.0	1000.0	2089.7112729793816	0.0	0	334.4829286845634	2289.7112729792716	1	0	1	1.1183194701764978
233200.0	1000.0	2089.7112729793703	0.0	0	189.43492918933043	2289.7112729792716	1	0	1	1.1183194701764978
234208.1009313295	1000.0	1980.8002485169143	0.0	0	58.05954331430257	2188.901179846318	1	0	2	0.7243948648056816
235284.0970303988	1000.0	1904.8041494476104	0.0	0	0.0	2188.901179846318	1	0	1	0.9272833571945911
236200.0	1000.0	1988.9011798464337	0.0	0	8.617591435438953	2188.901179846347	1	0	1	1.1272833571945888
237200.0	1000.0	1888.9011798464253	0.0	0	108.33422100817552	2088.901179846318	1	0	2	0.7328278430643929
238200.0	1000.0	1888.9011798464153	0.0	0	162.775346149283	2088.901179846318	1	0	1	0.9353608290014821
239259.1787546311	1000.0	1829.7224252152835	0.0	0	0.0	2088.901179846289	1	0	1	1.1353608290014843
240200.0	1000.0	1888.901179846406	0.0	0	273.9749705666036	2088.901179846289	1	0	1	1.1353608290014847
241200.0	1000.0	1888.901179846411	0.0	0	19.142903737578308	2088.901179846318	1	0	1	1.1353608290014832
242200.0	1000.0	1888.90117984637	0.0	0	259.230248043139	2088.901179846318	1	0	1	1.1353608290014823
243200.0	1000.0	1888.9011798463428	0.0	0	513.040088585054	2088.901179846289	1	0	1	1.1353608290014847
244200.0	1000.0	1888.9011798463746	0.0	0	408.3537953745108	2088.901179846318	1	0	1	1.1353608290014823
245200.0	1000.0	1888.9011798464003	0.0	0	341.17519372861716	2088.901179846347	1	0	1	1.13536082900148
246648.6525927261	2000.0	1440.2485871203025	0.0	0	0.0	2088.901179846347	1	0	1	1.1353608290014803
247291.82933607508	1000.0	1797.0718437713176	0.0	0	0.0	2088.901179846347	1	0	1	0.44221364844153493
248200.0	1000.0	1888.901179846359	0.0	0	102.54587197271758	2088.901179846318	1	0	1	1.1353608290014823
249200.0	1000.0	1888.901179846344	0.0	0	328.06577373380424	2088.901179846289	1	0	1	1.1353608290014847
250200.0	1000.0	1888.9011798463544	0.0	0	337.3940994729637	2088.901179846289	1	0	1	1.1353608290014847
251200.0	1000.0	1888.9011798463366	0.0	0	241.94005033932626	2088.9011798462598	1	0	1	1.135360829001487
252200.0	1000.0	1888.9011798463291	0.0	0	382.40153173013823	2088.9011798462598	1	0	1	1.135360829001487
253200.0	1000.0	1888.901179846278	0.0	0	159.45958570903167	2088.9011798462598	1	0	1	1.135360829001487
254271.5345445108	1000.0	1817.3666353355054	0.0	0	65.29674939223332	2088.901179846289	1	0	1	1.1353608290014847
255823.37272372717	1000.0	1265.5284561191386	0.0	0	0.0	2088.901179846289	1	0	1	1.1353608290014847
257005.11265254233	1000.0	1083.7885273039597	0.0	0	0.0	2088.901179846289	1	0	1	1.1353608290014827
258086.2209978998	1000.0	1002.6801819465068	0.0	0	0.0	2088.901179846289	1	0	1	1.1353608290014847
258988.092627309	1000.0	1100.808552537286	0.0	0	0.0	2088.9011798462598	1	0	1	1.135360829001487
259945.39285887792	1000.0	1143.5083209683407	0.0	0	0.0	2088.9011798462598	1	0	1	1.135360829001487
261224.723932588	1000.0	864.1772472582318	0.0	0	0.0	2088.9011798462598	1	0	1	1.135360829001487
262024.6323150997	1000.0	1064.268864746532	0.0	0	0.0	2088.9011798462307	1	0	1	1.1353608290014874
262956.99290830427	1000.0	1131.90827154199	0.0	0	0.0	2088.9011798462598	1	0	1	1.1353608290014878
263810.78435761086	1000.0	1278.116822235422	0.0	0	0.0	2088.901179846289	1	0	1	1.135360829001485
264691.70629230724	1000.0	1397.194887538991	0.0	0	0.0	2088.9011798462598	1	0	1	1.135360829001487
265555.8655742384	1000.0	1533.035605607853	0.0	0	0.0	2088.9011798462598	1	0	1	1.135360829001487
266408.93541675207	1000.0	1679.965763094176	0.0	0	0.0	2088.9011798462016	1	0	1	1.1353608290014914
267423.6555914482	1000.0	1665.245588398045	0.0	0	0.0	2088.9011798462598	1	0	1	1.135360829001487
268200.0	1000.0	1888.9011798461947	0.0	0	102.52393823448801	2088.901179846318	1	0	1	1.1353608290014823
269200.0	1000.0	1888.9011798462252	0.0	0	333.59388145123376	2088.901179846318	1	0	1	1.1353608290014823
270200.0	1000.0	1888.9011798462761	0.0	0	399.3559851127211	2088.901179846318	1	0	1	1.1353608290014823
271200.0	1000.0	1888.9011798462905	0.0	0	469.5691127785831	2088.901179846318	1	0	1	1.1353608290014823
272200.0	1000.0	1888.9011798462413	0.0	0	562.0573274734779	2088.901179846318	1	0	1	1.1353608290014823
273200.0	1000.0	1888.9011798462275	0.0	0	391.96109640190843	2088.901179846318	1	0	1	1.1353608290014823
274200.0	1000.0	1888.901179846268	0.0	0	420.6631494478206	2088.901179846318	1	0	1	1.1353608290014823
275200.0	1000.0	1888.9011798462213	0.0	0	213.4435260562459	2088.901179846318	1	0	1	1.1353608290014823
276200.0	1000.0	1888.9011798462143	0.0	0	176.34438391478034	2088.901179846318	1	0	1	1.1353608290014823
277200.0	1000.0	1888.9011798462107	0.0	0	449.26911803439725	2088.901179846318	1	0	1	1.1353608290014823
278200.0	1000.0	1888.901179846265	0.0	0	468.33316979469964	2088.901179846376	1	0	1	1.1353608290014778
279200.0	1000.0	1888.9011798462363	0.0	0	134.48748253274243	2088.901179846318	1	0	1	1.1353608290014796
280200.0	1000.0	1888.9011798462884	0.0	0	310.8960398622439	2088.901179846376	1	0	1	1.1353608290014778
281200.0	1000.0	1888.9011798462668	0.0	0	224.4910464147688	2088.901179846376	1	0	1	1.1353608290014778
282200.0	1000.0	1888.9011798462454	0.0	0	485.1805406708736	2088.901179846318	1	0	1	1.1353608290014823
283200.0	1000.0	1888.9011798462461	0.0	0	365.627430790395	2088.901179846376	1	0	1	1.1353608290014778
284200.0	1000.0	1888.9011798462047	0.0	0	6.286103977472521	2088.901179846376	1	0	1	1.1353608290014778
285200.0	1000.0	1888.9011798461345	0.0	0	324.32665729383007	2088.901179846318	1	0	1	1.1353608290014823
286200.0	1000.0	1888.9011798461559	0.0	0	270.6810557716526	2088.901179846318	1	0	1	1.1353608290014823
287200.0	1000.0	1888.9011798461825	0.0	0	375.1424095099792	2088.901179846318	1	0	1	1.1353608290014823
288200.0	1000.0	1888.9011798461727	0.0	0	458.1849268266815	2088.901179846318	1	0	1	1.1353608290014823
289200.0	1000.0	1888.9011798461868	0.0	0	517.5421903123497	2088.901179846318	1	0	1	1.1353608290014823
290200.0	1000.0	1888.9011798461077	0.0	0	56.914715992228594	2088.901179846318	1	0	1	1.1353608290014823
291200.0	1000.0	1888.9011798461052	0.0	0	241.92838391603436	2088.901179846318	1	0	1	1.1353608290014823
292200.0	1000.0	1888.901179846135	0.0	0	59.36608304840047	2088.9011798462598	1	0	1	1.135360829001487
293573.6362423721	1000.0	1515.264937474001	0.0	0	0.0	2088.901179846318	1	0	1	1.1353608290014823
295226.95308752067	1000.0	861.9480923254367	0.0	0	0.0	2088.901179846376	1	0	1	1.1353608290014778
295931.29525643506	1000.0	1157.6059234110403	0.0	0	0.0	2088.901179846376	1	0	1	1.1353608290014778
296578.3357226626	1000.0	1510.5654571834386	0.0	0	0.0	2088.901179846376	1	0	1	1.1353608290014778
297200.0	1000.0	1888.9011798460804	0.0	0	50.08246927225264	2088.9011798464344	1	0	1	1.1353608290014734
298200.0	1000.0	1888.9011798460717	0.0	0	179.10444840579294	2088.9011798464344	1	0	1	1.1353608290014734
299200.0	1000.0	1888.901179846031	0.0	0	261.5279273525812	2088.9011798464344	1	0	1	1.1353608290014734
300200.0	1000.0	1888.9011798460456	0.0	0	297.47467022796627	2088.9011798464344	1	0	1	1.1353608290014734
1.34	1.24	1.27	1.6	2.04	1.15	1.4	1.16	1.45	1.18	0.64	1.22	1.46	1.32	1.0	1.39	1.59	1.76	2.19	0.98	1.02	1.31	0.91	1.48	0.74	1.07	1.22	2.25	2.24	1.05	1.04	1.0	1.66	2.49	2.25	1.26	1.26	1.89	2.4	1.16	1.45	1.77	1.4	1.53	1.89	1.74	1.55	1.27	0.93	1.14	1.6	1.55	0.96	1.54	1.54	1.86	2.03	1.71	1.69	2.03	1.54	1.86	2.58	2.69	1.1	0.92	1.3	1.6	1.26	2.06	1.16	1.63	1.97	2.02	1.41	1.12	2.2	1.66	1.42	0.76	1.04	1.38	1.29	0.86	1.87	1.17	1.59	1.97	2.09	2.14	1.58	1.76	1.48	1.6	1.37	1.83	1.19	1.67	1.32	0.56	0.8	0.89	1.01	1.23	1.2	0.89	1.24	1.44	1.04	1.16	0.87	1.18	1.48	1.41	1.46	1.52	2.1	1.37	1.78	1.4	1.04	1.42	1.91	1.44	1.99	1.45	1.56	1.56	1.38	1.61	1.58	1.15	1.95	1.58	1.4	1.29	1.39	1.22	0.73	0.72	1.29	1.93	1.7	1.26	1.73	1.88	1.44	1.18	2.09	1.71	1.34	1.24	1.27	1.6	2.04	1.15	1.4	1.16	1.45	1.18	0.64	1.22	1.46	1.32	1.0	1.39	1.59	1.76	2.19	0.98	1.02	1.31	0.91	1.48	0.74	1.07	1.22	2.25	2.24	1.05	1.04	1.0	1.66	2.49	2.25	1.26	1.26	1.89	2.4	1.16	1.45	1.77	1.4	1.53	1.89	1.74	1.55	1.27	0.93	1.14	1.6	1.55	0.96	1.54	1.54	1.86	2.03	1.71	1.69	2.03	1.54	1.86	2.58	2.69	1.1	0.92	1.3	1.6	1.26	2.06	1.16	1.63	1.97	2.02	1.41	1.12	2.2	1.66	1.42	0.76	1.04	1.38	1.29	0.86	1.87	1.17	1.59	1.97	2.09	2.14	1.58	1.76	1.48	1.6	1.37	1.83	1.19	1.67	1.32	0.56	0.8	0.89	1.01	1.23	1.2	0.89	1.24	1.44	1.04	1.16	0.87	1.18	1.48	1.41	1.46	1.52	2.1	1.37	1.78	1.4	1.04	1.42	1.91	1.44	1.99	1.45	1.56	1.56	1.38	1.61	1.58	1.15	1.95	1.58	1.4	1.29	1.39	1.22	0.73	0.72	1.29	1.93	1.7	1.26	1.73	1.88	1.44	1.18
1.0	2.0	3.0	4.0	5.0	6.0	7.0	8.0	9.0	10.0	11.0	12.0	13.0	14.0	15.0	16.0	17.0	18.0	19.0	20.0	21.0	22.0	23.0	24.0	25.0	26.0	27.0	28.0	29.0	30.0	31.0	32.0	33.0	34.0	35.0	36.0	37.0	38.0	39.0	40.0	41.0	42.0	43.0	44.0	45.0	46.0	47.0	48.0	49.0	50.0	51.0	52.0	53.0	54.0	55.0	56.0	57.0	58.0	59.0	60.0	61.0	62.0	63.0	64.0	65.0	66.0	67.0	68.0	69.0	70.0	71.0	72.0	73.0	74.0	75.0	76.0	77.0	78.0	79.0	80.0	81.0	82.0	83.0	84.0	85.0	86.0	87.0	88.0	89.0	90.0	91.0	92.0	93.0	94.0	95.0	96.0	97.0	98.0	99.0	100.0	101.0	102.0	103.0	104.0	105.0	106.0	107.0	108.0	109.0	110.0	111.0	112.0	113.0	114.0	115.0	116.0	117.0	118.0	119.0	120.0	121.0	122.0	123.0	124.0	125.0	126.0	127.0	128.0	129.0	130.0	131.0	132.0	133.0	134.0	135.0	136.0	137.0	138.0	139.0	140.0	141.0	142.0	143.0	144.0	145.0	146.0	147.0	148.0	149.0	149.0	150.0	151.0	152.0	153.0	154.0	155.0	156.0	157.0	158.0	159.0	160.0	161.0	162.0	163.0	164.0	165.0	166.0	167.0	168.0	169.0	170.0	171.0	172.0	173.0	174.0	175.0	176.0	177.0	178.0	179.0	180.0	181.0	182.0	183.0	184.0	185.0	186.0	187.0	188.0	189.0	190.0	191.0	192.0	193.0	194.0	195.0	196.0	197.0	198.0	199.0	200.0	201.0	202.0	203.0	204.0	205.0	206.0	207.0	208.0	209.0	210.0	211.0	212.0	213.0	214.0	215.0	216.0	217.0	218.0	219.0	220.0	221.0	222.0	223.0	224.0	225.0	226.0	227.0	228.0	229.0	230.0	231.0	232.0	233.0	234.0	235.0	236.0	237.0	238.0	239.0	240.0	241.0	242.0	243.0	244.0	245.0	246.0	247.0	248.0	249.0	250.0	251.0	252.0	253.0	254.0	255.0	256.0	257.0	258.0	259.0	260.0	261.0	262.0	263.0	264.0	265.0	266.0	267.0	268.0	269.0	270.0	271.0	272.0	273.0	274.0	275.0	276.0	277.0	278.0	279.0	280.0	281.0	282.0	283.0	284.0	285.0	286.0	287.0	288.0	289.0	290.0	291.0	292.0	293.0	294.0	295.0	296.0	297.0
5946.713018743271
