2713.8658921997812	300.0	2000.0	258.15292291164997	0	0.0	2713.8658921997812	1	0	1	-1.6754744905151173
3200.0	300.0	2513.865892199781	0.0	0	285.06349221599794	2713.8658921997812	1	0	1	-0.13430929254864546
4200.0	300.0	2513.865892199781	0.0	0	440.1613469169738	2713.8658921997817	1	0	1	-0.13430929254864551
5200.0	300.0	2513.865892199781	0.0	0	555.40140363109	2713.8658921997817	1	0	1	-0.13430929254864554
6200.0	300.0	2513.8658921997812	0.0	0	718.3875636574021	2713.865892199782	1	0	1	-0.13430929254864557
7200.0	500.0	2513.865892199781	0.0	0	589.7537300511003	2713.8658921997812	1	0	1	-0.13430929254864543
8200.0	500.0	2513.865892199782	0.0	0	509.7200713953189	2713.8658921997812	1	0	1	0.3765163312173453
9200.0	500.0	2513.8658921997826	0.0	0	356.452240593595	2713.8658921997812	1	0	1	0.3765163312173453
10200.0	500.0	2513.8658921997812	0.0	0	534.6574500232109	2713.8658921997794	1	0	1	0.3765163312173454
11200.0	1000.0	2513.865892199783	0.0	0	420.7988265398635	2713.8658921997812	1	0	1	0.3765163312173454
12200.0	1000.0	2513.8658921997835	0.0	0	370.5282702012755	2713.8658921997812	1	0	1	1.0696635117772906
13200.0	1000.0	2513.865892199783	0.0	0	197.81679568083018	2713.8658921997812	1	0	1	1.0696635117772906
14226.329449372224	1000.0	2487.536442827559	0.0	0	0.0	2713.8658921997812	1	0	1	1.0696635117772906
15200.0	1000.0	2513.865892199784	0.0	0	447.8811766755698	2713.8658921997812	1	0	1	1.0696635117772906
16200.0	1000.0	2513.8658921997817	0.0	0	335.55997222149017	2713.8658921997812	1	0	1	1.0696635117772906
17200.0	1000.0	2513.865892199782	0.0	0	41.10343902462773	2713.865892199783	1	0	1	1.0696635117772904
18200.0	1000.0	2513.8658921997812	0.0	0	127.14436738214499	2713.865892199783	1	0	1	1.0696635117772906
19200.0	1000.0	2513.865892199779	0.0	0	342.2093975755233	2713.8658921997812	1	0	1	1.0696635117772906
20200.0	1000.0	2513.86589219978	0.0	0	378.9649013524977	2713.8658921997812	1	0	1	1.0696635117772906
21200.0	1000.0	2513.8658921997835	0.0	0	565.0400109473339	2713.865892199785	1	0	1	1.0696635117772904
22200.0	1000.0	2513.865892199783	0.0	0	701.192717680904	2713.865892199785	1	0	1	1.0696635117772904
23200.0	1000.0	2513.8658921997844	0.0	0	305.7822258799497	2713.865892199785	1	0	1	1.0696635117772904
24200.0	1000.0	2513.865892199788	0.0	0	513.7229711467662	2713.865892199785	1	0	1	1.0696635117772904
25200.0	1000.0	2513.8658921997912	0.0	0	339.2942517824922	2713.865892199785	1	0	1	1.0696635117772904
26200.0	1000.0	2513.8658921997885	0.0	0	59.314533705550275	2713.865892199785	1	0	1	1.0696635117772904
27200.0	1000.0	2513.8658921997885	0.0	0	137.69135203713086	2713.8658921997885	1	0	1	1.0696635117772897
28200.0	1000.0	2513.8658921997917	0.0	0	353.7984429670287	2713.8658921997885	1	0	1	1.0696635117772897
29200.0	1000.0	2513.8658921997912	0.0	0	399.609518565343	2713.865892199785	1	0	1	1.0696635117772904
30200.0	1000.0	2513.8658921997926	0.0	0	367.1177441826185	2713.865892199785	1	0	1	1.0696635117772904
31200.0	1000.0	2513.865892199791	0.0	0	466.85353331319493	2713.865892199785	1	0	1	1.0696635117772904
32200.0	1000.0	2513.8658921997926	0.0	0	616.189640021883	2713.865892199785	1	0	1	1.0696635117772904
33837.65972244583	1000.0	1876.2061697539602	0.0	0	0.0	2713.8658921997812	1	0	1	1.0696635117772906
35004.75682637166	1000.0	1709.1090658281362	0.0	0	0.0	2713.8658921997885	1	0	1	1.06966351177729
35805.58514244768	1000.0	1908.2807497521155	0.0	0	0.0	2713.865892199785	1	0	1	1.0696635117772901
36690.08511903509	1000.0	2023.7807731647079	0.0	0	0.0	2713.865892199792	1	0	1	1.0696635117772892
37343.49922210403	1000.0	2370.3666700957665	0.0	0	0.0	2713.865892199792	1	0	1	1.0696635117772892
38200.0	1000.0	2513.8658921998026	0.0	0	160.55640323489934	2713.865892199792	1	0	1	1.0696635117772892
39200.0	1000.0	2513.86589219981	0.0	0	204.34395437675994	2713.8658921997994	1	0	1	1.0696635117772881
40200.0	1000.0	2513.8658921998094	0.0	0	56.834307869423355	2713.8658921997994	1	0	1	1.0696635117772881
41244.531738049416	1000.0	2469.334154150395	0.0	0	0.0	2713.8658921997994	1	0	1	1.0696635117772881
42200.0	1000.0	2513.8658921998185	0.0	0	54.15627457091614	2713.8658921998067	1	0	1	1.0696635117772872
43200.0	1000.0	2513.865892199821	0.0	0	152.4764426336842	2713.8658921998067	1	0	1	1.0696635117772872
44206.29299747125	1000.0	2507.5728947285684	0.0	0	0.0	2713.8658921998067	1	0	1	1.0696635117772872
45816.01182172028	1000.0	1897.8540704795428	0.0	0	0.0	2713.8658921998067	1	0	1	1.0696635117772872
46693.26964653426	1000.0	2020.5962456655634	0.0	0	0.0	2713.8658921998067	1	0	1	1.0696635117772872
47458.63783458947	1000.0	2255.228057610344	0.0	0	0.0	2713.8658921998067	1	0	1	1.0696635117772872
48200.0	1000.0	2513.8658921998126	0.0	0	19.277262687646726	2713.8658921998067	1	0	1	1.0696635117772872
49421.75424365983	1000.0	2292.111648539986	0.0	0	0.0	2713.8658921998067	1	0	1	1.0696635117772872
50200.0	1000.0	2513.865892199814	0.0	0	81.44700273186754	2713.8658921998067	1	0	1	1.0696635117772872
51200.0	1000.0	2513.8658921998135	0.0	0	465.79533484462445	2713.8658921997994	1	0	1	1.0696635117772881
52200.0	1000.0	2513.865892199811	0.0	0	327.44745879952825	2713.8658921997994	1	0	1	1.0696635117772881
53200.0	1000.0	2513.865892199811	0.0	0	324.57525574851024	2713.8658921997994	1	0	1	1.0696635117772881
54200.0	1000.0	2513.8658921998103	0.0	0	424.38440074876416	2713.8658921997994	1	0	1	1.0696635117772881
55200.0	1000.0	2513.8658921998117	0.0	0	378.8739561722905	2713.8658921997994	1	0	1	1.0696635117772881
56200.0	1000.0	2513.8658921998085	0.0	0	489.9646947726942	2713.8658921997994	1	0	1	1.0696635117772881
57200.0	1000.0	2513.8658921998126	0.0	0	260.37489118945086	2713.8658921998067	1	0	1	1.0696635117772872
58200.0	1000.0	2513.865892199823	0.0	0	448.9710638359393	2713.8658921998067	1	0	1	1.0696635117772872
59200.0	1000.0	2513.8658921998235	0.0	0	530.7282836683298	2713.8658921998067	1	0	1	1.0696635117772872
60200.0	1000.0	2513.865892199825	0.0	0	318.34959622965107	2713.8658921998067	1	0	1	1.0696635117772872
61200.0	1000.0	2513.8658921998317	0.0	0	92.31121115935821	2713.865892199814	1	0	1	1.0696635117772861
62200.0	1000.0	2513.865892199839	0.0	0	299.36696138194384	2713.8658921998212	1	0	1	1.0696635117772852
63274.20188786508	1000.0	2439.6640043347675	0.0	0	0.0	2713.8658921998285	1	0	1	1.0696635117772844
64202.56460430022	1000.0	2511.301287899632	0.0	0	0.0	2713.8658921998212	1	0	1	1.0696635117772852
65200.0	1000.0	2513.865892199858	0.0	0	85.77697970073496	2713.8658921998212	1	0	1	1.0696635117772852
66200.0	1000.0	2513.8658921998485	0.0	0	276.749219432837	2713.865892199814	1	0	1	1.069663511777287
67200.0	1000.0	2513.8658921998544	0.0	0	285.5369773405546	2713.8658921998212	1	0	1	1.0696635117772861
68200.0	1000.0	2513.865892199839	0.0	0	178.2474450407899	2713.8658921997994	1	0	1	1.0696635117772872
69200.0	1000.0	2513.8658921998467	0.0	0	263.34593977144687	2713.8658921997994	1	0	1	1.0696635117772881
70200.0	1000.0	2513.8658921998444	0.0	0	534.2748586553935	2713.8658921997994	1	0	1	1.0696635117772881
71200.0	1000.0	2513.8658921998385	0.0	0	304.2588545926119	2713.8658921997994	1	0	1	1.0696635117772881
72200.0	1000.0	2513.8658921998435	0.0	0	323.51084974460537	2713.8658921997994	1	0	1	1.0696635117772881
73200.0	1000.0	2513.865892199866	0.0	0	523.2294286248507	2713.8658921997994	1	0	1	1.0696635117772881
74200.0	1000.0	2513.8658921998567	0.0	0	359.9183432065038	2713.8658921997994	1	0	1	1.0696635117772881
75200.0	1000.0	2513.8658921998517	0.0	0	415.9184095970995	2713.8658921997994	1	0	1	1.0696635117772881
76200.0	1000.0	2513.865892199872	0.0	0	500.689676598442	2713.8658921997994	1	0	1	1.0696635117772881
77200.0	1000.0	2513.8658921998735	0.0	0	528.6384686469974	2713.8658921997994	1	0	1	1.0696635117772881
78200.0	1000.0	2513.8658921998717	0.0	0	144.3372022802214	2713.865892199814	1	0	1	1.0696635117772861
79200.0	1000.0	2513.8658921998617	0.0	0	238.13020372808387	2713.865892199814	1	0	1	1.0696635117772861
80200.0	1000.0	2513.8658921998694	0.0	0	146.86933680468064	2713.865892199814	1	0	1	1.0696635117772861
81200.0	1000.0	2513.8658921998667	0.0	0	263.14509499010455	2713.865892199814	1	0	1	1.0696635117772861
82200.0	1000.0	2513.8658921998617	0.0	0	86.94707779398595	2713.8658921997994	1	0	1	1.0696635117772881
83200.0	1000.0	2513.865892199877	0.0	0	416.33426420665637	2713.865892199814	1	0	1	1.0696635117772861
84200.0	1000.0	2513.8658921998663	0.0	0	269.71010943302826	2713.865892199814	1	0	1	1.0696635117772861
85200.0	1000.0	2513.865892199871	0.0	0	84.18088306562277	2713.865892199814	1	0	1	1.0696635117772861
86200.0	1000.0	2513.8658921998885	0.0	0	432.28980149341805	2713.865892199814	1	0	1	1.0696635117772861
87200.0	1000.0	2513.8658921998876	0.0	0	517.810372306456	2713.865892199814	1	0	1	1.0696635117772861
88200.0	1000.0	2513.865892199894	0.0	0	388.170024438572	2713.8658921998285	1	0	1	1.0696635117772841
89200.0	1000.0	2513.8658921998885	0.0	0	133.3008531142841	2713.865892199843	1	0	1	1.0696635117772821
90200.0	1000.0	2513.8658921998863	0.0	0	417.09746547993564	2713.865892199843	1	0	1	1.0696635117772821
91200.0	1000.0	2513.865892199882	0.0	0	312.5427156126534	2713.865892199843	1	0	1	1.0696635117772821
92200.0	1000.0	2513.8658921998795	0.0	0	58.233615627439576	2713.8658921998576	1	0	1	1.0696635117772801
93200.0	1000.0	2513.865892199874	0.0	0	228.6256805665762	2713.8658921998576	1	0	1	1.0696635117772801
94347.95897354152	1000.0	2365.9069186583665	0.0	0	0.0	2713.8658921998576	1	0	1	1.0696635117772801
95200.0	1000.0	2513.8658921998617	0.0	0	324.5394099800469	2713.8658921998576	1	0	1	1.0696635117772801
96200.0	1000.0	2513.8658921998563	0.0	0	99.66709542041644	2713.8658921998576	1	0	1	1.0696635117772801
97200.0	1000.0	2513.865892199856	0.0	0	299.64474354816775	2713.865892199872	1	0	1	1.0696635117772781
98200.0	1000.0	2513.8658921998667	0.0	0	457.1993381630018	2713.865892199872	1	0	1	1.0696635117772781
99200.0	1000.0	2513.865892199852	0.0	0	294.12969258888916	2713.865892199872	1	0	1	1.0696635117772781
100219.55851743155	1000.0	2494.3073747682956	0.0	0	0.0	2713.865892199872	1	0	1	1.0696635117772781
101325.73188908935	1000.0	2388.1340031104833	0.0	0	0.0	2713.8658921998576	1	0	1	1.0696635117772801
102491.66886944583	1000.0	2222.1970227540023	0.0	0	0.0	2713.8658921998576	1	0	1	1.0696635117772801
103413.40340733441	1000.0	2300.462484865404	0.0	0	0.0	2713.865892199843	1	0	1	1.0696635117772821
104200.0	1000.0	2513.8658921997967	0.0	0	239.7697601523396	2713.865892199843	1	0	1	1.0696635117772821
105200.0	1000.0	2513.86589219979	0.0	0	178.25023041522945	2713.865892199843	1	0	1	1.0696635117772821
106200.0	1000.0	2513.8658921997812	0.0	0	63.23413198599883	2713.865892199843	1	0	1	1.0696635117772821
107200.0	1000.0	2513.86589219979	0.0	0	430.85856369019893	2713.8658921998576	1	0	1	1.0696635117772801
108200.0	1000.0	2513.8658921998062	0.0	0	591.7649803330714	2713.8658921998576	1	0	1	1.0696635117772801
109200.0	1000.0	2513.865892199802	0.0	0	587.8191659299482	2713.8658921998576	1	0	1	1.0696635117772801
110200.0	1000.0	2513.865892199807	0.0	0	217.584115228703	2713.865892199872	1	0	1	1.0696635117772781
111415.4503255974	1000.0	2298.4155666024017	0.0	0	0.0	2713.8658921998576	1	0	1	1.0696635117772801
112396.59079602074	1000.0	2317.2750961790744	0.0	0	0.0	2713.8658921998576	1	0	1	1.0696635117772801
113393.52601883453	1000.0	2320.3398733652875	0.0	0	0.0	2713.8658921998576	1	0	1	1.0696635117772801
114200.0	1000.0	2513.865892199807	0.0	0	135.2284298131126	2713.8658921998576	1	0	1	1.0696635117772801
115200.0	1000.0	2513.865892199827	0.0	0	465.84629721110105	2713.865892199872	1	0	1	1.0696635117772781
116200.0	1000.0	2513.8658921998376	0.0	0	43.870057258201996	2713.865892199872	1	0	1	1.0696635117772781
117200.0	1000.0	2513.865892199826	0.0	0	405.89273744235106	2713.865892199872	1	0	1	1.0696635117772781
118200.0	1000.0	2513.8658921998276	0.0	0	11.758247510864749	2713.8658921998576	1	0	1	1.0696635117772801
119252.37032539018	1000.0	2461.495566809644	0.0	0	0.0	2713.865892199843	1	0	1	1.0696635117772821
120200.0	1000.0	2513.86589219981	0.0	0	410.24126691497804	2713.865892199843	1	0	1	1.0696635117772821
121200.0	1000.0	2513.8658921998044	0.0	0	294.6253204206587	2713.8658921998285	1	0	1	1.0696635117772841
122200.0	1000.0	2513.8658921998103	0.0	0	122.33048604414216	2713.8658921998285	1	0	1	1.0696635117772841
123200.0	1000.0	2513.865892199807	0.0	0	349.79699102710583	2713.8658921998285	1	0	1	1.0696635117772841
124200.0	1000.0	2513.8658921998117	0.0	0	72.56565623711504	2713.8658921998285	1	0	1	1.0696635117772841
125200.0	1000.0	2513.8658921998153	0.0	0	248.1137552936998	2713.8658921998285	1	0	1	1.0696635117772841
126319.25870308581	1000.0	2394.607189113986	0.0	0	0.0	2713.8658921998285	1	0	1	1.0696635117772841
127200.0	1000.0	2513.8658921997953	0.0	0	142.80715969881567	2713.8658921998285	1	0	1	1.0696635117772841
128200.0	1000.0	2513.865892199797	0.0	0	277.183774371515	2713.8658921998285	1	0	1	1.0696635117772841
129200.0	1000.0	2513.865892199802	0.0	0	354.7924004233355	2713.8658921998285	1	0	1	1.0696635117772841
130200.0	1000.0	2513.865892199809	0.0	0	535.9140998309595	2713.8658921998285	1	0	1	1.0696635117772841
131200.0	1000.0	2513.8658921998076	0.0	0	430.03276560299855	2713.865892199843	1	0	1	1.0696635117772837
132200.0	1000.0	2513.865892199813	0.0	0	422.4739569030935	2713.8658921998576	1	0	1	1.0696635117772788
133200.0	1000.0	2513.8658921998194	0.0	0	327.4602454744454	2713.8658921998576	1	0	1	1.069663511777281
134200.0	1000.0	2513.8658921997894	0.0	0	257.0120772552036	2713.8658921998285	1	0	1	1.069663511777283
135483.2030443248	1000.0	2230.662847874971	0.0	0	0.0	2713.8658921998285	1	0	1	1.0696635117772841
136200.0	1000.0	2513.865892199761	0.0	0	119.01262539278832	2713.8658921998285	1	0	1	1.0696635117772841
137200.0	1000.0	2513.8658921997403	0.0	0	300.0729694189795	2713.8658921997994	1	0	1	1.0696635117772881
138200.0	1000.0	2513.865892199702	0.0	0	4.743642330664443	2713.8658921997994	1	0	1	1.0696635117772881
139200.0	1000.0	2513.865892199721	0.0	0	227.94611021055607	2713.8658921997994	1	0	1	1.0696635117772881
140200.0	1000.0	2513.8658921997667	0.0	0	44.36120903340634	2713.8658921997994	1	0	1	1.0696635117772881
141200.0	1000.0	2513.865892199766	0.0	0	187.70949169291998	2713.8658921997994	1	0	1	1.0696635117772881
142200.0	1000.0	2513.865892199755	0.0	0	75.52465026456048	2713.8658921997994	1	0	1	1.0696635117772881
143200.0	1000.0	2513.865892199748	0.0	0	186.3640824042959	2713.8658921997994	1	0	1	1.0696635117772881
144200.0	1000.0	2513.865892199756	0.0	0	172.04444090632023	2713.8658921997994	1	0	1	1.0696635117772881
145200.0	1000.0	2513.86589219975	0.0	0	496.3980187412817	2713.8658921997994	1	0	1	1.0696635117772881
146200.0	1000.0	2513.865892199788	0.0	0	325.64483807442593	2713.8658921998285	1	0	1	1.0696635117772841
147200.0	1000.0	2513.8658921997603	0.0	0	461.3423755278927	2713.8658921997994	1	0	1	1.0696635117772881
148200.0	1000.0	2513.86589219974	0.0	0	92.67958685368649	2713.8658921997994	1	0	1	1.0696635117772881
149200.0	1000.0	2513.865892199758	0.0	0	396.4800854787172	2713.8658921997994	1	0	1	1.0696635117772881
150200.0	1000.0	2513.8658921997453	0.0	0	200.1465918441245	2713.8658921997994	1	0	1	1.0696635117772881
151200.0	1000.0	2513.8658921997444	0.0	0	404.34500468571787	2713.8658921997994	1	0	1	1.0696635117772881
152200.0	1000.0	2513.865892199751	0.0	0	50.63173285374069	2713.8658921998285	1	0	1	1.0696635117772841
153477.38088276886	1000.0	2236.4850094308717	0.0	0	0.0	2713.8658921998285	1	0	1	1.0696635117772841
154659.8981990416	1000.0	2053.967693158116	0.0	0	0.0	2713.8658921998576	1	0	1	1.0696635117772808
155507.66201372579	1000.0	2206.203878473947	0.0	0	0.0	2713.8658921998285	1	0	1	1.0696635117772841
156203.91897621917	1000.0	2509.946915980582	0.0	0	0.0	2713.8658921998285	1	0	1	1.0696635117772841
157289.83079640486	1000.0	2424.0350957949126	0.0	0	0.0	2713.8658921998285	1	0	1	1.0696635117772841
158408.8524377492	1000.0	2305.0134544505618	0.0	0	0.0	2713.8658921998285	1	0	1	1.0696635117772841
159485.9454962415	1000.0	2227.920395958266	0.0	0	0.0	2713.8658921997994	1	0	1	1.0696635117772881
160357.67710255823	1000.0	2356.1887896415374	0.0	0	0.0	2713.8658921997994	1	0	1	1.0696635117772881
161200.0	1000.0	2513.8658921997626	0.0	0	277.0129099181504	2713.8658921997994	1	0	1	1.0696635117772881
162200.0	1000.0	2513.865892199788	0.0	0	355.29378383400035	2713.8658921997994	1	0	1	1.0696635117772881
163200.0	1000.0	2513.8658921997917	0.0	0	215.1731163264194	2713.8658921997994	1	0	1	1.0696635117772881
164200.0	1000.0	2513.865892199803	0.0	0	491.717159679014	2713.8658921997994	1	0	1	1.0696635117772881
165200.0	1000.0	2513.865892199822	0.0	0	518.3458035892108	2713.8658921997994	1	0	1	1.0696635117772881
166200.0	1000.0	2513.865892199824	0.0	0	60.644666568608955	2713.8658921997994	1	0	1	1.0696635117772881
167200.0	1000.0	2513.8658921998026	0.0	0	48.18259373807814	2713.8658921997994	1	0	1	1.0696635117772881
168200.0	1000.0	2513.865892199796	0.0	0	214.1993979293038	2713.8658921997994	1	0	1	1.0696635117772881
169200.0	1000.0	2513.8658921998344	0.0	0	461.1219548623194	2713.8658921997994	1	0	1	1.0696635117772881
170200.0	1000.0	2513.865892199831	0.0	0	622.2136848685332	2713.8658921997994	1	0	1	1.0696635117772881
171200.0	1000.0	2513.8658921998244	0.0	0	578.3231310560077	2713.8658921997994	1	0	1	1.0696635117772881
172200.0	1000.0	2513.8658921998212	0.0	0	363.8393925904238	2713.8658921997703	1	0	1	1.0696635117772924
173200.0	1000.0	2513.8658921998276	0.0	0	344.9861568492779	2713.8658921997703	1	0	1	1.0696635117772924
174200.0	1000.0	2513.8658921998585	0.0	0	257.61303529617726	2713.8658921997994	1	0	1	1.0696635117772881
175200.0	1000.0	2513.865892199868	0.0	0	27.38291324066813	2713.8658921997994	1	0	1	1.0696635117772881
176200.0	1000.0	2513.865892199852	0.0	0	13.479146191908512	2713.8658921997994	1	0	1	1.0696635117772881
177200.0	1000.0	2513.865892199875	0.0	0	426.2879309990967	2713.8658921997994	1	0	1	1.0696635117772881
178200.0	1000.0	2513.865892199834	0.0	0	404.28796113381395	2713.8658921997703	1	0	1	1.0696635117772924
179200.0	1000.0	2513.8658921998517	0.0	0	416.8866430463677	2713.8658921997703	1	0	1	1.0696635117772924
180200.0	1000.0	2513.8658921998217	0.0	0	441.21952507822425	2713.865892199741	1	0	1	1.0696635117772963
181200.0	1000.0	2513.8658921998003	0.0	0	409.2402440291771	2713.865892199741	1	0	1	1.0696635117772963
182963.7632056778	1000.0	1750.1026865220088	0.0	0	0.0	2713.865892199741	1	0	1	1.0696635117772963
183797.77493172762	1000.0	1916.0909604721783	0.0	0	0.0	2713.865892199712	1	0	1	1.0696635117773003
184516.57950486755	1000.0	2197.2863873322203	0.0	0	0.0	2713.865892199683	1	0	1	1.0696635117773043
185247.28289014276	1000.0	2466.5830020570265	0.0	0	0.0	2713.865892199712	1	0	1	1.0696635117773037
186200.0	1000.0	2513.8658921997667	0.0	0	508.97810227496666	2713.865892199712	1	0	1	1.0696635117773003
187200.0	1000.0	2513.8658921997608	0.0	0	402.8396813966392	2713.865892199712	1	0	1	1.0696635117773003
188200.0	1000.0	2513.8658921997617	0.0	0	469.9693996963615	2713.865892199712	1	0	1	1.0696635117773003
189200.0	1000.0	2513.8658921997776	0.0	0	235.36155160079943	2713.865892199712	1	0	1	1.0696635117773003
190200.0	1000.0	2513.8658921997544	0.0	0	107.12575501311221	2713.865892199683	1	0	1	1.0696635117773043
191200.0	1000.0	2513.865892199752	0.0	0	202.84074796698405	2713.865892199683	1	0	1	1.0696635117773043
192200.0	1000.0	2513.8658921997753	0.0	0	328.60507076297654	2713.865892199712	1	0	1	1.0696635117773003
193200.0	1000.0	2513.8658921997862	0.0	0	98.8799835232494	2713.865892199712	1	0	1	1.0696635117773003
194332.48218018372	1000.0	2381.3837120160692	0.0	0	0.0	2713.865892199712	1	0	1	1.0696635117773003
195200.0	1000.0	2513.865892199747	0.0	0	160.27228838874726	2713.865892199683	1	0	1	1.0696635117773043
196200.0	1000.0	2513.8658921997817	0.0	0	348.79732794323354	2713.865892199683	1	0	1	1.0696635117773043
197200.0	1000.0	2513.865892199801	0.0	0	183.33358985427185	2713.865892199712	1	0	1	1.0696635117773003
198200.0	1000.0	2513.8658921998094	0.0	0	216.843463391182	2713.865892199712	1	0	1	1.0696635117773003
199250.1077630979	1000.0	2463.75812910191	0.0	0	0.0	2713.865892199712	1	0	1	1.0696635117773003
200200.0	1000.0	2513.86589219985	0.0	0	290.78018819051795	2713.865892199712	1	0	1	1.0696635117773003
201200.0	1000.0	2513.8658921998767	0.0	0	169.9543632172281	2713.865892199741	1	0	1	1.0696635117772963
202200.0	1000.0	2513.8658921998926	0.0	0	200.72523935145	2713.865892199741	1	0	1	1.0696635117772963
203200.0	1000.0	2513.8658921999186	0.0	0	435.25519507037825	2713.865892199741	1	0	1	1.0696635117772963
204200.0	1000.0	2513.8658921999254	0.0	0	434.671905730007	2713.865892199741	1	0	1	1.0696635117772963
205200.0	1000.0	2513.865892199953	0.0	0	277.1297265413741	2713.8658921997703	1	0	1	1.0696635117772924
206200.0	1000.0	2513.8658921999095	0.0	0	521.0708169693535	2713.8658921997703	1	0	1	1.0696635117772924
207200.0	1000.0	2513.8658921998867	0.0	0	371.325196486956	2713.8658921997703	1	0	1	1.0696635117772924
208200.0	1000.0	2513.865892199873	0.0	0	453.8474323528935	2713.8658921997703	1	0	1	1.0696635117772924
209200.0	1000.0	2513.8658921998835	0.0	0	435.2885567130288	2713.8658921997703	1	0	1	1.0696635117772924
210200.0	1000.0	2513.865892199896	0.0	0	19.06239839689806	2713.8658921997703	1	0	1	1.0696635117772924
211338.22328070062	1000.0	2375.642611499276	0.0	0	0.0	2713.8658921997703	1	0	1	1.0696635117772924
212636.86895573582	1000.0	2076.9969364640647	0.0	0	0.0	2713.8658921997703	1	0	1	1.0696635117772924
213487.33366234446	1000.0	2226.5322298554133	0.0	0	0.0	2713.865892199741	1	0	1	1.0696635117772963
214319.9750649725	1000.0	2393.8908272273898	0.0	0	0.0	2713.865892199741	1	0	1	1.0696635117772963
215361.82991953884	1000.0	2352.0359726610177	0.0	0	0.0	2713.865892199712	1	0	1	1.0696635117773003
216200.0	1000.0	2513.865892199895	0.0	0	343.3327461927547	2713.865892199741	1	0	1	1.0696635117772963
217200.0	1000.0	2513.8658921999054	0.0	0	349.62583904591156	2713.865892199741	1	0	1	1.0696635117772963
218200.0	1000.0	2513.8658921998963	0.0	0	56.186664154636674	2713.8658921997703	1	0	1	1.0696635117772924
219200.0	1000.0	2513.865892199901	0.0	0	221.09750300084124	2713.8658921997703	1	0	1	1.0696635117772924
220200.0	1000.0	2513.865892199857	0.0	0	131.60036570593365	2713.865892199741	1	0	1	1.0696635117772963
221200.0	1000.0	2513.865892199878	0.0	0	496.65734819028876	2713.8658921997703	1	0	1	1.0696635117772924
222200.0	1000.0	2513.8658921998954	0.0	0	507.7144609420211	2713.8658921997703	1	0	1	1.0696635117772924
223200.0	1000.0	2513.8658921998663	0.0	0	461.2435307948617	2713.865892199741	1	0	1	1.0696635117772963
224200.0	1000.0	2513.8658921998513	0.0	0	294.1188045841409	2713.865892199741	1	0	1	1.0696635117772963
225200.0	1000.0	2513.865892199873	0.0	0	393.73640679425444	2713.865892199741	1	0	1	1.0696635117772963
226200.0	1000.0	2513.8658921998763	0.0	0	506.21980340973823	2713.8658921997703	1	0	1	1.0696635117772924
227200.0	1000.0	2513.865892199888	0.0	0	327.74765586084686	2713.8658921997703	1	0	1	1.0696635117772924
228200.0	1000.0	2513.865892199872	0.0	0	29.801165953773307	2713.8658921997703	1	0	1	1.0696635117772924
229200.0	1000.0	2513.865892199875	0.0	0	459.6076567596174	2713.865892199741	1	0	1	1.0696635117772963
230200.0	1000.0	2513.8658921998467	0.0	0	177.933886365965	2713.865892199712	1	0	1	1.0696635117773003
231200.0	1000.0	2513.8658921998563	0.0	0	212.86954964368488	2713.865892199712	1	0	1	1.0696635117773003
232200.0	1000.0	2513.8658921998244	0.0	0	444.73466692958027	2713.865892199712	1	0	1	1.0696635117773003
233200.0	1000.0	2513.8658921998444	0.0	0	96.85712530149613	2713.865892199712	1	0	1	1.0696635117773003
234200.0	1000.0	2513.865892199823	0.0	0	7.40072288014926	2713.865892199683	1	0	1	1.0696635117773043
235200.0	1000.0	2513.8658921998435	0.0	0	360.51118911770754	2713.865892199683	1	0	1	1.0696635117773043
236200.0	1000.0	2513.8658921998367	0.0	0	518.0208204684022	2713.865892199683	1	0	1	1.0696635117773043
237200.0	1000.0	2513.865892199835	0.0	0	248.71579829990515	2713.865892199683	1	0	1	1.0696635117773043
238200.0	1000.0	2513.8658921998176	0.0	0	317.4478708974202	2713.865892199654	1	0	1	1.0696635117773083
239200.0	1000.0	2513.865892199817	0.0	0	306.51446594123263	2713.865892199683	1	0	1	1.0696635117773043
240200.0	1000.0	2513.8658921998517	0.0	0	318.74437857299927	2713.865892199683	1	0	1	1.0696635117773043
241200.0	1000.0	2513.8658921998604	0.0	0	393.95907059375895	2713.865892199683	1	0	1	1.0696635117773043
242200.0	1000.0	2513.8658921998504	0.0	0	410.0966859863547	2713.865892199683	1	0	1	1.0696635117773043
243389.74143914416	1000.0	2324.1244530557265	0.0	0	0.0	2713.865892199712	1	0	1	1.069663511777302
244200.0	1000.0	2513.865892199883	0.0	0	324.8212292344251	2713.865892199712	1	0	1	1.0696635117773003
245200.0	1000.0	2513.865892199895	0.0	0	234.66922481820802	2713.865892199712	1	0	1	1.0696635117773003
246200.0	1000.0	2513.8658921998876	0.0	0	458.2668599454628	2713.865892199712	1	0	1	1.0696635117773003
247200.0	1000.0	2513.865892199902	0.0	0	210.73758602308226	2713.865892199712	1	0	1	1.0696635117773003
248200.0	1000.0	2513.8658921999104	0.0	0	304.0763849695213	2713.865892199712	1	0	1	1.0696635117773003
249200.0	1000.0	2513.865892199909	0.0	0	184.1633394890232	2713.865892199683	1	0	1	1.0696635117773043
250200.0	1000.0	2513.8658921999327	0.0	0	115.55562262231251	2713.865892199654	1	0	1	1.0696635117773083
251200.0	1000.0	2513.865892199958	0.0	0	170.83047373316367	2713.865892199654	1	0	1	1.0696635117773083
252200.0	1000.0	2513.865892199966	0.0	0	44.73599511751672	2713.865892199625	1	0	1	1.0696635117773126
253200.0	1000.0	2513.8658921999745	0.0	0	216.53543613417423	2713.865892199654	1	0	1	1.0696635117773083
254200.0	1000.0	2513.8658921999963	0.0	0	348.0374831651279	2713.865892199654	1	0	1	1.0696635117773083
255200.0	1000.0	2513.865892200008	0.0	0	135.92633413692238	2713.865892199654	1	0	1	1.0696635117773083
256200.0	1000.0	2513.865892200033	0.0	0	133.80534932907904	2713.865892199654	1	0	1	1.0696635117773083
257200.0	1000.0	2513.8658922000523	0.0	0	411.90106197388377	2713.865892199683	1	0	1	1.0696635117773043
258200.0	1000.0	2513.865892200079	0.0	0	474.055489091028	2713.865892199683	1	0	1	1.0696635117773043
259200.0	1000.0	2513.8658922000704	0.0	0	347.0969704176241	2713.865892199654	1	0	1	1.0696635117773083
260514.7271075338	1000.0	2199.1387846662255	0.0	0	0.0	2713.865892199654	1	0	1	1.0696635117773083
261672.21722098772	1000.0	2041.6486712122883	0.0	0	0.0	2713.865892199654	1	0	1	1.0696635117773083
262299.7021024889	1000.0	2414.163789711114	0.0	0	0.0	2713.865892199683	1	0	1	1.0696635117773077
263250.64905056235	1000.0	2463.216841637669	0.0	0	0.0	2713.865892199654	1	0	1	1.069663511777311
264200.0	1000.0	2513.8658921999972	0.0	0	497.3832156708231	2713.865892199625	1	0	1	1.0696635117773101
265200.0	1000.0	2513.8658921999845	0.0	0	19.41414289700333	2713.865892199625	1	0	1	1.0696635117773132
266200.0	1000.0	2513.865892199926	0.0	0	87.06602144089993	2713.865892199625	1	0	1	1.0696635117773126
267200.0	1000.0	2513.8658921999	0.0	0	19.78807210433297	2713.865892199625	1	0	1	1.0696635117773126
268200.0	1000.0	2513.8658921999536	0.0	0	88.07455230271444	2713.8658921995666	1	0	1	1.0696635117773208
269200.0	1000.0	2513.8658921999117	0.0	0	475.8338551906636	2713.8658921995666	1	0	1	1.0696635117773208
270200.0	1000.0	2513.8658921998726	0.0	0	570.9661300099688	2713.8658921995666	1	0	1	1.0696635117773208
271200.0	1000.0	2513.865892199798	0.0	0	253.03967174486024	2713.8658921995666	1	0	1	1.0696635117773208
272200.0	1000.0	2513.865892199807	0.0	0	272.5608503546682	2713.8658921995084	1	0	1	1.0696635117773288
273577.3016335572	1000.0	2136.564258642631	0.0	0	0.0	2713.8658921995084	1	0	1	1.0696635117773288
274200.0	1000.0	2513.8658921999067	0.0	0	36.73528835311299	2713.8658921995084	1	0	1	1.0696635117773288
275348.5797335094	1000.0	2365.2861586904583	0.0	0	0.0	2713.8658921995084	1	0	1	1.0696635117773288
276200.0	1000.0	2513.8658921998544	0.0	0	155.96993403916713	2713.8658921995084	1	0	1	1.0696635117773288
277252.93756689096	1000.0	2460.9283253089384	0.0	0	0.0	2713.8658921995084	1	0	1	1.0696635117773288
278200.0	1000.0	2513.8658921999563	0.0	0	211.91898352548014	2713.8658921995084	1	0	1	1.0696635117773288
279200.0	1000.0	2513.8658921999054	0.0	0	280.17002727481304	2713.8658921995084	1	0	1	1.0696635117773288
280200.0	1000.0	2513.8658921998344	0.0	0	382.1049444289529	2713.8658921995084	1	0	1	1.0696635117773288
281200.0	1000.0	2513.8658921998253	0.0	0	271.39792629145086	2713.8658921995084	1	0	1	1.0696635117773288
282200.0	1000.0	2513.865892199828	0.0	0	313.202178604668	2713.8658921995084	1	0	1	1.0696635117773288
283206.013548989	1000.0	2507.852343210736	0.0	0	0.0	2713.8658921995084	1	0	1	1.0696635117773288
284373.8039261241	1000.0	2340.061966075622	0.0	0	0.0	2713.8658921995666	1	0	1	1.0696635117773208
285200.0	1000.0	2513.86589219974	0.0	0	15.152625775081106	2713.8658921995666	1	0	1	1.0696635117773208
286200.0	1000.0	2513.8658921996753	0.0	0	139.2763010954368	2713.8658921995084	1	0	1	1.0696635117773288
287200.0	1000.0	2513.8658921996007	0.0	0	234.79667158814846	2713.8658921995084	1	0	1	1.0696635117773288
288200.0	1000.0	2513.8658921996634	0.0	0	346.05478329450125	2713.8658921995666	1	0	1	1.0696635117773208
289200.0	1000.0	2513.8658921996507	0.0	0	341.4160804853891	2713.8658921995666	1	0	1	1.0696635117773208
290200.0	1000.0	2513.865892199685	0.0	0	92.19534348580055	2713.8658921995666	1	0	1	1.0696635117773208
291373.62601658254	1000.0	2340.2398756172497	0.0	0	0.0	2713.8658921995666	1	0	1	1.0696635117773208
292228.5790003494	1000.0	2485.2868918503705	0.0	0	0.0	2713.8658921995666	1	0	1	1.0696635117773208
293200.0	1000.0	2513.8658921997876	0.0	0	48.958129029371776	2713.8658921995666	1	0	1	1.0696635117773208
294200.0	1000.0	2513.865892199803	0.0	0	222.30196986161172	2713.8658921995666	1	0	1	1.0696635117773208
295266.90481327754	1000.0	2446.9610789222374	0.0	0	0.0	2713.8658921995666	1	0	1	1.0696635117773208
296200.0	1000.0	2513.865892199775	0.0	0	40.72633044200484	2713.8658921995666	1	0	1	1.0696635117773208
297276.5771909858	1000.0	2437.288701214024	0.0	0	0.0	2713.865892199625	1	0	1	1.0696635117773126
298200.0	1000.0	2513.865892199823	0.0	0	452.9264971395605	2713.865892199625	1	0	1	1.0696635117773126
299200.0	1000.0	2513.8658921997767	0.0	0	176.90451910428237	2713.865892199625	1	0	1	1.0696635117773126
300200.0	1000.0	2513.865892199738	0.0	0	233.2120937879081	2713.865892199625	1	0	1	1.0696635117773126
1.31	0.75	0.72	1.2	1.37	1.11	1.07	1.22	1.45	1.39	1.22	1.15	1.58	1.93	1.3	1.26	1.29	2.05	2.36	3.35	1.81	1.89	1.84	1.45	1.38	1.78	1.51	1.82	2.29	2.03	0.64	0.85	1.27	1.29	1.78	1.58	1.64	1.36	0.92	1.18	1.26	1.33	0.66	1.18	1.49	1.62	0.95	1.24	1.47	1.19	1.24	1.91	2.26	1.73	1.82	1.97	2.2	1.9	1.1	1.08	0.75	1.14	1.34	1.07	1.65	1.51	1.37	1.76	1.54	2.05	2.05	1.99	1.45	1.95	2.48	1.51	1.4	1.52	1.54	1.39	2.0	1.29	1.26	2.06	2.18	1.56	1.47	2.07	1.95	1.42	1.59	0.88	2.07	1.01	1.52	1.53	1.35	1.08	0.87	1.16	1.24	1.64	1.48	1.27	1.51	2.2	2.46	1.56	0.89	0.8	1.42	1.2	1.77	0.94	1.29	1.33	0.96	1.69	1.95	1.3	1.81	0.85	1.38	1.02	1.3	1.07	1.89	1.82	1.44	1.49	1.98	1.39	0.98	1.52	1.44	1.17	1.2	1.45	1.38	1.09	1.33	1.19	1.53	1.26	1.52	1.02	1.84	1.51	1.53	1.05	1.31	0.75	0.72	1.2	1.37	1.11	1.07	1.22	1.45	1.39	1.22	1.15	1.58	1.93	1.3	1.26	1.29	2.05	2.36	3.35	1.81	1.89	1.84	1.45	1.38	1.78	1.51	1.82	2.29	2.03	0.64	0.85	1.27	1.29	1.78	1.58	1.64	1.36	0.92	1.18	1.26	1.33	0.66	1.18	1.49	1.62	0.95	1.24	1.47	1.19	1.24	1.91	2.26	1.73	1.82	1.97	2.2	1.9	1.1	1.08	0.75	1.14	1.34	1.07	1.65	1.51	1.37	1.76	1.54	2.05	2.05	1.99	1.45	1.95	2.48	1.51	1.4	1.52	1.54	1.39	2.0	1.29	1.26	2.06	2.18	1.56	1.47	2.07	1.95	1.42	1.59	0.88	2.07	1.01	1.52	1.53	1.35	1.08	0.87	1.16	1.24	1.64	1.48	1.27	1.51	2.2	2.46	1.56	0.89	0.8	1.42	1.2	1.77	0.94	1.29	1.33	0.96	1.69	1.95	1.3	1.81	0.85	1.38	1.02	1.3	1.07	1.89	1.82	1.44	1.49	1.98	1.39	0.98	1.52	1.44	1.17	1.2	1.45	1.38	1.09	1.33	1.19	1.53	1.26	1.52	1.02	1.84	1.51	1.53	1.05	1.31	0.75	0.72
1.0	2.0	3.0	4.0	5.0	6.0	7.0	8.0	9.0	10.0	11.0	12.0	13.0	14.0	15.0	16.0	17.0	18.0	19.0	20.0	21.0	22.0	23.0	24.0	25.0	26.0	27.0	28.0	29.0	30.0	31.0	32.0	33.0	34.0	35.0	36.0	37.0	38.0	39.0	40.0	41.0	42.0	43.0	44.0	45.0	46.0	47.0	48.0	49.0	50.0	51.0	52.0	53.0	54.0	55.0	56.0	57.0	58.0	59.0	60.0	61.0	62.0	63.0	64.0	65.0	66.0	67.0	68.0	69.0	70.0	71.0	72.0	73.0	74.0	75.0	76.0	77.0	78.0	79.0	80.0	81.0	82.0	83.0	84.0	85.0	86.0	87.0	88.0	89.0	90.0	91.0	92.0	93.0	94.0	95.0	96.0	97.0	98.0	99.0	100.0	101.0	102.0	103.0	104.0	105.0	106.0	107.0	108.0	109.0	110.0	111.0	112.0	113.0	114.0	115.0	116.0	117.0	118.0	119.0	120.0	121.0	122.0	123.0	124.0	125.0	126.0	127.0	128.0	129.0	130.0	131.0	132.0	133.0	134.0	135.0	136.0	137.0	138.0	139.0	140.0	141.0	142.0	143.0	144.0	145.0	146.0	147.0	148.0	149.0	149.0	150.0	151.0	152.0	153.0	154.0	155.0	156.0	157.0	158.0	159.0	160.0	161.0	162.0	163.0	164.0	165.0	166.0	167.0	168.0	169.0	170.0	171.0	172.0	173.0	174.0	175.0	176.0	177.0	178.0	179.0	180.0	181.0	182.0	183.0	184.0	185.0	186.0	187.0	188.0	189.0	190.0	191.0	192.0	193.0	194.0	195.0	196.0	197.0	198.0	199.0	200.0	201.0	202.0	203.0	204.0	205.0	206.0	207.0	208.0	209.0	210.0	211.0	212.0	213.0	214.0	215.0	216.0	217.0	218.0	219.0	220.0	221.0	222.0	223.0	224.0	225.0	226.0	227.0	228.0	229.0	230.0	231.0	232.0	233.0	234.0	235.0	236.0	237.0	238.0	239.0	240.0	241.0	242.0	243.0	244.0	245.0	246.0	247.0	248.0	249.0	250.0	251.0	252.0	253.0	254.0	255.0	256.0	257.0	258.0	259.0	260.0	261.0	262.0	263.0	264.0	265.0	266.0	267.0	268.0	269.0	270.0	271.0	272.0	273.0	274.0	275.0	276.0	277.0	278.0	279.0	280.0	281.0	282.0	283.0	284.0	285.0	286.0	287.0	288.0	289.0	290.0	291.0	292.0	293.0	294.0	295.0	296.0	297.0	298.0	298.0	299.0	300.0	301.0
2222.1679514322755
