5867.154204348486	300.0	2000.0	87.27278627779758	0	0.0	5867.154204348486	1	0	1	-2.365945105947309
5989.001376770483	300.0	2865.968110335804	0.0	0	0.0	5854.969487106287	1	0	2	-2.247768225228259
6173.783612566508	500.0	3662.707650960177	0.0	0	0.0	5836.491263526685	1	0	2	-2.030844315845334
6290.464790957454	500.0	4534.358354730135	0.0	0	0.0	5824.823145687589	1	0	2	-1.506635778857217
6476.637870347591	500.0	5329.567967400985	0.0	0	0.0	5806.205837748576	1	0	2	-1.4901381701304335
7200.0	500.0	5533.869624783334	0.0	0	565.842130218808	5733.869624783335	1	0	2	-1.4509015345468446
8200.0	1000.0	5433.869624783334	0.0	0	756.2025408588161	5633.869624783334	1	0	2	-1.3560766718968924
9206.383942231656	3000.0	5427.485682551679	0.0	0	0.0	5633.869624783334	1	0	1	-0.6240422598879325
10637.934419185636	3000.0	4852.780157902303	0.0	0	0.0	5490.714577087938	1	0	2	0.3768872705720346
13366.060971148589	6000.0	2851.8409507430556	0.0	0	0.0	5217.901921891644	1	0	2	0.7859172488169857
15411.606539933357	6000.0	1601.7408250798092	0.0	0	0.0	5013.3473650131655	1	0	2	1.6783921127992603
16414.699729251137	3000.0	1498.3383168302507	0.0	0	0.0	4913.038046081387	1	0	2	0.39137847876056286
17133.98520317819	3000.0	1707.1242955104908	0.0	0	0.0	4841.109498688678	1	0	2	1.144229372165364
18153.194560020056	3000.0	1585.9940029844336	0.0	0	0.0	4739.188563004489	1	0	2	1.2119406412779148
19593.002217759382	3000.0	1002.2055794711731	0.0	0	0.0	4595.207797230554	1	0	2	1.2929252195961127
21049.660992260837	3000.0	399.88092751957186	0.0	0	0.0	4449.541919780408	1	0	2	1.3888545496035485
22212.44991512254	2000.0	346.2236275939891	204.91865020207484	0	0.0	4558.6735427165295	1	0	2	-0.7119723137042986
23129.740681881853	2000.0	471.983313777548	122.52684510800276	0	0.0	4601.7239956593985	1	0	2	0.1639090576384549
24264.362421134356	2000.0	337.3615745250455	0.0	0	0.0	4601.7239956593985	1	0	1	0.914651173338443
26069.796110226598	2000.0	200.0	771.4686213422012	0	0.0	5269.796110226598	1	0	2	-4.298742050252102
26891.49592174957	1000.0	618.7757050293455	293.3140888223785	0	0.0	5510.271626778915	1	0	2	-2.974104722684576
27473.714261611825	1000.0	978.3355311808664	0.0	0	0.0	5452.049792792692	1	0	2	-0.46458389357164354
28046.143975369763	1000.0	1348.6628460471377	0.0	0	0.0	5394.806821416903	1	0	2	-0.41104883866525505
28806.054412038015	2000.0	1512.7613657120617	0.0	0	0.0	5318.815777750078	1	0	2	-0.343809874691347
29317.384228916864	2000.0	1950.298567145328	0.0	0	0.0	5267.682796062196	1	0	2	0.3968201099890249
30323.841281448007	3000.0	1843.195809361068	0.0	0	0.0	5167.037090809077	1	0	2	0.47429670345203867
30682.81134298422	2000.0	2448.3287416712374	0.0	0	0.0	5131.140084655453	1	0	2	0.11261471149315375
31207.345319208056	2000.0	2871.341367825018	0.0	0	0.0	5078.686687033074	1	0	2	0.5573119093958274
31763.108143539346	3000.0	3260.002261060596	0.0	0	0.0	5023.110404599942	1	0	2	0.6012569767545652
33422.324243315874	3000.0	2434.8645513064134	0.0	0	0.0	4857.188794622292	1	0	2	1.0923852323386591
36309.16106431022	3000.0	259.34404821264735	0.0	0	0.0	4568.505112522867	1	0	2	1.2996480250010738
37602.93831583532	2000.0	340.93563468422326	458.8605119538111	0	0.0	4943.873950519541	1	0	2	-2.5067611180177627
38208.30425016574	2000.0	675.0331069207567	0.0	0	0.0	4883.337357086486	1	0	2	0.7080743971760555
38814.19635516839	2000.0	1008.5517914178452	0.0	0	0.0	4822.748146586215	1	0	2	0.7538569819512331
39767.35248517594	3000.0	960.0800484095383	0.0	0	0.0	4727.432533585466	1	0	2	0.8141726733425688
41175.18261155226	3000.0	411.46690939558766	0.0	0	0.0	4586.649520947831	1	0	2	1.308610446968716
41939.0520234908	2000.0	633.9172696160958	57.006103048095895	0	0.0	4572.969293106893	1	0	2	0.17502443506793716
42449.666833410796	2000.0	1072.2409787041065	0.0	0	0.0	4521.907812114892	1	0	2	0.9557823469848331
42914.988095750574	2000.0	1560.3875901303575	0.0	0	0.0	4475.375685880921	1	0	2	0.9851529524487402
43892.11452029392	3000.0	1485.5485231326775	0.0	0	0.0	4377.66304342659	1	0	2	1.0326804124392246
44659.439067480525	3000.0	1641.4915212274122	0.0	0	0.0	4300.930588707932	1	0	2	1.484337136246067
45531.644430454246	3000.0	1682.0656219563198	0.0	0	0.0	4213.710052410555	1	0	2	1.527922590129386
46129.02694592395	3000.0	2024.9448549396502	0.0	0	0.0	4153.971800863597	1	0	2	1.5597181910453344
47309.69074009244	3000.0	1726.2146813543075	0.0	0	0.0	4035.905421446747	1	0	2	1.6032001043785553
49461.84546217634	3000.0	358.8444870620189	0.0	0	0.0	3820.6899492383527	1	0	2	1.6832268178000258
50887.64363585382	3000.0	278.8183696327736	443.95624874179873	0	0.0	4166.462005486588	1	0	2	-1.1151380488778178
51478.63823713259	2000.0	684.7909814303076	50.969702912882525	0	0.0	4163.429218562895	1	0	2	0.4390834997131603
52095.49307233276	2000.0	1129.62162975015	0.0	0	0.0	4225.1147020829085	1	0	0	0.9346770283389157
52651.250652753035	2000.0	1518.2882912878554	0.0	0	0.0	4169.538944040891	1	0	2	0.7478222482658737
53624.67390709723	3000.0	1447.5227115092364	0.0	0	0.0	4072.196618606482	1	0	2	1.1876909245165779
54405.22803640461	3000.0	1588.9131692711253	0.0	0	0.0	3994.141205675747	1	0	2	1.6293066949174402
55743.25891295363	3000.0	1117.0792050672098	0.0	0	0.0	3860.33811802086	1	0	2	1.6791029912092945
56547.84461704714	2000.0	1232.0349305643463	0.0	0	0.0	3779.8795476115047	1	0	2	0.9021627276878127
57054.24326206985	2000.0	1674.9964210393653	0.0	0	0.0	3729.2396831092265	1	0	2	1.3282325770237542
58046.19037839133	2000.0	1683.0493047178911	0.0	0	0.0	3729.2396831092265	1	0	1	1.3327156615006686
59118.55910401204	2000.0	1503.443706535112	0.0	0	0.0	3622.0028105471574	1	0	2	1.1596159730159052
60165.093285783216	2000.0	1352.2561065868179	0.0	0	0.0	3517.34939237003	1	0	2	1.3913837693948878
61729.955936146594	3000.0	630.9071911871106	0.0	0	0.0	3360.8631273337014	1	0	2	1.4308458623199485
62909.75321916738	2000.0	451.1099081663193	0.0	0	0.0	3360.8631273337014	1	0	1	1.0348984994368051
63888.80411543765	2000.0	496.7777231648122	24.71871126875959	0	0.0	3385.581838602462	1	0	1	1.485833262731721
64553.24523252124	2000.0	832.3366060812225	0.0	0	0.0	3385.581838602455	1	0	1	1.63414553034428
64939.98841829578	1000.0	1406.9191017292192	0.0	0	0.0	3346.9075200249936	1	0	2	-0.14480880477590863
65445.826586466734	1000.0	1901.0809335582685	0.0	0	0.0	3346.907520025001	1	0	1	0.7506686497994097
65796.94067985092	1000.0	2514.855430835662	0.0	0	0.0	3311.796110686577	1	0	2	0.5572880397956976
66244.64919105243	1000.0	3022.3760685139946	0.0	0	0.0	3267.0252595664206	1	0	2	0.7671176000417463
67200.0	1000.0	2971.4901786716755	0.0	0	494.1712884198496	3171.490178671658	1	0	2	0.7823791528395834
68200.0	2000.0	2971.4901786717032	0.0	0	195.08867079592892	3171.4901786716873	1	0	1	0.7906518495326311
69407.35864604561	3000.0	2764.1315326260747	0.0	0	0.0	3171.49017867168	1	0	1	1.683799030092576
70697.36127388639	3000.0	2345.1286420012284	0.0	0	0.0	3042.4899158875924	1	0	2	1.7080432683414961
71861.27913663408	3000.0	2064.8189929787413	0.0	0	0.0	2926.0981296128157	1	0	2	1.9310422652708863
72859.41043548813	2000.0	2066.6876941246815	0.0	0	0.0	2926.0981296128157	1	0	1	1.1247585452929085
74255.39999485748	3000.0	1670.6981347553149	0.0	0	0.0	2926.0981296128157	1	0	1	1.7302236534010735
75042.35730863325	2000.0	1883.7408209795394	0.0	0	0.0	2926.0981296128302	1	0	1	1.3247585452929063
75954.65421134536	3000.0	1971.4439182674269	0.0	0	0.0	2926.0981296128302	1	0	1	1.730223653401071
76799.18200504243	3000.0	2126.916124570367	0.0	0	0.0	2926.0981296128302	1	0	1	2.1356887615092357
77449.36109913111	3000.0	2476.7370304816723	0.0	0	0.0	2926.0981296128302	1	0	1	2.1356887615092357
78563.56953917196	3000.0	2362.5285904408343	0.0	0	0.0	2926.0981296128157	1	0	1	2.1356887615092384
80410.9368103187	3000.0	1515.1613192940915	0.0	0	0.0	2926.0981296128157	1	0	1	2.1356887615092384
81403.16712556212	3000.0	1522.9310040506637	0.0	0	0.0	2926.0981296128157	1	0	1	2.1356887615092384
82392.839541847	3000.0	1533.258587765783	0.0	0	0.0	2926.0981296128157	1	0	1	2.1356887615092384
83330.3386445755	3000.0	1502.0095747644414	0.0	0	0.0	2832.348219339983	1	0	2	1.746778987430131
84354.55146779373	3000.0	1477.7967515462065	0.0	0	0.0	2832.348219339983	1	0	1	1.950870163410869
85600.41455450344	3000.0	1231.9336648364967	0.0	0	0.0	2832.348219339983	1	0	1	2.150870163410869
86388.43853218069	3000.0	1443.909687159246	0.0	0	0.0	2832.348219339983	1	0	1	2.150870163410869
87413.4047702406	3000.0	1418.9434490993524	0.0	0	0.0	2832.348219339983	1	0	1	2.150870163410869
88308.57460720814	3000.0	1523.773612131813	0.0	0	0.0	2832.348219339983	1	0	1	2.150870163410869
88973.94270944063	3000.0	1858.405509899321	0.0	0	0.0	2832.348219339983	1	0	1	2.150870163410869
89645.04358977318	3000.0	2187.304629566773	0.0	0	0.0	2832.348219339983	1	0	1	2.150870163410869
90275.80921762681	3000.0	2556.539001713152	0.0	0	0.0	2832.348219339983	1	0	1	2.150870163410869
91200.0	3000.0	2632.348219339957	0.0	0	452.2502128966007	2832.348219339983	1	0	1	2.150870163410869
92200.0	3000.0	2632.3482193399523	0.0	0	315.71150193996436	2832.3482193399686	1	0	1	2.1508701634108713
93293.10080429666	3000.0	2539.247415043314	0.0	0	0.0	2832.3482193399686	1	0	1	2.1508701634108713
94509.97714155063	3000.0	2322.371077789339	0.0	0	0.0	2832.3482193399686	1	0	1	2.1508701634108713
95611.56481994507	3000.0	2220.7833993949016	0.0	0	0.0	2832.348219339983	1	0	1	2.150870163410869
97257.0411356967	3000.0	1575.3070836432742	0.0	0	0.0	2832.3482193399977	1	0	1	2.150870163410867
98377.05416295804	3000.0	1455.2940563819307	0.0	0	0.0	2832.3482193400123	1	0	1	2.1508701634108647
99512.87027324032	3000.0	1319.4779460996567	0.0	0	0.0	2832.3482193400123	1	0	1	2.1508701634108647
100910.60280984122	3000.0	921.7454094987669	0.0	0	0.0	2832.3482193400123	1	0	1	2.1508701634108647
101577.7068688354	2000.0	1254.641350504596	0.0	0	0.0	2832.3482193400123	1	0	1	1.3399399471945352
102403.64110591834	2000.0	1428.707113421661	0.0	0	0.0	2832.3482193399977	1	0	1	1.745405055302702
103585.9888441972	2000.0	1246.3593751428148	0.0	0	0.0	2832.348219339983	1	0	1	1.7454050553027043
105759.98979500539	2000.0	214.90359361772877	142.5451692830858	0	0.0	2974.8933886230807	1	0	1	0.8717072137142003
107089.24937595855	2000.0	270.33109297728146	384.6870803127008	0	0.0	3359.58046893579	1	0	1	-0.6674398342887977
108620.75610964811	2000.0	200.0	461.175640712279	0	0.0	3820.7561096481077	1	0	1	-1.265217353613809
109367.89622599326	1000.0	609.2273270219903	156.36744336714295	0	0.0	3977.123553015248	1	0	1	-0.8847760939633225
109747.56683459268	1000.0	1191.5896575626298	0.0	0	0.0	3939.1564921553363	1	0	2	0.3587520612959284
110096.1570340929	1000.0	1808.1404381123837	0.0	0	0.0	3904.2974722053186	1	0	2	0.5724336724038472
110455.39240043469	1000.0	2412.9815351364114	0.0	0	0.0	3868.3739355711296	1	0	2	0.586517240226789
110871.62989020735	1000.0	2955.1202963864816	0.0	0	0.0	3826.750186593854	1	0	2	0.6015603739186409
111745.47208861758	2000.0	2993.8938781352285	0.0	0	0.0	3739.365966752841	1	0	2	0.6284383594800258
112562.32858402678	2000.0	3095.351733185093	0.0	0	0.0	3657.680317211896	1	0	2	1.3498369872470404
113288.46293015666	2000.0	3296.603952442236	0.0	0	0.0	3585.0668825989123	1	0	2	1.3729523061176179
114200.0	3000.0	3293.9131756145607	0.0	0	20.71806752633711	3493.9131756145653	1	0	2	1.3985050403156016
115208.65389278095	3000.0	3184.3938935555266	0.0	0	0.0	3393.0477863364795	1	0	2	1.8314611523448794
116200.0	3000.0	3093.9131756145557	0.0	0	362.67784989655775	3293.913175614536	1	0	2	1.8529251115208947
117200.0	3000.0	2993.913175614554	0.0	0	110.71776662788761	3193.913175614536	1	0	2	1.8764699743949376
118779.20087946649	3000.0	2414.7122961480627	0.0	0	0.0	3193.913175614536	1	0	1	1.884491024477791
119916.77766257888	3000.0	2277.1355130356724	0.0	0	0.0	3193.913175614536	1	0	1	2.084491024477791
121007.40818568638	3000.0	2186.5049899281694	0.0	0	0.0	3193.9131756145216	1	0	1	2.0844910244777943
123077.8483167682	3000.0	909.0208457381702	0.0	0	0.0	2986.8691625063657	1	0	2	1.7151310709686398
123916.01041057278	2000.0	1070.8587519335842	0.0	0	0.0	2986.8691625063657	1	0	1	1.1142006548548564
125380.2566901408	2000.0	606.61247236555	0.0	0	0.0	2986.869162506351	1	0	1	1.719665762963024
126547.5574135464	2000.0	439.3117489599396	0.0	0	0.0	2986.869162506351	1	0	1	1.719665762963024
127080.551544261	2000.0	906.3176182453296	0.0	0	0.0	2986.869162506351	1	0	1	1.719665762963024
127909.70861341424	2000.0	1077.1605490920767	0.0	0	0.0	2986.869162506351	1	0	1	1.719665762963024
128551.95976855693	2000.0	1370.684278435124	0.0	0	0.0	2922.6440469920926	1	0	2	1.3280432098311818
129585.42573777749	2000.0	1337.2183092145517	0.0	0	0.0	2922.6440469920926	1	0	1	1.5308063835655288
130528.23785312001	2000.0	1394.4061938720274	0.0	0	0.0	2922.6440469920926	1	0	1	1.730806383565529
131988.72596987293	2000.0	933.9180771190631	0.0	0	0.0	2922.6440469920344	1	0	1	1.7308063835655347
133050.84737764412	2000.0	871.7966693478661	0.0	0	0.0	2922.6440469920344	1	0	1	1.7308063835655392
133728.24153979364	2000.0	1194.4025071983617	0.0	0	0.0	2922.644046992049	1	0	1	1.7308063835655363
134347.91295988692	2000.0	1574.7310871050654	0.0	0	0.0	2922.6440469920344	1	0	1	1.7308063835655387
135278.80171488647	2000.0	1643.8423321055188	0.0	0	0.0	2922.6440469920635	1	0	1	1.7308063835655338
136171.68592132718	2000.0	1661.669705020721	0.0	0	0.0	2833.3556263479404	1	0	2	1.3406194945567707
137215.286603718	2000.0	1618.0690226298973	0.0	0	0.0	2833.3556263479113	1	0	1	1.5452487579539997
138531.10546490256	2000.0	1302.2501614453388	0.0	0	0.0	2833.3556263479113	1	0	1	1.745248757954
139403.11435372455	2000.0	1430.2412726233392	0.0	0	0.0	2833.3556263479113	1	0	1	1.745248757954
140066.0585997788	2000.0	1767.2970265690763	0.0	0	0.0	2833.3556263479113	1	0	1	1.745248757954
140954.5275347114	2000.0	1878.828091636477	0.0	0	0.0	2833.3556263479113	1	0	1	1.745248757954
141599.9640076569	2000.0	2233.391618691026	0.0	0	0.0	2833.3556263479404	1	0	1	1.7452487579539955
142200.0	2000.0	2573.352027113623	0.0	0	74.99254174446105	2773.3520271136367	1	0	2	1.3516199176561146
143200.0	2000.0	2573.3520271136144	0.0	0	270.41872322553536	2773.3520271136367	1	0	1	1.554309934465297
144200.0	3000.0	2573.3520271136226	0.0	0	346.93643016400165	2773.3520271136076	1	0	1	1.754309934465302
145200.0	3000.0	2573.352027113643	0.0	0	93.16525027016178	2773.3520271136076	1	0	1	2.1597750425734668
147017.20445890666	3000.0	1574.4271223163455	0.0	0	0.0	2591.6315812229877	1	0	2	1.777671468597416
148389.83968098296	3000.0	1201.7919002400554	0.0	0	0.0	2591.6315812229877	1	0	1	1.984335777164017
149285.8320621249	3000.0	1305.7995190981437	0.0	0	0.0	2591.6315812229877	1	0	1	2.1843357771640175
150489.43391919648	3000.0	1102.1976620265652	0.0	0	0.0	2591.6315812229586	1	0	1	2.184335777164021
151149.23396295274	3000.0	1442.3976182702709	0.0	0	0.0	2591.6315812229586	1	0	1	2.184335777164021
151877.70778055926	3000.0	1713.9238006637574	0.0	0	0.0	2591.6315812229586	1	0	1	2.184335777164021
152627.2290311063	3000.0	1964.4025501166773	0.0	0	0.0	2591.6315812229295	1	0	1	2.1843357771640246
153200.0	3000.0	2391.6315812229814	0.0	0	39.207008546509314	2591.6315812229295	1	0	1	2.1843357771640246
154200.0	3000.0	2391.631581222993	0.0	0	507.1015689880878	2591.6315812229295	1	0	1	2.1843357771640246
155200.0	3000.0	2391.6315812229814	0.0	0	287.19074815069325	2591.6315812229004	1	0	1	2.184335777164028
156200.0	3000.0	2291.631581222985	0.0	0	321.1870707467606	2491.6315812228713	1	0	2	1.7918224022174085
157200.0	3000.0	2191.6315812229946	0.0	0	314.51877207958023	2391.6315812228713	1	0	2	2.003016047015736
158387.81138173665	3000.0	2003.8201994863534	0.0	0	0.0	2391.6315812228713	1	0	1	2.0069508064537205
159493.08941309157	3000.0	1898.5421681314344	0.0	0	0.0	2391.631581222842	1	0	1	2.2069508064537238
160734.89967597512	3000.0	1656.7319052478497	0.0	0	0.0	2391.631581222813	1	0	1	2.206950806453724
161564.00477442346	3000.0	1827.626806799527	0.0	0	0.0	2391.631581222813	1	0	1	2.206950806453727
162965.62613545416	3000.0	1426.0054457688243	0.0	0	0.0	2391.631581222813	1	0	1	2.206950806453727
163773.89717508716	3000.0	1617.7344061358624	0.0	0	0.0	2391.631581222813	1	0	1	2.206950806453727
165006.8124160973	3000.0	1384.8191651257143	0.0	0	0.0	2391.631581222813	1	0	1	2.206950806453727
165819.1028350768	3000.0	1572.5287461461955	0.0	0	0.0	2391.631581222813	1	0	1	2.206950806453727
166505.83353121404	3000.0	1885.7980500089589	0.0	0	0.0	2391.631581222813	1	0	1	2.206950806453727
167372.0447888273	3000.0	2019.5867923956805	0.0	0	0.0	2391.631581222842	1	0	1	2.2069508064537238
168697.76669734216	3000.0	1693.8648838807937	0.0	0	0.0	2391.631581222813	1	0	1	2.206950806453727
170028.78221525575	3000.0	1362.8493659672088	0.0	0	0.0	2391.631581222842	1	0	1	2.206950806453725
171783.16270526702	3000.0	608.4688759559391	0.0	0	0.0	2391.6315812228713	1	0	1	2.2069508064537207
172775.4238984483	2000.0	616.2076827746562	0.0	0	0.0	2391.6315812228713	1	0	1	1.3960205902373914
173829.55293478377	2000.0	562.0786464391877	0.0	0	0.0	2391.6315812228713	1	0	1	1.801485698345556
175842.1717914772	2000.0	200.0	650.5402102542039	0	0.0	3042.171791477187	1	0	1	-2.171368769172106
176571.43132744482	1000.0	592.5836626671878	121.84319863484257	0	0.0	3164.0149901120167	1	0	1	-0.4319843060623148
176938.201417233	1000.0	1189.1365639001692	0.0	0	0.0	3127.337981133198	1	0	2	0.5981631570504151
177335.77500756393	1000.0	1791.5629735692326	0.0	0	0.0	3127.337981133198	1	0	1	0.7997767308249539
177679.53746914928	1000.0	2447.80051198387	0.0	0	0.0	3127.337981133169	1	0	1	0.99977673082496
178200.0	1000.0	2927.337981133152	0.0	0	201.05531412761775	3127.337981133169	1	0	1	0.99977673082496
179200.0	1000.0	2927.337981133163	0.0	0	729.2779317818058	3127.337981133169	1	0	1	0.99977673082496
180200.0	1000.0	2927.3379811331656	0.0	0	693.247416222177	3127.337981133169	1	0	1	0.99977673082496
181200.0	1000.0	2927.337981133193	0.0	0	801.9780364561593	3127.337981133169	1	0	1	0.99977673082496
182287.0721707503	2000.0	2731.5585933078837	0.0	0	116.07798620007816	3018.630764058151	1	0	2	0.6124656180930893
185721.7632440039	3000.0	200.0	224.1832611555257	0	0.0	2921.7632440039015	1	0	2	0.20290817227665603
186680.7772333088	2000.0	507.72288183745735	266.73687114235776	0	0.0	3188.50011514622	1	0	1	-0.5256994498300673
187478.15007630736	2000.0	710.3500388388863	0.0	0	0.0	3188.5001151462493	1	0	1	1.680186885132243
188104.37552891482	2000.0	1084.1245862314418	0.0	0	0.0	3188.5001151462493	1	0	1	1.680186885132243
188865.17818735124	2000.0	1247.2416619513942	0.0	0	0.0	3112.4198493025906	1	0	2	1.291579812641271
189554.53778822304	2000.0	1557.882061079565	0.0	0	0.0	3112.4198493025615	1	0	1	1.4959266910297475
190084.18675782613	2000.0	2028.2330914764973	0.0	0	0.0	3112.4198493025615	1	0	1	1.6959266910297477
191197.40457685484	3000.0	1803.6934905448759	0.0	0	0.0	3001.0980673996673	1	0	2	1.3121952663174965
191821.35635636386	2000.0	2179.741711035894	0.0	0	0.0	3001.0980673996964	1	0	1	1.1116433499856093
192217.2489234518	2000.0	2783.8491439479494	0.0	0	0.0	3001.0980673996964	1	0	1	1.717108458093774
193200.0	3000.0	2702.8229597449495	0.0	0	288.6988201656495	2902.8229597448953	1	0	2	1.3279640527217889
194200.0	3000.0	2702.822959744934	0.0	0	357.6116094152094	2902.8229597448953	1	0	1	1.9395801873493037
195200.0	3000.0	2702.822959744953	0.0	0	346.5361344667035	2902.8229597449244	1	0	1	2.1395801873492992
196200.0	3000.0	2702.822959744955	0.0	0	26.302322377858218	2902.8229597449244	1	0	1	2.1395801873492992
197450.5254128014	3000.0	2452.2975469435974	0.0	0	0.0	2902.8229597449244	1	0	1	2.1395801873492992
199211.25245997435	3000.0	1691.5704997706264	0.0	0	0.0	2902.8229597448953	1	0	1	2.139580187349304
200186.54475098406	3000.0	1716.2782087609419	0.0	0	0.0	2902.8229597448953	1	0	1	2.139580187349304
201195.49483978582	3000.0	1707.3281199591765	0.0	0	0.0	2902.8229597448953	1	0	1	2.139580187349304
201974.01029542697	3000.0	1928.8126643180146	0.0	0	0.0	2902.8229597448953	1	0	1	2.139580187349304
202869.2767372621	3000.0	2033.5462224828702	0.0	0	0.0	2902.8229597448953	1	0	1	2.139580187349304
203951.30372103222	3000.0	1951.5192387127408	0.0	0	0.0	2902.8229597448953	1	0	1	2.139580187349304
204718.3763122865	3000.0	2184.446647458459	0.0	0	0.0	2902.8229597448953	1	0	1	2.139580187349304
205481.41401829847	3000.0	2345.1051708453047	0.0	0	0.0	2826.519189143728	1	0	2	1.7487435822017128
206877.0536338015	3000.0	1949.4655553422376	0.0	0	0.0	2826.51918914367	1	0	1	1.9517716903470226
209123.40662888254	3000.0	703.1125602612242	0.0	0	0.0	2826.519189143699	1	0	1	2.151771690347022
210794.1306907525	3000.0	200.0	167.6115016087336	0	0.0	2994.130690752412	1	0	1	1.1253927423329921
212098.2959353047	2000.0	349.3392899741833	453.5045345263687	0	0.0	3447.635225278791	1	0	1	-1.5085529507028004
212993.77978591155	2000.0	609.7521681977387	155.89672883044256	0	0.0	3603.5319541092613	1	0	1	0.6378604146682629
213823.24600889167	2000.0	697.3393229196466	0.0	0	0.0	3520.5853318113077	1	0	2	1.1911846906084718
214880.8194128811	2000.0	534.0085785312724	0.0	0	0.0	3414.8279914123996	1	0	2	1.4198908994680122
215610.24991478957	2000.0	804.5780766228289	0.0	0	0.0	3414.8279914123996	1	0	1	1.4266151054591987
216419.61024020097	2000.0	995.2177512114321	0.0	0	0.0	3414.8279914123996	1	0	1	1.6266151054591989
217206.4754441755	2000.0	1208.3525472368692	0.0	0	0.0	3414.8279914123996	1	0	1	1.6266151054591989
217932.92479555908	2000.0	1481.903195853287	0.0	0	0.0	3414.8279914124287	1	0	1	1.6266151054591913
218668.24179449584	2000.0	1746.5861969165355	0.0	0	0.0	3414.8279914124287	1	0	1	1.6266151054591913
219621.19222929765	2000.0	1793.635762114742	0.0	0	0.0	3414.8279914124287	1	0	1	1.6266151054591913
220519.1968227264	2000.0	1895.631168685982	0.0	0	0.0	3414.8279914124287	1	0	1	1.6266151054591913
221916.58011929973	3000.0	1358.5095424553272	0.0	0	0.0	3275.0896617551334	1	0	2	1.253312913737402
222509.43274560032	2000.0	1765.6569161547573	0.0	0	0.0	3275.0896617551625	1	0	1	1.0554679370520623
223536.57940029752	2000.0	1738.5102614575826	0.0	0	0.0	3275.0896617551625	1	0	1	1.660933045160227
224439.02813603336	2000.0	1745.816652148153	0.0	0	0.0	3184.8447881815664	1	0	2	1.2759906702319657
225063.31636221393	2000.0	2059.0996033495344	0.0	0	0.0	3122.4159655635303	1	0	2	1.4910586158529264
225734.21000564916	2000.0	2321.1165955707975	0.0	0	0.0	3055.326601220004	1	0	2	1.5036646246273409
226200.0	2000.0	2855.3266012199642	0.0	0	55.393852543929825	3055.326601220004	1	0	1	1.5070550125408442
227852.20043708407	3000.0	2203.1261641359215	0.0	0	0.0	3055.326601220033	1	0	1	1.707055012540839
229928.03508770058	3000.0	1127.2915135194473	0.0	0	0.0	3055.326601220033	1	0	1	2.1125201206490036
230972.5189737885	3000.0	1082.8076274315176	0.0	0	0.0	3055.326601220033	1	0	1	2.1125201206490036
231828.9730830521	3000.0	1226.3535181679156	0.0	0	0.0	3055.326601220033	1	0	1	2.1125201206490036
232891.4264446175	3000.0	1163.9001566024488	0.0	0	0.0	3055.326601220004	1	0	1	2.1125201206490054
234309.340933102	3000.0	745.9856681179122	0.0	0	0.0	3055.326601220004	1	0	1	2.112520120649009
235118.3951053278	3000.0	856.026078669517	0.0	0	0.0	2974.421183997387	1	0	2	1.7237353115370742
236207.55326194357	3000.0	766.8679220537587	0.0	0	0.0	2974.421183997387	1	0	1	1.9273412121166813
237105.22742519283	3000.0	869.1937588044913	0.0	0	0.0	2974.4211839973577	1	0	1	2.1273412121166855
237777.93863700144	3000.0	1196.4825469959321	0.0	0	0.0	2974.4211839973577	1	0	1	2.127341212116687
238395.01073430214	3000.0	1579.4104496952746	0.0	0	0.0	2974.4211839973577	1	0	1	2.127341212116687
238823.93317049844	3000.0	2150.488013498969	0.0	0	0.0	2974.421183997387	1	0	1	2.1273412121166824
239512.6935615965	3000.0	2461.727622400918	0.0	0	0.0	2974.421183997387	1	0	1	2.1273412121166815
240200.0	3000.0	2774.421183997422	0.0	0	110.33071672360529	2974.421183997387	1	0	1	2.1273412121166815
241200.0	3000.0	2774.4211839974464	0.0	0	312.33858237072127	2974.421183997387	1	0	1	2.1273412121166815
242577.662309152	3000.0	2396.75887484547	0.0	0	0.0	2974.421183997416	1	0	1	2.1273412121166766
243344.0710412764	3000.0	2630.3501427210404	0.0	0	0.0	2974.421183997416	1	0	1	2.1273412121166766
244375.60296036047	3000.0	2598.8182236369703	0.0	0	0.0	2974.421183997445	1	0	1	2.1273412121166713
245408.3865111196	3000.0	2462.756317801941	0.0	0	0.0	2871.1428289215837	1	0	2	1.740152307597768
246945.74335758577	3000.0	1925.3994713358138	0.0	0	0.0	2871.142828921642	1	0	1	1.9447456047252059
248634.29834935788	3000.0	1067.9889803865158	0.0	0	0.0	2702.287329744431	1	0	2	1.7624493349386592
250101.264400645	3000.0	601.0229290993977	0.0	0	0.0	2702.2873297444603	1	0	1	1.9698766194453494
251314.85656722766	3000.0	433.33558494786257	45.90482243113047	0	0.0	2748.1921521755867	1	0	1	1.8879987342747824
252518.40994029574	2000.0	314.78285405655816	85.00064217673994	0	0.0	2833.1927943523333	1	0	1	0.8298050696774875
254116.71259864824	2000.0	316.96036597466906	600.4801702706001	0	0.0	3433.672964622965	1	0	1	-1.9764743286013466
255382.84900580288	2000.0	382.7366932086711	331.9127343886322	0	0.0	3765.5856990115426	1	0	1	-0.47127536986146895
257159.57621605688	2000.0	200.0	593.9905170453525	0	0.0	4359.576216056885	1	0	1	-2.272176223205991
257747.16195624287	1000.0	671.0804446153427	106.74978074538592	0	0.0	4418.242400858231	1	0	2	-1.2103467915648862
258426.74197987	1000.0	923.5424186254907	0.0	0	0.0	4350.28439849554	1	0	2	0.3593516745073459
258936.01793290113	1000.0	1363.3388702913107	0.0	0	0.0	4299.356803192495	1	0	2	0.39070283664885624
259302.77014324887	1000.0	1959.9114389087986	0.0	0	0.0	4262.681582157704	1	0	2	0.4106875075245465
259656.9434689916	1000.0	2570.3207805917827	0.0	0	0.0	4227.264249583415	1	0	2	0.4286572274648731
260074.7149467995	1000.0	3110.7721550030838	0.0	0	0.0	4185.4871018026315	1	0	2	0.44814203347087905
260768.53680202458	2000.0	3347.568114255451	0.0	0	0.0	4116.104916280077	1	0	2	0.47804989508972445
261454.05024411395	2000.0	3593.503327957173	0.0	0	0.0	4047.553572071134	1	0	2	1.20193727815227
262207.9147287811	2000.0	3764.252394823307	0.0	0	0.0	3972.1671236043912	1	0	2	1.2336257939206803
263200.0	2000.0	3672.9585964824755	0.0	0	261.4711484978907	3872.9585964825237	1	0	2	1.267690750155796
264327.6540192472	3000.0	3545.304577235316	0.0	0	0.0	3872.958596482553	1	0	1	1.281025723091883
265227.87492054835	3000.0	3555.0615858040956	0.0	0	0.0	3782.9365063524747	1	0	2	1.5105965363293434
266574.1232181678	3000.0	3074.1884584226823	0.0	0	0.0	3648.311676590529	1	0	2	1.7515176058014241
267585.3359662668	3000.0	2961.8544355137856	0.0	0	0.0	3547.190401780652	1	0	2	1.7876082482092173
269087.46651184704	3000.0	2309.5108353754995	0.0	0	0.0	3396.977347222739	1	0	2	1.8263550876831607
270350.6629305221	3000.0	1919.9947748328789	0.0	0	0.0	3270.657705355203	1	0	2	1.8589017010639663
272220.979074981	3000.0	862.6470159280836	0.0	0	0.0	3083.626090909296	1	0	2	1.8989847546986924
273298.16198870214	2000.0	785.4641022069727	0.0	0	0.0	3083.626090909296	1	0	1	1.0961451597728658
274352.5250871622	2000.0	731.1010037469217	0.0	0	0.0	3083.6260909093544	1	0	1	1.7016102678810192
275325.1078413862	2000.0	758.5182495228557	0.0	0	0.0	3083.6260909093544	1	0	1	1.7016102678810192
276291.2235684378	2000.0	792.4025224712736	0.0	0	0.0	3083.6260909093544	1	0	1	1.7016102678810192
276588.3145692272	1000.0	1495.3115216817682	0.0	0	0.0	3083.6260909093544	1	0	1	0.3153159067611288
277027.90505492815	1000.0	2055.7210359809305	0.0	0	0.0	3083.626090909296	1	0	1	1.0084630873210854
277455.06159636925	1000.0	2628.564494539813	0.0	0	0.0	3083.626090909238	1	0	1	1.0084630873210967
278784.14662400563	2000.0	2299.4794669034372	0.0	0	0.0	3083.626090909296	1	0	1	1.0084630873210854
280142.12204071926	2000.0	1941.5040501897506	0.0	0	0.0	3083.626090909238	1	0	1	1.7016102678810419
281483.4538402473	2000.0	1466.0390707088854	0.0	0	0.0	2949.492910956382	1	0	2	1.3204255465532764
282215.86378940206	2000.0	1733.6291215541144	0.0	0	0.0	2949.492910956382	1	0	1	1.5262281333112107
282868.4537237863	2000.0	2081.0391871698575	0.0	0	0.0	2949.49291095644	1	0	1	1.7262281333112008
283700.04742309777	3000.0	2249.4454878583865	0.0	0	0.0	2949.49291095644	1	0	1	1.726228133311201
285066.3807279721	3000.0	1883.1121829840401	0.0	0	0.0	2949.49291095644	1	0	1	2.1316932414193657
286402.49169650977	2000.0	1547.001214446394	0.0	0	0.0	2949.49291095644	1	0	1	1.3207630252030362
287764.7292370508	2000.0	1184.7636739053623	0.0	0	0.0	2949.49291095644	1	0	1	1.7262281333112008
288340.07790665457	2000.0	1609.4150043016305	0.0	0	0.0	2949.49291095644	1	0	1	1.7262281333112008
288809.669027583	1000.0	2092.864771280305	0.0	0	0.0	2902.5337988635292	1	0	2	-0.0540725469504201
289276.8013146649	1000.0	2625.7324841983773	0.0	0	0.0	2902.5337988635292	1	0	1	0.8410157259910384
290200.0	1000.0	2702.5337988633046	0.0	0	594.5109356687171	2902.5337988635292	1	0	1	1.0410157259910386
291200.0	1000.0	2702.5337988633487	0.0	0	732.4376223014551	2902.5337988635292	1	0	1	1.0410157259910386
292200.0	1000.0	2702.5337988632823	0.0	0	625.1021391521208	2902.5337988635292	1	0	1	1.0410157259910386
293200.0	1000.0	2602.5337988633	0.0	0	689.3570299287676	2802.533798863471	1	0	2	0.6506134088493059
294200.0	1000.0	2602.533798863305	0.0	0	603.8775242127595	2802.533798863413	1	0	1	0.8568185547634278
295481.5204316587	2000.0	2321.013367204584	0.0	0	0.0	2802.5337988633546	1	0	1	1.0568185547634368
296388.3539648776	2000.0	2414.179833985686	0.0	0	0.0	2802.5337988633546	1	0	1	1.749965735323382
297979.33261863067	3000.0	1823.2011802326338	0.0	0	0.0	2802.533798863413	1	0	1	1.7499657353233786
299332.07361617667	3000.0	1470.460182686598	0.0	0	0.0	2802.533798863413	1	0	1	2.155430843431538
300053.8512665444	3000.0	1748.6825323188111	0.0	0	0.0	2802.533798863471	1	0	1	2.155430843431529
300957.1109599944	3000.0	1845.4228388688857	0.0	0	0.0	2802.533798863471	1	0	1	2.155430843431529
4.47	4.3	3.74	3.01	2.68	3.15	2.97	2.5	3.05	2.99	2.81	3.68	3.54	1.8	2.26	2.21	2.37	2.34	1.98	1.38	1.11	1.81	2.55	3.64	4.39	5.18	3.35	1.03	1.02	1.1	1.32	2.26	2.95	2.94	2.56	3.01	3.98	4.14	4.05	4.73	3.48	2.14	2.02	1.67	2.44	3.24	4.05	2.99	3.07	2.97	3.44	3.1	1.49	1.59	1.91	2.49	1.83	2.22	2.61	2.34	2.54	2.64	3.36	3.24	1.93	1.95	2.33	2.75	2.51	3.07	3.92	4.14	2.05	1.3	2.03	2.88	3.9	3.46	2.76	3.08	3.24	3.79	4.55	5.43	6.17	4.32	2.66	2.65	3.23	2.41	2.47	2.41	2.35	1.76	2.15	2.7	2.93	2.04	0.78	1.46	1.89	1.37	1.54	1.83	2.58	2.85	3.06	2.99	3.29	3.79	3.66	2.1	2.27	2.81	2.57	1.87	1.49	2.22	1.9	1.75	2.24	3.04	2.64	1.51	1.87	1.81	1.98	2.42	3.09	2.39	1.56	1.68	1.83	2.73	2.87	3.26	3.45	4.29	3.9	2.21	1.89	1.97	2.54	2.61	3.34	4.1	5.0	5.48	3.22	4.15	4.47	4.3	3.74	3.01	2.68	3.15	2.97	2.5	3.05	2.99	2.81	3.68	3.54	1.8	2.26	2.21	2.37	2.34	1.98	1.38	1.11	1.81	2.55	3.64	4.39	5.18	3.35	1.03	1.02	1.1	1.32	2.26	2.95	2.94	2.56	3.01	3.98	4.14	4.05	4.73	3.48	2.14	2.02	1.67	2.44	3.24	4.05	2.99	3.07	2.97	3.44	3.1	1.49	1.59	1.91	2.49	1.83	2.22	2.61	2.34	2.54	2.64	3.36	3.24	1.93	1.95	2.33	2.75	2.51	3.07	3.92	4.14	2.05	1.3	2.03	2.88	3.9	3.46	2.76	3.08	3.24	3.79	4.55	5.43	6.17	4.32	2.66	2.65	3.23	2.41	2.47	2.41	2.35	1.76	2.15	2.7	2.93	2.04	0.78	1.46	1.89	1.37	1.54	1.83	2.58	2.85	3.06	2.99	3.29	3.79	3.66	2.1	2.27	2.81	2.57	1.87	1.49	2.22	1.9	1.75	2.24	3.04	2.64	1.51	1.87	1.81	1.98	2.42	3.09	2.39	1.56	1.68	1.83	2.73	2.87	3.26	3.45	4.29	3.9	2.21	1.89	1.97	2.54	2.61	3.34	4.1	5.0	5.48	3.22	4.15
1.0	2.0	3.0	4.0	5.0	6.0	7.0	8.0	9.0	10.0	11.0	12.0	13.0	14.0	15.0	16.0	17.0	18.0	19.0	20.0	21.0	22.0	23.0	24.0	25.0	26.0	27.0	28.0	29.0	30.0	31.0	32.0	33.0	34.0	35.0	36.0	37.0	38.0	39.0	40.0	41.0	42.0	43.0	44.0	45.0	46.0	47.0	48.0	49.0	50.0	51.0	52.0	53.0	54.0	55.0	56.0	57.0	58.0	59.0	60.0	61.0	62.0	63.0	64.0	65.0	66.0	67.0	68.0	69.0	70.0	71.0	72.0	73.0	74.0	75.0	76.0	77.0	78.0	79.0	80.0	81.0	82.0	83.0	84.0	85.0	86.0	87.0	88.0	89.0	90.0	91.0	92.0	93.0	94.0	95.0	96.0	97.0	98.0	99.0	100.0	101.0	102.0	103.0	104.0	105.0	106.0	107.0	108.0	109.0	110.0	111.0	112.0	113.0	114.0	115.0	116.0	117.0	118.0	119.0	120.0	121.0	122.0	123.0	124.0	125.0	126.0	127.0	128.0	129.0	130.0	131.0	132.0	133.0	134.0	135.0	136.0	137.0	138.0	139.0	140.0	141.0	142.0	143.0	144.0	145.0	146.0	147.0	148.0	149.0	149.0	150.0	151.0	152.0	153.0	154.0	155.0	156.0	157.0	158.0	159.0	160.0	161.0	162.0	163.0	164.0	165.0	166.0	167.0	168.0	169.0	170.0	171.0	172.0	173.0	174.0	175.0	176.0	177.0	178.0	179.0	180.0	181.0	182.0	183.0	184.0	185.0	186.0	187.0	188.0	189.0	190.0	191.0	192.0	193.0	194.0	195.0	196.0	197.0	198.0	199.0	200.0	201.0	202.0	203.0	204.0	205.0	206.0	207.0	208.0	209.0	210.0	211.0	212.0	213.0	214.0	215.0	216.0	217.0	218.0	219.0	220.0	221.0	222.0	223.0	224.0	225.0	226.0	227.0	228.0	229.0	230.0	231.0	232.0	233.0	234.0	235.0	236.0	237.0	238.0	239.0	240.0	241.0	242.0	243.0	244.0	245.0	246.0	247.0	248.0	249.0	250.0	251.0	252.0	253.0	254.0	255.0	256.0	257.0	258.0	259.0	260.0	261.0	262.0	263.0	264.0	265.0	266.0	267.0	268.0	269.0	270.0	271.0	272.0	273.0	274.0	275.0	276.0	277.0	278.0	279.0	280.0	281.0	282.0	283.0	284.0	285.0	286.0	287.0	288.0	289.0	290.0	291.0	292.0	293.0	294.0	295.0	296.0	297.0	298.0	298.0
5663.273431749998
