2606.141641053202	300.0	2000.0	103.12695247049491	0	0.0	2606.141641053202	1	0	1	-0.7363696046643255
3200.0	300.0	2406.141641053202	0.0	0	481.729375359429	2606.141641053202	1	0	1	-0.12006134123340652
4200.0	300.0	2406.1416410532024	0.0	0	855.7449299203336	2606.1416410532024	1	0	1	-0.12006134123340653
5200.0	300.0	2406.141641053202	0.0	0	848.4963420854883	2606.141641053202	1	0	1	-0.12006134123340652
6200.0	500.0	2406.141641053201	0.0	0	852.4307589661157	2606.141641053201	1	0	1	-0.12006134123340634
7200.0	500.0	2406.1416410532006	0.0	0	764.8628481518454	2606.1416410532	1	0	1	0.3907642825325844
8200.0	500.0	2406.141641053201	0.0	0	826.2864480084882	2606.1416410532	1	0	1	0.39076428253258444
9200.0	1000.0	2406.1416410531992	0.0	0	669.954993340878	2606.1416410531983	1	0	1	0.39076428253258455
10200.0	1000.0	2406.141641053199	0.0	0	748.6252932833431	2606.1416410531974	1	0	1	1.0839114630925302
11200.0	3000.0	2406.1416410531992	0.0	0	129.93370817806863	2606.1416410531983	1	0	1	1.0839114630925304
12200.0	3000.0	2406.1416410531974	0.0	0	134.22812185930343	2606.1416410531983	1	0	1	2.18252375176064
13200.0	3000.0	2406.141641053198	0.0	0	380.2428978188527	2606.1416410531983	1	0	1	2.18252375176064
14200.0	3000.0	2406.1416410531997	0.0	0	269.56462920724334	2606.1416410532	1	0	1	2.18252375176064
15200.0	3000.0	2406.1416410531965	0.0	0	51.60385291496641	2606.1416410532	1	0	1	2.18252375176064
16922.555534241586	3000.0	1683.5861068116099	0.0	0	0.0	2606.1416410532	1	0	1	2.18252375176064
18508.57911664942	3000.0	1097.5625244037751	0.0	0	0.0	2606.1416410531965	1	0	1	2.1825237517606406
19554.4535175098	3000.0	1051.6881235433975	0.0	0	0.0	2606.1416410531965	1	0	1	2.18252375176064
20968.124640046688	3000.0	638.0170010065103	0.0	0	0.0	2606.1416410531965	1	0	1	2.18252375176064
22229.412328223472	3000.0	393.4607270839806	16.731414254251604	0	0.0	2622.8730553074456	1	0	1	2.08001509128161
23252.366448261135	3000.0	453.21654980750566	82.70994276118836	0	0.0	2705.582998068632	1	0	1	1.6731630636842347
23772.56765047037	2000.0	933.0153475982709	0.0	0	0.0	2705.582998068632	1	0	1	1.3584925040350353
24435.57224319549	2000.0	1270.010754873149	0.0	0	0.0	2705.582998068632	1	0	1	1.7639576121432
25080.440155129767	2000.0	1625.1428429388693	0.0	0	0.0	2705.582998068632	1	0	1	1.7639576121432
25598.619915530453	2000.0	2106.9630825381846	0.0	0	0.0	2705.582998068632	1	0	1	1.7639576121432
26200.0	2000.0	2505.582998068635	0.0	0	169.07955787907486	2705.5829980686285	1	0	1	1.7639576121432006
27200.0	3000.0	2505.5829980686353	0.0	0	216.24495840058444	2705.5829980686285	1	0	1	1.7639576121432006
28200.0	3000.0	2505.5829980686376	0.0	0	67.43144815860796	2705.5829980686285	1	0	1	2.169422720251365
29231.448819986454	3000.0	2474.134178082186	0.0	0	0.0	2705.582998068625	1	0	1	2.1694227202513656
30933.841800484464	3000.0	1771.741197584178	0.0	0	0.0	2705.5829980686285	1	0	1	2.169422720251365
32316.723813503562	3000.0	1388.8591845650815	0.0	0	0.0	2705.5829980686285	1	0	1	2.169422720251365
33602.295697156645	3000.0	1103.287300911993	0.0	0	0.0	2705.582998068625	1	0	1	2.169422720251366
34618.83935115662	3000.0	1086.7436469120162	0.0	0	0.0	2705.5829980686176	1	0	1	2.1694227202513665
35775.75006570046	3000.0	929.8329323681708	0.0	0	0.0	2705.5829980686103	1	0	1	2.169422720251368
36777.92830301044	2000.0	927.6546950581858	0.0	0	0.0	2705.5829980686103	1	0	1	1.3584925040350384
37444.218399942656	2000.0	1261.3645981259692	0.0	0	0.0	2705.5829980686103	1	0	1	1.763957612143203
38251.3829728642	2000.0	1454.2000252044322	0.0	0	0.0	2705.5829980686176	1	0	1	1.7639576121432021
39530.27096637424	2000.0	1175.3120316943887	0.0	0	0.0	2705.5829980686176	1	0	1	1.7639576121432021
40500.59443289337	2000.0	1204.988565175266	0.0	0	0.0	2705.5829980686103	1	0	1	1.763957612143203
40996.52379498018	2000.0	1709.0592030884568	0.0	0	0.0	2705.5829980686103	1	0	1	1.763957612143203
41539.83745154791	2000.0	2165.7455465207318	0.0	0	0.0	2705.5829980686176	1	0	1	1.7639576121432021
42200.0	2000.0	2505.5829980686385	0.0	0	60.1552103324575	2705.5829980686176	1	0	1	1.7639576121432021
43200.0	2000.0	2505.582998068643	0.0	0	493.5532763943702	2705.5829980686176	1	0	1	1.7639576121432021
44200.0	2000.0	2505.5829980686417	0.0	0	281.02537750637566	2705.5829980686103	1	0	1	1.763957612143203
45514.605339707	2000.0	2190.9776583616435	0.0	0	0.0	2705.5829980686103	1	0	1	1.763957612143203
46613.82395743885	2000.0	2091.759040629793	0.0	0	0.0	2705.5829980686103	1	0	1	1.763957612143203
47486.705720076	2000.0	2218.877277992642	0.0	0	0.0	2705.5829980686103	1	0	1	1.763957612143203
48233.62785549031	2000.0	2471.955142578337	0.0	0	0.0	2705.5829980686176	1	0	1	1.7639576121432021
49200.0	2000.0	2505.582998068652	0.0	0	446.96495080831664	2705.5829980686176	1	0	1	1.7639576121432021
50200.0	2000.0	2505.5829980686476	0.0	0	541.3963890632076	2705.5829980686176	1	0	1	1.7639576121432021
51200.0	2000.0	2505.5829980686453	0.0	0	301.435055049129	2705.5829980686103	1	0	1	1.763957612143203
52200.0	2000.0	2505.5829980686417	0.0	0	397.1620648336757	2705.5829980686103	1	0	1	1.763957612143203
53200.0	2000.0	2505.5829980686385	0.0	0	324.5023446827254	2705.5829980686103	1	0	1	1.763957612143203
54200.0	2000.0	2505.582998068634	0.0	0	259.440773728209	2705.5829980686103	1	0	1	1.763957612143203
55200.0	2000.0	2505.582998068632	0.0	0	532.2771074393604	2705.5829980686103	1	0	1	1.763957612143203
56200.0	3000.0	2505.5829980686285	0.0	0	239.89703320728586	2705.5829980686103	1	0	1	1.7639576121432032
57200.0	3000.0	2505.582998068629	0.0	0	13.549283728236333	2705.5829980686103	1	0	1	2.169422720251368
58200.0	3000.0	2505.5829980686303	0.0	0	13.806536209376645	2705.5829980686103	1	0	1	2.169422720251368
59259.07986670269	3000.0	2446.5031313659424	0.0	0	0.0	2705.5829980686103	1	0	1	2.169422720251368
60314.38880509882	3000.0	2391.1941929698205	0.0	0	0.0	2705.5829980686103	1	0	1	2.169422720251368
61720.78860883756	3000.0	1984.7943892310839	0.0	0	0.0	2705.5829980686103	1	0	1	2.169422720251368
62860.31278711205	3000.0	1845.2702109565785	0.0	0	0.0	2705.5829980686103	1	0	1	2.169422720251368
64030.3689272955	3000.0	1675.2140707731267	0.0	0	0.0	2705.5829980686103	1	0	1	2.169422720251368
65368.28526823739	3000.0	1337.2977298312385	0.0	0	0.0	2705.5829980686176	1	0	1	2.169422720251367
66501.45761470764	3000.0	1204.1253833609985	0.0	0	0.0	2705.582998068625	1	0	1	2.169422720251366
67671.00773644767	2000.0	1034.5752616209513	0.0	0	0.0	2705.5829980686103	1	0	1	1.3584925040350377
68408.3156324453	2000.0	1297.2673656233287	0.0	0	0.0	2705.5829980686103	1	0	1	1.7639576121432035
68971.96796879153	2000.0	1733.615029277102	0.0	0	0.0	2705.5829980686103	1	0	1	1.763957612143203
69697.59069181123	2000.0	2007.992306257405	0.0	0	0.0	2705.5829980686103	1	0	1	1.763957612143203
70200.0	2000.0	2505.5829980686276	0.0	0	60.48810266220244	2705.5829980686103	1	0	1	1.763957612143203
71200.0	2000.0	2505.5829980686262	0.0	0	487.52393905712233	2705.5829980686103	1	0	1	1.763957612143203
72200.0	2000.0	2505.5829980686026	0.0	0	70.07831234144396	2705.5829980686103	1	0	1	1.763957612143203
73307.67010884035	2000.0	2397.912889228245	0.0	0	0.0	2705.5829980686103	1	0	1	1.763957612143203
74565.43340988284	2000.0	2140.1495881857613	0.0	0	0.0	2705.5829980686103	1	0	1	1.763957612143203
75200.0	2000.0	2505.5829980685876	0.0	0	27.271746964703198	2705.5829980686103	1	0	1	1.763957612143203
76200.0	2000.0	2505.5829980685703	0.0	0	116.15041660319548	2705.5829980686103	1	0	1	1.763957612143203
77200.0	2000.0	2505.5829980685853	0.0	0	281.3893864937272	2705.5829980686103	1	0	1	1.763957612143203
78200.0	2000.0	2505.5829980685735	0.0	0	191.5020144241862	2705.5829980686103	1	0	1	1.763957612143203
79200.0	2000.0	2505.5829980685835	0.0	0	152.76515813026344	2705.5829980686103	1	0	1	1.763957612143203
80200.0	2000.0	2505.582998068585	0.0	0	85.76156048744451	2705.5829980686103	1	0	1	1.763957612143203
81200.0	2000.0	2505.582998068571	0.0	0	414.46053988883796	2705.5829980686103	1	0	1	1.763957612143203
82200.0	2000.0	2505.5829980685567	0.0	0	425.2932255027408	2705.5829980686103	1	0	1	1.763957612143203
83200.0	2000.0	2505.5829980685544	0.0	0	608.1243114036042	2705.5829980685958	1	0	1	1.763957612143205
84200.0	2000.0	2505.582998068554	0.0	0	282.3082132584532	2705.5829980685958	1	0	1	1.763957612143205
85200.0	2000.0	2505.5829980685594	0.0	0	168.53027953485434	2705.5829980685958	1	0	1	1.763957612143205
86200.0	3000.0	2505.582998068543	0.0	0	112.27102229902812	2705.5829980685958	1	0	1	1.763957612143205
87200.0	3000.0	2505.5829980685558	0.0	0	104.12226091895718	2705.5829980686103	1	0	1	2.169422720251368
88449.03540927258	3000.0	2256.5475887959806	0.0	0	0.0	2705.5829980686103	1	0	1	2.169422720251368
89321.88459862988	3000.0	2383.6983994386865	0.0	0	0.0	2705.582998068625	1	0	1	2.1694227202513656
90200.0	3000.0	2505.582998068565	0.0	0	320.51281415748235	2705.582998068625	1	0	1	2.1694227202513656
91200.0	3000.0	2505.582998068557	0.0	0	429.6497439125669	2705.582998068625	1	0	1	2.1694227202513656
92200.0	3000.0	2505.5829980685553	0.0	0	263.25540728279157	2705.582998068625	1	0	1	2.1694227202513656
93714.96834883183	3000.0	1990.6146492367159	0.0	0	0.0	2705.5829980686394	1	0	1	2.169422720251364
95165.75318584278	3000.0	1539.8298122257634	0.0	0	0.0	2705.5829980686394	1	0	1	2.169422720251364
96257.91418416938	3000.0	1447.6688138991608	0.0	0	0.0	2705.5829980686394	1	0	1	2.169422720251364
97331.45315353136	3000.0	1374.1298445371692	0.0	0	0.0	2705.5829980686394	1	0	1	2.169422720251364
98433.27648532472	2000.0	1272.3065127438258	0.0	0	0.0	2705.5829980686394	1	0	1	1.3584925040350344
99578.34118034912	2000.0	1127.2418177194334	0.0	0	0.0	2705.582998068654	1	0	1	1.763957612143197
100512.45798574605	2000.0	1193.1250123225173	0.0	0	0.0	2705.582998068654	1	0	1	1.763957612143197
101222.49490096504	2000.0	1483.0880971035137	0.0	0	0.0	2705.5829980686394	1	0	1	1.763957612143199
101792.97952689131	2000.0	1912.603471177238	0.0	0	0.0	2705.5829980686394	1	0	1	1.763957612143199
102514.16577014746	2000.0	2191.417227921081	0.0	0	0.0	2705.5829980686394	1	0	1	1.763957612143199
103411.71967331454	2000.0	2293.863324754	0.0	0	0.0	2705.5829980686394	1	0	1	1.763957612143199
104200.0	2000.0	2505.582998068539	0.0	0	78.73047726873483	2705.5829980686394	1	0	1	1.763957612143199
105200.0	2000.0	2505.582998068537	0.0	0	54.919901257861056	2705.5829980686394	1	0	1	1.763957612143199
106466.12632753873	2000.0	2239.456670529817	0.0	0	0.0	2705.5829980686394	1	0	1	1.763957612143199
107451.60056375715	2000.0	2253.982434311404	0.0	0	0.0	2705.5829980686394	1	0	1	1.763957612143199
108663.54851590423	2000.0	2042.034482164334	0.0	0	0.0	2705.5829980686394	1	0	1	1.763957612143199
109574.9630829947	2000.0	2130.6199150738603	0.0	0	0.0	2705.5829980686394	1	0	1	1.763957612143199
110548.86232097753	2000.0	2156.7206770910316	0.0	0	0.0	2705.5829980686394	1	0	1	1.763957612143199
111344.5212124544	2000.0	2361.0617856141453	0.0	0	0.0	2705.5829980686394	1	0	1	1.763957612143199
112200.0	2000.0	2505.5829980685676	0.0	0	158.8737716604228	2705.5829980686394	1	0	1	1.763957612143199
113200.0	2000.0	2505.5829980685685	0.0	0	498.3451125978754	2705.582998068654	1	0	1	1.763957612143197
114200.0	2000.0	2505.582998068577	0.0	0	475.05497598607326	2705.582998068654	1	0	1	1.763957612143197
115200.0	2000.0	2505.5829980685835	0.0	0	635.5786711612891	2705.5829980686394	1	0	1	1.763957612143199
116200.0	2000.0	2505.5829980685826	0.0	0	483.8833625122061	2705.5829980686394	1	0	1	1.763957612143199
117681.73684407119	3000.0	2023.8461539973966	0.0	0	0.0	2705.5829980686394	1	0	1	1.7639576121431992
118616.2577941739	3000.0	2089.3252038946957	0.0	0	0.0	2705.582998068654	1	0	1	2.1694227202513616
120023.34170542148	3000.0	1682.241292647114	0.0	0	0.0	2705.5829980686685	1	0	1	2.16942272025136
121171.56299760962	3000.0	1534.0200004589674	0.0	0	0.0	2705.5829980686685	1	0	1	2.16942272025136
122019.70175716428	3000.0	1685.8812409043064	0.0	0	0.0	2705.5829980686685	1	0	1	2.16942272025136
122876.69668744787	3000.0	1828.886310620728	0.0	0	0.0	2705.5829980686685	1	0	1	2.16942272025136
123948.91117407464	3000.0	1756.671823993952	0.0	0	0.0	2705.582998068654	1	0	1	2.1694227202513616
124805.52810464967	3000.0	1900.0548934189305	0.0	0	0.0	2705.582998068654	1	0	1	2.1694227202513616
125397.0578442834	2000.0	2308.5251537852046	0.0	0	0.0	2705.5829980686394	1	0	1	1.3584925040350344
126463.56851900481	2000.0	2242.0144790637787	0.0	0	0.0	2705.5829980686394	1	0	1	1.763957612143199
127389.93501123387	2000.0	2315.6479868347274	0.0	0	0.0	2705.582998068654	1	0	1	1.763957612143197
128207.94339578574	2000.0	2497.639602282872	0.0	0	0.0	2705.582998068654	1	0	1	1.763957612143197
129200.0	2000.0	2505.582998068623	0.0	0	247.76620030250342	2705.582998068654	1	0	1	1.763957612143197
130200.0	2000.0	2505.582998068627	0.0	0	434.71582625350857	2705.582998068654	1	0	1	1.763957612143197
131200.0	2000.0	2505.582998068648	0.0	0	245.6271334332414	2705.5829980686685	1	0	1	1.7639576121431966
132271.72358650804	2000.0	2433.8594115606265	0.0	0	0.0	2705.5829980686976	1	0	1	1.7639576121431926
133200.0	2000.0	2505.582998068643	0.0	0	28.38920567126479	2705.5829980686685	1	0	1	1.7639576121431917
134200.0	2000.0	2505.582998068652	0.0	0	57.887083848851034	2705.582998068683	1	0	1	1.7639576121431935
135200.0	2000.0	2505.582998068681	0.0	0	7.001250371453352	2705.582998068683	1	0	1	1.763957612143193
136470.10886341045	2000.0	2235.474134658228	0.0	0	0.0	2705.582998068712	1	0	1	1.7639576121431888
137892.50277736716	2000.0	1813.0802207015033	0.0	0	0.0	2705.582998068712	1	0	1	1.7639576121431888
138997.79002812953	2000.0	1707.7929699391184	0.0	0	0.0	2705.582998068712	1	0	1	1.7639576121431888
139561.92356197603	1000.0	2143.6594360926083	0.0	0	0.0	2705.582998068712	1	0	1	0.3776632510232987
140200.0	1000.0	2505.5829980686403	0.0	0	338.08749977333355	2705.582998068712	1	0	1	1.0708104315832438
141200.0	1000.0	2505.582998068638	0.0	0	588.3395094427397	2705.582998068712	1	0	1	1.0708104315832438
142200.0	2000.0	2505.582998068658	0.0	0	254.5005694637366	2705.582998068712	1	0	1	1.0708104315832436
143200.0	2000.0	2505.582998068659	0.0	0	217.5844414247258	2705.582998068712	1	0	1	1.7639576121431888
144200.0	2000.0	2505.582998068646	0.0	0	371.0832153544761	2705.582998068712	1	0	1	1.7639576121431888
145200.0	2000.0	2505.5829980686285	0.0	0	546.2573388051533	2705.582998068712	1	0	1	1.7639576121431888
146314.41331028682	2000.0	2391.1696877818504	0.0	0	0.0	2705.582998068712	1	0	1	1.7639576121431888
148074.25787551064	2000.0	1631.3251225580368	0.0	0	0.0	2705.582998068712	1	0	1	1.7639576121431888
149224.75653021486	2000.0	1480.8264678537978	0.0	0	0.0	2705.582998068712	1	0	1	1.7639576121431888
149907.299939115	2000.0	1798.2830589536457	0.0	0	0.0	2705.582998068683	1	0	1	1.763957612143193
150972.77549054698	2000.0	1732.8075075216846	0.0	0	0.0	2705.582998068683	1	0	1	1.763957612143193
151665.9633350259	2000.0	2039.6196630427653	0.0	0	0.0	2705.582998068683	1	0	1	1.763957612143193
152397.85278471478	2000.0	2307.730213353915	0.0	0	0.0	2705.582998068683	1	0	1	1.763957612143193
153200.0	2000.0	2505.5829980687117	0.0	0	91.24209010787308	2705.582998068712	1	0	1	1.7639576121431888
154200.0	2000.0	2505.5829980686835	0.0	0	289.06256418977864	2705.5829980687413	1	0	1	1.763957612143185
155200.0	2000.0	2505.5829980686876	0.0	0	382.2691789760138	2705.5829980687704	1	0	1	1.763957612143181
156200.0	2000.0	2505.582998068658	0.0	0	201.32783104132977	2705.5829980687704	1	0	1	1.763957612143181
157200.0	2000.0	2505.5829980686676	0.0	0	274.9797542580345	2705.5829980687704	1	0	1	1.763957612143181
158200.0	2000.0	2505.58299806866	0.0	0	211.82261681216187	2705.5829980687995	1	0	1	1.7639576121431768
159200.0	2000.0	2505.58299806866	0.0	0	362.86826828235644	2705.5829980688286	1	0	1	1.763957612143173
160200.0	3000.0	2505.58299806866	0.0	0	359.3085499830195	2705.5829980688286	1	0	1	1.763957612143173
161200.0	3000.0	2505.582998068651	0.0	0	337.7513706498139	2705.5829980688286	1	0	1	2.1694227202513376
162200.0	3000.0	2505.582998068659	0.0	0	500.34802325451165	2705.5829980688577	1	0	1	2.1694227202513336
163200.0	3000.0	2505.5829980686585	0.0	0	460.79657082562335	2705.582998068887	1	0	1	2.1694227202513297
164200.0	3000.0	2505.5829980686417	0.0	0	330.79778777449974	2705.582998068916	1	0	1	2.1694227202513257
165219.70121747904	3000.0	2485.8817805896247	0.0	0	0.0	2705.582998068916	1	0	1	2.1694227202513257
166738.68968283554	3000.0	1966.8933152331056	0.0	0	0.0	2705.582998068916	1	0	1	2.1694227202513257
168485.88371880385	3000.0	1219.6992792648007	0.0	0	0.0	2705.582998068916	1	0	1	2.1694227202513257
169352.04594757926	3000.0	1353.5370504893897	0.0	0	0.0	2705.582998068916	1	0	1	2.1694227202513257
170675.04549201418	3000.0	1030.5375060544839	0.0	0	0.0	2705.582998068945	1	0	1	2.1694227202513217
171491.559569242	2000.0	1214.0234288266593	0.0	0	0.0	2705.582998068945	1	0	1	1.3584925040349922
172148.37731036538	2000.0	1557.2056877032771	0.0	0	0.0	2705.582998068945	1	0	1	1.7639576121431568
173041.9722581975	2000.0	1663.610739871167	0.0	0	0.0	2705.582998068916	1	0	1	1.7639576121431608
173580.12232120262	2000.0	2125.4606768660215	0.0	0	0.0	2705.582998068916	1	0	1	1.7639576121431608
174200.0	2000.0	2505.5829980686685	0.0	0	60.98122211088776	2705.582998068916	1	0	1	1.7639576121431608
175200.0	2000.0	2505.582998068702	0.0	0	438.24008240533294	2705.582998068916	1	0	1	1.7639576121431608
176200.0	2000.0	2505.5829980687186	0.0	0	513.2332596427877	2705.582998068945	1	0	1	1.7639576121431568
177200.0	3000.0	2505.5829980687017	0.0	0	17.807263590482762	2705.582998068945	1	0	1	1.763957612143157
178452.29785456843	3000.0	2253.2851435002985	0.0	0	0.0	2705.582998068945	1	0	1	2.1694227202513217
179655.51330837476	3000.0	2050.069689693959	0.0	0	0.0	2705.582998068945	1	0	1	2.169422720251319
180994.06066264302	3000.0	1711.522335425711	0.0	0	0.0	2705.582998068945	1	0	1	2.1694227202513217
182022.87825066823	3000.0	1682.7047474004746	0.0	0	0.0	2705.582998068974	1	0	1	2.1694227202513177
183101.05739049526	3000.0	1604.5256075734271	0.0	0	0.0	2705.582998068945	1	0	1	2.1694227202513217
183954.32796369772	2000.0	1751.2550343709336	0.0	0	0.0	2705.582998068916	1	0	1	1.3584925040349962
184883.84633103618	2000.0	1821.736667032458	0.0	0	0.0	2705.582998068916	1	0	1	1.7639576121431608
185539.23133243583	2000.0	2166.351665632783	0.0	0	0.0	2705.582998068887	1	0	1	1.7639576121431633
186207.89131253323	2000.0	2497.6916855353775	0.0	0	0.0	2705.582998068887	1	0	1	1.763957612143165
187200.0	2000.0	2505.582998068622	0.0	0	214.74063833529362	2705.582998068887	1	0	1	1.763957612143165
188296.593276913	2000.0	2408.989721155631	0.0	0	0.0	2705.582998068916	1	0	1	1.7639576121431608
189313.94616024135	2000.0	2391.6368378272796	0.0	0	0.0	2705.582998068916	1	0	1	1.7639576121431608
190200.0	2000.0	2505.582998068661	0.0	0	163.297207338328	2705.582998068916	1	0	1	1.7639576121431608
191200.0	2000.0	2505.5829980686954	0.0	0	467.67733365949243	2705.582998068916	1	0	1	1.7639576121431608
192200.0	2000.0	2505.58299806868	0.0	0	411.3114394924778	2705.582998068916	1	0	1	1.7639576121431608
193200.0	2000.0	2505.582998068717	0.0	0	70.91441834435682	2705.582998068916	1	0	1	1.7639576121431608
194374.42842758322	2000.0	2331.1545704855007	0.0	0	0.0	2705.582998068887	1	0	1	1.763957612143165
195431.3572162691	2000.0	2274.2257817996106	0.0	0	0.0	2705.582998068887	1	0	1	1.763957612143165
196321.12557537208	2000.0	2384.457422696632	0.0	0	0.0	2705.582998068916	1	0	1	1.7639576121431608
197200.0	2000.0	2505.582998068681	0.0	0	380.0786120915727	2705.582998068916	1	0	1	1.7639576121431608
198200.0	2000.0	2505.582998068659	0.0	0	458.74272125941934	2705.582998068916	1	0	1	1.7639576121431608
199200.0	2000.0	2505.582998068662	0.0	0	553.7777842551004	2705.582998068945	1	0	1	1.7639576121431568
200200.0	2000.0	2505.5829980686726	0.0	0	355.56916725085466	2705.582998068916	1	0	1	1.7639576121431608
201200.0	2000.0	2505.582998068692	0.0	0	484.7403597670782	2705.582998068916	1	0	1	1.7639576121431608
202200.0	2000.0	2505.582998068687	0.0	0	232.58979911298957	2705.582998068945	1	0	1	1.7639576121431568
203200.0	2000.0	2505.5829980686913	0.0	0	474.65116581731127	2705.582998068974	1	0	1	1.7639576121431526
204200.0	2000.0	2505.5829980686926	0.0	0	330.5555748436018	2705.582998068974	1	0	1	1.7639576121431526
205200.0	3000.0	2505.582998068683	0.0	0	499.5371102710196	2705.582998068945	1	0	1	1.763957612143157
206200.0	3000.0	2505.5829980686376	0.0	0	138.7623364685278	2705.582998068945	1	0	1	2.1694227202513217
207285.28802291444	3000.0	2420.2949751542105	0.0	0	0.0	2705.582998068945	1	0	1	2.1694227202513217
208226.11752608095	3000.0	2479.465471987651	0.0	0	0.0	2705.582998068916	1	0	1	2.1694227202513257
209200.0	3000.0	2505.5829980685967	0.0	0	139.17146849175333	2705.582998068916	1	0	1	2.1694227202513257
210359.7391164456	3000.0	2345.843881622974	0.0	0	0.0	2705.582998068916	1	0	1	2.1694227202513257
211619.6724432809	3000.0	2085.9105547877025	0.0	0	0.0	2705.582998068916	1	0	1	2.1694227202513257
212683.3421173953	3000.0	2022.2408806732658	0.0	0	0.0	2705.582998068887	1	0	1	2.169422720251327
213629.99566225384	3000.0	2075.587335814732	0.0	0	0.0	2705.582998068887	1	0	1	2.1694227202513297
215285.53133463737	3000.0	1420.0516634312096	0.0	0	0.0	2705.582998068887	1	0	1	2.1694227202513297
216378.59892806583	2000.0	1326.9840700027517	0.0	0	0.0	2705.582998068887	1	0	1	1.3584925040350004
217108.92633694588	2000.0	1596.6566611226885	0.0	0	0.0	2705.582998068887	1	0	1	1.763957612143165
217962.1124104948	2000.0	1743.470587573742	0.0	0	0.0	2705.5829980688577	1	0	1	1.7639576121431688
218439.45416619926	2000.0	2266.1288318692855	0.0	0	0.0	2705.5829980688577	1	0	1	1.7639576121431688
219200.0	2000.0	2505.582998068515	0.0	0	162.0413239164045	2705.5829980688577	1	0	1	1.7639576121431688
220200.0	2000.0	2505.5829980685207	0.0	0	540.7905223965354	2705.5829980688577	1	0	1	1.7639576121431688
221200.0	2000.0	2505.5829980685476	0.0	0	53.54840491869254	2705.5829980688577	1	0	1	1.7639576121431688
222200.0	2000.0	2505.5829980685567	0.0	0	252.7411837131949	2705.582998068887	1	0	1	1.763957612143165
223200.0	2000.0	2505.582998068565	0.0	0	140.42396315201768	2705.582998068887	1	0	1	1.763957612143165
224200.0	2000.0	2505.5829980685976	0.0	0	110.9716128782602	2705.582998068887	1	0	1	1.763957612143165
225200.0	2000.0	2505.582998068618	0.0	0	299.6521492311731	2705.582998068916	1	0	1	1.7639576121431608
226200.0	2000.0	2505.582998068613	0.0	0	176.28942497179378	2705.582998068945	1	0	1	1.7639576121431568
227200.0	2000.0	2505.5829980685867	0.0	0	301.8815591755556	2705.582998068945	1	0	1	1.7639576121431568
228200.0	2000.0	2505.5829980685976	0.0	0	382.95866367130657	2705.582998068945	1	0	1	1.7639576121431568
229200.0	2000.0	2505.582998068607	0.0	0	41.674701324052876	2705.582998068945	1	0	1	1.7639576121431568
230200.0	2000.0	2505.5829980685994	0.0	0	518.0941265645961	2705.582998068945	1	0	1	1.7639576121431568
231200.0	2000.0	2505.582998068593	0.0	0	519.8787372979277	2705.582998068945	1	0	1	1.7639576121431568
232200.0	2000.0	2505.582998068558	0.0	0	443.51546397517086	2705.582998068916	1	0	1	1.7639576121431608
233200.0	2000.0	2505.582998068551	0.0	0	348.3038592597877	2705.582998068916	1	0	1	1.7639576121431608
234200.0	2000.0	2505.582998068517	0.0	0	60.05221877415897	2705.582998068887	1	0	1	1.763957612143165
235200.0	3000.0	2505.58299806848	0.0	0	60.894974928261945	2705.582998068887	1	0	1	1.763957612143165
236200.0	3000.0	2505.5829980684725	0.0	0	216.35912507746252	2705.582998068887	1	0	1	2.1694227202513297
237349.00264527838	3000.0	2356.5803527900634	0.0	0	0.0	2705.5829980688577	1	0	1	2.1694227202513336
238500.00305821953	3000.0	2205.5799398489157	0.0	0	0.0	2705.582998068887	1	0	1	2.1694227202513297
239200.0	3000.0	2505.582998068466	0.0	0	88.94321342278272	2705.582998068887	1	0	1	2.1694227202513297
240200.0	3000.0	2505.5829980684894	0.0	0	474.491552829335	2705.582998068916	1	0	1	2.1694227202513257
241529.35178342284	3000.0	2176.231214645622	0.0	0	0.0	2705.582998068974	1	0	1	2.1694227202513208
242885.9345508097	3000.0	1819.6484472587247	0.0	0	0.0	2705.582998068945	1	0	1	2.1694227202513217
244282.2007818879	3000.0	1423.3822161805417	0.0	0	0.0	2705.582998068945	1	0	1	2.1694227202513217
245293.20221871522	3000.0	1412.3807793532285	0.0	0	0.0	2705.582998068916	1	0	1	2.1694227202513257
247067.78306802563	3000.0	637.7999300427996	0.0	0	0.0	2705.582998068916	1	0	1	2.1694227202513257
248054.0848548871	2000.0	651.4981431813378	0.0	0	0.0	2705.582998068916	1	0	1	1.3584925040349962
249043.11039091006	2000.0	662.4726071583925	0.0	0	0.0	2705.582998068945	1	0	1	1.7639576121431568
249706.99769003762	2000.0	998.585308030824	0.0	0	0.0	2705.582998068945	1	0	1	1.7639576121431568
250449.03297531174	2000.0	1256.5500227566868	0.0	0	0.0	2705.582998068916	1	0	1	1.7639576121431608
251217.5370231833	2000.0	1488.0459748851442	0.0	0	0.0	2705.582998068916	1	0	1	1.7639576121431608
252153.15593171743	2000.0	1552.4270663510188	0.0	0	0.0	2705.582998068945	1	0	1	1.7639576121431568
253297.21220768	2000.0	1408.3707903884508	0.0	0	0.0	2705.582998068916	1	0	1	1.7639576121431608
254279.1941683124	2000.0	1426.388829756068	0.0	0	0.0	2705.582998068916	1	0	1	1.7639576121431608
255461.8564379116	2000.0	1243.7265601568492	0.0	0	0.0	2705.582998068887	1	0	1	1.763957612143165
256231.78375198	2000.0	1473.7992460884211	0.0	0	0.0	2705.582998068887	1	0	1	1.763957612143165
257287.8972520639	2000.0	1417.6857460045378	0.0	0	0.0	2705.5829980688577	1	0	1	1.7639576121431688
258433.06609738866	2000.0	1272.5169006797419	0.0	0	0.0	2705.5829980688286	1	0	1	1.763957612143173
259150.36748090378	2000.0	1555.2155171646007	0.0	0	0.0	2705.5829980688286	1	0	1	1.763957612143173
259980.1708309916	2000.0	1725.4121670767563	0.0	0	0.0	2705.5829980688286	1	0	1	1.763957612143173
260536.67382779604	2000.0	2168.9091702723745	0.0	0	0.0	2705.5829980688286	1	0	1	1.763957612143173
261200.0	2000.0	2505.5829980684384	0.0	0	124.02438395394711	2705.5829980688286	1	0	1	1.763957612143173
262200.0	2000.0	2505.5829980684102	0.0	0	420.6228140912426	2705.5829980688577	1	0	1	1.7639576121431688
263200.0	2000.0	2505.5829980683884	0.0	0	590.8994163335883	2705.5829980688286	1	0	1	1.763957612143169
264200.0	2000.0	2505.5829980683943	0.0	0	613.4026769099873	2705.5829980688286	1	0	1	1.7639576121431715
265200.0	2000.0	2505.5829980684507	0.0	0	590.0339379707584	2705.582998068887	1	0	1	1.7639576121431673
266698.79075924546	3000.0	2006.7922388230259	0.0	0	0.0	2705.582998068887	1	0	1	1.763957612143165
267691.5654996606	3000.0	2014.01749840789	0.0	0	0.0	2705.582998068945	1	0	1	2.1694227202513248
268861.9081656996	3000.0	1843.6748323688134	0.0	0	0.0	2705.582998068945	1	0	1	2.1694227202513248
269832.72114468954	3000.0	1872.8618533788945	0.0	0	0.0	2705.582998068945	1	0	1	2.1694227202513217
271199.3291328643	3000.0	1506.2538652041494	0.0	0	0.0	2705.582998069003	1	0	1	2.1694227202513137
271989.33147250704	3000.0	1716.2515255614287	0.0	0	0.0	2705.582998068945	1	0	1	2.1694227202513217
273302.6863547027	3000.0	1402.8966433657142	0.0	0	0.0	2705.582998068887	1	0	1	2.1694227202513297
274652.8559702952	3000.0	1052.7270277731777	0.0	0	0.0	2705.5829980688286	1	0	1	2.1694227202513376
275328.51360352413	2000.0	1377.0693945442026	0.0	0	0.0	2705.5829980688286	1	0	1	1.3584925040350084
275931.4188512124	2000.0	1774.1641468558996	0.0	0	0.0	2705.582998068887	1	0	1	1.763957612143165
276688.3187585548	2000.0	2017.2642395134517	0.0	0	0.0	2705.582998068887	1	0	1	1.763957612143165
277370.1072632883	2000.0	2335.4757347799987	0.0	0	0.0	2705.582998068887	1	0	1	1.763957612143165
278213.4231619028	2000.0	2492.159836165492	0.0	0	0.0	2705.582998068945	1	0	1	1.7639576121431568
279200.0	2000.0	2505.582998068306	0.0	0	388.89100774464896	2705.582998068945	1	0	1	1.7639576121431568
280200.0	2000.0	2505.58299806833	0.0	0	235.93414750497323	2705.582998068887	1	0	1	1.763957612143165
281200.0	2000.0	2505.5829980683047	0.0	0	117.21762952930294	2705.5829980688286	1	0	1	1.763957612143173
282476.790742392	2000.0	2228.7922556762587	0.0	0	0.0	2705.582998068887	1	0	1	1.763957612143165
283511.5289407701	2000.0	2194.0540572982045	0.0	0	0.0	2705.582998068887	1	0	1	1.763957612143165
285172.0541215235	2000.0	1533.528876544803	0.0	0	0.0	2705.582998069003	1	0	1	1.7639576121431504
286634.85139250616	2000.0	1070.7316055621247	0.0	0	0.0	2705.582998069003	1	0	1	1.7639576121431488
288031.8384323855	2000.0	673.7445656827725	0.0	0	0.0	2705.582998069003	1	0	1	1.7639576121431488
288950.00901168893	2000.0	755.5739863793693	0.0	0	0.0	2705.582998068945	1	0	1	1.7639576121431568
289730.7706308843	2000.0	974.8123671840557	0.0	0	0.0	2705.582998069003	1	0	1	1.7639576121431488
290275.1535327506	2000.0	1430.4294653177133	0.0	0	0.0	2705.582998069003	1	0	1	1.7639576121431488
290843.09503749193	2000.0	1862.4879605763545	0.0	0	0.0	2705.582998069003	1	0	1	1.7639576121431488
291660.00092086877	2000.0	2045.5820771995539	0.0	0	0.0	2705.582998069003	1	0	1	1.7639576121431488
292230.3975752417	2000.0	2475.185422826646	0.0	0	0.0	2705.582998069003	1	0	1	1.7639576121431488
293200.0	2000.0	2505.5829980682875	0.0	0	272.78683248197194	2705.5829980690614	1	0	1	1.7639576121431408
294200.0	2000.0	2505.5829980682793	0.0	0	478.75241420819657	2705.5829980690614	1	0	1	1.7639576121431408
295249.2234872815	2000.0	2456.3595107867627	0.0	0	0.0	2705.5829980690614	1	0	1	1.7639576121431408
296949.1085105989	2000.0	1756.4744874693074	0.0	0	0.0	2705.582998069003	1	0	1	1.7639576121431455
297880.95021909813	2000.0	1824.6327789699978	0.0	0	0.0	2705.582998069003	1	0	1	1.7639576121431488
298635.97800788895	2000.0	2069.6049901791985	0.0	0	0.0	2705.5829980690614	1	0	1	1.7639576121431442
299327.39647870907	2000.0	2378.1865193591066	0.0	0	0.0	2705.5829980690614	1	0	1	1.7639576121431408
300344.3958565705	2000.0	2361.1871414976927	0.0	0	0.0	2705.5829980691196	1	0	1	1.7639576121431326
3.72	2.66	3.24	3.48	3.01	3.05	3.54	4.31	4.34	4.52	5.05	4.73	3.23	2.17	2.02	2.26	2.28	2.7	2.99	3.07	2.98	3.05	4.15	4.74	4.29	4.05	3.35	1.8	2.24	2.17	2.8	2.34	2.49	2.4	3.23	3.19	1.89	2.35	3.28	4.19	4.38	2.58	1.27	2.07	2.91	3.72	4.1	3.3	4.07	3.27	2.49	3.27	3.98	4.95	3.58	3.32	3.45	2.47	2.78	3.0	3.34	2.9	2.63	2.02	2.21	2.71	3.32	3.54	3.56	2.72	2.41	2.05	2.9	2.96	2.7	2.7	2.88	2.78	3.61	4.41	4.58	2.81	3.03	3.49	3.06	2.84	3.53	4.45	5.03	2.78	2.36	2.75	2.66	2.61	2.44	1.77	2.24	2.8	3.79	3.01	1.9	2.31	2.0	2.06	2.11	2.21	2.12	2.61	2.92	3.9	4.78	5.46	5.42	3.82	2.36	2.59	2.95	2.13	2.47	3.23	3.29	2.39	2.98	2.54	3.08	2.87	2.72	3.36	2.39	1.85	2.03	2.18	1.58	1.52	1.8	1.85	2.09	2.97	3.53	2.7	2.75	3.65	4.22	1.95	1.39	1.66	2.62	2.61	2.5	4.45	3.72	2.66	3.24	3.48	3.01	3.05	3.54	4.31	4.34	4.52	5.05	4.73	3.23	2.17	2.02	2.26	2.28	2.7	2.99	3.07	2.98	3.05	4.15	4.74	4.29	4.05	3.35	1.8	2.24	2.17	2.8	2.34	2.49	2.4	3.23	3.19	1.89	2.35	3.28	4.19	4.38	2.58	1.27	2.07	2.91	3.72	4.1	3.3	4.07	3.27	2.49	3.27	3.98	4.95	3.58	3.32	3.45	2.47	2.78	3.0	3.34	2.9	2.63	2.02	2.21	2.71	3.32	3.54	3.56	2.72	2.41	2.05	2.9	2.96	2.7	2.7	2.88	2.78	3.61	4.41	4.58	2.81	3.03	3.49	3.06	2.84	3.53	4.45	5.03	2.78	2.36	2.75	2.66	2.61	2.44	1.77	2.24	2.8	3.79	3.01	1.9	2.31	2.0	2.06	2.11	2.21	2.12	2.61	2.92	3.9	4.78	5.46	5.42	3.82	2.36	2.59	2.95	2.13	2.47	3.23	3.29	2.39	2.98	2.54	3.08	2.87	2.72	3.36	2.39	1.85	2.03	2.18	1.58	1.52	1.8	1.85	2.09	2.97	3.53	2.7	2.75	3.65	4.22	1.95	1.39	1.66	2.62	2.61	2.5	4.45	3.72	2.66	3.24
1.0	2.0	3.0	4.0	5.0	6.0	7.0	8.0	9.0	10.0	11.0	12.0	13.0	14.0	15.0	16.0	17.0	18.0	19.0	20.0	21.0	22.0	23.0	24.0	25.0	26.0	27.0	28.0	29.0	30.0	31.0	32.0	33.0	34.0	35.0	36.0	37.0	38.0	39.0	40.0	41.0	42.0	43.0	44.0	45.0	46.0	47.0	48.0	49.0	50.0	51.0	52.0	53.0	54.0	55.0	56.0	57.0	58.0	59.0	60.0	61.0	62.0	63.0	64.0	65.0	66.0	67.0	68.0	69.0	70.0	71.0	72.0	73.0	74.0	75.0	76.0	77.0	78.0	79.0	80.0	81.0	82.0	83.0	84.0	85.0	86.0	87.0	88.0	89.0	90.0	91.0	92.0	93.0	94.0	95.0	96.0	97.0	98.0	99.0	100.0	101.0	102.0	103.0	104.0	105.0	106.0	107.0	108.0	109.0	110.0	111.0	112.0	113.0	114.0	115.0	116.0	117.0	118.0	119.0	120.0	121.0	122.0	123.0	124.0	125.0	126.0	127.0	128.0	129.0	130.0	131.0	132.0	133.0	134.0	135.0	136.0	137.0	138.0	139.0	140.0	141.0	142.0	143.0	144.0	145.0	146.0	147.0	148.0	149.0	149.0	150.0	151.0	152.0	153.0	154.0	155.0	156.0	157.0	158.0	159.0	160.0	161.0	162.0	163.0	164.0	165.0	166.0	167.0	168.0	169.0	170.0	171.0	172.0	173.0	174.0	175.0	176.0	177.0	178.0	179.0	180.0	181.0	182.0	183.0	184.0	185.0	186.0	187.0	188.0	189.0	190.0	191.0	192.0	193.0	194.0	195.0	196.0	197.0	198.0	199.0	200.0	201.0	202.0	203.0	204.0	205.0	206.0	207.0	208.0	209.0	210.0	211.0	212.0	213.0	214.0	215.0	216.0	217.0	218.0	219.0	220.0	221.0	222.0	223.0	224.0	225.0	226.0	227.0	228.0	229.0	230.0	231.0	232.0	233.0	234.0	235.0	236.0	237.0	238.0	239.0	240.0	241.0	242.0	243.0	244.0	245.0	246.0	247.0	248.0	249.0	250.0	251.0	252.0	253.0	254.0	255.0	256.0	257.0	258.0	259.0	260.0	261.0	262.0	263.0	264.0	265.0	266.0	267.0	268.0	269.0	270.0	271.0	272.0	273.0	274.0	275.0	276.0	277.0	278.0	279.0	280.0	281.0	282.0	283.0	284.0	285.0	286.0	287.0	288.0	289.0	290.0	291.0	292.0	293.0	294.0	295.0	296.0	297.0	298.0	298.0	299.0	300.0	301.0
2406.8823110741296
