5545.655501648997	300.0	2000.0	185.9344312120611	0	0.0	5545.655501648997	1	0	1	-2.6179592091526445
5726.263056791843	300.0	2801.331689342871	0.0	0	0.0	5527.594746134713	1	0	2	-1.9297847949376745
5970.662756239985	500.0	3532.4920199499147	0.0	0	0.0	5503.154776189899	1	0	2	-1.7083997593887963
6260.314986940642	500.0	4213.874566179193	0.0	0	0.0	5474.189553119833	1	0	2	-1.1719096803734637
6647.931417266079	500.0	4787.496492821211	0.0	0	0.0	5435.427910087288	1	0	2	-1.1380169819739243
7200.0	500.0	5180.221051813898	0.0	0	292.6888721546229	5380.221051813895	1	0	2	-1.1033939652571498
8200.0	500.0	5080.221051813897	0.0	0	726.5449303972773	5280.221051813895	1	0	2	-1.0246433413163167
9200.0	1000.0	4980.221051813899	0.0	0	432.9108317270202	5180.221051813897	1	0	2	-0.9356074665906933
10200.0	1000.0	4880.2210518139	0.0	0	472.036914473676	5080.221051813898	1	0	2	-0.1581842897805045
11200.0	2000.0	4780.221051813901	0.0	0	242.03796571576822	4980.221051813899	1	0	2	-0.07450103197553146
12200.0	2000.0	4680.2210518139	0.0	0	32.88720642856788	4880.221051813898	1	0	2	0.7013427614791237
13200.0	2000.0	4580.221051813902	0.0	0	231.81650366536996	4780.2210518139	1	0	2	0.7702419644834017
14200.0	2000.0	4480.221051813902	0.0	0	291.0069699811829	4680.221051813904	1	0	2	0.8395535064548466
15200.0	2000.0	4380.221051813904	0.0	0	48.547956143840565	4580.221051813904	1	0	2	0.9089288340521862
16200.0	2000.0	4280.221051813904	0.0	0	224.6865777657331	4480.221051813905	1	0	2	0.9680374963991702
17200.0	2000.0	4180.2210518139	0.0	0	122.66719732585261	4380.221051813902	1	0	2	1.0280454872690208
18335.250023508474	2000.0	3931.4460259545767	0.0	0	0.0	4266.696049463055	1	0	2	1.0924145159876046
19345.295098408733	2000.0	3820.396443564294	0.0	0	0.0	4165.691541973032	1	0	2	1.1436045197705882
20395.195295237227	2000.0	3665.506227052949	0.0	0	0.0	4060.701522290181	1	0	2	1.1903839016725162
22152.492642252884	2000.0	2732.479145335726	0.0	0	0.0	3884.9717875886163	1	0	2	1.2576118941059744
23679.714655623113	2000.0	2052.534930628476	0.0	0	0.0	3732.249586251597	1	0	2	1.3159433638502722
25113.541096232675	2000.0	1475.3258459579556	0.0	0	0.0	3588.866942190638	1	0	2	1.365572151989799
25924.37464866413	1000.0	1583.4089382833554	0.0	0	0.0	3507.7835869474948	1	0	2	0.009071666596851297
26709.758870624104	1000.0	1719.486294127378	0.0	0	0.0	3429.24516475149	1	0	2	0.7242062369530031
27270.272668364105	1000.0	2102.9211166133787	0.0	0	0.0	3373.193784977495	1	0	2	0.7411009717798378
27837.726905747044	1000.0	2478.721455492145	0.0	0	0.0	3316.448361239203	1	0	2	0.7543040607815454
28245.40121615207	1000.0	3030.279714046615	0.0	0	0.0	3275.6809301987014	1	0	2	0.7651945824081634
29200.0	1000.0	2980.221051813891	0.0	0	445.02625877110404	3180.2210518139036	1	0	2	0.7805767741895955
30200.0	1000.0	2880.221051813891	0.0	0	489.3873680709912	3080.2210518139036	1	0	2	0.8013363903919658
31200.0	1000.0	2780.221051813888	0.0	0	583.701148352975	2980.2210518138963	1	0	2	0.8204578314314457
32200.0	1000.0	2680.221051813889	0.0	0	576.8174067927248	2880.2210518138963	1	0	2	0.8380055645251119
33200.0	1000.0	2580.2210518138895	0.0	0	622.881309170265	2780.2210518139	1	0	2	0.8540716181509246
34200.0	1000.0	2480.2210518138854	0.0	0	483.7670263455948	2680.2210518139	1	0	2	0.8688818944451587
35200.0	1000.0	2380.2210518138895	0.0	0	490.8524494532394	2580.2210518139036	1	0	2	0.8822520151153281
36277.61390834615	2000.0	2194.845752633132	0.0	0	0.0	2472.4596609793007	1	0	2	0.8967295346548005
37200.0	1000.0	2180.2210518139013	0.0	0	406.7166454800026	2380.221051813918	1	0	2	0.2124516443836723
38200.0	1000.0	2080.2210518138972	0.0	0	399.9043909209431	2280.2210518138963	1	0	2	0.9156111281795716
39200.0	1000.0	1980.2210518138922	0.0	0	374.0100190409212	2180.221051813889	1	0	2	0.924728420942337
40200.0	1000.0	1880.2210518138922	0.0	0	493.59443410234235	2080.221051813889	1	0	2	0.9329602128786656
41200.0	1000.0	1780.2210518138932	0.0	0	93.6195803494411	1980.2210518138963	1	0	2	0.9412043316426557
42754.45139317894	1000.0	1070.324519317055	0.0	0	0.0	1824.7759124959994	1	0	2	0.9512735746050759
43586.22347455402	1000.0	1238.5524379419799	0.0	0	0.0	1824.7759124959994	1	0	1	0.9533071638775491
44259.57394183467	1000.0	1565.2019706613244	0.0	0	0.0	1824.7759124959994	1	0	1	1.1533071638775492
45200.0	1000.0	1624.7759124959982	0.0	0	376.9062527201604	1824.7759124959994	1	0	1	1.1533071638775492
46200.0	1000.0	1624.7759124959957	0.0	0	625.6058032851433	1824.7759124959994	1	0	1	1.1533071638775492
47200.0	1000.0	1624.7759124959946	0.0	0	740.5450476229889	1824.7759124959994	1	0	1	1.1533071638775492
48200.0	1000.0	1624.7759124959925	0.0	0	664.8897347883903	1824.7759124959994	1	0	1	1.1533071638775492
49200.0	1000.0	1624.7759124959891	0.0	0	655.7434405941531	1824.7759124959994	1	0	1	1.1533071638775492
50200.0	1000.0	1624.7759124959919	0.0	0	618.2121706863618	1824.7759124959994	1	0	1	1.1533071638775492
51200.0	1000.0	1624.7759124959853	0.0	0	706.4445837184103	1824.7759124959994	1	0	1	1.1533071638775492
52200.0	2000.0	1624.7759124959905	0.0	0	112.75246862410131	1824.7759124959994	1	0	1	1.1533071638775494
53408.21673464035	2000.0	1416.5591778556322	0.0	0	0.0	1824.7759124959994	1	0	1	1.8464543444374946
55104.35751250651	2000.0	720.4183999894715	0.0	0	0.0	1824.775912495992	1	0	1	1.8464543444374948
56033.47801255658	2000.0	791.2978999394048	0.0	0	0.0	1824.7759124959848	1	0	1	1.8464543444374955
57355.58353749399	2000.0	469.1923750019873	0.0	0	0.0	1824.7759124959848	1	0	1	1.8464543444374955
58287.056704477865	2000.0	537.7192080181076	0.0	0	0.0	1824.7759124959848	1	0	1	1.8464543444374955
59309.08922230789	2000.0	515.6866901880794	0.0	0	0.0	1824.7759124959848	1	0	1	1.8464543444374955
59999.80169515522	2000.0	824.9742173407504	0.0	0	0.0	1824.7759124959848	1	0	1	1.8464543444374955
61404.890295766476	2000.0	419.885616729492	0.0	0	0.0	1824.7759124959848	1	0	1	1.8464543444374955
62401.15354314694	2000.0	512.4723975237117	88.85002817467381	0	0.0	1913.6259406706595	1	0	1	1.3078204636536708
62901.9411387262	1000.0	1011.6848019444442	0.0	0	0.0	1913.6259406706595	1	0	1	0.45462627158182356
63617.495535890936	1000.0	1296.1304047797069	0.0	0	0.0	1913.6259406706595	1	0	1	1.1477734521417688
64430.842695162566	1000.0	1482.7832455080852	0.0	0	0.0	1913.6259406706595	1	0	1	1.1477734521417688
65244.13282144623	1000.0	1669.4931192244226	0.0	0	0.0	1913.6259406706595	1	0	1	1.1477734521417688
66200.0	1000.0	1713.6259406706565	0.0	0	535.9076837509856	1913.625940670674	1	0	1	1.1477734521417682
67346.69038143882	1000.0	1566.9355592318213	0.0	0	0.0	1913.6259406706522	1	0	1	1.1477734521417688
68404.1007650274	1000.0	1509.5251756432558	0.0	0	0.0	1913.6259406706522	1	0	1	1.1477734521417693
69200.0	1000.0	1713.6259406706495	0.0	0	186.22226772006252	1913.6259406706522	1	0	1	1.1477734521417693
70200.0	1000.0	1713.62594067064	0.0	0	274.5924270493706	1913.6259406706522	1	0	1	1.1477734521417693
71200.0	1000.0	1713.6259406706488	0.0	0	80.33755779410421	1913.6259406706668	1	0	1	1.1477734521417684
72200.0	1000.0	1713.6259406706524	0.0	0	308.6285635292588	1913.6259406706522	1	0	1	1.1477734521417693
73200.0	1000.0	1713.625940670649	0.0	0	484.104047115703	1913.6259406706522	1	0	1	1.1477734521417693
74200.0	1000.0	1713.6259406706515	0.0	0	558.5374911196413	1913.6259406706522	1	0	1	1.1477734521417693
75200.0	1000.0	1713.6259406706429	0.0	0	635.9137000611663	1913.6259406706522	1	0	1	1.1477734521417693
76200.0	1000.0	1713.6259406706567	0.0	0	637.8540963582636	1913.6259406706522	1	0	1	1.1477734521417693
77200.0	1000.0	1713.6259406706395	0.0	0	587.0898344336019	1913.6259406706522	1	0	1	1.1477734521417693
78200.0	1000.0	1713.6259406706386	0.0	0	539.51641925679	1913.6259406706522	1	0	1	1.1477734521417693
79200.0	1000.0	1713.625940670629	0.0	0	625.0028584084066	1913.6259406706522	1	0	1	1.1477734521417693
80200.0	1000.0	1713.6259406706315	0.0	0	613.8556044860743	1913.6259406706376	1	0	1	1.1477734521417702
81328.82275984986	1000.0	1584.803180820763	0.0	0	0.0	1913.6259406706376	1	0	1	1.1477734521417702
82200.0	1000.0	1713.6259406706085	0.0	0	435.7550851479609	1913.625940670623	1	0	1	1.147773452141771
83247.47166545434	2000.0	1666.1542752162575	0.0	0	0.0	1913.625940670623	1	0	1	1.147773452141771
84200.0	1000.0	1713.6259406705963	0.0	0	95.88800502067897	1913.625940670623	1	0	1	0.45462627158182595
85200.0	1000.0	1713.6259406705988	0.0	0	287.1218456011411	1913.625940670623	1	0	1	1.147773452141771
86200.0	1000.0	1713.6259406706108	0.0	0	471.41884517710423	1913.625940670623	1	0	1	1.147773452141771
87200.0	1000.0	1713.6259406706165	0.0	0	136.35740617106785	1913.625940670623	1	0	1	1.147773452141771
88200.0	1000.0	1713.6259406706267	0.0	0	328.6455892891536	1913.625940670623	1	0	1	1.147773452141771
89200.0	1000.0	1713.6259406706113	0.0	0	624.619148546044	1913.6259406706085	1	0	1	1.147773452141772
90200.0	1000.0	1713.6259406706183	0.0	0	564.8761598348501	1913.6259406706085	1	0	1	1.147773452141772
91200.0	1000.0	1713.6259406706104	0.0	0	108.90871612644696	1913.6259406706085	1	0	1	1.147773452141772
92200.0	1000.0	1713.6259406706006	0.0	0	3.245025329219061	1913.6259406706085	1	0	1	1.147773452141772
93226.97547057443	1000.0	1686.6504700961866	0.0	0	0.0	1913.6259406706085	1	0	1	1.147773452141772
94200.0	1000.0	1713.6259406706276	0.0	0	447.7999649635458	1913.6259406706085	1	0	1	1.147773452141772
95200.0	1000.0	1713.62594067063	0.0	0	546.8633607043303	1913.6259406706085	1	0	1	1.147773452141772
96200.0	1000.0	1713.6259406706329	0.0	0	511.32704821322113	1913.625940670594	1	0	1	1.147773452141773
97200.0	1000.0	1713.6259406706354	0.0	0	479.7693928441877	1913.625940670594	1	0	1	1.147773452141773
98200.0	1000.0	1713.6259406706406	0.0	0	570.4027047836717	1913.625940670594	1	0	1	1.147773452141773
99200.0	1000.0	1713.625940670632	0.0	0	609.2939691952488	1913.625940670594	1	0	1	1.147773452141773
100200.0	1000.0	1713.6259406706208	0.0	0	589.0804932749743	1913.6259406705794	1	0	1	1.147773452141774
101200.0	1000.0	1713.6259406706183	0.0	0	705.9583170622791	1913.6259406705794	1	0	1	1.147773452141774
102200.0	1000.0	1713.625940670636	0.0	0	629.4296672997734	1913.625940670594	1	0	1	1.147773452141773
103346.60682992765	2000.0	1567.0191107430094	0.0	0	0.0	1913.625940670594	1	0	1	1.147773452141773
104587.714234664	2000.0	1325.9117060066465	0.0	0	0.0	1913.625940670594	1	0	1	1.8409206327017182
105373.51079854688	2000.0	1540.11514212377	0.0	0	0.0	1913.625940670594	1	0	1	1.8409206327017182
106200.0	2000.0	1713.6259406706677	0.0	0	61.24998959964432	1913.625940670594	1	0	1	1.8409206327017182
107200.0	2000.0	1713.6259406706733	0.0	0	342.7381069189578	1913.625940670594	1	0	1	1.8409206327017182
108200.0	2000.0	1713.6259406706724	0.0	0	383.5477762022347	1913.625940670594	1	0	1	1.8409206327017182
109200.0	2000.0	1713.62594067066	0.0	0	635.241943349014	1913.625940670594	1	0	1	1.8409206327017182
110200.0	2000.0	1713.6259406706617	0.0	0	358.92271811272076	1913.6259406705794	1	0	1	1.8409206327017191
112102.14469761885	2000.0	811.4812430518075	0.0	0	0.0	1913.6259406705794	1	0	1	1.8409206327017191
113404.3440661551	2000.0	509.2818745155631	0.0	0	0.0	1913.6259406705794	1	0	1	1.8409206327017191
114169.95339927997	2000.0	743.6725413906811	0.0	0	0.0	1913.625940670594	1	0	1	1.8409206327017182
114974.50844878369	2000.0	939.1174918869519	0.0	0	0.0	1913.625940670594	1	0	1	1.8409206327017182
115595.9413507328	2000.0	1317.6845899378375	0.0	0	0.0	1913.625940670594	1	0	1	1.8409206327017182
116414.64037995151	2000.0	1498.985560719109	0.0	0	0.0	1913.625940670594	1	0	1	1.8409206327017182
117200.0	2000.0	1713.6259406705951	0.0	0	193.31543801003136	1913.6259406705794	1	0	1	1.8409206327017191
118200.0	2000.0	1713.6259406705803	0.0	0	65.34923898665875	1913.6259406705794	1	0	1	1.8409206327017191
119736.55368992328	2000.0	1177.0722507473097	0.0	0	0.0	1913.6259406705794	1	0	1	1.8409206327017191
120329.73430956651	2000.0	1583.8916311040778	0.0	0	0.0	1913.6259406705794	1	0	1	1.8409206327017191
121200.0	2000.0	1713.625940670591	0.0	0	216.2273032136727	1913.6259406705794	1	0	1	1.8409206327017191
122693.59436238765	2000.0	1220.0315782829516	0.0	0	0.0	1913.6259406705794	1	0	1	1.8409206327017191
123851.39699649424	2000.0	1062.2289441763623	0.0	0	0.0	1913.6259406705794	1	0	1	1.8409206327017191
124464.40185786049	2000.0	1449.2240828101076	0.0	0	0.0	1913.6259406705794	1	0	1	1.8409206327017191
125371.0205664543	2000.0	1542.6053742163087	0.0	0	0.0	1913.625940670565	1	0	1	1.84092063270172
126200.0	2000.0	1713.6259406706397	0.0	0	99.11926903818676	1913.625940670565	1	0	1	1.84092063270172
127577.20402046712	2000.0	1336.4219202035194	0.0	0	0.0	1913.6259406705503	1	0	1	1.8409206327017211
128815.39858043376	2000.0	1098.2273602368623	0.0	0	0.0	1913.6259406705503	1	0	1	1.8409206327017211
129847.29821277026	2000.0	1066.3277279003596	0.0	0	0.0	1913.6259406705503	1	0	1	1.8409206327017211
130797.64765829414	2000.0	1115.9782823764822	0.0	0	0.0	1913.6259406705503	1	0	1	1.8409206327017211
131820.95906495472	2000.0	1092.666875715939	0.0	0	0.0	1913.6259406705794	1	0	1	1.8409206327017205
132538.17136604726	2000.0	1375.454574623403	0.0	0	0.0	1913.6259406705794	1	0	1	1.8409206327017194
133331.42845374753	2000.0	1582.1974869231105	0.0	0	0.0	1913.6259406705794	1	0	1	1.8409206327017194
134200.0	2000.0	1713.62594067069	0.0	0	251.34094678636757	1913.6259406705794	1	0	1	1.8409206327017191
135200.0	2000.0	1713.6259406707018	0.0	0	154.10667835714412	1913.6259406706085	1	0	1	1.8409206327017171
136200.0	2000.0	1713.6259406707156	0.0	0	62.76438253122615	1913.6259406706376	1	0	1	1.8409206327017151
137200.0	2000.0	1713.6259406707286	0.0	0	193.5293760812492	1913.6259406706376	1	0	1	1.8409206327017151
138735.75868746673	2000.0	1177.867253204032	0.0	0	0.0	1913.6259406706668	1	0	1	1.8409206327017136
140161.43504642698	2000.0	752.1908942437773	0.0	0	0.0	1913.6259406706668	1	0	1	1.8409206327017136
141427.1489175011	2000.0	486.47702316967195	0.0	0	0.0	1913.6259406706668	1	0	1	1.8409206327017136
142390.27234325116	2000.0	523.353597419632	0.0	0	0.0	1913.6259406706668	1	0	1	1.8409206327017136
143365.93570635538	2000.0	547.6902343154003	0.0	0	0.0	1913.6259406706668	1	0	1	1.8409206327017136
144056.80860886088	2000.0	856.8173318098778	0.0	0	0.0	1913.6259406706668	1	0	1	1.8409206327017136
144577.4004832649	2000.0	1336.225457405883	0.0	0	0.0	1913.6259406706668	1	0	1	1.8409206327017136
145200.0	2000.0	1713.6259406707995	0.0	0	180.34900522395037	1913.6259406706959	1	0	1	1.8409206327017116
146200.0	2000.0	1713.6259406708139	0.0	0	122.65281284766388	1913.6259406706959	1	0	1	1.8409206327017116
147200.0	2000.0	1713.6259406708311	0.0	0	288.2382600849669	1913.625940670725	1	0	1	1.8409206327017098
148200.0	2000.0	1713.6259406708352	0.0	0	338.23831882720697	1913.625940670725	1	0	1	1.8409206327017098
149200.0	2000.0	1713.625940670854	0.0	0	626.7875455821049	1913.625940670725	1	0	1	1.8409206327017098
150200.0	3000.0	1713.6259406708416	0.0	0	250.74973169708392	1913.625940670725	1	0	1	1.8409206327017098
151697.7583157108	3000.0	1215.8676249600417	0.0	0	0.0	1913.625940670725	1	0	1	2.2463857408098744
153062.76289404705	3000.0	850.8630466238052	0.0	0	0.0	1913.625940670725	1	0	1	2.2463857408098744
154140.17349829598	2000.0	773.4524423748618	0.0	0	0.0	1913.625940670725	1	0	1	1.4354555245935452
154882.04996832556	2000.0	1031.5759723452975	0.0	0	0.0	1913.625940670725	1	0	1	1.8409206327017098
156205.50639399778	2000.0	708.11954667307	0.0	0	0.0	1913.625940670725	1	0	1	1.8409206327017098
156876.1384197449	2000.0	1037.4875209259583	0.0	0	0.0	1913.625940670725	1	0	1	1.8409206327017098
157721.1025441684	2000.0	1192.5233965024577	0.0	0	0.0	1913.625940670725	1	0	1	1.8409206327017098
158825.60434450937	2000.0	1088.0215961614742	0.0	0	0.0	1913.625940670725	1	0	1	1.8409206327017098
159627.6549202622	2000.0	1285.9710204086637	0.0	0	0.0	1913.625940670754	1	0	1	1.8409206327017078
160383.02712827572	2000.0	1530.598812395143	0.0	0	0.0	1913.6259406707832	1	0	1	1.840920632701707
161455.42756023875	2000.0	1458.1983804321162	0.0	0	0.0	1913.6259406708123	1	0	1	1.840920632701705
162200.0	2000.0	1713.625940670845	0.0	0	142.83570758329006	1913.6259406708123	1	0	1	1.8409206327017038
163200.0	2000.0	1713.6259406708427	0.0	0	456.9579053062771	1913.6259406708123	1	0	1	1.8409206327017038
164200.0	2000.0	1713.6259406708602	0.0	0	180.29190920633846	1913.6259406708414	1	0	1	1.8409206327017023
165200.0	2000.0	1713.6259406708377	0.0	0	322.8019478423521	1913.6259406708123	1	0	1	1.8409206327017038
166200.0	2000.0	1713.6259406708195	0.0	0	148.30759460505215	1913.6259406708123	1	0	1	1.8409206327017038
167583.76672504266	2000.0	1329.8592156281613	0.0	0	0.0	1913.6259406708123	1	0	1	1.8409206327017031
168256.09559598088	2000.0	1657.530344689932	0.0	0	0.0	1913.6259406707832	1	0	1	1.8409206327017043
169200.0	2000.0	1713.6259406708148	0.0	0	254.84450051296153	1913.6259406707832	1	0	1	1.8409206327017058
170721.3209702993	2000.0	1192.3049703715176	0.0	0	0.0	1913.6259406707832	1	0	1	1.8409206327017058
172218.01054751195	2000.0	695.6153931588783	0.0	0	0.0	1913.6259406708123	1	0	1	1.8409206327017038
173901.17298239085	2000.0	200.0	187.54704172003892	0	0.0	2101.1729823908245	1	0	1	0.7067836272388562
175272.16423816496	2000.0	271.1208497707601	442.1121055448915	0	0.0	2543.285087935714	1	0	1	-0.8679391000140323
175896.99210203713	1000.0	699.057110288741	52.76412439014115	0	0.0	2596.049212325859	1	0	1	0.075442487151196
176368.61952254735	1000.0	1227.4296897785316	0.0	0	0.0	2596.049212325859	1	0	1	1.085174414051988
176889.17924895912	1000.0	1706.8699633667836	0.0	0	0.0	2596.049212325859	1	0	1	1.085174414051988
177235.02778323027	1000.0	2361.0214290956173	0.0	0	0.0	2596.049212325888	1	0	1	1.0851744140519872
178200.0	1000.0	2396.0492123259114	0.0	0	421.0215210960305	2596.049212325888	1	0	1	1.0851744140519843
179200.0	1000.0	2396.0492123259132	0.0	0	440.34778371831635	2596.049212325888	1	0	1	1.0851744140519843
180200.0	1000.0	2396.049212325906	0.0	0	636.2517072595947	2596.049212325888	1	0	1	1.0851744140519843
181200.0	1000.0	2396.049212325901	0.0	0	503.18191015088814	2596.0492123259173	1	0	1	1.0851744140519808
182200.0	1000.0	2396.049212325892	0.0	0	702.2110985385661	2596.0492123259173	1	0	1	1.0851744140519808
183200.0	1000.0	2396.049212325912	0.0	0	552.7947575740982	2596.0492123259173	1	0	1	1.0851744140519808
184200.0	1000.0	2396.0492123259037	0.0	0	611.764461918996	2596.0492123259173	1	0	1	1.0851744140519808
185769.55136021215	2000.0	1826.4978521137296	0.0	0	0.0	2596.0492123259173	1	0	1	1.0851744140519806
187075.31213906108	2000.0	1520.7370732648073	0.0	0	0.0	2596.0492123259173	1	0	1	1.7783215946119257
188128.70702336403	2000.0	1467.3421889618394	0.0	0	0.0	2596.0492123259173	1	0	1	1.7783215946119257
189168.1185976165	2000.0	1427.9306147093616	0.0	0	0.0	2596.049212325888	1	0	1	1.7783215946119293
191260.6874969182	2000.0	335.36171540764985	0.0	0	0.0	2596.0492123259173	1	0	1	1.7783215946119257
192388.37713569897	1000.0	484.8395883667347	277.16751173984113	0	0.0	2873.2167240657727	1	0	1	-1.3103525197127563
193224.56497076343	1000.0	648.6517533022964	0.0	0	0.0	2873.2167240657727	1	0	1	1.0457997312862355
193770.92280748137	1000.0	1102.2939165843577	0.0	0	0.0	2873.2167240657727	1	0	1	1.0457997312862355
194180.83649691162	1000.0	1692.3802271541335	0.0	0	0.0	2873.2167240657727	1	0	1	1.0457997312862355
194634.0178303001	1000.0	2239.198893765652	0.0	0	0.0	2873.2167240657436	1	0	1	1.0457997312862402
195200.0	1000.0	2673.216724065746	0.0	0	156.45543372019893	2873.2167240657436	1	0	1	1.0457997312862402
196200.0	1000.0	2673.216724065742	0.0	0	666.9587137409253	2873.2167240657436	1	0	1	1.0457997312862402
197200.0	1000.0	2673.2167240657536	0.0	0	682.7651761382585	2873.2167240657436	1	0	1	1.0457997312862402
198200.0	1000.0	2673.2167240657495	0.0	0	732.5167152009963	2873.2167240657436	1	0	1	1.0457997312862402
199200.0	1000.0	2673.216724065764	0.0	0	635.5226373272599	2873.2167240657436	1	0	1	1.0457997312862402
200200.0	2000.0	2673.216724065776	0.0	0	203.89923461168655	2873.2167240657436	1	0	1	1.0457997312862402
201200.0	2000.0	2673.216724065767	0.0	0	186.18946813372895	2873.2167240657436	1	0	1	1.7389469118461853
202260.1628620768	2000.0	2613.0538619889694	0.0	0	0.0	2873.2167240657436	1	0	1	1.7389469118461853
203200.0	2000.0	2673.2167240657595	0.0	0	128.95365477804444	2873.2167240657436	1	0	1	1.7389469118461853
204515.4965301688	2000.0	2357.7201938969533	0.0	0	0.0	2873.2167240657727	1	0	1	1.7389469118461807
205628.9767577738	2000.0	2244.2399662919565	0.0	0	0.0	2873.2167240657727	1	0	1	1.7389469118461807
206420.21254768415	2000.0	2453.004176381617	0.0	0	0.0	2873.2167240657727	1	0	1	1.7389469118461807
207200.0	2000.0	2673.216724065769	0.0	0	78.71138543012785	2873.216724065802	1	0	1	1.7389469118461758
208200.0	2000.0	2673.216724065789	0.0	0	215.85159190229024	2873.216724065802	1	0	1	1.7389469118461758
209200.0	2000.0	2673.2167240657627	0.0	0	331.88865024532424	2873.2167240657727	1	0	1	1.7389469118461807
210489.19813201364	2000.0	2384.0185920521094	0.0	0	0.0	2873.216724065802	1	0	1	1.7389469118461758
211224.42398793288	2000.0	2648.792736132862	0.0	0	0.0	2873.216724065802	1	0	1	1.7389469118461758
212200.0	1000.0	2673.2167240657495	0.0	0	400.491217782459	2873.216724065831	1	0	1	0.3526525507262809
214005.98684116278	2000.0	1867.229882902964	0.0	0	0.0	2873.216724065802	1	0	1	1.0457997312862308
214626.39734585618	1000.0	2246.8193782095423	0.0	0	0.0	2873.216724065802	1	0	1	0.3526525507262856
215200.0	1000.0	2673.2167240657286	0.0	0	45.171742466278374	2873.216724065802	1	0	1	1.0457997312862308
216200.0	1000.0	2673.2167240657395	0.0	0	190.33132688101614	2873.216724065802	1	0	1	1.0457997312862308
217263.26305126448	1000.0	2609.9536728012595	0.0	0	0.0	2873.216724065831	1	0	1	1.045799731286226
218200.0	1000.0	2673.2167240657386	0.0	0	235.3688252781576	2873.216724065831	1	0	1	1.045799731286226
219200.0	1000.0	2673.2167240657086	0.0	0	333.94685077120084	2873.216724065831	1	0	1	1.045799731286226
220200.0	1000.0	2673.2167240657377	0.0	0	234.28171133919386	2873.216724065831	1	0	1	1.045799731286226
221200.0	1000.0	2673.21672406576	0.0	0	277.96688014335814	2873.216724065802	1	0	1	1.0457997312862308
222200.0	1000.0	2673.2167240657423	0.0	0	240.9265375037212	2873.216724065802	1	0	1	1.0457997312862308
223200.0	1000.0	2673.2167240657823	0.0	0	449.744973252964	2873.216724065802	1	0	1	1.0457997312862308
224200.0	1000.0	2673.2167240657586	0.0	0	520.0752211166837	2873.216724065802	1	0	1	1.0457997312862308
225200.0	1000.0	2673.2167240657836	0.0	0	483.37784043853753	2873.216724065802	1	0	1	1.0457997312862308
226200.0	1000.0	2673.216724065804	0.0	0	568.6650753344584	2873.216724065802	1	0	1	1.0457997312862308
227200.0	1000.0	2673.2167240658337	0.0	0	421.45869817369385	2873.216724065802	1	0	1	1.0457997312862308
228200.0	1000.0	2673.2167240658055	0.0	0	662.0748717616952	2873.216724065802	1	0	1	1.0457997312862308
229200.0	1000.0	2673.216724065777	0.0	0	614.5753140329616	2873.216724065802	1	0	1	1.0457997312862308
230319.8634547378	1000.0	2553.353269328003	0.0	0	0.0	2873.216724065802	1	0	1	1.0457997312862308
231200.0	1000.0	2673.2167240658	0.0	0	291.496401464683	2873.216724065802	1	0	1	1.0457997312862308
232770.95353684115	2000.0	2102.263187224641	0.0	0	0.0	2873.2167240657727	1	0	1	1.0457997312862355
233574.15721712649	1000.0	2299.0595069393203	0.0	0	0.0	2873.216724065802	1	0	1	0.35265255072628654
234285.89204825228	1000.0	2587.324675813531	0.0	0	0.0	2873.216724065802	1	0	1	1.0457997312862308
235200.0	1000.0	2673.216724065816	0.0	0	424.08000961045036	2873.216724065802	1	0	1	1.0457997312862308
236200.0	1000.0	2673.216724065827	0.0	0	453.8776886164269	2873.216724065802	1	0	1	1.0457997312862308
237200.0	1000.0	2673.2167240657914	0.0	0	446.0333546642214	2873.216724065831	1	0	1	1.045799731286226
238200.0	1000.0	2673.216724065806	0.0	0	605.5090743181354	2873.216724065831	1	0	1	1.045799731286226
239200.0	1000.0	2673.2167240658073	0.0	0	616.4407472042949	2873.216724065831	1	0	1	1.045799731286226
240200.0	1000.0	2673.2167240658105	0.0	0	149.3602463271818	2873.216724065831	1	0	1	1.045799731286226
241278.9679730037	1000.0	2594.2487510621277	0.0	0	0.0	2873.21672406586	1	0	1	1.045799731286225
242256.10934378274	1000.0	2617.1073802830606	0.0	0	0.0	2873.216724065831	1	0	1	1.0457997312862224
243200.0	1000.0	2673.216724065788	0.0	0	389.7196002910496	2873.216724065831	1	0	1	1.045799731286226
244200.0	1000.0	2673.2167240657554	0.0	0	310.4937662979646	2873.216724065831	1	0	1	1.045799731286226
245200.0	1000.0	2673.2167240657636	0.0	0	494.7291884869628	2873.216724065831	1	0	1	1.045799731286226
246200.0	1000.0	2673.2167240657586	0.0	0	639.6535724069981	2873.216724065831	1	0	1	1.045799731286226
247200.0	1000.0	2673.2167240657604	0.0	0	626.2548638927692	2873.216724065802	1	0	1	1.0457997312862308
248200.0	1000.0	2673.216724065763	0.0	0	610.1193126747094	2873.216724065802	1	0	1	1.0457997312862308
249200.0	1000.0	2673.2167240657477	0.0	0	475.0551571873948	2873.216724065802	1	0	1	1.0457997312862308
250200.0	1000.0	2673.216724065764	0.0	0	580.5505993391853	2873.216724065802	1	0	1	1.0457997312862308
251200.0	1000.0	2673.216724065735	0.0	0	729.4378175168822	2873.216724065802	1	0	1	1.0457997312862308
252200.0	2000.0	2673.216724065741	0.0	0	110.0515764017182	2873.216724065802	1	0	1	1.0457997312862308
253454.5530804214	2000.0	2418.6636436443173	0.0	0	0.0	2873.2167240657727	1	0	1	1.738946911846178
254200.0	2000.0	2673.2167240657022	0.0	0	45.129590574040776	2873.2167240657436	1	0	1	1.7389469118461853
255200.0	2000.0	2673.216724065688	0.0	0	223.9382614143251	2873.2167240657727	1	0	1	1.7389469118461807
256200.0	2000.0	2673.216724065704	0.0	0	198.3657699446776	2873.216724065802	1	0	1	1.7389469118461758
257200.0	2000.0	2673.2167240656977	0.0	0	219.71290170800057	2873.216724065802	1	0	1	1.7389469118461758
258200.0	2000.0	2673.2167240656995	0.0	0	434.7722603039001	2873.216724065802	1	0	1	1.7389469118461758
259200.0	2000.0	2673.2167240657022	0.0	0	149.5943631894479	2873.216724065802	1	0	1	1.7389469118461758
260690.93541158445	2000.0	2182.281312481233	0.0	0	0.0	2873.216724065831	1	0	1	1.738946911846173
262360.15203841694	2000.0	1513.0646856487494	0.0	0	0.0	2873.216724065802	1	0	1	1.7389469118461758
263433.42803964514	2000.0	1439.7886844205912	0.0	0	0.0	2873.216724065831	1	0	1	1.7389469118461711
264072.33304621396	2000.0	1800.8836778518062	0.0	0	0.0	2873.216724065889	1	0	1	1.7389469118461665
264912.7176855492	2000.0	1960.4990385165029	0.0	0	0.0	2873.21672406586	1	0	1	1.7389469118461627
265643.26298257837	2000.0	2229.9537414873785	0.0	0	0.0	2873.216724065889	1	0	1	1.7389469118461618
266300.39415052073	2000.0	2572.8225735450105	0.0	0	0.0	2873.216724065889	1	0	1	1.7389469118461618
267206.0936382444	2000.0	2667.1230858212894	0.0	0	0.0	2873.216724065889	1	0	1	1.7389469118461618
269011.65635992645	2000.0	1861.560364139219	0.0	0	0.0	2873.216724065831	1	0	1	1.7389469118461711
269563.814481624	2000.0	2309.402242441619	0.0	0	0.0	2873.216724065831	1	0	1	1.7389469118461711
270698.15334976686	2000.0	2175.0633742987634	0.0	0	0.0	2873.216724065831	1	0	1	1.7389469118461653
272101.6836865774	2000.0	1771.5330374881635	0.0	0	0.0	2873.2167240657727	1	0	1	1.7389469118461807
273296.9811372249	2000.0	1576.235586840699	0.0	0	0.0	2873.216724065831	1	0	1	1.7389469118461711
274059.5396468384	2000.0	1813.6770772271827	0.0	0	0.0	2873.216724065831	1	0	1	1.7389469118461711
274919.60256294045	2000.0	1953.614161125133	0.0	0	0.0	2873.216724065831	1	0	1	1.7389469118461711
275655.93000903795	2000.0	2217.2867150276043	0.0	0	0.0	2873.216724065831	1	0	1	1.7389469118461711
277069.2476279296	2000.0	1803.9690961359538	0.0	0	0.0	2873.216724065889	1	0	1	1.7389469118461638
278422.814886469	2000.0	1450.4018375966018	0.0	0	0.0	2873.216724065831	1	0	1	1.7389469118461711
279581.41119506327	2000.0	1291.8055290022676	0.0	0	0.0	2873.2167240657727	1	0	1	1.7389469118461807
280713.82218913926	2000.0	1159.394534926269	0.0	0	0.0	2873.2167240657145	1	0	1	1.738946911846188
281451.4329787596	2000.0	1421.7837453059744	0.0	0	0.0	2873.2167240656563	1	0	1	1.7389469118461958
282318.9250535846	2000.0	1554.2916704809259	0.0	0	0.0	2873.2167240656563	1	0	1	1.7389469118461995
282983.3124287667	2000.0	1889.9042952989234	0.0	0	0.0	2873.2167240656563	1	0	1	1.7389469118461995
283548.57664728625	2000.0	2324.640076779313	0.0	0	0.0	2873.216724065598	1	0	1	1.7389469118462086
284282.8993420724	2000.0	2590.317381993221	0.0	0	0.0	2873.216724065598	1	0	1	1.7389469118462086
285435.39131457545	2000.0	2437.825409490187	0.0	0	0.0	2873.216724065598	1	0	1	1.7389469118462086
286896.8426992532	2000.0	1976.374024812439	0.0	0	0.0	2873.21672406554	1	0	1	1.738946911846218
288433.6860148154	2000.0	1439.530709250161	0.0	0	0.0	2873.2167240654235	1	0	1	1.7389469118462313
289611.9776132304	2000.0	1261.239110835142	0.0	0	0.0	2873.2167240654817	1	0	1	1.7389469118462313
290617.73635239596	2000.0	1255.4803716695794	0.0	0	0.0	2873.2167240654817	1	0	1	1.7389469118462275
291383.8459650621	2000.0	1489.3707590034549	0.0	0	0.0	2873.2167240654817	1	0	1	1.7389469118462275
292260.41479039355	2000.0	1612.8019336719474	0.0	0	0.0	2873.2167240654817	1	0	1	1.7389469118462275
292797.5259744873	2000.0	2075.690749578225	0.0	0	0.0	2873.2167240654817	1	0	1	1.7389469118462275
293285.41815569496	2000.0	2587.798568370569	0.0	0	0.0	2873.2167240654817	1	0	1	1.7389469118462275
294200.0	2000.0	2673.216724065575	0.0	0	248.8492833636701	2873.21672406554	1	0	1	1.738946911846218
295200.0	2000.0	2673.2167240656054	0.0	0	405.88521713973023	2873.216724065598	1	0	1	1.7389469118462086
296200.0	2000.0	2673.2167240656604	0.0	0	310.588985973096	2873.2167240656563	1	0	1	1.7389469118461995
297200.0	2000.0	2673.216724065644	0.0	0	439.9517249027267	2873.2167240656563	1	0	1	1.7389469118461995
298200.0	2000.0	2673.216724065627	0.0	0	359.1398764339392	2873.2167240657145	1	0	1	1.73894691184619
299200.0	3000.0	2673.216724065621	0.0	0	253.4773196640308	2873.2167240657145	1	0	1	1.7389469118461902
300424.09182894457	3000.0	2449.124895121073	0.0	0	0.0	2873.2167240657145	1	0	1	2.1444120199543546
2.15	1.82	2.37	2.28	2.19	2.85	2.39	2.72	3.19	2.51	2.87	2.08	1.77	2.35	2.7	1.66	1.52	1.84	1.3	1.34	1.56	1.33	2.36	1.69	1.78	2.33	2.39	3.08	2.72	2.19	1.42	1.62	2.22	2.27	1.84	1.19	0.65	1.02	1.52	2.15	2.94	3.85	3.81	3.83	3.74	3.29	2.71	1.74	1.88	1.34	2.17	1.99	2.29	2.56	2.84	0.98	2.17	2.29	1.47	1.27	2.07	1.18	0.75	1.59	1.61	1.22	1.46	1.87	2.25	2.48	2.53	2.17	2.12	2.66	2.17	1.1	2.27	1.66	1.4	1.4	1.75	1.48	2.0	2.35	2.29	1.47	0.9	1.29	2.14	2.0	2.4	2.58	2.81	2.69	2.63	3.43	3.43	2.44	1.81	2.32	2.44	2.83	3.57	4.44	2.98	1.02	1.15	1.64	2.32	2.46	3.2	4.1	1.97	0.66	2.7	3.13	1.29	1.59	2.17	2.87	3.28	2.15	1.26	1.89	2.06	2.32	2.58	3.08	4.12	2.94	1.97	2.05	1.42	1.42	2.09	1.54	2.83	2.66	3.39	4.17	3.2	2.99	3.74	4.27	3.61	1.88	2.04	1.77	2.03	2.25	2.15	1.82	2.37	2.28	2.19	2.85	2.39	2.72	3.19	2.51	2.87	2.08	1.77	2.35	2.7	1.66	1.52	1.84	1.3	1.34	1.56	1.33	2.36	1.69	1.78	2.33	2.39	3.08	2.72	2.19	1.42	1.62	2.22	2.27	1.84	1.19	0.65	1.02	1.52	2.15	2.94	3.85	3.81	3.83	3.74	3.29	2.71	1.74	1.88	1.34	2.17	1.99	2.29	2.56	2.84	0.98	2.17	2.29	1.47	1.27	2.07	1.18	0.75	1.59	1.61	1.22	1.46	1.87	2.25	2.48	2.53	2.17	2.12	2.66	2.17	1.1	2.27	1.66	1.4	1.4	1.75	1.48	2.0	2.35	2.29	1.47	0.9	1.29	2.14	2.0	2.4	2.58	2.81	2.69	2.63	3.43	3.43	2.44	1.81	2.32	2.44	2.83	3.57	4.44	2.98	1.02	1.15	1.64	2.32	2.46	3.2	4.1	1.97	0.66	2.7	3.13	1.29	1.59	2.17	2.87	3.28	2.15	1.26	1.89	2.06	2.32	2.58	3.08	4.12	2.94	1.97	2.05	1.42	1.42	2.09	1.54	2.83	2.66	3.39	4.17	3.2	2.99	3.74	4.27	3.61	1.88	2.04	1.77	2.03	2.25
1.0	2.0	3.0	4.0	5.0	6.0	7.0	8.0	9.0	10.0	11.0	12.0	13.0	14.0	15.0	16.0	17.0	18.0	19.0	20.0	21.0	22.0	23.0	24.0	25.0	26.0	27.0	28.0	29.0	30.0	31.0	32.0	33.0	34.0	35.0	36.0	37.0	38.0	39.0	40.0	41.0	42.0	43.0	44.0	45.0	46.0	47.0	48.0	49.0	50.0	51.0	52.0	53.0	54.0	55.0	56.0	57.0	58.0	59.0	60.0	61.0	62.0	63.0	64.0	65.0	66.0	67.0	68.0	69.0	70.0	71.0	72.0	73.0	74.0	75.0	76.0	77.0	78.0	79.0	80.0	81.0	82.0	83.0	84.0	85.0	86.0	87.0	88.0	89.0	90.0	91.0	92.0	93.0	94.0	95.0	96.0	97.0	98.0	99.0	100.0	101.0	102.0	103.0	104.0	105.0	106.0	107.0	108.0	109.0	110.0	111.0	112.0	113.0	114.0	115.0	116.0	117.0	118.0	119.0	120.0	121.0	122.0	123.0	124.0	125.0	126.0	127.0	128.0	129.0	130.0	131.0	132.0	133.0	134.0	135.0	136.0	137.0	138.0	139.0	140.0	141.0	142.0	143.0	144.0	145.0	146.0	147.0	148.0	149.0	149.0	150.0	151.0	152.0	153.0	154.0	155.0	156.0	157.0	158.0	159.0	160.0	161.0	162.0	163.0	164.0	165.0	166.0	167.0	168.0	169.0	170.0	171.0	172.0	173.0	174.0	175.0	176.0	177.0	178.0	179.0	180.0	181.0	182.0	183.0	184.0	185.0	186.0	187.0	188.0	189.0	190.0	191.0	192.0	193.0	194.0	195.0	196.0	197.0	198.0	199.0	200.0	201.0	202.0	203.0	204.0	205.0	206.0	207.0	208.0	209.0	210.0	211.0	212.0	213.0	214.0	215.0	216.0	217.0	218.0	219.0	220.0	221.0	222.0	223.0	224.0	225.0	226.0	227.0	228.0	229.0	230.0	231.0	232.0	233.0	234.0	235.0	236.0	237.0	238.0	239.0	240.0	241.0	242.0	243.0	244.0	245.0	246.0	247.0	248.0	249.0	250.0	251.0	252.0	253.0	254.0	255.0	256.0	257.0	258.0	259.0	260.0	261.0	262.0	263.0	264.0	265.0	266.0	267.0	268.0	269.0	270.0	271.0	272.0	273.0	274.0	275.0	276.0	277.0	278.0	279.0	280.0	281.0	282.0	283.0	284.0	285.0	286.0	287.0	288.0	289.0	290.0	291.0	292.0	293.0	294.0	295.0	296.0	297.0	298.0	298.0
5225.674262649537
