2822.805201077212	300.0	2000.0	294.0890200612974	0	0.0	2822.805201077212	1	0	1	-1.9053622578662963
3200.0	300.0	2622.805201077212	0.0	0	94.54958489381943	2822.805201077212	1	0	1	-0.1502415067523906
4200.0	300.0	2622.805201077212	0.0	0	743.6346788086212	2822.8052010772126	1	0	1	-0.15024150675239065
5200.0	300.0	2622.805201077213	0.0	0	778.4350068336371	2822.805201077214	1	0	1	-0.15024150675239073
6200.0	500.0	2622.8052010772126	0.0	0	511.1031324136284	2822.8052010772135	1	0	1	-0.15024150675239084
7200.0	500.0	2622.805201077212	0.0	0	513.4155893754178	2822.8052010772135	1	0	1	0.36058411701359994
8200.0	500.0	2622.8052010772117	0.0	0	472.41256189292653	2822.8052010772126	1	0	1	0.3605841170136001
9200.0	500.0	2622.8052010772117	0.0	0	699.4403840628547	2822.8052010772126	1	0	1	0.36058411701360016
10200.0	500.0	2622.80520107721	0.0	0	603.4814588808185	2822.80520107721	1	0	1	0.3605841170136004
11594.788112480523	1000.0	2228.017088596688	0.0	0	0.0	2822.80520107721	1	0	1	0.3605841170136006
12937.506584463816	1000.0	1885.298616613395	0.0	0	0.0	2822.805201077208	1	0	1	1.0537312975735462
13946.810940018491	1000.0	1875.9942610587186	0.0	0	0.0	2822.805201077208	1	0	1	1.0537312975735462
14815.769887342523	1000.0	2007.0353137346858	0.0	0	0.0	2822.805201077206	1	0	1	1.0537312975735464
15319.352907756731	1000.0	2503.452293320479	0.0	0	0.0	2822.805201077208	1	0	1	1.0537312975735462
16200.0	1000.0	2622.805201077209	0.0	0	411.6132786694616	2822.805201077208	1	0	1	1.0537312975735462
17200.0	1000.0	2622.80520107721	0.0	0	347.1528158363253	2822.805201077208	1	0	1	1.0537312975735462
18336.231450015806	1000.0	2486.573751061405	0.0	0	0.0	2822.80520107721	1	0	1	1.0537312975735458
19200.0	1000.0	2622.8052010772085	0.0	0	91.02343751917942	2822.805201077206	1	0	1	1.0537312975735462
20551.62627130362	1000.0	2271.1789297735854	0.0	0	0.0	2822.805201077208	1	0	1	1.0537312975735462
21358.34197778973	1000.0	2464.463223287477	0.0	0	0.0	2822.805201077208	1	0	1	1.0537312975735462
22212.090278028398	1000.0	2610.714923048805	0.0	0	0.0	2822.8052010772044	1	0	1	1.0537312975735467
23514.52780599137	1000.0	2308.2773950858295	0.0	0	0.0	2822.8052010772044	1	0	1	1.0537312975735467
24586.71434993907	1000.0	2236.0908511381326	0.0	0	0.0	2822.8052010772044	1	0	1	1.0537312975735467
25609.008525646015	1000.0	2213.7966754311856	0.0	0	0.0	2822.8052010772044	1	0	1	1.0537312975735467
26317.58568078504	1000.0	2505.2195202921607	0.0	0	0.0	2822.8052010772044	1	0	1	1.0537312975735467
27200.0	1000.0	2622.805201077202	0.0	0	276.89761436636763	2822.8052010772044	1	0	1	1.0537312975735467
28200.0	1000.0	2622.8052010772035	0.0	0	124.22895970296304	2822.8052010772044	1	0	1	1.0537312975735467
29561.016895818924	1000.0	2261.7883052582806	0.0	0	0.0	2822.8052010772044	1	0	1	1.0537312975735467
30351.43800249345	1000.0	2471.367198583751	0.0	0	0.0	2822.8052010772008	1	0	1	1.0537312975735473
31204.897847912638	1000.0	2617.9073531645668	0.0	0	0.0	2822.8052010772008	1	0	1	1.0537312975735473
32376.16921185143	1000.0	2446.6359892257783	0.0	0	0.0	2822.8052010772008	1	0	1	1.0537312975735473
33361.544851176666	1000.0	2461.2603499005454	0.0	0	0.0	2822.8052010772044	1	0	1	1.0537312975735473
34200.0	1000.0	2622.805201077208	0.0	0	210.1678142394594	2822.8052010772008	1	0	1	1.0537312975735473
35225.82648955711	1000.0	2596.9787115200998	0.0	0	0.0	2822.8052010772008	1	0	1	1.0537312975735476
36200.0	1000.0	2622.8052010772053	0.0	0	170.80340993401478	2822.8052010772008	1	0	1	1.0537312975735473
37200.0	1000.0	2622.8052010772026	0.0	0	415.84137198587996	2822.8052010772008	1	0	1	1.0537312975735473
38200.0	1000.0	2622.805201077203	0.0	0	193.985041476044	2822.8052010772008	1	0	1	1.0537312975735473
39460.289442094756	1000.0	2362.5157589824535	0.0	0	0.0	2822.8052010772008	1	0	1	1.0537312975735473
40200.0	1000.0	2622.8052010772158	0.0	0	264.4844925651996	2822.8052010772008	1	0	1	1.0537312975735473
41200.0	1000.0	2622.8052010772076	0.0	0	207.9822481320516	2822.8052010772008	1	0	1	1.0537312975735473
42200.0	1000.0	2622.8052010772108	0.0	0	252.1558835099131	2822.8052010771935	1	0	1	1.0537312975735484
43869.859483378925	1000.0	1952.945717698286	0.0	0	0.0	2822.8052010771935	1	0	1	1.0537312975735484
44814.509927541934	1000.0	2008.295273535274	0.0	0	0.0	2822.8052010771935	1	0	1	1.0537312975735484
45977.917145427746	1000.0	1844.8880556494641	0.0	0	0.0	2822.805201077186	1	0	1	1.0537312975735498
46751.8253312419	1000.0	2070.979869835314	0.0	0	0.0	2822.805201077179	1	0	1	1.0537312975735507
47523.99091025232	1000.0	2298.814290824895	0.0	0	0.0	2822.805201077179	1	0	1	1.0537312975735507
48776.826232546126	1000.0	2045.9789685310886	0.0	0	0.0	2822.805201077186	1	0	1	1.0537312975735498
50050.76717520421	1000.0	1772.0380258730045	0.0	0	0.0	2822.805201077186	1	0	1	1.0537312975735498
51391.40544773992	1000.0	1431.399753337289	0.0	0	0.0	2822.805201077179	1	0	1	1.0537312975735507
52048.64840563044	500.0	1774.156795446766	0.0	0	0.0	2822.805201077179	1	0	1	-0.33256306354634
52885.986993487255	500.0	1936.8182075899556	0.0	0	0.0	2822.805201077179	1	0	1	0.36058411701360527
53738.671274538545	500.0	2084.133926538664	0.0	0	0.0	2822.805201077186	1	0	1	0.36058411701360416
54711.974488660715	500.0	2110.830712416493	0.0	0	0.0	2822.805201077186	1	0	1	0.36058411701360416
55364.38111283489	500.0	2458.424088242314	0.0	0	0.0	2822.805201077186	1	0	1	0.36058411701360416
56200.0	500.0	2622.8052010772058	0.0	0	279.15495511745394	2822.8052010771935	1	0	1	0.36058411701360304
57200.0	500.0	2622.805201077204	0.0	0	74.10283387183154	2822.805201077186	1	0	1	0.36058411701360416
58200.0	500.0	2622.805201077213	0.0	0	310.0827312585534	2822.8052010771935	1	0	1	0.36058411701360304
59200.0	500.0	2622.805201077208	0.0	0	440.66113559572113	2822.8052010771935	1	0	1	0.36058411701360304
60200.0	500.0	2622.8052010772085	0.0	0	382.32222604344133	2822.8052010771935	1	0	1	0.36058411701360304
61200.0	500.0	2622.8052010772117	0.0	0	558.634696150184	2822.8052010772008	1	0	1	0.36058411701360193
62200.0	500.0	2622.805201077207	0.0	0	546.7852009819835	2822.8052010772008	1	0	1	0.36058411701360193
63200.0	500.0	2622.8052010772117	0.0	0	420.83595439324563	2822.8052010771935	1	0	1	0.36058411701360304
64200.0	500.0	2622.805201077211	0.0	0	591.9527823811222	2822.8052010771935	1	0	1	0.36058411701360304
65200.0	500.0	2622.805201077212	0.0	0	440.4884377214403	2822.8052010772008	1	0	1	0.36058411701360193
66200.0	500.0	2622.805201077197	0.0	0	477.5791827708672	2822.805201077186	1	0	1	0.3605841170136026
67200.0	500.0	2622.8052010771994	0.0	0	629.5384688087506	2822.805201077186	1	0	1	0.36058411701360393
68200.0	500.0	2622.805201077194	0.0	0	603.1089863648376	2822.805201077179	1	0	1	0.3605841170136057
69501.80174651742	1000.0	2321.0034545597928	0.0	0	0.0	2822.805201077179	1	0	1	0.36058411701360527
70753.44065076714	1000.0	2069.36455031007	0.0	0	0.0	2822.805201077179	1	0	1	1.0537312975735507
71783.24997668708	1000.0	2039.5552243901438	0.0	0	0.0	2822.8052010771935	1	0	1	1.0537312975735484
72682.64497004145	1000.0	2140.16023103575	0.0	0	0.0	2822.8052010771935	1	0	1	1.0537312975735484
73323.81260951071	1000.0	2498.992591566476	0.0	0	0.0	2822.8052010771935	1	0	1	1.0537312975735484
74267.44861634065	1000.0	2555.3565847365558	0.0	0	0.0	2822.8052010771935	1	0	1	1.0537312975735484
75200.0	1000.0	2622.8052010772203	0.0	0	277.60572667920496	2822.8052010771935	1	0	1	1.0537312975735484
76200.0	1000.0	2622.8052010772208	0.0	0	315.5461951335019	2822.8052010771935	1	0	1	1.0537312975735484
77200.0	1000.0	2622.8052010772176	0.0	0	326.2454266573186	2822.8052010771935	1	0	1	1.0537312975735484
78200.0	1000.0	2622.8052010772126	0.0	0	238.98281276761554	2822.805201077208	1	0	1	1.0537312975735462
79200.0	1000.0	2622.8052010772144	0.0	0	193.33715652798128	2822.805201077208	1	0	1	1.0537312975735462
80200.0	1000.0	2622.8052010772185	0.0	0	408.3445759230235	2822.805201077208	1	0	1	1.0537312975735462
81200.0	1000.0	2622.805201077211	0.0	0	285.8867772926169	2822.805201077208	1	0	1	1.0537312975735462
82206.93179322233	1000.0	2615.873407854877	0.0	0	0.0	2822.805201077208	1	0	1	1.0537312975735462
83262.21455599308	1000.0	2560.5906450841285	0.0	0	0.0	2822.8052010772226	1	0	1	1.053731297573544
84200.0	1000.0	2622.8052010772253	0.0	0	337.08095920171763	2822.805201077237	1	0	1	1.0537312975735418
85200.0	1000.0	2622.8052010772176	0.0	0	186.8151505405258	2822.805201077237	1	0	1	1.0537312975735418
86200.0	1000.0	2622.8052010772267	0.0	0	140.43694978684653	2822.8052010772517	1	0	1	1.0537312975735396
87200.0	1000.0	2622.8052010772367	0.0	0	273.891229246874	2822.8052010772517	1	0	1	1.0537312975735396
88200.0	1000.0	2622.805201077215	0.0	0	40.317203083235654	2822.805201077237	1	0	1	1.0537312975735418
89200.0	1000.0	2622.8052010772267	0.0	0	130.7122937499371	2822.805201077237	1	0	1	1.0537312975735418
90701.52635577924	1000.0	2121.278845298002	0.0	0	0.0	2822.805201077237	1	0	1	1.0537312975735418
92128.77797309903	1000.0	1694.0272279782305	0.0	0	0.0	2822.805201077237	1	0	1	1.0537312975735418
93325.76253289248	1000.0	1497.0426681847812	0.0	0	0.0	2822.805201077237	1	0	1	1.0537312975735418
94695.78102936305	1000.0	1127.0241717142317	0.0	0	0.0	2822.805201077237	1	0	1	1.0537312975735418
96072.88436643023	1000.0	749.9208346470593	0.0	0	0.0	2822.8052010772517	1	0	1	1.0537312975735396
96647.417302598	500.0	1175.3878984792677	0.0	0	0.0	2822.805201077237	1	0	1	-0.33256306354634907
97137.94157995314	500.0	1684.8636211241185	0.0	0	0.0	2822.805201077237	1	0	1	0.3605841170135963
97813.67693980629	500.0	2009.1282612709651	0.0	0	0.0	2822.805201077237	1	0	1	0.3605841170135963
98366.69176486175	500.0	2456.1134362155267	0.0	0	0.0	2822.805201077237	1	0	1	0.3605841170135963
99200.0	500.0	2622.805201077275	0.0	0	162.36558755402802	2822.805201077237	1	0	1	0.3605841170135963
100200.0	500.0	2622.8052010772662	0.0	0	570.9246303702093	2822.805201077237	1	0	1	0.3605841170135963
101200.0	500.0	2622.805201077255	0.0	0	616.174676278868	2822.805201077237	1	0	1	0.3605841170135963
102200.0	500.0	2622.8052010772617	0.0	0	423.9842667392222	2822.805201077237	1	0	1	0.3605841170135963
103200.0	500.0	2622.8052010772626	0.0	0	519.4122211741924	2822.805201077237	1	0	1	0.3605841170135963
104200.0	500.0	2622.8052010772612	0.0	0	142.62114716637006	2822.805201077237	1	0	1	0.3605841170135963
105200.0	500.0	2622.8052010772544	0.0	0	480.636875681128	2822.805201077237	1	0	1	0.3605841170135963
106200.0	500.0	2622.8052010772553	0.0	0	94.70291848869238	2822.805201077237	1	0	1	0.3605841170135963
107200.0	500.0	2622.8052010772335	0.0	0	181.76389250419743	2822.805201077237	1	0	1	0.3605841170135963
108200.0	500.0	2622.8052010772276	0.0	0	499.0067713718163	2822.805201077237	1	0	1	0.3605841170135963
109200.0	500.0	2622.805201077216	0.0	0	722.1051114109141	2822.805201077237	1	0	1	0.3605841170135963
110200.0	500.0	2622.805201077226	0.0	0	746.8694288457627	2822.8052010772517	1	0	1	0.36058411701359405
111200.0	500.0	2622.805201077238	0.0	0	664.0005745328963	2822.8052010772517	1	0	1	0.36058411701359405
112200.0	500.0	2622.8052010772394	0.0	0	492.9006484672136	2822.8052010772517	1	0	1	0.36058411701359405
113200.0	500.0	2622.805201077241	0.0	0	559.8166018825723	2822.8052010772517	1	0	1	0.36058411701359405
114200.0	500.0	2622.8052010772344	0.0	0	618.6685624918609	2822.805201077237	1	0	1	0.3605841170135963
115267.30185376393	1000.0	2555.50334731329	0.0	0	0.0	2822.805201077237	1	0	1	0.3605841170135964
116200.0	1000.0	2622.8052010772117	0.0	0	37.316845667606685	2822.805201077237	1	0	1	1.0537312975735418
117468.07011349146	1000.0	2354.735087585773	0.0	0	0.0	2822.805201077237	1	0	1	1.0537312975735418
118811.82669651248	1000.0	2010.9785045647657	0.0	0	0.0	2822.805201077237	1	0	1	1.0537312975735418
119802.50829678623	1000.0	2020.2969042910102	0.0	0	0.0	2822.805201077237	1	0	1	1.0537312975735418
120978.16987370336	1000.0	1844.63532737388	0.0	0	0.0	2822.805201077237	1	0	1	1.0537312975735418
122378.49332623546	1000.0	1444.3118748417805	0.0	0	0.0	2822.805201077237	1	0	1	1.0537312975735418
123377.8407951073	1000.0	1444.96440596993	0.0	0	0.0	2822.8052010772517	1	0	1	1.0537312975735396
124532.79068804579	1000.0	1290.0145130314518	0.0	0	0.0	2822.8052010772517	1	0	1	1.0537312975735396
125239.03912191147	500.0	1583.7660791657636	0.0	0	0.0	2822.8052010772517	1	0	1	-0.3325630635463513
125702.72428725514	500.0	2120.080913822081	0.0	0	0.0	2822.8052010772517	1	0	1	0.36058411701359405
126200.0	500.0	2622.805201077236	0.0	0	205.34216172905872	2822.8052010772517	1	0	1	0.36058411701359405
127200.0	500.0	2622.8052010772453	0.0	0	555.5335943451937	2822.8052010772517	1	0	1	0.36058411701359405
128200.0	1000.0	2622.8052010772403	0.0	0	549.261761592832	2822.8052010772517	1	0	1	0.36058411701359416
129404.0733625571	1000.0	2418.7318385201343	0.0	0	0.0	2822.8052010772517	1	0	1	1.0537312975735396
130209.23515017092	1000.0	2613.570050906329	0.0	0	0.0	2822.8052010772517	1	0	1	1.0537312975735396
131376.18084915806	1000.0	2446.624351919176	0.0	0	0.0	2822.805201077237	1	0	1	1.053731297573541
132200.0	1000.0	2622.8052010771935	0.0	0	122.31388079657336	2822.805201077208	1	0	1	1.0537312975735444
133200.0	1000.0	2622.8052010771776	0.0	0	352.13875253873994	2822.8052010771935	1	0	1	1.053731297573548
134200.0	1000.0	2622.805201077169	0.0	0	579.5721541851817	2822.8052010771935	1	0	1	1.0537312975735476
135200.0	1000.0	2622.805201077173	0.0	0	430.46042125989334	2822.8052010771935	1	0	1	1.0537312975735484
136200.0	1000.0	2622.805201077171	0.0	0	338.262232099165	2822.8052010771935	1	0	1	1.0537312975735484
137200.0	1000.0	2622.8052010771553	0.0	0	369.6848930575943	2822.8052010771935	1	0	1	1.0537312975735484
138379.8855086325	1000.0	2442.9196924446633	0.0	0	0.0	2822.8052010771935	1	0	1	1.0537312975735484
139361.15353045161	1000.0	2461.6516706255043	0.0	0	0.0	2822.8052010771644	1	0	1	1.0537312975735529
140200.0	1000.0	2622.805201077104	0.0	0	282.0810232635413	2822.8052010771644	1	0	1	1.0537312975735529
141200.0	1000.0	2622.805201077097	0.0	0	410.25326104220585	2822.8052010771644	1	0	1	1.0537312975735529
142447.952197219	1000.0	2374.8530038580584	0.0	0	0.0	2822.8052010771644	1	0	1	1.0537312975735529
143384.2475994715	1000.0	2438.557601605586	0.0	0	0.0	2822.8052010771644	1	0	1	1.0537312975735529
144200.0	1000.0	2622.8052010771166	0.0	0	180.92339256725973	2822.8052010771935	1	0	1	1.0537312975735484
145320.91598359164	1000.0	2501.8892174854923	0.0	0	0.0	2822.8052010771935	1	0	1	1.0537312975735484
146949.74558607506	1000.0	1873.0596150021063	0.0	0	0.0	2822.8052010771935	1	0	1	1.0537312975735484
148366.95287755886	1000.0	1455.8523235183166	0.0	0	0.0	2822.8052010771935	1	0	1	1.0537312975735484
148994.7565782115	500.0	1828.048622865693	0.0	0	0.0	2822.8052010771935	1	0	1	-0.33256306354634224
149654.35260831006	500.0	2168.452592767093	0.0	0	0.0	2822.8052010771935	1	0	1	0.36058411701360304
150354.30580136098	500.0	2468.499399716189	0.0	0	0.0	2822.8052010771935	1	0	1	0.36058411701360304
151200.0	500.0	2622.8052010771858	0.0	0	191.35266988078365	2822.8052010771935	1	0	1	0.36058411701360304
152200.0	500.0	2622.8052010771917	0.0	0	690.3799777957902	2822.8052010772226	1	0	1	0.3605841170135985
153200.0	500.0	2622.8052010771976	0.0	0	697.4505701090093	2822.8052010772517	1	0	1	0.36058411701359405
154200.0	500.0	2622.8052010771517	0.0	0	681.67558076969	2822.8052010772517	1	0	1	0.36058411701359405
155200.0	500.0	2622.8052010771967	0.0	0	463.81220411125105	2822.805201077281	1	0	1	0.36058411701358956
156200.0	500.0	2622.8052010772067	0.0	0	554.172673120629	2822.805201077281	1	0	1	0.36058411701358956
157200.0	1000.0	2622.8052010772085	0.0	0	79.68989459986915	2822.805201077281	1	0	1	0.3605841170135896
158200.0	1000.0	2622.805201077202	0.0	0	117.66224013254396	2822.805201077281	1	0	1	1.0537312975735351
159200.0	1000.0	2622.805201077204	0.0	0	402.54797016788507	2822.805201077281	1	0	1	1.0537312975735351
160546.24921007076	1000.0	2276.5559910064508	0.0	0	0.0	2822.805201077281	1	0	1	1.0537312975735351
161757.77570438277	1000.0	2065.029496694468	0.0	0	0.0	2822.80520107731	1	0	1	1.0537312975735307
163092.64638462404	1000.0	1730.1588164531872	0.0	0	0.0	2822.80520107731	1	0	1	1.0537312975735307
163667.80065554345	1000.0	2155.0045455337777	0.0	0	0.0	2822.805201077339	1	0	1	1.053731297573526
164521.25777782514	1000.0	2301.547423252099	0.0	0	0.0	2822.805201077339	1	0	1	1.053731297573526
165382.78437243382	1000.0	2440.0208286434345	0.0	0	0.0	2822.805201077368	1	0	1	1.0537312975735251
166258.34592525032	1000.0	2564.4592758269127	0.0	0	0.0	2822.805201077397	1	0	1	1.0537312975735171
167617.8504877299	1000.0	2204.9547133473407	0.0	0	0.0	2822.8052010774554	1	0	1	1.05373129757351
168477.20192609026	1000.0	2345.6032749869955	0.0	0	0.0	2822.8052010774554	1	0	1	1.0537312975735083
169571.76090987577	1000.0	2251.0442912014582	0.0	0	0.0	2822.8052010774554	1	0	1	1.0537312975735083
170695.7818842203	1000.0	2127.0233168569175	0.0	0	0.0	2822.8052010774845	1	0	1	1.0537312975735038
171536.95853316365	1000.0	2285.8466679135936	0.0	0	0.0	2822.8052010774554	1	0	1	1.0537312975735083
172761.9694125348	1000.0	2060.835788542453	0.0	0	0.0	2822.8052010774554	1	0	1	1.0537312975735083
174349.48271343028	1000.0	1473.3224876469726	0.0	0	0.0	2822.8052010774554	1	0	1	1.0537312975735083
175043.66552774239	1000.0	1779.1396733348674	0.0	0	0.0	2822.8052010774554	1	0	1	1.0537312975735083
175791.5229070834	1000.0	2031.2822939938615	0.0	0	0.0	2822.8052010774554	1	0	1	1.0537312975735083
176510.66802033514	1000.0	2312.137180742106	0.0	0	0.0	2822.8052010774845	1	0	1	1.0537312975735056
177200.0	1000.0	2622.8052010772662	0.0	0	67.53120303811738	2822.8052010774845	1	0	1	1.0537312975735038
178415.8066038965	1000.0	2406.998597180778	0.0	0	0.0	2822.8052010774845	1	0	1	1.0537312975735038
179330.39038377916	1000.0	2492.414817298109	0.0	0	0.0	2822.8052010775136	1	0	1	1.0537312975734994
180200.0	1000.0	2622.805201077276	0.0	0	274.0526933861838	2822.8052010775136	1	0	1	1.0537312975734994
181200.0	1000.0	2622.8052010772662	0.0	0	308.2194703608693	2822.8052010775136	1	0	1	1.0537312975734994
182200.0	1000.0	2622.8052010772903	0.0	0	178.49621006537927	2822.8052010775136	1	0	1	1.0537312975734994
183200.0	1000.0	2622.8052010773085	0.0	0	80.28907136374619	2822.8052010775427	1	0	1	1.0537312975734947
184432.0975572006	1000.0	2390.7076438766885	0.0	0	0.0	2822.805201077572	1	0	1	1.0537312975734903
185396.01642950063	1000.0	2426.788771576699	0.0	0	0.0	2822.805201077601	1	0	1	1.0537312975734858
186200.0	1000.0	2622.8052010773235	0.0	0	26.18575188666	2822.805201077601	1	0	1	1.0537312975734858
187200.0	1000.0	2622.805201077317	0.0	0	307.17875965393614	2822.805201077601	1	0	1	1.0537312975734858
188202.29470398527	1000.0	2620.5104970920675	0.0	0	0.0	2822.80520107763	1	0	1	1.0537312975734814
189200.0	1000.0	2622.805201077347	0.0	0	416.8464389308647	2822.80520107763	1	0	1	1.0537312975734814
190200.0	1000.0	2622.8052010773254	0.0	0	68.05499963130569	2822.80520107763	1	0	1	1.0537312975734814
191200.0	1000.0	2622.8052010772876	0.0	0	179.4249077263812	2822.80520107763	1	0	1	1.0537312975734814
192887.56178607087	1000.0	1935.2434150063807	0.0	0	0.0	2822.805201077601	1	0	1	1.053731297573485
194000.1782022037	1000.0	1822.6269988735673	0.0	0	0.0	2822.805201077601	1	0	1	1.0537312975734858
194977.43711430524	1000.0	1845.3680867720486	0.0	0	0.0	2822.805201077601	1	0	1	1.0537312975734858
195988.4531608382	1000.0	1834.352040239065	0.0	0	0.0	2822.805201077572	1	0	1	1.0537312975734903
196950.76373047498	1000.0	1872.0414706022934	0.0	0	0.0	2822.805201077601	1	0	1	1.0537312975734858
198257.09782174343	1000.0	1565.7073793338068	0.0	0	0.0	2822.805201077572	1	0	1	1.0537312975734903
199797.51894572662	1000.0	1025.286255350617	0.0	0	0.0	2822.805201077572	1	0	1	1.0537312975734903
201165.64436057364	1000.0	657.160840503619	0.0	0	0.0	2822.805201077572	1	0	1	1.0537312975734903
202319.74695194993	500.0	503.0582491273244	0.0	0	0.0	2822.805201077572	1	0	1	-0.33256306354640053
203226.83022238777	500.0	595.9749786894854	0.0	0	0.0	2822.805201077572	1	0	1	0.36058411701354487
204294.1211490673	500.0	528.6840520099446	0.0	0	0.0	2822.805201077572	1	0	1	0.36058411701354487
204959.06652539814	500.0	863.7386756790894	0.0	0	0.0	2822.805201077572	1	0	1	0.36058411701354487
205493.1226022385	500.0	1329.682598838728	0.0	0	0.0	2822.805201077572	1	0	1	0.36058411701354487
206158.998255448	500.0	1663.806945629205	0.0	0	0.0	2822.805201077572	1	0	1	0.36058411701354487
206647.07506374776	500.0	2175.7301373294704	0.0	0	0.0	2822.805201077601	1	0	1	0.3605841170135404
207200.0	500.0	2622.8052010772326	0.0	0	123.92435761069646	2822.805201077601	1	0	1	0.3605841170135404
208200.0	500.0	2622.805201077216	0.0	0	375.4152429283131	2822.805201077601	1	0	1	0.3605841170135404
209200.0	500.0	2622.805201077209	0.0	0	235.42517213788233	2822.805201077601	1	0	1	0.3605841170135404
210200.0	500.0	2622.805201077195	0.0	0	502.7726791262685	2822.805201077601	1	0	1	0.3605841170135404
211200.0	500.0	2622.805201077206	0.0	0	389.87592761340784	2822.805201077601	1	0	1	0.3605841170135404
212200.0	500.0	2622.8052010771967	0.0	0	565.2996803459828	2822.805201077572	1	0	1	0.36058411701354487
213200.0	500.0	2622.80520107721	0.0	0	562.4496856573387	2822.805201077572	1	0	1	0.36058411701354487
214200.0	500.0	2622.805201077214	0.0	0	165.68690361903282	2822.805201077572	1	0	1	0.36058411701354487
215200.0	500.0	2622.80520107725	0.0	0	442.8496962270874	2822.805201077601	1	0	1	0.3605841170135404
216200.0	500.0	2622.805201077252	0.0	0	618.9570869817107	2822.805201077601	1	0	1	0.3605841170135404
217200.0	500.0	2622.80520107724	0.0	0	730.3202337202092	2822.805201077601	1	0	1	0.3605841170135404
218324.48395155516	1000.0	2498.321249522089	0.0	0	0.0	2822.80520107763	1	0	1	0.360584117013536
219476.62638245206	1000.0	2346.178818625196	0.0	0	0.0	2822.80520107763	1	0	1	1.0537312975734814
220649.6542010191	1000.0	2173.1510000581457	0.0	0	0.0	2822.805201077601	1	0	1	1.0537312975734832
221808.06542626515	1000.0	2014.7397748120825	0.0	0	0.0	2822.805201077601	1	0	1	1.0537312975734858
222635.31596445377	1000.0	2187.489236623437	0.0	0	0.0	2822.805201077601	1	0	1	1.0537312975734858
223233.36127245205	1000.0	2589.4439286251823	0.0	0	0.0	2822.805201077601	1	0	1	1.0537312975734858
224200.0	1000.0	2622.805201077223	0.0	0	197.49772304439102	2822.80520107763	1	0	1	1.0537312975734814
225200.0	1000.0	2622.8052010772158	0.0	0	302.1444734460674	2822.80520107763	1	0	1	1.0537312975734814
226200.0	1000.0	2622.8052010772135	0.0	0	341.8323195470439	2822.80520107763	1	0	1	1.0537312975734814
227200.0	1000.0	2622.8052010771958	0.0	0	476.010580707778	2822.805201077601	1	0	1	1.0537312975734858
228200.0	1000.0	2622.8052010772108	0.0	0	240.96128535442404	2822.80520107763	1	0	1	1.0537312975734814
229200.0	1000.0	2622.8052010771717	0.0	0	68.23593402115512	2822.80520107763	1	0	1	1.0537312975734814
230352.99949288793	1000.0	2469.8057081892225	0.0	0	0.0	2822.805201077601	1	0	1	1.0537312975734823
231232.57791390206	1000.0	2590.2272871750865	0.0	0	0.0	2822.805201077601	1	0	1	1.0537312975734858
232298.59690460985	1000.0	2524.2082964673164	0.0	0	0.0	2822.805201077572	1	0	1	1.0537312975734903
233200.0	1000.0	2622.805201077175	0.0	0	160.83520234547905	2822.805201077572	1	0	1	1.0537312975734903
234200.0	1000.0	2622.805201077162	0.0	0	230.1673579348717	2822.805201077601	1	0	1	1.0537312975734858
235200.0	1000.0	2622.805201077136	0.0	0	435.835298255668	2822.805201077601	1	0	1	1.0537312975734858
236200.0	1000.0	2622.8052010771107	0.0	0	393.8323006706778	2822.805201077601	1	0	1	1.0537312975734858
237200.0	1000.0	2622.805201077123	0.0	0	9.653810410760343	2822.805201077601	1	0	1	1.0537312975734858
238593.75026081392	1000.0	2229.0549402631923	0.0	0	0.0	2822.805201077601	1	0	1	1.0537312975734858
240126.00891012303	1000.0	1696.7962909540918	0.0	0	0.0	2822.805201077572	1	0	1	1.0537312975734903
241451.12419977522	1000.0	1371.6810013018865	0.0	0	0.0	2822.805201077601	1	0	1	1.0537312975734885
242670.12773439643	1000.0	1152.677466680681	0.0	0	0.0	2822.805201077601	1	0	1	1.0537312975734876
243521.43484556355	500.0	1301.370355513567	0.0	0	0.0	2822.805201077601	1	0	1	-0.33256306354640497
244068.9642517072	500.0	1753.8409493698857	0.0	0	0.0	2822.805201077601	1	0	1	0.3605841170135404
244611.03492957974	500.0	2211.770271497343	0.0	0	0.0	2822.805201077601	1	0	1	0.3605841170135404
245420.53034213567	500.0	2402.274858941383	0.0	0	0.0	2822.805201077601	1	0	1	0.3605841170135404
246200.0	500.0	2622.8052010770375	0.0	0	308.9030346167565	2822.80520107763	1	0	1	0.36058411701353593
247200.0	500.0	2622.8052010770607	0.0	0	278.0068728252081	2822.80520107763	1	0	1	0.36058411701353593
248200.0	500.0	2622.805201077068	0.0	0	575.0273212896718	2822.805201077659	1	0	1	0.36058411701353144
249200.0	500.0	2622.805201077071	0.0	0	467.61856226381497	2822.805201077659	1	0	1	0.36058411701353144
250200.0	500.0	2622.8052010770502	0.0	0	514.8901719725691	2822.80520107763	1	0	1	0.36058411701353593
251200.0	500.0	2622.805201077069	0.0	0	592.4962858291983	2822.80520107763	1	0	1	0.36058411701353593
252200.0	500.0	2622.8052010771003	0.0	0	222.87913590899552	2822.80520107763	1	0	1	0.36058411701353593
253200.0	500.0	2622.8052010771135	0.0	0	114.8102706130303	2822.805201077601	1	0	1	0.3605841170135404
254200.0	500.0	2622.805201077109	0.0	0	505.2861735782062	2822.80520107763	1	0	1	0.36058411701353593
255200.0	500.0	2622.8052010771144	0.0	0	170.42651580061647	2822.80520107763	1	0	1	0.36058411701353593
256200.0	500.0	2622.8052010771244	0.0	0	213.56557385777705	2822.805201077601	1	0	1	0.3605841170135404
257200.0	500.0	2622.805201077115	0.0	0	601.1618784091552	2822.805201077572	1	0	1	0.36058411701354487
258200.0	500.0	2622.8052010771266	0.0	0	723.2195223575982	2822.8052010775427	1	0	1	0.3605841170135493
259200.0	500.0	2622.805201077115	0.0	0	652.736024289683	2822.8052010775427	1	0	1	0.3605841170135493
260200.0	500.0	2622.8052010771057	0.0	0	729.8364896301937	2822.8052010775136	1	0	1	0.3605841170135538
261200.0	500.0	2622.805201077131	0.0	0	554.5425510919595	2822.8052010775136	1	0	1	0.3605841170135538
262200.0	500.0	2622.8052010771044	0.0	0	608.3691020584374	2822.8052010775427	1	0	1	0.3605841170135493
263200.0	500.0	2622.8052010771034	0.0	0	634.3362653093645	2822.805201077572	1	0	1	0.3605841170135502
264471.72462128586	1000.0	2351.0805797912326	0.0	0	0.0	2822.805201077572	1	0	1	0.36058411701354665
265294.6783489615	1000.0	2528.1268521155716	0.0	0	0.0	2822.8052010775427	1	0	1	1.0537312975734938
266259.3446014903	1000.0	2563.4605995868515	0.0	0	0.0	2822.805201077601	1	0	1	1.0537312975734858
268310.81351549533	1000.0	1511.991685581819	0.0	0	0.0	2822.805201077601	1	0	1	1.0537312975734858
269433.60195517226	1000.0	1389.2032459049187	0.0	0	0.0	2822.805201077601	1	0	1	1.0537312975734858
270337.32387462456	1000.0	1485.4813264526542	0.0	0	0.0	2822.805201077601	1	0	1	1.0537312975734858
271354.115846923	1000.0	1468.6893541542083	0.0	0	0.0	2822.805201077601	1	0	1	1.0537312975734858
272188.58353875706	1000.0	1634.2216623201966	0.0	0	0.0	2822.805201077601	1	0	1	1.0537312975734858
272992.13628114946	1000.0	1830.6689199277398	0.0	0	0.0	2822.805201077659	1	0	1	1.053731297573477
274324.7659403578	1000.0	1498.0392607194187	0.0	0	0.0	2822.805201077659	1	0	1	1.053731297573477
274900.6082128237	1000.0	1922.196988253505	0.0	0	0.0	2822.805201077659	1	0	1	1.053731297573477
275653.7586204957	1000.0	2169.0465805814483	0.0	0	0.0	2822.805201077601	1	0	1	1.0537312975734858
276388.1562730995	1000.0	2434.6489279776847	0.0	0	0.0	2822.805201077659	1	0	1	1.0537312975734823
277200.0	1000.0	2622.805201077205	0.0	0	360.09565664851107	2822.805201077659	1	0	1	1.053731297573477
278200.0	1000.0	2622.805201077204	0.0	0	124.50995748233981	2822.805201077659	1	0	1	1.053731297573477
279200.0	1000.0	2622.8052010771735	0.0	0	22.177638007502537	2822.805201077659	1	0	1	1.053731297573477
280200.0	1000.0	2622.8052010771657	0.0	0	45.29753053112654	2822.805201077659	1	0	1	1.053731297573477
281200.0	1000.0	2622.805201077259	0.0	0	180.43118649331154	2822.805201077659	1	0	1	1.053731297573477
282200.0	1000.0	2622.805201077244	0.0	0	515.6805835373816	2822.805201077659	1	0	1	1.053731297573477
283200.0	1000.0	2622.8052010772444	0.0	0	586.6877672577393	2822.805201077659	1	0	1	1.053731297573477
284200.0	1000.0	2622.8052010771935	0.0	0	543.0559885398834	2822.805201077659	1	0	1	1.053731297573477
285200.0	1000.0	2622.8052010772376	0.0	0	259.46706767269643	2822.805201077601	1	0	1	1.0537312975734858
286224.6562022302	1000.0	2598.148998847102	0.0	0	0.0	2822.805201077601	1	0	1	1.0537312975734858
287430.2044268633	1000.0	2392.600774214002	0.0	0	0.0	2822.805201077659	1	0	1	1.053731297573477
288291.2662392582	1000.0	2531.538961819056	0.0	0	0.0	2822.8052010777174	1	0	1	1.0537312975734752
289200.0	1000.0	2622.8052010772794	0.0	0	143.60869332245784	2822.8052010777756	1	0	1	1.053731297573459
290200.0	1000.0	2622.805201077258	0.0	0	181.925704239693	2822.8052010777174	1	0	1	1.0537312975734678
291564.92333797447	1000.0	2257.881863102809	0.0	0	0.0	2822.8052010777174	1	0	1	1.0537312975734678
292697.53196323145	1000.0	2125.2732378459136	0.0	0	0.0	2822.8052010777756	1	0	1	1.053731297573459
293599.94174315507	1000.0	2222.8634579222744	0.0	0	0.0	2822.8052010777174	1	0	1	1.0537312975734678
295162.1204092005	1000.0	1660.684791876874	0.0	0	0.0	2822.8052010777756	1	0	1	1.0537312975734607
296807.466480001	1000.0	1015.338721076384	0.0	0	0.0	2822.8052010777756	1	0	1	1.053731297573459
297773.02476230165	1000.0	1049.7804387757037	0.0	0	0.0	2822.8052010777756	1	0	1	1.053731297573459
298534.1856537489	500.0	1288.6195473284101	0.0	0	0.0	2822.8052010777174	1	0	1	-0.33256306354642645
299198.4437621605	500.0	1624.3614389168695	0.0	0	0.0	2822.805201077659	1	0	1	0.36058411701353144
299725.0690930917	500.0	2097.736107985669	0.0	0	0.0	2822.805201077659	1	0	1	0.36058411701353144
300200.0	500.0	2622.805201077329	0.0	0	61.70183724781964	2822.805201077659	1	0	1	0.36058411701353144
1.44	1.39	1.52	1.24	1.07	1.37	1.42	1.6	0.79	1.01	0.72	1.2	1.66	1.66	1.42	0.81	1.19	0.9	1.16	1.1	0.89	0.73	0.79	1.4	1.42	1.37	0.95	1.03	1.37	1.09	1.36	1.25	1.04	1.04	1.61	1.31	0.83	1.74	1.44	1.59	0.65	0.8	1.02	1.14	1.26	1.17	1.01	0.5	0.71	0.7	0.52	0.73	0.6	0.86	0.65	0.93	0.9	0.71	0.9	1.03	1.26	1.27	0.79	1.2	1.9	1.63	0.89	0.96	1.18	0.56	1.29	1.45	1.33	1.62	1.16	1.53	1.3	1.51	1.09	0.9	0.93	1.32	1.68	1.42	1.23	1.27	0.95	0.83	0.61	0.75	0.97	0.71	0.98	0.75	1.01	0.96	1.07	1.22	1.44	1.16	0.78	0.66	0.83	0.74	0.57	1.3	1.6	2.11	1.42	1.33	1.69	1.08	1.04	1.49	1.01	0.56	0.65	0.98	1.1	0.94	1.24	1.07	0.86	1.47	1.29	1.92	1.09	1.26	1.16	1.19	1.67	2.06	2.1	1.12	1.22	0.96	1.07	1.61	1.49	0.97	0.81	1.2	1.05	0.6	0.63	0.88	0.83	0.93	0.98	1.7	1.44	1.39	1.52	1.24	1.07	1.37	1.42	1.6	0.79	1.01	0.72	1.2	1.66	1.66	1.42	0.81	1.19	0.9	1.16	1.1	0.89	0.73	0.79	1.4	1.42	1.37	0.95	1.03	1.37	1.09	1.36	1.25	1.04	1.04	1.61	1.31	0.83	1.74	1.44	1.59	0.65	0.8	1.02	1.14	1.26	1.17	1.01	0.5	0.71	0.7	0.52	0.73	0.6	0.86	0.65	0.93	0.9	0.71	0.9	1.03	1.26	1.27	0.79	1.2	1.9	1.63	0.89	0.96	1.18	0.56	1.29	1.45	1.33	1.62	1.16	1.53	1.3	1.51	1.09	0.9	0.93	1.32	1.68	1.42	1.23	1.27	0.95	0.83	0.61	0.75	0.97	0.71	0.98	0.75	1.01	0.96	1.07	1.22	1.44	1.16	0.78	0.66	0.83	0.74	0.57	1.3	1.6	2.11	1.42	1.33	1.69	1.08	1.04	1.49	1.01	0.56	0.65	0.98	1.1	0.94	1.24	1.07	0.86	1.47	1.29	1.92	1.09	1.26	1.16	1.19	1.67	2.06	2.1	1.12	1.22	0.96	1.07	1.61	1.49	0.97	0.81	1.2	1.05	0.6	0.63	0.88	0.83	0.93	0.98	1.7	1.44	1.39	1.52
1.0	2.0	3.0	4.0	5.0	6.0	7.0	8.0	9.0	10.0	11.0	12.0	13.0	14.0	15.0	16.0	17.0	18.0	19.0	20.0	21.0	22.0	23.0	24.0	25.0	26.0	27.0	28.0	29.0	30.0	31.0	32.0	33.0	34.0	35.0	36.0	37.0	38.0	39.0	40.0	41.0	42.0	43.0	44.0	45.0	46.0	47.0	48.0	49.0	50.0	51.0	52.0	53.0	54.0	55.0	56.0	57.0	58.0	59.0	60.0	61.0	62.0	63.0	64.0	65.0	66.0	67.0	68.0	69.0	70.0	71.0	72.0	73.0	74.0	75.0	76.0	77.0	78.0	79.0	80.0	81.0	82.0	83.0	84.0	85.0	86.0	87.0	88.0	89.0	90.0	91.0	92.0	93.0	94.0	95.0	96.0	97.0	98.0	99.0	100.0	101.0	102.0	103.0	104.0	105.0	106.0	107.0	108.0	109.0	110.0	111.0	112.0	113.0	114.0	115.0	116.0	117.0	118.0	119.0	120.0	121.0	122.0	123.0	124.0	125.0	126.0	127.0	128.0	129.0	130.0	131.0	132.0	133.0	134.0	135.0	136.0	137.0	138.0	139.0	140.0	141.0	142.0	143.0	144.0	145.0	146.0	147.0	148.0	149.0	149.0	150.0	151.0	152.0	153.0	154.0	155.0	156.0	157.0	158.0	159.0	160.0	161.0	162.0	163.0	164.0	165.0	166.0	167.0	168.0	169.0	170.0	171.0	172.0	173.0	174.0	175.0	176.0	177.0	178.0	179.0	180.0	181.0	182.0	183.0	184.0	185.0	186.0	187.0	188.0	189.0	190.0	191.0	192.0	193.0	194.0	195.0	196.0	197.0	198.0	199.0	200.0	201.0	202.0	203.0	204.0	205.0	206.0	207.0	208.0	209.0	210.0	211.0	212.0	213.0	214.0	215.0	216.0	217.0	218.0	219.0	220.0	221.0	222.0	223.0	224.0	225.0	226.0	227.0	228.0	229.0	230.0	231.0	232.0	233.0	234.0	235.0	236.0	237.0	238.0	239.0	240.0	241.0	242.0	243.0	244.0	245.0	246.0	247.0	248.0	249.0	250.0	251.0	252.0	253.0	254.0	255.0	256.0	257.0	258.0	259.0	260.0	261.0	262.0	263.0	264.0	265.0	266.0	267.0	268.0	269.0	270.0	271.0	272.0	273.0	274.0	275.0	276.0	277.0	278.0	279.0	280.0	281.0	282.0	283.0	284.0	285.0	286.0	287.0	288.0	289.0	290.0	291.0	292.0	293.0	294.0	295.0	296.0	297.0	298.0	298.0	299.0	300.0	301.0
2278.305041268476
