3109.4721753405656	300.0	2000.0	234.6347213735829	0	0.0	3109.4721753405656	1	0	1	-1.597776577525459
3334.477119340102	300.0	2774.995056000463	0.0	0	0.0	3109.472175340565	1	0	1	-0.20060469844703166
4200.0	500.0	2909.4721753405656	0.0	0	210.3079386641748	3109.472175340565	1	0	1	-0.20060469844703155
5200.0	500.0	2809.472175340567	0.0	0	479.79961816060404	3009.472175340566	1	0	2	-0.07784146796352837
6200.0	500.0	2809.4721753405684	0.0	0	501.6096692910187	3009.4721753405674	1	0	1	0.12929358227375198
7200.0	500.0	2809.47217534057	0.0	0	438.3202728763954	3009.4721753405693	1	0	1	0.3292935822737519
8200.0	500.0	2809.4721753405706	0.0	0	650.7918206960949	3009.4721753405693	1	0	1	0.32929358227375166
9200.0	500.0	2809.4721753405724	0.0	0	688.4073256649481	3009.472175340571	1	0	1	0.3292935822737515
10200.0	500.0	2809.4721753405734	0.0	0	649.3527926420502	3009.472175340572	1	0	1	0.3292935822737513
11200.0	500.0	2809.4721753405734	0.0	0	638.6744403732409	3009.472175340572	1	0	1	0.3292935822737513
12200.0	1000.0	2809.472175340572	0.0	0	464.2184410076952	3009.472175340572	1	0	1	0.3292935822737513
13200.0	1000.0	2809.472175340571	0.0	0	196.61377465609257	3009.472175340572	1	0	1	1.0224407628336967
14200.0	1000.0	2809.4721753405715	0.0	0	246.0756380854691	3009.472175340572	1	0	1	1.0224407628336967
15200.0	1000.0	2809.4721753405706	0.0	0	468.1960281417105	3009.472175340572	1	0	1	1.0224407628336967
16200.0	1000.0	2809.4721753405684	0.0	0	609.2027562454714	3009.47217534057	1	0	1	1.0224407628336971
17200.0	1000.0	2709.4721753405656	0.0	0	426.9257568042485	2909.4721753405665	1	0	2	0.6330531739899219
18200.0	1000.0	2709.4721753405643	0.0	0	382.22065529135944	2909.4721753405647	1	0	1	0.8398646240474292
19200.0	1000.0	2709.472175340566	0.0	0	621.4635641864952	2909.4721753405684	1	0	1	1.039864624047429
20200.0	1000.0	2709.4721753405643	0.0	0	552.5753779658335	2909.4721753405684	1	0	1	1.0398646240474287
21200.0	1000.0	2709.4721753405606	0.0	0	690.3208161719194	2909.4721753405684	1	0	1	1.0398646240474287
22200.0	2000.0	2609.4721753405574	0.0	0	424.82289479544124	2809.4721753405684	1	0	2	0.6497970291656445
23200.0	2000.0	2609.4721753405597	0.0	0	246.08387292015686	2809.4721753405684	1	0	1	1.548915527090803
24313.486469108637	2000.0	2495.9857062319206	0.0	0	0.0	2809.4721753405684	1	0	1	1.7489155270908032
25440.224608832195	2000.0	2369.24756650836	0.0	0	0.0	2809.4721753405684	1	0	1	1.7489155270908032
26602.84223747917	2000.0	2206.6299378613867	0.0	0	0.0	2809.4721753405684	1	0	1	1.7489155270908032
27844.505786005335	2000.0	1964.9663893352217	0.0	0	0.0	2809.472175340572	1	0	1	1.7489155270908028
28787.57773234241	2000.0	2021.894442998149	0.0	0	0.0	2809.4721753405684	1	0	1	1.7489155270908032
29427.605258625248	2000.0	2381.8669167153093	0.0	0	0.0	2809.4721753405684	1	0	1	1.7489155270908032
30273.524375817116	2000.0	2535.947799523442	0.0	0	0.0	2809.4721753405684	1	0	1	1.7489155270908032
31644.348474587445	2000.0	2165.1237007531136	0.0	0	0.0	2809.4721753405684	1	0	1	1.7489155270908032
32479.10911449582	2000.0	2330.363060844736	0.0	0	0.0	2809.4721753405684	1	0	1	1.7489155270908032
33422.31587753132	2000.0	2387.156297809232	0.0	0	0.0	2809.4721753405647	1	0	1	1.748915527090803
34261.319387827425	2000.0	2548.152787513124	0.0	0	0.0	2809.4721753405647	1	0	1	1.748915527090804
35200.0	2000.0	2609.472175340546	0.0	0	288.55634353093046	2809.4721753405647	1	0	1	1.7489155270908032
36200.0	2000.0	2609.472175340547	0.0	0	123.20465557970601	2809.4721753405684	1	0	1	1.7489155270908032
37200.0	2000.0	2609.4721753405497	0.0	0	278.3385961651875	2809.4721753405684	1	0	1	1.7489155270908032
38200.0	2000.0	2609.472175340554	0.0	0	2.4511514159676153	2809.4721753405684	1	0	1	1.7489155270908032
39200.0	2000.0	2509.47217534056	0.0	0	123.47118586268334	2709.472175340561	1	0	2	1.3590671045372116
40200.0	2000.0	2509.47217534056	0.0	0	110.3908098659158	2709.472175340561	1	0	1	1.5634201816875348
41434.3389480715	2000.0	2275.133227269072	0.0	0	0.0	2709.472175340561	1	0	1	1.763420181687535
42417.33826793674	2000.0	2292.1339074038274	0.0	0	0.0	2709.472175340561	1	0	1	1.763420181687535
43200.0	2000.0	2509.4721753405747	0.0	0	53.897993868267804	2709.472175340561	1	0	1	1.763420181687535
44200.0	2000.0	2509.472175340579	0.0	0	148.4335275377307	2709.472175340561	1	0	1	1.763420181687535
45235.463891131774	2000.0	2474.008284208817	0.0	0	0.0	2709.4721753405684	1	0	1	1.763420181687534
46200.0	2000.0	2509.472175340591	0.0	0	228.78227835190046	2709.4721753405756	1	0	1	1.7634201816875328
47200.0	2000.0	2509.472175340586	0.0	0	133.6169627430354	2709.4721753405756	1	0	1	1.7634201816875328
48585.73314838077	2000.0	2123.7390269598127	0.0	0	0.0	2709.4721753405756	1	0	1	1.7634201816875328
49380.25943795193	2000.0	2329.2127373886606	0.0	0	0.0	2709.4721753405756	1	0	1	1.7634201816875328
50312.261772770966	2000.0	2397.2104025696203	0.0	0	0.0	2709.4721753405756	1	0	1	1.7634201816875328
51238.33385147375	2000.0	2471.1383238668413	0.0	0	0.0	2709.472175340583	1	0	1	1.763420181687532
52200.0	2000.0	2509.4721753405934	0.0	0	34.13683896292059	2709.472175340583	1	0	1	1.763420181687532
53283.078184747224	2000.0	2426.39399059336	0.0	0	0.0	2709.472175340583	1	0	1	1.763420181687532
54576.47278877107	2000.0	2132.999386569516	0.0	0	0.0	2709.472175340583	1	0	1	1.763420181687532
55200.0	1000.0	2509.472175340577	0.0	0	60.25178448938823	2709.472175340583	1	0	1	0.37712582056764166
56200.0	1000.0	2509.4721753405834	0.0	0	387.8462998103132	2709.472175340583	1	0	1	1.0702730011275867
57200.0	1000.0	2509.472175340586	0.0	0	148.05038585606962	2709.472175340583	1	0	1	1.0702730011275867
58200.0	1000.0	2509.472175340588	0.0	0	43.96718700786005	2709.472175340583	1	0	1	1.0702730011275867
59200.0	1000.0	2509.4721753405897	0.0	0	217.48153551918222	2709.472175340583	1	0	1	1.0702730011275867
60200.0	1000.0	2509.4721753405943	0.0	0	201.89170900418685	2709.472175340583	1	0	1	1.0702730011275867
61200.0	1000.0	2509.472175340596	0.0	0	200.64944753749296	2709.47217534059	1	0	1	1.0702730011275858
62200.0	1000.0	2509.472175340598	0.0	0	331.6427380077439	2709.47217534059	1	0	1	1.0702730011275858
63200.0	1000.0	2509.47217534059	0.0	0	471.4750685925319	2709.472175340583	1	0	1	1.0702730011275867
64200.0	1000.0	2509.4721753405747	0.0	0	442.2757997803783	2709.4721753405756	1	0	1	1.0702730011275876
65200.0	1000.0	2509.472175340577	0.0	0	219.8056188168921	2709.4721753405756	1	0	1	1.0702730011275876
66200.0	1000.0	2509.472175340572	0.0	0	298.39787026545673	2709.4721753405684	1	0	1	1.0702730011275883
67200.0	1000.0	2509.4721753405574	0.0	0	465.5558078561735	2709.4721753405465	1	0	1	1.0702730011275907
68200.0	1000.0	2509.4721753405547	0.0	0	521.3760035831947	2709.4721753405465	1	0	1	1.070273001127592
69200.0	1000.0	2409.4721753405447	0.0	0	387.6875322044798	2609.4721753405465	1	0	2	0.6785171865667707
70200.0	1000.0	2409.472175340529	0.0	0	462.82828651418095	2609.4721753405465	1	0	1	0.8834920624899489
71200.0	1000.0	2409.4721753405074	0.0	0	435.88844326193794	2609.4721753405465	1	0	1	1.0834920624899491
72200.0	1000.0	2409.472175340509	0.0	0	292.37378460890613	2609.4721753405465	1	0	1	1.0834920624899491
73200.0	1000.0	2409.4721753405165	0.0	0	421.43843022733927	2609.4721753405465	1	0	1	1.0834920624899491
74200.0	1000.0	2409.472175340522	0.0	0	522.4149625943392	2609.4721753405465	1	0	1	1.0834920624899491
75200.0	1000.0	2409.4721753405192	0.0	0	541.594214340832	2609.4721753405465	1	0	1	1.0834920624899491
76200.0	1000.0	2409.4721753405147	0.0	0	309.90650059867767	2609.472175340532	1	0	1	1.083492062489951
77200.0	1000.0	2409.4721753405133	0.0	0	338.1858408422413	2609.472175340532	1	0	1	1.083492062489951
78200.0	1000.0	2409.472175340523	0.0	0	565.8010223140591	2609.472175340532	1	0	1	1.083492062489951
79200.0	1000.0	2309.472175340511	0.0	0	430.73839713410416	2509.472175340503	1	0	2	0.6908469357585898
80200.0	1000.0	2309.472175340498	0.0	0	7.261782475339714	2509.4721753404883	1	0	1	0.8955315060203283
81200.0	1000.0	2209.472175340485	0.0	0	361.0999573216541	2409.472175340459	1	0	2	0.7025043684299108
82200.0	1000.0	2209.472175340485	0.0	0	518.2616374159697	2409.472175340459	1	0	1	0.906489988543222
83200.0	1000.0	2209.472175340485	0.0	0	225.45900544147298	2409.472175340459	1	0	1	1.1064899885432222
84200.0	1000.0	2209.4721753404688	0.0	0	253.69971932953922	2409.472175340459	1	0	1	1.1064899885432222
85200.0	1000.0	2209.472175340472	0.0	0	430.9504507982929	2409.472175340459	1	0	1	1.1064899885432222
86200.0	1000.0	2209.4721753404583	0.0	0	527.1014439469582	2409.472175340459	1	0	1	1.1064899885432222
87200.0	1000.0	2209.472175340445	0.0	0	548.7197046136862	2409.472175340459	1	0	1	1.1064899885432222
88200.0	1000.0	2209.4721753404597	0.0	0	611.0141293084453	2409.472175340459	1	0	1	1.1064899885432222
89200.0	1000.0	2209.4721753404683	0.0	0	654.5131847649172	2409.4721753404447	1	0	1	1.106489988543224
90200.0	1000.0	2209.472175340475	0.0	0	652.7016131022829	2409.4721753404447	1	0	1	1.106489988543224
91200.0	1000.0	2209.4721753404788	0.0	0	609.6935765961971	2409.4721753404447	1	0	1	1.106489988543224
92200.0	1000.0	2209.472175340477	0.0	0	420.2779610746802	2409.4721753404447	1	0	1	1.106489988543224
93200.0	1000.0	2209.4721753404847	0.0	0	627.7950857990218	2409.472175340459	1	0	1	1.1064899885432222
94200.0	1000.0	2209.472175340485	0.0	0	561.8790036754508	2409.472175340459	1	0	1	1.1064899885432222
95200.0	1000.0	2209.472175340476	0.0	0	682.7834493116679	2409.4721753404447	1	0	1	1.106489988543224
96200.0	1000.0	2209.4721753404874	0.0	0	292.6462826948555	2409.4721753404447	1	0	1	1.106489988543224
97200.0	1000.0	2209.472175340491	0.0	0	456.2334317472705	2409.4721753404447	1	0	1	1.106489988543224
98200.0	1000.0	2209.4721753405006	0.0	0	413.4384749853198	2409.472175340459	1	0	1	1.1064899885432222
99200.0	1000.0	2209.472175340506	0.0	0	476.05481846454495	2409.472175340459	1	0	1	1.1064899885432222
100200.0	1000.0	2209.4721753405047	0.0	0	455.7321790964779	2409.472175340459	1	0	1	1.1064899885432222
101200.0	1000.0	2109.472175340506	0.0	0	285.6685179389606	2309.4721753404447	1	0	2	0.712996441489359
102200.0	1000.0	2109.472175340513	0.0	0	311.7570497995912	2309.4721753404447	1	0	1	0.9164590926830098
103200.0	1000.0	2109.4721753405092	0.0	0	320.1415737342468	2309.47217534043	1	0	1	1.1164590926830114
104200.0	1000.0	2109.4721753405	0.0	0	439.35616296736407	2309.47217534043	1	0	1	1.1164590926830114
105200.0	1000.0	2109.4721753404992	0.0	0	593.1068508747412	2309.47217534043	1	0	1	1.1164590926830114
106200.0	1000.0	2109.47217534049	0.0	0	562.4081866912165	2309.47217534043	1	0	1	1.1164590926830114
107200.0	1000.0	2109.472175340485	0.0	0	445.3474192862777	2309.4721753404156	1	0	1	1.116459092683013
108200.0	1000.0	2109.4721753404874	0.0	0	401.0135300335969	2309.4721753404156	1	0	1	1.116459092683013
109200.0	1000.0	2109.4721753405006	0.0	0	473.0968638304621	2309.4721753404156	1	0	1	1.116459092683013
110200.0	1000.0	2109.4721753404865	0.0	0	230.99892818821536	2309.472175340401	1	0	1	1.1164590926830142
111200.0	1000.0	2109.472175340494	0.0	0	210.9115483587666	2309.4721753404156	1	0	1	1.116459092683013
112200.0	1000.0	2109.472175340502	0.0	0	361.84073399566114	2309.4721753404156	1	0	1	1.116459092683013
113200.0	1000.0	2109.4721753404933	0.0	0	475.2928284153604	2309.4721753404156	1	0	1	1.116459092683013
114200.0	1000.0	2109.4721753405	0.0	0	207.02755244242144	2309.4721753404156	1	0	1	1.116459092683013
115200.0	1000.0	2109.472175340496	0.0	0	325.38904327951605	2309.4721753404156	1	0	1	1.116459092683013
116200.0	1000.0	2109.4721753405024	0.0	0	572.5250025160931	2309.4721753404156	1	0	1	1.116459092683013
117200.0	1000.0	2109.472175340499	0.0	0	546.8307327134098	2309.4721753404156	1	0	1	1.116459092683013
118200.0	1000.0	2109.4721753405042	0.0	0	544.387049723824	2309.4721753404156	1	0	1	1.116459092683013
119200.0	1000.0	2109.4721753404974	0.0	0	452.3991301552305	2309.4721753404156	1	0	1	1.116459092683013
120200.0	1000.0	2109.4721753404874	0.0	0	532.8625165919511	2309.4721753404156	1	0	1	1.116459092683013
121200.0	1000.0	2109.47217534049	0.0	0	234.21996844052046	2309.47217534043	1	0	1	1.1164590926830114
122200.0	1000.0	2109.472175340483	0.0	0	361.08282722198055	2309.4721753404156	1	0	1	1.116459092683013
123200.0	1000.0	2109.4721753404815	0.0	0	544.0006174619048	2309.4721753404156	1	0	1	1.116459092683013
124200.0	1000.0	2109.4721753404865	0.0	0	472.9525462318852	2309.47217534043	1	0	1	1.1164590926830114
125200.0	1000.0	2109.4721753404865	0.0	0	436.655778509783	2309.47217534043	1	0	1	1.1164590926830114
126200.0	1000.0	2109.4721753404842	0.0	0	589.2411825210002	2309.47217534043	1	0	1	1.1164590926830114
127200.0	1000.0	2109.47217534048	0.0	0	421.18008359213127	2309.47217534043	1	0	1	1.1164590926830114
128200.0	1000.0	2109.4721753404924	0.0	0	575.5211487311608	2309.47217534043	1	0	1	1.1164590926830114
129200.0	1000.0	2109.4721753404865	0.0	0	439.50959654833423	2309.4721753404447	1	0	1	1.11645909268301
130200.0	1000.0	2109.4721753404756	0.0	0	476.3031684912712	2309.4721753404447	1	0	1	1.11645909268301
131200.0	1000.0	2109.472175340464	0.0	0	516.1247935941647	2309.4721753404447	1	0	1	1.11645909268301
132200.0	1000.0	2109.4721753404615	0.0	0	399.3689860831073	2309.4721753404447	1	0	1	1.1164590926830091
133200.0	1000.0	2109.4721753404647	0.0	0	301.74277494230773	2309.4721753404447	1	0	1	1.1164590926830105
134200.0	1000.0	2109.472175340441	0.0	0	439.90143396213534	2309.47217534043	1	0	1	1.116459092683011
135200.0	1000.0	2109.472175340457	0.0	0	577.2279171964037	2309.47217534043	1	0	1	1.1164590926830114
136200.0	2000.0	2109.472175340482	0.0	0	292.1895076005603	2309.47217534043	1	0	1	1.1164590926830114
137200.0	2000.0	2109.472175340484	0.0	0	387.52055190928513	2309.47217534043	1	0	1	1.8096062732429565
138200.0	2000.0	2109.472175340512	0.0	0	338.59414045122685	2309.47217534043	1	0	1	1.8096062732429565
139200.0	2000.0	2109.4721753404883	0.0	0	247.56296154943993	2309.47217534043	1	0	1	1.8096062732429565
140200.0	2000.0	2109.47217534049	0.0	0	226.8129832589475	2309.47217534043	1	0	1	1.8096062732429565
141200.0	2000.0	2109.4721753404892	0.0	0	498.1184998641547	2309.47217534043	1	0	1	1.8096062732429565
142200.0	2000.0	2109.472175340491	0.0	0	311.2683295434108	2309.47217534043	1	0	1	1.8096062732429565
143200.0	2000.0	2109.472175340483	0.0	0	194.26451819125214	2309.47217534043	1	0	1	1.8096062732429565
144216.52888168843	2000.0	2092.94329365208	0.0	0	0.0	2309.47217534043	1	0	1	1.8096062732429565
145770.32413399074	2000.0	1539.1480413497543	0.0	0	0.0	2309.47217534043	1	0	1	1.8096062732429565
147174.07593057118	2000.0	1135.396244769304	0.0	0	0.0	2309.47217534043	1	0	1	1.8096062732429565
148341.12732791438	2000.0	968.3448474261074	0.0	0	0.0	2309.47217534043	1	0	1	1.8096062732429565
149558.78444495966	2000.0	750.6877303808351	0.0	0	0.0	2309.472175340401	1	0	1	1.8096062732429594
150149.2108096435	1000.0	1160.2613656969918	0.0	0	0.0	2309.472175340372	1	0	1	0.42331191212307184
150624.19723989375	1000.0	1685.2749354467414	0.0	0	0.0	2309.472175340372	1	0	1	1.1164590926830171
151200.0	1000.0	2109.472175340506	0.0	0	262.78972378134495	2309.472175340372	1	0	1	1.1164590926830171
152200.0	1000.0	2109.472175340492	0.0	0	560.0230305279256	2309.472175340343	1	0	1	1.1164590926830198
153440.12334254227	1000.0	1869.3488327982373	0.0	0	0.0	2309.472175340372	1	0	1	1.1164590926830171
154427.80093940854	1000.0	1881.6712359319486	0.0	0	0.0	2309.472175340343	1	0	1	1.1164590926830198
155680.34945612575	1000.0	1629.1227192147198	0.0	0	0.0	2309.4721753403137	1	0	1	1.116459092683021
156226.2043190917	1000.0	2083.2678562487695	0.0	0	0.0	2309.4721753402846	1	0	1	1.1164590926830253
157200.0	1000.0	2109.4721753404374	0.0	0	434.73850157955894	2309.4721753402846	1	0	1	1.1164590926830253
158200.0	1000.0	2109.472175340429	0.0	0	253.7659806861193	2309.4721753402846	1	0	1	1.1164590926830253
159200.0	1000.0	2109.472175340423	0.0	0	33.26054020883748	2309.4721753402555	1	0	1	1.1164590926830282
160200.0	1000.0	2109.4721753404287	0.0	0	273.45238500621053	2309.4721753402555	1	0	1	1.1164590926830282
161200.0	1000.0	2109.4721753404438	0.0	0	206.57153113669483	2309.4721753402555	1	0	1	1.1164590926830282
162200.0	1000.0	2109.472175340433	0.0	0	237.6704270404589	2309.4721753402555	1	0	1	1.1164590926830282
163200.0	1000.0	2109.472175340462	0.0	0	445.38197415630566	2309.4721753402846	1	0	1	1.1164590926830253
164200.0	1000.0	2109.4721753404906	0.0	0	497.30817458650563	2309.4721753402846	1	0	1	1.1164590926830253
165200.0	1000.0	2109.472175340511	0.0	0	619.187982788455	2309.4721753402846	1	0	1	1.1164590926830253
166200.0	1000.0	2109.4721753405333	0.0	0	627.116881777125	2309.4721753402846	1	0	1	1.1164590926830253
167200.0	1000.0	2109.472175340545	0.0	0	342.35376775439363	2309.4721753402264	1	0	1	1.1164590926830305
168200.0	1000.0	2109.472175340544	0.0	0	431.4766866970749	2309.4721753402555	1	0	1	1.1164590926830287
169200.0	1000.0	2109.472175340578	0.0	0	651.638685173908	2309.4721753402846	1	0	1	1.1164590926830253
170200.0	1000.0	2109.4721753405665	0.0	0	681.928725215781	2309.4721753402846	1	0	1	1.1164590926830253
171200.0	1000.0	2109.4721753405665	0.0	0	664.8814731113671	2309.4721753402846	1	0	1	1.1164590926830253
172200.0	1000.0	2109.4721753405597	0.0	0	450.3873678590462	2309.4721753402846	1	0	1	1.1164590926830253
173200.0	2000.0	2109.4721753405524	0.0	0	35.791957934357924	2309.4721753402846	1	0	1	1.1164590926830253
174216.94375612636	2000.0	2092.528419214166	0.0	0	0.0	2309.4721753402846	1	0	1	1.8096062732429705
175200.0	2000.0	2109.472175340552	0.0	0	87.99207623425173	2309.4721753402846	1	0	1	1.8096062732429705
176259.78566850006	2000.0	2049.686506840517	0.0	0	0.0	2309.4721753402555	1	0	1	1.8096062732429732
177321.95855352265	2000.0	1987.5136218179205	0.0	0	0.0	2309.4721753402846	1	0	1	1.8096062732429705
178200.0	2000.0	2109.472175340573	0.0	0	146.65674082443002	2309.4721753402846	1	0	1	1.8096062732429705
179200.0	2000.0	2109.4721753405797	0.0	0	444.6941835016187	2309.4721753402846	1	0	1	1.8096062732429705
180402.94527672272	2000.0	1906.526898617868	0.0	0	0.0	2309.4721753402846	1	0	1	1.8096062732429705
181502.71698881369	2000.0	1806.7551865269193	0.0	0	0.0	2309.4721753402846	1	0	1	1.8096062732429705
182603.69353072974	2000.0	1705.7786446108364	0.0	0	0.0	2309.4721753402846	1	0	1	1.8096062732429705
183210.70448224875	2000.0	2098.767693091848	0.0	0	0.0	2309.4721753402846	1	0	1	1.8096062732429705
184200.0	2000.0	2109.4721753405906	0.0	0	134.73374022942153	2309.4721753402846	1	0	1	1.8096062732429705
185200.0	2000.0	2109.472175340613	0.0	0	205.23705150862224	2309.4721753403137	1	0	1	1.8096062732429676
186200.0	2000.0	2109.4721753405893	0.0	0	172.03605060031987	2309.4721753403137	1	0	1	1.8096062732429676
187200.0	2000.0	2109.4721753405897	0.0	0	2.906068074487848	2309.472175340343	1	0	1	1.809606273242965
188226.50383523622	2000.0	2082.968340104374	0.0	0	0.0	2309.4721753403137	1	0	1	1.8096062732429676
189200.0	2000.0	2109.472175340601	0.0	0	126.3252623345179	2309.4721753403137	1	0	1	1.8096062732429676
190572.50593796745	2000.0	1736.9662373731496	0.0	0	0.0	2309.4721753403137	1	0	1	1.8096062732429676
191420.3197420597	2000.0	1889.1524332808835	0.0	0	0.0	2309.4721753403137	1	0	1	1.8096062732429676
192246.68143986462	2000.0	2062.7907354759736	0.0	0	0.0	2309.472175340343	1	0	1	1.809606273242965
193296.72096181312	2000.0	2012.7512135274703	0.0	0	0.0	2309.472175340343	1	0	1	1.809606273242965
194200.0	2000.0	2109.4721753405847	0.0	0	268.7592102525232	2309.472175340343	1	0	1	1.809606273242965
195200.0	2000.0	2109.47217534058	0.0	0	182.77351409735275	2309.472175340372	1	0	1	1.809606273242962
196200.0	2000.0	2109.4721753405765	0.0	0	516.8784048572707	2309.472175340372	1	0	1	1.809606273242962
197200.0	2000.0	2109.472175340591	0.0	0	45.647254686104134	2309.472175340372	1	0	1	1.809606273242962
198640.55481183605	2000.0	1668.9173635045504	0.0	0	0.0	2309.472175340372	1	0	1	1.809606273242962
199582.4027534074	2000.0	1727.069421933214	0.0	0	0.0	2309.472175340372	1	0	1	1.809606273242962
200418.3681002575	2000.0	1891.1040750831278	0.0	0	0.0	2309.472175340372	1	0	1	1.809606273242962
201601.28505022317	2000.0	1708.1871251174446	0.0	0	0.0	2309.472175340343	1	0	1	1.809606273242965
202598.59964351487	2000.0	1710.8725318257325	0.0	0	0.0	2309.4721753403137	1	0	1	1.8096062732429676
204378.478518987	2000.0	930.993656353609	0.0	0	0.0	2309.472175340343	1	0	1	1.809606273242965
205037.5295979619	1000.0	1271.942577378673	0.0	0	0.0	2309.4721753403137	1	0	1	0.4233119121230774
205596.84793576776	1000.0	1712.6242395728068	0.0	0	0.0	2309.4721753402846	1	0	1	1.1164590926830253
206547.84787487733	1000.0	1761.6243004632297	0.0	0	0.0	2309.4721753402846	1	0	1	1.1164590926830253
207200.0	1000.0	2109.472175340593	0.0	0	42.807870179007296	2309.4721753402846	1	0	1	1.1164590926830253
208200.0	1000.0	2109.472175340614	0.0	0	368.31802238564705	2309.4721753402846	1	0	1	1.1164590926830253
209200.0	1000.0	2109.4721753406393	0.0	0	167.74465186570887	2309.4721753402846	1	0	1	1.1164590926830253
210200.0	1000.0	2109.4721753406056	0.0	0	423.3580220834119	2309.4721753402555	1	0	1	1.1164590926830276
211200.0	1000.0	2109.4721753406184	0.0	0	371.29454600726604	2309.4721753402555	1	0	1	1.1164590926830282
212200.0	1000.0	2109.472175340591	0.0	0	513.6473052681831	2309.4721753402555	1	0	1	1.1164590926830282
213200.0	1000.0	2109.4721753406	0.0	0	335.72016982515925	2309.4721753402555	1	0	1	1.1164590926830282
214200.0	1000.0	2109.47217534056	0.0	0	375.387199289049	2309.4721753402264	1	0	1	1.116459092683031
215200.0	1000.0	2109.472175340585	0.0	0	445.58683918515453	2309.4721753402264	1	0	1	1.116459092683031
216200.0	1000.0	2109.4721753405975	0.0	0	468.2796689036477	2309.4721753402264	1	0	1	1.116459092683031
217200.0	1000.0	2109.472175340579	0.0	0	539.4823477618338	2309.4721753402264	1	0	1	1.116459092683031
218200.0	1000.0	2109.472175340561	0.0	0	593.620765951142	2309.4721753402264	1	0	1	1.116459092683031
219200.0	1000.0	2109.472175340584	0.0	0	299.29114140872844	2309.4721753402555	1	0	1	1.1164590926830287
220200.0	1000.0	2109.472175340571	0.0	0	313.77368977086735	2309.4721753402555	1	0	1	1.1164590926830282
221200.0	1000.0	2109.4721753405606	0.0	0	453.9316994038236	2309.4721753402555	1	0	1	1.1164590926830282
222200.0	1000.0	2109.4721753405574	0.0	0	483.97683030206827	2309.4721753402264	1	0	1	1.116459092683031
223200.0	1000.0	2109.472175340543	0.0	0	348.22168277800665	2309.4721753402264	1	0	1	1.116459092683031
224200.0	1000.0	2109.47217534055	0.0	0	185.51555280262255	2309.4721753402555	1	0	1	1.1164590926830282
225200.0	1000.0	2109.4721753405393	0.0	0	466.4287307852064	2309.4721753402264	1	0	1	1.116459092683031
226200.0	1000.0	2109.472175340551	0.0	0	342.3676237175241	2309.4721753402555	1	0	1	1.1164590926830287
227200.0	1000.0	2109.4721753405474	0.0	0	342.0309242623043	2309.4721753402555	1	0	1	1.1164590926830282
228200.0	1000.0	2109.47217534053	0.0	0	254.69500174262794	2309.4721753402264	1	0	1	1.1164590926830305
229200.0	1000.0	2109.47217534054	0.0	0	45.92494679862284	2309.4721753402264	1	0	1	1.116459092683031
230200.0	1000.0	2109.472175340519	0.0	0	344.5083082730416	2309.4721753401973	1	0	1	1.1164590926830336
231200.0	1000.0	2109.472175340511	0.0	0	475.76415704764077	2309.4721753401973	1	0	1	1.1164590926830336
232200.0	1000.0	2109.472175340497	0.0	0	436.23986136954045	2309.472175340168	1	0	1	1.1164590926830364
233200.0	1000.0	2109.4721753404974	0.0	0	294.82190826092847	2309.472175340168	1	0	1	1.1164590926830364
234200.0	1000.0	2109.472175340489	0.0	0	492.0045827429858	2309.472175340168	1	0	1	1.1164590926830364
235200.0	1000.0	2109.472175340492	0.0	0	298.61466445040423	2309.4721753401973	1	0	1	1.1164590926830336
236200.0	1000.0	2109.4721753404933	0.0	0	429.24093958042795	2309.4721753401973	1	0	1	1.1164590926830336
237200.0	1000.0	2109.472175340487	0.0	0	544.265940165642	2309.4721753401973	1	0	1	1.1164590926830336
238200.0	1000.0	2109.4721753405342	0.0	0	602.7495123372646	2309.4721753401973	1	0	1	1.1164590926830336
239200.0	1000.0	2109.4721753405342	0.0	0	530.8449383297411	2309.4721753401973	1	0	1	1.1164590926830336
240200.0	1000.0	2109.4721753405192	0.0	0	524.7906060569512	2309.4721753401973	1	0	1	1.1164590926830336
241200.0	1000.0	2109.4721753405247	0.0	0	490.8968475892616	2309.4721753401973	1	0	1	1.1164590926830336
242200.0	1000.0	2109.4721753404915	0.0	0	644.8336140662432	2309.4721753401973	1	0	1	1.1164590926830336
243200.0	1000.0	2109.4721753405097	0.0	0	610.0154294754611	2309.4721753402264	1	0	1	1.116459092683031
244200.0	1000.0	2109.4721753404806	0.0	0	648.820477691741	2309.4721753402264	1	0	1	1.116459092683031
245200.0	1000.0	2109.4721753404815	0.0	0	359.4618820530304	2309.4721753402264	1	0	1	1.116459092683031
246200.0	1000.0	2109.4721753405247	0.0	0	254.69865947632934	2309.4721753402264	1	0	1	1.116459092683031
247200.0	1000.0	2109.4721753405634	0.0	0	507.9403168320714	2309.4721753402264	1	0	1	1.116459092683031
248200.0	1000.0	2109.4721753405406	0.0	0	533.5601353870588	2309.4721753401973	1	0	1	1.1164590926830336
249200.0	1000.0	2109.4721753405315	0.0	0	340.999600122188	2309.4721753401973	1	0	1	1.1164590926830336
250200.0	1000.0	2109.472175340537	0.0	0	516.5039290783752	2309.4721753401973	1	0	1	1.1164590926830336
251200.0	1000.0	2109.472175340561	0.0	0	251.68227558297804	2309.4721753401973	1	0	1	1.1164590926830336
252200.0	1000.0	2109.4721753405915	0.0	0	515.3510455146898	2309.4721753401973	1	0	1	1.1164590926830336
253200.0	1000.0	2109.472175340583	0.0	0	497.4078870929661	2309.4721753401973	1	0	1	1.1164590926830336
254200.0	1000.0	2109.472175340599	0.0	0	556.1417473299371	2309.4721753401973	1	0	1	1.1164590926830336
255200.0	1000.0	2109.472175340592	0.0	0	432.4982880370226	2309.4721753401973	1	0	1	1.1164590926830336
256200.0	1000.0	2109.472175340593	0.0	0	421.9990201340115	2309.4721753401973	1	0	1	1.1164590926830336
257200.0	1000.0	2109.472175340574	0.0	0	438.05393838355667	2309.4721753401973	1	0	1	1.1164590926830336
258200.0	1000.0	2109.472175340544	0.0	0	314.10101051046513	2309.4721753401973	1	0	1	1.1164590926830336
259200.0	1000.0	2109.4721753405247	0.0	0	211.48056574416114	2309.4721753401973	1	0	1	1.1164590926830336
260200.0	1000.0	2109.472175340504	0.0	0	235.9273303481168	2309.472175340168	1	0	1	1.1164590926830364
261200.0	1000.0	2109.4721753405256	0.0	0	510.547312506038	2309.472175340168	1	0	1	1.1164590926830364
262200.0	1000.0	2109.472175340563	0.0	0	344.11306242403225	2309.472175340168	1	0	1	1.1164590926830364
263200.0	1000.0	2009.4721753405656	0.0	0	496.82987764442805	2209.4721753401973	1	0	2	0.722031267031622
264200.0	1000.0	2009.4721753405202	0.0	0	272.6895986199379	2209.47217534011	1	0	1	0.9255236179316626
265200.0	1000.0	2009.4721753405138	0.0	0	343.6853129125666	2209.47217534011	1	0	1	1.1255236179316648
266200.0	1000.0	2009.4721753405092	0.0	0	368.96243937616237	2209.4721753400518	1	0	1	1.1255236179316688
267200.0	1000.0	2009.4721753405156	0.0	0	445.6726826009108	2209.4721753400518	1	0	1	1.1255236179316699
268200.0	1000.0	2009.4721753405352	0.0	0	451.9414283729275	2209.47217534011	1	0	1	1.1255236179316648
269200.0	1000.0	2009.472175340521	0.0	0	421.48077116534114	2209.472175340168	1	0	1	1.12552361793166
270200.0	1000.0	2009.4721753404447	0.0	0	152.7065214260365	2209.47217534011	1	0	1	1.1255236179316648
271200.0	1000.0	2009.4721753404338	0.0	0	479.3697490558843	2209.472175340168	1	0	1	1.1255236179316608
272200.0	1000.0	2009.472175340432	0.0	0	528.9964856065344	2209.472175340168	1	0	1	1.12552361793166
273200.0	1000.0	2009.472175340437	0.0	0	455.63380232057534	2209.472175340168	1	0	1	1.12552361793166
274200.0	1000.0	2009.4721753404237	0.0	0	478.35673307831166	2209.4721753402264	1	0	1	1.1255236179316546
275200.0	1000.0	2009.4721753403683	0.0	0	465.9290332731325	2209.472175340168	1	0	1	1.12552361793166
276200.0	1000.0	2009.4721753403392	0.0	0	529.03693883511	2209.472175340168	1	0	1	1.12552361793166
277200.0	1000.0	2009.4721753403246	0.0	0	512.4902970211697	2209.4721753402264	1	0	1	1.1255236179316546
278200.0	1000.0	2009.4721753402864	0.0	0	505.78993439953774	2209.4721753402264	1	0	1	1.1255236179316546
279200.0	1000.0	2009.4721753402687	0.0	0	549.1862635299913	2209.4721753402264	1	0	1	1.1255236179316546
280200.0	1000.0	2009.4721753402782	0.0	0	513.5607028667582	2209.4721753402264	1	0	1	1.1255236179316546
281200.0	1000.0	2009.4721753402773	0.0	0	390.9239486559527	2209.4721753402846	1	0	1	1.1255236179316497
282200.0	1000.0	2009.472175340326	0.0	0	84.97066490724683	2209.4721753402846	1	0	1	1.1255236179316497
283200.0	1000.0	2009.4721753402982	0.0	0	170.70902599440888	2209.4721753402846	1	0	1	1.1255236179316497
284200.0	1000.0	2009.4721753403355	0.0	0	527.6946628410369	2209.472175340343	1	0	1	1.1255236179316448
285200.0	1000.0	2009.4721753403473	0.0	0	715.5701054196688	2209.472175340343	1	0	1	1.1255236179316448
286200.0	1000.0	2009.4721753403696	0.0	0	654.1068953136564	2209.472175340343	1	0	1	1.1255236179316448
287200.0	1000.0	2009.4721753403974	0.0	0	710.0746686816565	2209.472175340343	1	0	1	1.1255236179316448
288200.0	1000.0	2009.47217534036	0.0	0	672.5041983523988	2209.472175340343	1	0	1	1.1255236179316448
289200.0	1000.0	2009.4721753403724	0.0	0	647.2639177975361	2209.472175340343	1	0	1	1.1255236179316448
290200.0	1000.0	2009.4721753403464	0.0	0	670.669132776442	2209.472175340343	1	0	1	1.1255236179316448
291205.4868690702	2000.0	2003.985306270129	0.0	0	0.0	2209.472175340343	1	0	1	1.1255236179316446
292270.8755877778	2000.0	1938.596587562501	0.0	0	0.0	2209.4721753402846	1	0	1	1.8186707984915949
293806.827488074	2000.0	1402.6446872663112	0.0	0	0.0	2209.4721753402846	1	0	1	1.8186707984915949
295136.63382189977	2000.0	1072.838353440528	0.0	0	0.0	2209.4721753402846	1	0	1	1.8186707984915949
296323.5301638019	2000.0	885.9420115383964	0.0	0	0.0	2209.472175340343	1	0	1	1.8186707984915897
297500.9763059039	2000.0	708.4958694364125	0.0	0	0.0	2209.472175340343	1	0	1	1.8186707984915897
298523.59346813575	2000.0	685.8787072046118	0.0	0	0.0	2209.472175340343	1	0	1	1.8186707984915897
299388.60488368914	2000.0	820.867291651183	0.0	0	0.0	2209.4721753402846	1	0	1	1.8186707984915949
299801.25734295096	1000.0	1408.2148323893355	0.0	0	0.0	2209.4721753402264	1	0	1	0.4323764373717095
300335.3595462302	1000.0	1874.1126291101066	0.0	0	0.0	2209.4721753402846	1	0	1	1.1255236179316497
1.23	0.83	1.0	0.9	1.44	2.15	1.27	1.48	1.88	1.37	1.66	1.85	2.59	3.43	1.85	1.91	2.86	3.0	3.85	3.19	1.34	1.8	2.02	1.75	1.88	2.51	3.34	2.92	1.73	2.22	1.99	2.7	3.2	2.9	1.51	1.78	2.18	2.43	1.69	1.92	2.19	2.1	2.75	3.71	2.51	1.52	1.96	1.62	1.96	1.55	1.61	1.34	1.66	2.05	1.33	1.41	1.81	1.23	1.95	2.07	2.48	1.45	1.62	1.62	2.21	2.33	1.96	1.92	1.59	1.73	1.84	1.77	1.71	2.1	1.71	2.28	1.31	1.36	1.69	2.06	1.31	1.44	1.89	2.1	2.36	3.26	2.31	2.64	2.58	2.24	2.27	3.02	2.37	1.44	2.07	2.13	2.04	1.99	1.88	1.66	2.2	2.77	2.24	1.73	2.39	1.83	1.63	1.61	1.84	1.52	1.78	1.68	1.95	1.96	2.09	2.06	1.89	1.55	1.07	2.65	2.47	2.81	2.02	1.76	2.62	2.06	2.22	2.4	2.78	1.23	1.22	1.97	2.63	3.64	4.58	4.04	2.75	3.67	3.86	1.62	2.31	1.84	1.04	1.88	1.62	1.62	1.91	2.14	2.58	2.51	1.23	0.83	1.0	0.9	1.44	2.15	1.27	1.48	1.88	1.37	1.66	1.85	2.59	3.43	1.85	1.91	2.86	3.0	3.85	3.19	1.34	1.8	2.02	1.75	1.88	2.51	3.34	2.92	1.73	2.22	1.99	2.7	3.2	2.9	1.51	1.78	2.18	2.43	1.69	1.92	2.19	2.1	2.75	3.71	2.51	1.52	1.96	1.62	1.96	1.55	1.61	1.34	1.66	2.05	1.33	1.41	1.81	1.23	1.95	2.07	2.48	1.45	1.62	1.62	2.21	2.33	1.96	1.92	1.59	1.73	1.84	1.77	1.71	2.1	1.71	2.28	1.31	1.36	1.69	2.06	1.31	1.44	1.89	2.1	2.36	3.26	2.31	2.64	2.58	2.24	2.27	3.02	2.37	1.44	2.07	2.13	2.04	1.99	1.88	1.66	2.2	2.77	2.24	1.73	2.39	1.83	1.63	1.61	1.84	1.52	1.78	1.68	1.95	1.96	2.09	2.06	1.89	1.55	1.07	2.65	2.47	2.81	2.02	1.76	2.62	2.06	2.22	2.4	2.78	1.23	1.22	1.97	2.63	3.64	4.58	4.04	2.75	3.67	3.86	1.62	2.31	1.84	1.04	1.88	1.62	1.62	1.91	2.14	2.58	2.51	1.23	0.83
1.0	2.0	3.0	4.0	5.0	6.0	7.0	8.0	9.0	10.0	11.0	12.0	13.0	14.0	15.0	16.0	17.0	18.0	19.0	20.0	21.0	22.0	23.0	24.0	25.0	26.0	27.0	28.0	29.0	30.0	31.0	32.0	33.0	34.0	35.0	36.0	37.0	38.0	39.0	40.0	41.0	42.0	43.0	44.0	45.0	46.0	47.0	48.0	49.0	50.0	51.0	52.0	53.0	54.0	55.0	56.0	57.0	58.0	59.0	60.0	61.0	62.0	63.0	64.0	65.0	66.0	67.0	68.0	69.0	70.0	71.0	72.0	73.0	74.0	75.0	76.0	77.0	78.0	79.0	80.0	81.0	82.0	83.0	84.0	85.0	86.0	87.0	88.0	89.0	90.0	91.0	92.0	93.0	94.0	95.0	96.0	97.0	98.0	99.0	100.0	101.0	102.0	103.0	104.0	105.0	106.0	107.0	108.0	109.0	110.0	111.0	112.0	113.0	114.0	115.0	116.0	117.0	118.0	119.0	120.0	121.0	122.0	123.0	124.0	125.0	126.0	127.0	128.0	129.0	130.0	131.0	132.0	133.0	134.0	135.0	136.0	137.0	138.0	139.0	140.0	141.0	142.0	143.0	144.0	145.0	146.0	147.0	148.0	149.0	149.0	150.0	151.0	152.0	153.0	154.0	155.0	156.0	157.0	158.0	159.0	160.0	161.0	162.0	163.0	164.0	165.0	166.0	167.0	168.0	169.0	170.0	171.0	172.0	173.0	174.0	175.0	176.0	177.0	178.0	179.0	180.0	181.0	182.0	183.0	184.0	185.0	186.0	187.0	188.0	189.0	190.0	191.0	192.0	193.0	194.0	195.0	196.0	197.0	198.0	199.0	200.0	201.0	202.0	203.0	204.0	205.0	206.0	207.0	208.0	209.0	210.0	211.0	212.0	213.0	214.0	215.0	216.0	217.0	218.0	219.0	220.0	221.0	222.0	223.0	224.0	225.0	226.0	227.0	228.0	229.0	230.0	231.0	232.0	233.0	234.0	235.0	236.0	237.0	238.0	239.0	240.0	241.0	242.0	243.0	244.0	245.0	246.0	247.0	248.0	249.0	250.0	251.0	252.0	253.0	254.0	255.0	256.0	257.0	258.0	259.0	260.0	261.0	262.0	263.0	264.0	265.0	266.0	267.0	268.0	269.0	270.0	271.0	272.0	273.0	274.0	275.0	276.0	277.0	278.0	279.0	280.0	281.0	282.0	283.0	284.0	285.0	286.0	287.0	288.0	289.0	290.0	291.0	292.0	293.0	294.0	295.0	296.0	297.0	298.0	298.0	299.0	300.0
2553.8816792548646
