5948.132238781169	300.0	2000.0	244.20691715909973	0	0.0	5948.132238781169	1	0	1	-3.34593751390771
6166.525317401741	300.0	2781.6069213794267	0.0	0	0.0	5948.132238781168	1	0	1	-1.9382533711942522
6427.995502230859	300.0	3493.9897180673966	0.0	0	0.0	5921.985220298256	1	0	2	-2.317994943289868
6853.543643735234	500.0	4025.886762412584	0.0	0	0.0	5879.430406147818	1	0	2	-2.081158927709548
7243.160379253582	500.0	4597.308353342401	0.0	0	0.0	5840.468732595984	1	0	2	-1.5290367377004168
8374.889683564792	1000.0	4352.40611860007	0.0	0	0.0	5727.295802164864	1	0	2	-1.4366023216238364
9040.918259738077	1000.0	4619.7746848094575	0.0	0	0.0	5660.692944547537	1	0	2	-0.6650297229474879
9505.20287579679	1000.0	5109.061607144873	0.0	0	0.0	5614.264482941665	1	0	2	-0.6167157722271042
10459.0305867959	2000.0	5059.851125045854	0.0	0	0.0	5518.881711841756	1	0	2	-0.5361039841259699
11460.995785169147	2000.0	4957.689406835281	0.0	0	0.0	5418.685192004431	1	0	2	0.24950230457968198
12795.298341482317	2000.0	4489.956594890793	0.0	0	0.0	5285.254936373112	1	0	2	0.35977841395974897
15406.958689065475	3000.0	2617.130212549318	0.0	0	0.0	5024.088901614798	1	0	2	0.536031494927859
16939.601464022056	2000.0	1931.2231600970758	0.0	0	0.0	4870.824624119137	1	0	2	0.2969001510520268
18557.367194881575	2000.0	1151.680856151602	0.0	0	0.0	4709.048051033184	1	0	2	0.8140598070274048
19055.598819741306	1000.0	1603.6260688058983	0.0	0	0.0	4659.224888547211	1	0	2	-0.5169706587939246
19509.373450315015	1000.0	2104.4739751748175	0.0	0	0.0	4613.847425489839	1	0	2	0.2068582415387276
20033.080026701078	1000.0	2528.396741150149	0.0	0	0.0	4561.476767851231	1	0	2	0.23850760967965132
20409.167830610866	1000.0	3114.7001568493824	0.0	0	0.0	4523.867987460253	1	0	2	0.26388311728397074
20820.303909359107	1000.0	3662.4504702263166	0.0	0	0.0	4482.754379585427	1	0	2	0.28839254931616876
21418.61178005487	1000.0	4004.311812460979	0.0	0	0.0	4422.923592515854	1	0	2	0.319531549177961
23006.82771609078	2000.0	3416.095876425075	0.0	0	0.0	4422.923592515854	1	0	1	0.3290235665033596
23927.283650882997	2000.0	3403.594348153637	0.0	0	0.0	4330.877999036631	1	0	2	0.8626396086726286
24977.24748880723	2000.0	3248.6341264369844	0.0	0	0.0	4225.881615244205	1	0	2	1.1136015143985636
25966.705365734317	2000.0	3160.23046181719	0.0	0	0.0	4126.935827551501	1	0	2	1.1587618998127334
28266.470675879937	2000.0	1630.4886206570086	0.0	0	0.0	3896.959296536941	1	0	2	1.2443156739098078
29981.10097545701	2000.0	744.3952911222287	0.0	0	0.0	3725.496266579241	1	0	2	1.319163862328066
30769.12087847837	1000.0	956.375388100872	0.0	0	0.0	3725.496266579241	1	0	1	-0.05231059900680285
31539.78206672304	1000.0	1185.7141998561997	0.0	0	0.0	3725.496266579241	1	0	1	0.8408365815531424
32141.493839307874	1000.0	1523.831250012881	0.0	0	0.0	3665.325089320755	1	0	2	0.4556129710112086
32819.82483362129	1000.0	1777.6671562681186	0.0	0	0.0	3597.491989889415	1	0	2	0.6759996981424177
33597.95683230768	1000.0	1921.721957713094	0.0	0	0.0	3519.6787900207783	1	0	2	0.6999774471867
34335.34583919549	1000.0	2110.5940501365103	0.0	0	0.0	3445.9398893320067	1	0	2	0.7197828178206777
34910.18182164211	1000.0	2535.7580676898924	0.0	0	0.0	3445.9398893320067	1	0	1	0.7252465106273921
35456.813275469285	1000.0	2934.4634684799967	0.0	0	0.0	3391.276743949289	1	0	2	0.5359535106469455
36200.0	1000.0	3116.9580714962144	0.0	0	302.90782374049013	3316.9580714962212	1	0	2	0.7502260922274663
37200.0	1000.0	3016.9580714962153	0.0	0	347.73458800027583	3216.9580714962212	1	0	2	0.7722638784989236
38200.0	1000.0	3016.9580714962117	0.0	0	156.5157178913796	3216.9580714962212	1	0	1	0.78087342868556
39222.526772522455	1000.0	2994.43129897376	0.0	0	0.0	3216.9580714962285	1	0	1	0.9808734286855585
40557.2376273575	1000.0	2659.720444138713	0.0	0	0.0	3216.9580714962285	1	0	1	0.9808734286855585
41315.447667051354	1000.0	2825.689400475479	0.0	0	0.0	3141.137067526848	1	0	2	0.5927464107210547
42200.0	1000.0	2941.137067526835	0.0	0	300.14060515215533	3141.137067526848	1	0	1	0.7969633568478651
43200.0	1000.0	2941.137067526833	0.0	0	444.0391516157979	3141.137067526848	1	0	1	0.9969633568478653
44200.0	1000.0	2841.1370675268286	0.0	0	169.08327335803915	3041.1370675268336	1	0	2	0.6093976510073654
45510.61260122287	1000.0	2399.463206181682	0.0	0	0.0	2910.075807404559	1	0	2	0.8334770402674283
46566.76871792749	1000.0	2343.3070894770626	0.0	0	0.0	2910.075807404559	1	0	1	0.839764134002962
47200.0	1000.0	2710.0758074045493	0.0	0	146.30442872933054	2910.075807404559	1	0	1	1.0397641340029622
48200.0	1000.0	2710.0758074045534	0.0	0	514.1713096873427	2910.075807404559	1	0	1	1.0397641340029622
49200.0	1000.0	2710.0758074045625	0.0	0	360.1106132173154	2910.075807404559	1	0	1	1.0397641340029622
50200.0	1000.0	2710.0758074045602	0.0	0	115.12500092462142	2910.075807404559	1	0	1	1.0397641340029622
51200.0	1000.0	2710.0758074045466	0.0	0	294.9920492827805	2910.075807404559	1	0	1	1.0397641340029622
52200.0	1000.0	2710.075807404546	0.0	0	475.17510503745143	2910.075807404559	1	0	1	1.0397641340029622
53200.0	1000.0	2710.0758074045493	0.0	0	232.134107348611	2910.0758074045516	1	0	1	1.0397641340029633
54207.20725366042	1000.0	2702.8685537441293	0.0	0	0.0	2910.0758074045516	1	0	1	1.0397641340029633
55200.0	1000.0	2610.7965327705815	0.0	0	316.378168291405	2810.7965327705897	1	0	2	0.649997557720831
56200.0	1000.0	2610.7965327705797	0.0	0	333.8105532744885	2810.7965327705897	1	0	1	0.8555671248778112
57200.0	1000.0	2610.7965327705892	0.0	0	435.12211240313627	2810.7965327705897	1	0	1	1.0555671248778113
58200.0	1000.0	2610.796532770589	0.0	0	431.6252565869654	2810.7965327705897	1	0	1	1.0555671248778113
59200.0	1000.0	2610.796532770591	0.0	0	280.6565088049538	2810.7965327705897	1	0	1	1.0555671248778113
60200.0	1000.0	2610.7965327705856	0.0	0	405.16403435647226	2810.7965327705897	1	0	1	1.0555671248778113
61200.0	1000.0	2610.7965327705897	0.0	0	552.3393450669028	2810.7965327705897	1	0	1	1.0555671248778113
62200.0	1000.0	2610.796532770584	0.0	0	513.4728107677147	2810.7965327705897	1	0	1	1.0555671248778113
63200.0	1000.0	2610.7965327705815	0.0	0	533.8961113041296	2810.7965327705824	1	0	1	1.0555671248778125
64200.0	1000.0	2610.796532770577	0.0	0	441.51636482241156	2810.7965327705824	1	0	1	1.0555671248778125
65200.0	1000.0	2610.796532770584	0.0	0	478.16295998112764	2810.7965327705824	1	0	1	1.0555671248778125
66200.0	1000.0	2610.7965327705865	0.0	0	532.9896783453587	2810.7965327705824	1	0	1	1.0555671248778125
67200.0	1000.0	2610.7965327705947	0.0	0	479.1792172291607	2810.7965327705897	1	0	1	1.0555671248778116
69184.83567569837	2000.0	1427.4772895023934	0.0	0	0.0	2612.3129652007774	1	0	2	0.6756935515466821
70775.34930161625	2000.0	836.9636635845086	0.0	0	0.0	2612.312965200792	1	0	1	1.5762804806274553
71484.90718580397	1000.0	1127.4057793968027	0.0	0	0.0	2612.3129652007774	1	0	1	0.3899861195075668
71964.07818421978	1000.0	1648.2347809809887	0.0	0	0.0	2612.3129652007774	1	0	1	1.0831333000675119
72600.95946082743	1000.0	2011.3535043733368	0.0	0	0.0	2612.3129652007774	1	0	1	1.0831333000675119
73619.41327650311	1000.0	1992.8996886976754	0.0	0	0.0	2612.3129652007774	1	0	1	1.0831333000675119
74360.96597550246	1000.0	2251.3469896983024	0.0	0	0.0	2612.3129652007774	1	0	1	1.0831333000675119
75200.0	1000.0	2412.312965200774	0.0	0	191.7365873101371	2612.3129652007774	1	0	1	1.0831333000675119
76200.0	1000.0	2412.31296520078	0.0	0	389.81796584151743	2612.3129652007774	1	0	1	1.0831333000675119
77200.0	1000.0	2412.3129652007956	0.0	0	377.5047512868623	2612.3129652007774	1	0	1	1.0831333000675119
78200.0	1000.0	2412.312965200791	0.0	0	334.91745440744853	2612.3129652007774	1	0	1	1.0831333000675119
79200.0	1000.0	2412.3129652007838	0.0	0	173.94437481810746	2612.3129652007774	1	0	1	1.0831333000675119
80200.0	1000.0	2412.3129652007856	0.0	0	232.64793667913182	2612.3129652007774	1	0	1	1.0831333000675119
81200.0	1000.0	2412.3129652007915	0.0	0	369.7344447681535	2612.3129652007774	1	0	1	1.0831333000675119
82200.0	1000.0	2412.3129652007874	0.0	0	219.78771195947775	2612.3129652007774	1	0	1	1.0831333000675119
83200.0	1000.0	2412.3129652007838	0.0	0	351.17801251719357	2612.3129652007774	1	0	1	1.0831333000675119
84200.0	1000.0	2412.312965200785	0.0	0	365.98256977516576	2612.3129652007774	1	0	1	1.0831333000675119
85243.2382256199	1000.0	2369.0747395808557	0.0	0	0.0	2612.312965200763	1	0	1	1.0831333000675138
86200.0	1000.0	2412.312965200751	0.0	0	239.82183908655134	2612.312965200763	1	0	1	1.0831333000675138
87200.0	1000.0	2412.3129652007383	0.0	0	485.2440438429621	2612.312965200763	1	0	1	1.0831333000675138
88200.0	1000.0	2412.312965200743	0.0	0	555.5766108789103	2612.312965200763	1	0	1	1.0831333000675138
89200.0	1000.0	2412.312965200724	0.0	0	641.6953696424753	2612.312965200763	1	0	1	1.0831333000675138
90200.0	1000.0	2412.3129652007415	0.0	0	456.7710009209841	2612.3129652007483	1	0	1	1.0831333000675156
91213.72646008963	1000.0	2398.5865051111123	0.0	0	0.0	2612.3129652007483	1	0	1	1.0831333000675156
92200.0	1000.0	2412.312965200762	0.0	0	414.7599410823459	2612.3129652007483	1	0	1	1.0831333000675156
93200.0	1000.0	2412.312965200762	0.0	0	476.55764627762255	2612.3129652007483	1	0	1	1.0831333000675156
94200.0	1000.0	2412.312965200758	0.0	0	500.7732662308699	2612.3129652007483	1	0	1	1.0831333000675156
95200.0	1000.0	2412.3129652007733	0.0	0	313.54846916452516	2612.3129652007483	1	0	1	1.0831333000675156
96200.0	1000.0	2412.31296520078	0.0	0	409.1119425462675	2612.3129652007483	1	0	1	1.0831333000675156
97200.0	1000.0	2412.312965200769	0.0	0	543.6906098826876	2612.3129652007483	1	0	1	1.0831333000675156
98200.0	1000.0	2412.3129652007665	0.0	0	626.8873968927801	2612.312965200763	1	0	1	1.0831333000675138
99200.0	1000.0	2412.312965200766	0.0	0	640.9085381924524	2612.312965200763	1	0	1	1.0831333000675138
100200.0	1000.0	2412.3129652007583	0.0	0	483.2056740743428	2612.312965200763	1	0	1	1.0831333000675138
101200.0	1000.0	2412.312965200745	0.0	0	498.19879293011036	2612.312965200763	1	0	1	1.0831333000675138
102200.0	1000.0	2412.3129652007397	0.0	0	259.69152560963994	2612.312965200763	1	0	1	1.0831333000675138
103200.0	1000.0	2412.3129652007356	0.0	0	333.3649177966581	2612.3129652007483	1	0	1	1.0831333000675156
104200.0	1000.0	2412.312965200745	0.0	0	504.3212096715579	2612.3129652007483	1	0	1	1.0831333000675156
105200.0	1000.0	2412.3129652007383	0.0	0	542.2387191443122	2612.3129652007483	1	0	1	1.0831333000675156
106200.0	1000.0	2412.31296520075	0.0	0	361.18812968811835	2612.3129652007483	1	0	1	1.0831333000675156
107200.0	1000.0	2312.3129652007588	0.0	0	297.3052004748315	2512.3129652007483	1	0	2	0.6910946152256658
108200.0	1000.0	2312.312965200754	0.0	0	382.4870059293753	2512.3129652007483	1	0	1	0.8952048584487715
109200.0	1000.0	2312.3129652007437	0.0	0	556.8705701337167	2512.3129652007337	1	0	1	1.0952048584487732
110200.0	1000.0	2312.3129652007365	0.0	0	561.5706336130243	2512.3129652007483	1	0	1	1.0952048584487717
111200.0	1000.0	2212.312965200723	0.0	0	620.4192332749662	2412.312965200719	1	0	2	0.7018838888158463
112200.0	1000.0	2212.312965200731	0.0	0	659.389525444989	2412.312965200719	1	0	1	0.906192752096324
113200.0	1000.0	2212.3129652007224	0.0	0	499.4218571095407	2412.312965200719	1	0	1	1.1061927520963242
114200.0	1000.0	2212.3129652007265	0.0	0	723.3041049708554	2412.312965200719	1	0	1	1.1061927520963242
115200.0	1000.0	2212.312965200733	0.0	0	712.753985573203	2412.312965200719	1	0	1	1.1061927520963242
116200.0	2000.0	2212.312965200716	0.0	0	525.938213954636	2412.312965200719	1	0	1	1.106192752096324
117200.0	2000.0	2212.3129652007246	0.0	0	289.4262186086853	2412.312965200719	1	0	1	1.7993399326562693
119095.41440568185	3000.0	1316.8985595188808	0.0	0	0.0	2412.312965200719	1	0	1	1.7993399326562693
120465.46535480008	3000.0	946.8476104006681	0.0	0	0.0	2412.312965200719	1	0	1	2.204805040764434
121993.35278135433	3000.0	418.96018384642025	0.0	0	0.0	2412.3129652007046	1	0	1	2.2048050407644357
122989.75019587483	2000.0	489.6613439349861	67.09857460904942	0	0.0	2479.411539809764	1	0	1	0.9840256438094455
123846.1607103189	2000.0	633.250829490916	0.0	0	0.0	2479.411539809764	1	0	1	1.7920821995719067
124603.5876003597	2000.0	875.8239394501371	0.0	0	0.0	2479.411539809764	1	0	1	1.7920821995719067
125346.75589595917	2000.0	1132.6556438506607	0.0	0	0.0	2479.411539809764	1	0	1	1.7920821995719067
126317.57978558227	2000.0	1161.8317542275572	0.0	0	0.0	2479.411539809764	1	0	1	1.7920821995719067
126947.35575834243	2000.0	1532.0557814674	0.0	0	0.0	2479.4115398097492	1	0	1	1.792082199571908
127746.4171680395	2000.0	1732.9943717703404	0.0	0	0.0	2479.4115398097492	1	0	1	1.792082199571908
128785.09961274266	2000.0	1694.3119270671732	0.0	0	0.0	2479.4115398097347	1	0	1	1.7920821995719096
129759.74007928057	2000.0	1719.6714605292589	0.0	0	0.0	2479.4115398097347	1	0	1	1.7920821995719096
130412.49079321254	2000.0	2066.920746597287	0.0	0	0.0	2479.41153980972	1	0	1	1.7920821995719114
131200.0	2000.0	2279.4115398098293	0.0	0	110.3179578500858	2479.4115398097347	1	0	1	1.7920821995719096
132200.0	2000.0	2279.4115398098493	0.0	0	458.94958879542537	2479.4115398097492	1	0	1	1.7920821995719092
133200.0	2000.0	2279.4115398098434	0.0	0	577.7167945844994	2479.4115398097492	1	0	1	1.7920821995719087
134200.0	2000.0	2279.411539809858	0.0	0	322.05576344768633	2479.4115398097492	1	0	1	1.7920821995719085
135200.0	2000.0	2279.411539809843	0.0	0	140.20812689478043	2479.4115398097492	1	0	1	1.792082199571908
136200.0	2000.0	2179.4115398098274	0.0	0	91.58907676566741	2379.4115398097783	1	0	2	1.3993817017105137
137614.03802115188	2000.0	1765.3735186579388	0.0	0	0.0	2379.4115398097492	1	0	1	1.60273395650932
140692.45986860935	3000.0	200.0	513.0483287995228	0	0.0	2892.459868609265	1	0	1	-1.296492337758103
141622.1315209508	2000.0	549.8714573471207	279.5431096885503	0	0.0	3172.0029782978236	1	0	1	-0.3990328361659318
142906.8672631203	2000.0	299.79800061804787	34.66228544043929	0	0.0	3206.6652637382504	1	0	1	1.468295090015158
144534.64550034463	2000.0	201.28743733421268	529.2676739404808	0	0.0	3735.932937678852	1	0	1	-1.6375784981115444
145056.60125101413	1000.0	734.6432930185904	55.31160635384376	0	0.0	3791.244544032699	1	0	1	-0.20702150949895523
145624.41700263286	1000.0	1166.8275413998442	0.0	0	0.0	3791.24454403267	1	0	1	0.8179953091840629
146228.01656357993	1000.0	1502.8680243580618	0.0	0	0.0	3730.884587937966	1	0	2	0.43351442581953764
146709.85902674706	1000.0	1972.8413148742331	0.0	0	0.0	3682.700341621239	1	0	2	0.6516203037990798
147120.0963136959	1000.0	2521.5802992305157	0.0	0	0.0	3641.676612926385	1	0	2	0.665004312681913
148020.71292206255	2000.0	2530.902030027178	0.0	0	0.0	3551.6149520896724	1	0	2	0.6885256471121447
148736.32191050143	2000.0	2743.7321427444012	0.0	0	0.0	3480.054053245811	1	0	2	1.4040775333615758
149421.2939530453	2000.0	2990.262895946153	0.0	0	0.0	3411.5568489914294	1	0	2	1.4225414900508948
150928.8418911443	2000.0	2482.7149578471635	0.0	0	0.0	3411.5568489914294	1	0	1	1.4274668245667912
152615.73533395553	3000.0	1795.821515035907	0.0	0	0.0	3411.5568489914585	1	0	1	1.627466824566784
154155.75893233565	2000.0	1255.7979166557764	0.0	0	0.0	3411.5568489914585	1	0	1	1.2220017164586192
155122.5502495729	2000.0	1289.0065994185425	0.0	0	0.0	3411.5568489914294	1	0	1	1.6274668245667914
156463.5873594434	2000.0	947.96948954805	0.0	0	0.0	3411.5568489914294	1	0	1	1.6274668245667914
157806.75025274718	2000.0	470.490306913877	0.0	0	0.0	3277.2405596610624	1	0	2	1.2544853499742454
158434.86670078515	1000.0	842.3738588758899	0.0	0	0.0	3277.2405596610624	1	0	1	0.07414148930343684
158907.30733502726	1000.0	1369.933224633791	0.0	0	0.0	3277.2405596610624	1	0	1	0.9672886698633822
159262.73807988857	1000.0	2014.5024797724602	0.0	0	0.0	3277.2405596610333	1	0	1	0.9672886698633891
159908.5697900927	1000.0	2368.670769568325	0.0	0	0.0	3277.2405596610333	1	0	1	0.9672886698633891
160341.61828139448	1000.0	2935.622278266562	0.0	0	0.0	3277.2405596610333	1	0	1	0.9672886698633891
161200.0	1000.0	3077.2405596610506	0.0	0	1.2835406838566996	3277.2405596610333	1	0	1	0.9672886698633891
162200.0	1000.0	3077.2405596610406	0.0	0	51.76024744074675	3277.2405596610624	1	0	1	0.9672886698633822
163200.0	1000.0	3077.2405596610192	0.0	0	55.261226437520236	3277.2405596610624	1	0	1	0.9672886698633822
164274.98446618335	1000.0	3002.256093477705	0.0	0	0.0	3277.2405596610624	1	0	1	0.9672886698633822
165418.1561630853	1000.0	2859.0843965757454	0.0	0	0.0	3277.2405596610915	1	0	1	0.9672886698633756
166200.0	1000.0	3077.2405596610784	0.0	0	159.85804507121793	3277.2405596610915	1	0	1	0.9672886698633756
167200.0	1000.0	2977.2405596610834	0.0	0	142.88882698735688	3177.2405596610915	1	0	2	0.5823855447783732
168200.0	1000.0	2877.240559661062	0.0	0	182.66883047949523	3077.2405596610624	1	0	2	0.8031136061156685
169200.0	1000.0	2877.2405596610506	0.0	0	434.8750227597193	3077.2405596610624	1	0	1	0.809703767988334
170200.0	1000.0	2877.240559661078	0.0	0	403.05937103842734	3077.2405596610624	1	0	1	1.0097037679883343
171200.0	1000.0	2877.2405596610874	0.0	0	70.31326723267557	3077.2405596610333	1	0	1	1.0097037679883398
172200.0	1000.0	2877.2405596611025	0.0	0	16.4646403354418	3077.2405596610333	1	0	1	1.0097037679883398
173200.0	1000.0	2877.240559661096	0.0	0	423.20135696360376	3077.240559661004	1	0	1	1.0097037679883456
174200.0	1000.0	2877.2405596611325	0.0	0	580.797979921801	3077.240559661004	1	0	1	1.0097037679883456
175200.0	1000.0	2877.240559661109	0.0	0	513.3930002492853	3077.240559661004	1	0	1	1.0097037679883456
176200.0	1000.0	2877.2405596611206	0.0	0	90.44480339286383	3077.2405596610333	1	0	1	1.0097037679883398
177266.54551175982	1000.0	2810.695047901293	0.0	0	0.0	3077.2405596610333	1	0	1	1.0097037679883398
178200.0	1000.0	2877.240559661067	0.0	0	62.40958230997785	3077.240559661004	1	0	1	1.0097037679883456
179200.0	1000.0	2877.240559661061	0.0	0	466.50466778414557	3077.240559660975	1	0	1	1.0097037679883512
180200.0	1000.0	2877.2405596610947	0.0	0	465.02444857003866	3077.240559661004	1	0	1	1.0097037679883467
181200.0	1000.0	2777.240559661065	0.0	0	448.390378392447	2977.240559661004	1	0	2	0.621346237330684
182200.0	1000.0	2677.2405596610834	0.0	0	236.9525340240798	2877.2405596610333	1	0	2	0.8389907306230392
183200.0	1000.0	2677.240559661089	0.0	0	110.22269412156311	2877.2405596610333	1	0	1	0.8451506895892518
184200.0	1000.0	2677.2405596610947	0.0	0	469.53568894340424	2877.2405596610624	1	0	1	1.0451506895892473
185200.0	1000.0	2577.2405596611034	0.0	0	421.9568601680221	2777.2405596610624	1	0	2	0.6547468709005086
186200.0	1000.0	2477.240559661095	0.0	0	447.72792203060817	2677.2405596610624	1	0	2	0.8692327399093042
187200.0	1000.0	2477.240559661081	0.0	0	435.04748499262496	2677.2405596610915	1	0	1	0.8746688717212401
188200.0	1000.0	2477.240559661069	0.0	0	192.7631413396448	2677.2405596610915	1	0	1	1.0746688717212403
189523.63789158454	1000.0	2153.6026680765426	0.0	0	0.0	2677.2405596611206	1	0	1	1.0746688717212394
190200.0	1000.0	2477.2405596611025	0.0	0	25.536348436464323	2677.2405596611206	1	0	1	1.0746688717212363
191200.0	1000.0	2477.2405596611175	0.0	0	407.38609016800183	2677.2405596611206	1	0	1	1.0746688717212363
192200.0	1000.0	2377.2405596611256	0.0	0	518.9342519953498	2577.240559661179	1	0	2	0.6826543626811129
193200.0	1000.0	2277.2405596611457	0.0	0	318.55940917885164	2477.240559661179	1	0	2	0.8947438656628752
194433.4616211077	1000.0	2043.7789385534186	0.0	0	0.0	2477.240559661179	1	0	1	0.899177109388162
195200.0	1000.0	2277.2405596611356	0.0	0	59.39673257933464	2477.2405596611497	1	0	1	1.0991771093881655
196200.0	1000.0	2277.2405596611347	0.0	0	266.0213859752985	2477.2405596611497	1	0	1	1.0991771093881655
197200.0	1000.0	2277.2405596611334	0.0	0	302.91069057618733	2477.2405596611497	1	0	1	1.0991771093881655
198200.0	1000.0	2277.24055966112	0.0	0	390.77506980413455	2477.2405596611497	1	0	1	1.0991771093881655
199200.0	1000.0	2277.240559661093	0.0	0	339.9063852300169	2477.2405596611497	1	0	1	1.0991771093881655
200200.0	1000.0	2277.2405596610724	0.0	0	318.1293313257338	2477.2405596611206	1	0	1	1.0991771093881686
201200.0	1000.0	2277.2405596610415	0.0	0	355.57295421281015	2477.2405596611497	1	0	1	1.099177109388166
202200.0	1000.0	2277.2405596610733	0.0	0	422.43883802669006	2477.2405596611497	1	0	1	1.0991771093881655
203200.0	1000.0	2277.240559661085	0.0	0	233.82606797365588	2477.240559661179	1	0	1	1.0991771093881622
204200.0	1000.0	2277.240559661099	0.0	0	110.01830633977079	2477.240559661179	1	0	1	1.0991771093881622
205200.0	1000.0	2277.2405596611134	0.0	0	413.9143091835722	2477.240559661179	1	0	1	1.0991771093881622
206200.0	1000.0	2277.2405596611106	0.0	0	251.9121135752066	2477.240559661208	1	0	1	1.0991771093881588
207200.0	1000.0	2277.2405596610934	0.0	0	322.4089574603713	2477.240559661208	1	0	1	1.0991771093881588
208200.0	1000.0	2277.2405596610815	0.0	0	344.1624896169815	2477.240559661237	1	0	1	1.0991771093881557
209200.0	1000.0	2277.240559661069	0.0	0	460.40795449822326	2477.240559661237	1	0	1	1.0991771093881557
210200.0	1000.0	2277.2405596610697	0.0	0	541.5266040370916	2477.240559661266	1	0	1	1.0991771093881524
211200.0	1000.0	2277.240559661049	0.0	0	561.2609092328348	2477.240559661266	1	0	1	1.0991771093881524
212200.0	1000.0	2277.2405596610593	0.0	0	496.9088507836277	2477.2405596612953	1	0	1	1.0991771093881493
213200.0	1000.0	2277.2405596610665	0.0	0	551.6097461186291	2477.2405596612953	1	0	1	1.0991771093881493
214200.0	1000.0	2277.24055966106	0.0	0	342.0136878696212	2477.2405596612953	1	0	1	1.0991771093881493
215200.0	1000.0	2277.2405596610733	0.0	0	416.9036121215904	2477.240559661266	1	0	1	1.0991771093881524
216200.0	1000.0	2277.24055966106	0.0	0	365.40607590507716	2477.240559661237	1	0	1	1.0991771093881557
217200.0	1000.0	2277.2405596610565	0.0	0	331.15430560940877	2477.240559661237	1	0	1	1.0991771093881557
218200.0	1000.0	2177.240559661084	0.0	0	36.72815447580069	2377.240559661266	1	0	2	0.7068434970661159
219209.7222905344	1000.0	2167.5182691266605	0.0	0	0.0	2377.240559661237	1	0	1	0.9098070299132809
220200.0	1000.0	2177.240559661051	0.0	0	379.74394948998815	2377.240559661237	1	0	1	1.109807029913281
221200.0	1000.0	2177.24055966104	0.0	0	229.25044571520993	2377.240559661237	1	0	1	1.109807029913281
222200.0	1000.0	2177.240559661021	0.0	0	462.80442883251817	2377.240559661237	1	0	1	1.109807029913281
223200.0	1000.0	2077.240559661042	0.0	0	429.73970737768104	2277.240559661237	1	0	2	0.7159229755997032
224200.0	1000.0	2077.240559661054	0.0	0	546.3597568548576	2277.240559661237	1	0	1	0.9194756300779661
225200.0	1000.0	2077.2405596610693	0.0	0	529.3651970661886	2277.240559661237	1	0	1	1.1194756300779662
226200.0	1000.0	2077.2405596610824	0.0	0	327.91800132842036	2277.240559661237	1	0	1	1.1194756300779662
227200.0	1000.0	2077.240559661109	0.0	0	10.471665508928709	2277.240559661266	1	0	1	1.1194756300779636
228200.0	1000.0	2077.2405596611197	0.0	0	124.84111926116748	2277.240559661266	1	0	1	1.1194756300779636
229200.0	1000.0	2077.2405596611397	0.0	0	355.5880944271339	2277.2405596612953	1	0	1	1.119475630077961
230200.0	1000.0	2077.2405596611306	0.0	0	414.56225130389794	2277.2405596612953	1	0	1	1.119475630077961
231200.0	1000.0	2077.2405596611425	0.0	0	259.26849404911627	2277.2405596612953	1	0	1	1.119475630077961
232200.0	1000.0	2077.240559661134	0.0	0	254.14687765730196	2277.2405596612953	1	0	1	1.119475630077961
233200.0	1000.0	2077.24055966115	0.0	0	512.9580378283572	2277.2405596612953	1	0	1	1.119475630077961
234298.20351269146	1000.0	1979.0370469697152	0.0	0	0.0	2277.2405596612953	1	0	1	1.119475630077961
235200.0	1000.0	2077.2405596611825	0.0	0	29.950887573097134	2277.2405596612953	1	0	1	1.119475630077961
236200.0	1000.0	2077.240559661197	0.0	0	481.9424353034119	2277.2405596612953	1	0	1	1.119475630077961
237200.0	1000.0	2077.240559661196	0.0	0	475.73867196193896	2277.2405596612953	1	0	1	1.119475630077961
238200.0	1000.0	2077.240559661202	0.0	0	432.5197493013693	2277.2405596612953	1	0	1	1.119475630077961
239200.0	1000.0	2077.240559661192	0.0	0	446.8110099211917	2277.240559661266	1	0	1	1.1194756300779636
240200.0	1000.0	2077.2405596611998	0.0	0	215.90229002176784	2277.240559661266	1	0	1	1.1194756300779636
241200.0	1000.0	2077.2405596612157	0.0	0	332.40971192086	2277.240559661266	1	0	1	1.1194756300779636
242200.0	1000.0	2077.2405596611848	0.0	0	285.3065466977714	2277.240559661266	1	0	1	1.1194756300779636
243200.0	1000.0	2077.2405596611934	0.0	0	495.5658034319931	2277.240559661266	1	0	1	1.1194756300779636
244200.0	1000.0	2077.2405596611648	0.0	0	249.24924806298804	2277.240559661266	1	0	1	1.1194756300779636
245200.0	1000.0	2077.24055966114	0.0	0	526.5763640493096	2277.240559661266	1	0	1	1.1194756300779636
246200.0	1000.0	2077.240559661155	0.0	0	522.641998378851	2277.240559661266	1	0	1	1.1194756300779636
247200.0	1000.0	2077.240559661158	0.0	0	655.1730094484519	2277.2405596612953	1	0	1	1.119475630077961
248200.0	1000.0	2077.2405596611356	0.0	0	627.9388853966957	2277.2405596612953	1	0	1	1.119475630077961
249200.0	1000.0	2077.2405596611716	0.0	0	466.08346333529335	2277.2405596612953	1	0	1	1.119475630077961
250200.0	1000.0	2077.2405596611793	0.0	0	400.61968093996984	2277.2405596612953	1	0	1	1.119475630077961
251200.0	1000.0	2077.24055966118	0.0	0	171.64859941392206	2277.2405596612953	1	0	1	1.119475630077961
252200.0	1000.0	2077.240559661158	0.0	0	455.86780701603857	2277.2405596613244	1	0	1	1.1194756300779583
253200.0	1000.0	2077.240559661139	0.0	0	393.3926636868273	2277.2405596613244	1	0	1	1.1194756300779583
254200.0	1000.0	2077.240559661157	0.0	0	220.66642762874835	2277.2405596613244	1	0	1	1.1194756300779583
255200.0	1000.0	2077.2405596611657	0.0	0	260.9338777913363	2277.2405596613244	1	0	1	1.1194756300779583
256200.0	1000.0	2077.2405596611916	0.0	0	285.9959121635766	2277.2405596613535	1	0	1	1.1194756300779556
257200.0	1000.0	2077.2405596611748	0.0	0	476.33226840320276	2277.2405596613535	1	0	1	1.1194756300779556
258200.0	1000.0	2077.240559661183	0.0	0	578.4908806984022	2277.2405596613535	1	0	1	1.1194756300779556
259200.0	1000.0	2077.2405596611316	0.0	0	594.4149141711241	2277.2405596613535	1	0	1	1.1194756300779556
260200.0	1000.0	2077.240559661175	0.0	0	631.7909072065959	2277.2405596613535	1	0	1	1.1194756300779556
261200.0	1000.0	2077.240559661191	0.0	0	717.789633498789	2277.2405596613535	1	0	1	1.1194756300779556
262200.0	1000.0	2077.2405596611825	0.0	0	619.2506692087627	2277.2405596613535	1	0	1	1.1194756300779556
263200.0	1000.0	2077.2405596611543	0.0	0	663.6068899729289	2277.2405596613244	1	0	1	1.1194756300779587
264200.0	1000.0	2077.240559661211	0.0	0	722.3951757303439	2277.2405596613826	1	0	1	1.119475630077956
265200.0	1000.0	2077.24055966119	0.0	0	725.9945226597483	2277.2405596614117	1	0	1	1.1194756300779503
266200.0	1000.0	2077.2405596612543	0.0	0	721.6271597554442	2277.2405596614117	1	0	1	1.1194756300779503
267200.0	2000.0	2077.2405596613107	0.0	0	37.05817190394737	2277.2405596614117	1	0	1	1.11947563007795
268200.0	2000.0	2077.2405596612593	0.0	0	117.47123287146678	2277.2405596614117	1	0	1	1.8126228106378952
269204.6138473333	2000.0	2072.6267123280095	0.0	0	0.0	2277.2405596614117	1	0	1	1.8126228106378952
270437.74257482117	2000.0	1839.4979848401074	0.0	0	0.0	2277.2405596613535	1	0	1	1.8126228106379005
271216.92359020695	2000.0	2060.3169694543553	0.0	0	0.0	2277.2405596613535	1	0	1	1.8126228106379005
272200.0	2000.0	2077.2405596613253	0.0	0	62.07064833474578	2277.2405596613535	1	0	1	1.8126228106379005
273200.0	2000.0	2077.2405596613416	0.0	0	328.12705146026565	2277.2405596613535	1	0	1	1.8126228106379005
274200.0	2000.0	2077.240559661353	0.0	0	305.89981012174394	2277.2405596613535	1	0	1	1.8126228106379005
275200.0	2000.0	2077.2405596613567	0.0	0	7.023757173854392	2277.2405596614117	1	0	1	1.8126228106378952
276200.0	2000.0	2077.24055966128	0.0	0	133.75119046895998	2277.2405596614117	1	0	1	1.8126228106378952
277250.5470943125	2000.0	2026.6934653487583	0.0	0	0.0	2277.2405596614117	1	0	1	1.8126228106378952
278408.0084002699	2000.0	1869.2321593912823	0.0	0	0.0	2277.2405596613535	1	0	1	1.8126228106379005
279200.0	2000.0	2077.240559661127	0.0	0	110.38337818102445	2277.2405596613535	1	0	1	1.8126228106379005
280200.0	2000.0	2077.240559661127	0.0	0	299.2222676122328	2277.2405596614117	1	0	1	1.8126228106378952
281200.0	2000.0	2077.2405596611484	0.0	0	539.9704098636284	2277.2405596614117	1	0	1	1.8126228106378952
282200.0	2000.0	2077.240559661124	0.0	0	327.1365843207459	2277.2405596613535	1	0	1	1.8126228106379005
283200.0	2000.0	2077.2405596611356	0.0	0	399.3945326018729	2277.2405596614117	1	0	1	1.8126228106378952
284200.0	2000.0	2077.24055966112	0.0	0	196.5155987784383	2277.24055966147	1	0	1	1.8126228106378908
285571.94168257766	2000.0	1705.2988770835195	0.0	0	0.0	2277.240559661528	1	0	1	1.8126228106378846
286486.1621475598	2000.0	1791.078412101353	0.0	0	0.0	2277.240559661528	1	0	1	1.8126228106378846
287828.35045713733	2000.0	1448.8901025238126	0.0	0	0.0	2277.240559661528	1	0	1	1.8126228106378846
289710.30914254853	2000.0	566.9314171125653	0.0	0	0.0	2277.240559661528	1	0	1	1.8126228106378846
291091.0983676209	2000.0	408.0227048926337	221.8805128524013	0	0.0	2499.121072513517	1	0	1	0.45857846859879225
292404.65101016447	2000.0	270.9532682325818	176.48320588353772	0	0.0	2675.604278397048	1	0	1	0.7091364851761328
293087.71936493024	1000.0	647.8117927798334	59.92687931301327	0	0.0	2735.5311577100656	1	0	1	0.013913095725908764
293824.7738355921	1000.0	910.7573221179482	0.0	0	0.0	2735.5311577100074	1	0	1	1.066621552163942
294543.95953591313	1000.0	1191.5716217969757	0.0	0	0.0	2735.5311577100656	1	0	1	1.0666215521639335
295104.8990930523	1000.0	1630.6320646578172	0.0	0	0.0	2735.5311577100656	1	0	1	1.0666215521639335
295544.8226462504	1000.0	2190.708511459694	0.0	0	0.0	2735.5311577100656	1	0	1	1.0666215521639335
296200.0	1000.0	2535.531157710084	0.0	0	337.8893285836093	2735.5311577100656	1	0	1	1.0666215521639335
297200.0	1000.0	2535.5311577100974	0.0	0	487.2986102347495	2735.5311577100656	1	0	1	1.0666215521639335
298200.0	1000.0	2535.531157710071	0.0	0	670.6769732871908	2735.5311577100656	1	0	1	1.0666215521639335
299200.0	1000.0	2535.5311577101056	0.0	0	617.4437938493793	2735.5311577100656	1	0	1	1.0666215521639335
300200.0	1000.0	2535.5311577100747	0.0	0	124.11348863079911	2735.5311577100074	1	0	1	1.066621552163942
1.64	1.12	1.0	1.84	2.32	2.03	1.55	1.39	1.32	0.61	1.08	1.36	1.45	1.7	2.49	1.96	0.74	1.54	2.2	2.41	1.4	0.87	0.95	1.42	1.63	1.55	1.75	1.25	1.61	2.33	2.32	1.78	1.51	0.96	0.87	1.58	1.78	2.18	1.32	0.97	1.2	1.62	1.59	1.53	1.47	2.27	1.86	1.26	1.25	1.25	1.83	1.84	1.38	1.56	2.13	2.68	2.35	1.61	1.97	1.83	1.95	1.74	1.38	1.22	1.29	1.67	1.8	1.26	1.81	1.77	2.25	1.66	1.16	1.07	1.92	1.41	1.47	2.02	1.53	0.87	1.31	1.91	2.68	1.95	1.56	1.22	1.66	1.65	1.53	1.9	2.61	2.61	3.37	1.46	1.63	1.69	1.39	1.49	2.19	1.45	1.33	1.85	2.61	2.75	3.79	3.38	2.47	2.92	3.13	3.83	4.45	3.13	1.68	1.98	2.34	1.81	2.13	2.36	3.03	2.51	2.72	2.83	1.96	2.03	2.79	3.65	3.88	3.98	3.14	1.9	1.64	1.99	1.61	0.93	0.93	1.53	2.27	1.53	1.45	1.98	2.22	2.83	2.83	3.28	1.64	1.18	1.71	1.17	1.67	1.82	1.64	1.12	1.0	1.84	2.32	2.03	1.55	1.39	1.32	0.61	1.08	1.36	1.45	1.7	2.49	1.96	0.74	1.54	2.2	2.41	1.4	0.87	0.95	1.42	1.63	1.55	1.75	1.25	1.61	2.33	2.32	1.78	1.51	0.96	0.87	1.58	1.78	2.18	1.32	0.97	1.2	1.62	1.59	1.53	1.47	2.27	1.86	1.26	1.25	1.25	1.83	1.84	1.38	1.56	2.13	2.68	2.35	1.61	1.97	1.83	1.95	1.74	1.38	1.22	1.29	1.67	1.8	1.26	1.81	1.77	2.25	1.66	1.16	1.07	1.92	1.41	1.47	2.02	1.53	0.87	1.31	1.91	2.68	1.95	1.56	1.22	1.66	1.65	1.53	1.9	2.61	2.61	3.37	1.46	1.63	1.69	1.39	1.49	2.19	1.45	1.33	1.85	2.61	2.75	3.79	3.38	2.47	2.92	3.13	3.83	4.45	3.13	1.68	1.98	2.34	1.81	2.13	2.36	3.03	2.51	2.72	2.83	1.96	2.03	2.79	3.65	3.88	3.98	3.14	1.9	1.64	1.99	1.61	0.93	0.93	1.53	2.27	1.53	1.45	1.98	2.22	2.83	2.83	3.28	1.64	1.18	1.71	1.17	1.67	1.82
1.0	2.0	3.0	4.0	5.0	6.0	7.0	8.0	9.0	10.0	11.0	12.0	13.0	14.0	15.0	16.0	17.0	18.0	19.0	20.0	21.0	22.0	23.0	24.0	25.0	26.0	27.0	28.0	29.0	30.0	31.0	32.0	33.0	34.0	35.0	36.0	37.0	38.0	39.0	40.0	41.0	42.0	43.0	44.0	45.0	46.0	47.0	48.0	49.0	50.0	51.0	52.0	53.0	54.0	55.0	56.0	57.0	58.0	59.0	60.0	61.0	62.0	63.0	64.0	65.0	66.0	67.0	68.0	69.0	70.0	71.0	72.0	73.0	74.0	75.0	76.0	77.0	78.0	79.0	80.0	81.0	82.0	83.0	84.0	85.0	86.0	87.0	88.0	89.0	90.0	91.0	92.0	93.0	94.0	95.0	96.0	97.0	98.0	99.0	100.0	101.0	102.0	103.0	104.0	105.0	106.0	107.0	108.0	109.0	110.0	111.0	112.0	113.0	114.0	115.0	116.0	117.0	118.0	119.0	120.0	121.0	122.0	123.0	124.0	125.0	126.0	127.0	128.0	129.0	130.0	131.0	132.0	133.0	134.0	135.0	136.0	137.0	138.0	139.0	140.0	141.0	142.0	143.0	144.0	145.0	146.0	147.0	148.0	149.0	149.0	150.0	151.0	152.0	153.0	154.0	155.0	156.0	157.0	158.0	159.0	160.0	161.0	162.0	163.0	164.0	165.0	166.0	167.0	168.0	169.0	170.0	171.0	172.0	173.0	174.0	175.0	176.0	177.0	178.0	179.0	180.0	181.0	182.0	183.0	184.0	185.0	186.0	187.0	188.0	189.0	190.0	191.0	192.0	193.0	194.0	195.0	196.0	197.0	198.0	199.0	200.0	201.0	202.0	203.0	204.0	205.0	206.0	207.0	208.0	209.0	210.0	211.0	212.0	213.0	214.0	215.0	216.0	217.0	218.0	219.0	220.0	221.0	222.0	223.0	224.0	225.0	226.0	227.0	228.0	229.0	230.0	231.0	232.0	233.0	234.0	235.0	236.0	237.0	238.0	239.0	240.0	241.0	242.0	243.0	244.0	245.0	246.0	247.0	248.0	249.0	250.0	251.0	252.0	253.0	254.0	255.0	256.0	257.0	258.0	259.0	260.0	261.0	262.0	263.0	264.0	265.0	266.0	267.0	268.0	269.0	270.0	271.0	272.0	273.0	274.0	275.0	276.0	277.0	278.0	279.0	280.0	281.0	282.0	283.0	284.0	285.0	286.0	287.0	288.0	289.0	290.0	291.0	292.0	293.0	294.0	295.0	296.0	297.0	298.0	298.0
5489.747595988247
