5814.752841964913	300.0	2000.0	237.89593481005147	0	0.0	5814.752841964913	1	0	1	-3.180204751321323
6060.734554855381	300.0	2729.4201158204846	0.0	0	0.0	5790.154670675866	1	0	2	-2.1864234812961936
6415.600595079864	500.0	3339.0674715735536	0.0	0	0.0	5754.6680666534185	1	0	2	-1.9547068378539203
6896.7352622825265	500.0	3809.8193376506247	0.0	0	0.0	5706.554599933152	1	0	2	-1.3991899489028747
7412.230820081257	500.0	4242.774224072022	0.0	0	0.0	5655.0050441532785	1	0	2	-1.3502074831556818
7963.980993418565	1000.0	4635.849033400984	0.0	0	0.0	5599.830026819549	1	0	2	-1.2965754398124498
8801.190522624742	1000.0	4714.918551274191	0.0	0	0.0	5516.109073898932	1	0	2	-0.5346708155827715
10339.309184912003	2000.0	4022.9880227582053	0.0	0	0.0	5362.297207670208	1	0	2	-0.4084738745646981
11801.918429439527	2000.0	3414.1178537779265	0.0	0	0.0	5216.036283217455	1	0	2	0.42682874370307095
12927.024476829512	3000.0	3176.5012016489436	0.0	0	0.0	5103.525678478457	1	0	2	0.526272807524781
13844.855409120106	2000.0	3166.8871761292917	0.0	0	0.0	5011.742585249398	1	0	2	0.19386798979362924
14714.27506575281	2000.0	3210.5255538333163	0.0	0	0.0	4924.800619586129	1	0	2	0.6758769200859203
15779.169788991932	2000.0	3039.14135827028	0.0	0	0.0	4818.311147262217	1	0	2	0.7473097012563457
16824.394612248485	2000.0	2889.394052688072	0.0	0	0.0	4713.788664936563	1	0	2	0.8234175298235591
17472.703637957617	2000.0	3176.25412440803	0.0	0	0.0	4648.957762365651	1	0	2	0.8740181478648124
18899.605022719516	3000.0	2606.6626011699404	0.0	0	0.0	4506.26762388946	1	0	2	0.9497700352626298
20631.200978931396	3000.0	1701.9070493368763	0.0	0	0.0	4333.108028268276	1	0	2	1.4499771017453866
23234.881113555428	3000.0	200.0	329.2191806814166	0	0.0	4434.881113555435	1	0	2	-0.47011653089894745
23869.224484481598	1000.0	686.6727742830655	167.68225663804407	0	0.0	4555.897258764671	1	0	2	-1.8632884964346532
24247.02284869351	1000.0	1271.0945736499627	0.0	0	0.0	4518.117422343483	1	0	2	0.2675448671196706
24777.085558351057	1000.0	1688.0255930266583	0.0	0	0.0	4465.111151377725	1	0	2	0.2969470476228005
25174.12398496868	1000.0	2251.2833237472737	0.0	0	0.0	4425.407308715967	1	0	2	0.3216768126209377
25604.165798967006	1000.0	2778.237328349115	0.0	0	0.0	4382.4031273161345	1	0	2	0.3459718554266735
25962.582240052034	1000.0	3383.9792431555834	0.0	0	0.0	4346.561483207635	1	0	2	0.3667979542733053
27325.654599626672	2000.0	2884.5996476234827	0.0	0	0.0	4210.254247250177	1	0	2	0.41787532498825253
29468.760350842706	3000.0	1527.1833212858455	0.0	0	0.0	3995.9436721285747	1	0	2	1.2085641555793059
30327.267364107698	2000.0	1582.8256066943507	0.0	0	0.0	3910.092970802074	1	0	2	0.852477978657274
31330.672891010152	2000.0	1479.0795271016536	0.0	0	0.0	3809.7524181118315	1	0	2	1.2941414834941325
31877.187459930632	2000.0	1877.913501289125	0.0	0	0.0	3755.100961219785	1	0	2	1.3192549919988115
33002.974579343245	3000.0	1639.5476699352541	0.0	0	0.0	3642.5222492785324	1	0	2	1.3521296181982692
33926.25865854865	2000.0	1623.935182809311	0.0	0	0.0	3550.1938413579956	1	0	2	0.9765539947232416
34619.09285144827	2000.0	1861.8175706197285	0.0	0	0.0	3480.9104220680383	1	0	2	1.403959963813275
35539.47670384746	2000.0	1849.3953329806282	0.0	0	0.0	3388.8720368281247	1	0	2	1.4261949312939903
36766.97039218615	2000.0	1621.9016446419337	0.0	0	0.0	3388.872036828121	1	0	1	1.4333078043731295
37382.47392067947	2000.0	1944.847763299285	0.0	0	0.0	3327.3216839787856	1	0	2	1.2445823072210018
38282.53368461481	2000.0	1954.782022970407	0.0	0	0.0	3237.3157075852505	1	0	2	1.464382306971467
39692.311257470734	2000.0	1545.004450114481	0.0	0	0.0	3237.3157075852505	1	0	1	1.4695133832017833
40756.48543315848	2000.0	1480.830274426746	0.0	0	0.0	3237.3157075852578	1	0	1	1.6695133832017817
42207.68523493682	2000.0	1029.6304726484145	0.0	0	0.0	3237.3157075852578	1	0	1	1.6695133832017817
43073.75261924919	2000.0	1163.56308833604	0.0	0	0.0	3237.3157075852578	1	0	1	1.6695133832017817
44323.87984134145	2000.0	913.4358662437925	0.0	0	0.0	3237.3157075852578	1	0	1	1.6695133832017817
45314.143414129896	2000.0	923.1722934553478	0.0	0	0.0	3237.3157075852578	1	0	1	1.6695133832017817
45962.43571694278	1000.0	1274.8799906424565	0.0	0	0.0	3237.3157075852578	1	0	1	0.28321902208189137
46468.83537822164	1000.0	1717.8403632357126	0.0	0	0.0	3186.6757414573804	1	0	2	0.5846391000393165
47085.5024828638	1000.0	2101.1732585935624	0.0	0	0.0	3186.6757414573804	1	0	1	0.787429734503514
47772.04498330839	1000.0	2345.9765081045184	0.0	0	0.0	3118.021491412932	1	0	2	0.5978235870113002
48457.02651243562	1000.0	2592.496826064562	0.0	0	0.0	3049.523338500214	1	0	2	0.8119290297695434
49200.0	1000.0	2849.5233385001816	0.0	0	352.69300188249326	3049.523338500214	1	0	1	0.8150073447915817
50200.0	1000.0	2749.5233385001757	0.0	0	540.8388719162176	2949.5233385002066	1	0	2	0.6261638822580717
51200.0	1000.0	2649.5233385001798	0.0	0	515.1032918111305	2849.5233385002066	1	0	2	0.8431241376894167
52200.0	1000.0	2649.523338500177	0.0	0	47.35445476647874	2849.5233385002066	1	0	1	0.8495732948816461
53200.0	1000.0	2649.523338500181	0.0	0	46.28760986959969	2849.5233385001993	1	0	1	1.0495732948816474
54200.0	1000.0	2649.5233385001707	0.0	0	310.2956819267929	2849.5233385001993	1	0	1	1.0495732948816474
55200.0	1000.0	2649.5233385001666	0.0	0	232.79776471569494	2849.5233385001993	1	0	1	1.0495732948816474
56200.0	1000.0	2649.5233385001675	0.0	0	532.4632711755985	2849.5233385001993	1	0	1	1.0495732948816474
57200.0	1000.0	2649.5233385001634	0.0	0	405.8672222546593	2849.523338500192	1	0	1	1.0495732948816485
58200.0	1000.0	2649.5233385001716	0.0	0	362.65872398685315	2849.523338500192	1	0	1	1.0495732948816485
59200.0	1000.0	2649.523338500174	0.0	0	316.04262044938514	2849.523338500192	1	0	1	1.0495732948816485
60200.0	1000.0	2649.523338500178	0.0	0	225.31327051066182	2849.523338500192	1	0	1	1.0495732948816485
61200.0	1000.0	2649.5233385001816	0.0	0	279.19976381605375	2849.5233385001848	1	0	1	1.0495732948816496
62200.0	1000.0	2649.5233385001816	0.0	0	338.42259674236993	2849.5233385001775	1	0	1	1.049573294881651
63200.0	1000.0	2649.52333850018	0.0	0	536.6596823938089	2849.5233385001775	1	0	1	1.049573294881651
64200.0	1000.0	2549.523338500179	0.0	0	324.0555167304701	2749.523338500192	1	0	2	0.6589177905203657
65200.0	1000.0	2549.5233385001857	0.0	0	294.9697625084809	2749.523338500192	1	0	1	0.8646242451055058
66200.0	1000.0	2549.5233385002007	0.0	0	270.49864972206706	2749.5233385002066	1	0	1	1.064624245105505
67200.0	1000.0	2549.523338500211	0.0	0	415.79163184891513	2749.523338500221	1	0	1	1.0646242451055024
68200.0	1000.0	2549.523338500209	0.0	0	424.40534975848277	2749.523338500221	1	0	1	1.0646242451055017
69200.0	1000.0	2549.5233385001943	0.0	0	272.0023435410112	2749.523338500221	1	0	1	1.064624245105502
70200.0	1000.0	2549.5233385001898	0.0	0	337.44961982031236	2749.523338500221	1	0	1	1.064624245105502
71200.0	1000.0	2549.5233385001798	0.0	0	361.1491380003863	2749.523338500221	1	0	1	1.064624245105502
72200.0	1000.0	2549.5233385001898	0.0	0	520.0269823562267	2749.523338500221	1	0	1	1.064624245105502
73200.0	1000.0	2549.5233385001943	0.0	0	504.63588567773695	2749.5233385002357	1	0	1	1.0646242451054997
74200.0	1000.0	2449.523338500198	0.0	0	492.01296801050194	2649.5233385002357	1	0	2	0.6731499795878432
75200.0	1000.0	2449.5233385001948	0.0	0	295.59355984584545	2649.5233385002357	1	0	1	0.8783450620136584
76200.0	1000.0	2349.523338500204	0.0	0	391.77085010922747	2549.5233385002357	1	0	2	0.686105422281873
77200.0	1000.0	2249.5233385002066	0.0	0	277.1479518281558	2449.523338500221	1	0	2	0.8982566258956377
78200.0	1000.0	2249.5233385002152	0.0	0	49.46331957375514	2449.523338500221	1	0	1	0.902224742081213
79200.0	1000.0	2249.5233385002166	0.0	0	76.18953753790993	2449.523338500221	1	0	1	1.102224742081213
80200.0	1000.0	2249.523338500217	0.0	0	399.46560318420234	2449.523338500221	1	0	1	1.102224742081213
81200.0	1000.0	2249.523338500216	0.0	0	402.8093354554294	2449.5233385002066	1	0	1	1.1022247420812148
82200.0	1000.0	2249.523338500209	0.0	0	463.3080102716194	2449.5233385002066	1	0	1	1.1022247420812148
83200.0	1000.0	2249.5233385002134	0.0	0	505.32442544892547	2449.5233385002066	1	0	1	1.1022247420812148
84200.0	1000.0	2249.523338500215	0.0	0	708.6136102754681	2449.5233385002066	1	0	1	1.1022247420812148
85200.0	1000.0	2249.5233385002184	0.0	0	370.05996082352067	2449.5233385002066	1	0	1	1.1022247420812148
86200.0	1000.0	2249.5233385002293	0.0	0	520.3756395049859	2449.5233385002066	1	0	1	1.1022247420812148
87200.0	1000.0	2249.523338500232	0.0	0	599.869248416042	2449.5233385002066	1	0	1	1.1022247420812148
88200.0	1000.0	2249.5233385002325	0.0	0	373.5677110829274	2449.5233385002066	1	0	1	1.1022247420812148
89200.0	1000.0	2249.5233385002484	0.0	0	98.3359895182075	2449.5233385002066	1	0	1	1.1022247420812148
90200.0	1000.0	2249.523338500249	0.0	0	483.4695704055048	2449.5233385002066	1	0	1	1.1022247420812148
91200.0	1000.0	2249.523338500249	0.0	0	591.3135515054455	2449.523338500221	1	0	1	1.102224742081213
92200.0	1000.0	2249.52333850026	0.0	0	601.2927150572214	2449.523338500221	1	0	1	1.102224742081213
93200.0	1000.0	2249.523338500262	0.0	0	426.2919582978793	2449.523338500221	1	0	1	1.102224742081213
94200.0	1000.0	2249.5233385002534	0.0	0	382.19511065617553	2449.523338500221	1	0	1	1.102224742081213
95200.0	1000.0	2249.5233385002384	0.0	0	91.32850097480696	2449.523338500221	1	0	1	1.102224742081213
96200.0	1000.0	2249.5233385002343	0.0	0	291.2627874970349	2449.523338500221	1	0	1	1.102224742081213
97200.0	1000.0	2249.5233385002393	0.0	0	336.8488370867999	2449.523338500221	1	0	1	1.102224742081213
98200.0	1000.0	2249.523338500225	0.0	0	492.0989406302979	2449.5233385002066	1	0	1	1.1022247420812148
99200.0	1000.0	2249.5233385002157	0.0	0	142.5157560261432	2449.5233385002066	1	0	1	1.1022247420812148
100200.0	1000.0	2249.5233385002016	0.0	0	511.73391885602905	2449.5233385002066	1	0	1	1.1022247420812148
101200.0	1000.0	2249.5233385002057	0.0	0	497.5757754208171	2449.523338500192	1	0	1	1.1022247420812163
102200.0	1000.0	2249.5233385001975	0.0	0	329.9944552785746	2449.5233385001775	1	0	1	1.102224742081218
103200.0	1000.0	2249.523338500205	0.0	0	494.0611505833367	2449.5233385001775	1	0	1	1.102224742081218
104200.0	1000.0	2249.523338500195	0.0	0	203.15265877939237	2449.523338500163	1	0	1	1.1022247420812195
105200.0	1000.0	2249.523338500197	0.0	0	436.1121787551674	2449.523338500163	1	0	1	1.1022247420812195
106200.0	1000.0	2249.5233385001875	0.0	0	577.7459854340414	2449.523338500163	1	0	1	1.1022247420812195
107200.0	1000.0	2249.5233385001707	0.0	0	352.9210308565671	2449.523338500163	1	0	1	1.1022247420812195
108200.0	1000.0	2249.5233385001684	0.0	0	613.0222583770519	2449.523338500163	1	0	1	1.1022247420812195
109200.0	1000.0	2249.523338500181	0.0	0	454.82694636560336	2449.523338500163	1	0	1	1.1022247420812195
110200.0	1000.0	2249.5233385001798	0.0	0	507.6358972232847	2449.523338500163	1	0	1	1.1022247420812195
111200.0	1000.0	2249.523338500178	0.0	0	368.05329327353684	2449.5233385001484	1	0	1	1.102224742081221
112380.43693337869	1000.0	1951.0427117836246	0.0	0	0.0	2331.479645162268	1	0	2	0.7111324504521578
113200.0	1000.0	2131.479645162334	0.0	0	187.47920654306654	2331.4796451622824	1	0	1	0.9143456339729996
114200.0	1000.0	2131.4796451623247	0.0	0	266.4570166354242	2331.479645162268	1	0	1	1.1143456339730013
115200.0	1000.0	2131.4796451623165	0.0	0	109.84698635876703	2331.479645162268	1	0	1	1.1143456339730013
116200.0	1000.0	2131.479645162317	0.0	0	341.09351563877135	2331.4796451622533	1	0	1	1.1143456339730027
117200.0	1000.0	2131.479645162321	0.0	0	349.612203198747	2331.4796451622533	1	0	1	1.1143456339730027
118200.0	1000.0	2131.4796451623292	0.0	0	519.9569093271275	2331.4796451622533	1	0	1	1.1143456339730027
119200.0	1000.0	2131.4796451623097	0.0	0	638.1062451334437	2331.4796451622387	1	0	1	1.1143456339730042
120200.0	1000.0	2131.479645162307	0.0	0	620.9140534549806	2331.4796451622387	1	0	1	1.1143456339730042
121200.0	1000.0	2131.4796451623192	0.0	0	437.17043285959517	2331.4796451622387	1	0	1	1.1143456339730042
122200.0	1000.0	2131.4796451623192	0.0	0	492.2489503741235	2331.4796451622387	1	0	1	1.1143456339730042
123200.0	1000.0	2131.4796451623242	0.0	0	565.9143143321562	2331.4796451622387	1	0	1	1.1143456339730042
124432.31595991511	1000.0	1899.1636852472095	0.0	0	0.0	2331.479645162224	1	0	1	1.1143456339730056
125324.3790686467	1000.0	2007.1005765156121	0.0	0	0.0	2331.479645162224	1	0	1	1.1143456339730056
126302.53920987115	1000.0	2028.9404352911554	0.0	0	0.0	2331.479645162224	1	0	1	1.1143456339730056
127200.0	1000.0	2131.479645162294	0.0	0	182.15102357599244	2331.479645162224	1	0	1	1.1143456339730056
128200.0	1000.0	2131.4796451623083	0.0	0	321.75629754595866	2331.479645162224	1	0	1	1.1143456339730056
129200.0	1000.0	2131.479645162306	0.0	0	288.43896073791257	2331.479645162224	1	0	1	1.1143456339730056
130200.0	1000.0	2131.479645162295	0.0	0	302.1144828558463	2331.479645162224	1	0	1	1.1143456339730056
131200.0	1000.0	2131.4796451623047	0.0	0	529.3861573667091	2331.479645162224	1	0	1	1.1143456339730056
132200.0	1000.0	2131.4796451623006	0.0	0	227.963962575217	2331.4796451622096	1	0	1	1.1143456339730065
133200.0	1000.0	2131.4796451623024	0.0	0	244.89849781472003	2331.479645162224	1	0	1	1.114345633973007
134200.0	1000.0	2131.4796451623197	0.0	0	477.3027793499059	2331.4796451622387	1	0	1	1.1143456339730042
135200.0	1000.0	2131.479645162291	0.0	0	540.900501588796	2331.4796451622387	1	0	1	1.1143456339730042
136200.0	1000.0	2131.479645162265	0.0	0	199.2793220206804	2331.4796451622387	1	0	1	1.1143456339730042
137200.0	1000.0	2131.479645162254	0.0	0	356.8298474563344	2331.479645162268	1	0	1	1.1143456339730013
138200.0	1000.0	2131.479645162235	0.0	0	152.73672904848354	2331.479645162268	1	0	1	1.1143456339730013
139200.0	1000.0	2131.4796451622656	0.0	0	560.9216163550736	2331.479645162268	1	0	1	1.1143456339730013
140200.0	1000.0	2131.4796451622974	0.0	0	524.4064319668687	2331.479645162297	1	0	1	1.1143456339729985
141200.0	1000.0	2131.479645162287	0.0	0	357.24419570856844	2331.479645162297	1	0	1	1.1143456339729985
142200.0	1000.0	2131.4796451623383	0.0	0	486.7500627588888	2331.479645162297	1	0	1	1.1143456339729985
143200.0	1000.0	2131.4796451623074	0.0	0	346.8934908466181	2331.479645162297	1	0	1	1.1143456339729985
144200.0	1000.0	2131.4796451623292	0.0	0	606.2093978097546	2331.479645162297	1	0	1	1.1143456339729985
145200.0	1000.0	2131.479645162309	0.0	0	414.99739240738563	2331.479645162297	1	0	1	1.1143456339729985
146200.0	1000.0	2131.4796451623006	0.0	0	452.4627016481827	2331.479645162297	1	0	1	1.1143456339729985
147200.0	1000.0	2131.4796451623038	0.0	0	576.2757757680374	2331.479645162297	1	0	1	1.1143456339729985
148200.0	1000.0	2131.479645162278	0.0	0	396.34637380123604	2331.479645162297	1	0	1	1.1143456339729985
149200.0	1000.0	2131.4796451622547	0.0	0	468.9159227119235	2331.479645162297	1	0	1	1.1143456339729985
150200.0	1000.0	2131.4796451622024	0.0	0	583.777591500053	2331.479645162297	1	0	1	1.1143456339729985
151200.0	1000.0	2131.479645162222	0.0	0	531.5924952053465	2331.479645162326	1	0	1	1.1143456339729956
152462.2936175402	2000.0	1869.1860276219757	0.0	0	0.0	2331.479645162355	1	0	1	1.114345633972993
153480.62354972458	2000.0	1850.8560954376194	0.0	0	0.0	2331.479645162355	1	0	1	1.807492814532938
154200.0	2000.0	2131.4796451622015	0.0	0	114.01073389942758	2331.479645162355	1	0	1	1.807492814532938
155200.0	2000.0	2131.4796451622015	0.0	0	32.135075740050524	2331.479645162355	1	0	1	1.807492814532938
156874.3076029182	2000.0	1457.1720422439887	0.0	0	0.0	2331.479645162297	1	0	1	1.8074928145329425
158105.86731162612	2000.0	1225.6123335360933	0.0	0	0.0	2331.479645162326	1	0	1	1.8074928145329408
160126.42512311676	2000.0	205.05452204546353	0.0	0	0.0	2331.479645162355	1	0	1	1.8074928145329388
160599.25856141388	1000.0	791.808439641672	59.58735589335963	0	0.0	2391.067001055577	1	0	1	0.05772519183751751
161235.43438205772	1000.0	1155.6326189978527	0.0	0	0.0	2391.067001055577	1	0	1	1.1083965077576206
161654.70417985955	1000.0	1736.3628211960508	0.0	0	0.0	2391.067001055577	1	0	1	1.1083965077576206
162200.0	1000.0	2191.067001055631	0.0	0	96.44820220166002	2391.067001055577	1	0	1	1.1083965077576206
163200.0	1000.0	2191.067001055598	0.0	0	272.5163709000626	2391.067001055577	1	0	1	1.1083965077576206
164200.0	1000.0	2191.067001055574	0.0	0	505.8179633495165	2391.0670010555477	1	0	1	1.1083965077576234
165200.0	1000.0	2191.0670010555373	0.0	0	663.6131090134731	2391.0670010555477	1	0	1	1.1083965077576234
166200.0	1000.0	2191.0670010555455	0.0	0	476.6225600305188	2391.0670010555477	1	0	1	1.1083965077576234
167200.0	1000.0	2191.0670010555327	0.0	0	580.9462671072397	2391.0670010555477	1	0	1	1.1083965077576234
168200.0	1000.0	2191.067001055524	0.0	0	512.7595684262342	2391.067001055577	1	0	1	1.1083965077576206
169200.0	1000.0	2191.0670010555195	0.0	0	577.0722483603167	2391.067001055577	1	0	1	1.1083965077576206
170200.0	1000.0	2191.067001055536	0.0	0	276.6854326102766	2391.067001055577	1	0	1	1.1083965077576206
171200.0	1000.0	2191.067001055531	0.0	0	78.61130317382049	2391.067001055577	1	0	1	1.1083965077576206
172200.0	1000.0	2191.067001055555	0.0	0	250.7422621937003	2391.067001055577	1	0	1	1.1083965077576206
173200.0	1000.0	2191.0670010555573	0.0	0	480.3484738651605	2391.067001055606	1	0	1	1.1083965077576174
174200.0	1000.0	2191.0670010555464	0.0	0	600.9550273315981	2391.067001055606	1	0	1	1.1083965077576174
175200.0	1000.0	2191.0670010555473	0.0	0	530.0639753605064	2391.067001055606	1	0	1	1.1083965077576174
176200.0	1000.0	2191.0670010555746	0.0	0	358.6340800134931	2391.067001055606	1	0	1	1.1083965077576174
177200.0	1000.0	2191.0670010555773	0.0	0	70.70061031621299	2391.067001055577	1	0	1	1.1083965077576206
178200.0	1000.0	2191.067001055555	0.0	0	455.3137981775799	2391.067001055577	1	0	1	1.1083965077576206
179200.0	1000.0	2191.0670010555787	0.0	0	428.89184559485875	2391.067001055606	1	0	1	1.1083965077576174
180200.0	1000.0	2191.067001055573	0.0	0	520.5634340496908	2391.067001055606	1	0	1	1.1083965077576174
181200.0	1000.0	2191.067001055563	0.0	0	564.5860371190065	2391.067001055606	1	0	1	1.1083965077576174
182200.0	2000.0	2091.06700105557	0.0	0	342.29883110674564	2291.0670010555477	1	0	2	0.7146234772566391
183200.0	2000.0	2091.067001055575	0.0	0	139.61850838776445	2291.0670010555186	1	0	1	1.6113401316242122
184200.0	2000.0	2091.067001055576	0.0	0	133.69729473648476	2291.0670010555186	1	0	1	1.8113401316242124
185200.0	2000.0	2091.0670010555505	0.0	0	150.34668184351176	2291.0670010555186	1	0	1	1.8113401316242124
186248.77511235327	2000.0	2042.291888702267	0.0	0	0.0	2291.0670010555186	1	0	1	1.8113401316242124
187237.75208038779	2000.0	2053.314920667755	0.0	0	0.0	2291.0670010555186	1	0	1	1.8113401316242124
188831.14170583687	2000.0	1459.9252952186805	0.0	0	0.0	2291.0670010554895	1	0	1	1.811340131624215
189715.4356553171	2000.0	1575.6313457384647	0.0	0	0.0	2291.0670010555186	1	0	1	1.8113401316242137
190857.96351235456	2000.0	1433.1034887010455	0.0	0	0.0	2291.0670010555477	1	0	1	1.8113401316242101
191709.25372049102	2000.0	1581.813280564608	0.0	0	0.0	2291.0670010555477	1	0	1	1.8113401316242097
192778.2490064819	2000.0	1512.8179945737384	0.0	0	0.0	2291.0670010555477	1	0	1	1.8113401316242097
193581.0546760265	2000.0	1710.012325029114	0.0	0	0.0	2291.067001055577	1	0	1	1.811340131624207
194966.30325719912	2000.0	1324.7637438564664	0.0	0	0.0	2291.067001055577	1	0	1	1.811340131624207
196323.97112848077	2000.0	967.0958725748047	0.0	0	0.0	2291.067001055577	1	0	1	1.811340131624207
197084.86976984452	1000.0	1206.1972312110345	0.0	0	0.0	2291.0670010555477	1	0	1	0.42504577050431946
197660.9116087058	1000.0	1630.1553923497393	0.0	0	0.0	2291.0670010555477	1	0	1	1.1181929510642648
198200.0	1000.0	2091.067001055559	0.0	0	144.4942315724038	2291.0670010555477	1	0	1	1.1181929510642648
199200.0	1000.0	2091.0670010555586	0.0	0	506.38651174414554	2291.0670010555186	1	0	1	1.1181929510642672
200200.0	1000.0	2091.06700105554	0.0	0	528.5958849785966	2291.0670010555186	1	0	1	1.1181929510642672
201200.0	1000.0	2091.0670010555264	0.0	0	258.2082501327677	2291.0670010555186	1	0	1	1.1181929510642672
202218.10457576852	1000.0	2072.96242528702	0.0	0	0.0	2291.0670010555477	1	0	1	1.1181929510642648
203200.0	1000.0	2091.0670010555464	0.0	0	454.31276902294485	2291.0670010555477	1	0	1	1.1181929510642648
204200.0	1000.0	2091.0670010555364	0.0	0	138.4899121239141	2291.0670010555477	1	0	1	1.1181929510642648
205200.0	1000.0	2091.067001055543	0.0	0	384.3729125804675	2291.067001055577	1	0	1	1.1181929510642619
206200.0	1000.0	2091.0670010555637	0.0	0	604.5496684283717	2291.067001055577	1	0	1	1.1181929510642619
207200.0	1000.0	2091.0670010555473	0.0	0	423.9826085923414	2291.0670010555477	1	0	1	1.1181929510642648
208200.0	1000.0	2091.0670010555696	0.0	0	495.4969304256374	2291.0670010555477	1	0	1	1.1181929510642648
209200.0	1000.0	2091.0670010555596	0.0	0	389.4910560946737	2291.0670010555477	1	0	1	1.1181929510642648
210200.0	1000.0	2091.0670010555614	0.0	0	491.94982314269873	2291.0670010555477	1	0	1	1.1181929510642648
211200.0	1000.0	2091.0670010555614	0.0	0	591.3396622177097	2291.0670010555477	1	0	1	1.1181929510642648
212200.0	1000.0	2091.067001055597	0.0	0	486.21616108124726	2291.0670010555477	1	0	1	1.1181929510642648
213200.0	1000.0	2091.0670010556114	0.0	0	405.68740824609995	2291.067001055577	1	0	1	1.1181929510642619
214200.0	1000.0	2091.067001055651	0.0	0	338.45634490731754	2291.067001055606	1	0	1	1.118192951064259
215200.0	1000.0	2091.0670010556423	0.0	0	493.1403106916405	2291.067001055606	1	0	1	1.118192951064259
216200.0	1000.0	2091.067001055637	0.0	0	300.3473335368035	2291.067001055606	1	0	1	1.118192951064259
217200.0	1000.0	2091.0670010556155	0.0	0	353.1603390153905	2291.067001055577	1	0	1	1.1181929510642619
218200.0	1000.0	2091.0670010556078	0.0	0	125.6117676240683	2291.067001055577	1	0	1	1.1181929510642619
219200.0	1000.0	2091.0670010556073	0.0	0	168.37671095191035	2291.0670010555477	1	0	1	1.1181929510642648
220200.0	1000.0	2091.06700105562	0.0	0	244.47050694646896	2291.067001055577	1	0	1	1.1181929510642619
221200.0	1000.0	2091.067001055659	0.0	0	434.7522518489568	2291.067001055606	1	0	1	1.118192951064259
222200.0	1000.0	2091.0670010556746	0.0	0	507.3052898418973	2291.067001055635	1	0	1	1.1181929510642565
223200.0	1000.0	2091.067001055674	0.0	0	422.74507237115176	2291.067001055635	1	0	1	1.1181929510642565
224200.0	1000.0	2091.067001055705	0.0	0	466.5338292460365	2291.067001055635	1	0	1	1.1181929510642565
225217.08729705858	1000.0	2073.9797039971063	0.0	0	0.0	2291.067001055635	1	0	1	1.1181929510642565
226200.0	1000.0	2091.067001055678	0.0	0	223.50972826764337	2291.067001055635	1	0	1	1.1181929510642565
227200.0	1000.0	2091.067001055707	0.0	0	395.34193604791653	2291.067001055635	1	0	1	1.1181929510642565
228200.0	1000.0	2091.067001055718	0.0	0	118.1899270475842	2291.067001055635	1	0	1	1.1181929510642565
229200.0	1000.0	2091.06700105571	0.0	0	331.591078476602	2291.067001055606	1	0	1	1.118192951064259
230200.0	1000.0	2091.067001055691	0.0	0	132.9657311339106	2291.067001055635	1	0	1	1.1181929510642565
231200.0	1000.0	2091.067001055705	0.0	0	472.71008951499243	2291.067001055664	1	0	1	1.1181929510642536
232200.0	1000.0	2091.067001055704	0.0	0	503.4537495460827	2291.067001055664	1	0	1	1.1181929510642536
233200.0	1000.0	2091.0670010556883	0.0	0	585.0292480020726	2291.067001055635	1	0	1	1.1181929510642565
234200.0	1000.0	2091.0670010556764	0.0	0	475.60045920609264	2291.067001055635	1	0	1	1.1181929510642565
235200.0	1000.0	2091.0670010556983	0.0	0	553.0906452065683	2291.067001055664	1	0	1	1.1181929510642536
236200.0	1000.0	2091.067001055647	0.0	0	590.754502625583	2291.067001055664	1	0	1	1.1181929510642536
237200.0	1000.0	2091.0670010556323	0.0	0	637.1064268316259	2291.067001055664	1	0	1	1.1181929510642536
238200.0	1000.0	2091.0670010556305	0.0	0	423.21971179477987	2291.067001055664	1	0	1	1.1181929510642536
239200.0	1000.0	2091.0670010556505	0.0	0	463.18302035931265	2291.0670010556933	1	0	1	1.118192951064251
240200.0	1000.0	2091.0670010556505	0.0	0	488.83476474072086	2291.067001055664	1	0	1	1.1181929510642536
241200.0	1000.0	2091.0670010556323	0.0	0	546.2097167541797	2291.067001055664	1	0	1	1.1181929510642536
242200.0	1000.0	2091.0670010556305	0.0	0	155.82534672456677	2291.067001055664	1	0	1	1.1181929510642536
243200.0	1000.0	2091.067001055622	0.0	0	499.493156550423	2291.067001055664	1	0	1	1.1181929510642536
244200.0	1000.0	2091.067001055646	0.0	0	471.2061276983586	2291.0670010556933	1	0	1	1.118192951064251
245200.0	1000.0	2091.067001055638	0.0	0	294.1515172094514	2291.0670010556933	1	0	1	1.118192951064251
246200.0	1000.0	2091.067001055664	0.0	0	490.33351434467477	2291.0670010557224	1	0	1	1.1181929510642483
247200.0	1000.0	2091.0670010556714	0.0	0	357.44666163041256	2291.0670010557515	1	0	1	1.1181929510642454
248200.0	1000.0	2091.067001055675	0.0	0	164.0603668593103	2291.0670010557806	1	0	1	1.1181929510642428
249200.0	1000.0	2091.067001055674	0.0	0	433.1919530838495	2291.0670010557806	1	0	1	1.1181929510642428
250200.0	1000.0	2091.0670010556632	0.0	0	466.68192374685896	2291.0670010557806	1	0	1	1.1181929510642428
251200.0	1000.0	2091.0670010556705	0.0	0	431.2884336586285	2291.0670010557806	1	0	1	1.1181929510642428
252200.0	1000.0	2091.067001055675	0.0	0	579.7476792538946	2291.0670010557806	1	0	1	1.1181929510642428
253200.0	1000.0	2091.0670010556787	0.0	0	260.50286096104537	2291.0670010557806	1	0	1	1.1181929510642428
254200.0	1000.0	2091.067001055678	0.0	0	401.13163944747066	2291.0670010557806	1	0	1	1.1181929510642428
255200.0	1000.0	2091.0670010556446	0.0	0	434.6418751918245	2291.0670010557515	1	0	1	1.1181929510642454
256200.0	1000.0	2091.067001055675	0.0	0	465.80135545518715	2291.0670010557515	1	0	1	1.1181929510642454
257200.0	1000.0	2091.067001055676	0.0	0	575.0668345641752	2291.0670010557515	1	0	1	1.1181929510642454
258200.0	1000.0	2091.067001055647	0.0	0	556.6460114251822	2291.0670010557515	1	0	1	1.1181929510642454
259200.0	1000.0	2091.067001055632	0.0	0	352.0218890964461	2291.0670010557515	1	0	1	1.1181929510642454
260200.0	1000.0	2091.067001055656	0.0	0	401.2951119185309	2291.0670010557224	1	0	1	1.1181929510642483
261200.0	1000.0	2091.0670010556673	0.0	0	70.29452881764155	2291.0670010557224	1	0	1	1.1181929510642483
262200.0	1000.0	2091.067001055705	0.0	0	96.15935695558437	2291.0670010557224	1	0	1	1.1181929510642483
263200.0	1000.0	2091.067001055661	0.0	0	52.21998482773779	2291.0670010556933	1	0	1	1.118192951064248
264200.0	1000.0	2091.0670010556514	0.0	0	218.7420493325335	2291.0670010556933	1	0	1	1.118192951064251
265200.0	1000.0	2091.067001055673	0.0	0	346.5785663528368	2291.0670010556933	1	0	1	1.118192951064251
266200.0	1000.0	2091.0670010556946	0.0	0	539.5923598258523	2291.0670010556933	1	0	1	1.118192951064251
267200.0	1000.0	2091.067001055707	0.0	0	562.542996868724	2291.0670010557515	1	0	1	1.1181929510642454
268200.0	1000.0	2091.0670010557315	0.0	0	441.0190277752117	2291.0670010556933	1	0	1	1.118192951064251
269200.0	1000.0	2091.0670010557205	0.0	0	591.0780275877914	2291.0670010556933	1	0	1	1.118192951064251
270200.0	1000.0	2091.067001055656	0.0	0	446.731868114206	2291.067001055635	1	0	1	1.1181929510642565
271200.0	1000.0	2091.0670010556023	0.0	0	321.0003866434563	2291.067001055635	1	0	1	1.1181929510642565
272200.0	1000.0	2091.067001055575	0.0	0	512.366871979495	2291.0670010556933	1	0	1	1.118192951064251
273566.24125338194	1000.0	1724.8257476736555	0.0	0	0.0	2291.0670010556933	1	0	1	1.118192951064251
274346.81788472895	1000.0	1944.249116326619	0.0	0	0.0	2291.0670010556933	1	0	1	1.118192951064251
275200.0	1000.0	2091.0670010555536	0.0	0	43.13493431429379	2291.0670010556933	1	0	1	1.118192951064251
276200.0	1000.0	2091.067001055504	0.0	0	292.94821670412784	2291.0670010556933	1	0	1	1.118192951064251
277200.0	1000.0	2091.0670010555114	0.0	0	150.5468810707098	2291.0670010556933	1	0	1	1.118192951064251
278200.0	1000.0	2091.0670010555114	0.0	0	381.2179590029991	2291.0670010557515	1	0	1	1.1181929510642454
279200.0	1000.0	2091.0670010555036	0.0	0	354.3893869575113	2291.0670010557515	1	0	1	1.1181929510642454
280200.0	1000.0	2091.067001055441	0.0	0	239.85461530886823	2291.0670010557515	1	0	1	1.1181929510642454
281200.0	1000.0	2091.067001055416	0.0	0	366.55625764938304	2291.0670010557515	1	0	1	1.1181929510642454
282200.0	1000.0	2091.067001055374	0.0	0	264.08703944750596	2291.0670010556933	1	0	1	1.118192951064251
283200.0	1000.0	2091.067001055405	0.0	0	436.0550655409461	2291.0670010557515	1	0	1	1.1181929510642454
284200.0	1000.0	2091.06700105541	0.0	0	473.7619315053453	2291.0670010557515	1	0	1	1.1181929510642454
285200.0	1000.0	2091.0670010554695	0.0	0	454.92708901682636	2291.0670010557515	1	0	1	1.1181929510642454
286200.0	1000.0	2091.067001055485	0.0	0	409.50394971010974	2291.0670010556933	1	0	1	1.118192951064251
287200.0	1000.0	2091.067001055508	0.0	0	97.14560448768316	2291.0670010556933	1	0	1	1.118192951064251
288200.0	1000.0	2091.0670010554913	0.0	0	268.78653900139034	2291.067001055635	1	0	1	1.1181929510642565
289200.0	1000.0	2091.067001055533	0.0	0	424.35545308107976	2291.0670010556933	1	0	1	1.118192951064251
290200.0	1000.0	2091.0670010555177	0.0	0	403.3445457732305	2291.067001055635	1	0	1	1.1181929510642565
291200.0	1000.0	2091.0670010554695	0.0	0	187.16692336887354	2291.0670010556933	1	0	1	1.118192951064251
292200.0	1000.0	2091.0670010554777	0.0	0	329.65280125738354	2291.067001055635	1	0	1	1.1181929510642565
293200.0	1000.0	2091.067001055531	0.0	0	533.4338306279387	2291.067001055635	1	0	1	1.1181929510642565
294200.0	1000.0	2091.0670010555264	0.0	0	650.2835693365778	2291.067001055635	1	0	1	1.1181929510642565
295200.0	1000.0	2091.0670010555104	0.0	0	597.7685974367196	2291.067001055635	1	0	1	1.1181929510642565
296200.0	1000.0	2091.0670010555555	0.0	0	661.6417654928518	2291.067001055635	1	0	1	1.1181929510642565
297200.0	1000.0	2091.067001055594	0.0	0	418.7913889497868	2291.067001055635	1	0	1	1.1181929510642565
298200.0	1000.0	2091.0670010556096	0.0	0	537.1557322407025	2291.067001055635	1	0	1	1.1181929510642565
299200.0	1000.0	2091.067001055683	0.0	0	477.61553737852955	2291.067001055635	1	0	1	1.1181929510642565
300200.0	1000.0	2091.067001055614	0.0	0	511.0821143728099	2291.067001055577	1	0	1	1.1181929510642619
1.85	1.25	1.7	1.47	1.12	1.4	2.05	2.48	1.61	2.49	2.47	2.68	2.47	2.11	2.22	1.29	1.44	1.68	2.24	2.65	3.0	1.6	1.44	1.67	1.81	2.41	2.98	2.78	2.68	2.8	1.63	2.53	2.13	1.52	1.9	1.33	1.7	1.96	2.13	1.89	1.84	1.63	1.49	2.27	3.17	2.1	0.97	1.37	1.56	1.46	1.97	2.04	2.15	1.67	1.7	1.83	2.06	2.75	1.76	1.62	1.91	1.81	2.04	1.47	1.32	2.06	2.12	2.1	2.5	1.8	1.17	1.58	1.34	1.4	1.4	1.59	2.32	3.15	3.37	1.2	2.35	2.57	1.99	1.42	2.28	2.54	1.96	1.17	1.89	1.33	1.63	1.98	1.87	1.37	2.06	1.91	1.83	2.2	1.58	1.91	2.15	2.04	2.32	2.79	1.49	1.25	0.81	1.58	1.26	1.56	1.63	2.03	2.28	2.33	2.49	1.8	1.85	1.97	0.74	1.56	1.39	1.04	1.25	1.92	1.68	1.8	1.62	1.83	2.68	1.89	1.62	1.15	1.6	2.06	2.72	1.8	1.51	1.7	2.39	2.21	2.72	2.37	2.33	2.56	2.31	2.79	1.67	2.05	2.87	2.58	1.85	1.25	1.7	1.47	1.12	1.4	2.05	2.48	1.61	2.49	2.47	2.68	2.47	2.11	2.22	1.29	1.44	1.68	2.24	2.65	3.0	1.6	1.44	1.67	1.81	2.41	2.98	2.78	2.68	2.8	1.63	2.53	2.13	1.52	1.9	1.33	1.7	1.96	2.13	1.89	1.84	1.63	1.49	2.27	3.17	2.1	0.97	1.37	1.56	1.46	1.97	2.04	2.15	1.67	1.7	1.83	2.06	2.75	1.76	1.62	1.91	1.81	2.04	1.47	1.32	2.06	2.12	2.1	2.5	1.8	1.17	1.58	1.34	1.4	1.4	1.59	2.32	3.15	3.37	1.2	2.35	2.57	1.99	1.42	2.28	2.54	1.96	1.17	1.89	1.33	1.63	1.98	1.87	1.37	2.06	1.91	1.83	2.2	1.58	1.91	2.15	2.04	2.32	2.79	1.49	1.25	0.81	1.58	1.26	1.56	1.63	2.03	2.28	2.33	2.49	1.8	1.85	1.97	0.74	1.56	1.39	1.04	1.25	1.92	1.68	1.8	1.62	1.83	2.68	1.89	1.62	1.15	1.6	2.06	2.72	1.8	1.51	1.7	2.39	2.21	2.72	2.37	2.33	2.56	2.31	2.79	1.67	2.05
1.0	2.0	3.0	4.0	5.0	6.0	7.0	8.0	9.0	10.0	11.0	12.0	13.0	14.0	15.0	16.0	17.0	18.0	19.0	20.0	21.0	22.0	23.0	24.0	25.0	26.0	27.0	28.0	29.0	30.0	31.0	32.0	33.0	34.0	35.0	36.0	37.0	38.0	39.0	40.0	41.0	42.0	43.0	44.0	45.0	46.0	47.0	48.0	49.0	50.0	51.0	52.0	53.0	54.0	55.0	56.0	57.0	58.0	59.0	60.0	61.0	62.0	63.0	64.0	65.0	66.0	67.0	68.0	69.0	70.0	71.0	72.0	73.0	74.0	75.0	76.0	77.0	78.0	79.0	80.0	81.0	82.0	83.0	84.0	85.0	86.0	87.0	88.0	89.0	90.0	91.0	92.0	93.0	94.0	95.0	96.0	97.0	98.0	99.0	100.0	101.0	102.0	103.0	104.0	105.0	106.0	107.0	108.0	109.0	110.0	111.0	112.0	113.0	114.0	115.0	116.0	117.0	118.0	119.0	120.0	121.0	122.0	123.0	124.0	125.0	126.0	127.0	128.0	129.0	130.0	131.0	132.0	133.0	134.0	135.0	136.0	137.0	138.0	139.0	140.0	141.0	142.0	143.0	144.0	145.0	146.0	147.0	148.0	149.0	149.0	150.0	151.0	152.0	153.0	154.0	155.0	156.0	157.0	158.0	159.0	160.0	161.0	162.0	163.0	164.0	165.0	166.0	167.0	168.0	169.0	170.0	171.0	172.0	173.0	174.0	175.0	176.0	177.0	178.0	179.0	180.0	181.0	182.0	183.0	184.0	185.0	186.0	187.0	188.0	189.0	190.0	191.0	192.0	193.0	194.0	195.0	196.0	197.0	198.0	199.0	200.0	201.0	202.0	203.0	204.0	205.0	206.0	207.0	208.0	209.0	210.0	211.0	212.0	213.0	214.0	215.0	216.0	217.0	218.0	219.0	220.0	221.0	222.0	223.0	224.0	225.0	226.0	227.0	228.0	229.0	230.0	231.0	232.0	233.0	234.0	235.0	236.0	237.0	238.0	239.0	240.0	241.0	242.0	243.0	244.0	245.0	246.0	247.0	248.0	249.0	250.0	251.0	252.0	253.0	254.0	255.0	256.0	257.0	258.0	259.0	260.0	261.0	262.0	263.0	264.0	265.0	266.0	267.0	268.0	269.0	270.0	271.0	272.0	273.0	274.0	275.0	276.0	277.0	278.0	279.0	280.0	281.0	282.0	283.0	284.0	285.0	286.0	287.0	288.0	289.0	290.0	291.0	292.0	293.0	294.0	295.0	296.0	297.0
5388.853696037309
