4541.121093583213	300.0	2000.0	197.8841942313809	0	0.0	4541.121093583213	1	0	1	-1.9068574771074351
4748.189576253501	300.0	2772.224669062683	0.0	0	0.0	4520.414245316184	1	0	2	-1.134711693939089
4880.579570233451	300.0	3626.595675684738	0.0	0	0.0	4507.175245918189	1	0	2	-0.9256238484955391
5200.0	500.0	4275.233202941534	0.0	0	50.28900614419945	4475.233202941534	1	0	2	-0.9114774215658614
6200.0	500.0	4175.233202941532	0.0	0	792.3647269930216	4375.233202941534	1	0	2	-0.3599186885497222
7200.0	500.0	4075.233202941531	0.0	0	812.0233161537608	4275.233202941534	1	0	2	-0.3052901558939841
8200.0	500.0	3975.233202941533	0.0	0	787.291702347834	4175.233202941536	1	0	2	-0.2542862941656517
9200.0	1000.0	3875.2332029415306	0.0	0	688.0661310869073	4075.233202941534	1	0	2	-0.206787956491848
10200.0	1000.0	3775.2332029415297	0.0	0	633.889400086322	3975.233202941534	1	0	2	0.5304879734618217
11200.0	2000.0	3675.2332029415293	0.0	0	378.0983840721983	3875.233202941534	1	0	2	0.572327536141223
12200.0	2000.0	3575.233202941529	0.0	0	414.3533462323103	3775.233202941532	1	0	2	1.3030879092716174
13200.0	2000.0	3475.2332029415293	0.0	0	311.16708370549713	3675.233202941534	1	0	2	1.338627153571676
14200.0	2000.0	3375.2332029415284	0.0	0	382.31022554446645	3575.233202941534	1	0	2	1.370271541803705
15200.0	2000.0	3275.2332029415284	0.0	0	420.6454786443446	3475.233202941534	1	0	2	1.399837539124646
16200.0	3000.0	3175.2332029415297	0.0	0	335.38785410984383	3375.2332029415375	1	0	2	1.4272687392170322
17329.89805928386	3000.0	2932.3453377292844	0.0	0	0.0	3262.2433970131515	1	0	2	1.862696140194106
19183.264641830716	3000.0	1893.6420969277472	0.0	0	0.0	3076.906738758471	1	0	2	1.8974458243894845
20702.971760879533	3000.0	1221.96426597405	0.0	0	0.0	2924.936026853593	1	0	2	1.9277475487983498
22535.09596532601	3000.0	257.173674447061	45.95093942194362	0	0.0	2792.2696397730797	1	0	2	1.678344701889129
23475.55855912078	2000.0	459.1467647892908	142.43568413699685	0	0.0	2934.7053239100787	1	0	1	0.26868433408104714
24569.54780855216	2000.0	469.03020519515866	103.87268983725022	0	0.0	3038.5780137473266	1	0	1	1.086976560359075
25342.32384909694	2000.0	696.2541646503787	0.0	0	0.0	3038.5780137473266	1	0	1	1.7102126993825764
26151.872869885912	2000.0	886.7051438614088	0.0	0	0.0	3038.5780137473266	1	0	1	1.7102126993825764
26709.91473010782	2000.0	1328.663283639501	0.0	0	0.0	3038.5780137473266	1	0	1	1.7102126993825764
27195.254123505598	2000.0	1843.3238902417254	0.0	0	0.0	3038.5780137473303	1	0	1	1.7102126993825757
27818.99227835998	2000.0	2219.5857353873434	0.0	0	0.0	3038.5780137473266	1	0	1	1.7102126993825764
28602.737629108753	2000.0	2435.8403846385713	0.0	0	0.0	3038.5780137473266	1	0	1	1.7102126993825764
29449.246749321355	2000.0	2589.3312644259686	0.0	0	0.0	3038.5780137473266	1	0	1	1.7102126993825764
30315.229163691027	2000.0	2723.348850056296	0.0	0	0.0	3038.5780137473266	1	0	1	1.7102126993825764
31200.0	2000.0	2838.5780137473184	0.0	0	48.99808429767654	3038.5780137473266	1	0	1	1.7102126993825764
32276.709289967046	2000.0	2761.868723780268	0.0	0	0.0	3038.5780137473266	1	0	1	1.7102126993825764
33200.0	2000.0	2838.578013747319	0.0	0	245.4745081398869	3038.578013747334	1	0	1	1.7102126993825755
34200.0	2000.0	2838.5780137473134	0.0	0	147.9602698224553	3038.5780137473266	1	0	1	1.7102126993825757
35200.0	2000.0	2838.578013747313	0.0	0	328.3043171820609	3038.5780137473266	1	0	1	1.7102126993825761
36200.0	2000.0	2838.578013747311	0.0	0	584.0739257754831	3038.5780137473266	1	0	1	1.7102126993825761
37200.0	2000.0	2838.578013747312	0.0	0	440.7586705033318	3038.5780137473266	1	0	1	1.7102126993825764
38535.930137337535	2000.0	2502.6478764097733	0.0	0	0.0	3038.5780137473266	1	0	1	1.7102126993825764
39643.11621373315	2000.0	2395.4618000141504	0.0	0	0.0	3038.5780137473193	1	0	1	1.710212699382577
41508.51066890947	2000.0	1530.0673448378354	0.0	0	0.0	3038.5780137473193	1	0	1	1.710212699382578
42441.646161028846	2000.0	1596.931852718453	0.0	0	0.0	3038.5780137473193	1	0	1	1.710212699382578
43341.247561362776	2000.0	1697.3304523845263	0.0	0	0.0	3038.5780137473193	1	0	1	1.710212699382578
44314.69667954872	2000.0	1723.8813341985772	0.0	0	0.0	3038.5780137473193	1	0	1	1.710212699382578
44813.07369384166	2000.0	2225.504319905634	0.0	0	0.0	3038.5780137473266	1	0	1	1.7102126993825764
45358.07453294816	2000.0	2680.503480799138	0.0	0	0.0	3038.578013747334	1	0	1	1.710212699382575
46200.0	2000.0	2838.5780137472902	0.0	0	103.8348889669578	3038.578013747334	1	0	1	1.710212699382575
47200.0	2000.0	2838.5780137472884	0.0	0	351.5885576772416	3038.578013747341	1	0	1	1.7102126993825737
48200.0	2000.0	2838.5780137472843	0.0	0	333.26223494211445	3038.578013747341	1	0	1	1.7102126993825737
49200.0	2000.0	2838.5780137472857	0.0	0	125.40707409089373	3038.578013747341	1	0	1	1.7102126993825737
50200.0	2000.0	2838.578013747274	0.0	0	323.8439479956214	3038.578013747341	1	0	1	1.7102126993825737
51200.0	2000.0	2838.57801374727	0.0	0	169.37950314833142	3038.578013747341	1	0	1	1.7102126993825737
52200.0	2000.0	2838.578013747273	0.0	0	501.611962571762	3038.5780137473485	1	0	1	1.7102126993825721
53200.0	2000.0	2838.5780137472757	0.0	0	183.48242692509666	3038.5780137473485	1	0	1	1.7102126993825721
54200.0	2000.0	2838.5780137472757	0.0	0	373.87417434060626	3038.5780137473485	1	0	1	1.7102126993825721
55200.0	2000.0	2838.5780137472766	0.0	0	501.6298964667585	3038.5780137473485	1	0	1	1.7102126993825721
56200.0	2000.0	2838.5780137472752	0.0	0	228.12428841488145	3038.5780137473485	1	0	1	1.7102126993825721
57487.29240211247	2000.0	2551.285611634811	0.0	0	0.0	3038.5780137473485	1	0	1	1.7102126993825721
58310.300602347714	2000.0	2728.277411399569	0.0	0	0.0	3038.5780137473485	1	0	1	1.7102126993825721
59200.0	2000.0	2838.57801374728	0.0	0	109.78504343070381	3038.5780137473485	1	0	1	1.7102126993825721
60200.0	2000.0	2838.578013747288	0.0	0	490.54501697006344	3038.5780137473485	1	0	1	1.7102126993825721
61200.0	2000.0	2838.578013747285	0.0	0	297.2953493600726	3038.578013747341	1	0	1	1.7102126993825737
62200.0	2000.0	2838.57801374728	0.0	0	315.83464596829435	3038.578013747341	1	0	1	1.7102126993825737
63200.0	2000.0	2838.5780137472716	0.0	0	253.7260047320524	3038.578013747334	1	0	1	1.710212699382575
64200.0	2000.0	2838.578013747275	0.0	0	30.41728510059329	3038.578013747334	1	0	1	1.710212699382575
65200.0	2000.0	2838.578013747282	0.0	0	182.05087293899123	3038.578013747334	1	0	1	1.710212699382575
66734.86214336919	2000.0	2303.7158703781006	0.0	0	0.0	3038.578013747341	1	0	1	1.710212699382575
67510.66133007666	2000.0	2527.916683670631	0.0	0	0.0	3038.5780137473485	1	0	1	1.7102126993825717
68200.0	2000.0	2838.5780137473002	0.0	0	136.4936911346158	3038.5780137473557	1	0	1	1.7102126993825715
69200.0	2000.0	2838.578013747291	0.0	0	317.5895729381009	3038.5780137473485	1	0	1	1.7102126993825717
70200.0	2000.0	2838.578013747301	0.0	0	200.9617902865284	3038.578013747363	1	0	1	1.7102126993825695
71200.0	2000.0	2838.5780137473125	0.0	0	256.23556955003005	3038.578013747363	1	0	1	1.7102126993825695
72216.16422924961	2000.0	2822.4137844977113	0.0	0	0.0	3038.5780137473776	1	0	1	1.7102126993825668
73200.0	2000.0	2838.578013747322	0.0	0	352.1797599391575	3038.5780137473776	1	0	1	1.7102126993825668
74200.0	2000.0	2838.5780137473357	0.0	0	187.54365512935328	3038.578013747392	1	0	1	1.7102126993825641
75200.0	2000.0	2838.578013747357	0.0	0	369.9846992894454	3038.578013747392	1	0	1	1.7102126993825641
76200.0	2000.0	2838.5780137473525	0.0	0	473.3811685063847	3038.578013747392	1	0	1	1.7102126993825641
77200.0	2000.0	2838.5780137473516	0.0	0	224.69137527952262	3038.578013747392	1	0	1	1.7102126993825641
78200.0	2000.0	2838.5780137473485	0.0	0	393.6558853304887	3038.578013747392	1	0	1	1.7102126993825641
79200.0	3000.0	2838.57801374734	0.0	0	105.0853192768991	3038.578013747392	1	0	1	1.7102126993825644
80263.96049885721	3000.0	2774.617514890126	0.0	0	0.0	3038.578013747392	1	0	1	2.115677807490729
81200.0	2000.0	2838.5780137473535	0.0	0	90.62368594878353	3038.578013747392	1	0	1	1.3047475912743995
82200.0	3000.0	2838.578013747362	0.0	0	93.4230288961553	3038.5780137474067	1	0	1	1.7102126993825615
83200.0	3000.0	2838.57801374737	0.0	0	174.04238578265358	3038.5780137474067	1	0	1	2.115677807490726
84402.31179519462	3000.0	2636.266218552756	0.0	0	0.0	3038.578013747421	1	0	1	2.1156778074907234
85596.21320610761	3000.0	2442.3648076397685	0.0	0	0.0	3038.578013747421	1	0	1	2.1156778074907234
86679.71007197269	3000.0	2358.8679417746894	0.0	0	0.0	3038.578013747421	1	0	1	2.1156778074907234
87497.13749873264	3000.0	2541.4405150147395	0.0	0	0.0	3038.578013747421	1	0	1	2.1156778074907234
88657.73524558744	3000.0	2380.8427681599524	0.0	0	0.0	3038.578013747421	1	0	1	2.1156778074907234
90093.49119500066	3000.0	1945.0868187467258	0.0	0	0.0	3038.578013747421	1	0	1	2.1156778074907234
90611.9726020357	2000.0	2426.6054117116805	0.0	0	0.0	3038.578013747421	1	0	1	1.304747591274394
91287.87813023875	3000.0	2750.6998835086442	0.0	0	0.0	3038.5780137474358	1	0	1	1.7102126993825562
92200.0	3000.0	2838.578013747411	0.0	0	224.07282878296974	3038.5780137474358	1	0	1	2.1156778074907208
93200.0	3000.0	2838.578013747407	0.0	0	298.3747057708388	3038.5780137474358	1	0	1	2.1156778074907208
94365.05381339813	3000.0	2673.5242003492776	0.0	0	0.0	3038.5780137474503	1	0	1	2.1156778074907177
95200.0	3000.0	2838.57801374742	0.0	0	68.93617660898599	3038.5780137474358	1	0	1	2.1156778074907208
96200.0	3000.0	2838.5780137474094	0.0	0	233.32850287444307	3038.5780137474358	1	0	1	2.1156778074907208
97279.06505156244	3000.0	2759.512962184958	0.0	0	0.0	3038.5780137474358	1	0	1	2.1156778074907208
98278.3923659355	3000.0	2760.18564781191	0.0	0	0.0	3038.5780137474358	1	0	1	2.1156778074907208
99491.81988792977	3000.0	2546.758125817649	0.0	0	0.0	3038.5780137474358	1	0	1	2.1156778074907208
101346.79197515963	3000.0	1691.7860385877896	0.0	0	0.0	3038.5780137474358	1	0	1	2.1156778074907208
101920.70470262066	2000.0	2117.8733111267784	0.0	0	0.0	3038.578013747421	1	0	1	1.304747591274394
102701.21671888175	2000.0	2337.361294865668	0.0	0	0.0	3038.578013747421	1	0	1	1.7102126993825586
103448.35541787294	2000.0	2590.222595874463	0.0	0	0.0	3038.5780137474067	1	0	1	1.7102126993825615
104583.24702579861	2000.0	2455.330987948819	0.0	0	0.0	3038.5780137474067	1	0	1	1.7102126993825615
105548.93334890148	2000.0	2489.6446648459523	0.0	0	0.0	3038.5780137474067	1	0	1	1.7102126993825615
106522.44488754595	2000.0	2516.1331262014837	0.0	0	0.0	3038.5780137474067	1	0	1	1.7102126993825615
107432.92931542949	2000.0	2605.6486983179457	0.0	0	0.0	3038.578013747421	1	0	1	1.7102126993825586
108308.38460912564	2000.0	2730.193404621801	0.0	0	0.0	3038.578013747421	1	0	1	1.7102126993825586
109358.83341085621	2000.0	2679.7446028912336	0.0	0	0.0	3038.5780137474358	1	0	1	1.710212699382556
110200.0	2000.0	2838.5780137474353	0.0	0	196.1252612235985	3038.578013747421	1	0	1	1.7102126993825586
111319.17816219981	2000.0	2719.3998515476374	0.0	0	0.0	3038.5780137474358	1	0	1	1.710212699382556
112200.0	2000.0	2838.5780137474526	0.0	0	252.2352780256333	3038.5780137474358	1	0	1	1.710212699382556
113200.0	2000.0	2838.578013747451	0.0	0	226.72330321925983	3038.578013747421	1	0	1	1.7102126993825586
114200.0	2000.0	2838.5780137474444	0.0	0	343.5230237133219	3038.578013747421	1	0	1	1.7102126993825586
115200.0	2000.0	2838.5780137474435	0.0	0	309.66659019915096	3038.578013747421	1	0	1	1.7102126993825586
116200.0	2000.0	2838.578013747446	0.0	0	539.7503163440269	3038.578013747421	1	0	1	1.7102126993825586
117200.0	2000.0	2838.5780137474403	0.0	0	309.26970285615243	3038.578013747421	1	0	1	1.7102126993825586
118489.30754829038	2000.0	2549.2704654570452	0.0	0	0.0	3038.5780137474067	1	0	1	1.7102126993825615
120072.20588549954	2000.0	1966.3721282478937	0.0	0	0.0	3038.5780137474067	1	0	1	1.7102126993825615
120934.4570658141	2000.0	2104.1209479333447	0.0	0	0.0	3038.5780137474067	1	0	1	1.7102126993825615
121852.61439990072	2000.0	2185.963613846721	0.0	0	0.0	3038.578013747421	1	0	1	1.7102126993825586
122663.10922309784	2000.0	2375.4687906495997	0.0	0	0.0	3038.578013747421	1	0	1	1.7102126993825586
123200.0	2000.0	2838.57801374742	0.0	0	58.67681118175096	3038.578013747421	1	0	1	1.7102126993825586
124200.0	2000.0	2838.578013747402	0.0	0	356.2788340289553	3038.5780137474067	1	0	1	1.7102126993825615
125200.0	2000.0	2838.5780137473853	0.0	0	463.99249082276947	3038.5780137474067	1	0	1	1.7102126993825615
126200.0	2000.0	2838.5780137473835	0.0	0	566.5324414385395	3038.578013747392	1	0	1	1.7102126993825641
127200.0	2000.0	2838.5780137473866	0.0	0	312.27115479001077	3038.578013747392	1	0	1	1.7102126993825641
128200.0	2000.0	2838.5780137473944	0.0	0	528.996680071592	3038.578013747392	1	0	1	1.7102126993825641
129200.0	2000.0	2838.5780137473876	0.0	0	371.61992432361876	3038.578013747392	1	0	1	1.7102126993825641
130797.4428040646	3000.0	2241.1352096828	0.0	0	0.0	3038.578013747392	1	0	1	1.7102126993825644
132231.44137559488	3000.0	1807.1366381525472	0.0	0	0.0	3038.5780137474067	1	0	1	2.115677807490728
133024.75856939805	3000.0	2013.8194443493958	0.0	0	0.0	3038.5780137474358	1	0	1	2.1156778074907234
133651.75763369654	3000.0	2386.820380050942	0.0	0	0.0	3038.5780137474794	1	0	1	2.1156778074907154
134200.0	3000.0	2838.5780137475126	0.0	0	0.6498588970280252	3038.578013747494	1	0	1	2.115677807490712
135200.0	3000.0	2838.5780137475144	0.0	0	310.6289614820853	3038.578013747494	1	0	1	2.1156778074907097
136200.0	3000.0	2838.578013747496	0.0	0	461.9063878367306	3038.578013747494	1	0	1	2.1156778074907097
137392.1362185345	3000.0	2646.4417952129625	0.0	0	0.0	3038.578013747494	1	0	1	2.1156778074907097
138685.9800963682	3000.0	2352.597917379261	0.0	0	0.0	3038.578013747523	1	0	1	2.1156778074907043
139734.03953756884	3000.0	2304.538476178645	0.0	0	0.0	3038.578013747523	1	0	1	2.1156778074907043
141265.58097210547	3000.0	1772.9970416420467	0.0	0	0.0	3038.578013747523	1	0	1	2.1156778074907043
142333.92851281672	3000.0	1704.649500930756	0.0	0	0.0	3038.578013747494	1	0	1	2.1156778074907097
143146.51945419537	3000.0	1892.058559552085	0.0	0	0.0	3038.578013747494	1	0	1	2.1156778074907097
144189.69057999714	3000.0	1848.8874337503023	0.0	0	0.0	3038.578013747494	1	0	1	2.1156778074907097
145272.44618092926	3000.0	1766.1318328181856	0.0	0	0.0	3038.578013747494	1	0	1	2.1156778074907097
146201.55220404363	3000.0	1837.025809703804	0.0	0	0.0	3038.578013747523	1	0	1	2.1156778074907043
146832.94869142876	3000.0	2205.6293223186517	0.0	0	0.0	3038.578013747523	1	0	1	2.1156778074907043
147236.82306561392	2000.0	2801.754948133474	0.0	0	0.0	3038.578013747552	1	0	1	1.3047475912743696
148200.0	3000.0	2838.578013747371	0.0	0	294.9306153059588	3038.578013747552	1	0	1	1.7102126993825344
149382.78148941763	3000.0	2655.796524329742	0.0	0	0.0	3038.578013747552	1	0	1	2.115677807490699
150329.00700936568	3000.0	2709.571004381708	0.0	0	0.0	3038.5780137475813	1	0	1	2.1156778074906937
151811.45840084556	3000.0	2227.119612901827	0.0	0	0.0	3038.5780137475813	1	0	1	2.1156778074906937
153412.91014110067	3000.0	1625.6678726467096	0.0	0	0.0	3038.5780137475813	1	0	1	2.1156778074906937
154424.0561463075	3000.0	1614.5218674398668	0.0	0	0.0	3038.5780137475813	1	0	1	2.1156778074906937
155835.0930420066	3000.0	1203.4849717407224	0.0	0	0.0	3038.578013747552	1	0	1	2.115677807490698
156667.35018945803	2000.0	1371.2278242892774	0.0	0	0.0	3038.578013747523	1	0	1	1.304747591274375
157244.14268195606	2000.0	1794.4353317912423	0.0	0	0.0	3038.578013747523	1	0	1	1.7102126993825395
158064.94140654625	2000.0	1973.6366072010765	0.0	0	0.0	3038.578013747523	1	0	1	1.7102126993825395
158756.9214290184	2000.0	2281.656584728928	0.0	0	0.0	3038.578013747552	1	0	1	1.7102126993825342
159351.57288609695	2000.0	2687.0051276503905	0.0	0	0.0	3038.5780137475813	1	0	1	1.7102126993825297
160200.0	2000.0	2838.578013747336	0.0	0	311.9484823442763	3038.5780137476104	1	0	1	1.710212699382523
161200.0	2000.0	2838.578013747359	0.0	0	493.2571325383615	3038.5780137476104	1	0	1	1.710212699382523
162200.0	2000.0	2838.5780137473735	0.0	0	309.77510830183746	3038.5780137476104	1	0	1	1.710212699382523
163200.0	3000.0	2838.5780137473753	0.0	0	284.8555121551035	3038.5780137476104	1	0	1	1.7102126993825233
164200.0	3000.0	2838.5780137473653	0.0	0	260.72011530117015	3038.5780137476104	1	0	1	2.115677807490688
165200.0	3000.0	2838.578013747355	0.0	0	257.48464751432766	3038.5780137475813	1	0	1	2.1156778074906937
166200.0	3000.0	2838.5780137473457	0.0	0	234.9213576161128	3038.5780137475813	1	0	1	2.1156778074906937
167820.00877244034	3000.0	2218.569241306972	0.0	0	0.0	3038.578013747523	1	0	1	2.115677807490702
168789.85664833168	3000.0	2248.7213654156626	0.0	0	0.0	3038.578013747552	1	0	1	2.115677807490699
170189.0102106096	3000.0	1849.567803137767	0.0	0	0.0	3038.578013747523	1	0	1	2.1156778074907
171429.13347313053	2000.0	1609.4445406168234	0.0	0	0.0	3038.578013747523	1	0	1	1.304747591274375
172084.71719664134	2000.0	1953.8608171060118	0.0	0	0.0	3038.578013747523	1	0	1	1.7102126993825395
173048.29583254494	2000.0	1990.2821812024044	0.0	0	0.0	3038.578013747494	1	0	1	1.710212699382545
174170.0138698823	2000.0	1868.564143865009	0.0	0	0.0	3038.578013747494	1	0	1	1.710212699382545
174922.6755962372	2000.0	2115.9024175100903	0.0	0	0.0	3038.578013747494	1	0	1	1.710212699382545
175563.5358860354	2000.0	2475.0421277119094	0.0	0	0.0	3038.578013747494	1	0	1	1.710212699382545
176341.2942527913	2000.0	2697.283760956011	0.0	0	0.0	3038.578013747494	1	0	1	1.710212699382545
177200.0	2000.0	2838.57801374733	0.0	0	401.444430540927	3038.578013747494	1	0	1	1.710212699382545
178200.0	2000.0	2838.578013747313	0.0	0	374.0977154004795	3038.578013747494	1	0	1	1.710212699382545
179200.0	2000.0	2838.5780137473134	0.0	0	228.96923224139027	3038.578013747494	1	0	1	1.710212699382545
180200.0	2000.0	2838.5780137473403	0.0	0	322.8404937633313	3038.578013747494	1	0	1	1.710212699382545
181200.0	2000.0	2838.578013747356	0.0	0	227.2631562188326	3038.578013747523	1	0	1	1.7102126993825395
182200.0	2000.0	2838.5780137473694	0.0	0	139.99910309593542	3038.578013747523	1	0	1	1.7102126993825395
183200.0	2000.0	2838.578013747363	0.0	0	28.095111127273412	3038.578013747523	1	0	1	1.7102126993825395
184200.0	2000.0	2838.578013747342	0.0	0	422.19119032652816	3038.578013747523	1	0	1	1.7102126993825395
185200.0	2000.0	2838.578013747306	0.0	0	568.3062725454511	3038.578013747523	1	0	1	1.7102126993825395
186200.0	2000.0	2838.5780137473594	0.0	0	374.25515831430675	3038.578013747552	1	0	1	1.7102126993825342
187200.0	2000.0	2838.578013747366	0.0	0	14.803567648865283	3038.578013747552	1	0	1	1.7102126993825342
188200.0	2000.0	2838.578013747355	0.0	0	195.93704779376276	3038.578013747552	1	0	1	1.7102126993825342
189502.36865562786	2000.0	2536.209358119502	0.0	0	0.0	3038.578013747552	1	0	1	1.7102126993825342
190709.04060950605	2000.0	2329.537404241309	0.0	0	0.0	3038.578013747552	1	0	1	1.7102126993825342
191824.1768523402	2000.0	2214.4011614072115	0.0	0	0.0	3038.5780137475813	1	0	1	1.7102126993825286
192823.0857236088	2000.0	2215.4922901385926	0.0	0	0.0	3038.5780137475813	1	0	1	1.7102126993825286
193527.736993163	2000.0	2510.841020584398	0.0	0	0.0	3038.5780137475813	1	0	1	1.7102126993825286
194228.9200135107	2000.0	2809.658000236695	0.0	0	0.0	3038.5780137476104	1	0	1	1.710212699382523
195200.0	2000.0	2838.5780137474153	0.0	0	187.03433077523368	3038.5780137476104	1	0	1	1.710212699382523
196200.0	2000.0	2838.578013747447	0.0	0	66.03325168925221	3038.5780137476104	1	0	1	1.710212699382523
197212.15987864576	2000.0	2826.418135101655	0.0	0	0.0	3038.5780137475813	1	0	1	1.7102126993825242
198200.0	2000.0	2838.5780137474017	0.0	0	78.15096472232835	3038.578013747552	1	0	1	1.7102126993825342
199200.0	2000.0	2838.578013747368	0.0	0	266.5566154528642	3038.578013747552	1	0	1	1.7102126993825342
200200.0	2000.0	2838.5780137473366	0.0	0	328.90690074992017	3038.578013747523	1	0	1	1.7102126993825395
201200.0	2000.0	2838.578013747319	0.0	0	219.48425630872953	3038.578013747523	1	0	1	1.7102126993825395
202200.0	2000.0	2838.5780137473093	0.0	0	61.090332446066895	3038.578013747523	1	0	1	1.7102126993825395
203200.0	2000.0	2838.5780137473407	0.0	0	316.9990057972318	3038.578013747523	1	0	1	1.7102126993825395
204200.0	2000.0	2838.578013747367	0.0	0	183.34539837305783	3038.578013747552	1	0	1	1.7102126993825342
205200.0	2000.0	2838.57801374738	0.0	0	359.4291534303338	3038.578013747552	1	0	1	1.7102126993825342
206200.0	2000.0	2838.5780137473816	0.0	0	95.03753536180011	3038.578013747552	1	0	1	1.7102126993825342
207200.0	2000.0	2838.5780137473903	0.0	0	134.5997434760211	3038.578013747552	1	0	1	1.7102126993825342
208200.0	2000.0	2838.5780137473585	0.0	0	477.7300676536397	3038.578013747552	1	0	1	1.7102126993825342
209200.0	2000.0	2838.5780137473507	0.0	0	332.2493222466146	3038.578013747523	1	0	1	1.7102126993825395
210200.0	2000.0	2838.5780137473794	0.0	0	141.04195089032874	3038.578013747523	1	0	1	1.7102126993825395
211200.0	2000.0	2838.5780137474	0.0	0	305.88221226312453	3038.578013747523	1	0	1	1.7102126993825395
212200.0	2000.0	2838.5780137473844	0.0	0	146.13449582250905	3038.578013747523	1	0	1	1.7102126993825395
213200.0	2000.0	2838.578013747376	0.0	0	90.74268296628725	3038.578013747523	1	0	1	1.7102126993825395
214200.0	2000.0	2838.5780137473794	0.0	0	319.34344401618	3038.578013747523	1	0	1	1.7102126993825395
215287.2078481372	2000.0	2751.3701656101994	0.0	0	0.0	3038.578013747494	1	0	1	1.710212699382545
216200.0	2000.0	2838.5780137473866	0.0	0	252.68017463266733	3038.578013747494	1	0	1	1.710212699382545
217200.0	2000.0	2838.5780137473857	0.0	0	394.44271340957494	3038.578013747494	1	0	1	1.710212699382545
218200.0	2000.0	2838.578013747381	0.0	0	114.03541541588493	3038.578013747494	1	0	1	1.710212699382545
219200.0	2000.0	2838.578013747369	0.0	0	203.68482887736172	3038.578013747494	1	0	1	1.710212699382545
220200.0	2000.0	2838.5780137473557	0.0	0	131.29561206445214	3038.578013747494	1	0	1	1.710212699382545
221200.0	2000.0	2838.578013747374	0.0	0	344.9679673811479	3038.578013747494	1	0	1	1.710212699382545
222200.0	2000.0	2838.5780137473907	0.0	0	265.0113220845524	3038.578013747494	1	0	1	1.710212699382545
223200.0	2000.0	2838.5780137473694	0.0	0	423.95994505891576	3038.578013747465	1	0	1	1.7102126993825506
224200.0	2000.0	2838.5780137473716	0.0	0	323.51085126475664	3038.578013747494	1	0	1	1.710212699382545
225200.0	2000.0	2838.5780137473594	0.0	0	481.0610008225194	3038.578013747494	1	0	1	1.710212699382545
226200.0	2000.0	2838.5780137473635	0.0	0	445.9922309308313	3038.578013747494	1	0	1	1.710212699382545
227200.0	2000.0	2838.5780137473334	0.0	0	480.55173111791373	3038.578013747494	1	0	1	1.710212699382545
228200.0	2000.0	2838.5780137473125	0.0	0	390.506441139034	3038.578013747523	1	0	1	1.7102126993825395
229491.92934761028	3000.0	2546.648666137023	0.0	0	0.0	3038.578013747523	1	0	1	1.7102126993825397
230611.92423641632	3000.0	2426.6537773309865	0.0	0	0.0	3038.5780137475813	1	0	1	2.1156778074906946
231462.47999201412	3000.0	2576.0980217331835	0.0	0	0.0	3038.578013747552	1	0	1	2.115677807490699
232286.5650591636	3000.0	2752.0129545837176	0.0	0	0.0	3038.5780137475813	1	0	1	2.1156778074906937
233469.47666982686	3000.0	2569.1013439204617	0.0	0	0.0	3038.5780137475813	1	0	1	2.1156778074906937
234257.25532439485	3000.0	2781.3226893524766	0.0	0	0.0	3038.5780137475813	1	0	1	2.1156778074906937
235200.0	3000.0	2838.578013747323	0.0	0	96.25559634595993	3038.5780137475813	1	0	1	2.1156778074906937
236200.0	3000.0	2838.578013747342	0.0	0	225.17740343915648	3038.5780137475813	1	0	1	2.1156778074906937
237200.0	3000.0	2838.578013747337	0.0	0	72.38312207910349	3038.578013747552	1	0	1	2.115677807490699
238637.84967859802	3000.0	2400.7283351493643	0.0	0	0.0	3038.5780137476104	1	0	1	2.11567780749069
239614.06510164423	3000.0	2424.5129121031805	0.0	0	0.0	3038.5780137476395	1	0	1	2.1156778074906826
240541.66100544625	3000.0	2496.9170083011327	0.0	0	0.0	3038.5780137476395	1	0	1	2.1156778074906826
241200.0	3000.0	2838.5780137473917	0.0	0	99.187731166312	3038.5780137476395	1	0	1	2.1156778074906826
242200.0	3000.0	2838.5780137473616	0.0	0	333.2095967750938	3038.5780137476395	1	0	1	2.1156778074906826
243335.3998557821	3000.0	2703.178157965269	0.0	0	0.0	3038.5780137476395	1	0	1	2.1156778074906826
244404.10388648498	3000.0	2634.474127262375	0.0	0	0.0	3038.5780137476395	1	0	1	2.1156778074906826
245451.4915172778	3000.0	2587.0864964695406	0.0	0	0.0	3038.5780137476395	1	0	1	2.1156778074906826
246352.5274573643	3000.0	2686.050556383037	0.0	0	0.0	3038.5780137476395	1	0	1	2.1156778074906826
247530.76101386905	3000.0	2507.8169998782764	0.0	0	0.0	3038.5780137476686	1	0	1	2.1156778074906795
248563.06369024637	3000.0	2475.514323500954	0.0	0	0.0	3038.5780137476686	1	0	1	2.1156778074906772
250465.67575809968	3000.0	1572.9022556476343	0.0	0	0.0	3038.5780137476395	1	0	1	2.1156778074906826
252070.78218937758	3000.0	967.795824369724	0.0	0	0.0	3038.5780137476686	1	0	1	2.115677807490678
253212.61157396817	2000.0	825.9664397791397	0.0	0	0.0	3038.5780137476686	1	0	1	1.3047475912743476
254238.43951976424	2000.0	800.1384939830787	0.0	0	0.0	3038.5780137476104	1	0	1	1.7102126993825189
255125.10286777574	2000.0	913.4751459715728	0.0	0	0.0	3038.5780137476104	1	0	1	1.710212699382523
256317.43360151537	2000.0	721.1444122319415	0.0	0	0.0	3038.5780137475813	1	0	1	1.7102126993825253
257155.6501006503	2000.0	882.9279130970077	0.0	0	0.0	3038.5780137475813	1	0	1	1.7102126993825286
258002.4653761337	2000.0	1036.11263761359	0.0	0	0.0	3038.5780137475813	1	0	1	1.7102126993825286
258715.64870627451	2000.0	1322.9293074727946	0.0	0	0.0	3038.5780137475813	1	0	1	1.7102126993825286
259527.4286951845	2000.0	1511.1493185627787	0.0	0	0.0	3038.5780137475813	1	0	1	1.7102126993825286
260225.92456927645	2000.0	1812.6534444708116	0.0	0	0.0	3038.5780137476104	1	0	1	1.710212699382523
260897.8703065228	2000.0	2140.7077072244874	0.0	0	0.0	3038.5780137476104	1	0	1	1.710212699382523
261406.55948513336	2000.0	2632.018528613918	0.0	0	0.0	3038.5780137476104	1	0	1	1.710212699382523
262200.0	2000.0	2838.5780137472416	0.0	0	125.46845204156125	3038.5780137476104	1	0	1	1.710212699382523
263200.0	2000.0	2838.57801374732	0.0	0	380.80621730635175	3038.5780137476686	1	0	1	1.7102126993825166
264200.0	2000.0	2838.578013747245	0.0	0	198.57659318717197	3038.5780137475813	1	0	1	1.7102126993825242
265200.0	2000.0	2838.5780137472734	0.0	0	442.84119353682036	3038.5780137475813	1	0	1	1.7102126993825244
266200.0	2000.0	2838.5780137473025	0.0	0	463.03471782512497	3038.5780137475813	1	0	1	1.7102126993825286
267200.0	2000.0	2838.5780137472925	0.0	0	202.4218008806929	3038.578013747523	1	0	1	1.7102126993825395
268479.10134175484	2000.0	2559.4766719924974	0.0	0	0.0	3038.5780137476395	1	0	1	1.7102126993825246
269393.6395262347	2000.0	2644.93848751267	0.0	0	0.0	3038.5780137476977	1	0	1	1.7102126993825069
270200.0	2000.0	2838.578013747336	0.0	0	134.01530127722071	3038.5780137476977	1	0	1	1.7102126993825069
271200.0	2000.0	2838.578013747312	0.0	0	243.07851639174623	3038.578013747756	1	0	1	1.710212699382496
272200.0	2000.0	2838.5780137473303	0.0	0	324.5592016710434	3038.578013747756	1	0	1	1.710212699382496
273200.0	2000.0	2838.5780137473403	0.0	0	516.931611110107	3038.578013747756	1	0	1	1.710212699382496
274200.0	2000.0	2838.5780137473635	0.0	0	273.8241042562877	3038.578013747756	1	0	1	1.710212699382496
275200.0	2000.0	2838.5780137473407	0.0	0	404.6189042290789	3038.578013747756	1	0	1	1.710212699382496
276200.0	2000.0	2838.578013747325	0.0	0	529.6050911411294	3038.578013747756	1	0	1	1.710212699382496
277200.0	2000.0	2838.5780137472875	0.0	0	393.8172611259506	3038.5780137476977	1	0	1	1.7102126993825069
278200.0	2000.0	2838.578013747267	0.0	0	379.49124596937327	3038.5780137476977	1	0	1	1.7102126993825069
279692.5025986309	3000.0	2346.0754151163196	0.0	0	0.0	3038.5780137476977	1	0	1	1.7102126993825069
280662.892758411	3000.0	2375.685255336158	0.0	0	0.0	3038.5780137476395	1	0	1	2.1156778074906826
281543.8232532323	3000.0	2494.7547605149225	0.0	0	0.0	3038.5780137475813	1	0	1	2.1156778074906937
282284.27067681076	3000.0	2754.3073369364256	0.0	0	0.0	3038.5780137475813	1	0	1	2.1156778074906937
283200.0	3000.0	2838.5780137470933	0.0	0	210.47429884818848	3038.5780137475813	1	0	1	2.1156778074906937
284200.0	3000.0	2838.578013747087	0.0	0	291.4414566164487	3038.5780137475813	1	0	1	2.1156778074906937
285200.0	3000.0	2838.5780137470806	0.0	0	460.93642493349034	3038.5780137475813	1	0	1	2.1156778074906937
286200.0	3000.0	2838.5780137470792	0.0	0	50.41700050869258	3038.5780137475813	1	0	1	2.1156778074906937
287595.5403765177	3000.0	2443.0376372294645	0.0	0	0.0	3038.5780137475813	1	0	1	2.1156778074906937
288881.02417350915	3000.0	2157.553840238044	0.0	0	0.0	3038.5780137476395	1	0	1	2.115677807490685
290189.6749980221	3000.0	1848.9030157251157	0.0	0	0.0	3038.5780137476395	1	0	1	2.1156778074906826
291270.2132653551	3000.0	1768.3647483921466	0.0	0	0.0	3038.5780137476395	1	0	1	2.1156778074906826
292598.3871151061	3000.0	1440.1908986410785	0.0	0	0.0	3038.5780137476395	1	0	1	2.1156778074906826
293501.628809372	3000.0	1536.9492043751943	0.0	0	0.0	3038.5780137476395	1	0	1	2.1156778074906804
294266.077061855	3000.0	1772.5009518922081	0.0	0	0.0	3038.5780137476977	1	0	1	2.115677807490678
295107.75369325036	3000.0	1930.8243204968542	0.0	0	0.0	3038.5780137476977	1	0	1	2.1156778074906715
295915.7169732781	3000.0	2122.8610404691863	0.0	0	0.0	3038.5780137476395	1	0	1	2.1156778074906826
296540.2314142103	2000.0	2498.3465995369793	0.0	0	0.0	3038.5780137475813	1	0	1	1.304747591274364
297573.2246399351	3000.0	2465.353373812131	0.0	0	0.0	3038.5780137475813	1	0	1	1.7102126993825288
298312.27414258785	3000.0	2726.3038711594822	0.0	0	0.0	3038.5780137475813	1	0	1	2.1156778074906937
299836.215736473	3000.0	2202.3622772743765	0.0	0	0.0	3038.5780137475813	1	0	1	2.1156778074906937
301435.05065687065	3000.0	1603.527356876758	0.0	0	0.0	3038.5780137475813	1	0	1	2.1156778074906937
2.33	2.43	2.57	3.26	2.75	3.53	4.19	4.22	2.86	3.46	4.39	4.69	2.97	2.53	1.76	2.8	1.88	1.67	3.02	1.97	2.28	3.1	3.05	3.56	3.27	2.59	2.7	2.44	2.41	2.11	2.94	3.86	3.98	1.69	2.05	1.03	1.36	2.28	2.28	2.36	3.22	3.1	2.75	2.57	2.36	2.55	2.54	3.45	2.58	2.85	3.42	3.05	1.89	2.61	3.59	3.78	3.1	2.51	2.72	2.53	2.31	1.33	2.44	2.81	2.81	3.39	2.81	2.54	2.77	3.01	3.2	3.45	3.61	4.38	4.0	2.12	3.0	4.05	4.45	2.57	3.13	2.91	3.42	3.29	2.9	2.48	3.26	4.12	5.11	3.41	3.26	3.13	3.63	2.75	2.56	2.59	0.93	2.71	2.34	1.88	2.15	2.34	2.04	2.14	2.21	2.8	2.1	2.98	3.17	3.41	3.34	3.86	3.5	2.21	1.09	1.81	2.53	2.9	3.36	3.29	3.85	4.59	3.8	3.6	2.82	1.9	2.22	2.87	3.79	4.48	5.51	5.76	2.88	1.51	3.2	2.28	2.69	2.77	3.06	3.01	3.6	3.76	4.01	4.38	3.44	2.7	2.56	2.42	2.55	1.71	2.33	2.43	2.57	3.26	2.75	3.53	4.19	4.22	2.86	3.46	4.39	4.69	2.97	2.53	1.76	2.8	1.88	1.67	3.02	1.97	2.28	3.1	3.05	3.56	3.27	2.59	2.7	2.44	2.41	2.11	2.94	3.86	3.98	1.69	2.05	1.03	1.36	2.28	2.28	2.36	3.22	3.1	2.75	2.57	2.36	2.55	2.54	3.45	2.58	2.85	3.42	3.05	1.89	2.61	3.59	3.78	3.1	2.51	2.72	2.53	2.31	1.33	2.44	2.81	2.81	3.39	2.81	2.54	2.77	3.01	3.2	3.45	3.61	4.38	4.0	2.12	3.0	4.05	4.45	2.57	3.13	2.91	3.42	3.29	2.9	2.48	3.26	4.12	5.11	3.41	3.26	3.13	3.63	2.75	2.56	2.59	0.93	2.71	2.34	1.88	2.15	2.34	2.04	2.14	2.21	2.8	2.1	2.98	3.17	3.41	3.34	3.86	3.5	2.21	1.09	1.81	2.53	2.9	3.36	3.29	3.85	4.59	3.8	3.6	2.82	1.9	2.22	2.87	3.79	4.48	5.51	5.76	2.88	1.51	3.2	2.28	2.69	2.77	3.06	3.01	3.6	3.76	4.01	4.38	3.44	2.7	2.56	2.42	2.55	1.71	2.33
1.0	2.0	3.0	4.0	5.0	6.0	7.0	8.0	9.0	10.0	11.0	12.0	13.0	14.0	15.0	16.0	17.0	18.0	19.0	20.0	21.0	22.0	23.0	24.0	25.0	26.0	27.0	28.0	29.0	30.0	31.0	32.0	33.0	34.0	35.0	36.0	37.0	38.0	39.0	40.0	41.0	42.0	43.0	44.0	45.0	46.0	47.0	48.0	49.0	50.0	51.0	52.0	53.0	54.0	55.0	56.0	57.0	58.0	59.0	60.0	61.0	62.0	63.0	64.0	65.0	66.0	67.0	68.0	69.0	70.0	71.0	72.0	73.0	74.0	75.0	76.0	77.0	78.0	79.0	80.0	81.0	82.0	83.0	84.0	85.0	86.0	87.0	88.0	89.0	90.0	91.0	92.0	93.0	94.0	95.0	96.0	97.0	98.0	99.0	100.0	101.0	102.0	103.0	104.0	105.0	106.0	107.0	108.0	109.0	110.0	111.0	112.0	113.0	114.0	115.0	116.0	117.0	118.0	119.0	120.0	121.0	122.0	123.0	124.0	125.0	126.0	127.0	128.0	129.0	130.0	131.0	132.0	133.0	134.0	135.0	136.0	137.0	138.0	139.0	140.0	141.0	142.0	143.0	144.0	145.0	146.0	147.0	148.0	149.0	149.0	150.0	151.0	152.0	153.0	154.0	155.0	156.0	157.0	158.0	159.0	160.0	161.0	162.0	163.0	164.0	165.0	166.0	167.0	168.0	169.0	170.0	171.0	172.0	173.0	174.0	175.0	176.0	177.0	178.0	179.0	180.0	181.0	182.0	183.0	184.0	185.0	186.0	187.0	188.0	189.0	190.0	191.0	192.0	193.0	194.0	195.0	196.0	197.0	198.0	199.0	200.0	201.0	202.0	203.0	204.0	205.0	206.0	207.0	208.0	209.0	210.0	211.0	212.0	213.0	214.0	215.0	216.0	217.0	218.0	219.0	220.0	221.0	222.0	223.0	224.0	225.0	226.0	227.0	228.0	229.0	230.0	231.0	232.0	233.0	234.0	235.0	236.0	237.0	238.0	239.0	240.0	241.0	242.0	243.0	244.0	245.0	246.0	247.0	248.0	249.0	250.0	251.0	252.0	253.0	254.0	255.0	256.0	257.0	258.0	259.0	260.0	261.0	262.0	263.0	264.0	265.0	266.0	267.0	268.0	269.0	270.0	271.0	272.0	273.0	274.0	275.0	276.0	277.0	278.0	279.0	280.0	281.0	282.0	283.0	284.0	285.0	286.0	287.0	288.0	289.0	290.0	291.0	292.0	293.0	294.0	295.0	296.0	297.0	298.0	298.0	299.0
4148.194530053729
