4133.847768873732	300.0	2000.0	168.40261051087276	0	0.0	4133.847768873732	1	0	1	-1.5185557171647743
4330.655775570865	300.0	2783.5111926331538	0.0	0	0.0	4114.166968204019	1	0	2	-0.9189680914550202
4524.3304897679345	300.0	3570.4690070163792	0.0	0	0.0	4094.7994967843138	1	0	2	-0.7100751650596142
5200.0	300.0	3827.2325457611073	0.0	0	484.0745610606891	4027.2325457611073	1	0	2	-0.6934927361069061
6200.0	500.0	3727.2325457611064	0.0	0	701.508758648959	3927.2325457611064	1	0	2	-0.6534563855099352
7200.0	500.0	3627.2325457611064	0.0	0	611.8924787833812	3827.2325457611064	1	0	2	-0.10321354381968612
8200.0	500.0	3527.2325457611073	0.0	0	203.313404218492	3727.232545761107	1	0	2	-0.06475241352726427
9200.0	500.0	3427.2325457611096	0.0	0	349.3239944131674	3627.2325457611096	1	0	2	-0.031782190846690275
10200.0	500.0	3327.2325457611087	0.0	0	422.36905901152386	3527.2325457611096	1	0	2	-0.0018526314450210135
11345.700221049858	1000.0	3066.962302606264	0.0	0	0.0	3412.662523656122	1	0	2	0.033338895071625047
12633.278621126603	1000.0	2650.626062521844	0.0	0	0.0	3283.9046836484467	1	0	2	0.7574274812024718
13893.72688641893	1000.0	2264.1329707002815	0.0	0	0.0	3157.8598571192106	1	0	2	0.7871351735230236
14242.293645735639	500.0	2880.709535451904	0.0	0	0.0	3123.0031811875415	1	0	2	-0.587377143944629
15200.0	500.0	2827.2325457611073	0.0	0	388.9451886777897	3027.232545761104	1	0	2	0.11903322990713337
16200.0	500.0	2727.232545761105	0.0	0	570.3745386595729	2927.2325457611005	1	0	2	0.1367989330172703
17200.0	500.0	2627.232545761108	0.0	0	581.8664239213649	2827.2325457611005	1	0	2	0.15358652586718796
18200.0	500.0	2527.232545761109	0.0	0	582.0941205630879	2727.2325457611005	1	0	2	0.16885782639353625
19200.0	500.0	2427.232545761111	0.0	0	459.3460682127261	2627.2325457611005	1	0	2	0.18292922774361406
20200.0	500.0	2327.23254576111	0.0	0	294.9282147910635	2527.232545761104	1	0	2	0.1957893107886044
21200.0	500.0	2227.2325457611078	0.0	0	99.7684288141827	2427.2325457611078	1	0	2	0.20837687079802664
22200.0	500.0	2127.2325457611005	0.0	0	310.0054993796839	2327.232545761093	1	0	2	0.21801849714722904
23200.0	500.0	2027.2325457611018	0.0	0	394.20049246854614	2227.2325457611005	1	0	2	0.22745317852878516
24200.0	500.0	1927.2325457611025	0.0	0	550.1443484421688	2127.2325457611005	1	0	2	0.23594875549413244
25200.0	500.0	1827.2325457611023	0.0	0	370.89527492695925	2027.2325457611005	1	0	2	0.24402141717851508
26200.0	500.0	1827.2325457611053	0.0	0	525.7544252393782	2027.2325457611005	1	0	1	0.24682180554280633
27200.0	500.0	1827.2325457611046	0.0	0	510.3912670482423	2027.2325457611005	1	0	1	0.4468218055428065
28200.0	500.0	1827.2325457611066	0.0	0	562.8074316210768	2027.2325457611005	1	0	1	0.4468218055428065
29200.0	500.0	1827.2325457611103	0.0	0	221.751015315298	2027.2325457611005	1	0	1	0.4468218055428065
30200.0	500.0	1827.2325457611103	0.0	0	316.8818705600097	2027.2325457611005	1	0	1	0.4468218055428065
31200.0	500.0	1827.2325457611073	0.0	0	493.33702362852273	2027.2325457610968	1	0	1	0.4468218055428067
32200.0	500.0	1827.2325457611064	0.0	0	507.69996582880776	2027.2325457610968	1	0	1	0.4468218055428067
33200.0	500.0	1827.2325457611096	0.0	0	315.769386139109	2027.2325457611041	1	0	1	0.4468218055428065
34200.0	500.0	1827.2325457611148	0.0	0	484.67696822906146	2027.2325457611078	1	0	1	0.44682180554280604
35200.0	500.0	1827.2325457611114	0.0	0	438.174809344142	2027.2325457611005	1	0	1	0.44682180554280637
36200.0	500.0	1827.2325457611237	0.0	0	565.1050456343	2027.2325457611005	1	0	1	0.4468218055428065
37200.0	500.0	1827.2325457611244	0.0	0	481.05389142555214	2027.2325457611005	1	0	1	0.4468218055428065
38200.0	500.0	1827.232545761118	0.0	0	650.5811515541936	2027.2325457611005	1	0	1	0.4468218055428065
39200.0	1000.0	1827.2325457611219	0.0	0	270.7991368594303	2027.2325457611005	1	0	1	0.44682180554280654
40302.8834818676	1000.0	1724.3490638935293	0.0	0	0.0	2027.2325457611078	1	0	1	1.1399689861027515
41802.92301282852	1000.0	1224.309532932596	0.0	0	0.0	2027.2325457611078	1	0	1	1.1399689861027515
43088.82682162491	1000.0	938.4057241362041	0.0	0	0.0	2027.2325457611078	1	0	1	1.1399689861027515
43911.59716508308	1000.0	1115.6353806780319	0.0	0	0.0	2027.2325457611078	1	0	1	1.1399689861027515
44882.08588897413	1000.0	1145.1466567869902	0.0	0	0.0	2027.232545761115	1	0	1	1.1399689861027509
46122.66803656607	1000.0	904.5645091950479	0.0	0	0.0	2027.232545761115	1	0	1	1.1399689861027509
46950.34024680322	1000.0	1076.8922989579034	0.0	0	0.0	2027.232545761115	1	0	1	1.1399689861027509
47616.00907263475	1000.0	1411.22347312638	0.0	0	0.0	2027.232545761115	1	0	1	1.1399689861027509
48678.16434059981	1000.0	1349.068205161308	0.0	0	0.0	2027.2325457611078	1	0	1	1.1399689861027515
49209.89434706106	1000.0	1817.3381987000596	0.0	0	0.0	2027.232545761115	1	0	1	1.1399689861027509
50200.0	1000.0	1827.232545761122	0.0	0	112.98540904429683	2027.232545761115	1	0	1	1.1399689861027509
51200.0	1000.0	1827.2325457611212	0.0	0	283.81507319073717	2027.232545761115	1	0	1	1.1399689861027509
52261.752729752116	1000.0	1765.479816009011	0.0	0	0.0	2027.232545761115	1	0	1	1.1399689861027509
53200.0	1000.0	1827.2325457611257	0.0	0	30.801968081097584	2027.2325457611223	1	0	1	1.1399689861027504
54200.0	1000.0	1827.2325457611187	0.0	0	114.52525489656546	2027.2325457611223	1	0	1	1.1399689861027504
55200.0	1000.0	1827.232545761113	0.0	0	147.3349978287224	2027.2325457611223	1	0	1	1.1399689861027504
56200.0	1000.0	1827.232545761115	0.0	0	415.8024961708652	2027.2325457611223	1	0	1	1.1399689861027504
57301.01936400649	1000.0	1726.2131817546192	0.0	0	0.0	2027.2325457611223	1	0	1	1.1399689861027504
58626.51773573278	1000.0	1400.7148100283366	0.0	0	0.0	2027.2325457611223	1	0	1	1.1399689861027504
59479.46482830607	1000.0	1547.767717455043	0.0	0	0.0	2027.2325457611223	1	0	1	1.1399689861027504
60820.00218594587	1000.0	1207.2303598152357	0.0	0	0.0	2027.2325457611223	1	0	1	1.1399689861027504
61523.7464161686	1000.0	1503.4861295925084	0.0	0	0.0	2027.2325457611223	1	0	1	1.1399689861027504
62206.76956532829	1000.0	1820.4629804328101	0.0	0	0.0	2027.2325457611223	1	0	1	1.1399689861027504
63200.0	1000.0	1827.2325457611082	0.0	0	390.12406833531713	2027.2325457611296	1	0	1	1.1399689861027498
64200.0	1000.0	1827.2325457611112	0.0	0	253.8263850387957	2027.2325457611296	1	0	1	1.1399689861027498
65200.0	1000.0	1827.2325457611082	0.0	0	85.66084457990655	2027.2325457611223	1	0	1	1.1399689861027504
66200.0	1000.0	1827.2325457611087	0.0	0	55.81192658212967	2027.2325457611296	1	0	1	1.13996898610275
67200.0	1000.0	1827.232545761109	0.0	0	86.28222984207969	2027.2325457611296	1	0	1	1.1399689861027495
68200.0	1000.0	1827.2325457610982	0.0	0	41.95861253795738	2027.2325457611296	1	0	1	1.1399689861027498
69200.0	1000.0	1827.232545761102	0.0	0	299.45396107320266	2027.2325457611296	1	0	1	1.1399689861027498
70200.0	1000.0	1827.2325457611157	0.0	0	217.85168910585344	2027.2325457611296	1	0	1	1.1399689861027498
71200.0	1000.0	1827.2325457611164	0.0	0	293.7088746113004	2027.2325457611296	1	0	1	1.1399689861027498
72300.62283392718	1000.0	1726.6097118339546	0.0	0	0.0	2027.2325457611296	1	0	1	1.1399689861027498
73200.0	1000.0	1827.2325457611378	0.0	0	150.9445562643523	2027.2325457611296	1	0	1	1.1399689861027498
74200.0	1000.0	1827.2325457611425	0.0	0	287.2953160925099	2027.2325457611441	1	0	1	1.1399689861027489
75389.45946444478	1000.0	1637.7730813163662	0.0	0	0.0	2027.2325457611441	1	0	1	1.1399689861027489
76200.0	1000.0	1827.2325457611485	0.0	0	94.93809930530551	2027.2325457611296	1	0	1	1.1399689861027498
77294.37411796079	1000.0	1732.8584278003375	0.0	0	0.0	2027.2325457611296	1	0	1	1.1399689861027498
78923.59671642442	1000.0	1103.6358293367014	0.0	0	0.0	2027.2325457611296	1	0	1	1.1399689861027498
80057.93105825695	1000.0	969.3014875041752	0.0	0	0.0	2027.2325457611296	1	0	1	1.1399689861027498
81025.56835091373	1000.0	1001.664194847396	0.0	0	0.0	2027.2325457611296	1	0	1	1.1399689861027498
82292.70606491817	1000.0	734.5264808429656	0.0	0	0.0	2027.2325457611296	1	0	1	1.1399689861027498
83383.89168209834	1000.0	643.3408636627868	0.0	0	0.0	2027.2325457611296	1	0	1	1.1399689861027498
84078.12342216057	500.0	949.1091236005532	0.0	0	0.0	2027.2325457611296	1	0	1	-0.24632537501714097
84830.57771847308	500.0	1196.6548272880461	0.0	0	0.0	2027.2325457611296	1	0	1	0.4468218055428044
85569.83569154993	500.0	1457.3968542111984	0.0	0	0.0	2027.2325457611296	1	0	1	0.4468218055428044
86200.0	500.0	1827.2325457611341	0.0	0	238.63632352220884	2027.232545761115	1	0	1	0.4468218055428054
87200.0	500.0	1827.2325457611441	0.0	0	487.03737140224257	2027.232545761115	1	0	1	0.4468218055428054
88200.0	500.0	1827.2325457611632	0.0	0	380.8978510242596	2027.232545761115	1	0	1	0.4468218055428054
89200.0	500.0	1827.2325457611857	0.0	0	252.67979463154916	2027.232545761115	1	0	1	0.4468218055428054
90200.0	500.0	1827.2325457611798	0.0	0	415.88260547228856	2027.232545761115	1	0	1	0.4468218055428054
91200.0	500.0	1827.232545761165	0.0	0	274.2513941630168	2027.232545761115	1	0	1	0.4468218055428054
92200.0	500.0	1827.2325457611669	0.0	0	399.0467409674893	2027.232545761115	1	0	1	0.4468218055428054
93200.0	500.0	1827.2325457611714	0.0	0	581.9778973775974	2027.2325457611005	1	0	1	0.4468218055428065
94200.0	500.0	1827.232545761173	0.0	0	235.37458750644873	2027.232545761086	1	0	1	0.44682180554280754
95200.0	500.0	1827.2325457611669	0.0	0	510.5981068815163	2027.232545761086	1	0	1	0.44682180554280754
96200.0	500.0	1827.2325457611744	0.0	0	373.88002060865983	2027.232545761086	1	0	1	0.44682180554280754
97200.0	500.0	1827.2325457611548	0.0	0	467.37285159259045	2027.232545761086	1	0	1	0.44682180554280754
98200.0	500.0	1827.2325457611607	0.0	0	501.2437202465371	2027.232545761086	1	0	1	0.44682180554280754
99200.0	500.0	1827.2325457611448	0.0	0	660.7538285468909	2027.2325457610714	1	0	1	0.4468218055428086
100200.0	1000.0	1827.2325457611437	0.0	0	227.48593772981258	2027.2325457610714	1	0	1	0.4468218055428086
101294.95933812768	1000.0	1732.273207633474	0.0	0	0.0	2027.2325457610714	1	0	1	1.139968986102754
102660.98658537946	1000.0	1366.2459603816924	0.0	0	0.0	2027.2325457610714	1	0	1	1.139968986102754
103889.65498775932	1000.0	1137.5775580018267	0.0	0	0.0	2027.2325457610568	1	0	1	1.139968986102755
105034.69062976817	1000.0	992.5419159929792	0.0	0	0.0	2027.2325457610568	1	0	1	1.139968986102755
105894.34993270159	1000.0	1132.8826130595764	0.0	0	0.0	2027.2325457610568	1	0	1	1.139968986102755
106400.26549608102	1000.0	1626.9670496801352	0.0	0	0.0	2027.2325457610568	1	0	1	1.139968986102755
107200.0	1000.0	1827.2325457611792	0.0	0	224.73713837345713	2027.2325457610714	1	0	1	1.139968986102754
108200.0	1000.0	1827.23254576117	0.0	0	402.07315572355583	2027.2325457610714	1	0	1	1.139968986102754
109200.0	1000.0	1827.2325457611853	0.0	0	94.80270278727403	2027.2325457610714	1	0	1	1.139968986102754
110200.0	1000.0	1827.2325457611785	0.0	0	238.9658053471794	2027.2325457610714	1	0	1	1.139968986102754
111200.0	1000.0	1827.2325457611782	0.0	0	188.89528921480814	2027.2325457610714	1	0	1	1.139968986102754
112200.0	1000.0	1827.232545761176	0.0	0	129.8734928812337	2027.2325457610714	1	0	1	1.139968986102754
113200.0	1000.0	1827.2325457611792	0.0	0	10.05538349993003	2027.2325457610714	1	0	1	1.139968986102754
114200.0	1000.0	1827.232545761162	0.0	0	197.08565129146155	2027.2325457610568	1	0	1	1.139968986102755
115200.0	1000.0	1827.2325457611632	0.0	0	355.6557889576361	2027.2325457610423	1	0	1	1.1399689861027562
116200.0	1000.0	1827.2325457611435	0.0	0	462.8794514762558	2027.2325457610423	1	0	1	1.1399689861027562
117200.0	1000.0	1827.2325457611494	0.0	0	417.9772375400207	2027.2325457610423	1	0	1	1.1399689861027562
118212.5187699395	1000.0	1814.713775821646	0.0	0	0.0	2027.2325457610568	1	0	1	1.139968986102755
119695.74904294011	1000.0	1331.4835028210298	0.0	0	0.0	2027.2325457610568	1	0	1	1.139968986102755
120523.16799522622	1000.0	1504.0645505349173	0.0	0	0.0	2027.2325457610568	1	0	1	1.139968986102755
121224.83225539961	1000.0	1802.4002903615244	0.0	0	0.0	2027.2325457610568	1	0	1	1.139968986102755
122200.0	1000.0	1827.232545761126	0.0	0	154.91154921757698	2027.2325457610568	1	0	1	1.139968986102755
123392.42967389799	1000.0	1634.8028718631485	0.0	0	0.0	2027.2325457610568	1	0	1	1.139968986102755
124200.0	1000.0	1827.2325457611253	0.0	0	57.04835026312503	2027.2325457610568	1	0	1	1.139968986102755
125376.7555010146	1000.0	1650.4770447465119	0.0	0	0.0	2027.2325457610568	1	0	1	1.139968986102755
126247.43850074359	1000.0	1779.7940450175095	0.0	0	0.0	2027.2325457610568	1	0	1	1.139968986102755
127443.03992289846	1000.0	1584.1926228626387	0.0	0	0.0	2027.2325457610568	1	0	1	1.139968986102755
128632.20196795173	1000.0	1395.03057780937	0.0	0	0.0	2027.2325457610568	1	0	1	1.139968986102755
129442.67181813285	1000.0	1584.5607276282299	0.0	0	0.0	2027.2325457610568	1	0	1	1.139968986102755
130392.41715497576	1000.0	1634.8153907853182	0.0	0	0.0	2027.2325457610568	1	0	1	1.139968986102755
131200.0	1000.0	1827.2325457610823	0.0	0	210.29095796386537	2027.2325457610568	1	0	1	1.139968986102755
132200.0	1000.0	1827.2325457610389	0.0	0	363.9922046864813	2027.2325457610132	1	0	1	1.139968986102757
133200.0	1000.0	1827.2325457610211	0.0	0	172.434334850288	2027.232545760984	1	0	1	1.1399689861027604
135092.79151171583	1000.0	934.4410340451883	0.0	0	0.0	2027.232545760984	1	0	1	1.1399689861027604
136271.37052587263	1000.0	755.8620198883788	0.0	0	0.0	2027.232545760984	1	0	1	1.1399689861027604
137600.4783236364	1000.0	426.75422212458403	0.0	0	0.0	2027.232545760984	1	0	1	1.1399689861027604
138936.02610582625	1000.0	397.5111340181986	306.30469408348796	0	0.0	2333.5372398444742	1	0	1	-0.7236823983797971
139787.78074228027	1000.0	545.7564975641865	0.0	0	0.0	2333.5372398444742	1	0	1	1.114145766121131
140433.29743602732	1000.0	900.2398038171441	0.0	0	0.0	2333.5372398444742	1	0	1	1.114145766121131
141116.18436324128	1000.0	1217.352876603189	0.0	0	0.0	2333.5372398444742	1	0	1	1.114145766121131
142063.92375672224	1000.0	1269.613483122257	0.0	0	0.0	2333.5372398445033	1	0	1	1.114145766121128
142939.47547281726	1000.0	1394.0617670272677	0.0	0	0.0	2333.5372398445325	1	0	1	1.1141457661211251
143742.07669262207	1000.0	1591.4605472224562	0.0	0	0.0	2333.5372398445325	1	0	1	1.1141457661211251
144444.13212860056	500.0	1889.4051112439968	0.0	0	0.0	2333.5372398445033	1	0	1	-0.27214859499876287
145200.0	1000.0	2133.5372398445443	0.0	0	154.71001765909023	2333.5372398445033	1	0	1	0.4209985855611825
146200.0	1000.0	2133.537239844534	0.0	0	240.16214583674446	2333.5372398444742	1	0	1	1.114145766121131
147200.0	1000.0	2133.5372398445447	0.0	0	426.11455989349633	2333.5372398444742	1	0	1	1.114145766121131
148200.0	1000.0	2133.5372398445684	0.0	0	154.90333380288212	2333.5372398444742	1	0	1	1.114145766121131
149200.0	1000.0	2133.537239844521	0.0	0	156.1742744112853	2333.5372398444742	1	0	1	1.114145766121131
150200.0	1000.0	2133.537239844508	0.0	0	256.1522021180135	2333.537239844445	1	0	1	1.1141457661211336
151547.63320387658	1000.0	1785.904035967923	0.0	0	0.0	2333.537239844416	1	0	1	1.1141457661211365
152762.25965920265	1000.0	1571.2775806418754	0.0	0	0.0	2333.537239844416	1	0	1	1.1141457661211365
153467.84886851505	1000.0	1865.6883713294749	0.0	0	0.0	2333.537239844387	1	0	1	1.1141457661211394
154200.0	1000.0	2133.537239844517	0.0	0	248.45198369200807	2333.537239844387	1	0	1	1.1141457661211394
155200.0	1000.0	2133.537239844542	0.0	0	340.56613130131154	2333.537239844387	1	0	1	1.1141457661211394
156200.0	1000.0	2133.5372398445425	0.0	0	141.70251156794257	2333.537239844416	1	0	1	1.1141457661211365
157220.08585242392	1000.0	2113.4513874206364	0.0	0	0.0	2333.537239844416	1	0	1	1.1141457661211365
158448.49200676123	1000.0	1885.0452330832943	0.0	0	0.0	2333.537239844416	1	0	1	1.1141457661211365
159686.17295831177	1000.0	1647.3642815327507	0.0	0	0.0	2333.537239844416	1	0	1	1.1141457661211365
160756.6343560606	1000.0	1576.9028837839553	0.0	0	0.0	2333.537239844445	1	0	1	1.114145766121136
161398.14638982023	500.0	1935.3908500243115	0.0	0	0.0	2333.537239844445	1	0	1	-0.2721485949987573
162200.0	500.0	2133.537239844547	0.0	0	284.45933977601817	2333.537239844416	1	0	1	0.4209985855611904
163200.0	500.0	2133.537239844576	0.0	0	494.0361022585712	2333.537239844387	1	0	1	0.42099858556119385
164200.0	500.0	2133.5372398445584	0.0	0	594.3338119873952	2333.537239844387	1	0	1	0.42099858556119385
165200.0	500.0	2133.5372398445825	0.0	0	587.3391577751609	2333.537239844387	1	0	1	0.42099858556119385
166200.0	500.0	2133.537239844579	0.0	0	411.8709425270499	2333.537239844387	1	0	1	0.42099858556119385
167200.0	500.0	2133.537239844558	0.0	0	528.8688251426502	2333.537239844387	1	0	1	0.42099858556119385
168200.0	500.0	2133.537239844516	0.0	0	319.17550075793406	2333.537239844358	1	0	1	0.4209985855611966
169200.0	500.0	2133.537239844524	0.0	0	372.27654285292374	2333.537239844358	1	0	1	0.4209985855611966
170200.0	500.0	2133.537239844509	0.0	0	71.94365623785416	2333.537239844358	1	0	1	0.4209985855611966
171200.0	500.0	2133.5372398445065	0.0	0	271.8625667281449	2333.5372398443287	1	0	1	0.4209985855611983
172200.0	500.0	2133.5372398445	0.0	0	351.22470355354017	2333.5372398443287	1	0	1	0.42099858556119946
173200.0	500.0	2133.5372398444892	0.0	0	378.61490569339367	2333.5372398443287	1	0	1	0.42099858556119946
174200.0	500.0	2133.5372398444806	0.0	0	407.7772203744098	2333.5372398443287	1	0	1	0.42099858556119946
175200.0	500.0	2133.537239844498	0.0	0	513.1377760663454	2333.537239844358	1	0	1	0.4209985855611966
176200.0	500.0	2133.537239844457	0.0	0	654.8942634153354	2333.537239844358	1	0	1	0.4209985855611966
177200.0	500.0	2133.537239844465	0.0	0	275.3691055022646	2333.537239844387	1	0	1	0.42099858556119385
178200.0	500.0	2133.5372398444597	0.0	0	363.27200221279054	2333.537239844387	1	0	1	0.42099858556119385
179200.0	500.0	2133.537239844462	0.0	0	273.50872202962637	2333.537239844387	1	0	1	0.42099858556119496
180200.0	500.0	2133.5372398444597	0.0	0	513.2261961896438	2333.537239844358	1	0	1	0.4209985855611966
181200.0	500.0	2133.5372398444797	0.0	0	410.63081310185953	2333.537239844358	1	0	1	0.4209985855611966
182200.0	500.0	2133.537239844465	0.0	0	380.2367390645377	2333.5372398443287	1	0	1	0.42099858556119946
183200.0	500.0	2133.537239844441	0.0	0	502.6738737747364	2333.5372398443287	1	0	1	0.42099858556119946
184200.0	500.0	2133.53723984446	0.0	0	377.3996322573512	2333.5372398443287	1	0	1	0.42099858556119946
185200.0	500.0	2133.5372398444306	0.0	0	369.5397795953904	2333.537239844358	1	0	1	0.4209985855611966
186200.0	500.0	2133.5372398444283	0.0	0	638.2323017248418	2333.537239844358	1	0	1	0.4209985855611966
187200.0	500.0	2133.537239844435	0.0	0	595.2128955903754	2333.537239844358	1	0	1	0.4209985855611966
188204.15479352348	1000.0	2129.3824463209676	0.0	0	0.0	2333.537239844358	1	0	1	0.4209985855611967
189200.0	1000.0	2133.53723984443	0.0	0	55.38710717181675	2333.537239844358	1	0	1	1.114145766121142
190372.50668989704	1000.0	1961.030549947415	0.0	0	0.0	2333.537239844358	1	0	1	1.114145766121142
191742.42856401516	1000.0	1591.108675829314	0.0	0	0.0	2333.537239844387	1	0	1	1.1141457661211394
192217.89094437653	500.0	2115.6462954679546	0.0	0	0.0	2333.537239844387	1	0	1	-0.2721485949987515
193200.0	500.0	2133.5372398445006	0.0	0	423.31482096749824	2333.537239844387	1	0	1	0.42099858556119385
194200.0	500.0	2133.5372398444892	0.0	0	601.8305820946989	2333.537239844387	1	0	1	0.42099858556119385
195200.0	500.0	2133.5372398445065	0.0	0	543.0360916055215	2333.537239844387	1	0	1	0.42099858556119385
196200.0	500.0	2133.537239844533	0.0	0	392.7465726440132	2333.537239844387	1	0	1	0.42099858556119385
197200.0	500.0	2133.537239844527	0.0	0	571.5081583548454	2333.537239844387	1	0	1	0.42099858556119385
198200.0	500.0	2133.537239844523	0.0	0	619.1015972698515	2333.537239844358	1	0	1	0.4209985855611966
199200.0	500.0	2133.5372398445193	0.0	0	606.2248777418281	2333.537239844358	1	0	1	0.4209985855611966
200200.0	500.0	2133.5372398445293	0.0	0	516.9012842044176	2333.537239844358	1	0	1	0.4209985855611966
201200.0	1000.0	2133.537239844535	0.0	0	197.76142324475222	2333.537239844358	1	0	1	0.4209985855611967
202200.0	1000.0	2133.5372398445165	0.0	0	186.5866034818755	2333.537239844358	1	0	1	1.114145766121142
203233.5465489882	1000.0	2099.9906908563144	0.0	0	0.0	2333.537239844416	1	0	1	1.114145766121137
204200.0	1000.0	2133.5372398444906	0.0	0	132.66571903511067	2333.537239844416	1	0	1	1.1141457661211365
205200.0	1000.0	2133.5372398444997	0.0	0	409.0015151243715	2333.537239844416	1	0	1	1.1141457661211365
206200.0	1000.0	2133.537239844501	0.0	0	150.9252279297507	2333.537239844416	1	0	1	1.1141457661211365
207637.14357488437	1000.0	1696.3936649601387	0.0	0	0.0	2333.537239844387	1	0	1	1.1141457661211394
208543.0853760617	1000.0	1790.4518637827844	0.0	0	0.0	2333.537239844387	1	0	1	1.1141457661211394
209353.7199835225	1000.0	1979.8172563219432	0.0	0	0.0	2333.537239844358	1	0	1	1.114145766121142
210248.52701560274	1000.0	2085.0102242416947	0.0	0	0.0	2333.537239844358	1	0	1	1.114145766121142
211200.0	1000.0	2133.5372398444592	0.0	0	160.99719241488492	2333.537239844358	1	0	1	1.1141457661211414
212200.0	1000.0	2133.5372398444706	0.0	0	211.62999127493822	2333.537239844358	1	0	1	1.114145766121142
213200.0	1000.0	2133.5372398444497	0.0	0	114.14509440760594	2333.5372398443287	1	0	1	1.1141457661211445
214200.0	1000.0	2133.5372398444615	0.0	0	65.38898383555352	2333.5372398443287	1	0	1	1.114145766121145
215200.0	1000.0	2133.537239844461	0.0	0	247.31320774607593	2333.5372398443287	1	0	1	1.114145766121145
216200.0	1000.0	2133.537239844458	0.0	0	144.07365476724226	2333.537239844358	1	0	1	1.114145766121142
217200.0	1000.0	2133.537239844457	0.0	0	10.45903085466125	2333.537239844358	1	0	1	1.114145766121142
218226.39181243686	1000.0	2107.145427407593	0.0	0	0.0	2333.5372398443287	1	0	1	1.114145766121145
219200.0	1000.0	2133.5372398444792	0.0	0	63.56181293952977	2333.5372398443287	1	0	1	1.114145766121145
220200.0	1000.0	2133.537239844475	0.0	0	516.2251670254336	2333.5372398442996	1	0	1	1.1141457661211478
221200.0	1000.0	2133.5372398444742	0.0	0	240.99496933538467	2333.5372398442705	1	0	1	1.1141457661211496
222200.0	1000.0	2133.537239844459	0.0	0	112.8599332641752	2333.5372398442705	1	0	1	1.1141457661211507
223200.0	1000.0	2133.537239844433	0.0	0	443.3067396758415	2333.5372398442705	1	0	1	1.1141457661211507
224200.0	1000.0	2133.5372398444506	0.0	0	211.39732171356445	2333.5372398442705	1	0	1	1.1141457661211507
225250.3892636312	1000.0	2083.1479762132485	0.0	0	0.0	2333.5372398442705	1	0	1	1.1141457661211507
226200.0	1000.0	2133.5372398444274	0.0	0	29.120427204412408	2333.5372398442705	1	0	1	1.1141457661211507
227713.45078116088	1000.0	1620.0864586835419	0.0	0	0.0	2333.5372398442414	1	0	1	1.1141457661211533
229078.82531832156	1000.0	1254.7119215228593	0.0	0	0.0	2333.5372398442705	1	0	1	1.1141457661211507
229858.91136367258	1000.0	1474.6258761718245	0.0	0	0.0	2333.5372398442705	1	0	1	1.1141457661211507
230712.66814623526	1000.0	1620.8690936091675	0.0	0	0.0	2333.5372398442414	1	0	1	1.1141457661211533
231625.37957006853	1000.0	1708.1576697759072	0.0	0	0.0	2333.5372398442414	1	0	1	1.1141457661211533
232200.0	500.0	2133.537239844451	0.0	0	140.52802561051794	2333.5372398442123	1	0	1	-0.27214859499873456
233200.0	500.0	2133.5372398444533	0.0	0	319.4469256657176	2333.5372398442123	1	0	1	0.42099858556121084
234200.0	500.0	2133.5372398444656	0.0	0	265.1021363266336	2333.5372398442123	1	0	1	0.42099858556121084
235200.0	500.0	2133.5372398444706	0.0	0	558.8906501699239	2333.5372398442123	1	0	1	0.42099858556121084
236200.0	500.0	2133.537239844474	0.0	0	600.9840789120062	2333.5372398442414	1	0	1	0.42099858556120795
237200.0	500.0	2133.5372398444706	0.0	0	408.6483366707398	2333.5372398442414	1	0	1	0.42099858556120795
238200.0	500.0	2133.537239844474	0.0	0	294.8519747713872	2333.5372398442414	1	0	1	0.42099858556120795
239200.0	500.0	2133.537239844472	0.0	0	321.6284920297039	2333.5372398442414	1	0	1	0.42099858556120795
240200.0	500.0	2133.537239844458	0.0	0	495.84057462611236	2333.5372398442123	1	0	1	0.42099858556121084
241200.0	500.0	2133.5372398444592	0.0	0	502.194973729318	2333.5372398442123	1	0	1	0.42099858556121084
242200.0	500.0	2133.537239844446	0.0	0	538.7141114972765	2333.5372398442123	1	0	1	0.42099858556121084
243200.0	500.0	2133.5372398444606	0.0	0	261.42759106712765	2333.5372398442123	1	0	1	0.42099858556121084
244200.0	500.0	2133.537239844418	0.0	0	346.14305343673914	2333.5372398442123	1	0	1	0.42099858556121084
245200.0	500.0	2133.5372398444197	0.0	0	258.096155628009	2333.5372398442123	1	0	1	0.42099858556121084
246200.0	500.0	2133.5372398443765	0.0	0	463.7543922782643	2333.537239844183	1	0	1	0.4209985855612136
247200.0	500.0	2133.5372398443355	0.0	0	534.3256492928194	2333.537239844183	1	0	1	0.4209985855612136
248200.0	500.0	2133.537239844325	0.0	0	616.364971360279	2333.537239844183	1	0	1	0.4209985855612136
249200.0	1000.0	2133.537239844298	0.0	0	66.30452886418789	2333.5372398442123	1	0	1	0.42099858556121195
250381.8835582234	1000.0	1951.6536816209143	0.0	0	0.0	2333.5372398442414	1	0	1	1.1141457661211533
251660.63448048907	1000.0	1672.9027593552255	0.0	0	0.0	2333.5372398442414	1	0	1	1.1141457661211533
252966.00337439994	1000.0	1367.5338654443508	0.0	0	0.0	2333.5372398442414	1	0	1	1.1141457661211533
253876.66499708008	1000.0	1456.8722427642026	0.0	0	0.0	2333.5372398442414	1	0	1	1.1141457661211533
254778.41707118566	1000.0	1555.1201686586426	0.0	0	0.0	2333.5372398442705	1	0	1	1.1141457661211507
255399.57331204982	1000.0	1933.963927794489	0.0	0	0.0	2333.5372398442705	1	0	1	1.1141457661211507
256200.0	1000.0	2133.5372398443014	0.0	0	349.9945014936966	2333.5372398442414	1	0	1	1.1141457661211525
257200.0	1000.0	2133.537239844331	0.0	0	272.31344765928225	2333.5372398442414	1	0	1	1.1141457661211533
258200.0	1000.0	2133.5372398443296	0.0	0	187.36449114629067	2333.5372398442414	1	0	1	1.1141457661211533
259200.0	1000.0	2133.537239844303	0.0	0	141.76325434452156	2333.5372398442414	1	0	1	1.1141457661211533
260200.0	1000.0	2133.5372398443096	0.0	0	348.2332551233121	2333.5372398442123	1	0	1	1.1141457661211562
261200.0	1000.0	2133.5372398442732	0.0	0	40.638456102780765	2333.5372398442123	1	0	1	1.1141457661211562
262200.0	1000.0	2133.537239844303	0.0	0	19.669533990498167	2333.537239844183	1	0	1	1.1141457661211591
263200.0	1000.0	2133.537239844331	0.0	0	279.7751223925734	2333.5372398442123	1	0	1	1.114145766121157
264200.0	1000.0	2133.5372398443246	0.0	0	553.7032347825007	2333.5372398442123	1	0	1	1.1141457661211547
265200.0	1000.0	2133.5372398443487	0.0	0	530.6348213595338	2333.5372398442123	1	0	1	1.1141457661211562
266200.0	1000.0	2133.5372398443496	0.0	0	173.28887840086827	2333.5372398442123	1	0	1	1.1141457661211562
267200.0	1000.0	2133.5372398444297	0.0	0	387.79297417227644	2333.5372398442705	1	0	1	1.1141457661211507
268200.0	1000.0	2133.537239844468	0.0	0	103.94086051656632	2333.5372398442705	1	0	1	1.1141457661211507
269369.511685467	1000.0	1964.0255543775431	0.0	0	0.0	2333.5372398442123	1	0	1	1.1141457661211562
270200.0	1000.0	2133.537239844567	0.0	0	195.0408695351216	2333.5372398442123	1	0	1	1.1141457661211562
271200.0	1000.0	2133.537239844611	0.0	0	499.1776322161895	2333.5372398442123	1	0	1	1.1141457661211562
272335.42706806393	1000.0	1998.1101717806853	0.0	0	0.0	2333.5372398442123	1	0	1	1.1141457661211562
273219.777435695	1000.0	2113.759804149606	0.0	0	0.0	2333.5372398442123	1	0	1	1.1141457661211562
274200.0	1000.0	2133.537239844561	0.0	0	172.72638565511443	2333.537239844154	1	0	1	1.114145766121162
275310.0212840659	1000.0	2023.5159557786567	0.0	0	0.0	2333.537239844154	1	0	1	1.114145766121162
276584.0866284694	1000.0	1749.450611375269	0.0	0	0.0	2333.537239844154	1	0	1	1.114145766121162
277896.5955225362	1000.0	1436.9417173084441	0.0	0	0.0	2333.537239844154	1	0	1	1.114145766121162
278537.1144616873	1000.0	1796.4227781573513	0.0	0	0.0	2333.537239844154	1	0	1	1.114145766121162
279450.7846924538	1000.0	1882.7525473908404	0.0	0	0.0	2333.5372398442123	1	0	1	1.1141457661211562
280200.0	1000.0	2133.537239844635	0.0	0	80.84841885883361	2333.537239844154	1	0	1	1.114145766121162
281200.0	1000.0	2133.537239844615	0.0	0	429.4259030102985	2333.537239844154	1	0	1	1.114145766121162
282414.60340939224	1000.0	1918.933830452407	0.0	0	0.0	2333.5372398442123	1	0	1	1.1141457661211573
283572.7804686485	1000.0	1760.7567711961713	0.0	0	0.0	2333.5372398442123	1	0	1	1.1141457661211562
284879.48594399204	1000.0	1454.0512958526888	0.0	0	0.0	2333.5372398442123	1	0	1	1.1141457661211562
285351.8158579979	500.0	1981.7213818468058	0.0	0	0.0	2333.5372398442123	1	0	1	-0.27214859499873456
286200.0	500.0	2133.5372398447685	0.0	0	293.28536872175755	2333.5372398442123	1	0	1	0.42099858556121084
287200.0	500.0	2133.5372398447535	0.0	0	240.76646881131455	2333.537239844154	1	0	1	0.42099858556121644
288200.0	500.0	2133.5372398446953	0.0	0	216.8615952039254	2333.537239844154	1	0	1	0.42099858556121644
289200.0	500.0	2133.5372398446757	0.0	0	609.412428913347	2333.537239844096	1	0	1	0.42099858556122216
290200.0	500.0	2133.537239844715	0.0	0	633.9245408541756	2333.537239844096	1	0	1	0.42099858556122216
291200.0	500.0	2133.5372398447016	0.0	0	576.1614397687372	2333.5372398440377	1	0	1	0.42099858556122777
292200.0	500.0	2133.537239844646	0.0	0	457.11949421232566	2333.5372398440377	1	0	1	0.42099858556122777
293200.0	500.0	2133.53723984471	0.0	0	450.80477733549196	2333.5372398440377	1	0	1	0.42099858556122777
294200.0	500.0	2133.5372398446953	0.0	0	351.69706964609213	2333.5372398440377	1	0	1	0.42099858556122777
295200.0	1000.0	2133.537239844644	0.0	0	364.9954803456785	2333.5372398440377	1	0	1	0.4209985855612279
296200.0	1000.0	2133.537239844662	0.0	0	540.8104895940633	2333.5372398439795	1	0	1	1.1141457661211789
297200.0	1000.0	2133.5372398446616	0.0	0	217.20390567946015	2333.5372398439795	1	0	1	1.1141457661211789
298236.5037554871	1000.0	2097.0334843575934	0.0	0	0.0	2333.5372398440377	1	0	1	1.1141457661211744
299200.0	1000.0	2133.537239844678	0.0	0	24.013963126169983	2333.5372398440377	1	0	1	1.1141457661211733
300367.94281458587	1000.0	1965.5944252587483	0.0	0	0.0	2333.5372398439795	1	0	1	1.1141457661211778
1.75	1.88	1.36	0.88	0.76	1.1	0.76	0.74	0.72	1.04	1.17	1.37	1.14	1.4	0.94	0.74	0.47	0.63	0.79	1.04	0.95	0.97	1.33	0.92	0.82	0.9	1.1	1.14	0.85	1.42	1.01	1.0	1.17	1.56	1.02	1.25	1.09	0.79	0.59	0.96	1.48	0.95	1.08	1.18	0.94	1.61	1.48	1.07	1.16	1.29	1.18	1.54	1.08	0.64	0.98	1.29	0.92	1.31	1.99	1.0	1.4	1.18	1.63	1.37	1.12	1.12	1.81	1.1	1.19	1.67	1.24	0.98	1.29	0.93	0.57	0.71	0.98	1.05	1.02	0.89	0.79	0.9	1.23	0.96	0.71	0.96	0.98	0.98	1.07	0.71	1.1	0.8	1.22	1.27	1.73	1.52	1.16	0.8	1.09	1.0	1.0	1.47	1.75	1.99	1.19	1.32	1.64	1.48	1.0	1.63	1.83	1.7	1.76	1.44	1.11	0.76	1.45	1.77	1.04	1.2	1.4	0.94	0.9	1.04	0.94	1.6	1.03	1.58	1.45	0.83	0.64	0.53	0.96	0.89	0.68	1.39	1.85	1.19	1.0	1.02	0.96	1.58	2.06	1.76	1.32	0.96	1.27	0.82	0.67	2.05	1.75	1.88	1.36	0.88	0.76	1.1	0.76	0.74	0.72	1.04	1.17	1.37	1.14	1.4	0.94	0.74	0.47	0.63	0.79	1.04	0.95	0.97	1.33	0.92	0.82	0.9	1.1	1.14	0.85	1.42	1.01	1.0	1.17	1.56	1.02	1.25	1.09	0.79	0.59	0.96	1.48	0.95	1.08	1.18	0.94	1.61	1.48	1.07	1.16	1.29	1.18	1.54	1.08	0.64	0.98	1.29	0.92	1.31	1.99	1.0	1.4	1.18	1.63	1.37	1.12	1.12	1.81	1.1	1.19	1.67	1.24	0.98	1.29	0.93	0.57	0.71	0.98	1.05	1.02	0.89	0.79	0.9	1.23	0.96	0.71	0.96	0.98	0.98	1.07	0.71	1.1	0.8	1.22	1.27	1.73	1.52	1.16	0.8	1.09	1.0	1.0	1.47	1.75	1.99	1.19	1.32	1.64	1.48	1.0	1.63	1.83	1.7	1.76	1.44	1.11	0.76	1.45	1.77	1.04	1.2	1.4	0.94	0.9	1.04	0.94	1.6	1.03	1.58	1.45	0.83	0.64	0.53	0.96	0.89	0.68	1.39	1.85	1.19	1.0	1.02	0.96	1.58	2.06	1.76	1.32	0.96	1.27	0.82	0.67	2.05	1.75
1.0	2.0	3.0	4.0	5.0	6.0	7.0	8.0	9.0	10.0	11.0	12.0	13.0	14.0	15.0	16.0	17.0	18.0	19.0	20.0	21.0	22.0	23.0	24.0	25.0	26.0	27.0	28.0	29.0	30.0	31.0	32.0	33.0	34.0	35.0	36.0	37.0	38.0	39.0	40.0	41.0	42.0	43.0	44.0	45.0	46.0	47.0	48.0	49.0	50.0	51.0	52.0	53.0	54.0	55.0	56.0	57.0	58.0	59.0	60.0	61.0	62.0	63.0	64.0	65.0	66.0	67.0	68.0	69.0	70.0	71.0	72.0	73.0	74.0	75.0	76.0	77.0	78.0	79.0	80.0	81.0	82.0	83.0	84.0	85.0	86.0	87.0	88.0	89.0	90.0	91.0	92.0	93.0	94.0	95.0	96.0	97.0	98.0	99.0	100.0	101.0	102.0	103.0	104.0	105.0	106.0	107.0	108.0	109.0	110.0	111.0	112.0	113.0	114.0	115.0	116.0	117.0	118.0	119.0	120.0	121.0	122.0	123.0	124.0	125.0	126.0	127.0	128.0	129.0	130.0	131.0	132.0	133.0	134.0	135.0	136.0	137.0	138.0	139.0	140.0	141.0	142.0	143.0	144.0	145.0	146.0	147.0	148.0	149.0	149.0	150.0	151.0	152.0	153.0	154.0	155.0	156.0	157.0	158.0	159.0	160.0	161.0	162.0	163.0	164.0	165.0	166.0	167.0	168.0	169.0	170.0	171.0	172.0	173.0	174.0	175.0	176.0	177.0	178.0	179.0	180.0	181.0	182.0	183.0	184.0	185.0	186.0	187.0	188.0	189.0	190.0	191.0	192.0	193.0	194.0	195.0	196.0	197.0	198.0	199.0	200.0	201.0	202.0	203.0	204.0	205.0	206.0	207.0	208.0	209.0	210.0	211.0	212.0	213.0	214.0	215.0	216.0	217.0	218.0	219.0	220.0	221.0	222.0	223.0	224.0	225.0	226.0	227.0	228.0	229.0	230.0	231.0	232.0	233.0	234.0	235.0	236.0	237.0	238.0	239.0	240.0	241.0	242.0	243.0	244.0	245.0	246.0	247.0	248.0	249.0	250.0	251.0	252.0	253.0	254.0	255.0	256.0	257.0	258.0	259.0	260.0	261.0	262.0	263.0	264.0	265.0	266.0	267.0	268.0	269.0	270.0	271.0	272.0	273.0	274.0	275.0	276.0	277.0	278.0	279.0	280.0	281.0	282.0	283.0	284.0	285.0	286.0	287.0	288.0	289.0	290.0	291.0	292.0	293.0	294.0	295.0	296.0	297.0	298.0	298.0	299.0
3734.007599093173
