5828.926628254266	300.0	2000.0	103.3208253388252	0	0.0	5828.926628254266	1	0	1	-2.421741241147238
6174.277846720323	1000.0	2620.113659687336	0.0	0	0.0	5794.39150640766	1	0	2	-2.1931970667976337
6334.933890149788	500.0	3443.392011914926	0.0	0	0.0	5778.325902064714	1	0	2	-2.15515843602911
6478.0939013030165	500.0	4285.915999646375	0.0	0	0.0	5764.0099009493915	1	0	2	-1.447345918512917
6610.382557638372	500.0	5140.398477677484	0.0	0	0.0	5750.781035315856	1	0	2	-1.4340854092210629
7200.0	500.0	5491.819291079694	0.0	0	271.2867167460445	5691.819291079693	1	0	2	-1.3998418051796808
8200.0	500.0	5391.819291079693	0.0	0	763.8815493574402	5591.819291079693	1	0	2	-1.3152770687988815
9200.0	1000.0	5291.8192910796915	0.0	0	553.0362725421819	5491.819291079692	1	0	2	-1.2190334205280886
10200.0	1000.0	5191.819291079692	0.0	0	571.7396609102198	5391.819291079692	1	0	2	-0.43211244461938236
11200.0	2000.0	5091.8192910796915	0.0	0	206.01319688259719	5291.8192910796915	1	0	2	-0.33593099186982367
12200.0	2000.0	4991.8192910796915	0.0	0	147.04326772918284	5191.8192910796915	1	0	2	0.44703050272622774
13200.0	2000.0	4891.819291079691	0.0	0	207.1696588742907	5091.819291079691	1	0	2	0.5282441301099974
14200.0	2000.0	4791.819291079692	0.0	0	202.18119412758824	4991.819291079688	1	0	2	0.6083299298769715
15263.563149163328	2000.0	4621.899827000031	0.0	0	0.0	4885.462976163355	1	0	2	0.699383645875274
16200.0	2000.0	4591.819291079694	0.0	0	121.38353587929305	4791.819291079688	1	0	2	0.765771109079437
17584.167484514866	2000.0	4069.2350581133414	0.0	0	0.0	4653.402542628202	1	0	2	0.8555001477277712
18496.37543807096	2000.0	4065.806309201636	0.0	0	0.0	4562.1817472725925	1	0	2	0.9237408328945003
19656.21032411816	2000.0	3789.9879345497184	0.0	0	0.0	4446.198258667873	1	0	2	0.9922917864610415
20277.20664490251	2000.0	4106.891981686935	0.0	0	0.0	4384.098626589439	1	0	2	1.0345935297848325
21200.0	2000.0	4091.819291079696	0.0	0	163.76976510347959	4291.819291079693	1	0	2	1.0768890967625993
22857.04712976364	2000.0	3269.0674483396924	0.0	0	0.0	4126.11457810333	1	0	2	1.150733387744464
24808.61918262597	2000.0	2122.3381901911234	0.0	0	0.0	3930.957372817091	1	0	2	1.2368073935296757
25284.882260991017	1000.0	2598.4488039895746	0.0	0	0.0	3883.3310649805862	1	0	2	-0.11341416168320081
25787.65678647191	1000.0	3045.396825960592	0.0	0	0.0	3833.053612432497	1	0	2	0.5987571753204819
26335.442864896653	1000.0	3442.8321396933775	0.0	0	0.0	3778.275004590021	1	0	2	0.617754634339316
27200.0	1000.0	3491.8192910796993	0.0	0	426.6255517541176	3691.819291079686	1	0	2	0.6399618029648755
28200.0	1000.0	3391.8192910796997	0.0	0	580.5652459123303	3591.8192910796897	1	0	2	0.6712335526635738
29200.0	1000.0	3291.8192910796993	0.0	0	496.7222742126469	3491.8192910796934	1	0	2	0.7014733472787568
30200.0	1000.0	3191.8192910796975	0.0	0	329.4606473254353	3391.8192910796934	1	0	2	0.7304870650170369
31200.0	1000.0	3091.8192910797	0.0	0	561.3571224472616	3291.8192910797006	1	0	2	0.7544912382348865
32200.0	1000.0	2991.8192910797006	0.0	0	648.1745858265858	3191.8192910797006	1	0	2	0.7775126858263804
33200.0	1000.0	2891.819291079702	0.0	0	637.1346133113948	3091.8192910797006	1	0	2	0.7987942400381969
34254.129025307724	2000.0	2732.2773632412004	0.0	0	0.0	2986.4063885489268	1	0	2	0.8217803755250419
35200.0	2000.0	2691.819291079699	0.0	0	161.77959662110516	2891.8192910797043	1	0	2	1.530923301764197
36228.48360255456	2000.0	2560.487328269686	0.0	0	0.0	2788.9709308242527	1	0	2	1.5477988920778527
37244.687276977565	2000.0	2442.663286404376	0.0	0	0.0	2687.3505633819586	1	0	2	1.5631958754361506
38206.734478898485	2000.0	2384.411364291364	0.0	0	0.0	2591.1458431898573	1	0	2	1.5754592380711647
39200.0	2000.0	2291.8192910796943	0.0	0	218.96276411739382	2491.8192910797006	1	0	2	1.5865739583052734
40200.0	2000.0	2191.8192910797015	0.0	0	26.673746437765658	2391.8192910797225	1	0	2	1.5986254711471146
41200.0	2000.0	2091.8192910796993	0.0	0	34.60330614891427	2291.8192910797225	1	0	2	1.6083728088176095
42253.157073502436	2000.0	1933.3465102270195	0.0	0	0.0	2186.5035837294927	1	0	2	1.6184251042489106
43200.0	2000.0	1891.8192910796874	0.0	0	167.5214164913341	2091.819291079715	1	0	2	1.6259582407442497
44200.0	2000.0	1791.8192910796952	0.0	0	383.4435235459896	1991.8192910797152	1	0	2	1.6328338390731103
45355.9871656279	2000.0	1520.233408889013	0.0	0	0.0	1876.2205745169413	1	0	2	1.641361994649257
46454.930319924504	2000.0	1311.3959391627427	0.0	0	0.0	1766.3262590872764	1	0	2	1.6482407626793658
47980.31957879579	2000.0	633.4677544043302	0.0	0	0.0	1613.78733320014	1	0	2	1.655435958597839
49696.934805504796	2000.0	218.98054736251908	302.12801966718814	0	0.0	1915.9153528673123	1	0	1	-0.17195180134539412
50810.57943622855	2000.0	415.6986208297095	310.3627041909451	0	0.0	2226.2780570582618	1	0	1	-0.04496898554275364
51580.82734586575	2000.0	645.450711192507	0.0	0	0.0	2226.2780570582545	1	0	1	1.817207239602918
52532.13647967188	2000.0	694.141577386386	0.0	0	0.0	2226.2780570582618	1	0	1	1.8172072396029173
53185.00532175016	2000.0	1041.272735308105	0.0	0	0.0	2226.2780570582618	1	0	1	1.8172072396029173
53930.859932315165	2000.0	1295.4181247431043	0.0	0	0.0	2226.2780570582618	1	0	1	1.8172072396029173
54650.28579920097	1000.0	1575.9922578573057	0.0	0	0.0	2226.2780570582618	1	0	1	0.43091287848302706
55337.161401214136	1000.0	1889.1166558441466	0.0	0	0.0	2226.278057058269	1	0	1	1.1240600590429715
56200.0	1000.0	2026.2780570582763	0.0	0	312.09256094149896	2226.278057058269	1	0	1	1.1240600590429715
57200.0	1000.0	2026.2780570582718	0.0	0	117.61861332947592	2226.278057058269	1	0	1	1.1240600590429715
58200.0	1000.0	2026.2780570582736	0.0	0	384.49117917478725	2226.278057058269	1	0	1	1.1240600590429715
59200.0	1000.0	2026.2780570582754	0.0	0	293.7214335596145	2226.278057058269	1	0	1	1.1240600590429715
60200.0	1000.0	2026.2780570582768	0.0	0	61.21069418860861	2226.278057058269	1	0	1	1.1240600590429715
61200.0	1000.0	2026.2780570582804	0.0	0	268.9666603523874	2226.278057058269	1	0	1	1.1240600590429715
62200.0	1000.0	2026.2780570582795	0.0	0	563.2562882317943	2226.2780570582763	1	0	1	1.124060059042971
63200.0	1000.0	2026.27805705828	0.0	0	726.8599743076484	2226.2780570582763	1	0	1	1.124060059042971
64200.0	1000.0	2026.2780570582763	0.0	0	710.8593888167015	2226.2780570582763	1	0	1	1.124060059042971
65200.0	1000.0	2026.2780570582763	0.0	0	359.0958076877505	2226.2780570582763	1	0	1	1.124060059042971
66200.0	1000.0	2026.2780570582604	0.0	0	302.54416779968597	2226.2780570582545	1	0	1	1.1240600590429717
67200.0	1000.0	2026.2780570582563	0.0	0	564.5194767170324	2226.278057058247	1	0	1	1.1240600590429728
68200.0	2000.0	2026.2780570582718	0.0	0	489.5956562537758	2226.2780570582545	1	0	1	1.124060059042973
69200.0	2000.0	2026.2780570582536	0.0	0	467.1545843732456	2226.27805705824	1	0	1	1.8172072396029193
70200.0	2000.0	2026.2780570582454	0.0	0	78.10702726511227	2226.2780570582254	1	0	1	1.8172072396029204
71200.0	2000.0	2026.2780570582454	0.0	0	81.18470815263572	2226.2780570582254	1	0	1	1.8172072396029204
72200.0	2000.0	2026.2780570582613	0.0	0	266.77495412885037	2226.2780570582254	1	0	1	1.8172072396029204
73249.14004973148	2000.0	1977.1380073267717	0.0	0	0.0	2226.278057058211	1	0	1	1.8172072396029217
74200.0	2000.0	2026.278057058245	0.0	0	206.06823048788647	2226.2780570581963	1	0	1	1.817207239602923
75274.71191233088	2000.0	1951.5661447273503	0.0	0	0.0	2226.2780570581963	1	0	1	1.817207239602923
76200.0	2000.0	2026.2780570582327	0.0	0	126.55052870835061	2226.278057058211	1	0	1	1.8172072396029217
77200.0	2000.0	2026.2780570582563	0.0	0	216.69541393853433	2226.2780570582254	1	0	1	1.8172072396029204
79153.35152044691	2000.0	1072.9265366113555	0.0	0	0.0	2226.2780570582254	1	0	1	1.8172072396029204
81002.27529719374	2000.0	224.00275986453752	0.0	0	0.0	2226.27805705824	1	0	1	1.8172072396029193
81705.43054516196	1000.0	656.4476128459971	135.60010094966844	0	0.0	2361.8781580079085	1	0	1	-0.39539507246296185
82540.98034731604	1000.0	820.8978106919093	0.0	0	0.0	2361.8781580079085	1	0	1	1.111352713794994
83166.101739223	1000.0	1195.7764187849468	0.0	0	0.0	2361.8781580079085	1	0	1	1.111352713794994
83790.98022519572	1000.0	1570.897932812221	0.0	0	0.0	2361.8781580079085	1	0	1	1.111352713794994
84200.0	1000.0	2161.8781580079194	0.0	0	5.968640421124292	2361.8781580079085	1	0	1	1.111352713794994
85200.0	1000.0	2161.878158007925	0.0	0	476.0977864784945	2361.8781580079085	1	0	1	1.111352713794994
86200.0	1000.0	2161.8781580079108	0.0	0	705.7034744076373	2361.878158007923	1	0	1	1.1113527137949926
87200.0	1000.0	2161.8781580079158	0.0	0	558.6901969612954	2361.878158007923	1	0	1	1.1113527137949926
88200.0	1000.0	2161.878158007915	0.0	0	10.009223803586792	2361.878158007923	1	0	1	1.1113527137949926
89200.0	1000.0	2161.878158007924	0.0	0	134.15320918953512	2361.878158007923	1	0	1	1.1113527137949926
90200.0	1000.0	2161.878158007918	0.0	0	98.456725121403	2361.878158007923	1	0	1	1.1113527137949926
91200.0	1000.0	2161.878158007912	0.0	0	256.62829863786465	2361.8781580079085	1	0	1	1.111352713794994
92200.0	1000.0	2161.8781580079076	0.0	0	547.4443207455188	2361.8781580079085	1	0	1	1.111352713794994
93200.0	1000.0	2161.878158007919	0.0	0	627.1981417195202	2361.878158007894	1	0	1	1.1113527137949955
94200.0	1000.0	2161.878158007906	0.0	0	420.23552969121374	2361.878158007894	1	0	1	1.1113527137949955
95200.0	1000.0	2161.8781580079158	0.0	0	469.26365342178906	2361.8781580078794	1	0	1	1.1113527137949968
96200.0	1000.0	2161.8781580079058	0.0	0	434.6671105531859	2361.8781580078794	1	0	1	1.1113527137949968
97200.0	1000.0	2161.8781580079	0.0	0	448.98401445640775	2361.8781580078794	1	0	1	1.1113527137949968
98200.0	1000.0	2161.8781580078976	0.0	0	573.4886763513641	2361.8781580078794	1	0	1	1.1113527137949968
99200.0	1000.0	2161.8781580078994	0.0	0	356.69964828455704	2361.8781580078794	1	0	1	1.1113527137949968
100200.0	1000.0	2161.8781580078953	0.0	0	141.10043917156872	2361.878158007865	1	0	1	1.1113527137949983
101200.0	1000.0	2161.878158007899	0.0	0	141.406219936267	2361.878158007865	1	0	1	1.1113527137949983
102200.0	1000.0	2161.8781580079017	0.0	0	508.19492933055153	2361.878158007865	1	0	1	1.1113527137949983
103200.0	1000.0	2161.8781580078944	0.0	0	309.6836167838337	2361.878158007865	1	0	1	1.1113527137949983
104200.0	1000.0	2161.8781580078994	0.0	0	241.26052670359786	2361.878158007865	1	0	1	1.1113527137949983
105200.0	1000.0	2161.8781580079035	0.0	0	183.0651840340579	2361.8781580078503	1	0	1	1.1113527137949997
106200.0	1000.0	2161.878158007901	0.0	0	396.57545359048527	2361.8781580078503	1	0	1	1.1113527137949997
107200.0	1000.0	2161.8781580078908	0.0	0	509.41794851529994	2361.8781580078503	1	0	1	1.1113527137949997
108200.0	1000.0	2161.8781580078885	0.0	0	612.2971654193243	2361.8781580078503	1	0	1	1.1113527137949997
109200.0	1000.0	2161.8781580078826	0.0	0	656.4078901315661	2361.8781580078503	1	0	1	1.1113527137949997
110200.0	1000.0	2161.8781580078858	0.0	0	548.8734060637362	2361.8781580078503	1	0	1	1.1113527137949997
111840.37689352992	2000.0	1521.5012644779495	0.0	0	0.0	2361.8781580078503	1	0	1	1.1113527137949997
113070.14163098582	2000.0	1291.7365270220328	0.0	0	0.0	2361.8781580078503	1	0	1	1.8044998943549448
113795.25894620798	1000.0	1566.6192117998805	0.0	0	0.0	2361.878158007865	1	0	1	0.4182055332350531
114474.55435913654	1000.0	1887.3237988713418	0.0	0	0.0	2361.878158007865	1	0	1	1.1113527137949983
115572.13713559491	2000.0	1789.741022412979	0.0	0	0.0	2361.8781580078794	1	0	1	1.1113527137949968
116534.350125408	2000.0	1827.5280325998892	0.0	0	0.0	2361.8781580078794	1	0	1	1.804499894354942
117220.69371415097	2000.0	2141.1844438569333	0.0	0	0.0	2361.8781580078794	1	0	1	1.804499894354942
118200.0	2000.0	2161.878158007904	0.0	0	264.67169143637875	2361.8781580078794	1	0	1	1.804499894354942
119200.0	2000.0	2161.8781580078994	0.0	0	156.152207210107	2361.878158007865	1	0	1	1.8044998943549433
120200.0	1000.0	2161.8781580079135	0.0	0	554.9312080650125	2361.878158007865	1	0	1	0.4182055332350531
121200.0	1000.0	2161.87815800791	0.0	0	404.29703670904564	2361.878158007865	1	0	1	1.1113527137949983
122200.0	2000.0	2161.878158007914	0.0	0	300.4650834817876	2361.878158007865	1	0	1	1.1113527137949983
123200.0	2000.0	2161.8781580079194	0.0	0	35.898467941529816	2361.878158007865	1	0	1	1.8044998943549433
124340.19736807291	2000.0	2021.6807899350179	0.0	0	0.0	2361.878158007865	1	0	1	1.8044998943549433
125708.31095442841	2000.0	1653.5672035795344	0.0	0	0.0	2361.8781580078503	1	0	1	1.8044998943549448
126362.31622567752	1000.0	1999.561932330425	0.0	0	0.0	2361.8781580078503	1	0	1	0.4182055332350545
127200.0	1000.0	2161.878158007951	0.0	0	201.7663186187565	2361.8781580078503	1	0	1	1.1113527137949997
128200.0	1000.0	2161.878158007952	0.0	0	428.77796925688745	2361.8781580078503	1	0	1	1.1113527137949997
129200.0	1000.0	2161.8781580079276	0.0	0	60.83756615425227	2361.8781580078503	1	0	1	1.1113527137949997
130200.0	1000.0	2161.8781580079194	0.0	0	190.36854943541402	2361.8781580078503	1	0	1	1.1113527137949997
131200.0	1000.0	2161.8781580079094	0.0	0	444.53448117832886	2361.8781580078503	1	0	1	1.1113527137949997
132200.0	1000.0	2161.8781580078926	0.0	0	470.9913087125751	2361.878158007821	1	0	1	1.1113527137950014
133200.0	1000.0	2161.8781580078726	0.0	0	423.32642633875366	2361.8781580078066	1	0	1	1.1113527137950028
134200.0	1000.0	2161.8781580078526	0.0	0	527.9215380212408	2361.8781580078066	1	0	1	1.111352713795004
135200.0	1000.0	2161.8781580078444	0.0	0	315.8388615488366	2361.8781580078066	1	0	1	1.111352713795004
136200.0	1000.0	2161.8781580078307	0.0	0	406.0067356317013	2361.8781580077775	1	0	1	1.111352713795007
137200.0	1000.0	2161.8781580078166	0.0	0	332.01604236257845	2361.8781580077775	1	0	1	1.111352713795007
138200.0	1000.0	2161.8781580078185	0.0	0	449.66673495125724	2361.8781580077775	1	0	1	1.111352713795007
139200.0	1000.0	2161.8781580078294	0.0	0	503.493956817867	2361.8781580078066	1	0	1	1.111352713795004
140200.0	1000.0	2161.878158007836	0.0	0	310.6961319456459	2361.8781580078066	1	0	1	1.111352713795004
141200.0	1000.0	2161.8781580078175	0.0	0	349.86161274273763	2361.8781580078066	1	0	1	1.111352713795004
142296.5861152187	1000.0	2065.292042789102	0.0	0	0.0	2361.8781580078066	1	0	1	1.111352713795004
143200.0	1000.0	2161.8781580077803	0.0	0	269.7586352172075	2361.8781580078066	1	0	1	1.111352713795004
144200.0	1000.0	2161.878158007785	0.0	0	143.8442128209863	2361.8781580078066	1	0	1	1.111352713795004
145200.0	1000.0	2161.878158007752	0.0	0	345.664831803937	2361.8781580078066	1	0	1	1.111352713795004
146200.0	1000.0	2161.878158007758	0.0	0	565.687202313944	2361.8781580078066	1	0	1	1.111352713795004
147200.0	1000.0	2161.878158007753	0.0	0	669.7649768195115	2361.8781580078357	1	0	1	1.1113527137950012
148200.0	1000.0	2161.8781580077166	0.0	0	674.021433796559	2361.8781580078357	1	0	1	1.1113527137950012
149200.0	1000.0	2161.8781580077043	0.0	0	662.1646853182465	2361.8781580078357	1	0	1	1.1113527137950012
150200.0	1000.0	2161.87815800766	0.0	0	569.5696300085692	2361.8781580078066	1	0	1	1.111352713795004
151200.0	1000.0	2161.8781580076734	0.0	0	442.16315758868586	2361.8781580078357	1	0	1	1.1113527137950012
152200.0	1000.0	2161.8781580076957	0.0	0	674.2624158510298	2361.878158007865	1	0	1	1.1113527137949983
153914.2054068103	2000.0	1447.6727511974004	0.0	0	0.0	2361.878158007865	1	0	1	1.1113527137949983
154937.97723131083	2000.0	1423.9009266968628	0.0	0	0.0	2361.878158007865	1	0	1	1.8044998943549433
155417.1692615527	2000.0	1944.708896454963	0.0	0	0.0	2361.878158007865	1	0	1	1.8044998943549433
156487.73846156642	2000.0	1874.1396964412918	0.0	0	0.0	2361.878158007865	1	0	1	1.8044998943549433
157399.61402585337	2000.0	1962.2641321543917	0.0	0	0.0	2361.8781580078357	1	0	1	1.8044998943549462
158276.52665223947	2000.0	2085.3515057682966	0.0	0	0.0	2361.8781580078357	1	0	1	1.8044998943549462
159325.0845800873	2000.0	2036.7935779204654	0.0	0	0.0	2361.878158007865	1	0	1	1.8044998943549433
160200.0	2000.0	2161.8781580077516	0.0	0	31.65753444802249	2361.8781580078357	1	0	1	1.8044998943549462
161200.0	2000.0	2161.878158007717	0.0	0	444.0022359280847	2361.8781580078357	1	0	1	1.8044998943549462
162200.0	2000.0	2161.878158007761	0.0	0	372.3665136828495	2361.8781580078357	1	0	1	1.8044998943549462
163200.0	2000.0	2161.878158007779	0.0	0	33.11158026143676	2361.8781580078357	1	0	1	1.8044998943549462
164593.00064835977	2000.0	1768.8775096480313	0.0	0	0.0	2361.878158007865	1	0	1	1.8044998943549433
165806.17107792158	2000.0	1555.7070800862207	0.0	0	0.0	2361.8781580078357	1	0	1	1.804499894354944
166681.8201857448	2000.0	1680.057972263017	0.0	0	0.0	2361.8781580078357	1	0	1	1.8044998943549462
167444.3158192441	2000.0	1917.5623387637006	0.0	0	0.0	2361.8781580078357	1	0	1	1.8044998943549462
168200.0	2000.0	2161.8781580077775	0.0	0	49.35495303559583	2361.8781580078357	1	0	1	1.8044998943549462
169200.0	2000.0	2161.878158007792	0.0	0	277.6699616977712	2361.878158007865	1	0	1	1.8044998943549437
170200.0	2000.0	2161.878158007795	0.0	0	213.06130652394495	2361.878158007865	1	0	1	1.8044998943549433
171433.96952960544	2000.0	1927.908628402317	0.0	0	0.0	2361.878158007865	1	0	1	1.8044998943549433
173004.06210324704	2000.0	1357.816054760709	0.0	0	0.0	2361.878158007865	1	0	1	1.8044998943549433
173732.14513210286	1000.0	1629.733025904857	0.0	0	0.0	2361.878158007865	1	0	1	0.4182055332350531
174200.0	1000.0	2161.8781580077352	0.0	0	8.276810704148374	2361.878158007865	1	0	1	1.1113527137949983
175200.0	1000.0	2161.878158007719	0.0	0	367.59952293519746	2361.878158007865	1	0	1	1.1113527137949983
176200.0	1000.0	2161.8781580077316	0.0	0	500.62511472179904	2361.8781580078357	1	0	1	1.1113527137950001
177200.0	1000.0	2161.8781580077048	0.0	0	549.9622185411572	2361.8781580078066	1	0	1	1.111352713795004
178200.0	1000.0	2161.8781580077007	0.0	0	232.46373542639776	2361.8781580078066	1	0	1	1.111352713795004
179200.0	1000.0	2161.878158007713	0.0	0	247.8830164684623	2361.8781580078066	1	0	1	1.111352713795004
180200.0	1000.0	2161.878158007701	0.0	0	596.6052308230137	2361.8781580078066	1	0	1	1.111352713795004
181200.0	1000.0	2161.8781580077184	0.0	0	487.4058363918448	2361.8781580078066	1	0	1	1.111352713795004
182200.0	1000.0	2161.878158007704	0.0	0	434.61914323907695	2361.8781580077775	1	0	1	1.111352713795007
183200.0	1000.0	2161.878158007707	0.0	0	493.9052787524415	2361.8781580077775	1	0	1	1.111352713795007
184200.0	2000.0	2161.87815800767	0.0	0	76.95071237918455	2361.8781580077775	1	0	1	1.1113527137950068
185200.0	2000.0	2161.8781580076848	0.0	0	11.273149126645876	2361.8781580078066	1	0	1	1.8044998943549493
186215.73796420798	2000.0	2146.140193799724	0.0	0	0.0	2361.8781580078357	1	0	1	1.8044998943549462
187200.0	2000.0	2161.878158007701	0.0	0	31.195756499189883	2361.8781580078357	1	0	1	1.8044998943549462
188200.0	2000.0	2161.878158007691	0.0	0	4.309426519030239	2361.878158007865	1	0	1	1.8044998943549433
189200.0	2000.0	2161.8781580076866	0.0	0	248.40438239846844	2361.878158007894	1	0	1	1.804499894354941
190200.0	2000.0	2161.878158007682	0.0	0	186.44300662254682	2361.878158007894	1	0	1	1.8044998943549406
191200.0	2000.0	2161.8781580076707	0.0	0	242.47611969680293	2361.878158007894	1	0	1	1.80449989435494
192200.0	2000.0	2161.878158007671	0.0	0	193.3504032107594	2361.878158007923	1	0	1	1.8044998943549375
193200.0	2000.0	2161.878158007673	0.0	0	157.55358483857708	2361.878158007952	1	0	1	1.8044998943549349
194571.23450684446	2000.0	1790.643651163218	0.0	0	0.0	2361.878158007923	1	0	1	1.8044998943549375
196026.01712827134	2000.0	1335.8610297363393	0.0	0	0.0	2361.878158007952	1	0	1	1.8044998943549349
197770.13240125758	2000.0	591.7457567501278	0.0	0	0.0	2361.8781580079813	1	0	1	1.8044998943549342
198802.28003405695	2000.0	559.5981239507558	0.0	0	0.0	2361.878158007952	1	0	1	1.804499894354933
199548.26053825478	2000.0	813.6176197529198	0.0	0	0.0	2361.878158007952	1	0	1	1.8044998943549349
200154.01201549513	2000.0	1207.8661425125774	0.0	0	0.0	2361.878158007952	1	0	1	1.8044998943549349
200791.8148988794	2000.0	1570.0632591282792	0.0	0	0.0	2361.8781580079813	1	0	1	1.8044998943549317
201437.36797592897	2000.0	1924.5101820787145	0.0	0	0.0	2361.8781580079813	1	0	1	1.8044998943549317
202200.0	2000.0	2161.8781580077016	0.0	0	1.5413436996459495	2361.8781580079813	1	0	1	1.8044998943549317
203200.0	1000.0	2161.8781580077402	0.0	0	591.4439424921584	2361.8781580080104	1	0	1	0.41820553323503856
204200.0	1000.0	2161.8781580077407	0.0	0	553.7580237513175	2361.8781580080395	1	0	1	1.1113527137949808
205200.0	1000.0	2161.8781580077607	0.0	0	421.02287127866293	2361.8781580080686	1	0	1	1.111352713794979
206200.0	1000.0	2161.878158007773	0.0	0	352.6814679802046	2361.8781580080686	1	0	1	1.111352713794978
207200.0	1000.0	2161.8781580077516	0.0	0	317.5426361683931	2361.8781580080686	1	0	1	1.111352713794978
208200.0	1000.0	2161.8781580077834	0.0	0	215.31515570176998	2361.8781580080686	1	0	1	1.111352713794978
209200.0	1000.0	2161.878158007766	0.0	0	300.8810045857972	2361.8781580080395	1	0	1	1.1113527137949797
210200.0	1000.0	2161.878158007752	0.0	0	332.3501682438655	2361.8781580080104	1	0	1	1.111352713794983
211200.0	1000.0	2161.878158007754	0.0	0	499.78625304222805	2361.8781580079813	1	0	1	1.1113527137949855
212200.0	1000.0	2161.8781580077293	0.0	0	641.7720660349005	2361.8781580079813	1	0	1	1.1113527137949866
213200.0	1000.0	2161.878158007719	0.0	0	640.6284517059976	2361.8781580079813	1	0	1	1.1113527137949866
214200.0	1000.0	2161.8781580077375	0.0	0	274.52045360105694	2361.8781580079813	1	0	1	1.1113527137949866
215200.0	1000.0	2161.8781580077543	0.0	0	338.41831623678445	2361.8781580080104	1	0	1	1.1113527137949837
216200.0	1000.0	2161.8781580077466	0.0	0	660.3640388147905	2361.8781580080104	1	0	1	1.1113527137949837
217200.0	2000.0	2161.8781580077293	0.0	0	415.42522100318456	2361.8781580080104	1	0	1	1.1113527137949837
218200.0	2000.0	2161.8781580077366	0.0	0	477.00418579549296	2361.8781580080104	1	0	1	1.804499894354929
219200.0	2000.0	2161.878158007731	0.0	0	70.71497223156621	2361.8781580079813	1	0	1	1.8044998943549317
220200.0	2000.0	2161.878158007729	0.0	0	284.87950140584144	2361.8781580079813	1	0	1	1.8044998943549317
221200.0	2000.0	2161.8781580077157	0.0	0	184.87646391947055	2361.878158007952	1	0	1	1.8044998943549349
222200.0	2000.0	2161.8781580076943	0.0	0	299.54397972568404	2361.878158007952	1	0	1	1.8044998943549349
223200.0	2000.0	2161.878158007689	0.0	0	246.1923484581639	2361.878158007923	1	0	1	1.8044998943549369
224200.0	2000.0	2161.878158007703	0.0	0	138.21510985743953	2361.878158007923	1	0	1	1.8044998943549375
225200.0	2000.0	2161.878158007739	0.0	0	102.28012462626793	2361.878158007923	1	0	1	1.8044998943549375
226349.210571217	2000.0	2012.6675867907754	0.0	0	0.0	2361.878158007923	1	0	1	1.8044998943549375
228279.30974088734	2000.0	1082.5684171204684	0.0	0	0.0	2361.878158007923	1	0	1	1.8044998943549375
229417.5655759155	2000.0	944.3125820922721	0.0	0	0.0	2361.878158007923	1	0	1	1.8044998943549375
230282.00565910505	1000.0	1079.8724989027355	0.0	0	0.0	2361.878158007923	1	0	1	0.4182055332350473
231222.20687289172	1000.0	1139.6712851160873	0.0	0	0.0	2361.878158007923	1	0	1	1.1113527137949926
231822.97460477133	1000.0	1538.9035532365094	0.0	0	0.0	2361.878158007952	1	0	1	1.1113527137949895
232367.5168856346	1000.0	1994.361272373238	0.0	0	0.0	2361.878158007952	1	0	1	1.1113527137949895
233200.0	1000.0	2161.878158007827	0.0	0	432.962109645101	2361.878158007923	1	0	1	1.1113527137949926
234200.0	1000.0	2161.87815800783	0.0	0	553.7185825711931	2361.878158007894	1	0	1	1.1113527137949941
235200.0	1000.0	2161.8781580078175	0.0	0	717.6050442894048	2361.878158007865	1	0	1	1.1113527137949972
236200.0	1000.0	2161.878158007804	0.0	0	528.4836836853938	2361.878158007865	1	0	1	1.1113527137949983
237200.0	1000.0	2161.878158007791	0.0	0	385.22371665673563	2361.878158007865	1	0	1	1.1113527137949983
238200.0	1000.0	2161.878158007811	0.0	0	138.6919843822834	2361.878158007894	1	0	1	1.1113527137949955
239200.0	1000.0	2161.878158007824	0.0	0	128.66966983885504	2361.878158007894	1	0	1	1.1113527137949955
240200.0	1000.0	2161.8781580078403	0.0	0	527.6977130999148	2361.878158007894	1	0	1	1.1113527137949955
241200.0	1000.0	2161.878158007854	0.0	0	452.8398483170022	2361.878158007894	1	0	1	1.1113527137949955
242200.0	1000.0	2161.8781580078526	0.0	0	607.1438266679179	2361.878158007894	1	0	1	1.1113527137949955
243200.0	1000.0	2161.878158007866	0.0	0	388.57663556939224	2361.878158007894	1	0	1	1.1113527137949955
244200.0	1000.0	2161.878158007895	0.0	0	450.86934549800935	2361.878158007923	1	0	1	1.1113527137949926
245200.0	1000.0	2161.8781580079117	0.0	0	437.57982964866096	2361.8781580079813	1	0	1	1.1113527137949877
246200.0	1000.0	2161.87815800789	0.0	0	489.8650932498567	2361.8781580080104	1	0	1	1.1113527137949837
247200.0	1000.0	2161.8781580079053	0.0	0	579.2691849686962	2361.8781580080104	1	0	1	1.1113527137949837
248200.0	1000.0	2161.878158007874	0.0	0	444.15354883272084	2361.8781580080104	1	0	1	1.1113527137949848
249200.0	1000.0	2161.878158007895	0.0	0	32.98957012829487	2361.8781580080104	1	0	1	1.1113527137949837
250200.0	1000.0	2161.8781580078794	0.0	0	394.19678692906746	2361.8781580080104	1	0	1	1.1113527137949837
251200.0	1000.0	2161.878158007874	0.0	0	440.9090665540134	2361.8781580079813	1	0	1	1.1113527137949866
252200.0	1000.0	2161.878158007876	0.0	0	218.58917244526674	2361.8781580079813	1	0	1	1.1113527137949866
253200.0	1000.0	2161.878158007902	0.0	0	349.3558523350803	2361.878158007952	1	0	1	1.1113527137949883
254200.0	1000.0	2161.8781580078835	0.0	0	275.72099563709344	2361.878158007923	1	0	1	1.1113527137949926
255200.0	1000.0	2161.8781580078758	0.0	0	398.17112197561073	2361.878158007894	1	0	1	1.1113527137949955
256200.0	1000.0	2161.878158007866	0.0	0	656.8217552485585	2361.8781580078357	1	0	1	1.1113527137950001
257200.0	1000.0	2161.8781580078685	0.0	0	563.7022299992677	2361.8781580078357	1	0	1	1.1113527137950012
258200.0	1000.0	2161.878158007867	0.0	0	645.6328928391449	2361.878158007865	1	0	1	1.1113527137949983
259200.0	1000.0	2161.8781580078958	0.0	0	721.3085928898945	2361.878158007865	1	0	1	1.1113527137949983
260200.0	2000.0	2161.878158007882	0.0	0	123.27317781167221	2361.878158007865	1	0	1	1.1113527137949983
261904.0352297876	2000.0	1457.8429282202528	0.0	0	0.0	2361.8781580078066	1	0	1	1.8044998943549475
263044.3169157094	2000.0	1317.5612422984543	0.0	0	0.0	2361.8781580078066	1	0	1	1.8044998943549475
264287.16292582685	2000.0	1074.715232181029	0.0	0	0.0	2361.8781580078066	1	0	1	1.8044998943549515
265240.7531331174	2000.0	1121.1250248905064	0.0	0	0.0	2361.8781580078066	1	0	1	1.8044998943549493
265937.86109569285	2000.0	1424.0170623150836	0.0	0	0.0	2361.878158007865	1	0	1	1.8044998943549433
267140.3760422479	2000.0	1221.502115759969	0.0	0	0.0	2361.878158007865	1	0	1	1.8044998943549433
268132.61440928327	2000.0	1229.2637487246302	0.0	0	0.0	2361.878158007865	1	0	1	1.8044998943549433
269245.93963454175	2000.0	1115.938523466127	0.0	0	0.0	2361.878158007865	1	0	1	1.8044998943549433
269972.13512999605	2000.0	1389.7430280118324	0.0	0	0.0	2361.878158007923	1	0	1	1.8044998943549375
270522.23843419726	1000.0	1839.6397238106426	0.0	0	0.0	2361.878158007865	1	0	1	0.4182055332350531
271509.5566111545	2000.0	1852.3215468533797	0.0	0	0.0	2361.878158007865	1	0	1	1.1113527137949983
272703.1156810239	2000.0	1658.7624769839958	0.0	0	0.0	2361.8781580078066	1	0	1	1.8044998943549493
274089.10988829716	2000.0	1272.7682697107211	0.0	0	0.0	2361.8781580078066	1	0	1	1.8044998943549493
274984.03434897325	2000.0	1377.8438090346008	0.0	0	0.0	2361.8781580077484	1	0	1	1.804499894354954
275716.08707904944	1000.0	1645.7910789583925	0.0	0	0.0	2361.87815800769	1	0	1	0.41820553323506704
276415.6321082853	1000.0	1946.2460497225054	0.0	0	0.0	2361.87815800769	1	0	1	1.1113527137950157
277200.0	1000.0	2161.878158007802	0.0	0	207.72316079976736	2361.878158007632	1	0	1	1.1113527137950217
278200.0	1000.0	2161.8781580078717	0.0	0	260.5236256092321	2361.87815800769	1	0	1	1.1113527137950168
279200.0	1000.0	2161.8781580078016	0.0	0	385.32456937461393	2361.878158007574	1	0	1	1.111352713795025
280200.0	1000.0	2161.878158007761	0.0	0	383.858913469885	2361.878158007574	1	0	1	1.1113527137950274
281200.0	1000.0	2161.8781580077307	0.0	0	615.1315468754619	2361.878158007574	1	0	1	1.1113527137950274
282200.0	1000.0	2161.878158007731	0.0	0	578.0284972637892	2361.8781580075156	1	0	1	1.1113527137950332
283200.0	1000.0	2161.8781580078034	0.0	0	342.2730766807799	2361.8781580075156	1	0	1	1.1113527137950332
284200.0	1000.0	2161.878158007824	0.0	0	446.28265770175494	2361.878158007574	1	0	1	1.1113527137950274
285200.0	1000.0	2161.878158007826	0.0	0	495.29390488454374	2361.878158007574	1	0	1	1.1113527137950274
286200.0	1000.0	2161.878158007876	0.0	0	522.6156134768389	2361.878158007632	1	0	1	1.1113527137950217
287200.0	1000.0	2161.878158007891	0.0	0	383.1987961495761	2361.878158007632	1	0	1	1.1113527137950217
288200.0	1000.0	2161.87815800787	0.0	0	420.44236272759736	2361.87815800769	1	0	1	1.1113527137950157
289200.0	1000.0	2161.878158007833	0.0	0	236.88370593392756	2361.87815800769	1	0	1	1.1113527137950157
290200.0	1000.0	2161.8781580078366	0.0	0	305.7769214565633	2361.878158007632	1	0	1	1.1113527137950205
291236.2954954746	1000.0	2125.582662533237	0.0	0	0.0	2361.878158007574	1	0	1	1.1113527137950274
292200.0	1000.0	2161.8781580078085	0.0	0	64.64761522220215	2361.878158007574	1	0	1	1.1113527137950274
293200.0	1000.0	2161.878158007803	0.0	0	162.87836545921164	2361.878158007574	1	0	1	1.1113527137950274
294200.0	1000.0	2161.8781580078366	0.0	0	276.9772448182921	2361.878158007632	1	0	1	1.1113527137950217
295200.0	1000.0	2161.878158007833	0.0	0	508.97721047257073	2361.878158007632	1	0	1	1.1113527137950217
296200.0	1000.0	2161.8781580078808	0.0	0	680.1610230059014	2361.878158007574	1	0	1	1.111352713795025
297200.0	1000.0	2161.8781580079067	0.0	0	641.6997348681907	2361.878158007632	1	0	1	1.1113527137950217
298200.0	1000.0	2161.878158007893	0.0	0	552.7327247877838	2361.878158007632	1	0	1	1.1113527137950217
299200.0	1000.0	2161.8781580079103	0.0	0	408.7205173546099	2361.87815800769	1	0	1	1.111352713795018
300200.0	1000.0	2161.8781580079863	0.0	0	615.9626409085467	2361.87815800769	1	0	1	1.1113527137950157
3.76	2.21	1.89	1.84	2.6	2.78	3.06	2.78	1.71	2.03	2.24	1.73	2.2	2.42	2.48	2.09	1.42	1.25	1.04	1.78	2.47	3.2	1.75	1.3	2.11	2.53	2.41	2.21	2.27	3.06	2.29	2.75	2.37	2.33	2.65	2.28	2.61	3.5	2.17	1.88	1.46	1.91	1.18	1.62	2.12	2.51	2.48	2.76	1.85	2.07	1.85	1.01	1.71	1.54	1.42	2.31	3.2	3.44	2.51	0.98	3.1	3.27	3.58	3.2	2.51	2.11	2.39	2.44	2.39	2.37	2.56	1.83	0.93	1.24	1.32	1.23	1.27	1.71	2.53	3.34	3.72	1.74	1.19	1.26	1.42	2.17	2.77	1.67	2.57	2.49	2.19	2.41	2.24	1.14	1.3	1.87	1.67	1.81	1.19	1.99	2.58	2.75	3.53	3.51	2.42	1.38	1.46	1.63	1.97	2.09	2.44	2.56	1.74	2.73	2.12	2.07	2.34	1.58	1.42	1.71	1.96	1.78	1.1	1.52	1.74	2.1	2.29	1.81	2.21	1.69	1.85	1.62	1.67	1.99	1.37	1.36	1.11	1.25	1.42	2.17	3.13	3.73	3.28	1.9	2.51	2.55	2.58	1.1	1.2	3.46	3.76	2.21	1.89	1.84	2.6	2.78	3.06	2.78	1.71	2.03	2.24	1.73	2.2	2.42	2.48	2.09	1.42	1.25	1.04	1.78	2.47	3.2	1.75	1.3	2.11	2.53	2.41	2.21	2.27	3.06	2.29	2.75	2.37	2.33	2.65	2.28	2.61	3.5	2.17	1.88	1.46	1.91	1.18	1.62	2.12	2.51	2.48	2.76	1.85	2.07	1.85	1.01	1.71	1.54	1.42	2.31	3.2	3.44	2.51	0.98	3.1	3.27	3.58	3.2	2.51	2.11	2.39	2.44	2.39	2.37	2.56	1.83	0.93	1.24	1.32	1.23	1.27	1.71	2.53	3.34	3.72	1.74	1.19	1.26	1.42	2.17	2.77	1.67	2.57	2.49	2.19	2.41	2.24	1.14	1.3	1.87	1.67	1.81	1.19	1.99	2.58	2.75	3.53	3.51	2.42	1.38	1.46	1.63	1.97	2.09	2.44	2.56	1.74	2.73	2.12	2.07	2.34	1.58	1.42	1.71	1.96	1.78	1.1	1.52	1.74	2.1	2.29	1.81	2.21	1.69	1.85	1.62	1.67	1.99	1.37	1.36	1.11	1.25	1.42	2.17	3.13	3.73	3.28	1.9	2.51	2.55	2.58	1.1
1.0	2.0	3.0	4.0	5.0	6.0	7.0	8.0	9.0	10.0	11.0	12.0	13.0	14.0	15.0	16.0	17.0	18.0	19.0	20.0	21.0	22.0	23.0	24.0	25.0	26.0	27.0	28.0	29.0	30.0	31.0	32.0	33.0	34.0	35.0	36.0	37.0	38.0	39.0	40.0	41.0	42.0	43.0	44.0	45.0	46.0	47.0	48.0	49.0	50.0	51.0	52.0	53.0	54.0	55.0	56.0	57.0	58.0	59.0	60.0	61.0	62.0	63.0	64.0	65.0	66.0	67.0	68.0	69.0	70.0	71.0	72.0	73.0	74.0	75.0	76.0	77.0	78.0	79.0	80.0	81.0	82.0	83.0	84.0	85.0	86.0	87.0	88.0	89.0	90.0	91.0	92.0	93.0	94.0	95.0	96.0	97.0	98.0	99.0	100.0	101.0	102.0	103.0	104.0	105.0	106.0	107.0	108.0	109.0	110.0	111.0	112.0	113.0	114.0	115.0	116.0	117.0	118.0	119.0	120.0	121.0	122.0	123.0	124.0	125.0	126.0	127.0	128.0	129.0	130.0	131.0	132.0	133.0	134.0	135.0	136.0	137.0	138.0	139.0	140.0	141.0	142.0	143.0	144.0	145.0	146.0	147.0	148.0	149.0	149.0	150.0	151.0	152.0	153.0	154.0	155.0	156.0	157.0	158.0	159.0	160.0	161.0	162.0	163.0	164.0	165.0	166.0	167.0	168.0	169.0	170.0	171.0	172.0	173.0	174.0	175.0	176.0	177.0	178.0	179.0	180.0	181.0	182.0	183.0	184.0	185.0	186.0	187.0	188.0	189.0	190.0	191.0	192.0	193.0	194.0	195.0	196.0	197.0	198.0	199.0	200.0	201.0	202.0	203.0	204.0	205.0	206.0	207.0	208.0	209.0	210.0	211.0	212.0	213.0	214.0	215.0	216.0	217.0	218.0	219.0	220.0	221.0	222.0	223.0	224.0	225.0	226.0	227.0	228.0	229.0	230.0	231.0	232.0	233.0	234.0	235.0	236.0	237.0	238.0	239.0	240.0	241.0	242.0	243.0	244.0	245.0	246.0	247.0	248.0	249.0	250.0	251.0	252.0	253.0	254.0	255.0	256.0	257.0	258.0	259.0	260.0	261.0	262.0	263.0	264.0	265.0	266.0	267.0	268.0	269.0	270.0	271.0	272.0	273.0	274.0	275.0	276.0	277.0	278.0	279.0	280.0	281.0	282.0	283.0	284.0	285.0	286.0	287.0	288.0	289.0	290.0	291.0	292.0	293.0	294.0	295.0	296.0	297.0
5622.108426773059
