4040.5877959288687	300.0	2000.0	312.3819451422374	0	0.0	4040.5877959288687	1	0	1	-2.329161208345587
4325.884215111023	300.0	2686.1739388996307	0.0	0	0.0	4012.058154010653	1	0	2	-0.8749719033141887
4638.130986757974	500.0	3342.7024900879846	0.0	0	0.0	3980.8334768459576	1	0	2	-0.6617317158826538
5200.0	500.0	3724.6465755217564	0.0	0	82.10422813751848	3924.646575521756	1	0	2	-0.13269404395058473
6200.0	500.0	3624.6465755217564	0.0	0	474.041286860137	3824.646575521755	1	0	2	-0.10189529942623551
7200.0	500.0	3524.646575521758	0.0	0	536.5494216943935	3724.646575521757	1	0	2	-0.06542414647581866
8200.0	500.0	3424.6465755217587	0.0	0	714.3269731324026	3624.6465755217578	1	0	2	-0.032337982360755496
9200.0	1000.0	3424.646575521762	0.0	0	375.9490154747582	3624.6465755217623	1	0	1	-0.019570013216387516
10200.0	1000.0	3324.64657552176	0.0	0	287.15912827610737	3524.6465755217596	1	0	2	0.4925912644657724
11200.0	1000.0	3224.646575521758	0.0	0	422.520693061786	3424.646575521757	1	0	2	0.7206695248687958
12244.337244315331	1000.0	3180.3093312064257	0.0	0	0.0	3424.646575521754	1	0	1	0.7308969961770572
13200.0	1000.0	3224.646575521755	0.0	0	197.14343892222678	3424.646575521754	1	0	1	0.9308969961770575
15145.550879463033	2000.0	2084.5406081124183	0.0	0	0.0	3230.0914875754534	1	0	2	0.5663227790672791
16053.820588057028	1000.0	2176.270899518424	0.0	0	0.0	3230.0914875754534	1	0	1	0.08482775516658958
17033.791247178608	1000.0	2196.300240396847	0.0	0	0.0	3230.091487575455	1	0	1	0.9779749357265348
18486.323164231588	1000.0	1743.7683233438663	0.0	0	0.0	3230.0914875754534	1	0	1	0.9779749357265348
19674.888890399405	1000.0	1555.2025971760474	0.0	0	0.0	3230.0914875754497	1	0	1	0.9779749357265355
20281.215073446347	1000.0	1888.2437958244122	0.0	0	0.0	3169.4588692707584	1	0	2	0.5880250531373831
21006.78400691623	1000.0	2162.6748623545277	0.0	0	0.0	3169.458869270755	1	0	1	0.7910795733012176
21652.02610276711	1000.0	2517.4327665036467	0.0	0	0.0	3169.458869270755	1	0	1	0.9910795733012178
22632.69974377225	1000.0	2536.7591254985105	0.0	0	0.0	3169.458869270755	1	0	1	0.9910795733012178
23433.280596718938	1000.0	2656.120187257155	0.0	0	0.0	3089.400783976089	1	0	2	0.6035346808336279
24626.79693358116	1000.0	2462.6038503949285	0.0	0	0.0	3089.4007839760925	1	0	1	0.8073349519855828
25479.465186209436	1000.0	2609.9355977666532	0.0	0	0.0	3089.4007839760925	1	0	1	1.007334951985583
26200.0	1000.0	2889.400783976085	0.0	0	175.73519164271056	3089.400783976089	1	0	1	1.0073349519855836
27200.0	1000.0	2789.4007839760834	0.0	0	532.2738248507922	2989.400783976089	1	0	2	0.6187771620632712
28200.0	1000.0	2689.400783976081	0.0	0	126.80996608218993	2889.400783976085	1	0	2	0.8378450501380605
29813.415251129285	1000.0	2075.9855328467947	0.0	0	0.0	2889.4007839760816	1	0	1	0.8431746618000268
31264.10556126858	1000.0	1625.295222707495	0.0	0	0.0	2889.4007839760816	1	0	1	1.043174661800027
32767.30707806899	1000.0	1122.0937059070868	0.0	0	0.0	2889.4007839760816	1	0	1	1.043174661800027
33913.511670065025	1000.0	975.8891139110473	0.0	0	0.0	2889.400783976078	1	0	1	1.0431746618000277
34603.84063831972	500.0	1285.5601456563497	0.0	0	0.0	2889.4007839760743	1	0	1	-0.34311969931986275
35180.50381089428	500.0	1708.8969730817857	0.0	0	0.0	2889.4007839760743	1	0	1	0.35002748124008265
35770.013317224795	500.0	2119.387466751272	0.0	0	0.0	2889.4007839760743	1	0	1	0.35002748124008287
36200.0	500.0	2689.4007839760666	0.0	0	49.54434488291008	2889.4007839760743	1	0	1	0.35002748124008276
37200.0	500.0	2689.400783976066	0.0	0	580.1735298818603	2889.4007839760743	1	0	1	0.35002748124008276
38200.0	500.0	2689.400783976065	0.0	0	159.63395297122042	2889.400783976067	1	0	1	0.3500274812400839
39200.0	500.0	2689.4007839760675	0.0	0	228.09729376526957	2889.4007839760743	1	0	1	0.35002748124008276
40200.0	500.0	2689.400783976066	0.0	0	448.35481534610153	2889.4007839760743	1	0	1	0.35002748124008276
41200.0	500.0	2689.400783976062	0.0	0	398.185113363601	2889.4007839760743	1	0	1	0.35002748124008276
42200.0	500.0	2689.4007839760643	0.0	0	335.40152029827004	2889.4007839760743	1	0	1	0.35002748124008276
43200.0	1000.0	2689.4007839760616	0.0	0	50.52232146959432	2889.4007839760743	1	0	1	0.35002748124008276
44200.0	1000.0	2689.400783976068	0.0	0	480.6018846464358	2889.4007839760743	1	0	1	1.0431746618000282
45200.0	1000.0	2689.400783976067	0.0	0	345.62160463185865	2889.4007839760743	1	0	1	1.0431746618000282
46200.0	1000.0	2689.4007839760684	0.0	0	354.70493192612776	2889.4007839760743	1	0	1	1.0431746618000282
47200.0	1000.0	2689.400783976064	0.0	0	265.43216784566175	2889.4007839760743	1	0	1	1.0431746618000282
48200.0	1000.0	2689.400783976064	0.0	0	214.1123942408667	2889.4007839760743	1	0	1	1.0431746618000282
49849.840845309496	1000.0	2039.5599386665792	0.0	0	0.0	2889.4007839760743	1	0	1	1.0431746618000282
51271.974944121954	1000.0	1617.4258398541228	0.0	0	0.0	2889.4007839760743	1	0	1	1.0431746618000282
51879.181156566265	1000.0	2010.219627409812	0.0	0	0.0	2889.4007839760743	1	0	1	1.0431746618000282
52638.68722604843	1000.0	2250.713557927643	0.0	0	0.0	2889.4007839760743	1	0	1	1.0431746618000282
53355.01206639198	1000.0	2534.3887175841	0.0	0	0.0	2889.4007839760743	1	0	1	1.0431746618000282
54257.278493853875	1000.0	2632.122290122209	0.0	0	0.0	2889.400783976067	1	0	1	1.0431746618000295
55436.80985671765	1000.0	2452.5909272584377	0.0	0	0.0	2889.400783976067	1	0	1	1.0431746618000295
56230.73502154789	1000.0	2658.6657624282016	0.0	0	0.0	2889.400783976067	1	0	1	1.0431746618000295
57595.552427761795	1000.0	2293.84835621429	0.0	0	0.0	2889.4007839760598	1	0	1	1.0431746618000306
58955.99038996615	1000.0	1933.4103940099358	0.0	0	0.0	2889.4007839760598	1	0	1	1.0431746618000306
59934.77006975725	1000.0	1954.630714218835	0.0	0	0.0	2889.4007839760525	1	0	1	1.0431746618000317
61058.61124988432	1000.0	1830.7895340917664	0.0	0	0.0	2889.4007839760525	1	0	1	1.0431746618000317
61911.176842829365	1000.0	1978.2239411467197	0.0	0	0.0	2889.4007839760525	1	0	1	1.0431746618000317
63103.428332833544	1000.0	1785.9724511425454	0.0	0	0.0	2889.4007839760525	1	0	1	1.0431746618000317
63979.745416605074	1000.0	1909.6553673710173	0.0	0	0.0	2889.4007839760598	1	0	1	1.0431746618000306
64834.39347340322	1000.0	2055.007310572873	0.0	0	0.0	2889.4007839760598	1	0	1	1.0431746618000306
65828.8408353608	1000.0	2060.5599486152983	0.0	0	0.0	2889.4007839760525	1	0	1	1.0431746618000315
66961.52849399118	1000.0	1927.8722899849	0.0	0	0.0	2889.400783976045	1	0	1	1.0431746618000324
68522.4696540381	1000.0	1366.931129937977	0.0	0	0.0	2889.400783976045	1	0	1	1.0431746618000342
69392.89972852233	1000.0	1496.5010554537366	0.0	0	0.0	2889.400783976045	1	0	1	1.043174661800033
70032.49676521034	1000.0	1856.904018765734	0.0	0	0.0	2889.400783976045	1	0	1	1.043174661800033
70686.26474223867	1000.0	2203.1360417374044	0.0	0	0.0	2889.4007839760307	1	0	1	1.0431746618000353
71281.9339380306	1000.0	2607.466845945437	0.0	0	0.0	2889.400783976016	1	0	1	1.0431746618000377
72242.71792298701	1000.0	2646.6828609890395	0.0	0	0.0	2889.4007839760307	1	0	1	1.0431746618000353
74141.15488243848	1000.0	1748.2459015375532	0.0	0	0.0	2889.4007839760307	1	0	1	1.0431746618000353
75175.25513757489	1000.0	1610.7356208875112	0.0	0	0.0	2785.990758462387	1	0	2	0.6553808209689187
76457.57720735355	1000.0	1328.413551108844	0.0	0	0.0	2785.990758462387	1	0	1	0.8592956151185274
77674.2545709003	1000.0	1111.7361875620968	0.0	0	0.0	2785.9907584624016	1	0	1	1.0592956151185253
78683.63795031214	1000.0	1102.3528081502582	0.0	0	0.0	2785.9907584624016	1	0	1	1.0592956151185253
79507.36255167892	1000.0	1278.6282067834827	0.0	0	0.0	2785.990758462387	1	0	1	1.0592956151185275
81068.4820678339	1000.0	717.508690628501	0.0	0	0.0	2785.990758462387	1	0	1	1.0592956151185275
81952.70973585565	1000.0	833.2810226067572	0.0	0	0.0	2785.990758462387	1	0	1	1.0592956151185275
82488.60238274146	500.0	1297.3883757209492	0.0	0	0.0	2785.990758462387	1	0	1	-0.32699874600136347
82800.97932476184	500.0	1985.011433700583	0.0	0	0.0	2785.990758462387	1	0	1	0.36614843455858204
83200.0	500.0	2585.990758462416	0.0	0	70.05253040642128	2785.9907584623725	1	0	1	0.3661484345585842
84200.0	500.0	2585.9907584624148	0.0	0	578.0901634191105	2785.9907584623725	1	0	1	0.3661484345585842
85200.0	500.0	2585.9907584624125	0.0	0	610.9871158447932	2785.9907584623725	1	0	1	0.3661484345585842
86200.0	1000.0	2585.990758462397	0.0	0	79.73597005162446	2785.9907584623725	1	0	1	0.36614843455858437
87200.0	1000.0	2485.9907584623975	0.0	0	146.5674635549949	2685.9907584623725	1	0	2	0.6689634178398289
88200.0	1000.0	2485.9907584623993	0.0	0	351.93279209731554	2685.9907584623725	1	0	1	0.8734884794174671
89200.0	1000.0	2485.9907584624025	0.0	0	358.77550564952253	2685.990758462358	1	0	1	1.0734884794174693
90200.0	1000.0	2485.9907584624034	0.0	0	380.61715696357714	2685.9907584623434	1	0	1	1.0734884794174713
91200.0	1000.0	2485.9907584624143	0.0	0	488.6600699443079	2685.9907584623434	1	0	1	1.0734884794174713
92200.0	1000.0	2485.990758462407	0.0	0	519.9764343309362	2685.9907584623434	1	0	1	1.0734884794174713
93200.0	1000.0	2485.990758462405	0.0	0	470.1643836123694	2685.9907584623434	1	0	1	1.0734884794174713
94201.36121535463	1000.0	2484.629543107773	0.0	0	29.349488367239246	2685.9907584623434	1	0	1	1.0734884794174713
95437.97077890935	1000.0	2248.019979553048	0.0	0	0.0	2685.9907584623434	1	0	1	1.0734884794174713
96587.23309170861	1000.0	2098.757666753799	0.0	0	0.0	2685.9907584623434	1	0	1	1.0734884794174713
97978.13746599377	1000.0	1707.853292468639	0.0	0	0.0	2685.9907584623434	1	0	1	1.0734884794174713
99138.97640006895	1000.0	1547.0143583934505	0.0	0	0.0	2685.990758462329	1	0	1	1.073488479417473
99762.54733759855	1000.0	1923.443420863839	0.0	0	0.0	2685.990758462329	1	0	1	1.073488479417473
100438.82538980065	1000.0	2247.165368661733	0.0	0	0.0	2685.990758462329	1	0	1	1.073488479417473
101200.0	1000.0	2485.9907584623893	0.0	0	175.77028363067075	2685.990758462329	1	0	1	1.073488479417473
102200.0	1000.0	2485.9907584623725	0.0	0	274.5558529706468	2685.990758462329	1	0	1	1.073488479417473
103200.0	1000.0	2485.990758462362	0.0	0	215.2139100526838	2685.9907584623143	1	0	1	1.073488479417475
104330.13569938636	1000.0	2355.855059076012	0.0	0	0.0	2685.990758462329	1	0	1	1.073488479417473
105290.66532077537	1000.0	2395.3254376869954	0.0	0	0.0	2685.990758462329	1	0	1	1.073488479417473
106200.0	1000.0	2485.9907584623666	0.0	0	64.79220839183836	2685.990758462329	1	0	1	1.073488479417473
107200.0	1000.0	2485.9907584623757	0.0	0	297.7575851072761	2685.990758462329	1	0	1	1.073488479417473
108285.98197606813	1000.0	2400.0087823942345	0.0	0	0.0	2685.9907584623434	1	0	1	1.0734884794174713
109200.0	1000.0	2485.990758462368	0.0	0	160.60838880282245	2685.9907584623434	1	0	1	1.0734884794174713
110492.14627460194	1000.0	2193.8444838604255	0.0	0	0.0	2685.990758462358	1	0	1	1.0734884794174693
111226.40297246752	1000.0	2459.5877859948423	0.0	0	0.0	2685.990758462358	1	0	1	1.0734884794174693
112309.52260993674	1000.0	2376.468148525607	0.0	0	0.0	2685.9907584623434	1	0	1	1.0734884794174713
113200.0	1000.0	2485.990758462356	0.0	0	221.40339565117029	2685.9907584623434	1	0	1	1.0734884794174713
114200.0	1000.0	2485.990758462368	0.0	0	209.30626838520402	2685.9907584623434	1	0	1	1.0734884794174713
115693.55045672439	1000.0	1992.4403017379716	0.0	0	0.0	2685.9907584623434	1	0	1	1.0734884794174713
116466.54965644288	1000.0	2219.44110201949	0.0	0	0.0	2685.9907584623434	1	0	1	1.0734884794174713
117498.20332134822	1000.0	2187.7874371141243	0.0	0	0.0	2685.9907584623434	1	0	1	1.0734884794174713
118500.62204950069	1000.0	2185.368708961665	0.0	0	0.0	2685.9907584623434	1	0	1	1.0734884794174713
119357.79797448328	1000.0	2328.192783979058	0.0	0	0.0	2685.990758462329	1	0	1	1.073488479417473
120422.47766885375	1000.0	2263.51308960859	0.0	0	0.0	2685.990758462329	1	0	1	1.073488479417473
121452.56564775671	1000.0	2233.425110705646	0.0	0	0.0	2685.990758462329	1	0	1	1.073488479417473
122342.86687153482	1000.0	2343.1238869275485	0.0	0	0.0	2685.990758462329	1	0	1	1.073488479417473
123460.2362523631	1000.0	2225.7545060992466	0.0	0	0.0	2685.9907584623143	1	0	1	1.073488479417475
124525.68918585259	1000.0	2160.3015726097606	0.0	0	0.0	2685.9907584623143	1	0	1	1.073488479417475
125717.22296933329	1000.0	1968.7677891290596	0.0	0	0.0	2685.9907584623143	1	0	1	1.073488479417475
126564.20584218645	1000.0	2121.7849162759035	0.0	0	0.0	2685.9907584623143	1	0	1	1.073488479417475
127753.50793400565	1000.0	1932.482824456682	0.0	0	0.0	2685.9907584623143	1	0	1	1.073488479417475
128761.06625557547	1000.0	1924.9245028868518	0.0	0	0.0	2685.9907584623143	1	0	1	1.073488479417475
129933.18893767524	1000.0	1752.8018207870832	0.0	0	0.0	2685.9907584623143	1	0	1	1.073488479417475
130783.78141501274	1000.0	1902.2093434495991	0.0	0	0.0	2685.9907584623143	1	0	1	1.073488479417475
131415.979600883	1000.0	2270.0111575793035	0.0	0	0.0	2685.9907584622706	1	0	1	1.073488479417478
132466.66020421442	1000.0	2219.3305542478847	0.0	0	0.0	2685.9907584622706	1	0	1	1.07348847941748
133635.7891719838	1000.0	2050.2015864785435	0.0	0	0.0	2685.9907584623143	1	0	1	1.0734884794174786
134585.3432720888	1000.0	2100.647486373553	0.0	0	0.0	2685.9907584623143	1	0	1	1.073488479417475
135777.35871895816	1000.0	1908.6320395041798	0.0	0	0.0	2685.9907584623143	1	0	1	1.073488479417475
136723.74302344653	1000.0	1962.2477350158235	0.0	0	0.0	2685.9907584623143	1	0	1	1.073488479417475
137954.67691464067	1000.0	1731.3138438216647	0.0	0	0.0	2685.9907584623143	1	0	1	1.073488479417475
138800.1669008125	1000.0	1885.8238576498377	0.0	0	0.0	2685.9907584623143	1	0	1	1.073488479417475
139768.28571034546	1000.0	1917.7050481168963	0.0	0	0.0	2685.9907584623143	1	0	1	1.073488479417475
140501.50482817515	1000.0	2184.4859302871946	0.0	0	0.0	2685.9907584623143	1	0	1	1.073488479417475
141587.41015284418	1000.0	2098.580605618174	0.0	0	0.0	2685.990758462285	1	0	1	1.073488479417479
142696.42759371383	1000.0	1989.5631647485195	0.0	0	0.0	2685.990758462256	1	0	1	1.0734884794174833
143808.6620286655	1000.0	1877.3287297968702	0.0	0	0.0	2685.990758462256	1	0	1	1.0734884794174833
144699.5076576237	1000.0	1986.483100838691	0.0	0	0.0	2685.990758462256	1	0	1	1.0734884794174833
145554.17297745976	1000.0	2131.817781002625	0.0	0	0.0	2685.990758462285	1	0	1	1.073488479417479
146297.36733039204	1000.0	2388.623428070347	0.0	0	0.0	2685.990758462285	1	0	1	1.073488479417479
147200.0	1000.0	2485.9907584624034	0.0	0	107.8003882682533	2685.990758462285	1	0	1	1.073488479417479
148200.0	1000.0	2485.9907584624093	0.0	0	189.1077039852098	2685.990758462285	1	0	1	1.073488479417479
149534.27118142377	1000.0	2151.7195770386693	0.0	0	0.0	2685.990758462285	1	0	1	1.073488479417479
150200.0	1000.0	2485.9907584624443	0.0	0	203.08935980385286	2685.990758462285	1	0	1	1.073488479417479
151200.0	1000.0	2485.990758462443	0.0	0	357.8436133567884	2685.990758462285	1	0	1	1.073488479417479
152331.5366202618	1000.0	2354.454138200666	0.0	0	0.0	2685.990758462285	1	0	1	1.073488479417479
153526.63331095732	1000.0	2159.3574475051464	0.0	0	0.0	2685.990758462285	1	0	1	1.073488479417479
154204.14034251298	1000.0	2481.850415949487	0.0	0	0.0	2685.990758462285	1	0	1	1.073488479417479
155297.45374809994	1000.0	2388.537010362565	0.0	0	0.0	2685.990758462285	1	0	1	1.073488479417479
156298.88404049227	1000.0	2387.1067179702372	0.0	0	0.0	2685.990758462285	1	0	1	1.073488479417479
157200.0	1000.0	2485.9907584624966	0.0	0	449.49505922861863	2685.990758462256	1	0	1	1.0734884794174833
158200.0	1000.0	2485.990758462525	0.0	0	455.197930832539	2685.990758462256	1	0	1	1.0734884794174833
159200.0	1000.0	2485.9907584625107	0.0	0	81.47387255661306	2685.990758462256	1	0	1	1.0734884794174833
160200.0	1000.0	2485.990758462524	0.0	0	473.49056307793944	2685.990758462285	1	0	1	1.073488479417479
161200.0	1000.0	2485.990758462533	0.0	0	7.966235898202285	2685.990758462285	1	0	1	1.073488479417479
162267.94986163918	1000.0	2418.0408968233423	0.0	0	0.0	2685.990758462285	1	0	1	1.073488479417479
163200.0	1000.0	2485.9907584625507	0.0	0	211.68750825661118	2685.990758462285	1	0	1	1.073488479417479
164200.0	1000.0	2485.990758462568	0.0	0	161.59364680736326	2685.990758462285	1	0	1	1.073488479417479
165319.14618234674	1000.0	2366.8445761158196	0.0	0	0.0	2685.990758462285	1	0	1	1.073488479417479
166200.0	1000.0	2485.990758462584	0.0	0	163.70788994035684	2685.9907584623143	1	0	1	1.073488479417475
167661.6526195672	1000.0	2024.3381388953774	0.0	0	0.0	2685.9907584623143	1	0	1	1.073488479417475
168607.65555867445	1000.0	2078.3351997880973	0.0	0	0.0	2685.9907584623143	1	0	1	1.073488479417475
169200.0	1000.0	2485.9907584625034	0.0	0	8.00688199675642	2685.9907584623143	1	0	1	1.073488479417475
170200.0	1000.0	2485.9907584625075	0.0	0	148.34922465332784	2685.9907584623143	1	0	1	1.073488479417475
171200.0	1000.0	2485.99075846252	0.0	0	119.87639223973383	2685.9907584623143	1	0	1	1.073488479417475
172200.0	1000.0	2485.9907584625325	0.0	0	19.822137388109695	2685.9907584623143	1	0	1	1.073488479417475
173350.17169814938	1000.0	2335.8190603131575	0.0	0	0.0	2685.9907584623143	1	0	1	1.073488479417475
174200.0	1000.0	2485.990758462573	0.0	0	148.562663717923	2685.9907584623434	1	0	1	1.0734884794174713
175200.0	1000.0	2485.99075846259	0.0	0	265.8077360194875	2685.9907584623725	1	0	1	1.0734884794174673
176200.0	1000.0	2485.990758462618	0.0	0	438.89447369787376	2685.9907584623725	1	0	1	1.0734884794174673
177200.0	1000.0	2485.990758462605	0.0	0	101.37503418297274	2685.9907584624016	1	0	1	1.0734884794174633
179039.17491283888	1000.0	1646.8158456237359	0.0	0	0.0	2685.9907584624016	1	0	1	1.0734884794174633
180386.0151134973	1000.0	1299.9756449653291	0.0	0	0.0	2685.9907584624016	1	0	1	1.0734884794174633
181976.6229628453	1000.0	709.367795617331	0.0	0	0.0	2685.9907584624016	1	0	1	1.0734884794174633
183195.22122564458	1000.0	490.7695328180579	0.0	0	0.0	2685.9907584624016	1	0	1	1.0734884794174633
184080.941717565	1000.0	605.0490408976483	0.0	0	0.0	2685.9907584624016	1	0	1	1.0734884794174633
185084.62648607648	1000.0	601.3642723861736	0.0	0	0.0	2685.9907584624016	1	0	1	1.0734884794174633
185922.5872396097	1000.0	763.403518852979	0.0	0	0.0	2685.9907584624016	1	0	1	1.0734884794174633
187273.264766903	1000.0	412.72599155970465	0.0	0	0.0	2685.9907584624016	1	0	1	1.0734884794174633
187796.35143878378	500.0	889.6393196788985	0.0	0	0.0	2685.9907584624016	1	0	1	-0.3128058817024276
188246.58014089972	500.0	1439.4106175629754	0.0	0	0.0	2685.9907584624016	1	0	1	0.38034129885751783
188634.6718944083	500.0	2051.3188640543954	0.0	0	0.0	2685.9907584624016	1	0	1	0.38034129885751783
189200.0	500.0	2485.9907584627085	0.0	0	126.35267127168481	2685.9907584624307	1	0	1	0.38034129885751394
190200.0	500.0	2485.990758462713	0.0	0	369.6112126953667	2685.9907584624307	1	0	1	0.38034129885751394
191200.0	500.0	2485.9907584627263	0.0	0	415.8171167750552	2685.99075846246	1	0	1	0.38034129885751
192200.0	500.0	2485.9907584627476	0.0	0	487.17932482843753	2685.990758462489	1	0	1	0.3803412988575061
193200.0	1000.0	2485.990758462759	0.0	0	398.4960090968234	2685.990758462518	1	0	1	0.38034129885750223
194200.0	1000.0	2485.990758462757	0.0	0	174.57287942085532	2685.990758462518	1	0	1	1.0734884794174477
195200.0	1000.0	2485.990758462762	0.0	0	284.2271373058611	2685.990758462518	1	0	1	1.0734884794174477
196278.63575350685	1000.0	2407.355004955915	0.0	0	0.0	2685.990758462547	1	0	1	1.0734884794174435
197344.31628899992	1000.0	2235.1064159135326	0.0	0	0.0	2579.422704913246	1	0	2	0.6838055530822766
198886.73861370448	1000.0	1692.6840912089817	0.0	0	0.0	2579.422704913246	1	0	1	0.8872291934207343
200342.23868416878	1000.0	1237.1840207446528	0.0	0	0.0	2579.422704913217	1	0	1	1.087229193420738
201117.88141261236	1000.0	1461.541292301086	0.0	0	0.0	2579.422704913217	1	0	1	1.087229193420738
201906.81022234148	1000.0	1672.612482571992	0.0	0	0.0	2579.422704913246	1	0	1	1.0872291934207343
202997.390118489	1000.0	1582.0325864244292	0.0	0	0.0	2579.422704913246	1	0	1	1.0872291934207343
203763.0565287877	1000.0	1816.3661761257176	0.0	0	0.0	2579.422704913246	1	0	1	1.0872291934207343
205004.9270545504	1000.0	1574.4956503630028	0.0	0	0.0	2579.422704913275	1	0	1	1.0872291934207317
206316.2725772359	1000.0	1263.1501276775043	0.0	0	0.0	2579.422704913304	1	0	1	1.0872291934207272
207549.4059187481	1000.0	1030.0167861653124	0.0	0	0.0	2579.4227049133333	1	0	1	1.0872291934207237
208618.15245216564	1000.0	961.2702527477678	0.0	0	0.0	2579.4227049133333	1	0	1	1.0872291934207237
210062.33367065902	1000.0	517.0890342543545	0.0	0	0.0	2579.4227049133333	1	0	1	1.0872291934207237
210518.8009156525	500.0	1060.6217892608606	0.0	0	0.0	2579.4227049133333	1	0	1	-0.2990651676991671
211040.41893690525	500.0	1539.0037680081105	0.0	0	0.0	2579.4227049133624	1	0	1	0.3940820128607747
211528.04036078448	500.0	2051.3823441288823	0.0	0	0.0	2579.4227049133624	1	0	1	0.3940820128607747
212200.0	500.0	2379.4227049133833	0.0	0	97.39624702499714	2579.4227049133333	1	0	1	0.39408201286077826
213200.0	500.0	2379.4227049133933	0.0	0	603.1998692040797	2579.4227049133333	1	0	1	0.39408201286077826
214200.0	500.0	2379.42270491343	0.0	0	643.8848606515967	2579.4227049133624	1	0	1	0.3940820128607747
215200.0	500.0	2379.4227049134215	0.0	0	510.7457031116355	2579.4227049133624	1	0	1	0.3940820128607747
216200.0	500.0	2379.4227049134106	0.0	0	565.6652644709102	2579.4227049133624	1	0	1	0.3940820128607747
217200.0	500.0	2379.4227049134147	0.0	0	216.55606862038258	2579.4227049133915	1	0	1	0.3940820128607711
218200.0	500.0	2379.4227049133933	0.0	0	275.6013081369165	2579.4227049133624	1	0	1	0.3940820128607747
219200.0	500.0	2379.422704913361	0.0	0	445.19677916145884	2579.4227049133624	1	0	1	0.3940820128607747
220200.0	500.0	2379.422704913369	0.0	0	553.3405718530121	2579.4227049133624	1	0	1	0.3940820128607747
221200.0	500.0	2379.4227049134015	0.0	0	482.01366960341693	2579.4227049133624	1	0	1	0.3940820128607747
222200.0	500.0	2379.4227049133856	0.0	0	295.47937747003743	2579.4227049133333	1	0	1	0.39408201286077826
223200.0	500.0	2379.422704913371	0.0	0	133.47311742015881	2579.422704913304	1	0	1	0.3940820128607818
224200.0	500.0	2379.422704913391	0.0	0	370.10384369138046	2579.422704913304	1	0	1	0.3940820128607818
225200.0	500.0	2379.4227049134074	0.0	0	408.1940971132717	2579.4227049133333	1	0	1	0.39408201286077826
226200.0	500.0	2379.422704913422	0.0	0	573.0962298690574	2579.4227049133333	1	0	1	0.39408201286077826
227200.0	500.0	2379.422704913451	0.0	0	549.7207828050887	2579.4227049133915	1	0	1	0.3940820128607718
228200.0	500.0	2379.422704913456	0.0	0	551.4531076622661	2579.4227049133915	1	0	1	0.3940820128607711
229200.0	500.0	2379.422704913441	0.0	0	467.72663478250615	2579.4227049133915	1	0	1	0.3940820128607711
230200.0	500.0	2379.4227049134256	0.0	0	30.58478549690335	2579.4227049133624	1	0	1	0.3940820128607747
231200.0	500.0	2379.422704913421	0.0	0	467.16682543212664	2579.4227049133624	1	0	1	0.3940820128607747
232200.0	500.0	2379.4227049134206	0.0	0	715.8050542751153	2579.4227049133624	1	0	1	0.3940820128607747
233200.0	500.0	2379.4227049134124	0.0	0	588.1055195662775	2579.4227049133624	1	0	1	0.3940820128607747
234200.0	500.0	2379.4227049134242	0.0	0	672.7296262895397	2579.4227049133624	1	0	1	0.3940820128607747
235200.0	500.0	2379.4227049134242	0.0	0	468.80116607728996	2579.4227049133624	1	0	1	0.3940820128607747
236200.0	500.0	2379.422704913415	0.0	0	594.2085603009327	2579.4227049133624	1	0	1	0.3940820128607747
237200.0	500.0	2379.422704913437	0.0	0	620.3345024067094	2579.4227049133624	1	0	1	0.3940820128607747
238200.0	500.0	2379.422704913412	0.0	0	585.8465498474252	2579.422704913304	1	0	1	0.39408201286078104
239200.0	500.0	2379.4227049134147	0.0	0	560.4932317848434	2579.422704913304	1	0	1	0.3940820128607818
240200.0	500.0	2379.4227049134247	0.0	0	707.5797408190847	2579.422704913304	1	0	1	0.3940820128607818
241200.0	500.0	2379.4227049134347	0.0	0	692.7807664524589	2579.422704913304	1	0	1	0.3940820128607818
242200.0	1000.0	2379.4227049134456	0.0	0	615.598831889627	2579.422704913304	1	0	1	0.3940820128607819
243901.48415396374	1000.0	1677.9385509496988	0.0	0	0.0	2579.422704913275	1	0	1	1.087229193420731
244979.30434048103	1000.0	1600.1183644324215	0.0	0	0.0	2579.422704913275	1	0	1	1.087229193420731
246561.3099000495	1000.0	1018.1128048639437	0.0	0	0.0	2579.422704913275	1	0	1	1.087229193420731
248005.4619773054	1000.0	573.9607276080471	0.0	0	0.0	2579.422704913246	1	0	1	1.0872291934207343
248742.9529261144	1000.0	836.4697787990353	0.0	0	0.0	2579.422704913246	1	0	1	1.0872291934207343
249588.20952343164	1000.0	991.213181481778	0.0	0	0.0	2579.422704913246	1	0	1	1.0872291934207343
250139.7600128462	1000.0	1439.6626920671952	0.0	0	0.0	2579.422704913275	1	0	1	1.087229193420731
250856.44285858466	1000.0	1722.9798463287473	0.0	0	0.0	2579.422704913275	1	0	1	1.087229193420731
251615.06258272348	1000.0	1964.3601221899187	0.0	0	0.0	2579.422704913275	1	0	1	1.087229193420731
252511.4560702249	1000.0	2067.9666346884883	0.0	0	0.0	2579.422704913275	1	0	1	1.087229193420731
253754.8997685342	1000.0	1824.522936379162	0.0	0	0.0	2579.422704913275	1	0	1	1.087229193420731
254580.29841308002	1000.0	1999.1242918333614	0.0	0	0.0	2579.422704913275	1	0	1	1.087229193420731
255292.51806882367	1000.0	2286.904636089724	0.0	0	0.0	2579.422704913275	1	0	1	1.087229193420731
256246.95374391827	1000.0	2332.468960995134	0.0	0	0.0	2579.422704913275	1	0	1	1.087229193420731
257200.0	1000.0	2379.4227049133888	0.0	0	41.46861899763462	2579.422704913275	1	0	1	1.087229193420731
258461.68039500495	1000.0	2117.742309908447	0.0	0	0.0	2579.422704913246	1	0	1	1.0872291934207343
259383.03716836756	1000.0	2196.3855365458435	0.0	0	0.0	2579.422704913275	1	0	1	1.087229193420731
260403.44520921574	1000.0	2175.9774956976303	0.0	0	0.0	2579.422704913275	1	0	1	1.087229193420731
261200.0	1000.0	2379.4227049133815	0.0	0	2.9658772066468373	2579.422704913275	1	0	1	1.087229193420731
262200.0	1000.0	2379.422704913399	0.0	0	244.22696119124885	2579.422704913275	1	0	1	1.087229193420731
263291.14664192224	1000.0	2288.2760629912063	0.0	0	0.0	2579.422704913304	1	0	1	1.0872291934207272
264877.3368612017	1000.0	1702.0858437117743	0.0	0	0.0	2579.4227049133624	1	0	1	1.087229193420723
265406.89814444614	1000.0	2172.5245604672737	0.0	0	0.0	2579.4227049134206	1	0	1	1.087229193420713
266426.05315166066	1000.0	2153.3695532527963	0.0	0	0.0	2579.4227049134206	1	0	1	1.087229193420713
267200.0	1000.0	2379.4227049134197	0.0	0	122.11414355353918	2579.4227049134206	1	0	1	1.087229193420713
268200.0	1000.0	2379.4227049133565	0.0	0	376.26560230366886	2579.4227049134206	1	0	1	1.087229193420713
269200.0	1000.0	2379.422704913379	0.0	0	59.834707519214135	2579.4227049134206	1	0	1	1.087229193420713
270200.0	1000.0	2379.422704913352	0.0	0	134.0097892328631	2579.4227049134206	1	0	1	1.087229193420713
271200.0	1000.0	2379.4227049133638	0.0	0	139.42193506017793	2579.4227049134206	1	0	1	1.087229193420713
272268.68019172625	1000.0	2310.7425131871205	0.0	0	0.0	2579.4227049134206	1	0	1	1.087229193420713
273422.2391614877	1000.0	2157.1835434256955	0.0	0	0.0	2579.4227049134206	1	0	1	1.087229193420713
274260.55299060344	1000.0	2318.8697143100117	0.0	0	0.0	2579.422704913479	1	0	1	1.087229193420706
275302.1192815225	1000.0	2277.303423390918	0.0	0	0.0	2579.422704913479	1	0	1	1.087229193420706
276237.86112599674	1000.0	2341.5615789166804	0.0	0	0.0	2579.422704913479	1	0	1	1.087229193420706
277398.5412643088	1000.0	2180.8814406046477	0.0	0	0.0	2579.422704913479	1	0	1	1.087229193420706
278200.0	500.0	2379.4227049134747	0.0	0	422.5027998916339	2579.422704913479	1	0	1	-0.2990651676991851
279200.0	500.0	2379.4227049135256	0.0	0	573.2444320869981	2579.422704913479	1	0	1	0.3940820128607604
280200.0	500.0	2379.4227049134856	0.0	0	661.4386899331002	2579.422704913479	1	0	1	0.3940820128607604
281200.0	500.0	2379.4227049134633	0.0	0	536.1186625502887	2579.4227049134206	1	0	1	0.39408201286076755
282200.0	500.0	2379.4227049134224	0.0	0	389.78072311682627	2579.4227049134206	1	0	1	0.39408201286076755
283255.21060935006	1000.0	2324.2120955633573	0.0	0	0.0	2579.4227049134206	1	0	1	0.3940820128607676
284482.840285011	1000.0	2096.5824199024046	0.0	0	0.0	2579.422704913479	1	0	1	1.087229193420706
285476.4035678826	1000.0	2103.0191370307994	0.0	0	0.0	2579.422704913479	1	0	1	1.087229193420706
286387.2203765904	1000.0	2192.202328323048	0.0	0	0.0	2579.422704913537	1	0	1	1.0872291934206988
287298.3602237156	1000.0	2281.0624811978437	0.0	0	0.0	2579.422704913537	1	0	1	1.0872291934206988
288255.2812367197	1000.0	2324.141468193699	0.0	0	0.0	2579.422704913595	1	0	1	1.0872291934206917
289200.0	1000.0	2379.422704913354	0.0	0	220.41448102652794	2579.422704913595	1	0	1	1.0872291934206917
290305.4969902859	1000.0	2273.925714627582	0.0	0	0.0	2579.4227049136534	1	0	1	1.0872291934206844
291200.0	1000.0	2379.4227049135216	0.0	0	167.66357687744312	2579.4227049136534	1	0	1	1.0872291934206844
292252.8309639458	1000.0	2326.5917409677863	0.0	0	0.0	2579.4227049136534	1	0	1	1.0872291934206844
293396.1624128824	1000.0	2183.26029203124	0.0	0	0.0	2579.4227049136534	1	0	1	1.0872291934206844
294511.834928577	1000.0	2067.587776336595	0.0	0	0.0	2579.4227049137116	1	0	1	1.0872291934206775
295232.80551323935	1000.0	2346.6171916743297	0.0	0	0.0	2579.4227049137116	1	0	1	1.0872291934206775
296200.0	1000.0	2379.4227049137235	0.0	0	299.76182583346963	2579.4227049136534	1	0	1	1.0872291934206844
297200.0	1000.0	2379.422704913698	0.0	0	212.22499034152133	2579.4227049137116	1	0	1	1.0872291934206775
298525.00475228304	1000.0	2054.417952630687	0.0	0	0.0	2579.4227049137116	1	0	1	1.0872291934206775
299200.0	1000.0	2379.4227049137276	0.0	0	204.58192811638582	2579.4227049137116	1	0	1	1.0872291934206775
300200.0	1000.0	2379.4227049137244	0.0	0	284.604469528771	2579.4227049137116	1	0	1	1.0872291934206775
1.15	1.42	1.07	1.41	1.88	1.77	1.46	1.65	1.1	1.04	1.18	1.11	1.18	1.47	0.68	0.92	1.41	1.58	1.23	1.38	1.04	1.38	1.92	1.54	1.56	0.43	0.81	0.94	0.75	0.89	0.93	1.11	1.22	0.85	0.78	0.9	1.18	0.93	0.95	1.44	1.67	1.41	1.22	0.97	1.23	0.76	0.72	1.05	1.45	1.05	1.38	0.98	1.0	0.87	0.72	1.02	0.78	0.94	1.26	1.09	1.36	1.17	1.0	1.27	0.67	1.0	1.34	1.39	0.88	0.5	0.79	1.05	1.02	0.93	1.17	1.08	0.67	0.68	1.29	1.83	1.34	1.42	1.04	1.1	1.17	1.4	1.68	2.13	2.18	1.92	0.54	0.82	1.03	0.75	0.67	1.23	1.49	1.98	1.3	1.42	0.83	0.82	1.66	1.03	1.08	1.01	0.98	1.05	1.17	1.15	1.1	0.53	1.54	1.26	1.19	1.4	1.32	1.14	1.08	0.96	1.17	1.0	0.98	1.07	1.02	1.11	1.14	1.27	0.83	0.86	1.18	1.1	0.8	1.02	1.09	1.16	1.33	1.16	1.09	1.08	0.8	1.22	1.25	1.82	1.56	0.8	1.82	1.76	0.89	0.65	1.15	1.42	1.07	1.41	1.88	1.77	1.46	1.65	1.1	1.04	1.18	1.11	1.18	1.47	0.68	0.92	1.41	1.58	1.23	1.38	1.04	1.38	1.92	1.54	1.56	0.43	0.81	0.94	0.75	0.89	0.93	1.11	1.22	0.85	0.78	0.9	1.18	0.93	0.95	1.44	1.67	1.41	1.22	0.97	1.23	0.76	0.72	1.05	1.45	1.05	1.38	0.98	1.0	0.87	0.72	1.02	0.78	0.94	1.26	1.09	1.36	1.17	1.0	1.27	0.67	1.0	1.34	1.39	0.88	0.5	0.79	1.05	1.02	0.93	1.17	1.08	0.67	0.68	1.29	1.83	1.34	1.42	1.04	1.1	1.17	1.4	1.68	2.13	2.18	1.92	0.54	0.82	1.03	0.75	0.67	1.23	1.49	1.98	1.3	1.42	0.83	0.82	1.66	1.03	1.08	1.01	0.98	1.05	1.17	1.15	1.1	0.53	1.54	1.26	1.19	1.4	1.32	1.14	1.08	0.96	1.17	1.0	0.98	1.07	1.02	1.11	1.14	1.27	0.83	0.86	1.18	1.1	0.8	1.02	1.09	1.16	1.33	1.16	1.09	1.08	0.8	1.22	1.25	1.82	1.56	0.8	1.82	1.76	0.89	0.65	1.15	1.42
1.0	2.0	3.0	4.0	5.0	6.0	7.0	8.0	9.0	10.0	11.0	12.0	13.0	14.0	15.0	16.0	17.0	18.0	19.0	20.0	21.0	22.0	23.0	24.0	25.0	26.0	27.0	28.0	29.0	30.0	31.0	32.0	33.0	34.0	35.0	36.0	37.0	38.0	39.0	40.0	41.0	42.0	43.0	44.0	45.0	46.0	47.0	48.0	49.0	50.0	51.0	52.0	53.0	54.0	55.0	56.0	57.0	58.0	59.0	60.0	61.0	62.0	63.0	64.0	65.0	66.0	67.0	68.0	69.0	70.0	71.0	72.0	73.0	74.0	75.0	76.0	77.0	78.0	79.0	80.0	81.0	82.0	83.0	84.0	85.0	86.0	87.0	88.0	89.0	90.0	91.0	92.0	93.0	94.0	95.0	96.0	97.0	98.0	99.0	100.0	101.0	102.0	103.0	104.0	105.0	106.0	107.0	108.0	109.0	110.0	111.0	112.0	113.0	114.0	115.0	116.0	117.0	118.0	119.0	120.0	121.0	122.0	123.0	124.0	125.0	126.0	127.0	128.0	129.0	130.0	131.0	132.0	133.0	134.0	135.0	136.0	137.0	138.0	139.0	140.0	141.0	142.0	143.0	144.0	145.0	146.0	147.0	148.0	149.0	149.0	150.0	151.0	152.0	153.0	154.0	155.0	156.0	157.0	158.0	159.0	160.0	161.0	162.0	163.0	164.0	165.0	166.0	167.0	168.0	169.0	170.0	171.0	172.0	173.0	174.0	175.0	176.0	177.0	178.0	179.0	180.0	181.0	182.0	183.0	184.0	185.0	186.0	187.0	188.0	189.0	190.0	191.0	192.0	193.0	194.0	195.0	196.0	197.0	198.0	199.0	200.0	201.0	202.0	203.0	204.0	205.0	206.0	207.0	208.0	209.0	210.0	211.0	212.0	213.0	214.0	215.0	216.0	217.0	218.0	219.0	220.0	221.0	222.0	223.0	224.0	225.0	226.0	227.0	228.0	229.0	230.0	231.0	232.0	233.0	234.0	235.0	236.0	237.0	238.0	239.0	240.0	241.0	242.0	243.0	244.0	245.0	246.0	247.0	248.0	249.0	250.0	251.0	252.0	253.0	254.0	255.0	256.0	257.0	258.0	259.0	260.0	261.0	262.0	263.0	264.0	265.0	266.0	267.0	268.0	269.0	270.0	271.0	272.0	273.0	274.0	275.0	276.0	277.0	278.0	279.0	280.0	281.0	282.0	283.0	284.0	285.0	286.0	287.0	288.0	289.0	290.0	291.0	292.0	293.0	294.0	295.0	296.0	297.0	298.0	298.0	299.0	300.0
3464.7274160701763
