3378.2853169622185	300.0	2000.0	420.53848867045764	0	0.0	3378.2853169622185	1	0	1	-2.761678386206402
3779.525219936057	300.0	2598.760097026162	0.0	0	0.0	3378.285316962219	1	0	1	-0.2611251401947672
4200.0	300.0	3178.2853169622185	0.0	0	64.42601102981644	3378.2853169622185	1	0	1	-0.2611251401947672
5200.0	500.0	3078.285316962218	0.0	0	485.11293478577227	3278.2853169622176	1	0	2	-0.645885076760564
6200.0	500.0	3078.2853169622185	0.0	0	497.01847244745477	3278.2853169622185	1	0	1	0.07389964798797957
7200.0	500.0	3078.285316962219	0.0	0	590.931334494263	3278.285316962219	1	0	1	0.27389964798797967
8200.0	500.0	3078.2853169622176	0.0	0	482.6421621977697	3278.2853169622185	1	0	1	0.2738996479879797
9200.0	500.0	2978.2853169622176	0.0	0	498.90851398186715	3178.2853169622194	1	0	2	-0.11254093208953359
10200.0	500.0	2978.2853169622176	0.0	0	427.11201337030616	3178.2853169622185	1	0	1	0.09606822525098266
11200.0	500.0	2978.285316962218	0.0	0	355.17749163948974	3178.2853169622194	1	0	1	0.29606822525098264
12200.0	500.0	2978.285316962217	0.0	0	171.50537887771497	3178.2853169622194	1	0	1	0.2960682252509826
13200.0	500.0	2978.2853169622185	0.0	0	373.1765567016828	3178.2853169622213	1	0	1	0.29606822525098225
14200.0	500.0	2978.285316962219	0.0	0	587.1953525254394	3178.2853169622213	1	0	1	0.29606822525098225
15200.0	500.0	2978.2853169622185	0.0	0	651.616089623667	3178.2853169622194	1	0	1	0.2960682252509826
16200.0	500.0	2978.285316962218	0.0	0	669.7933227946196	3178.2853169622176	1	0	1	0.296068225250983
17200.0	500.0	2878.285316962216	0.0	0	539.004907946397	3078.2853169622176	1	0	2	-0.09144185498778352
18200.0	500.0	2778.2853169622167	0.0	0	473.7893821439284	2978.2853169622176	1	0	2	0.12766270457632495
19200.0	500.0	2678.2853169622144	0.0	0	259.13968072341595	2878.2853169622176	1	0	2	0.14643607238561335
20200.0	500.0	2578.285316962216	0.0	0	631.0984731701537	2778.2853169622176	1	0	2	0.16122112205423805
21200.0	500.0	2578.285316962217	0.0	0	471.8209736923418	2778.2853169622176	1	0	1	0.16728936218296409
22200.0	500.0	2578.285316962219	0.0	0	589.2462579805979	2778.2853169622176	1	0	1	0.36728936218296426
23200.0	500.0	2578.285316962222	0.0	0	530.0179074840526	2778.2853169622176	1	0	1	0.36728936218296426
24200.0	500.0	2578.2853169622176	0.0	0	379.46549673111076	2778.2853169622176	1	0	1	0.36728936218296426
25200.0	500.0	2578.285316962219	0.0	0	530.8298899305373	2778.2853169622176	1	0	1	0.36728936218296426
26200.0	500.0	2578.2853169622203	0.0	0	453.53092314812966	2778.2853169622176	1	0	1	0.36728936218296426
27200.0	1000.0	2478.285316962226	0.0	0	105.98138963539168	2678.2853169622213	1	0	2	-0.022906766797222894
28200.0	1000.0	2478.285316962227	0.0	0	103.91662385566451	2678.2853169622213	1	0	1	0.8745284396549917
29217.95983052875	1000.0	2460.325486433479	0.0	0	0.0	2678.2853169622213	1	0	1	1.074528439654992
30200.0	1000.0	2478.2853169622244	0.0	0	142.34781622466107	2678.2853169622176	1	0	1	1.0745284396549923
31227.586323305724	1000.0	2347.9403613259246	0.0	0	0.0	2575.5266846316445	1	0	2	0.6836458146279502
32200.0	1000.0	2375.52668463165	0.0	0	417.0138933031885	2575.5266846316445	1	0	1	0.8877060723711344
33200.0	1000.0	2375.5266846316513	0.0	0	374.2159529278615	2575.526684631641	1	0	1	1.0877060723711347
34200.0	1000.0	2375.5266846316485	0.0	0	375.3751696593172	2575.5266846316335	1	0	1	1.0877060723711358
35200.0	1000.0	2375.5266846316426	0.0	0	237.26128215307108	2575.5266846316263	1	0	1	1.087706072371137
36442.59491306583	1000.0	2132.9317715658135	0.0	0	0.0	2575.52668463163	1	0	1	1.0877060723711365
37297.1522953045	1000.0	2278.3743893271326	0.0	0	0.0	2575.5266846316226	1	0	1	1.0877060723711374
38308.29432381236	1000.0	2267.232360819264	0.0	0	0.0	2575.5266846316226	1	0	1	1.0877060723711374
39241.54695645929	1000.0	2333.9797281723386	0.0	0	0.0	2575.5266846316226	1	0	1	1.0877060723711374
40200.0	1000.0	2375.5266846316317	0.0	0	228.36167231024592	2575.5266846316226	1	0	1	1.0877060723711374
41479.89503680403	1000.0	2095.6316478276053	0.0	0	0.0	2575.5266846316226	1	0	1	1.0877060723711374
43021.69701362039	1000.0	1553.8296710112388	0.0	0	0.0	2575.5266846316154	1	0	1	1.0877060723711383
43897.158404270194	1000.0	1678.3682803614313	0.0	0	0.0	2575.526684631608	1	0	1	1.0877060723711391
44619.744998736605	1000.0	1955.7816858950212	0.0	0	0.0	2575.5266846316154	1	0	1	1.0877060723711383
45200.0	500.0	2375.5266846316276	0.0	0	36.70295194258506	2575.5266846316226	1	0	1	-0.2985882887487534
46200.0	500.0	2375.52668463163	0.0	0	565.2139243909915	2575.5266846316226	1	0	1	0.39455889181119186
47200.0	500.0	2375.526684631632	0.0	0	420.4761460264417	2575.5266846316226	1	0	1	0.39455889181119186
48200.0	500.0	2375.52668463163	0.0	0	443.84938082630833	2575.5266846316226	1	0	1	0.39455889181119186
49200.0	500.0	2375.5266846316335	0.0	0	663.4609929836006	2575.5266846316226	1	0	1	0.39455889181119186
50200.0	500.0	2375.5266846316254	0.0	0	677.0958864124332	2575.5266846316226	1	0	1	0.39455889181119186
51200.0	500.0	2375.5266846316244	0.0	0	731.6646676335004	2575.5266846316226	1	0	1	0.39455889181119186
52200.0	500.0	2375.526684631615	0.0	0	424.00146781895455	2575.5266846316226	1	0	1	0.39455889181119186
53200.0	500.0	2375.526684631619	0.0	0	637.3804671203034	2575.5266846316226	1	0	1	0.39455889181119186
54200.0	1000.0	2375.526684631612	0.0	0	120.52750078028475	2575.5266846316154	1	0	1	0.3945588918111928
55200.0	1000.0	2375.5266846316067	0.0	0	317.8328824295895	2575.5266846316154	1	0	1	1.0877060723711383
56200.0	1000.0	2375.5266846316126	0.0	0	72.79814929618442	2575.5266846316226	1	0	1	1.0877060723711374
57230.8281123061	1000.0	2344.6985723255007	0.0	0	0.0	2575.5266846316226	1	0	1	1.0877060723711374
58200.0	1000.0	2375.5266846316017	0.0	0	340.7837933366973	2575.5266846316226	1	0	1	1.0877060723711374
59200.0	1000.0	2375.5266846315944	0.0	0	509.99506327202835	2575.5266846316226	1	0	1	1.0877060723711374
60200.0	1000.0	2375.526684631589	0.0	0	138.42911674985953	2575.5266846316154	1	0	1	1.0877060723711383
61200.0	1000.0	2375.5266846315963	0.0	0	208.73022537779616	2575.526684631608	1	0	1	1.0877060723711391
62200.0	1000.0	2375.526684631596	0.0	0	348.1614701545259	2575.526684631601	1	0	1	1.08770607237114
63200.0	1000.0	2375.5266846315994	0.0	0	87.50836483100284	2575.526684631601	1	0	1	1.08770607237114
64608.05782090502	1000.0	1967.4688637265797	0.0	0	0.0	2575.5266846315935	1	0	1	1.087706072371141
66000.15013422788	1000.0	1575.376550403712	0.0	0	0.0	2575.526684631579	1	0	1	1.0877060723711423
66805.23138684117	1000.0	1770.29529779043	0.0	0	0.0	2575.5266846315862	1	0	1	1.0877060723711423
67568.87835008449	1000.0	2006.6483345471004	0.0	0	0.0	2575.5266846315644	1	0	1	1.0877060723711436
68427.6610853756	1000.0	2147.865599255981	0.0	0	0.0	2575.52668463155	1	0	1	1.087706072371146
69648.43431780327	1000.0	1927.0923668283313	0.0	0	0.0	2575.52668463155	1	0	1	1.0877060723711462
70548.48558542854	1000.0	2027.0410992030565	0.0	0	0.0	2575.52668463155	1	0	1	1.0877060723711462
71200.0	1000.0	2375.5266846316076	0.0	0	80.79271800957213	2575.52668463155	1	0	1	1.0877060723711462
72200.0	1000.0	2375.526684631613	0.0	0	167.28392461550538	2575.52668463155	1	0	1	1.0877060723711462
73200.0	1000.0	2375.5266846316326	0.0	0	46.181141949942685	2575.52668463155	1	0	1	1.0877060723711462
74200.0	1000.0	2375.5266846316395	0.0	0	13.930405707811587	2575.52668463155	1	0	1	1.0877060723711462
75333.54244281963	1000.0	2241.9842418120043	0.0	0	0.0	2575.52668463155	1	0	1	1.0877060723711462
76677.30561306176	1000.0	1898.2210715698643	0.0	0	0.0	2575.52668463155	1	0	1	1.0877060723711462
77583.51578397452	1000.0	1992.010900657118	0.0	0	0.0	2575.52668463155	1	0	1	1.0877060723711462
78834.13634425886	1000.0	1741.3903403727777	0.0	0	0.0	2575.52668463155	1	0	1	1.0877060723711462
79403.39833998188	1000.0	2172.128344649751	0.0	0	0.0	2575.52668463155	1	0	1	1.0877060723711462
80200.0	1000.0	2375.526684631633	0.0	0	149.56147555212374	2575.5266846315644	1	0	1	1.0877060723711445
81200.0	1000.0	2375.526684631619	0.0	0	314.44130631908774	2575.5266846315644	1	0	1	1.0877060723711445
82200.0	1000.0	2375.5266846316063	0.0	0	71.32433461857727	2575.5266846315644	1	0	1	1.0877060723711445
83345.24657940614	1000.0	2230.2801052254563	0.0	0	0.0	2575.5266846315644	1	0	1	1.0877060723711445
84516.8036254973	1000.0	2058.723059134287	0.0	0	0.0	2575.52668463155	1	0	1	1.0877060723711462
85200.0	1000.0	2375.5266846315803	0.0	0	189.48390900292725	2575.52668463155	1	0	1	1.0877060723711462
86200.0	1000.0	2375.526684631581	0.0	0	503.31474235515634	2575.52668463155	1	0	1	1.0877060723711462
87200.0	1000.0	2375.526684631581	0.0	0	335.76464939715515	2575.5266846315353	1	0	1	1.087706072371148
88200.0	1000.0	2375.526684631583	0.0	0	464.08197055003257	2575.5266846315353	1	0	1	1.087706072371148
89200.0	1000.0	2375.5266846315926	0.0	0	357.56913598568644	2575.5266846315353	1	0	1	1.087706072371148
90200.0	1000.0	2375.526684631603	0.0	0	218.0747960499284	2575.5266846315353	1	0	1	1.087706072371148
91200.0	1000.0	2375.5266846316063	0.0	0	183.82678755071538	2575.5266846315353	1	0	1	1.087706072371148
92200.0	1000.0	2375.526684631607	0.0	0	116.49316976153932	2575.5266846315353	1	0	1	1.087706072371148
93200.0	1000.0	2375.5266846316144	0.0	0	131.9263894524629	2575.5266846315353	1	0	1	1.087706072371148
94200.0	1000.0	2375.52668463161	0.0	0	296.92768992598576	2575.5266846315353	1	0	1	1.087706072371148
95200.0	1000.0	2375.5266846316117	0.0	0	144.60102086386178	2575.5266846315353	1	0	1	1.087706072371148
96383.66316878163	1000.0	2191.8635158499956	0.0	0	0.0	2575.5266846315353	1	0	1	1.087706072371148
97373.0830698508	1000.0	2202.443614780797	0.0	0	0.0	2575.5266846315208	1	0	1	1.0877060723711498
98200.0	1000.0	2292.8349916167062	0.0	0	133.1050468939502	2492.8349916166335	1	0	2	0.6943061675980382
99200.0	1000.0	2292.8349916167085	0.0	0	73.37135146147921	2492.8349916166335	1	0	1	0.8974270942043796
100200.0	1000.0	2292.83499161671	0.0	0	70.96646875911392	2492.834991616648	1	0	1	1.0974270942043782
101290.03763319652	1000.0	2202.7973584201745	0.0	0	0.0	2492.8349916166335	1	0	1	1.0974270942043798
102854.38698285802	1000.0	1638.4480087586894	0.0	0	0.0	2492.8349916166335	1	0	1	1.0974270942043798
103756.09470073367	1000.0	1736.7402908830504	0.0	0	0.0	2492.8349916166335	1	0	1	1.0974270942043798
104608.93128563385	1000.0	1798.6200474928598	0.0	0	0.0	2407.5513331266266	1	0	2	0.7047069550293847
105263.98800723477	1000.0	2143.563325891944	0.0	0	0.0	2407.5513331266266	1	0	1	0.9066905170521857
106200.0	1000.0	2207.551333126727	0.0	0	330.776896581403	2407.5513331266266	1	0	1	1.106690517052186
107200.0	1000.0	2207.5513331267243	0.0	0	346.1421714626049	2407.5513331266266	1	0	1	1.106690517052186
108200.0	1000.0	2207.5513331267252	0.0	0	68.14451602709596	2407.5513331266266	1	0	1	1.106690517052186
109200.0	1000.0	2207.5513331267334	0.0	0	242.35161601522123	2407.551333126641	1	0	1	1.1066905170521844
110200.0	1000.0	2207.5513331267307	0.0	0	11.889445755907218	2407.5513331266557	1	0	1	1.1066905170521828
111217.57786419113	1000.0	2189.973468935603	0.0	0	0.0	2407.5513331266557	1	0	1	1.1066905170521828
112200.0	1000.0	2207.5513331267507	0.0	0	230.45388489292236	2407.5513331266557	1	0	1	1.1066905170521828
113200.0	1000.0	2207.551333126772	0.0	0	259.4377210451785	2407.55133312667	1	0	1	1.1066905170521815
114600.8510360235	1000.0	1806.7002971032668	0.0	0	0.0	2407.55133312667	1	0	1	1.1066905170521815
115991.40075509365	1000.0	1416.1505780331045	0.0	0	0.0	2407.5513331266557	1	0	1	1.1066905170521828
118237.75415357493	1000.0	200.0	30.202820448171423	0	0.0	2437.7541535748314	1	0	1	0.9248344699065016
118748.25281584937	500.0	786.0708122460239	96.56947452044551	0	0.0	2534.323628095386	1	0	1	-0.8730670299013312
119520.5109818281	500.0	1013.8126462672842	0.0	0	0.0	2534.3236280954006	1	0	1	0.3994969977812854
120312.84471245664	500.0	1221.4789156387583	0.0	0	0.0	2534.3236280954006	1	0	1	0.3994969977812854
121057.22643332946	500.0	1477.0971947659575	0.0	0	0.0	2534.3236280954006	1	0	1	0.3994969977812854
121766.05868771444	500.0	1768.2649403809853	0.0	0	0.0	2534.323628095415	1	0	1	0.3994969977812837
122288.49375475239	500.0	2245.8298733430365	0.0	0	0.0	2534.323628095415	1	0	1	0.3994969977812837
123200.0	500.0	2334.3236280954143	0.0	0	485.10563695219753	2534.3236280954006	1	0	1	0.3994969977812854
124200.0	500.0	2334.3236280954316	0.0	0	502.834080890083	2534.323628095415	1	0	1	0.3994969977812837
125200.0	500.0	2334.323628095437	0.0	0	648.8422906458145	2534.323628095415	1	0	1	0.3994969977812837
126200.0	500.0	2334.3236280954357	0.0	0	750.2930046629044	2534.3236280954006	1	0	1	0.3994969977812854
127200.0	500.0	2334.32362809544	0.0	0	476.82279344859126	2534.3236280954006	1	0	1	0.3994969977812854
128200.0	500.0	2334.3236280954325	0.0	0	604.5082388672745	2534.3236280954006	1	0	1	0.3994969977812854
129200.0	500.0	2334.323628095437	0.0	0	391.56217875884613	2534.3236280954006	1	0	1	0.3994969977812854
130200.0	500.0	2334.3236280954443	0.0	0	497.35746284491324	2534.3236280954006	1	0	1	0.3994969977812854
131200.0	500.0	2334.323628095444	0.0	0	243.8332224227197	2534.3236280954006	1	0	1	0.3994969977812854
132200.0	500.0	2334.32362809545	0.0	0	350.6113986217824	2534.3236280954006	1	0	1	0.3994969977812857
133200.0	500.0	2334.3236280954516	0.0	0	553.4709863866156	2534.3236280954006	1	0	1	0.3994969977812854
134200.0	500.0	2334.3236280954584	0.0	0	658.4366251042811	2534.323628095415	1	0	1	0.3994969977812837
135200.0	500.0	2334.3236280954698	0.0	0	309.6805279244145	2534.323628095415	1	0	1	0.3994969977812837
136200.0	500.0	2334.3236280955093	0.0	0	383.965460430627	2534.323628095415	1	0	1	0.3994969977812837
137200.0	500.0	2334.3236280955116	0.0	0	653.4969738001237	2534.323628095415	1	0	1	0.3994969977812837
138200.0	500.0	2334.3236280954975	0.0	0	416.8370660117944	2534.323628095415	1	0	1	0.3994969977812837
139200.0	500.0	2334.3236280954934	0.0	0	262.59140060367645	2534.323628095415	1	0	1	0.3994969977812837
140200.0	500.0	2334.323628095492	0.0	0	496.5656619525398	2534.323628095386	1	0	1	0.3994969977812871
141200.0	500.0	2334.3236280954925	0.0	0	478.32495875289897	2534.323628095386	1	0	1	0.3994969977812871
142200.0	500.0	2334.323628095485	0.0	0	667.8240694281703	2534.323628095386	1	0	1	0.3994969977812871
143200.0	500.0	2334.3236280954866	0.0	0	634.9040403316903	2534.323628095386	1	0	1	0.3994969977812871
144200.0	500.0	2334.3236280955075	0.0	0	689.8473585321335	2534.323628095386	1	0	1	0.3994969977812871
145200.0	500.0	2334.323628095519	0.0	0	629.8095951697906	2534.323628095386	1	0	1	0.3994969977812871
146200.0	1000.0	2334.3236280955025	0.0	0	222.14296299454872	2534.323628095357	1	0	1	0.39949699778129066
147200.0	1000.0	2334.3236280954807	0.0	0	93.58980184185202	2534.323628095357	1	0	1	1.092644178341236
148288.48196694397	1000.0	2245.841661151514	0.0	0	0.0	2534.323628095357	1	0	1	1.092644178341236
149200.0	1000.0	2334.323628095472	0.0	0	172.0434007125441	2534.323628095357	1	0	1	1.092644178341236
150200.0	1000.0	2334.3236280954975	0.0	0	266.1273065977439	2534.323628095386	1	0	1	1.0926441783412326
151200.0	1000.0	2334.3236280955016	0.0	0	420.23586598719703	2534.323628095415	1	0	1	1.092644178341229
152691.01385088425	1000.0	1843.3097772112442	0.0	0	0.0	2534.323628095415	1	0	1	1.092644178341229
153708.98665257418	1000.0	1825.33697552133	0.0	0	0.0	2534.323628095386	1	0	1	1.0926441783412313
154621.52909222717	1000.0	1912.7945358683248	0.0	0	0.0	2534.323628095386	1	0	1	1.0926441783412326
155269.89276446184	1000.0	2264.430863633671	0.0	0	0.0	2534.323628095386	1	0	1	1.0926441783412326
156200.0	1000.0	2334.323628095499	0.0	0	305.49094029772095	2534.323628095386	1	0	1	1.0926441783412326
157200.0	1000.0	2334.3236280954925	0.0	0	263.6985643655644	2534.323628095386	1	0	1	1.0926441783412326
158583.76118664732	1000.0	1950.5624414481872	0.0	0	0.0	2534.323628095357	1	0	1	1.092644178341236
159466.86822117367	1000.0	2067.4554069218066	0.0	0	0.0	2534.323628095357	1	0	1	1.092644178341236
160259.08782281083	1000.0	2275.235805284654	0.0	0	0.0	2534.323628095386	1	0	1	1.0926441783412326
161573.8082966823	1000.0	1960.5153314131592	0.0	0	0.0	2534.323628095386	1	0	1	1.0926441783412326
162919.76381087283	1000.0	1614.5598172226523	0.0	0	0.0	2534.323628095357	1	0	1	1.092644178341236
163701.87951816083	1000.0	1832.4441099346834	0.0	0	0.0	2534.323628095357	1	0	1	1.092644178341236
164328.25689078617	1000.0	2206.0667373093384	0.0	0	0.0	2534.323628095357	1	0	1	1.092644178341236
165200.0	1000.0	2334.3236280955075	0.0	0	125.06204588664696	2534.323628095357	1	0	1	1.092644178341236
166317.06847250165	1000.0	2217.2551555938553	0.0	0	0.0	2534.323628095357	1	0	1	1.092644178341236
167660.3245414165	1000.0	1873.999086679003	0.0	0	0.0	2534.323628095415	1	0	1	1.092644178341231
168543.18387330315	1000.0	1991.139754792366	0.0	0	0.0	2534.3236280954443	1	0	1	1.0926441783412257
169297.1076210621	1000.0	2237.216007033375	0.0	0	0.0	2534.323628095415	1	0	1	1.092644178341229
170282.03096150595	1000.0	2252.2926665895106	0.0	0	0.0	2534.3236280954443	1	0	1	1.0926441783412257
171200.0	1000.0	2334.3236280954616	0.0	0	97.39242871652823	2534.3236280954734	1	0	1	1.0926441783412224
172200.0	1000.0	2334.3236280954548	0.0	0	200.37625052785734	2534.3236280954734	1	0	1	1.0926441783412224
173200.0	1000.0	2334.323628095461	0.0	0	354.8030052066606	2534.3236280954734	1	0	1	1.0926441783412224
174200.0	1000.0	2334.3236280954884	0.0	0	139.50029610446654	2534.3236280955025	1	0	1	1.0926441783412189
175200.0	1000.0	2334.323628095449	0.0	0	139.0091638424783	2534.3236280955025	1	0	1	1.0926441783412189
176590.78533433238	1000.0	1943.5382937630307	0.0	0	0.0	2534.3236280954734	1	0	1	1.0926441783412224
177734.1854432209	1000.0	1685.798173985642	0.0	0	0.0	2419.9836172065698	1	0	2	0.702646922946451
178298.83106765602	1000.0	2121.152549550484	0.0	0	0.0	2419.9836172065698	1	0	1	0.9053861571221216
179200.0	1000.0	2219.983617206489	0.0	0	26.433582966186805	2419.983617206599	1	0	1	1.1053861571221186
180450.75017248816	1000.0	1969.2334447183123	0.0	0	0.0	2419.983617206599	1	0	1	1.1053861571221186
181200.0	1000.0	2219.9836172064556	0.0	0	157.85458517968073	2419.983617206599	1	0	1	1.1053861571221186
182200.0	1000.0	2219.983617206452	0.0	0	425.5439934297174	2419.983617206599	1	0	1	1.1053861571221186
183200.0	1000.0	2219.983617206427	0.0	0	164.34570649612579	2419.983617206628	1	0	1	1.1053861571221155
184200.0	1000.0	2219.9836172064256	0.0	0	304.28852091904264	2419.983617206628	1	0	1	1.1053861571221155
185525.41315979479	1000.0	1894.5704574116287	0.0	0	0.0	2419.983617206628	1	0	1	1.1053861571221155
186608.24480850252	1000.0	1811.7388087038864	0.0	0	0.0	2419.983617206628	1	0	1	1.1053861571221155
187386.7325835583	1000.0	2033.251033648117	0.0	0	0.0	2419.983617206628	1	0	1	1.1053861571221155
188200.0	1000.0	2219.9836172064224	0.0	0	178.13152816169895	2419.983617206657	1	0	1	1.1053861571221124
189397.24807352645	1000.0	2022.7355436800012	0.0	0	0.0	2419.983617206657	1	0	1	1.1053861571221124
190471.9839594902	1000.0	1947.9996577163042	0.0	0	0.0	2419.983617206657	1	0	1	1.1053861571221124
191777.3437638956	1000.0	1642.6398533109154	0.0	0	0.0	2419.983617206657	1	0	1	1.1053861571221124
192563.20621121748	1000.0	1856.7774059890216	0.0	0	0.0	2419.983617206657	1	0	1	1.1053861571221124
193578.07282786167	1000.0	1841.9107893448202	0.0	0	0.0	2419.983617206657	1	0	1	1.1053861571221124
194665.9216171681	1000.0	1754.0620000384347	0.0	0	0.0	2419.983617206657	1	0	1	1.1053861571221106
195233.62978431882	1000.0	2186.3538328876834	0.0	0	0.0	2419.983617206657	1	0	1	1.1053861571221124
196200.0	1000.0	2219.9836172064975	0.0	0	114.25886204501148	2419.983617206657	1	0	1	1.1053861571221124
197200.0	1000.0	2219.98361720649	0.0	0	316.27397414064035	2419.983617206657	1	0	1	1.1053861571221124
198200.0	1000.0	2219.9836172064997	0.0	0	424.664462193643	2419.983617206686	1	0	1	1.1053861571221093
199200.0	1000.0	2219.9836172064815	0.0	0	329.57019595228485	2419.983617206686	1	0	1	1.1053861571221093
200200.0	1000.0	2219.983617206496	0.0	0	217.16493898350745	2419.983617206686	1	0	1	1.1053861571221093
201281.25501897503	1000.0	2138.728598231487	0.0	0	0.0	2419.983617206686	1	0	1	1.1053861571221093
202200.0	1000.0	2219.983617206515	0.0	0	31.997334709769348	2419.9836172067153	1	0	1	1.1053861571221062
203200.0	1000.0	2219.983617206539	0.0	0	250.48472733431845	2419.9836172067444	1	0	1	1.1053861571221033
204200.0	1000.0	2219.983617206511	0.0	0	191.40009175686282	2419.9836172067153	1	0	1	1.1053861571221062
205200.0	1000.0	2219.9836172065156	0.0	0	252.65654796781018	2419.9836172067153	1	0	1	1.1053861571221062
206200.0	1000.0	2219.983617206484	0.0	0	166.4236146932235	2419.9836172067153	1	0	1	1.1053861571221062
207200.0	1000.0	2219.983617206454	0.0	0	313.5323075467895	2419.983617206686	1	0	1	1.1053861571221093
208200.0	1000.0	2219.9836172064297	0.0	0	276.1666126836499	2419.9836172067153	1	0	1	1.1053861571221062
209200.0	1000.0	2219.9836172064065	0.0	0	369.1068631091621	2419.983617206686	1	0	1	1.1053861571221086
210205.4465963548	1000.0	2214.5370208516674	0.0	0	0.0	2419.9836172067153	1	0	1	1.1053861571221062
211200.0	1000.0	2219.983617206448	0.0	0	374.06116771456436	2419.9836172067153	1	0	1	1.1053861571221062
212200.0	1000.0	2219.983617206449	0.0	0	1.1225481989968102	2419.983617206686	1	0	1	1.1053861571221093
213992.75930481465	1000.0	1427.2243123918338	0.0	0	0.0	2419.983617206686	1	0	1	1.1053861571221093
215374.21214474228	1000.0	1045.7714724641908	0.0	0	0.0	2419.983617206686	1	0	1	1.1053861571221093
216522.94131048067	1000.0	897.0423067257924	0.0	0	0.0	2419.983617206686	1	0	1	1.1053861571221093
217193.68984299703	1000.0	1226.2937742094161	0.0	0	0.0	2419.983617206686	1	0	1	1.1053861571221093
217926.310437504	1000.0	1493.6731797024584	0.0	0	0.0	2419.983617206657	1	0	1	1.1053861571221124
218688.24065744702	1000.0	1731.7429597594137	0.0	0	0.0	2419.983617206657	1	0	1	1.1053861571221124
219557.41212286626	1000.0	1862.5714943401777	0.0	0	0.0	2419.983617206686	1	0	1	1.1053861571221093
220240.0407364012	1000.0	2111.6800194517264	0.0	0	0.0	2351.7207558531663	1	0	2	0.7105859061782899
221200.0	1000.0	2151.7207558529367	0.0	0	228.54911323430133	2351.7207558531663	1	0	1	0.9123623967242379
222373.32057448913	1000.0	1978.40018136379	0.0	0	0.0	2351.7207558531663	1	0	1	1.1123623967242382
223481.79025480934	1000.0	1869.9305010436028	0.0	0	0.0	2351.7207558531663	1	0	1	1.1123623967242382
224879.298415982	1000.0	1472.422339870979	0.0	0	0.0	2351.7207558531663	1	0	1	1.1123623967242382
226076.26959674744	1000.0	1275.4511591055352	0.0	0	0.0	2351.7207558531954	1	0	1	1.1123623967242358
226812.8384983357	1000.0	1538.8822575172583	0.0	0	0.0	2351.7207558531954	1	0	1	1.1123623967242353
227767.76960378527	1000.0	1583.9511520677072	0.0	0	0.0	2351.7207558531954	1	0	1	1.1123623967242364
228374.65284613482	1000.0	1977.0679097181944	0.0	0	0.0	2351.7207558531954	1	0	1	1.1123623967242353
229200.0	1000.0	2151.7207558529844	0.0	0	109.01212687412044	2351.7207558531663	1	0	1	1.1123623967242382
230200.0	1000.0	2151.7207558529976	0.0	0	327.2423675050959	2351.7207558531372	1	0	1	1.112362396724241
231200.0	1000.0	2151.720755853038	0.0	0	30.087705958634615	2351.7207558531372	1	0	1	1.112362396724241
232419.04897070464	1000.0	1932.671785148405	0.0	0	0.0	2351.720755853108	1	0	1	1.1123623967242438
233356.60757437669	1000.0	1995.113181476362	0.0	0	0.0	2351.720755853108	1	0	1	1.1123623967242438
234200.0	1000.0	2151.7207558530163	0.0	0	297.5007479554333	2351.720755853108	1	0	1	1.1123623967242438
235200.0	1000.0	2151.7207558530313	0.0	0	381.5879630606796	2351.720755853108	1	0	1	1.1123623967242438
236200.0	1000.0	2151.720755853016	0.0	0	604.8656061821093	2351.720755853108	1	0	1	1.1123623967242438
237200.0	1000.0	2151.720755853039	0.0	0	482.1199432677531	2351.720755853108	1	0	1	1.1123623967242438
238200.0	1000.0	2151.7207558530718	0.0	0	402.986835837306	2351.720755853108	1	0	1	1.1123623967242438
239200.0	1000.0	2151.720755853079	0.0	0	33.19973265667795	2351.720755853108	1	0	1	1.1123623967242438
240200.0	1000.0	2151.72075585306	0.0	0	138.37881460395874	2351.720755853108	1	0	1	1.1123623967242438
241200.0	1000.0	2151.720755853081	0.0	0	185.19696730127907	2351.720755853079	1	0	1	1.1123623967242466
242200.0	1000.0	2151.7207558530963	0.0	0	215.01712124343612	2351.720755853108	1	0	1	1.1123623967242438
243200.0	1000.0	2151.720755853086	0.0	0	184.46624577147304	2351.7207558531372	1	0	1	1.112362396724241
244200.0	1000.0	2151.720755853101	0.0	0	193.47384205763228	2351.7207558531372	1	0	1	1.112362396724241
245200.0	1000.0	2151.720755853111	0.0	0	198.42802071475307	2351.7207558531372	1	0	1	1.112362396724241
246200.0	1000.0	2151.7207558531063	0.0	0	247.4036179697723	2351.7207558531372	1	0	1	1.112362396724241
247200.0	1000.0	2151.7207558531045	0.0	0	226.7247455965844	2351.720755853108	1	0	1	1.1123623967242438
248200.0	1000.0	2151.720755853079	0.0	0	202.3830493434216	2351.720755853108	1	0	1	1.1123623967242438
249200.0	1000.0	2151.720755853072	0.0	0	269.08828107547015	2351.720755853108	1	0	1	1.1123623967242438
250267.0069586144	1000.0	2084.71379723868	0.0	0	0.0	2351.720755853079	1	0	1	1.1123623967242466
251571.95936921178	1000.0	1779.7613866412921	0.0	0	0.0	2351.72075585305	1	0	1	1.1123623967242473
252762.599986782	1000.0	1589.1207690710523	0.0	0	0.0	2351.720755853021	1	0	1	1.1123623967242513
253440.86847218804	1000.0	1910.8522836650077	0.0	0	0.0	2351.720755853021	1	0	1	1.1123623967242526
254200.0	1000.0	2151.7207558530145	0.0	0	227.20679292533896	2351.720755853021	1	0	1	1.1123623967242526
255200.0	1000.0	2151.7207558530404	0.0	0	576.6338503049628	2351.720755853021	1	0	1	1.1123623967242526
256200.0	1000.0	2151.720755853047	0.0	0	485.15601693611825	2351.720755853021	1	0	1	1.1123623967242526
257226.1962001821	1000.0	2125.524555670917	0.0	0	0.0	2351.720755853021	1	0	1	1.1123623967242526
258210.01852555657	1000.0	2141.7022302964715	0.0	0	0.0	2351.720755853021	1	0	1	1.1123623967242526
259361.1728717841	1000.0	1990.5478840689166	0.0	0	0.0	2351.720755853021	1	0	1	1.1123623967242526
260503.08152615163	1000.0	1848.6392297013992	0.0	0	0.0	2351.72075585305	1	0	1	1.1123623967242495
261200.0	1000.0	2151.7207558530204	0.0	0	30.338403027824825	2351.72075585305	1	0	1	1.1123623967242495
262200.0	1000.0	2151.7207558530727	0.0	0	19.97312115499517	2351.720755853079	1	0	1	1.112362396724249
263200.0	1000.0	2151.7207558529963	0.0	0	91.60000690934248	2351.7207558529917	1	0	1	1.1123623967242524
264496.1337483392	1000.0	1855.5870075138207	0.0	0	0.0	2351.72075585305	1	0	1	1.1123623967242526
265795.66228612064	1000.0	1556.0584697323843	0.0	0	0.0	2351.72075585305	1	0	1	1.1123623967242495
266734.2165711007	500.0	1617.5041847523541	0.0	0	0.0	2351.72075585305	1	0	1	-0.2739319643956434
267437.7854897045	500.0	1913.9352661484847	0.0	0	0.0	2351.72075585305	1	0	1	0.4192152161643042
268200.0	500.0	2151.720755853043	0.0	0	217.3619815959828	2351.72075585305	1	0	1	0.4192152161643042
269200.0	500.0	2151.720755853002	0.0	0	343.08176584291505	2351.72075585305	1	0	1	0.4192152161643042
270200.0	500.0	2151.720755852994	0.0	0	355.29701261775335	2351.72075585305	1	0	1	0.4192152161643042
271200.0	500.0	2151.720755852976	0.0	0	407.0557404186693	2351.72075585305	1	0	1	0.4192152161643042
272200.0	500.0	2151.7207558529553	0.0	0	567.3825021999073	2351.720755853108	1	0	1	0.4192152161642984
273200.0	500.0	2151.7207558529526	0.0	0	506.6025189603097	2351.72075585305	1	0	1	0.4192152161643031
274200.0	500.0	2151.720755852948	0.0	0	614.8327845241874	2351.72075585305	1	0	1	0.4192152161643042
275200.0	500.0	2151.720755853013	0.0	0	640.1804015723756	2351.72075585305	1	0	1	0.4192152161643042
276200.0	500.0	2151.7207558530704	0.0	0	491.10361900378484	2351.72075585305	1	0	1	0.4192152161643042
277200.0	500.0	2151.720755853076	0.0	0	611.974143274012	2351.72075585305	1	0	1	0.4192152161643042
278200.0	500.0	2151.7207558530718	0.0	0	541.4055317521561	2351.72075585305	1	0	1	0.4192152161643042
279226.0938542262	1000.0	2125.6269016269252	0.0	0	0.0	2351.72075585305	1	0	1	0.41921521616430424
280358.6714332211	1000.0	1993.0493226320448	0.0	0	0.0	2351.7207558529917	1	0	1	1.1123623967242553
281200.0	1000.0	2151.7207558531168	0.0	0	117.95825404237257	2351.7207558529335	1	0	1	1.112362396724261
282200.0	1000.0	2151.720755853141	0.0	0	266.02289126295364	2351.7207558529335	1	0	1	1.112362396724261
283200.0	1000.0	2151.720755853139	0.0	0	374.31193346501095	2351.7207558529917	1	0	1	1.1123623967242564
284709.7436214499	1000.0	1491.0027722582145	0.0	0	0.0	2200.7463937080465	1	0	2	0.7232850794467528
285574.29697091714	1000.0	1626.4494227909963	0.0	0	0.0	2200.7463937081047	1	0	1	0.9262742916912037
286441.7604946914	1000.0	1758.9858990167477	0.0	0	0.0	2200.7463937081047	1	0	1	1.1262742916911999
287505.8625157799	1000.0	1694.8838779282396	0.0	0	0.0	2200.7463937080465	1	0	1	1.1262742916912047
288200.0	500.0	2000.7463937081043	0.0	0	125.80876240145881	2200.7463937080465	1	0	1	-0.260020069428686
289200.0	500.0	2000.7463937080465	0.0	0	586.5680934977136	2200.7463937079883	1	0	1	0.43312711113126434
290200.0	500.0	2000.7463937080215	0.0	0	452.09832694614306	2200.7463937080465	1	0	1	0.43312711113125935
291200.0	1000.0	2000.7463937080256	0.0	0	456.7184665220557	2200.7463937080465	1	0	1	0.43312711113125946
292200.0	1000.0	2000.7463937079647	0.0	0	413.4736604630016	2200.7463937080465	1	0	1	1.1262742916912047
293200.0	1000.0	2000.746393707967	0.0	0	445.05630474630743	2200.7463937080465	1	0	1	1.1262742916912047
294200.0	1000.0	2000.7463937079788	0.0	0	382.3708335632691	2200.7463937080465	1	0	1	1.1262742916912047
295200.0	1000.0	2000.7463937078892	0.0	0	295.3736942617106	2200.7463937079883	1	0	1	1.1262742916912099
296200.0	1000.0	2000.746393707905	0.0	0	59.89107771025738	2200.7463937079883	1	0	1	1.1262742916912099
297200.0	1000.0	2000.7463937079983	0.0	0	242.6671639654669	2200.7463937079883	1	0	1	1.1262742916912099
298200.0	1000.0	2000.7463937079738	0.0	0	79.93351189716486	2200.74639370793	1	0	1	1.1262742916912147
299200.0	1000.0	2000.7463937079679	0.0	0	186.3786724244128	2200.74639370793	1	0	1	1.1262742916912147
300200.0	1000.0	2000.7463937079656	0.0	0	126.16795385006117	2200.74639370793	1	0	1	1.1262742916912147
0.74	0.8	1.16	1.37	1.29	1.11	0.75	1.16	1.04	0.51	0.8	1.24	1.68	1.11	1.1	0.58	1.04	1.19	1.4	1.39	1.02	1.24	1.44	0.97	0.97	0.96	1.47	1.47	0.85	1.91	1.58	1.54	1.44	0.75	0.94	1.29	1.38	1.08	0.68	0.75	1.12	1.23	1.09	1.39	0.95	1.42	2.28	1.97	1.25	1.1	1.22	1.45	1.03	1.05	1.41	1.53	1.9	1.42	1.02	1.44	0.93	0.71	0.56	0.83	1.15	1.23	1.05	1.14	1.36	1.25	1.02	0.94	1.05	0.86	1.1	1.0	1.39	1.88	1.58	1.04	1.08	0.92	1.67	2.02	1.97	1.55	1.38	1.37	1.39	1.4	1.38	1.66	1.08	1.03	1.32	1.54	1.29	1.18	1.2	0.66	0.98	1.46	2.18	1.89	1.47	1.17	1.18	1.09	1.15	1.19	1.16	0.89	0.78	0.61	0.51	0.64	0.86	0.8	0.8	1.24	1.09	1.46	1.99	1.61	1.08	1.0	0.94	0.71	0.7	1.31	1.87	1.36	0.61	1.41	1.26	0.8	0.88	1.01	1.3	1.78	2.03	2.15	1.41	1.19	1.32	1.23	1.16	1.88	1.14	1.12	0.74	0.8	1.16	1.37	1.29	1.11	0.75	1.16	1.04	0.51	0.8	1.24	1.68	1.11	1.1	0.58	1.04	1.19	1.4	1.39	1.02	1.24	1.44	0.97	0.97	0.96	1.47	1.47	0.85	1.91	1.58	1.54	1.44	0.75	0.94	1.29	1.38	1.08	0.68	0.75	1.12	1.23	1.09	1.39	0.95	1.42	2.28	1.97	1.25	1.1	1.22	1.45	1.03	1.05	1.41	1.53	1.9	1.42	1.02	1.44	0.93	0.71	0.56	0.83	1.15	1.23	1.05	1.14	1.36	1.25	1.02	0.94	1.05	0.86	1.1	1.0	1.39	1.88	1.58	1.04	1.08	0.92	1.67	2.02	1.97	1.55	1.38	1.37	1.39	1.4	1.38	1.66	1.08	1.03	1.32	1.54	1.29	1.18	1.2	0.66	0.98	1.46	2.18	1.89	1.47	1.17	1.18	1.09	1.15	1.19	1.16	0.89	0.78	0.61	0.51	0.64	0.86	0.8	0.8	1.24	1.09	1.46	1.99	1.61	1.08	1.0	0.94	0.71	0.7	1.31	1.87	1.36	0.61	1.41	1.26	0.8	0.88	1.01	1.3	1.78	2.03	2.15	1.41	1.19	1.32	1.23	1.16	1.88	1.14	1.12	0.74	0.8
1.0	2.0	3.0	4.0	5.0	6.0	7.0	8.0	9.0	10.0	11.0	12.0	13.0	14.0	15.0	16.0	17.0	18.0	19.0	20.0	21.0	22.0	23.0	24.0	25.0	26.0	27.0	28.0	29.0	30.0	31.0	32.0	33.0	34.0	35.0	36.0	37.0	38.0	39.0	40.0	41.0	42.0	43.0	44.0	45.0	46.0	47.0	48.0	49.0	50.0	51.0	52.0	53.0	54.0	55.0	56.0	57.0	58.0	59.0	60.0	61.0	62.0	63.0	64.0	65.0	66.0	67.0	68.0	69.0	70.0	71.0	72.0	73.0	74.0	75.0	76.0	77.0	78.0	79.0	80.0	81.0	82.0	83.0	84.0	85.0	86.0	87.0	88.0	89.0	90.0	91.0	92.0	93.0	94.0	95.0	96.0	97.0	98.0	99.0	100.0	101.0	102.0	103.0	104.0	105.0	106.0	107.0	108.0	109.0	110.0	111.0	112.0	113.0	114.0	115.0	116.0	117.0	118.0	119.0	120.0	121.0	122.0	123.0	124.0	125.0	126.0	127.0	128.0	129.0	130.0	131.0	132.0	133.0	134.0	135.0	136.0	137.0	138.0	139.0	140.0	141.0	142.0	143.0	144.0	145.0	146.0	147.0	148.0	149.0	149.0	150.0	151.0	152.0	153.0	154.0	155.0	156.0	157.0	158.0	159.0	160.0	161.0	162.0	163.0	164.0	165.0	166.0	167.0	168.0	169.0	170.0	171.0	172.0	173.0	174.0	175.0	176.0	177.0	178.0	179.0	180.0	181.0	182.0	183.0	184.0	185.0	186.0	187.0	188.0	189.0	190.0	191.0	192.0	193.0	194.0	195.0	196.0	197.0	198.0	199.0	200.0	201.0	202.0	203.0	204.0	205.0	206.0	207.0	208.0	209.0	210.0	211.0	212.0	213.0	214.0	215.0	216.0	217.0	218.0	219.0	220.0	221.0	222.0	223.0	224.0	225.0	226.0	227.0	228.0	229.0	230.0	231.0	232.0	233.0	234.0	235.0	236.0	237.0	238.0	239.0	240.0	241.0	242.0	243.0	244.0	245.0	246.0	247.0	248.0	249.0	250.0	251.0	252.0	253.0	254.0	255.0	256.0	257.0	258.0	259.0	260.0	261.0	262.0	263.0	264.0	265.0	266.0	267.0	268.0	269.0	270.0	271.0	272.0	273.0	274.0	275.0	276.0	277.0	278.0	279.0	280.0	281.0	282.0	283.0	284.0	285.0	286.0	287.0	288.0	289.0	290.0	291.0	292.0	293.0	294.0	295.0	296.0	297.0	298.0	298.0	299.0	300.0
2501.4066326619904
