4943.103528390648	300.0	2000.0	140.08667528069427	0	0.0	4943.103528390648	1	0	1	-1.8404092091299125
5105.451815727697	300.0	2821.416883929246	0.0	0	0.0	4926.868699656943	1	0	2	-1.4121615846998918
5365.014273456014	500.0	3535.8981804280966	0.0	0	0.0	4900.9124538841115	1	0	2	-1.1942778758959933
5572.881531865948	500.0	4307.244196177171	0.0	0	0.0	4880.125728043119	1	0	2	-0.6667107577584357
6200.0	1000.0	4617.413881229714	0.0	0	228.0298383015379	4817.413881229713	1	0	2	-0.6369632878295078
7200.0	1000.0	4517.413881229716	0.0	0	522.0244250763881	4717.413881229715	1	0	2	0.11807292087405466
8200.0	1000.0	4417.413881229714	0.0	0	374.49476907003555	4617.413881229713	1	0	2	0.18698391714585358
9200.0	1000.0	4317.413881229714	0.0	0	527.5040792527798	4517.413881229714	1	0	2	0.24968889602690766
10474.186105752748	2000.0	3915.8091649016933	0.0	0	0.0	4389.995270654441	1	0	2	0.3259037846411638
12321.034468576629	3000.0	2884.275965795425	0.0	0	0.0	4205.310434372053	1	0	2	1.1175285344014818
13695.316928120064	3000.0	2372.5652602976447	0.0	0	0.0	4067.8821884177087	1	0	2	1.5884870004952363
15312.791107291547	3000.0	1593.3436632090145	0.0	0	0.0	3906.134770500561	1	0	2	1.6536699218577424
16201.95316050527	2000.0	1615.2654046739174	0.0	0	0.0	3817.218565179186	1	0	2	0.8887402332007874
17439.4385897864	2000.0	1254.0314324646763	0.0	0	0.0	3693.4700222510764	1	0	2	1.33427375641793
18063.559752303696	2000.0	1567.4981536956486	0.0	0	0.0	3631.0579059993415	1	0	2	1.3600487649983029
18705.07971676759	2000.0	1861.826192785371	0.0	0	0.0	3566.9059095529574	1	0	2	1.3793513669687574
19448.00257647434	2000.0	2118.9033330786215	0.0	0	0.0	3566.905909552961	1	0	1	1.3842758024434547
20417.60512277014	2000.0	2052.3405321532464	0.0	0	0.0	3469.94565492338	1	0	2	1.2052938328942928
21219.742312699946	2000.0	2250.203342223439	0.0	0	0.0	3469.9456549233837	1	0	1	1.4118987460754266
22269.171146463723	2000.0	2095.831625083285	0.0	0	0.0	3365.0027715470023	1	0	2	1.231524429014003
23419.617034021623	2000.0	1945.3857375253842	0.0	0	0.0	3365.0027715470023	1	0	1	1.439331517162896
24275.52712434297	2000.0	2089.4756472040362	0.0	0	0.0	3365.0027715470023	1	0	1	1.6393315171628962
26382.583546945032	3000.0	771.7135823417681	0.0	0	0.0	3154.2971292868024	1	0	2	1.277575251597428
27419.262047842578	2000.0	735.035081444221	0.0	0	0.0	3154.2971292868024	1	0	1	1.0819299021399333
28853.621881425453	2000.0	300.6752478613464	0.0	0	0.0	3154.2971292868024	1	0	1	1.6873950102480981
30681.810323220867	2000.0	200.0	727.5131939340663	0	0.0	3881.810323220867	1	0	1	-2.8395308736442324
31422.052137747138	1000.0	621.2739063768763	161.515720903145	0	0.0	4043.3260441240127	1	0	1	-0.9436880204322893
32266.96959546622	1000.0	691.8647028858788	0.0	0	0.0	3958.8342983520997	1	0	2	0.3457224113934414
32830.6374387369	1000.0	1071.8300752881373	0.0	0	0.0	3902.46751402504	1	0	2	0.571524165352008
33431.86080160629	1000.0	1410.4843761317986	0.0	0	0.0	3842.3451777380906	1	0	2	0.5936946693061694
33983.73780257805	1000.0	1803.4196750628728	0.0	0	0.0	3787.1574776409216	1	0	2	0.6149691970791284
34482.55788941722	1000.0	2254.7175795397934	0.0	0	0.0	3737.275468957014	1	0	2	0.6324874944462073
34956.879659467246	1000.0	2732.9636324847734	0.0	0	0.0	3689.84329195202	1	0	2	0.648841948655712
35350.59722724066	1000.0	3299.8743079340084	0.0	0	0.0	3650.4715351746636	1	0	2	0.6625550947325283
36200.0	2000.0	3365.531257898721	0.0	0	108.61771296516963	3565.5312578987177	1	0	2	0.6835883530903497
37200.0	2000.0	3265.5312578987186	0.0	0	243.4920892818409	3465.531257898707	1	0	2	1.4031954547041052
38200.0	2000.0	3165.5312578987123	0.0	0	260.3306378787602	3365.531257898707	1	0	2	1.4295935959864858
39563.76583189356	2000.0	2665.3888428157925	0.0	0	0.0	3229.1546747093525	1	0	2	1.4614869972559759
41010.10582081764	2000.0	2074.414854999297	0.0	0	0.0	3084.5206758169443	1	0	2	1.4945791305094243
42131.46502008419	2000.0	1953.0556557327498	0.0	0	0.0	3084.5206758169443	1	0	1	1.5014358854414598
43351.959089520446	2000.0	1732.561586296505	0.0	0	0.0	3084.5206758169443	1	0	1	1.70143588544146
44488.66934142331	2000.0	1595.8513343936377	0.0	0	0.0	3084.5206758169443	1	0	1	1.70143588544146
45835.43738124591	2000.0	1249.0832945710426	0.0	0	0.0	3084.5206758169443	1	0	1	1.70143588544146
47019.47288913038	1000.0	1065.0477866865722	0.0	0	0.0	3084.5206758169443	1	0	1	0.3151415243215697
47803.63183996851	1000.0	1280.888835848442	0.0	0	0.0	3084.5206758169443	1	0	1	1.008288704881515
48408.19680363839	1000.0	1676.3238721785606	0.0	0	0.0	3084.5206758169443	1	0	1	1.008288704881515
49040.03046302928	1000.0	2044.4902127876599	0.0	0	0.0	3084.5206758169443	1	0	1	1.008288704881515
49893.43634427436	1000.0	2191.08433154257	0.0	0	0.0	3084.520675816937	1	0	1	1.0082887048815163
50571.41571788242	1000.0	2513.1049579345135	0.0	0	0.0	3084.520675816937	1	0	1	1.0082887048815163
51513.11253118918	1000.0	2571.408144627748	0.0	0	0.0	3084.520675816937	1	0	1	1.0082887048815163
52233.730427268136	1000.0	2850.79024854879	0.0	0	0.0	3084.520675816937	1	0	1	1.0082887048815163
53200.0	1000.0	2884.520675816923	0.0	0	406.6628707783384	3084.520675816937	1	0	1	1.0082887048815163
54200.0	1000.0	2884.520675816911	0.0	0	567.5644931856368	3084.5206758169297	1	0	1	1.0082887048815177
55200.0	1000.0	2784.520675816912	0.0	0	517.0149846838103	2984.520675816937	1	0	2	0.6198135275208196
56200.0	1000.0	2684.5206758169165	0.0	0	644.8272761575136	2884.520675816937	1	0	2	0.8372812902479199
57200.0	1000.0	2684.5206758169193	0.0	0	418.647149818913	2884.520675816937	1	0	1	0.8439703184558823
58200.0	1000.0	2684.520675816921	0.0	0	540.6943207548466	2884.5206758169443	1	0	1	1.0439703184558813
59200.0	1000.0	2684.520675816921	0.0	0	451.02765688051295	2884.5206758169443	1	0	1	1.0439703184558813
60200.0	1000.0	2584.520675816918	0.0	0	524.5505587166117	2784.5206758169443	1	0	2	0.6535531065611866
61200.0	1000.0	2584.520675816916	0.0	0	548.7794747098596	2784.5206758169443	1	0	1	0.8595139137901692
62200.0	1000.0	2584.5206758169215	0.0	0	340.0249519416102	2784.5206758169516	1	0	1	1.0595139137901683
63200.0	1000.0	2584.520675816919	0.0	0	558.3722147501176	2784.5206758169516	1	0	1	1.0595139137901683
64200.0	1000.0	2584.520675816916	0.0	0	357.8441160966686	2784.520675816959	1	0	1	1.059513913790167
65200.0	1000.0	2584.5206758169124	0.0	0	440.28845426837506	2784.520675816959	1	0	1	1.059513913790167
66263.06509834576	2000.0	2415.1490676365834	0.0	0	0.0	2678.2141659823974	1	0	2	0.6711621703867554
67200.0	2000.0	2478.2141659823315	0.0	0	199.63180952299444	2678.21416598239	1	0	1	1.5676851883749936
68200.0	2000.0	2478.214165982335	0.0	0	281.37971777655184	2678.2141659823974	1	0	1	1.7676851883749947
69200.0	2000.0	2478.21416598232	0.0	0	69.1535395145329	2678.2141659823974	1	0	1	1.7676851883749936
70259.21398065086	2000.0	2419.000185331472	0.0	0	0.0	2678.2141659823974	1	0	1	1.7676851883749936
71247.99152495331	2000.0	2430.222641029025	0.0	0	0.0	2678.2141659823974	1	0	1	1.7676851883749936
72350.08400468495	2000.0	2328.1301612973884	0.0	0	0.0	2678.2141659823974	1	0	1	1.7676851883749936
73542.72169646827	2000.0	2135.4924695140703	0.0	0	0.0	2678.2141659823974	1	0	1	1.7676851883749936
74964.7431784219	2000.0	1713.4709875604456	0.0	0	0.0	2678.2141659823974	1	0	1	1.7676851883749936
75741.15510710671	2000.0	1937.05905887563	0.0	0	0.0	2678.2141659823974	1	0	1	1.7676851883749936
76403.47075359436	2000.0	2274.743412387992	0.0	0	0.0	2678.2141659823974	1	0	1	1.7676851883749936
77200.0	2000.0	2478.2141659823474	0.0	0	230.56321390652738	2678.2141659823974	1	0	1	1.7676851883749936
78348.91620440445	2000.0	2329.2979615779036	0.0	0	0.0	2678.2141659823974	1	0	1	1.7676851883749936
79587.70550060473	2000.0	2090.508665377627	0.0	0	0.0	2678.2141659823974	1	0	1	1.7676851883749936
80506.6441210947	2000.0	2171.57004488768	0.0	0	0.0	2678.214165982412	1	0	1	1.7676851883749918
81705.57788183501	2000.0	1972.6362841473547	0.0	0	0.0	2678.2141659823974	1	0	1	1.7676851883749936
82678.301963169	2000.0	1999.9122028133618	0.0	0	0.0	2678.2141659823974	1	0	1	1.7676851883749936
83385.69919655035	2000.0	2292.5149694319916	0.0	0	0.0	2678.214165982383	1	0	1	1.7676851883749956
84238.08174770842	2000.0	2440.1324182739177	0.0	0	0.0	2678.2141659823974	1	0	1	1.7676851883749936
85200.0	2000.0	2478.214165982324	0.0	0	122.74421217862982	2678.2141659823974	1	0	1	1.7676851883749936
86298.32988080887	2000.0	2379.884285173441	0.0	0	0.0	2678.2141659823974	1	0	1	1.7676851883749936
87542.34573333537	2000.0	2135.8684326469397	0.0	0	0.0	2678.2141659823974	1	0	1	1.7676851883749936
88643.27773248278	2000.0	2034.9364334995385	0.0	0	0.0	2678.214165982383	1	0	1	1.7676851883749956
89340.14172338514	2000.0	2338.0724425971807	0.0	0	0.0	2678.214165982383	1	0	1	1.7676851883749956
90259.67652501777	2000.0	2418.537640964541	0.0	0	0.0	2678.2141659823683	1	0	1	1.7676851883749976
91397.74991670882	2000.0	2280.4642492734893	0.0	0	0.0	2678.2141659823683	1	0	1	1.7676851883749976
92358.27496373696	2000.0	2319.939202245355	0.0	0	0.0	2678.2141659823683	1	0	1	1.7676851883749976
93254.88009436968	2000.0	2423.334071612638	0.0	0	0.0	2678.2141659823683	1	0	1	1.7676851883749976
94840.70193919864	2000.0	1837.5122267836903	0.0	0	0.0	2678.2141659823683	1	0	1	1.7676851883749976
96147.07749560982	2000.0	1531.136670372499	0.0	0	0.0	2678.2141659823683	1	0	1	1.7676851883749976
97043.53748410718	2000.0	1634.6766818751546	0.0	0	0.0	2678.214165982383	1	0	1	1.7676851883749956
97912.66058280903	2000.0	1765.5535831733157	0.0	0	0.0	2678.214165982383	1	0	1	1.7676851883749956
98758.24694567164	2000.0	1919.967220310716	0.0	0	0.0	2678.2141659823683	1	0	1	1.7676851883749976
99752.61099270899	2000.0	1925.6031732733602	0.0	0	0.0	2678.2141659823683	1	0	1	1.7676851883749976
101287.0216352699	2000.0	1391.1925307124397	0.0	0	0.0	2678.2141659823537	1	0	1	1.7676851883749993
102016.16837560057	1000.0	1662.045790381777	0.0	0	0.0	2678.214165982339	1	0	1	0.3813908272551112
102477.67582446037	1000.0	2200.538341521971	0.0	0	0.0	2678.2141659823246	1	0	1	1.0745380078150584
103366.20957195378	1000.0	2312.0045940285713	0.0	0	0.0	2678.2141659823246	1	0	1	1.0745380078150584
104200.0	1000.0	2478.2141659823515	0.0	0	327.27204152526974	2678.214165982339	1	0	1	1.0745380078150564
105200.0	1000.0	2478.214165982349	0.0	0	540.2232979643886	2678.214165982339	1	0	1	1.0745380078150564
106200.0	1000.0	2478.2141659823224	0.0	0	472.24524764737	2678.2141659823246	1	0	1	1.0745380078150584
107200.0	1000.0	2478.214165982333	0.0	0	143.4115386606718	2678.2141659823246	1	0	1	1.0745380078150584
108200.0	1000.0	2478.214165982344	0.0	0	357.9883739595098	2678.214165982339	1	0	1	1.0745380078150564
109200.0	1000.0	2478.214165982349	0.0	0	510.16204163242946	2678.214165982339	1	0	1	1.0745380078150564
110200.0	1000.0	2478.214165982346	0.0	0	417.5833598013851	2678.214165982339	1	0	1	1.0745380078150564
111200.0	1000.0	2478.214165982347	0.0	0	495.6274219457555	2678.214165982339	1	0	1	1.0745380078150564
112200.0	1000.0	2478.2141659823274	0.0	0	500.289394925785	2678.2141659823246	1	0	1	1.0745380078150584
113200.0	1000.0	2478.2141659823224	0.0	0	661.8114368637471	2678.2141659823246	1	0	1	1.0745380078150584
114200.0	1000.0	2478.2141659823114	0.0	0	404.9645971034188	2678.2141659823246	1	0	1	1.0745380078150584
115200.0	1000.0	2478.214165982319	0.0	0	599.5826283948991	2678.214165982339	1	0	1	1.0745380078150564
116200.0	1000.0	2478.214165982341	0.0	0	528.0802890071936	2678.214165982339	1	0	1	1.0745380078150564
117200.0	1000.0	2478.214165982344	0.0	0	564.8113323287544	2678.214165982339	1	0	1	1.0745380078150564
118200.0	1000.0	2478.2141659823455	0.0	0	576.3377746435726	2678.214165982339	1	0	1	1.0745380078150564
119200.0	1000.0	2478.2141659823506	0.0	0	531.2411545084033	2678.214165982339	1	0	1	1.0745380078150564
120200.0	1000.0	2478.21416598235	0.0	0	469.5784711504821	2678.214165982339	1	0	1	1.0745380078150564
121595.84338932954	2000.0	2082.3707766528014	0.0	0	0.0	2678.214165982339	1	0	1	1.0745380078150562
122512.64799363613	2000.0	2165.566172346231	0.0	0	0.0	2678.214165982339	1	0	1	1.7676851883750013
123399.35915679317	2000.0	2278.8550091891934	0.0	0	0.0	2678.214165982339	1	0	1	1.7676851883750013
124864.32488507607	2000.0	1813.8892809062834	0.0	0	0.0	2678.214165982339	1	0	1	1.7676851883750013
125706.89022407132	2000.0	1971.3239419110614	0.0	0	0.0	2678.214165982339	1	0	1	1.7676851883750013
126496.31323484954	2000.0	2181.9009311328336	0.0	0	0.0	2678.214165982339	1	0	1	1.7676851883750013
127556.82990663375	2000.0	2121.3842593486143	0.0	0	0.0	2678.214165982339	1	0	1	1.7676851883750013
128573.79705975782	2000.0	2104.4171062245323	0.0	0	0.0	2678.214165982339	1	0	1	1.7676851883750013
129903.65459376897	2000.0	1774.5595722133944	0.0	0	0.0	2678.214165982339	1	0	1	1.7676851883750013
131655.28734121952	2000.0	1022.9268247628457	0.0	0	0.0	2678.2141659823246	1	0	1	1.7676851883750022
132750.41465590717	2000.0	927.7995100752171	0.0	0	0.0	2678.2141659823537	1	0	1	1.767685188375002
133843.4275733262	2000.0	834.786592656205	0.0	0	0.0	2678.214165982383	1	0	1	1.767685188374997
135028.0486233146	2000.0	650.1655426678112	0.0	0	0.0	2678.214165982412	1	0	1	1.7676851883749936
136600.4401530181	2000.0	200.0	122.22598703571929	0	0.0	2800.440153018106	1	0	1	1.0191545824243564
137115.08961041068	1000.0	753.8822764366112	68.53173382914844	0	0.0	2868.9718868472555	1	0	1	-0.05785575108630772
137557.92280488124	1000.0	1311.0490819660433	0.0	0	0.0	2868.9718868472555	1	0	1	1.0464818324485279
137988.09538583827	1000.0	1880.8765010090071	0.0	0	0.0	2868.9718868472264	1	0	1	1.0464818324485325
138674.42932972015	1000.0	2125.9091627388975	0.0	0	0.0	2800.3384924589773	1	0	2	0.6545300051091892
139200.0	1000.0	2600.338492459069	0.0	0	110.3336233435839	2800.3384924590064	1	0	1	0.857149445536632
140200.0	1000.0	2600.3384924590464	0.0	0	498.7405655775219	2800.3384924590064	1	0	1	1.0571494455366321
141200.0	1000.0	2600.3384924590305	0.0	0	414.9912278188567	2800.3384924590064	1	0	1	1.0571494455366321
142200.0	1000.0	2500.338492459037	0.0	0	477.4248324409127	2700.3384924590355	1	0	2	0.6661388610200774
143200.0	1000.0	2500.3384924590537	0.0	0	322.6300121558015	2700.3384924590355	1	0	1	0.8715320834327549
144200.0	1000.0	2500.338492459079	0.0	0	370.06925951704034	2700.3384924590355	1	0	1	1.071532083432755
145200.0	1000.0	2500.3384924590973	0.0	0	140.2922717796755	2700.3384924590646	1	0	1	1.071532083432751
146200.0	1000.0	2500.338492459119	0.0	0	145.1116950691503	2700.3384924590646	1	0	1	1.071532083432751
147200.0	1000.0	2400.338492459092	0.0	0	460.86879145214334	2600.3384924590355	1	0	2	0.6796394729381354
148229.4408972895	1000.0	2370.897595169603	0.0	0	0.0	2600.3384924590355	1	0	1	0.8846391165604418
149200.0	1000.0	2400.3384924591037	0.0	0	294.9192329427751	2600.3384924590355	1	0	1	1.084639116560442
150200.0	1000.0	2400.3384924590773	0.0	0	391.91626524864114	2600.3384924590355	1	0	1	1.084639116560442
151200.0	1000.0	2400.338492459057	0.0	0	407.81105758526246	2600.3384924590355	1	0	1	1.084639116560442
152200.0	1000.0	2400.338492459071	0.0	0	96.4602801646106	2600.3384924590355	1	0	1	1.084639116560442
153200.0	1000.0	2400.3384924590664	0.0	0	138.14863676059758	2600.3384924590355	1	0	1	1.084639116560442
154200.0	1000.0	2400.3384924590596	0.0	0	343.96658594705514	2600.3384924590355	1	0	1	1.084639116560442
155200.0	1000.0	2400.338492459062	0.0	0	517.4113676840498	2600.3384924590646	1	0	1	1.0846391165604383
156200.0	1000.0	2400.3384924590932	0.0	0	455.54720175167313	2600.3384924590646	1	0	1	1.0846391165604383
157200.0	1000.0	2400.338492459087	0.0	0	440.2482546797255	2600.3384924590355	1	0	1	1.084639116560442
158200.0	1000.0	2400.338492459112	0.0	0	502.56904712185496	2600.3384924590646	1	0	1	1.0846391165604399
159200.0	1000.0	2400.3384924591082	0.0	0	553.3146306586568	2600.3384924590355	1	0	1	1.0846391165604405
160200.0	1000.0	2400.3384924591105	0.0	0	312.3019415640156	2600.3384924590064	1	0	1	1.084639116560445
161200.0	1000.0	2400.3384924591182	0.0	0	511.1174080693745	2600.3384924590064	1	0	1	1.0846391165604459
162200.0	1000.0	2400.3384924590955	0.0	0	424.499124993803	2600.3384924590064	1	0	1	1.0846391165604459
163200.0	1000.0	2400.3384924590573	0.0	0	542.3790871988458	2600.3384924589773	1	0	1	1.084639116560448
164200.0	1000.0	2400.33849245903	0.0	0	411.5612974380201	2600.338492458948	1	0	1	1.084639116560453
165200.0	1000.0	2400.3384924590173	0.0	0	192.8674724745215	2600.338492458948	1	0	1	1.084639116560453
166200.0	1000.0	2400.3384924590173	0.0	0	352.9536069330934	2600.338492458948	1	0	1	1.084639116560453
167200.0	1000.0	2400.33849245902	0.0	0	440.22918332664995	2600.338492458948	1	0	1	1.084639116560453
168200.0	1000.0	2400.3384924590378	0.0	0	530.5342618043942	2600.338492458948	1	0	1	1.084639116560453
169200.0	1000.0	2400.3384924590237	0.0	0	458.2344656823552	2600.338492458948	1	0	1	1.084639116560453
170200.0	1000.0	2400.338492459035	0.0	0	655.6787623874552	2600.338492458948	1	0	1	1.084639116560453
171200.0	1000.0	2300.338492459019	0.0	0	484.0323905001278	2500.338492458919	1	0	2	0.6919544381095678
172200.0	1000.0	2300.3384924590364	0.0	0	357.05139604519354	2500.338492458919	1	0	1	0.896575843272481
173200.0	1000.0	2300.338492459032	0.0	0	473.8892401662597	2500.338492458919	1	0	1	1.0965758432724786
174200.0	1000.0	2300.3384924590546	0.0	0	265.40377065516077	2500.338492458919	1	0	1	1.09657584327248
175200.0	1000.0	2300.3384924590823	0.0	0	287.98613574390765	2500.338492458948	1	0	1	1.0965758432724764
176200.0	1000.0	2300.338492459062	0.0	0	517.7935392166255	2500.338492458919	1	0	1	1.0965758432724786
177200.0	1000.0	2300.3384924590723	0.0	0	412.3218298278516	2500.338492458919	1	0	1	1.09657584327248
178200.0	1000.0	2300.3384924590587	0.0	0	377.7192293018452	2500.338492458861	1	0	1	1.0965758432724853
179200.0	1000.0	2300.338492459044	0.0	0	134.22640305155073	2500.338492458861	1	0	1	1.0965758432724866
180200.0	1000.0	2300.3384924590287	0.0	0	274.2354250722856	2500.338492458861	1	0	1	1.0965758432724866
181200.0	1000.0	2300.3384924590614	0.0	0	128.53189193978324	2500.338492458861	1	0	1	1.0965758432724866
182200.0	1000.0	2300.338492459088	0.0	0	300.688877019129	2500.338492458861	1	0	1	1.0965758432724866
183200.0	1000.0	2300.3384924590955	0.0	0	536.3107106350653	2500.338492458861	1	0	1	1.0965758432724866
184200.0	1000.0	2300.3384924590787	0.0	0	549.0452804446104	2500.338492458861	1	0	1	1.0965758432724866
185200.0	1000.0	2300.338492459073	0.0	0	686.3258584216237	2500.3384924588318	1	0	1	1.0965758432724897
186200.0	1000.0	2300.3384924590755	0.0	0	639.8270678243716	2500.3384924588318	1	0	1	1.0965758432724897
187200.0	1000.0	2300.338492459068	0.0	0	670.9101639915025	2500.3384924588318	1	0	1	1.0965758432724897
188200.0	1000.0	2300.3384924590687	0.0	0	201.63339568674564	2500.3384924588318	1	0	1	1.0965758432724897
189200.0	1000.0	2300.3384924590687	0.0	0	327.52876918492257	2500.3384924588026	1	0	1	1.0965758432724924
190200.0	1000.0	2300.338492459082	0.0	0	273.33529904152965	2500.3384924588026	1	0	1	1.096575843272493
191218.31329152733	2000.0	2282.025200931726	0.0	0	0.0	2500.3384924587735	1	0	1	1.0965758432724961
192200.0	2000.0	2300.3384924590923	0.0	0	172.00505299220094	2500.3384924587735	1	0	1	1.7897230238324413
193837.49692827114	2000.0	1662.8415641879371	0.0	0	0.0	2500.3384924587735	1	0	1	1.7897230238324413
194666.35724773002	1000.0	1833.9812447290362	0.0	0	0.0	2500.3384924587735	1	0	1	0.4034286627125485
195670.57650980772	1000.0	1829.7619826513053	0.0	0	0.0	2500.3384924587735	1	0	1	1.0965758432724964
196225.57051533216	1000.0	2274.7679771268604	0.0	0	0.0	2500.3384924587735	1	0	1	1.0965758432724964
197200.0	1000.0	2300.3384924590114	0.0	0	327.9317281592812	2500.3384924587735	1	0	1	1.0965758432724964
198200.0	1000.0	2300.338492459022	0.0	0	351.104668680171	2500.3384924587735	1	0	1	1.0965758432724964
199200.0	1000.0	2200.338492459014	0.0	0	396.6004727697873	2400.3384924587735	1	0	2	0.703383994823231
200200.0	1000.0	2200.3384924590023	0.0	0	134.49876041524112	2400.3384924587735	1	0	1	0.9074402632986647
201200.0	1000.0	2200.3384924589914	0.0	0	368.7782757341629	2400.3384924587735	1	0	1	1.1074402632986649
202200.0	1000.0	2200.338492458963	0.0	0	261.2601025265176	2400.3384924587735	1	0	1	1.1074402632986649
203200.0	1000.0	2200.3384924589914	0.0	0	432.71517803831375	2400.3384924587735	1	0	1	1.1074402632986649
204200.0	1000.0	2200.3384924589645	0.0	0	640.6312677474925	2400.3384924587735	1	0	1	1.1074402632986649
205200.0	1000.0	2200.338492458984	0.0	0	497.6199616190861	2400.3384924588026	1	0	1	1.107440263298663
206200.0	1000.0	2200.3384924589905	0.0	0	564.4003092523781	2400.3384924588026	1	0	1	1.107440263298662
207200.0	1000.0	2200.3384924589723	0.0	0	610.8261517777282	2400.3384924588026	1	0	1	1.107440263298662
208200.0	1000.0	2200.3384924589764	0.0	0	518.7510958143102	2400.3384924588026	1	0	1	1.107440263298662
209200.0	1000.0	2200.338492458976	0.0	0	369.3053456507332	2400.3384924587735	1	0	1	1.1074402632986635
210200.0	1000.0	2200.3384924590027	0.0	0	415.00334216904594	2400.3384924587735	1	0	1	1.1074402632986649
211200.0	1000.0	2200.338492459018	0.0	0	536.4127443941543	2400.3384924587735	1	0	1	1.1074402632986649
212200.0	1000.0	2200.338492459047	0.0	0	356.16095480008516	2400.3384924587735	1	0	1	1.1074402632986649
213200.0	1000.0	2200.338492459026	0.0	0	445.77094460028457	2400.3384924587153	1	0	1	1.1074402632986697
214200.0	1000.0	2200.3384924590023	0.0	0	101.13949390692869	2400.3384924587153	1	0	1	1.1074402632986708
215200.0	1000.0	2200.3384924590027	0.0	0	338.33483265250106	2400.3384924586862	1	0	1	1.1074402632986733
216200.0	1000.0	2200.3384924589973	0.0	0	654.3976900651469	2400.3384924586862	1	0	1	1.107440263298674
217200.0	1000.0	2200.3384924589823	0.0	0	432.2147896134411	2400.3384924586862	1	0	1	1.107440263298674
218200.0	1000.0	2200.33849245899	0.0	0	319.23431773128686	2400.3384924586862	1	0	1	1.107440263298674
219200.0	1000.0	2200.3384924589764	0.0	0	454.4336229605833	2400.3384924586862	1	0	1	1.107440263298674
220200.0	1000.0	2200.3384924589827	0.0	0	533.7748351316259	2400.3384924586862	1	0	1	1.107440263298674
221200.0	1000.0	2200.3384924589704	0.0	0	648.4653850498435	2400.3384924586862	1	0	1	1.107440263298674
222200.0	1000.0	2200.338492458957	0.0	0	424.603496796597	2400.338492458657	1	0	1	1.107440263298677
223200.0	1000.0	2200.3384924589554	0.0	0	327.20539244948304	2400.338492458657	1	0	1	1.107440263298677
224200.0	1000.0	2200.3384924589473	0.0	0	192.18563957556034	2400.338492458657	1	0	1	1.107440263298677
225200.0	1000.0	2200.3384924589905	0.0	0	478.3751782706822	2400.338492458657	1	0	1	1.107440263298677
226200.0	1000.0	2200.3384924590264	0.0	0	529.6981312998105	2400.338492458657	1	0	1	1.107440263298677
227200.0	1000.0	2200.338492459011	0.0	0	395.4934455076873	2400.338492458657	1	0	1	1.107440263298677
228200.0	1000.0	2200.338492459005	0.0	0	271.64087352590286	2400.338492458628	1	0	1	1.10744026329868
229200.0	1000.0	2200.3384924590046	0.0	0	197.6947692349204	2400.338492458628	1	0	1	1.10744026329868
230200.0	1000.0	2200.3384924590287	0.0	0	498.3059560742113	2400.338492458628	1	0	1	1.10744026329868
231200.0	1000.0	2200.338492459009	0.0	0	314.65132872067625	2400.338492458657	1	0	1	1.107440263298677
232200.0	1000.0	2200.3384924589923	0.0	0	574.9761185685638	2400.338492458657	1	0	1	1.107440263298677
233200.0	1000.0	2200.3384924589423	0.0	0	675.3635883085662	2400.338492458657	1	0	1	1.107440263298677
234200.0	1000.0	2200.3384924589272	0.0	0	563.5251607715327	2400.338492458657	1	0	1	1.107440263298677
235200.0	1000.0	2200.3384924588845	0.0	0	630.3092025307415	2400.338492458657	1	0	1	1.107440263298677
236200.0	1000.0	2200.3384924588954	0.0	0	466.47056742114364	2400.338492458657	1	0	1	1.107440263298677
237200.0	1000.0	2200.3384924589327	0.0	0	434.5356161360396	2400.3384924586862	1	0	1	1.107440263298675
238200.0	1000.0	2200.3384924588863	0.0	0	450.03329531056806	2400.338492458657	1	0	1	1.107440263298677
239200.0	1000.0	2200.33849245888	0.0	0	650.2198189887858	2400.338492458628	1	0	1	1.1074402632986788
240200.0	1000.0	2200.33849245891	0.0	0	605.9928184874298	2400.338492458628	1	0	1	1.10744026329868
241200.0	1000.0	2200.3384924589122	0.0	0	565.3695477168367	2400.338492458628	1	0	1	1.10744026329868
242200.0	1000.0	2200.338492458909	0.0	0	512.1149664832628	2400.338492458599	1	0	1	1.1074402632986828
243200.0	1000.0	2200.33849245895	0.0	0	598.6221092295891	2400.338492458599	1	0	1	1.1074402632986828
244200.0	1000.0	2200.338492458941	0.0	0	338.2032737371337	2400.338492458599	1	0	1	1.1074402632986828
245200.0	1000.0	2200.33849245893	0.0	0	480.5730608809099	2400.33849245857	1	0	1	1.107440263298686
246200.0	1000.0	2200.3384924589454	0.0	0	325.55918315867893	2400.33849245857	1	0	1	1.107440263298686
247200.0	1000.0	2200.3384924589086	0.0	0	444.514560781623	2400.3384924585407	1	0	1	1.107440263298689
248200.0	1000.0	2200.338492458905	0.0	0	501.1702598204138	2400.3384924585407	1	0	1	1.107440263298689
249200.0	1000.0	2200.338492458928	0.0	0	469.17686976111145	2400.3384924585407	1	0	1	1.107440263298689
250200.0	1000.0	2200.3384924589127	0.0	0	297.0650911786943	2400.33849245857	1	0	1	1.107440263298686
251200.0	1000.0	2200.338492458937	0.0	0	421.4636309953057	2400.338492458599	1	0	1	1.1074402632986835
252200.0	1000.0	2200.3384924589413	0.0	0	378.86265282452223	2400.338492458599	1	0	1	1.1074402632986828
253200.0	1000.0	2200.338492458935	0.0	0	387.3293098915019	2400.338492458599	1	0	1	1.1074402632986824
254200.0	1000.0	2200.338492458906	0.0	0	621.1302632447041	2400.33849245857	1	0	1	1.107440263298686
255200.0	1000.0	2200.3384924589245	0.0	0	101.06898694648407	2400.33849245857	1	0	1	1.107440263298686
256200.0	1000.0	2200.3384924589477	0.0	0	89.9975208187825	2400.33849245857	1	0	1	1.107440263298686
257200.0	1000.0	2200.3384924589227	0.0	0	461.3692056678119	2400.33849245857	1	0	1	1.107440263298686
258200.0	1000.0	2200.3384924589222	0.0	0	286.0103424437402	2400.33849245857	1	0	1	1.107440263298686
259200.0	1000.0	2200.3384924589104	0.0	0	457.16263816930586	2400.33849245857	1	0	1	1.107440263298686
260200.0	1000.0	2200.3384924589186	0.0	0	499.6209700932086	2400.33849245857	1	0	1	1.107440263298686
261200.0	1000.0	2200.33849245889	0.0	0	615.8193588201248	2400.3384924585407	1	0	1	1.107440263298689
262200.0	1000.0	2200.338492458863	0.0	0	570.7032846846269	2400.3384924585407	1	0	1	1.107440263298689
263200.0	1000.0	2200.338492458799	0.0	0	440.4440931841382	2400.3384924584534	1	0	1	1.107440263298695
264200.0	1000.0	2200.338492458746	0.0	0	637.8591853915714	2400.338492458395	1	0	1	1.1074402632987015
265200.0	1000.0	2200.3384924586935	0.0	0	541.6974880067282	2400.338492458395	1	0	1	1.1074402632987042
266200.0	1000.0	2200.3384924587126	0.0	0	513.6218573185033	2400.338492458395	1	0	1	1.1074402632987042
267200.0	1000.0	2200.3384924586803	0.0	0	667.4963183457148	2400.338492458395	1	0	1	1.1074402632987042
268200.0	1000.0	2200.338492458683	0.0	0	613.3962325368193	2400.338492458395	1	0	1	1.1074402632987042
269200.0	1000.0	2200.3384924586594	0.0	0	466.4680460440577	2400.338492458395	1	0	1	1.1074402632987042
270200.0	1000.0	2200.3384924586444	0.0	0	348.96673719619866	2400.338492458395	1	0	1	1.1074402632987042
271200.0	1000.0	2200.3384924586144	0.0	0	459.6134511552518	2400.338492458395	1	0	1	1.1074402632987017
272200.0	1000.0	2200.338492458562	0.0	0	510.29640801646747	2400.338492458395	1	0	1	1.1074402632987042
273200.0	1000.0	2200.3384924584907	0.0	0	235.78633237164468	2400.338492458395	1	0	1	1.1074402632987042
274200.0	1000.0	2200.3384924584107	0.0	0	514.2787992673693	2400.338492458337	1	0	1	1.1074402632987101
275200.0	1000.0	2200.3384924584207	0.0	0	506.6263096355833	2400.338492458337	1	0	1	1.1074402632987101
276200.0	1000.0	2200.33849245848	0.0	0	606.8532771090395	2400.338492458337	1	0	1	1.1074402632987101
277200.0	1000.0	2200.3384924584316	0.0	0	393.1292900433764	2400.338492458337	1	0	1	1.1074402632987101
278200.0	1000.0	2200.3384924584207	0.0	0	401.01348775811493	2400.338492458337	1	0	1	1.1074402632987101
279200.0	1000.0	2200.3384924584393	0.0	0	163.4546668578405	2400.338492458337	1	0	1	1.1074402632987101
280200.0	1000.0	2200.338492458463	0.0	0	349.53722894442035	2400.338492458337	1	0	1	1.1074402632987101
281200.0	1000.0	2200.3384924585534	0.0	0	415.52989736787276	2400.3384924584534	1	0	1	1.1074402632987004
282200.0	1000.0	2200.3384924585625	0.0	0	337.9042232653592	2400.3384924584534	1	0	1	1.1074402632986982
283200.0	1000.0	2200.338492458556	0.0	0	538.0259112784406	2400.3384924584534	1	0	1	1.1074402632986982
284200.0	1000.0	2100.338492458543	0.0	0	476.127800676215	2300.3384924584534	1	0	2	0.7135124853669004
285200.0	1000.0	2100.338492458579	0.0	0	236.81408949935576	2300.3384924585116	1	0	1	0.9173233270506865
286200.0	1000.0	2100.3384924585234	0.0	0	276.782388638414	2300.3384924585116	1	0	1	1.1173233270506868
287200.0	1000.0	2100.3384924585534	0.0	0	347.81898573075887	2300.3384924585116	1	0	1	1.1173233270506868
288200.0	1000.0	2100.338492458609	0.0	0	328.82870384148555	2300.33849245857	1	0	1	1.1173233270506835
289200.0	1000.0	2100.3384924586044	0.0	0	377.65796539129224	2300.33849245857	1	0	1	1.1173233270506813
290200.0	1000.0	2100.3384924586444	0.0	0	424.532638031058	2300.338492458628	1	0	1	1.117323327050678
291200.0	1000.0	2100.338492458671	0.0	0	192.01118231506553	2300.3384924586862	1	0	1	1.1173233270506704
292200.0	1000.0	2100.3384924586317	0.0	0	415.9092533478397	2300.3384924586862	1	0	1	1.1173233270506704
293200.0	1000.0	2100.338492458597	0.0	0	555.2603692717967	2300.3384924586862	1	0	1	1.1173233270506704
294277.20482701773	1000.0	2023.1336654408685	0.0	0	0.0	2300.3384924586862	1	0	1	1.1173233270506704
295200.0	1000.0	2100.3384924586335	0.0	0	241.8336592912092	2300.3384924586862	1	0	1	1.1173233270506704
296200.0	1000.0	2100.3384924586453	0.0	0	402.20163281908026	2300.3384924586862	1	0	1	1.1173233270506704
297200.0	1000.0	2100.338492458668	0.0	0	3.8551396939437836	2300.3384924586862	1	0	1	1.1173233270506704
298200.0	1000.0	2100.3384924586385	0.0	0	279.2073627990321	2300.3384924586862	1	0	1	1.1173233270506704
299200.0	1000.0	2100.338492458604	0.0	0	526.7172210320714	2300.338492458628	1	0	1	1.1173233270506735
300200.0	1000.0	2100.338492458552	0.0	0	260.50226401747204	2300.338492458628	1	0	1	1.1173233270506757
2.42	2.46	2.09	2.35	2.61	1.78	1.91	2.5	1.75	2.21	1.52	1.85	2.4	2.79	2.48	2.42	2.33	1.75	1.95	2.32	1.32	2.26	2.15	1.91	1.54	0.98	1.44	1.48	1.71	2.54	2.94	2.97	2.86	1.91	1.18	1.59	1.8	2.46	1.84	1.33	1.23	0.88	1.56	1.62	1.27	1.31	1.48	1.22	2.04	2.58	2.65	2.19	2.29	2.53	2.02	1.99	1.77	1.71	2.34	1.45	1.63	2.49	2.91	1.64	1.92	2.76	2.72	2.14	1.76	1.22	1.99	2.9	3.02	1.54	1.56	1.78	1.55	2.37	2.69	2.84	2.97	2.04	1.26	2.0	2.58	2.53	2.24	2.59	2.32	1.59	1.51	1.49	2.22	2.51	2.03	1.58	1.01	2.17	1.46	2.46	1.95	1.15	1.81	2.12	1.64	2.1	2.34	2.77	2.32	2.07	2.95	2.63	2.28	3.17	3.03	1.71	1.83	2.62	1.84	1.61	2.35	2.39	2.17	1.84	1.55	1.75	1.11	2.0	2.22	2.19	1.87	1.6	2.4	1.85	2.1	2.27	1.61	1.75	2.15	1.78	0.9	1.74	1.27	1.2	2.02	1.83	1.25	1.18	1.54	1.85	2.42	2.46	2.09	2.35	2.61	1.78	1.91	2.5	1.75	2.21	1.52	1.85	2.4	2.79	2.48	2.42	2.33	1.75	1.95	2.32	1.32	2.26	2.15	1.91	1.54	0.98	1.44	1.48	1.71	2.54	2.94	2.97	2.86	1.91	1.18	1.59	1.8	2.46	1.84	1.33	1.23	0.88	1.56	1.62	1.27	1.31	1.48	1.22	2.04	2.58	2.65	2.19	2.29	2.53	2.02	1.99	1.77	1.71	2.34	1.45	1.63	2.49	2.91	1.64	1.92	2.76	2.72	2.14	1.76	1.22	1.99	2.9	3.02	1.54	1.56	1.78	1.55	2.37	2.69	2.84	2.97	2.04	1.26	2.0	2.58	2.53	2.24	2.59	2.32	1.59	1.51	1.49	2.22	2.51	2.03	1.58	1.01	2.17	1.46	2.46	1.95	1.15	1.81	2.12	1.64	2.1	2.34	2.77	2.32	2.07	2.95	2.63	2.28	3.17	3.03	1.71	1.83	2.62	1.84	1.61	2.35	2.39	2.17	1.84	1.55	1.75	1.11	2.0	2.22	2.19	1.87	1.6	2.4	1.85	2.1	2.27	1.61	1.75	2.15	1.78	0.9	1.74	1.27	1.2	2.02	1.83	1.25	1.18	1.54	1.85
1.0	2.0	3.0	4.0	5.0	6.0	7.0	8.0	9.0	10.0	11.0	12.0	13.0	14.0	15.0	16.0	17.0	18.0	19.0	20.0	21.0	22.0	23.0	24.0	25.0	26.0	27.0	28.0	29.0	30.0	31.0	32.0	33.0	34.0	35.0	36.0	37.0	38.0	39.0	40.0	41.0	42.0	43.0	44.0	45.0	46.0	47.0	48.0	49.0	50.0	51.0	52.0	53.0	54.0	55.0	56.0	57.0	58.0	59.0	60.0	61.0	62.0	63.0	64.0	65.0	66.0	67.0	68.0	69.0	70.0	71.0	72.0	73.0	74.0	75.0	76.0	77.0	78.0	79.0	80.0	81.0	82.0	83.0	84.0	85.0	86.0	87.0	88.0	89.0	90.0	91.0	92.0	93.0	94.0	95.0	96.0	97.0	98.0	99.0	100.0	101.0	102.0	103.0	104.0	105.0	106.0	107.0	108.0	109.0	110.0	111.0	112.0	113.0	114.0	115.0	116.0	117.0	118.0	119.0	120.0	121.0	122.0	123.0	124.0	125.0	126.0	127.0	128.0	129.0	130.0	131.0	132.0	133.0	134.0	135.0	136.0	137.0	138.0	139.0	140.0	141.0	142.0	143.0	144.0	145.0	146.0	147.0	148.0	149.0	149.0	150.0	151.0	152.0	153.0	154.0	155.0	156.0	157.0	158.0	159.0	160.0	161.0	162.0	163.0	164.0	165.0	166.0	167.0	168.0	169.0	170.0	171.0	172.0	173.0	174.0	175.0	176.0	177.0	178.0	179.0	180.0	181.0	182.0	183.0	184.0	185.0	186.0	187.0	188.0	189.0	190.0	191.0	192.0	193.0	194.0	195.0	196.0	197.0	198.0	199.0	200.0	201.0	202.0	203.0	204.0	205.0	206.0	207.0	208.0	209.0	210.0	211.0	212.0	213.0	214.0	215.0	216.0	217.0	218.0	219.0	220.0	221.0	222.0	223.0	224.0	225.0	226.0	227.0	228.0	229.0	230.0	231.0	232.0	233.0	234.0	235.0	236.0	237.0	238.0	239.0	240.0	241.0	242.0	243.0	244.0	245.0	246.0	247.0	248.0	249.0	250.0	251.0	252.0	253.0	254.0	255.0	256.0	257.0	258.0	259.0	260.0	261.0	262.0	263.0	264.0	265.0	266.0	267.0	268.0	269.0	270.0	271.0	272.0	273.0	274.0	275.0	276.0	277.0	278.0	279.0	280.0	281.0	282.0	283.0	284.0	285.0	286.0	287.0	288.0	289.0	290.0	291.0	292.0	293.0	294.0	295.0	296.0	297.0	298.0	298.0
4640.94436192942
