6008.646506793474	300.0	2000.0	281.6179328340171	0	0.0	6008.646506793474	1	0	1	-3.626157008671395
6264.975260632236	300.0	2743.6712461612383	0.0	0	0.0	6008.646506793474	1	0	1	-1.9987559602981024
6637.193648392434	500.0	3334.23101962502	0.0	0	0.0	5971.424668017454	1	0	2	-2.3715501666713097
7231.738556106438	500.0	3680.231621139614	0.0	0	0.0	5911.970177246052	1	0	2	-1.6063283929407763
7942.52698917733	500.0	3898.364344761633	0.0	0	0.0	5840.891333938963	1	0	2	-1.5397837621977817
8601.708006999435	500.0	4173.2652251573145	0.0	0	0.0	5774.97323215675	1	0	2	-1.4726799654724423
9217.991152992194	500.0	4495.353764565281	0.0	0	0.0	5713.344917557475	1	0	2	-1.4092416424403518
9704.162125321469	500.0	4960.565695003082	0.0	0	0.0	5664.72782032455	1	0	2	-1.3561391595215937
10200.0	500.0	5415.144032856697	0.0	0	137.06478859644812	5615.144032856697	1	0	2	-1.317732126716343
11200.0	1000.0	5315.144032856696	0.0	0	147.23574796304092	5515.144032856696	1	0	2	-1.2350365566360326
12541.092160167978	1000.0	4839.942656671918	0.0	0	0.0	5381.034816839896	1	0	2	-0.42124235458201315
13396.693092779913	1000.0	4898.781630798789	0.0	0	0.0	5295.474723578702	1	0	2	-0.3285210270410362
14379.849252141847	1000.0	4817.309855500663	0.0	0	0.0	5197.15910764251	1	0	2	-0.2445560727969534
15200.0	1000.0	4915.144032856692	0.0	0	179.26819521046673	5115.144032856693	1	0	2	-0.1791113423986918
16246.325683800462	1000.0	4764.185780676181	0.0	0	0.0	5010.511464476645	1	0	2	-0.0936837392051115
17200.0	1000.0	4715.144032856686	0.0	0	206.26290718811288	4915.14403285669	1	0	2	-0.020154787963268583
18200.0	1000.0	4615.144032856686	0.0	0	449.9245770219859	4815.14403285669	1	0	2	0.04910165520720494
19200.0	1000.0	4515.144032856689	0.0	0	177.0193193176783	4715.144032856691	1	0	2	0.12272418278722513
20200.0	1000.0	4415.144032856689	0.0	0	15.832477211766673	4615.144032856688	1	0	2	0.19642376447682408
21200.0	1000.0	4315.144032856684	0.0	0	278.4217525534368	4515.144032856682	1	0	2	0.2528734661625497
22298.37693411566	1000.0	4106.929405329459	0.0	0	0.0	4405.306339445113	1	0	2	0.321983563523355
23629.800956205137	1000.0	3642.362981031031	0.0	0	0.0	4272.163937236161	1	0	2	0.39120716053910887
25092.109361657203	1000.0	3033.8237350337586	0.0	0	0.0	4125.933096690955	1	0	2	0.4620018691314213
26220.586383645088	1000.0	2792.4990108470856	0.0	0	0.0	4013.085394492162	1	0	2	0.5195643802091543
26894.988325745875	1000.0	3050.656874536221	0.0	0	0.0	3945.6452002820843	1	0	2	0.5524750104740845
28011.141169727936	1000.0	2822.8887461559525	0.0	0	0.0	3834.029915883875	1	0	2	0.5921338976989514
29116.602079442884	1000.0	2606.881745469509	0.0	0	0.0	3723.4838249123823	1	0	2	0.6321139213473065
30293.720087306738	1000.0	2312.0519368192695	0.0	0	0.0	3605.772024125996	1	0	2	0.6684861475975574
31417.872363671195	1000.0	2075.4844328183685	0.0	0	0.0	3493.356796489552	1	0	2	0.7033925433150834
32216.54418196572	500.0	2196.9454326943883	0.0	0	0.0	3413.489614660095	1	0	2	-0.6576653877704589
32909.50690406873	500.0	2434.6864383810766	0.0	0	0.0	3344.1933424497984	1	0	2	0.054429768233777216
33450.37447230999	500.0	2839.7321133156897	0.0	0	0.0	3290.106585625672	1	0	2	0.06779313032894856
34200.0	500.0	3015.1440328566737	0.0	0	192.0561830271763	3215.1440328566714	1	0	2	0.08203408785687008
35200.0	500.0	2915.144032856667	0.0	0	502.84895533006056	3115.144032856664	1	0	2	0.10104565689231121
36358.09908055028	1000.0	2641.2350442513475	0.0	0	0.0	2999.3341248016222	1	0	2	0.12475073457796415
37200.0	500.0	2715.144032856652	0.0	0	305.3217157717445	2915.144032856646	1	0	2	-0.5530230759819774
38200.0	500.0	2615.1440328566514	0.0	0	662.1407513982922	2815.1440328566387	1	0	2	0.15549159677717106
39200.0	500.0	2515.1440328566614	0.0	0	587.8510695865625	2715.144032856653	1	0	2	0.1706741838784242
40200.0	1000.0	2415.1440328566614	0.0	0	143.19889270746353	2615.1440328566605	1	0	2	0.1853364445420672
41200.0	1000.0	2315.1440328566596	0.0	0	242.16170698343194	2515.1440328566605	1	0	2	0.8907661156787773
42200.0	1000.0	2215.144032856666	0.0	0	320.4339100823054	2415.144032856675	1	0	2	0.9018422271395913
43200.0	1000.0	2115.144032856663	0.0	0	3.4267370723973727	2315.1440328566678	1	0	2	0.9135791758327318
44200.0	1000.0	2015.1440328566605	0.0	0	293.4481551110366	2215.1440328566678	1	0	2	0.9218030472729
45200.0	1000.0	1915.1440328566637	0.0	0	63.49607736347389	2115.144032856675	1	0	2	0.9308386720028741
46367.60986443268	1000.0	1630.7731819807266	0.0	0	0.0	1998.3830464134226	1	0	2	0.9395643371188087
48153.00340232401	1000.0	666.8402903002559	0.0	0	0.0	1819.8436926242794	1	0	2	0.9507589410969512
49479.04613399656	1000.0	388.15661351549807	47.35905488779014	0	0.0	1867.2027475120703	1	0	1	0.6665697758181727
50316.879724135986	1000.0	588.2532046641053	37.930181288034134	0	0.0	1905.132928800107	1	0	1	0.9207421314151085
51178.31613587279	1000.0	726.8167929273034	0.0	0	0.0	1905.132928800107	1	0	1	1.1483232191433133
51942.28834828454	1000.0	962.8445805155517	0.0	0	0.0	1905.132928800107	1	0	1	1.1483232191433133
52527.03650715404	1000.0	1378.0964216460625	0.0	0	0.0	1905.132928800107	1	0	1	1.1483232191433133
53200.0	1000.0	1705.1329288000966	0.0	0	239.32701195590198	1905.132928800107	1	0	1	1.1483232191433133
54200.0	1000.0	1705.1329288000923	0.0	0	317.41697144661157	1905.132928800107	1	0	1	1.1483232191433133
55200.0	1000.0	1705.1329288000916	0.0	0	6.628821443358902	1905.132928800107	1	0	1	1.1483232191433133
56244.637019023634	1000.0	1660.4959097764645	0.0	0	0.0	1905.132928800107	1	0	1	1.1483232191433133
57693.739307496726	1000.0	1211.3936213033746	0.0	0	0.0	1905.132928800107	1	0	1	1.1483232191433133
59127.03217541558	1000.0	778.1007533845193	0.0	0	0.0	1905.132928800107	1	0	1	1.1483232191433133
60169.26293239195	1000.0	735.8699964081503	0.0	0	0.0	1905.132928800107	1	0	1	1.1483232191433133
61315.49237365044	1000.0	589.6405551496534	0.0	0	0.0	1905.132928800107	1	0	1	1.1483232191433133
62570.53323765828	1000.0	363.5183820615579	28.918690919742005	0	0.0	1934.0516197198522	1	0	1	0.9729204863678874
63428.24499081325	1000.0	542.860005720669	37.05337681407383	0	0.0	1971.1049965339262	1	0	1	0.9216114714978833
64296.63101793867	1000.0	674.4739785952448	0.0	0	0.0	1971.104996533919	1	0	1	1.1439317323823266
65037.48849898035	500.0	933.6164975535644	0.0	0	0.0	1971.1049965339116	1	0	1	-0.24236262873756353
65586.68577159724	500.0	1384.4192249366604	0.0	0	0.0	1971.1049965339043	1	0	1	0.45078455182238186
66200.0	500.0	1771.1049965339046	0.0	0	145.2920941246266	1971.1049965339043	1	0	1	0.4507845518223824
67200.0	500.0	1771.1049965339064	0.0	0	460.37535876258335	1971.1049965339043	1	0	1	0.450784551822382
68200.0	500.0	1771.1049965339228	0.0	0	607.0864456361451	1971.104996533919	1	0	1	0.4507845518223814
69200.0	1000.0	1771.1049965339312	0.0	0	419.1432037402119	1971.104996533919	1	0	1	0.4507845518223813
70200.0	1000.0	1771.1049965339434	0.0	0	430.996677262694	1971.1049965339334	1	0	1	1.1439317323823257
71200.0	1000.0	1771.104996533949	0.0	0	425.1001778371283	1971.1049965339334	1	0	1	1.1439317323823257
72200.0	1000.0	1771.1049965339473	0.0	0	290.8050459520455	1971.104996533919	1	0	1	1.1439317323823266
73562.4719568196	1000.0	1408.6330397143424	0.0	0	0.0	1971.104996533919	1	0	1	1.1439317323823266
74552.62967287085	1000.0	1418.475323663094	0.0	0	0.0	1971.104996533919	1	0	1	1.1439317323823266
75519.53291250479	1000.0	1451.572084029158	0.0	0	0.0	1971.104996533919	1	0	1	1.1439317323823266
76448.84028551073	1000.0	1522.2647110232103	0.0	0	0.0	1971.104996533919	1	0	1	1.1439317323823266
77377.0564222906	1000.0	1594.0485742433245	0.0	0	0.0	1971.104996533919	1	0	1	1.1439317323823266
78200.0	1000.0	1771.1049965339203	0.0	0	34.48513591013034	1971.104996533919	1	0	1	1.1439317323823266
79200.0	1000.0	1771.1049965339084	0.0	0	323.9313405195571	1971.104996533919	1	0	1	1.1439317323823266
80200.0	1000.0	1771.1049965338962	0.0	0	34.08043815511337	1971.104996533919	1	0	1	1.1439317323823266
81200.0	1000.0	1771.104996533883	0.0	0	343.60269994687405	1971.1049965339043	1	0	1	1.143931732382328
82200.0	1000.0	1771.104996533874	0.0	0	214.03971021551115	1971.1049965339043	1	0	1	1.143931732382328
83200.0	1000.0	1771.1049965338595	0.0	0	366.39729901996907	1971.1049965339043	1	0	1	1.143931732382328
84200.0	1000.0	1771.104996533857	0.0	0	282.1440996017045	1971.1049965339043	1	0	1	1.143931732382328
85200.0	1000.0	1771.1049965338593	0.0	0	354.079545001121	1971.1049965339043	1	0	1	1.143931732382328
86200.0	1000.0	1771.1049965338598	0.0	0	393.70476610859623	1971.1049965339043	1	0	1	1.143931732382328
87200.0	1000.0	1771.1049965338566	0.0	0	186.95277788044768	1971.1049965339043	1	0	1	1.143931732382328
88256.86757224496	1000.0	1714.2374242888827	0.0	0	0.0	1971.1049965339043	1	0	1	1.143931732382328
89259.4729426563	1000.0	1711.6320538775376	0.0	0	0.0	1971.1049965339043	1	0	1	1.143931732382328
90275.25954709626	1000.0	1695.8454494375846	0.0	0	0.0	1971.1049965339043	1	0	1	1.143931732382328
91200.0	1000.0	1771.1049965338266	0.0	0	80.28381568694022	1971.1049965339043	1	0	1	1.143931732382328
92200.0	1000.0	1771.1049965338166	0.0	0	228.92786883568624	1971.1049965339043	1	0	1	1.143931732382328
93312.93920610596	1000.0	1658.165790427856	0.0	0	0.0	1971.1049965338898	1	0	1	1.1439317323823288
94200.0	1000.0	1771.1049965338223	0.0	0	27.263609182700748	1971.1049965338898	1	0	1	1.1439317323823288
95200.0	1000.0	1771.104996533808	0.0	0	33.92968356417259	1971.1049965338898	1	0	1	1.1439317323823288
96200.0	1000.0	1771.1049965337902	0.0	0	261.6668346016231	1971.1049965338898	1	0	1	1.1439317323823288
97200.0	1000.0	1771.1049965337957	0.0	0	56.05887237771822	1971.1049965338898	1	0	1	1.1439317323823288
98431.26242762298	1000.0	1539.842568910818	0.0	0	0.0	1971.1049965338898	1	0	1	1.1439317323823288
99604.11067821737	1000.0	1366.9943183164287	0.0	0	0.0	1971.1049965338898	1	0	1	1.1439317323823288
100600.74216555673	1000.0	1370.3628309770793	0.0	0	0.0	1971.1049965339043	1	0	1	1.143931732382328
101770.12410741205	1000.0	1200.980889121768	0.0	0	0.0	1971.1049965339043	1	0	1	1.143931732382328
102936.43003803793	1000.0	1034.6749584959043	0.0	0	0.0	1971.1049965339043	1	0	1	1.143931732382328
103866.79719648485	1000.0	1104.307800048964	0.0	0	0.0	1971.1049965339043	1	0	1	1.143931732382328
104697.68778634467	1000.0	1273.4172101891495	0.0	0	0.0	1971.1049965339043	1	0	1	1.143931732382328
105655.39437376647	1000.0	1315.7106227673635	0.0	0	0.0	1971.1049965339043	1	0	1	1.143931732382328
106741.42725833836	1000.0	1229.677738195464	0.0	0	0.0	1971.1049965339043	1	0	1	1.143931732382328
107332.69159009925	1000.0	1638.4134064345983	0.0	0	0.0	1971.1049965339043	1	0	1	1.143931732382328
108200.0	1000.0	1771.1049965338275	0.0	0	309.33836202735256	1971.1049965339043	1	0	1	1.143931732382328
109200.0	1000.0	1771.1049965338382	0.0	0	192.64744235454418	1971.1049965339043	1	0	1	1.143931732382328
110200.0	1000.0	1771.1049965338264	0.0	0	89.13807304525108	1971.1049965338898	1	0	1	1.1439317323823288
111200.0	1000.0	1771.10499653383	0.0	0	440.32771652090014	1971.1049965338898	1	0	1	1.1439317323823288
112200.0	1000.0	1771.1049965338275	0.0	0	199.87316749886668	1971.1049965339043	1	0	1	1.143931732382328
113873.29078369404	1000.0	1097.8142128398065	0.0	0	0.0	1971.1049965339043	1	0	1	1.143931732382328
115075.52350705356	1000.0	895.5814894802916	0.0	0	0.0	1971.1049965338898	1	0	1	1.1439317323823288
116320.32132116065	1000.0	650.7836753732004	0.0	0	0.0	1971.1049965338898	1	0	1	1.1439317323823288
117054.08310063953	1000.0	917.0218958943293	0.0	0	0.0	1971.1049965338898	1	0	1	1.1439317323823288
117836.81053368344	1000.0	1134.2944628504158	0.0	0	0.0	1971.1049965338898	1	0	1	1.1439317323823288
118951.08636188135	1000.0	1020.0186346525179	0.0	0	0.0	1971.1049965338898	1	0	1	1.1439317323823288
119914.08373829714	1000.0	1057.0212582367135	0.0	0	0.0	1971.1049965338898	1	0	1	1.1439317323823288
120697.11529180915	1000.0	1273.9897047246864	0.0	0	0.0	1971.1049965338898	1	0	1	1.1439317323823288
121628.33911300501	1000.0	1342.7658835288332	0.0	0	0.0	1971.1049965339043	1	0	1	1.143931732382328
122556.54860589754	1000.0	1414.55639063632	0.0	0	0.0	1971.1049965339043	1	0	1	1.143931732382328
124090.47116579716	1000.0	880.6338307366926	0.0	0	0.0	1971.1049965339043	1	0	1	1.143931732382328
125099.39282477218	1000.0	871.712171761674	0.0	0	0.0	1971.1049965339043	1	0	1	1.143931732382328
125953.27519611102	1000.0	1017.8298004228094	0.0	0	0.0	1971.1049965339043	1	0	1	1.143931732382328
127184.74457911639	1000.0	786.3604174174413	0.0	0	0.0	1971.104996533919	1	0	1	1.1439317323823266
127994.77921312868	1000.0	976.3257834051375	0.0	0	0.0	1971.104996533919	1	0	1	1.1439317323823266
128614.4639500419	1000.0	1356.6410464919045	0.0	0	0.0	1971.1049965339043	1	0	1	1.143931732382328
129201.5817643363	1000.0	1769.523232197505	0.0	0	0.0	1971.1049965339043	1	0	1	1.143931732382328
130200.0	1000.0	1771.1049965338034	0.0	0	324.0808035702212	1971.1049965339043	1	0	1	1.143931732382328
131200.0	1000.0	1771.1049965338102	0.0	0	268.6237910485361	1971.104996533919	1	0	1	1.1439317323823275
132462.20765561337	1000.0	1508.8973409204468	0.0	0	0.0	1971.104996533948	1	0	1	1.1439317323823255
133923.31246129965	1000.0	1047.7925352341535	0.0	0	0.0	1971.104996533948	1	0	1	1.1439317323823248
135007.99128058032	1000.0	963.1137159534936	0.0	0	0.0	1971.104996533948	1	0	1	1.1439317323823248
136573.4834767773	1000.0	397.62151975649465	0.0	0	0.0	1971.104996533948	1	0	1	1.1439317323823248
138087.47195915075	1000.0	309.9674499861826	426.33441260315135	0	0.0	2397.4394091370923	1	0	1	-1.450266303540475
138992.93707708406	1000.0	580.956273976152	176.45394192330508	0	0.0	2573.893351060222	1	0	1	0.029181826152213597
139569.18928784484	1000.0	1004.7040632153437	0.0	0	0.0	2573.893351060222	1	0	1	1.087905477692044
140261.8476080971	1000.0	1312.0457429630706	0.0	0	0.0	2573.893351060193	1	0	1	1.0879054776920476
140990.89020456493	1000.0	1583.0031464952576	0.0	0	0.0	2573.893351060222	1	0	1	1.087905477692044
142079.2274762755	1000.0	1494.665874784709	0.0	0	0.0	2573.893351060222	1	0	1	1.087905477692044
142652.93238775356	1000.0	1920.9609633066432	0.0	0	0.0	2573.893351060222	1	0	1	1.087905477692044
143261.69260349558	1000.0	2312.200747564657	0.0	0	0.0	2573.893351060222	1	0	1	1.087905477692044
144200.0	1000.0	2373.893351060209	0.0	0	229.80872621157323	2573.893351060193	1	0	1	1.0879054776920476
145200.0	1000.0	2373.893351060205	0.0	0	247.44817883206997	2573.893351060193	1	0	1	1.0879054776920476
146200.0	1000.0	2373.8933510601887	0.0	0	25.562920243799454	2573.893351060193	1	0	1	1.0879054776920476
147264.85815728776	1000.0	2309.0351937724354	0.0	0	0.0	2573.8933510601637	1	0	1	1.0879054776920511
148244.6792988186	1000.0	2329.2140522415716	0.0	0	0.0	2573.8933510601637	1	0	1	1.0879054776920511
149205.97345293468	1000.0	2367.919898125491	0.0	0	0.0	2573.8933510601346	1	0	1	1.0879054776920547
150200.0	1000.0	2373.8933510601832	0.0	0	164.75767000942142	2573.8933510601346	1	0	1	1.0879054776920547
151200.0	1000.0	2373.8933510601746	0.0	0	173.82668186043156	2573.8933510601346	1	0	1	1.0879054776920547
152200.0	1000.0	2373.8933510601746	0.0	0	368.049257093895	2573.8933510601346	1	0	1	1.0879054776920547
153200.0	1000.0	2373.8933510601396	0.0	0	240.1228304100223	2573.8933510601346	1	0	1	1.0879054776920547
154200.0	1000.0	2373.893351060107	0.0	0	325.15094261354534	2573.8933510601055	1	0	1	1.0879054776920583
155200.0	1000.0	2373.893351060124	0.0	0	295.3162914662971	2573.8933510601346	1	0	1	1.0879054776920547
156200.0	1000.0	2373.893351060104	0.0	0	38.48848625263781	2573.8933510601346	1	0	1	1.0879054776920547
157245.32957644	1000.0	2328.5637746200746	0.0	0	0.0	2573.8933510601346	1	0	1	1.0879054776920547
158512.36136319666	1000.0	2061.531987863435	0.0	0	0.0	2573.8933510601346	1	0	1	1.0879054776920547
159215.22312932482	1000.0	2358.670221735265	0.0	0	0.0	2573.8933510601346	1	0	1	1.0879054776920547
160200.0	1000.0	2373.8933510600837	0.0	0	12.21076698039542	2573.8933510601346	1	0	1	1.0879054776920547
161200.0	1000.0	2373.893351060089	0.0	0	10.88054910567007	2573.8933510601637	1	0	1	1.0879054776920511
162223.38018663114	1000.0	2350.5131644289168	0.0	0	0.0	2573.8933510601346	1	0	1	1.0879054776920547
163200.0	1000.0	2373.8933510600464	0.0	0	8.70481598796323	2573.8933510601346	1	0	1	1.0879054776920547
164200.0	1000.0	2373.8933510600527	0.0	0	13.06212382033118	2573.8933510601055	1	0	1	1.0879054776920583
165200.0	1000.0	2373.8933510600405	0.0	0	158.55184153825394	2573.8933510601055	1	0	1	1.0879054776920583
166200.0	1000.0	2373.8933510600527	0.0	0	351.36801808461314	2573.8933510601055	1	0	1	1.0879054776920583
167200.0	1000.0	2373.8933510600527	0.0	0	389.19512849484454	2573.8933510601055	1	0	1	1.0879054776920583
168200.0	1000.0	2373.893351060049	0.0	0	469.51485606341157	2573.8933510601346	1	0	1	1.0879054776920547
169200.0	1000.0	2373.893351060048	0.0	0	292.3790477543371	2573.8933510601346	1	0	1	1.0879054776920547
170200.0	1000.0	2373.8933510600787	0.0	0	139.15483256347943	2573.8933510601346	1	0	1	1.0879054776920547
171305.39957894382	1000.0	2268.493772116268	0.0	0	0.0	2573.8933510601055	1	0	1	1.0879054776920583
172664.83979333064	1000.0	1909.0535577294318	0.0	0	0.0	2573.8933510600473	1	0	1	1.0879054776920634
173657.42355996353	1000.0	1916.4697910965237	0.0	0	0.0	2573.8933510600473	1	0	1	1.0879054776920654
174795.257057326	1000.0	1778.636293734062	0.0	0	0.0	2573.8933510600473	1	0	1	1.0879054776920654
175639.77686332315	1000.0	1934.1164877369363	0.0	0	0.0	2573.8933510600473	1	0	1	1.0879054776920654
176708.89442223863	1000.0	1864.9989288214622	0.0	0	0.0	2573.8933510600473	1	0	1	1.0879054776920654
177722.11718286882	1000.0	1851.7761681912918	0.0	0	0.0	2573.8933510600473	1	0	1	1.0879054776920654
178393.4499991386	1000.0	2180.4433519214945	0.0	0	0.0	2573.8933510600764	1	0	1	1.0879054776920618
179736.09335805292	1000.0	1837.7999930071437	0.0	0	0.0	2573.8933510600473	1	0	1	1.0879054776920654
180577.2395078161	1000.0	1996.6538432439706	0.0	0	0.0	2573.893351060018	1	0	1	1.087905477692066
181200.0	500.0	2373.893351060036	0.0	0	4.90568595280638	2573.893351059989	1	0	1	-0.2983888834278183
182200.0	500.0	2373.8933510600464	0.0	0	257.47076797136106	2573.893351059989	1	0	1	0.394758297132127
183200.0	500.0	2373.8933510600327	0.0	0	488.6866616992047	2573.893351060018	1	0	1	0.3947582971321241
184200.0	500.0	2373.8933510600523	0.0	0	553.8725920779398	2573.893351060018	1	0	1	0.3947582971321234
185219.92730624622	1000.0	2353.9660448138125	0.0	0	0.0	2573.893351060018	1	0	1	0.3947582971321235
186200.0	500.0	2373.893351060023	0.0	0	455.65804812914575	2573.8933510600473	1	0	1	-0.2983888834278253
187200.0	500.0	2373.89335106001	0.0	0	612.8335556615784	2573.8933510600473	1	0	1	0.39475829713211996
188200.0	500.0	2373.893351060007	0.0	0	589.7749296143011	2573.8933510600473	1	0	1	0.39475829713211996
189200.0	1000.0	2373.8933510599923	0.0	0	311.06795823504217	2573.8933510600473	1	0	1	0.39475829713211996
190200.0	1000.0	2373.8933510599936	0.0	0	321.3261137800582	2573.893351060018	1	0	1	1.087905477692069
191200.0	1000.0	2373.8933510600227	0.0	0	116.79661719428259	2573.893351060018	1	0	1	1.087905477692069
192200.0	1000.0	2373.893351059996	0.0	0	161.92740539778606	2573.893351060018	1	0	1	1.087905477692069
193200.0	1000.0	2373.89335105995	0.0	0	403.5875840410008	2573.893351059989	1	0	1	1.0879054776920725
194200.0	1000.0	2373.893351059943	0.0	0	427.58483022486325	2573.893351059989	1	0	1	1.0879054776920725
195200.0	1000.0	2373.893351059936	0.0	0	51.238156775798416	2573.893351059989	1	0	1	1.0879054776920725
197008.53352300962	1000.0	1565.3598280502952	0.0	0	0.0	2573.893351059989	1	0	1	1.0879054776920725
198532.94904332163	1000.0	1040.944307738284	0.0	0	0.0	2573.893351059989	1	0	1	1.0879054776920725
199304.91940615058	1000.0	1268.9739449093104	0.0	0	0.0	2573.893351059989	1	0	1	1.0879054776920725
200266.86032282183	1000.0	1307.0330282380662	0.0	0	0.0	2573.893351059989	1	0	1	1.0879054776920725
200888.94600738195	1000.0	1684.947343677954	0.0	0	0.0	2573.893351059989	1	0	1	1.0879054776920725
201453.44454343268	1000.0	2120.448807627214	0.0	0	0.0	2573.893351059989	1	0	1	1.0879054776920725
202200.0	1000.0	2373.89335105992	0.0	0	358.6535426816554	2573.893351059989	1	0	1	1.0879054776920725
203200.0	1000.0	2373.8933510599322	0.0	0	559.5766547900566	2573.893351059989	1	0	1	1.0879054776920725
204200.0	1000.0	2373.8933510599395	0.0	0	241.92864086510963	2573.893351060018	1	0	1	1.087905477692069
205550.15943726775	1000.0	2023.7339137921686	0.0	0	0.0	2573.893351060018	1	0	1	1.087905477692066
207442.14871681647	1000.0	1131.7446342434437	0.0	0	0.0	2573.8933510600473	1	0	1	1.087905477692066
208400.84403946204	1000.0	1173.0493115978827	0.0	0	0.0	2573.8933510600473	1	0	1	1.0879054776920654
209430.66050218506	1000.0	1143.232848874881	0.0	0	0.0	2573.8933510600473	1	0	1	1.0879054776920654
210625.10005830813	1000.0	948.7932927518083	0.0	0	0.0	2573.893351060018	1	0	1	1.087905477692069
211962.58262432335	1000.0	611.3107267365378	0.0	0	0.0	2573.893351060018	1	0	1	1.087905477692069
213088.93449306933	1000.0	484.9588579905512	0.0	0	0.0	2573.893351060018	1	0	1	1.087905477692069
214449.09402746896	1000.0	211.90355538964698	87.1042317987719	0	0.0	2660.9975828587485	1	0	1	0.5542500021993324
214883.4135928595	500.0	777.5839899991207	0.0	0	0.0	2660.9975828587194	1	0	1	-0.30945964812321924
215503.02210191824	500.0	1157.9754809403644	0.0	0	0.0	2660.9975828587194	1	0	1	0.38368753243672626
215843.59629145626	500.0	1817.4012914023515	0.0	0	0.0	2660.9975828587194	1	0	1	0.38368753243672626
216393.4003992873	500.0	2267.59718357133	0.0	0	0.0	2660.9975828587194	1	0	1	0.38368753243672626
217200.0	1000.0	2460.997582858603	0.0	0	39.2367933857895	2660.9975828586903	1	0	1	0.3836875324367303
218200.0	1000.0	2460.9975828586003	0.0	0	231.07790163191385	2660.9975828586903	1	0	1	1.0768347129966758
219200.0	1000.0	2460.9975828586157	0.0	0	263.9262527670653	2660.9975828586903	1	0	1	1.0768347129966758
220200.0	1000.0	2460.9975828586207	0.0	0	365.9312087079743	2660.9975828586903	1	0	1	1.0768347129966758
221200.0	1000.0	2460.997582858637	0.0	0	300.58289476524806	2660.9975828586903	1	0	1	1.0768347129966758
222200.0	1000.0	2460.9975828586234	0.0	0	26.552434761601035	2660.9975828586903	1	0	1	1.0768347129966758
223200.0	1000.0	2460.997582858599	0.0	0	88.27779690839816	2660.997582858661	1	0	1	1.0768347129966795
224200.0	1000.0	2460.997582858592	0.0	0	342.738306119747	2660.997582858661	1	0	1	1.0768347129966795
225200.0	1000.0	2460.9975828585634	0.0	0	133.97275567153702	2660.997582858632	1	0	1	1.0768347129966833
226200.0	1000.0	2460.9975828585816	0.0	0	51.274117085995385	2660.997582858603	1	0	1	1.0768347129966873
227200.0	1000.0	2460.9975828585734	0.0	0	23.044147464010166	2660.997582858603	1	0	1	1.0768347129966873
228200.0	1000.0	2460.9975828585607	0.0	0	343.88167386417626	2660.997582858603	1	0	1	1.0768347129966873
229200.0	1000.0	2460.9975828585657	0.0	0	333.1811106885143	2660.997582858574	1	0	1	1.0768347129966909
230200.0	1000.0	2460.9975828585502	0.0	0	230.17266372474842	2660.997582858603	1	0	1	1.0768347129966873
231200.0	1000.0	2460.9975828585907	0.0	0	484.0389073152328	2660.997582858603	1	0	1	1.0768347129966873
232200.0	1000.0	2460.9975828585966	0.0	0	110.5217252697039	2660.997582858574	1	0	1	1.0768347129966909
233200.0	1000.0	2460.9975828585816	0.0	0	424.1006514514156	2660.997582858574	1	0	1	1.0768347129966909
234200.0	1000.0	2460.9975828585666	0.0	0	393.7387886258948	2660.997582858545	1	0	1	1.0768347129966949
235200.0	1000.0	2460.9975828585666	0.0	0	74.94252403604332	2660.997582858574	1	0	1	1.0768347129966909
236200.0	1000.0	2460.997582858526	0.0	0	239.65877592461766	2660.997582858574	1	0	1	1.0768347129966909
237253.41951295317	1000.0	2407.578069905317	0.0	0	0.0	2660.997582858574	1	0	1	1.0768347129966909
238797.28341830894	1000.0	1863.7141645495433	0.0	0	0.0	2660.997582858545	1	0	1	1.0768347129966949
239810.11582912767	1000.0	1850.8817537308128	0.0	0	0.0	2660.997582858545	1	0	1	1.0768347129966949
240419.75826783085	1000.0	2241.2393150276257	0.0	0	0.0	2660.997582858545	1	0	1	1.0768347129966949
241596.02008580332	1000.0	2064.9774970551753	0.0	0	0.0	2660.9975828585157	1	0	1	1.0768347129966989
242385.26220628523	1000.0	2275.7353765732737	0.0	0	0.0	2660.9975828585157	1	0	1	1.0768347129966989
243200.0	1000.0	2460.997582858527	0.0	0	13.112516208173474	2660.9975828585157	1	0	1	1.0768347129966989
244200.0	1000.0	2460.9975828585148	0.0	0	245.75484779744875	2660.997582858545	1	0	1	1.0768347129966949
245200.0	1000.0	2460.9975828585084	0.0	0	332.83270709888893	2660.9975828585157	1	0	1	1.0768347129966989
246286.40757577153	1000.0	2374.590007086998	0.0	0	0.0	2660.9975828585157	1	0	1	1.0768347129966989
247472.69533241104	1000.0	2188.3022504474916	0.0	0	0.0	2660.9975828585157	1	0	1	1.0768347129966989
248674.58847669695	1000.0	1986.4091061615804	0.0	0	0.0	2660.997582858545	1	0	1	1.076834712996697
249619.84760450874	1000.0	2041.1499783497975	0.0	0	0.0	2660.997582858545	1	0	1	1.0768347129966949
250277.57395348122	1000.0	2383.4236293773424	0.0	0	0.0	2660.997582858545	1	0	1	1.0768347129966949
251392.61326032405	1000.0	2268.384322534498	0.0	0	0.0	2660.997582858545	1	0	1	1.0768347129966949
252982.8479324854	1000.0	1678.1496503731576	0.0	0	0.0	2660.997582858545	1	0	1	1.0768347129966964
254228.9501356716	1000.0	1432.047447186942	0.0	0	0.0	2660.997582858545	1	0	1	1.0768347129966949
255241.8034749115	1000.0	1419.1941079470432	0.0	0	0.0	2660.997582858545	1	0	1	1.0768347129966949
255852.82320227442	1000.0	1808.174380584078	0.0	0	0.0	2660.997582858545	1	0	1	1.0768347129966949
256353.8968797385	1000.0	2307.1007031200115	0.0	0	0.0	2660.997582858574	1	0	1	1.0768347129966909
257200.0	1000.0	2460.997582858523	0.0	0	263.1740849062335	2660.997582858603	1	0	1	1.0768347129966873
258200.0	1000.0	2460.997582858529	0.0	0	227.09148122664192	2660.997582858603	1	0	1	1.0768347129966873
259200.0	1000.0	2460.9975828585507	0.0	0	54.27968103429885	2660.997582858632	1	0	1	1.0768347129966833
260200.0	1000.0	2460.9975828585375	0.0	0	289.5812912886613	2660.997582858661	1	0	1	1.0768347129966795
261200.0	1000.0	2460.9975828585434	0.0	0	407.98381217577844	2660.9975828586903	1	0	1	1.0768347129966758
262837.99559700594	1000.0	1823.0019858526323	0.0	0	0.0	2660.9975828587194	1	0	1	1.0768347129966749
264233.74373715016	1000.0	1427.2538457083622	0.0	0	0.0	2660.997582858632	1	0	1	1.076834712996681
265097.8693210356	1000.0	1563.1282618229166	0.0	0	0.0	2660.997582858603	1	0	1	1.0768347129966864
265889.7928378936	1000.0	1771.2047449649262	0.0	0	0.0	2660.997582858661	1	0	1	1.0768347129966795
266675.87919571216	1000.0	1985.1183871464152	0.0	0	0.0	2660.997582858661	1	0	1	1.0768347129966795
267542.2247675569	1000.0	2118.772815301695	0.0	0	0.0	2660.997582858661	1	0	1	1.0768347129966795
268602.45937609294	1000.0	2058.5382067656096	0.0	0	0.0	2660.9975828587194	1	0	1	1.0768347129966718
269200.0	1000.0	2460.9975828585493	0.0	0	58.083513929042965	2660.9975828587194	1	0	1	1.0768347129966718
270200.0	1000.0	2460.997582858569	0.0	0	24.074737166345585	2660.9975828587776	1	0	1	1.076834712996664
271200.0	1000.0	2460.997582858555	0.0	0	22.75193589029368	2660.9975828587776	1	0	1	1.076834712996664
272380.1092330446	1000.0	2280.8883498139794	0.0	0	0.0	2660.9975828587776	1	0	1	1.076834712996664
273615.4677398422	1000.0	2045.5298430164466	0.0	0	0.0	2660.9975828587776	1	0	1	1.076834712996664
274376.3394483717	1000.0	2284.658134486926	0.0	0	0.0	2660.9975828587776	1	0	1	1.076834712996664
275200.0	1000.0	2460.997582858635	0.0	0	150.5919891773956	2660.9975828587776	1	0	1	1.076834712996664
276200.0	1000.0	2460.997582858605	0.0	0	87.77350393554661	2660.997582858836	1	0	1	1.0768347129966565
277200.0	1000.0	2460.9975828585943	0.0	0	48.38501913147047	2660.997582858894	1	0	1	1.0768347129966487
278200.0	1000.0	2460.9975828586857	0.0	0	359.9123274713056	2660.997582858894	1	0	1	1.0768347129966487
279200.0	1000.0	2460.9975828587167	0.0	0	348.9220535703935	2660.997582858894	1	0	1	1.0768347129966487
280200.0	1000.0	2460.9975828586794	0.0	0	199.73566117696464	2660.997582858894	1	0	1	1.0768347129966487
281200.0	1000.0	2460.9975828586407	0.0	0	216.4933870898094	2660.997582858894	1	0	1	1.0768347129966487
282306.24711969245	1000.0	2354.750463166217	0.0	0	0.0	2660.997582858894	1	0	1	1.0768347129966487
283545.3748816456	1000.0	2115.6227012130466	0.0	0	0.0	2660.997582858836	1	0	1	1.0768347129966565
284496.03586094495	1000.0	2164.9617219137376	0.0	0	0.0	2660.997582858894	1	0	1	1.076834712996655
285725.37971277285	1000.0	1935.6178700858347	0.0	0	0.0	2660.997582858894	1	0	1	1.0768347129966533
286770.9643010025	1000.0	1890.0332818561942	0.0	0	0.0	2660.997582858894	1	0	1	1.0768347129966487
287938.75863255444	1000.0	1722.2389503042996	0.0	0	0.0	2660.997582858894	1	0	1	1.0768347129966487
288584.02930144477	1000.0	2076.968281414006	0.0	0	0.0	2660.997582858894	1	0	1	1.0768347129966487
289288.38055280555	1000.0	2372.6170300531758	0.0	0	0.0	2660.997582858894	1	0	1	1.0768347129966487
290200.0	1000.0	2460.9975828588113	0.0	0	264.62693907378707	2660.997582858836	1	0	1	1.0768347129966565
291200.0	1000.0	2460.997582858803	0.0	0	367.2264603599324	2660.997582858894	1	0	1	1.0768347129966487
292200.0	1000.0	2460.9975828587676	0.0	0	309.6801589052193	2660.997582858894	1	0	1	1.0768347129966487
293200.0	1000.0	2460.9975828587267	0.0	0	262.815763204766	2660.997582858894	1	0	1	1.0768347129966487
294200.0	1000.0	2460.9975828587876	0.0	0	271.86610559397377	2660.9975828589522	1	0	1	1.0768347129966411
295200.0	1000.0	2460.997582858767	0.0	0	440.4039116873173	2660.9975828589522	1	0	1	1.0768347129966411
296200.0	1000.0	2460.9975828588626	0.0	0	321.0571760418243	2660.9975828590104	1	0	1	1.0768347129966331
297644.02066461445	1000.0	2016.9769182443936	0.0	0	0.0	2660.9975828590104	1	0	1	1.0768347129966331
298265.81976576505	1000.0	2395.177817093844	0.0	0	0.0	2660.9975828590104	1	0	1	1.0768347129966331
299200.0	1000.0	2460.997582858881	0.0	0	306.24907875293866	2660.9975828590104	1	0	1	1.0768347129966331
300249.0741841471	1000.0	2411.923398711754	0.0	0	0.0	2660.9975828590686	1	0	1	1.0768347129966256
1.24	1.1	0.87	0.68	1.44	1.11	0.79	1.22	1.22	1.45	1.0	1.41	1.55	1.48	1.38	1.29	1.04	0.78	0.93	0.73	1.1	1.25	1.19	1.26	0.87	0.92	0.7	1.1	1.23	1.2	0.87	1.23	1.69	1.6	1.4	1.36	1.34	1.36	1.45	1.39	0.8	0.44	0.47	0.98	1.25	1.24	1.83	2.48	1.6	1.26	0.8	0.61	0.56	0.88	1.15	1.14	0.74	1.43	1.1	0.76	1.09	1.27	1.44	1.48	1.63	1.48	1.23	0.65	1.29	1.19	1.18	1.27	1.34	1.42	1.27	1.24	1.82	1.36	1.63	2.02	1.3	1.7	1.02	0.74	0.98	1.27	0.95	1.17	1.52	1.36	1.47	0.95	1.0	1.02	1.05	1.17	1.26	0.83	0.86	1.24	1.0	1.58	1.55	1.24	1.25	1.9	1.17	0.71	0.74	0.79	1.11	1.44	1.2	1.18	1.52	1.26	1.27	0.61	1.02	1.3	1.09	0.98	1.32	1.9	1.81	1.45	0.93	0.98	0.79	0.95	0.67	0.75	0.93	1.32	1.95	1.18	1.27	1.62	1.31	1.45	1.31	1.2	0.67	1.53	1.23	1.23	1.22	1.12	1.4	1.17	1.24	1.1	0.87	0.68	1.44	1.11	0.79	1.22	1.22	1.45	1.0	1.41	1.55	1.48	1.38	1.29	1.04	0.78	0.93	0.73	1.1	1.25	1.19	1.26	0.87	0.92	0.7	1.1	1.23	1.2	0.87	1.23	1.69	1.6	1.4	1.36	1.34	1.36	1.45	1.39	0.8	0.44	0.47	0.98	1.25	1.24	1.83	2.48	1.6	1.26	0.8	0.61	0.56	0.88	1.15	1.14	0.74	1.43	1.1	0.76	1.09	1.27	1.44	1.48	1.63	1.48	1.23	0.65	1.29	1.19	1.18	1.27	1.34	1.42	1.27	1.24	1.82	1.36	1.63	2.02	1.3	1.7	1.02	0.74	0.98	1.27	0.95	1.17	1.52	1.36	1.47	0.95	1.0	1.02	1.05	1.17	1.26	0.83	0.86	1.24	1.0	1.58	1.55	1.24	1.25	1.9	1.17	0.71	0.74	0.79	1.11	1.44	1.2	1.18	1.52	1.26	1.27	0.61	1.02	1.3	1.09	0.98	1.32	1.9	1.81	1.45	0.93	0.98	0.79	0.95	0.67	0.75	0.93	1.32	1.95	1.18	1.27	1.62	1.31	1.45	1.31	1.2	0.67	1.53	1.23	1.23	1.22	1.12	1.4	1.17
1.0	2.0	3.0	4.0	5.0	6.0	7.0	8.0	9.0	10.0	11.0	12.0	13.0	14.0	15.0	16.0	17.0	18.0	19.0	20.0	21.0	22.0	23.0	24.0	25.0	26.0	27.0	28.0	29.0	30.0	31.0	32.0	33.0	34.0	35.0	36.0	37.0	38.0	39.0	40.0	41.0	42.0	43.0	44.0	45.0	46.0	47.0	48.0	49.0	50.0	51.0	52.0	53.0	54.0	55.0	56.0	57.0	58.0	59.0	60.0	61.0	62.0	63.0	64.0	65.0	66.0	67.0	68.0	69.0	70.0	71.0	72.0	73.0	74.0	75.0	76.0	77.0	78.0	79.0	80.0	81.0	82.0	83.0	84.0	85.0	86.0	87.0	88.0	89.0	90.0	91.0	92.0	93.0	94.0	95.0	96.0	97.0	98.0	99.0	100.0	101.0	102.0	103.0	104.0	105.0	106.0	107.0	108.0	109.0	110.0	111.0	112.0	113.0	114.0	115.0	116.0	117.0	118.0	119.0	120.0	121.0	122.0	123.0	124.0	125.0	126.0	127.0	128.0	129.0	130.0	131.0	132.0	133.0	134.0	135.0	136.0	137.0	138.0	139.0	140.0	141.0	142.0	143.0	144.0	145.0	146.0	147.0	148.0	149.0	149.0	150.0	151.0	152.0	153.0	154.0	155.0	156.0	157.0	158.0	159.0	160.0	161.0	162.0	163.0	164.0	165.0	166.0	167.0	168.0	169.0	170.0	171.0	172.0	173.0	174.0	175.0	176.0	177.0	178.0	179.0	180.0	181.0	182.0	183.0	184.0	185.0	186.0	187.0	188.0	189.0	190.0	191.0	192.0	193.0	194.0	195.0	196.0	197.0	198.0	199.0	200.0	201.0	202.0	203.0	204.0	205.0	206.0	207.0	208.0	209.0	210.0	211.0	212.0	213.0	214.0	215.0	216.0	217.0	218.0	219.0	220.0	221.0	222.0	223.0	224.0	225.0	226.0	227.0	228.0	229.0	230.0	231.0	232.0	233.0	234.0	235.0	236.0	237.0	238.0	239.0	240.0	241.0	242.0	243.0	244.0	245.0	246.0	247.0	248.0	249.0	250.0	251.0	252.0	253.0	254.0	255.0	256.0	257.0	258.0	259.0	260.0	261.0	262.0	263.0	264.0	265.0	266.0	267.0	268.0	269.0	270.0	271.0	272.0	273.0	274.0	275.0	276.0	277.0	278.0	279.0	280.0	281.0	282.0	283.0	284.0	285.0	286.0	287.0	288.0	289.0	290.0	291.0	292.0	293.0	294.0	295.0	296.0	297.0	298.0	298.0
5485.3706671250575
