3467.0959476625862	300.0	2000.0	286.82097115590443	0	0.0	3467.0959476625862	1	0	1	-1.9886160877340204
3740.000460480771	300.0	2727.095487181815	0.0	0	0.0	3467.0959476625862	1	0	1	-0.28444324816364736
4200.0	300.0	3267.095947662586	0.0	0	190.53478911232924	3467.0959476625862	1	0	1	-0.28444324816364736
5200.0	300.0	3167.0959476625853	0.0	0	795.887841502321	3367.095947662586	1	0	2	-0.6685847014062992
6200.0	500.0	3067.0959476625835	0.0	0	699.5068804356388	3267.095947662584	1	0	2	-0.4437659546681822
7200.0	500.0	2967.095947662582	0.0	0	671.9131833777537	3167.0959476625826	1	0	2	0.08980381287360073
8200.0	500.0	2867.0959476625817	0.0	0	708.4862233317135	3067.095947662582	1	0	2	0.11062304234468995
9450.10481630634	1000.0	2616.9911313562397	0.0	0	0.0	3067.095947662582	1	0	1	0.11851306932806835
10200.0	1000.0	2792.1064292932156	0.0	0	64.48354567462229	2992.106429293218	1	0	2	0.6218959453479709
11200.0	1000.0	2792.106429293216	0.0	0	474.62409348028814	2992.1064292932206	1	0	1	0.8255811398774479
12200.0	1000.0	2792.106429293218	0.0	0	546.5370805045113	2992.1064292932206	1	0	1	1.025581139877448
13200.0	1000.0	2792.106429293215	0.0	0	477.1582648252188	2992.1064292932206	1	0	1	1.025581139877448
14200.0	1000.0	2692.1064292932183	0.0	0	512.3245474828909	2892.106429293226	1	0	2	0.6361753433927246
15200.0	1000.0	2692.1064292932183	0.0	0	198.73327656680158	2892.106429293226	1	0	1	0.8427319984070294
16200.0	1000.0	2692.106429293218	0.0	0	503.91583685473597	2892.106429293226	1	0	1	1.0427319984070296
17200.0	1000.0	2692.1064292932156	0.0	0	617.1525970522489	2892.106429293224	1	0	1	1.0427319984070302
18200.0	1000.0	2692.106429293218	0.0	0	522.4522423153649	2892.106429293226	1	0	1	1.0427319984070298
19240.79431699384	1000.0	2651.312112299379	0.0	0	0.0	2892.1064292932297	1	0	1	1.0427319984070293
20200.0	1000.0	2692.1064292932156	0.0	0	24.295961403007823	2892.106429293228	1	0	1	1.0427319984070293
21200.0	1000.0	2692.1064292932174	0.0	0	454.02650028029893	2892.106429293228	1	0	1	1.0427319984070293
22200.0	1000.0	2692.1064292932147	0.0	0	466.02836845963975	2892.106429293224	1	0	1	1.04273199840703
23200.0	1000.0	2692.1064292932124	0.0	0	719.2958301656763	2892.106429293224	1	0	1	1.04273199840703
24200.0	1000.0	2692.1064292932097	0.0	0	564.7174021044411	2892.106429293224	1	0	1	1.04273199840703
25200.0	1000.0	2692.1064292932115	0.0	0	354.70593220660885	2892.106429293224	1	0	1	1.04273199840703
26264.916727538766	1000.0	2627.1897017544447	0.0	0	0.0	2892.106429293224	1	0	1	1.04273199840703
27219.440820520744	1000.0	2672.66560877247	0.0	0	0.0	2892.106429293228	1	0	1	1.0427319984070293
28200.0	1000.0	2692.106429293213	0.0	0	358.40301232615093	2892.106429293228	1	0	1	1.0427319984070293
29200.0	1000.0	2692.1064292932087	0.0	0	502.3389577652524	2892.106429293228	1	0	1	1.0427319984070293
30200.0	1000.0	2692.1064292932083	0.0	0	513.4016679444758	2892.106429293228	1	0	1	1.0427319984070293
31200.0	1000.0	2692.106429293205	0.0	0	698.2346730947211	2892.106429293228	1	0	1	1.0427319984070293
32200.0	1000.0	2692.1064292932047	0.0	0	579.5660971368779	2892.106429293228	1	0	1	1.0427319984070293
33200.0	1000.0	2692.106429293197	0.0	0	241.8421939316613	2892.106429293217	1	0	1	1.04273199840703
34200.0	1000.0	2692.1064292931987	0.0	0	297.5805656398443	2892.1064292932206	1	0	1	1.042731998407031
35276.05791474605	1000.0	2616.048514547142	0.0	0	0.0	2892.1064292932206	1	0	1	1.0427319984070307
36200.0	1000.0	2692.1064292931974	0.0	0	170.5746433171662	2892.1064292932206	1	0	1	1.0427319984070307
37200.0	1000.0	2692.106429293206	0.0	0	344.6869602338338	2892.106429293228	1	0	1	1.0427319984070293
38200.0	1000.0	2592.1064292932074	0.0	0	488.06621390525106	2792.106429293228	1	0	2	0.6523979305400412
39200.0	1000.0	2592.106429293209	0.0	0	358.3369330621499	2792.106429293228	1	0	1	0.8583842892070186
40200.0	1000.0	2592.1064292932074	0.0	0	461.36846112633793	2792.106429293228	1	0	1	1.0583842892070188
41200.0	1000.0	2592.1064292932037	0.0	0	403.7958176468892	2792.106429293235	1	0	1	1.0583842892070177
42200.0	1000.0	2592.106429293208	0.0	0	284.16867730987724	2792.1064292932424	1	0	1	1.0583842892070165
43200.0	1000.0	2592.1064292932115	0.0	0	196.46425724702567	2792.1064292932424	1	0	1	1.0583842892070165
44200.0	1000.0	2492.1064292932133	0.0	0	201.8966544693685	2692.1064292932497	1	0	2	0.6681141815420555
45200.0	1000.0	2492.1064292932083	0.0	0	571.6979657311676	2692.1064292932497	1	0	1	0.8726577613807147
46200.0	1000.0	2492.106429293201	0.0	0	446.97379997628013	2692.1064292932497	1	0	1	1.072657761380715
47200.0	1000.0	2492.106429293193	0.0	0	513.9900613524587	2692.1064292932424	1	0	1	1.0726577613807158
48200.0	1000.0	2492.1064292931974	0.0	0	468.9035285951759	2692.1064292932424	1	0	1	1.0726577613807158
49200.0	1000.0	2392.106429293199	0.0	0	171.32292191282613	2592.1064292932424	1	0	2	0.6815139411940718
50200.0	1000.0	2292.1064292931896	0.0	0	337.92148477816227	2492.106429293228	1	0	2	0.8933371819218021
51200.0	1000.0	2292.106429293196	0.0	0	297.6202625248261	2492.106429293228	1	0	1	0.8975094276339667
52200.0	1000.0	2192.106429293195	0.0	0	501.5567464389824	2392.106429293228	1	0	2	0.7041448559538087
53200.0	1000.0	2192.1064292931965	0.0	0	428.345524468903	2392.106429293228	1	0	1	0.9082897204895822
54200.0	1000.0	2192.10642929319	0.0	0	617.4620832921064	2392.106429293228	1	0	1	1.1082897204895823
55200.0	1000.0	2192.1064292931837	0.0	0	522.9025202342746	2392.106429293228	1	0	1	1.1082897204895823
56200.0	1000.0	2192.106429293183	0.0	0	123.99810113778221	2392.106429293235	1	0	1	1.1082897204895816
57200.0	1000.0	2192.1064292931833	0.0	0	482.9116419326674	2392.106429293235	1	0	1	1.1082897204895816
58200.0	1000.0	2192.106429293179	0.0	0	468.8612996870288	2392.106429293235	1	0	1	1.1082897204895816
59200.0	1000.0	2192.106429293175	0.0	0	615.7317601461982	2392.106429293235	1	0	1	1.1082897204895816
60200.0	1000.0	2192.1064292931737	0.0	0	553.4618252448199	2392.106429293228	1	0	1	1.1082897204895823
61200.0	1000.0	2192.106429293166	0.0	0	665.9997091625701	2392.106429293228	1	0	1	1.1082897204895823
62200.0	2000.0	2192.106429293169	0.0	0	458.2707084310168	2392.1064292932206	1	0	1	1.108289720489583
63502.90948640993	3000.0	1889.1969428832363	0.0	0	0.0	2392.1064292932206	1	0	1	1.8014369010495284
65974.03838696827	2000.0	418.0680423249085	0.0	0	0.0	2392.1064292932206	1	0	1	1.395971792941364
66566.42479537254	1000.0	825.6816339206421	0.0	0	0.0	2392.1064292932133	1	0	1	0.41514253992963823
67260.18864955095	1000.0	1131.9177797422426	0.0	0	0.0	2392.1064292932206	1	0	1	1.1082897204895832
67999.02473118698	1000.0	1393.081698106226	0.0	0	0.0	2392.106429293228	1	0	1	1.1082897204895819
68649.19903275184	1000.0	1742.9073965413502	0.0	0	0.0	2392.106429293228	1	0	1	1.1082897204895823
69252.49227931902	1000.0	2079.284825317468	0.0	0	0.0	2331.7771046365087	1	0	2	0.7128753141918858
70200.0	1000.0	2131.7771046364796	0.0	0	456.71123716978764	2331.7771046365087	1	0	1	0.9143167639135272
71200.0	1000.0	2131.7771046364705	0.0	0	266.3215625925368	2331.7771046365087	1	0	1	1.1143167639135274
72200.0	1000.0	2131.7771046364496	0.0	0	421.8165560826019	2331.777104636494	1	0	1	1.1143167639135285
73200.0	1000.0	2131.777104636467	0.0	0	447.8118712135474	2331.777104636494	1	0	1	1.1143167639135285
74200.0	1000.0	2131.7771046364655	0.0	0	478.307714247072	2331.7771046364796	1	0	1	1.11431676391353
75200.0	1000.0	2131.777104636475	0.0	0	137.3250416013616	2331.7771046364796	1	0	1	1.11431676391353
76200.0	1000.0	2131.77710463648	0.0	0	317.9996080689598	2331.7771046364796	1	0	1	1.11431676391353
77200.0	1000.0	2131.777104636464	0.0	0	370.8292650356452	2331.777104636465	1	0	1	1.1143167639135316
78200.0	1000.0	2131.777104636476	0.0	0	379.07767534509185	2331.777104636465	1	0	1	1.1143167639135316
79200.0	1000.0	2131.7771046364833	0.0	0	331.5894871049968	2331.777104636465	1	0	1	1.1143167639135316
80200.0	1000.0	2131.777104636494	0.0	0	299.01017093619157	2331.777104636465	1	0	1	1.1143167639135316
81200.0	1000.0	2131.7771046365056	0.0	0	416.93071954487823	2331.777104636465	1	0	1	1.1143167639135316
82200.0	1000.0	2131.7771046365156	0.0	0	533.2412253059883	2331.777104636465	1	0	1	1.1143167639135316
83200.0	1000.0	2131.7771046365183	0.0	0	467.71781933568127	2331.777104636465	1	0	1	1.1143167639135316
84200.0	1000.0	2131.7771046365283	0.0	0	498.6080029070581	2331.7771046364796	1	0	1	1.11431676391353
85200.0	1000.0	2131.777104636528	0.0	0	79.81621181924129	2331.7771046364796	1	0	1	1.11431676391353
86200.0	1000.0	2131.7771046365187	0.0	0	195.70528106992424	2331.7771046364796	1	0	1	1.11431676391353
87200.0	1000.0	2131.7771046365187	0.0	0	421.5566718177579	2331.777104636494	1	0	1	1.1143167639135285
88200.0	1000.0	2131.777104636525	0.0	0	588.8622404496127	2331.777104636494	1	0	1	1.1143167639135285
89200.0	1000.0	2131.777104636526	0.0	0	718.7372283542936	2331.777104636494	1	0	1	1.1143167639135285
90200.0	1000.0	2131.7771046365215	0.0	0	597.2964271982783	2331.777104636494	1	0	1	1.1143167639135285
91782.33753718379	2000.0	1549.439567452734	0.0	0	0.0	2331.7771046365087	1	0	1	1.1143167639135272
93729.90567066871	2000.0	601.8714339678127	0.0	0	0.0	2331.7771046365087	1	0	1	1.8074639444734726
94292.5068535679	1000.0	1039.270251068609	0.0	0	0.0	2331.7771046365087	1	0	1	0.4211695833535822
94890.76759899773	1000.0	1441.0095056387847	0.0	0	0.0	2331.7771046365087	1	0	1	1.1143167639135274
95285.60004553654	1000.0	2046.1770590999788	0.0	0	0.0	2331.7771046365087	1	0	1	1.1143167639135274
96200.0	1000.0	2131.7771046365233	0.0	0	435.50987542729126	2331.7771046365087	1	0	1	1.1143167639135274
97200.0	1000.0	2131.7771046365156	0.0	0	499.3504811574239	2331.7771046365087	1	0	1	1.1143167639135274
98200.0	1000.0	2131.7771046365187	0.0	0	430.73977558501065	2331.7771046365087	1	0	1	1.1143167639135274
99200.0	1000.0	2131.7771046365174	0.0	0	546.9747434974706	2331.7771046365087	1	0	1	1.1143167639135274
100200.0	2000.0	2131.777104636506	0.0	0	240.97259757680877	2331.777104636494	1	0	1	1.1143167639135287
101882.09492267617	2000.0	1449.6821819603163	0.0	0	0.0	2331.777104636494	1	0	1	1.807463944473474
102939.77974592951	2000.0	1391.9973587069762	0.0	0	0.0	2331.777104636494	1	0	1	1.807463944473474
103723.99991083662	2000.0	1607.7771937998725	0.0	0	0.0	2331.777104636494	1	0	1	1.807463944473474
104886.32049240825	2000.0	1445.456612228235	0.0	0	0.0	2331.777104636494	1	0	1	1.807463944473474
106339.6069770994	2000.0	992.1701275370915	0.0	0	0.0	2331.7771046365087	1	0	1	1.8074639444734726
106894.79927854454	1000.0	1436.9778260919704	0.0	0	0.0	2331.7771046365087	1	0	1	0.4211695833535822
107654.48835063657	1000.0	1677.2887539999404	0.0	0	0.0	2331.7771046365087	1	0	1	1.1143167639135274
108697.9082104201	1000.0	1633.8688942164285	0.0	0	0.0	2331.7771046365087	1	0	1	1.1143167639135274
110171.19356018027	1000.0	1160.5835444562435	0.0	0	0.0	2331.777104636494	1	0	1	1.1143167639135285
111306.4908708597	1000.0	1025.2862337768165	0.0	0	0.0	2331.777104636494	1	0	1	1.1143167639135285
112279.79358667812	1000.0	1051.9835179584134	0.0	0	0.0	2331.777104636494	1	0	1	1.1143167639135285
113059.34034051378	1000.0	1272.436764122746	0.0	0	0.0	2331.777104636494	1	0	1	1.1143167639135285
113684.63014205908	1000.0	1647.146962577462	0.0	0	0.0	2331.777104636494	1	0	1	1.1143167639135285
114364.11689424598	1000.0	1967.6602103905739	0.0	0	0.0	2331.7771046365087	1	0	1	1.1143167639135274
115200.0	1000.0	2131.7771046365533	0.0	0	159.01613759108295	2331.7771046365087	1	0	1	1.1143167639135274
116200.0	1000.0	2131.7771046365556	0.0	0	353.6816910544003	2331.7771046365087	1	0	1	1.1143167639135274
117283.87040248833	1000.0	2047.9067021482242	0.0	0	0.0	2331.7771046365087	1	0	1	1.1143167639135274
118200.0	1000.0	2131.777104636538	0.0	0	83.32653092102555	2331.7771046365087	1	0	1	1.1143167639135274
119200.0	1000.0	2131.7771046365224	0.0	0	168.12576475345122	2331.7771046365087	1	0	1	1.1143167639135274
120200.0	1000.0	2131.77710463652	0.0	0	6.702995972751523	2331.7771046365087	1	0	1	1.1143167639135274
121200.0	1000.0	2131.7771046365187	0.0	0	484.6961859437142	2331.7771046365087	1	0	1	1.1143167639135274
122200.0	1000.0	2131.7771046365265	0.0	0	405.9647421594709	2331.777104636494	1	0	1	1.1143167639135285
123200.0	1000.0	2131.7771046365283	0.0	0	698.3119711913023	2331.777104636494	1	0	1	1.1143167639135285
124200.0	1000.0	2131.77710463653	0.0	0	477.1238547113753	2331.777104636494	1	0	1	1.1143167639135285
125200.0	1000.0	2131.7771046365297	0.0	0	485.64085959972	2331.777104636494	1	0	1	1.1143167639135285
126200.0	1000.0	2131.7771046365337	0.0	0	433.9407096246723	2331.777104636494	1	0	1	1.1143167639135285
127200.0	2000.0	2031.7771046365517	0.0	0	315.1753868498781	2231.7771046365087	1	0	2	0.7201942627201887
128464.96909368414	2000.0	1766.8080109524212	0.0	0	0.0	2231.777104636494	1	0	1	1.616723224423387
129683.87189074435	2000.0	1547.9052138921918	0.0	0	0.0	2231.777104636494	1	0	1	1.816723224423387
131115.92576172363	2000.0	1115.8513429129143	0.0	0	0.0	2231.7771046365087	1	0	1	1.8167232244233862
132673.64507368978	2000.0	558.1320309467574	0.0	0	0.0	2231.7771046365087	1	0	1	1.8167232244233862
133978.85969091108	2000.0	280.06482102755126	27.14740730208979	0	0.0	2258.9245119385887	1	0	1	1.6514117329981683
134500.68913807377	1000.0	758.2353738648333	0.0	0	0.0	2258.9245119385596	1	0	1	0.42800181569081963
135139.21951096793	1000.0	1119.7050009706838	0.0	0	0.0	2258.9245119385596	1	0	1	1.1211489962507648
135813.66569018352	1000.0	1445.2588217551006	0.0	0	0.0	2258.9245119385887	1	0	1	1.1211489962507621
136542.83600299773	1000.0	1716.088508940897	0.0	0	0.0	2258.9245119385887	1	0	1	1.1211489962507621
137206.6069302867	1000.0	2052.317581651927	0.0	0	0.0	2258.924511938618	1	0	1	1.1211489962507595
138200.0	1000.0	2058.924511938628	0.0	0	74.45425178547157	2258.924511938618	1	0	1	1.1211489962507595
139200.0	1000.0	2058.9245119386496	0.0	0	134.7722829238046	2258.924511938618	1	0	1	1.1211489962507595
140200.0	1000.0	2058.92451193866	0.0	0	129.35606258310145	2258.924511938618	1	0	1	1.1211489962507595
141200.0	1000.0	2058.9245119386724	0.0	0	410.2041003985796	2258.924511938618	1	0	1	1.1211489962507595
142200.0	1000.0	2058.9245119386787	0.0	0	291.8898442366044	2258.924511938647	1	0	1	1.1211489962507568
143200.0	1000.0	2058.924511938694	0.0	0	182.61217979947105	2258.924511938647	1	0	1	1.1211489962507568
144200.0	1000.0	2058.9245119387288	0.0	0	135.24135550498613	2258.924511938647	1	0	1	1.1211489962507568
145200.0	1000.0	2058.9245119387133	0.0	0	183.8303796572145	2258.924511938676	1	0	1	1.1211489962507541
146200.0	1000.0	2058.924511938691	0.0	0	350.2413878374209	2258.924511938676	1	0	1	1.1211489962507541
147200.0	1000.0	2058.924511938715	0.0	0	165.45052586559905	2258.924511938676	1	0	1	1.1211489962507541
148200.0	1000.0	2058.9245119386787	0.0	0	362.9571015313559	2258.924511938676	1	0	1	1.1211489962507541
149200.0	1000.0	2058.9245119386724	0.0	0	454.81175247079227	2258.924511938676	1	0	1	1.1211489962507541
150364.34163832164	1000.0	1894.582873617042	0.0	0	0.0	2258.924511938676	1	0	1	1.1211489962507541
151207.35143047784	1000.0	2051.5730814608632	0.0	0	0.0	2258.924511938676	1	0	1	1.1211489962507541
152200.0	1000.0	2058.924511938665	0.0	0	247.2672338146076	2258.924511938676	1	0	1	1.1211489962507541
153200.0	1000.0	2058.924511938658	0.0	0	287.6573995639046	2258.924511938647	1	0	1	1.1211489962507568
154200.0	1000.0	2058.9245119386887	0.0	0	329.85984995623585	2258.924511938647	1	0	1	1.1211489962507568
155200.0	1000.0	2058.9245119386833	0.0	0	322.37693375968956	2258.924511938647	1	0	1	1.1211489962507568
156200.0	1000.0	2058.9245119386787	0.0	0	439.0711061285401	2258.924511938618	1	0	1	1.1211489962507595
157215.40223154094	1000.0	2043.5222803977524	0.0	0	256.20522218514816	2258.924511938618	1	0	1	1.1211489962507595
158227.97879108973	1000.0	2030.9457208489735	0.0	0	0.0	2258.924511938618	1	0	1	1.1211489962507595
159200.0	1000.0	2058.924511938694	0.0	0	12.273594872560352	2258.9245119385887	1	0	1	1.121148996250761
160200.0	1000.0	2058.924511938679	0.0	0	317.9343249860103	2258.9245119385887	1	0	1	1.1211489962507621
161200.0	1000.0	2058.9245119386496	0.0	0	605.7306661092734	2258.9245119385887	1	0	1	1.1211489962507621
162200.0	1000.0	2058.9245119386505	0.0	0	327.8478340865695	2258.9245119385887	1	0	1	1.1211489962507621
163200.0	1000.0	2058.9245119386605	0.0	0	236.1496523442038	2258.9245119385887	1	0	1	1.1211489962507621
164200.0	1000.0	2058.924511938665	0.0	0	353.32710145329474	2258.9245119385887	1	0	1	1.1211489962507621
165200.0	1000.0	2058.924511938665	0.0	0	188.0993012097024	2258.9245119385887	1	0	1	1.1211489962507621
166200.0	1000.0	2058.9245119386896	0.0	0	474.94660574622685	2258.9245119385887	1	0	1	1.1211489962507621
167200.0	1000.0	2058.92451193869	0.0	0	507.3396440394281	2258.9245119385887	1	0	1	1.1211489962507621
168200.0	1000.0	2058.924511938675	0.0	0	116.32909536489751	2258.9245119385596	1	0	1	1.1211489962507648
169200.0	1000.0	2058.924511938665	0.0	0	186.16778626971063	2258.9245119385596	1	0	1	1.1211489962507648
170200.0	1000.0	2058.924511938647	0.0	0	202.05689940229058	2258.9245119385596	1	0	1	1.1211489962507648
171200.0	1000.0	2058.9245119386205	0.0	0	431.04262402062886	2258.9245119385596	1	0	1	1.1211489962507648
172200.0	1000.0	2058.9245119386137	0.0	0	616.114105284476	2258.9245119385596	1	0	1	1.1211489962507648
173200.0	1000.0	2058.924511938634	0.0	0	540.5222229253559	2258.9245119385596	1	0	1	1.1211489962507648
174200.0	1000.0	2058.924511938637	0.0	0	543.6931408058445	2258.9245119385596	1	0	1	1.1211489962507648
175214.5226189464	1000.0	2044.4018929922443	0.0	0	0.0	2258.924511938618	1	0	1	1.1211489962507606
176200.0	1000.0	2058.924511938614	0.0	0	59.89347043031012	2258.924511938618	1	0	1	1.1211489962507595
177200.0	1000.0	2058.924511938614	0.0	0	291.76114656886784	2258.924511938618	1	0	1	1.1211489962507595
178200.0	1000.0	2058.924511938594	0.0	0	355.70062536909245	2258.924511938618	1	0	1	1.1211489962507595
179200.0	1000.0	2058.9245119386137	0.0	0	519.3442586711317	2258.924511938618	1	0	1	1.1211489962507595
180200.0	1000.0	2058.92451193861	0.0	0	704.2842246127257	2258.924511938618	1	0	1	1.1211489962507595
181200.0	1000.0	2058.924511938608	0.0	0	355.5008579870919	2258.9245119385887	1	0	1	1.1211489962507621
182200.0	1000.0	2058.924511938614	0.0	0	214.3905426808924	2258.9245119385596	1	0	1	1.1211489962507633
183200.0	1000.0	2058.9245119386032	0.0	0	277.3762393993675	2258.9245119385305	1	0	1	1.1211489962507675
184200.0	1000.0	2058.924511938608	0.0	0	200.16534634979325	2258.9245119385305	1	0	1	1.1211489962507675
185200.0	1000.0	2058.9245119385873	0.0	0	364.52724515643786	2258.9245119385305	1	0	1	1.1211489962507675
186200.0	1000.0	2058.924511938549	0.0	0	401.59341604899964	2258.9245119385014	1	0	1	1.1211489962507701
187200.0	1000.0	2058.924511938561	0.0	0	278.27101931202924	2258.9245119385305	1	0	1	1.1211489962507675
188200.0	1000.0	2058.924511938583	0.0	0	584.4353376211657	2258.9245119385305	1	0	1	1.1211489962507675
189200.0	1000.0	2058.9245119385932	0.0	0	550.7971417320368	2258.9245119385305	1	0	1	1.1211489962507675
190200.0	1000.0	2058.9245119385882	0.0	0	357.5974955417623	2258.9245119385596	1	0	1	1.1211489962507648
191200.0	1000.0	2058.924511938585	0.0	0	445.17553188398597	2258.9245119385596	1	0	1	1.1211489962507648
192200.0	1000.0	2058.9245119385823	0.0	0	260.12884295909316	2258.9245119385596	1	0	1	1.1211489962507648
193200.0	1000.0	2058.9245119386196	0.0	0	111.76298764793319	2258.9245119385596	1	0	1	1.1211489962507648
194200.0	1000.0	2058.924511938608	0.0	0	608.6150631515484	2258.9245119385596	1	0	1	1.1211489962507648
195200.0	1000.0	2058.9245119386323	0.0	0	635.3759786239825	2258.9245119385596	1	0	1	1.1211489962507648
196200.0	1000.0	2058.9245119386583	0.0	0	576.8810997490946	2258.9245119385596	1	0	1	1.1211489962507648
197200.0	1000.0	2058.9245119386587	0.0	0	257.60057851928286	2258.9245119385596	1	0	1	1.1211489962507648
198200.0	1000.0	2058.924511938637	0.0	0	390.93971315506496	2258.9245119385596	1	0	1	1.1211489962507648
199200.0	1000.0	2058.92451193865	0.0	0	394.52240738566616	2258.9245119385596	1	0	1	1.1211489962507648
200200.0	1000.0	2058.9245119386387	0.0	0	487.90641059499467	2258.9245119385887	1	0	1	1.1211489962507621
201200.0	1000.0	2058.9245119386446	0.0	0	489.68148167207255	2258.9245119385596	1	0	1	1.1211489962507648
202200.0	1000.0	2058.9245119386765	0.0	0	517.7919502996083	2258.9245119385596	1	0	1	1.1211489962507648
203200.0	1000.0	2058.924511938695	0.0	0	597.685132245213	2258.9245119385305	1	0	1	1.1211489962507675
204200.0	1000.0	2058.9245119386865	0.0	0	656.8645496844838	2258.9245119385305	1	0	1	1.1211489962507675
205200.0	1000.0	2058.9245119386696	0.0	0	402.2573254755407	2258.9245119385305	1	0	1	1.1211489962507675
206200.0	1000.0	2058.9245119386596	0.0	0	442.5793746551499	2258.9245119385305	1	0	1	1.1211489962507675
207200.0	1000.0	2058.924511938658	0.0	0	419.8659795249114	2258.9245119385305	1	0	1	1.1211489962507675
208200.0	1000.0	2058.9245119386774	0.0	0	483.5654825846141	2258.9245119385305	1	0	1	1.1211489962507675
209200.0	1000.0	2058.924511938698	0.0	0	575.7656233339803	2258.9245119385305	1	0	1	1.1211489962507675
210200.0	1000.0	2058.924511938706	0.0	0	505.98785457760096	2258.9245119385305	1	0	1	1.1211489962507675
211200.0	1000.0	2058.924511938687	0.0	0	588.4063359325228	2258.9245119385014	1	0	1	1.1211489962507701
212200.0	1000.0	2058.9245119386687	0.0	0	502.73574050641037	2258.9245119385014	1	0	1	1.1211489962507701
213753.36172450197	1000.0	1505.5627874367053	0.0	0	0.0	2258.9245119385014	1	0	1	1.1211489962507701
214692.00409488127	1000.0	1566.920417057415	0.0	0	0.0	2258.9245119385014	1	0	1	1.1211489962507701
215335.48826934822	1000.0	1923.4362425904362	0.0	0	0.0	2258.9245119384723	1	0	1	1.1211489962507728
216200.0	1000.0	2058.924511938638	0.0	0	296.62135636262246	2258.9245119384723	1	0	1	1.1211489962507728
217200.0	1000.0	2058.9245119386587	0.0	0	284.65217793596094	2258.9245119385014	1	0	1	1.1211489962507701
218200.0	1000.0	2058.924511938687	0.0	0	561.2637430171308	2258.9245119385014	1	0	1	1.1211489962507701
219200.0	1000.0	2058.924511938683	0.0	0	463.6467557772703	2258.9245119385014	1	0	1	1.1211489962507701
220200.0	1000.0	2058.924511938676	0.0	0	476.7139732298092	2258.9245119385014	1	0	1	1.1211489962507701
221200.0	1000.0	2058.9245119386774	0.0	0	291.1149771432101	2258.9245119385014	1	0	1	1.1211489962507701
222200.0	1000.0	2058.92451193866	0.0	0	320.78371731576044	2258.9245119385014	1	0	1	1.1211489962507701
223200.0	1000.0	2058.924511938646	0.0	0	412.45091851826874	2258.9245119385014	1	0	1	1.1211489962507701
224200.0	1000.0	2058.924511938672	0.0	0	127.753091959632	2258.9245119385305	1	0	1	1.1211489962507675
225200.0	1000.0	2058.9245119386846	0.0	0	366.9832557067275	2258.9245119385014	1	0	1	1.1211489962507701
226200.0	1000.0	2058.924511938666	0.0	0	317.7498509795696	2258.9245119385014	1	0	1	1.1211489962507701
227200.0	1000.0	2058.924511938634	0.0	0	275.87236605162616	2258.9245119384723	1	0	1	1.1211489962507728
228200.0	1000.0	2058.9245119386524	0.0	0	372.8854736346693	2258.9245119384723	1	0	1	1.1211489962507728
229200.0	1000.0	2058.924511938657	0.0	0	492.72065818833653	2258.9245119385014	1	0	1	1.1211489962507701
230200.0	1000.0	2058.9245119386715	0.0	0	409.12496702201315	2258.9245119385305	1	0	1	1.1211489962507675
231200.0	1000.0	2058.924511938655	0.0	0	428.70319159608334	2258.9245119385305	1	0	1	1.1211489962507675
232200.0	1000.0	2058.9245119386505	0.0	0	481.37073792211595	2258.9245119385014	1	0	1	1.1211489962507701
233200.0	1000.0	2058.9245119386496	0.0	0	329.2517434916226	2258.9245119385014	1	0	1	1.1211489962507701
234200.0	1000.0	2058.9245119386687	0.0	0	278.30242525751237	2258.9245119385014	1	0	1	1.1211489962507701
235200.0	1000.0	2058.924511938647	0.0	0	175.50792691658717	2258.9245119384723	1	0	1	1.121148996250771
236200.0	1000.0	2058.9245119386173	0.0	0	422.758181162033	2258.9245119384723	1	0	1	1.1211489962507728
237200.0	1000.0	2058.924511938615	0.0	0	677.5643831265916	2258.9245119384723	1	0	1	1.1211489962507728
238200.0	1000.0	2058.924511938592	0.0	0	663.8842180911452	2258.9245119384723	1	0	1	1.1211489962507728
239200.0	1000.0	2058.9245119386005	0.0	0	542.5490335724608	2258.9245119384723	1	0	1	1.1211489962507728
240200.0	1000.0	2058.924511938571	0.0	0	401.25804855005117	2258.924511938443	1	0	1	1.1211489962507755
241200.0	1000.0	2058.924511938605	0.0	0	305.1123596156831	2258.924511938443	1	0	1	1.1211489962507755
242200.0	1000.0	2058.9245119385955	0.0	0	194.73411551228492	2258.9245119384723	1	0	1	1.1211489962507728
243200.0	1000.0	2058.9245119385996	0.0	0	595.812588797824	2258.9245119384723	1	0	1	1.1211489962507728
244200.0	1000.0	2058.9245119385887	0.0	0	607.684649595496	2258.9245119385014	1	0	1	1.1211489962507701
245200.0	1000.0	2058.9245119385955	0.0	0	480.7621193343366	2258.9245119385014	1	0	1	1.1211489962507701
246200.0	1000.0	2058.924511938601	0.0	0	676.7694931443257	2258.9245119385014	1	0	1	1.1211489962507701
247200.0	1000.0	2058.9245119385723	0.0	0	472.2127371787792	2258.9245119385014	1	0	1	1.1211489962507701
248200.0	1000.0	2058.9245119385964	0.0	0	531.504835346539	2258.9245119385014	1	0	1	1.1211489962507701
249200.0	1000.0	2058.924511938591	0.0	0	521.4641295059118	2258.9245119385014	1	0	1	1.1211489962507701
250200.0	1000.0	2058.9245119385796	0.0	0	139.16085831448436	2258.9245119385014	1	0	1	1.1211489962507701
251200.0	1000.0	2058.924511938598	0.0	0	99.07878657072433	2258.9245119385014	1	0	1	1.1211489962507701
252200.0	1000.0	2058.924511938597	0.0	0	576.2714359332167	2258.9245119385014	1	0	1	1.1211489962507701
253200.0	1000.0	2058.9245119386173	0.0	0	539.0035295642447	2258.9245119385305	1	0	1	1.1211489962507675
254200.0	1000.0	2058.924511938609	0.0	0	44.05566176556749	2258.9245119385305	1	0	1	1.1211489962507675
255232.11357143408	1000.0	2026.8109405045573	0.0	0	0.0	2258.9245119385305	1	0	1	1.1211489962507675
256200.0	1000.0	2058.9245119386105	0.0	0	228.59347163894563	2258.9245119385305	1	0	1	1.1211489962507675
257200.0	1000.0	2058.9245119385955	0.0	0	150.3480908140773	2258.9245119385596	1	0	1	1.1211489962507664
258705.9381837331	1000.0	1552.9863282054964	0.0	0	0.0	2258.9245119385305	1	0	1	1.121148996250767
259942.2774643671	1000.0	1316.6470475714711	0.0	0	0.0	2258.9245119385014	1	0	1	1.1211489962507701
260756.24818682545	1000.0	1502.6763251130901	0.0	0	0.0	2258.9245119385014	1	0	1	1.1211489962507701
261577.07389642537	1000.0	1681.850615513193	0.0	0	0.0	2258.9245119385014	1	0	1	1.1211489962507701
262200.0	1000.0	2058.924511938544	0.0	0	78.32765060930979	2258.9245119385014	1	0	1	1.1211489962507701
263200.0	1000.0	2058.924511938549	0.0	0	491.14256803976605	2258.9245119384723	1	0	1	1.1211489962507717
264200.0	1000.0	2058.924511938507	0.0	0	479.3473517289967	2258.924511938414	1	0	1	1.1211489962507764
265200.0	1000.0	2058.9245119385273	0.0	0	209.0777351471479	2258.924511938414	1	0	1	1.121148996250778
266200.0	1000.0	2058.9245119384823	0.0	0	220.32630033156602	2258.924511938414	1	0	1	1.1211489962507812
267200.0	1000.0	2058.9245119384436	0.0	0	304.78195032611256	2258.924511938414	1	0	1	1.121148996250778
268200.0	1000.0	2058.9245119384973	0.0	0	51.029437574150506	2258.9245119384723	1	0	1	1.121148996250776
269200.0	1000.0	2058.9245119385405	0.0	0	136.85879338165978	2258.9245119385305	1	0	1	1.1211489962507706
270200.0	1000.0	2058.924511938513	0.0	0	340.3636528874631	2258.9245119385305	1	0	1	1.1211489962507675
271200.0	1000.0	2058.924511938524	0.0	0	500.98349618777866	2258.9245119385887	1	0	1	1.1211489962507621
272200.0	1000.0	2058.9245119385623	0.0	0	719.3866688075941	2258.9245119385887	1	0	1	1.1211489962507621
273200.0	1000.0	2058.9245119385705	0.0	0	622.2318910444737	2258.924511938647	1	0	1	1.1211489962507568
274200.0	1000.0	2058.9245119385564	0.0	0	541.4858405117411	2258.924511938647	1	0	1	1.1211489962507568
275200.0	1000.0	2058.9245119385396	0.0	0	473.07770891685504	2258.924511938705	1	0	1	1.1211489962507517
276200.0	1000.0	2058.9245119385682	0.0	0	676.6179331339663	2258.9245119387633	1	0	1	1.1211489962507464
277200.0	1000.0	2058.9245119385555	0.0	0	561.2286650569877	2258.9245119387633	1	0	1	1.1211489962507464
278200.0	1000.0	2058.9245119385414	0.0	0	303.245947518968	2258.9245119387633	1	0	1	1.1211489962507464
279200.0	1000.0	2058.924511938525	0.0	0	251.4206769380835	2258.9245119387633	1	0	1	1.1211489962507464
280200.0	1000.0	2058.9245119384805	0.0	0	187.85331859369762	2258.9245119387633	1	0	1	1.1211489962507464
281200.0	1000.0	2058.9245119384314	0.0	0	239.53013813344296	2258.9245119387633	1	0	1	1.1211489962507464
282200.0	1000.0	2058.924511938504	0.0	0	454.69821691006655	2258.9245119387633	1	0	1	1.1211489962507464
283200.0	1000.0	2058.9245119385314	0.0	0	327.37234838318545	2258.924511938705	1	0	1	1.1211489962507517
284200.0	1000.0	2058.924511938531	0.0	0	220.90308864368126	2258.924511938705	1	0	1	1.1211489962507484
285200.0	1000.0	2058.9245119385346	0.0	0	543.2823971135076	2258.9245119387633	1	0	1	1.1211489962507464
286200.0	1000.0	2058.924511938547	0.0	0	406.184007333708	2258.9245119388215	1	0	1	1.121148996250741
287200.0	1000.0	2058.9245119385805	0.0	0	213.45992105366895	2258.9245119388797	1	0	1	1.121148996250739
288200.0	1000.0	2058.9245119385805	0.0	0	89.57601040654117	2258.9245119388797	1	0	1	1.1211489962507357
289200.0	1000.0	2058.924511938577	0.0	0	267.3978250101791	2258.9245119388797	1	0	1	1.1211489962507357
290200.0	1000.0	2058.924511938607	0.0	0	292.7911725314334	2258.924511938938	1	0	1	1.1211489962507306
291200.0	1000.0	2058.9245119386374	0.0	0	307.27129591611447	2258.924511938938	1	0	1	1.1211489962507306
292200.0	1000.0	2058.9245119386933	0.0	0	243.46153456700267	2258.924511938996	1	0	1	1.1211489962507253
293200.0	1000.0	2058.924511938749	0.0	0	149.06087289156858	2258.9245119390544	1	0	1	1.121148996250723
294200.0	1000.0	2058.9245119388224	0.0	0	214.05391561699798	2258.9245119390544	1	0	1	1.12114899625072
295200.0	1000.0	2058.9245119387806	0.0	0	325.4819112930563	2258.9245119390544	1	0	1	1.12114899625072
296200.0	1000.0	2058.924511938742	0.0	0	234.8193959595519	2258.9245119390544	1	0	1	1.1211489962507168
297200.0	1000.0	2058.924511938705	0.0	0	371.17853169259615	2258.9245119390544	1	0	1	1.12114899625072
298200.0	1000.0	2058.924511938677	0.0	0	422.03150588611607	2258.9245119390544	1	0	1	1.12114899625072
299395.2063933048	1000.0	1863.718118633819	0.0	0	0.0	2258.9245119391126	1	0	1	1.1211489962507146
300224.9313306938	1000.0	2033.9931812447933	0.0	0	0.0	2258.9245119390544	1	0	1	1.12114899625072
1.49	1.8	1.85	1.84	2.36	0.81	1.22	1.8	2.54	2.1	1.83	1.66	1.69	2.09	2.02	1.44	0.98	1.38	2.14	2.94	3.22	2.33	1.2	1.04	1.49	1.87	2.04	3.01	2.39	1.11	2.25	0.94	1.27	1.41	1.69	1.8	2.29	2.15	1.69	1.47	1.38	2.13	2.65	2.97	1.86	1.38	1.59	1.89	2.0	2.09	2.53	2.76	1.42	2.27	2.18	2.43	2.92	2.88	3.42	2.62	0.95	0.71	1.39	2.02	1.8	2.1	2.17	1.76	1.58	1.67	1.78	1.29	1.73	2.12	1.84	1.55	1.92	1.95	1.77	2.13	1.76	1.31	1.58	2.06	2.79	3.63	2.4	1.41	1.71	0.82	1.97	2.06	2.72	2.78	1.7	1.89	2.4	1.58	1.46	1.88	2.36	1.45	1.09	1.74	1.78	1.12	0.72	1.01	1.1	1.71	1.68	1.87	1.93	1.24	1.19	1.22	1.23	1.81	2.27	2.97	2.72	2.29	2.09	2.9	1.9	1.58	1.95	1.55	1.74	1.52	1.67	1.71	2.03	1.47	1.24	1.46	1.56	1.29	1.73	1.25	1.38	1.63	2.06	1.44	2.06	1.77	1.02	1.12	1.77	1.19	1.49	1.8	1.85	1.84	2.36	0.81	1.22	1.8	2.54	2.1	1.83	1.66	1.69	2.09	2.02	1.44	0.98	1.38	2.14	2.94	3.22	2.33	1.2	1.04	1.49	1.87	2.04	3.01	2.39	1.11	2.25	0.94	1.27	1.41	1.69	1.8	2.29	2.15	1.69	1.47	1.38	2.13	2.65	2.97	1.86	1.38	1.59	1.89	2.0	2.09	2.53	2.76	1.42	2.27	2.18	2.43	2.92	2.88	3.42	2.62	0.95	0.71	1.39	2.02	1.8	2.1	2.17	1.76	1.58	1.67	1.78	1.29	1.73	2.12	1.84	1.55	1.92	1.95	1.77	2.13	1.76	1.31	1.58	2.06	2.79	3.63	2.4	1.41	1.71	0.82	1.97	2.06	2.72	2.78	1.7	1.89	2.4	1.58	1.46	1.88	2.36	1.45	1.09	1.74	1.78	1.12	0.72	1.01	1.1	1.71	1.68	1.87	1.93	1.24	1.19	1.22	1.23	1.81	2.27	2.97	2.72	2.29	2.09	2.9	1.9	1.58	1.95	1.55	1.74	1.52	1.67	1.71	2.03	1.47	1.24	1.46	1.56	1.29	1.73	1.25	1.38	1.63	2.06	1.44	2.06	1.77	1.02	1.12	1.77	1.19	1.49	1.8
1.0	2.0	3.0	4.0	5.0	6.0	7.0	8.0	9.0	10.0	11.0	12.0	13.0	14.0	15.0	16.0	17.0	18.0	19.0	20.0	21.0	22.0	23.0	24.0	25.0	26.0	27.0	28.0	29.0	30.0	31.0	32.0	33.0	34.0	35.0	36.0	37.0	38.0	39.0	40.0	41.0	42.0	43.0	44.0	45.0	46.0	47.0	48.0	49.0	50.0	51.0	52.0	53.0	54.0	55.0	56.0	57.0	58.0	59.0	60.0	61.0	62.0	63.0	64.0	65.0	66.0	67.0	68.0	69.0	70.0	71.0	72.0	73.0	74.0	75.0	76.0	77.0	78.0	79.0	80.0	81.0	82.0	83.0	84.0	85.0	86.0	87.0	88.0	89.0	90.0	91.0	92.0	93.0	94.0	95.0	96.0	97.0	98.0	99.0	100.0	101.0	102.0	103.0	104.0	105.0	106.0	107.0	108.0	109.0	110.0	111.0	112.0	113.0	114.0	115.0	116.0	117.0	118.0	119.0	120.0	121.0	122.0	123.0	124.0	125.0	126.0	127.0	128.0	129.0	130.0	131.0	132.0	133.0	134.0	135.0	136.0	137.0	138.0	139.0	140.0	141.0	142.0	143.0	144.0	145.0	146.0	147.0	148.0	149.0	149.0	150.0	151.0	152.0	153.0	154.0	155.0	156.0	157.0	158.0	159.0	160.0	161.0	162.0	163.0	164.0	165.0	166.0	167.0	168.0	169.0	170.0	171.0	172.0	173.0	174.0	175.0	176.0	177.0	178.0	179.0	180.0	181.0	182.0	183.0	184.0	185.0	186.0	187.0	188.0	189.0	190.0	191.0	192.0	193.0	194.0	195.0	196.0	197.0	198.0	199.0	200.0	201.0	202.0	203.0	204.0	205.0	206.0	207.0	208.0	209.0	210.0	211.0	212.0	213.0	214.0	215.0	216.0	217.0	218.0	219.0	220.0	221.0	222.0	223.0	224.0	225.0	226.0	227.0	228.0	229.0	230.0	231.0	232.0	233.0	234.0	235.0	236.0	237.0	238.0	239.0	240.0	241.0	242.0	243.0	244.0	245.0	246.0	247.0	248.0	249.0	250.0	251.0	252.0	253.0	254.0	255.0	256.0	257.0	258.0	259.0	260.0	261.0	262.0	263.0	264.0	265.0	266.0	267.0	268.0	269.0	270.0	271.0	272.0	273.0	274.0	275.0	276.0	277.0	278.0	279.0	280.0	281.0	282.0	283.0	284.0	285.0	286.0	287.0	288.0	289.0	290.0	291.0	292.0	293.0	294.0	295.0	296.0	297.0	298.0	298.0	299.0	300.0
2900.961573457199
