4471.548860871558	300.0	2000.0	346.3007460086731	0	0.0	4471.548860871558	1	0	1	-2.730966256873491
4783.452228546052	300.0	2656.906295558057	0.0	0	0.0	4440.358524104108	1	0	2	-1.0886530983108365
5227.151591690681	300.0	3168.8369960989658	0.0	0	0.0	4395.988587789647	1	0	2	-0.8663504882802466
5763.624996460878	500.0	3578.716250851751	0.0	0	0.0	4342.341247312628	1	0	2	-0.8371766755522884
6438.63940070383	500.0	3836.2004061845028	0.0	0	0.0	4274.8398068883325	1	0	2	-0.2926229947018577
7200.0	500.0	3998.7037469587162	0.0	0	319.8690549558996	4198.703746958716	1	0	2	-0.2622151818903461
8200.0	500.0	3898.7037469587167	0.0	0	299.5201995864609	4098.703746958717	1	0	2	-0.21588704818213528
9200.0	500.0	3798.703746958716	0.0	0	404.12846430142054	3998.703746958713	1	0	2	-0.17198054223626408
10200.0	500.0	3698.703746958717	0.0	0	408.11995059959736	3898.703746958714	1	0	2	-0.12990815118702873
11219.141487088315	1000.0	3577.648111161572	0.0	0	0.0	3796.789598249884	1	0	2	-0.08548918353742468
12662.529073742302	1000.0	2989.9217658421844	0.0	0	0.0	3652.4508395844823	1	0	2	0.6515519457259508
13200.0	1000.0	3398.7037469587176	0.0	0	113.27849804089601	3598.703746958714	1	0	2	0.6756409285615759
14200.0	1000.0	3298.7037469587162	0.0	0	584.4330313820719	3498.703746958714	1	0	2	0.6993777921344734
15200.0	1000.0	3198.703746958717	0.0	0	340.7957058724878	3398.7037469587103	1	0	2	0.7277508705199881
16200.0	1000.0	3098.703746958716	0.0	0	389.1385766362746	3298.703746958705	1	0	2	0.7529912536391433
17200.0	1000.0	3098.703746958716	0.0	0	454.33403829231247	3298.703746958705	1	0	1	0.7622756551638711
18200.0	1000.0	3098.7037469587162	0.0	0	591.2587462252122	3298.703746958705	1	0	1	0.9622756551638716
19200.0	1000.0	3098.703746958716	0.0	0	327.89675543638805	3298.703746958703	1	0	1	0.9622756551638715
20200.0	1000.0	3098.703746958715	0.0	0	460.258177468113	3298.7037469587012	1	0	1	0.9622756551638718
21484.19228402239	1000.0	2814.5114629363243	0.0	0	0.0	3298.7037469586976	1	0	1	0.9622756551638729
22732.709682356817	1000.0	2565.994064601899	0.0	0	0.0	3298.7037469586976	1	0	1	0.9622756551638729
23554.44009890066	1000.0	2662.0906064036735	0.0	0	0.0	3216.5307053043216	1	0	2	0.5764524460297589
24716.82820609343	1000.0	2499.702499210906	0.0	0	0.0	3216.5307053043216	1	0	1	0.7809671831606002
25463.783932825565	1000.0	2752.7467724787716	0.0	0	0.0	3216.5307053043216	1	0	1	0.9809671831606004
26200.0	1000.0	2942.909098586893	0.0	0	117.97181582885605	3142.9090985868825	1	0	2	0.5912302849616323
27290.087871431584	1000.0	2852.8212271553084	0.0	0	0.0	3142.909098586886	1	0	1	0.7965995576964704
28372.49771539664	1000.0	2662.1703987937426	0.0	0	0.0	3034.668114190379	1	0	2	0.6122510380122881
29521.110264586452	1000.0	2513.5578496039275	0.0	0	0.0	3034.6681141903755	1	0	1	0.8177958332144281
30200.0	1000.0	2834.6681141903773	0.0	0	140.41897079253977	3034.6681141903755	1	0	1	1.0177958332144281
31200.0	1000.0	2834.668114190372	0.0	0	416.3254294552935	3034.668114190372	1	0	1	1.017795833214429
32200.0	1000.0	2734.668114190375	0.0	0	458.34212540666704	2934.6681141903755	1	0	2	0.628856033640999
33200.0	1000.0	2734.6681141903723	0.0	0	104.75008274606807	2934.668114190372	1	0	1	0.8356227033056726
34406.67134625932	1000.0	2527.9967679310503	0.0	0	0.0	2934.668114190368	1	0	1	1.0356227033056726
35396.910440316584	1000.0	2537.7576738737866	0.0	0	0.0	2934.668114190372	1	0	1	1.0356227033056729
36200.0	1000.0	2734.6681141903737	0.0	0	160.0033441463238	2934.668114190368	1	0	1	1.0356227033056735
37200.0	1000.0	2734.668114190381	0.0	0	522.2886083595513	2934.668114190368	1	0	1	1.0356227033056735
38200.0	1000.0	2734.668114190374	0.0	0	618.4766494588694	2934.668114190368	1	0	1	1.0356227033056735
39200.0	1000.0	2734.6681141903814	0.0	0	250.91626525596803	2934.6681141903755	1	0	1	1.0356227033056722
40277.845396141674	1000.0	2656.8227180487097	0.0	0	0.0	2934.6681141903828	1	0	1	1.035622703305671
41283.58366755849	1000.0	2651.0844466318954	0.0	0	0.0	2934.6681141903828	1	0	1	1.035622703305671
42200.0	1000.0	2643.0264809462305	0.0	0	104.82596078293136	2843.0264809462315	1	0	2	0.6453086812932536
43429.00535062241	1000.0	2414.021130323827	0.0	0	0.0	2843.0264809462315	1	0	1	0.8505937778716008
44364.274171812474	1000.0	2385.225427014759	0.0	0	0.0	2749.4995988272276	1	0	2	0.6610130283885209
45200.0	1000.0	2549.4995988272294	0.0	0	30.979604232306883	2749.4995988272276	1	0	1	0.8646276557700795
46323.77405429476	1000.0	2425.725544532466	0.0	0	0.0	2749.4995988272276	1	0	1	1.0646276557700798
47319.39990316997	1000.0	2430.0996956572503	0.0	0	0.0	2749.4995988272276	1	0	1	1.0646276557700798
48200.0	1000.0	2549.499598827227	0.0	0	241.79434844806383	2749.4995988272276	1	0	1	1.0646276557700798
49200.0	1000.0	2549.4995988272294	0.0	0	509.83829694059386	2749.4995988272276	1	0	1	1.0646276557700798
50200.0	1000.0	2549.4995988272367	0.0	0	307.3242368979554	2749.499598827235	1	0	1	1.0646276557700787
51200.0	1000.0	2549.499598827234	0.0	0	510.8682214154178	2749.499598827235	1	0	1	1.0646276557700787
52200.0	1000.0	2549.4995988272312	0.0	0	599.2571972604419	2749.499598827235	1	0	1	1.0646276557700787
53200.0	1000.0	2549.4995988272335	0.0	0	404.69348622964026	2749.499598827235	1	0	1	1.0646276557700787
54200.0	1000.0	2549.4995988272326	0.0	0	365.0893806865206	2749.499598827235	1	0	1	1.0646276557700787
55200.0	1000.0	2549.4995988272385	0.0	0	519.7192578426839	2749.499598827242	1	0	1	1.0646276557700776
56200.0	1000.0	2549.499598827243	0.0	0	158.26683684179443	2749.499598827242	1	0	1	1.0646276557700776
57252.212376838026	1000.0	2497.2872219892192	0.0	0	0.0	2749.499598827242	1	0	1	1.0646276557700776
59009.725567013666	1000.0	1739.7740318135752	0.0	0	0.0	2749.499598827242	1	0	1	1.0646276557700776
59742.78692287876	1000.0	2006.7126759484797	0.0	0	0.0	2749.499598827242	1	0	1	1.0646276557700776
61084.148763108795	1000.0	1665.3508357184546	0.0	0	0.0	2749.499598827242	1	0	1	1.0646276557700776
62329.01751802937	1000.0	1420.482080797868	0.0	0	0.0	2749.499598827235	1	0	1	1.0646276557700787
63668.42608070767	1000.0	1081.0735181195723	0.0	0	0.0	2749.499598827235	1	0	1	1.0646276557700787
64464.229784056704	1000.0	1285.2698147705344	0.0	0	0.0	2749.4995988272276	1	0	1	1.0646276557700798
65562.3132909389	1000.0	1187.1863078883425	0.0	0	0.0	2749.4995988272276	1	0	1	1.0646276557700798
66041.73100462707	500.0	1707.7685942001585	0.0	0	0.0	2749.4995988272203	1	0	1	-0.3216667053498099
66664.47069645654	500.0	2085.028902370688	0.0	0	0.0	2749.4995988272203	1	0	1	0.3714804752101344
67296.2473456763	500.0	2453.2522531509403	0.0	0	0.0	2749.499598827235	1	0	1	0.37148047521013416
68200.0	500.0	2549.4995988272344	0.0	0	367.2240322679718	2749.499598827235	1	0	1	0.37148047521013333
69200.0	500.0	2549.499598827242	0.0	0	357.50207008940924	2749.499598827242	1	0	1	0.37148047521013206
70200.0	500.0	2549.499598827241	0.0	0	365.21241954715515	2749.499598827242	1	0	1	0.37148047521013206
71200.0	500.0	2549.499598827249	0.0	0	135.52294050808996	2749.499598827242	1	0	1	0.37148047521013206
72200.0	500.0	2549.499598827258	0.0	0	189.68037270972854	2749.4995988272567	1	0	1	0.37148047521013
73200.0	500.0	2549.499598827252	0.0	0	347.9959657017607	2749.4995988272567	1	0	1	0.37148047521013
74200.0	500.0	2549.4995988272617	0.0	0	244.2687618755299	2749.4995988272567	1	0	1	0.37148047521013
75200.0	500.0	2549.4995988272667	0.0	0	443.3001636067347	2749.4995988272567	1	0	1	0.37148047521013
76200.0	500.0	2549.4995988272835	0.0	0	380.77044192765607	2749.4995988272567	1	0	1	0.37148047521013
77200.0	500.0	2549.499598827296	0.0	0	433.3001431774028	2749.4995988272567	1	0	1	0.37148047521013
78200.0	500.0	2549.49959882731	0.0	0	400.2126652654988	2749.4995988272567	1	0	1	0.37148047521013
79200.0	500.0	2549.4995988273217	0.0	0	581.8462337837555	2749.4995988272567	1	0	1	0.37148047521013
80200.0	500.0	2549.4995988273263	0.0	0	597.4152237883245	2749.4995988272567	1	0	1	0.37148047521013
81200.0	500.0	2549.499598827325	0.0	0	485.07148510000843	2749.4995988272567	1	0	1	0.37148047521013
82245.78473295819	1000.0	2503.714865869148	0.0	0	0.0	2749.4995988272567	1	0	1	0.37148047521013
83200.0	1000.0	2549.499598827333	0.0	0	237.503017611205	2749.4995988272567	1	0	1	1.0646276557700753
84263.86273052305	1000.0	2485.6368683042942	0.0	0	0.0	2749.4995988272713	1	0	1	1.0646276557700733
86007.4006550474	1000.0	1742.0989437799383	0.0	0	0.0	2749.4995988272713	1	0	1	1.0646276557700733
86886.88852714917	1000.0	1862.6110716781739	0.0	0	0.0	2749.499598827286	1	0	1	1.0646276557700713
87492.5864176332	1000.0	2196.343392145752	0.0	0	0.0	2688.9298097788997	1	0	2	0.6710488367519919
88316.92152803778	1000.0	2372.0082817411644	0.0	0	0.0	2688.9298097788997	1	0	1	0.8730898447916097
89386.62178225051	1000.0	2302.3080275284397	0.0	0	0.0	2688.9298097788997	1	0	1	1.07308984479161
90209.2139873439	1000.0	2479.715822435066	0.0	0	0.0	2688.9298097788997	1	0	1	1.07308984479161
91515.91751825443	1000.0	2173.0122915245265	0.0	0	0.0	2688.929809778914	1	0	1	1.073089844791608
92418.93320192359	1000.0	2269.9966078553643	0.0	0	0.0	2688.929809778914	1	0	1	1.073089844791608
93200.0	500.0	2488.929809778947	0.0	0	349.6162204646098	2688.929809778914	1	0	1	-0.3132045163282828
94200.0	500.0	2488.929809778951	0.0	0	706.157947692016	2688.9298097788997	1	0	1	0.3799426642316644
95200.0	500.0	2488.9298097789415	0.0	0	596.0629676127137	2688.9298097788997	1	0	1	0.3799426642316644
96200.0	500.0	2488.9298097789397	0.0	0	531.3939430960017	2688.9298097788997	1	0	1	0.3799426642316644
97219.45231377367	1000.0	2469.4774960052714	0.0	0	0.0	2688.929809778914	1	0	1	0.3799426642316625
98200.0	1000.0	2390.87504115629	0.0	0	248.76984022869146	2590.8750411562796	1	0	2	0.6818542622738447
99200.0	1000.0	2390.8750411562837	0.0	0	306.05080253936467	2590.8750411562796	1	0	1	0.8858172926196579
100200.0	1000.0	2390.8750411562796	0.0	0	267.8069973128295	2590.8750411562796	1	0	1	1.085817292619658
101200.0	1000.0	2390.875041156273	0.0	0	170.29028272126743	2590.8750411562796	1	0	1	1.085817292619658
102200.0	1000.0	2390.875041156256	0.0	0	80.7894068898022	2590.8750411562796	1	0	1	1.085817292619658
103200.0	1000.0	2390.875041156254	0.0	0	369.74851102838875	2590.8750411562796	1	0	1	1.085817292619658
104200.0	1000.0	2390.875041156257	0.0	0	181.4005378599686	2590.875041156265	1	0	1	1.0858172926196599
105200.0	1000.0	2390.875041156266	0.0	0	314.3297807143681	2590.875041156265	1	0	1	1.0858172926196599
106200.0	1000.0	2290.8750411562623	0.0	0	196.69781524024438	2490.875041156265	1	0	2	0.6935705693940817
107267.6090753935	1000.0	2223.265965762774	0.0	0	0.0	2490.875041156265	1	0	1	0.8976484560699004
108200.0	1000.0	2290.875041156281	0.0	0	55.90257907967316	2490.8750411562505	1	0	1	1.0976484560699022
109200.0	1000.0	2290.8750411562805	0.0	0	187.61369273501623	2490.8750411562505	1	0	1	1.0976484560699022
110715.0180260881	1000.0	1775.8570150681824	0.0	0	0.0	2490.8750411562505	1	0	1	1.0976484560699022
112142.24840482757	1000.0	1348.6266363287336	0.0	0	0.0	2490.8750411562505	1	0	1	1.0976484560699022
113138.25085162873	1000.0	1352.6241895275527	0.0	0	0.0	2490.875041156236	1	0	1	1.0976484560699038
114341.0971948147	1000.0	1149.777846341579	0.0	0	0.0	2490.8750411562505	1	0	1	1.0976484560699022
115124.54702966328	500.0	1366.328011493004	0.0	0	0.0	2490.8750411562505	1	0	1	-0.2886459050499886
115795.19519638197	500.0	1695.6798447743158	0.0	0	0.0	2490.8750411562505	1	0	1	0.4045012755099567
116215.08072581733	500.0	2275.79431533895	0.0	0	0.0	2490.8750411562505	1	0	1	0.4045012755099567
117200.0	1000.0	2290.8750411562646	0.0	0	26.965494662726996	2490.875041156236	1	0	1	0.40450127550995835
119696.5152735212	1000.0	794.3597676350596	0.0	0	0.0	2490.875041156236	1	0	1	1.0976484560699038
120260.79932375501	500.0	1230.0757174012467	0.0	0	0.0	2490.8750411562214	1	0	1	-0.2886459050499853
120824.98933328864	500.0	1665.8857078676112	0.0	0	0.0	2490.875041156207	1	0	1	0.4045012755099616
121262.35672053526	500.0	2228.5183206209913	0.0	0	0.0	2490.8750411561923	1	0	1	0.4045012755099633
122200.0	500.0	2290.8750411562332	0.0	0	470.30553696636343	2490.8750411561923	1	0	1	0.4045012755099633
123200.0	500.0	2290.8750411562373	0.0	0	532.2365353587375	2490.8750411561923	1	0	1	0.4045012755099633
124200.0	500.0	2290.8750411562432	0.0	0	504.56556281718076	2490.8750411561923	1	0	1	0.4045012755099633
125200.0	500.0	2290.875041156233	0.0	0	610.1253799346159	2490.8750411561923	1	0	1	0.4045012755099633
126200.0	500.0	2290.8750411562205	0.0	0	565.853019755581	2490.8750411561778	1	0	1	0.40450127550996484
127200.0	500.0	2290.875041156202	0.0	0	589.1261344324303	2490.875041156163	1	0	1	0.4045012755099665
128200.0	500.0	2290.875041156196	0.0	0	402.3111541318067	2490.875041156163	1	0	1	0.4045012755099665
129200.0	1000.0	2290.8750411562114	0.0	0	72.62914047032245	2490.875041156163	1	0	1	0.4045012755099667
130200.0	1000.0	2290.875041156206	0.0	0	130.74806060512492	2490.875041156163	1	0	1	1.097648456069912
131200.0	1000.0	2290.875041156222	0.0	0	60.06614321167581	2490.875041156163	1	0	1	1.097648456069912
132331.03975546357	1000.0	2159.835285692666	0.0	0	0.0	2490.8750411561778	1	0	1	1.097648456069911
133200.0	1000.0	2290.8750411562232	0.0	0	16.42403332251706	2490.8750411561487	1	0	1	1.0976484560699125
134200.0	1000.0	2290.8750411562305	0.0	0	207.02987109747482	2490.875041156163	1	0	1	1.0976484560699122
135281.83931315437	1000.0	2209.0357280018543	0.0	0	0.0	2490.8750411561923	1	0	1	1.0976484560699087
136200.0	1000.0	2290.8750411562482	0.0	0	64.69151641748613	2490.8750411561923	1	0	1	1.0976484560699087
137200.0	1000.0	2290.875041156255	0.0	0	108.26156386581715	2490.8750411561923	1	0	1	1.0976484560699087
138200.0	1000.0	2290.8750411562437	0.0	0	155.28832677105675	2490.875041156163	1	0	1	1.097648456069912
139471.28899911727	1000.0	2019.5860420389756	0.0	0	0.0	2490.875041156163	1	0	1	1.097648456069912
140759.8138644522	1000.0	1731.0611767040525	0.0	0	0.0	2490.875041156163	1	0	1	1.097648456069912
141962.68603287885	1000.0	1528.1890082774185	0.0	0	0.0	2490.875041156134	1	0	1	1.0976484560699153
142913.34161193672	1000.0	1577.533429219582	0.0	0	0.0	2490.875041156134	1	0	1	1.0976484560699153
144235.17313477778	1000.0	1255.7019063785342	0.0	0	0.0	2490.875041156134	1	0	1	1.0976484560699153
145424.633584522	1000.0	1066.2414566343032	0.0	0	0.0	2490.875041156134	1	0	1	1.0976484560699153
146374.03360455018	1000.0	1116.8414366061043	0.0	0	0.0	2490.875041156134	1	0	1	1.0976484560699153
147004.4982366717	1000.0	1486.3768044845683	0.0	0	0.0	2490.875041156134	1	0	1	1.0976484560699153
147822.27357365188	1000.0	1668.6014675043823	0.0	0	0.0	2490.875041156163	1	0	1	1.097648456069912
148409.4901851102	1000.0	2081.3848560460556	0.0	0	0.0	2490.875041156163	1	0	1	1.097648456069912
149200.0	1000.0	2290.8750411562714	0.0	0	244.82618701446336	2490.875041156163	1	0	1	1.097648456069912
150340.5953278422	1000.0	2150.2797133140875	0.0	0	0.0	2490.875041156163	1	0	1	1.097648456069912
151367.1169985534	1000.0	2123.7580426028944	0.0	0	0.0	2490.875041156163	1	0	1	1.097648456069912
152755.4111947386	1000.0	1735.4638464176828	0.0	0	0.0	2490.8750411561923	1	0	1	1.0976484560699087
154202.21794888042	1000.0	1288.6570922758578	0.0	0	0.0	2490.8750411561923	1	0	1	1.0976484560699087
155025.45566902257	1000.0	1465.4193721337072	0.0	0	0.0	2490.8750411562214	1	0	1	1.097648456069906
156240.4030035197	1000.0	1250.4720376365863	0.0	0	0.0	2490.8750411562214	1	0	1	1.0976484560699054
157745.69978994082	1000.0	745.1752512154549	0.0	0	0.0	2490.8750411562214	1	0	1	1.0976484560699054
159024.694110406	1000.0	466.1809307502714	0.0	0	0.0	2490.8750411562214	1	0	1	1.0976484560699054
159967.3066436138	1000.0	563.1924041179918	39.62400657553263	0	0.0	2530.499047731748	1	0	1	0.8553488947950276
160567.45156073262	500.0	963.0474869991729	0.0	0	0.0	2530.499047731748	1	0	1	-0.2932014268716676
161296.29577097858	500.0	1234.2032767531855	0.0	0	0.0	2530.4990477317187	1	0	1	0.39994575368828134
161736.5161429909	500.0	1793.9829047408698	0.0	0	0.0	2530.4990477316896	1	0	1	0.39994575368828406
162200.0	500.0	2330.4990477317933	0.0	0	138.236966217577	2530.4990477316896	1	0	1	0.3999457536882848
163200.0	500.0	2330.4990477317947	0.0	0	738.7367897547083	2530.4990477316605	1	0	1	0.3999457536882881
164200.0	500.0	2330.4990477317897	0.0	0	671.6034094792558	2530.4990477316605	1	0	1	0.3999457536882881
165200.0	500.0	2330.4990477317924	0.0	0	594.3251464450732	2530.4990477316605	1	0	1	0.3999457536882881
166200.0	1000.0	2330.4990477318265	0.0	0	231.51717556617223	2530.4990477316605	1	0	1	0.3999457536882882
167200.0	1000.0	2330.49904773184	0.0	0	485.43601279871655	2530.4990477316896	1	0	1	1.0930929342482303
168200.0	1000.0	2330.4990477318215	0.0	0	378.333166582539	2530.4990477316896	1	0	1	1.0930929342482303
169200.0	1000.0	2330.4990477317933	0.0	0	269.8487598283682	2530.4990477316896	1	0	1	1.0930929342482303
170200.0	1000.0	2330.499047731785	0.0	0	103.63346233649645	2530.4990477317187	1	0	1	1.0930929342482274
171200.0	1000.0	2330.4990477318174	0.0	0	49.620609316334594	2530.4990477316896	1	0	1	1.0930929342482303
172200.0	1000.0	2330.4990477318506	0.0	0	74.8439405412355	2530.4990477317187	1	0	1	1.0930929342482267
173200.0	1000.0	2330.4990477318192	0.0	0	44.702190896787215	2530.4990477317187	1	0	1	1.0930929342482267
174200.0	1000.0	2330.4990477318047	0.0	0	142.04528796565137	2530.4990477317187	1	0	1	1.0930929342482267
175200.0	1000.0	2330.4990477317806	0.0	0	294.25690299650887	2530.4990477317187	1	0	1	1.0930929342482267
176340.4350399018	1000.0	2190.064007829992	0.0	0	0.0	2530.4990477317187	1	0	1	1.0930929342482267
177200.0	1000.0	2330.499047731777	0.0	0	150.16112080577295	2530.4990477317187	1	0	1	1.0930929342482267
178469.94520917712	1000.0	2060.5538385546297	0.0	0	0.0	2530.4990477316896	1	0	1	1.0930929342482303
179200.0	1000.0	2330.499047731781	0.0	0	91.43888682790566	2530.4990477316896	1	0	1	1.0930929342482303
180200.0	1000.0	2330.4990477317783	0.0	0	314.48386752119404	2530.4990477316896	1	0	1	1.0930929342482296
181200.0	1000.0	2330.4990477318033	0.0	0	161.34965160366846	2530.4990477316896	1	0	1	1.0930929342482303
182200.0	1000.0	2330.499047731811	0.0	0	298.89605990459677	2530.4990477316605	1	0	1	1.093092934248233
183333.4642840692	1000.0	2083.6883352557056	0.0	0	0.0	2417.152619324741	1	0	2	0.7023573951210935
184271.18048422493	1000.0	2145.9721350999916	0.0	0	0.0	2417.152619324741	1	0	1	0.905684527746755
185200.0	1000.0	2217.1526193249238	0.0	0	281.3811526116042	2417.152619324741	1	0	1	1.105684527746755
186200.0	1000.0	2217.152619324927	0.0	0	490.6749748796574	2417.152619324741	1	0	1	1.105684527746755
187200.0	1000.0	2217.1526193249747	0.0	0	478.17835361065227	2417.15261932477	1	0	1	1.1056845277467522
188200.0	1000.0	2217.1526193249647	0.0	0	181.31938962309505	2417.152619324741	1	0	1	1.105684527746754
189200.0	1000.0	2217.1526193250115	0.0	0	206.02541086965357	2417.152619324741	1	0	1	1.105684527746755
190215.88134325345	1000.0	2201.271276071566	0.0	0	0.0	2417.152619324741	1	0	1	1.105684527746755
191200.0	1000.0	2217.1526193250365	0.0	0	292.3890722870128	2417.152619324741	1	0	1	1.105684527746755
192200.0	1000.0	2217.1526193250606	0.0	0	231.79806136409752	2417.152619324712	1	0	1	1.1056845277467582
193200.0	1000.0	2217.1526193250793	0.0	0	335.9497246709943	2417.152619324741	1	0	1	1.105684527746755
194200.0	1000.0	2217.152619325089	0.0	0	276.2581967271399	2417.15261932477	1	0	1	1.1056845277467533
195200.79568181423	1000.0	2216.35693751087	0.0	0	0.0	2417.15261932477	1	0	1	1.1056845277467522
196200.0	1000.0	2217.15261932512	0.0	0	140.42534434254048	2417.152619324799	1	0	1	1.105684527746749
197200.0	1000.0	2217.1526193251343	0.0	0	478.62664481729735	2417.1526193248283	1	0	1	1.1056845277467473
198200.0	1000.0	2217.152619325102	0.0	0	492.6153595459182	2417.152619324799	1	0	1	1.1056845277467477
199200.0	1000.0	2217.1526193251193	0.0	0	209.83807946305024	2417.152619324799	1	0	1	1.105684527746749
200200.0	1000.0	2217.1526193251393	0.0	0	326.10770306247286	2417.15261932477	1	0	1	1.1056845277467522
201200.0	1000.0	2217.152619325145	0.0	0	434.9753127481381	2417.152619324799	1	0	1	1.1056845277467502
202200.0	1000.0	2217.1526193251475	0.0	0	497.03163654202945	2417.1526193248283	1	0	1	1.1056845277467473
203200.0	1000.0	2217.1526193251666	0.0	0	406.6023624657537	2417.1526193248283	1	0	1	1.105684527746746
204200.0	1000.0	2217.152619325185	0.0	0	513.6545924034144	2417.1526193248283	1	0	1	1.1056845277467449
205200.0	1000.0	2217.15261932519	0.0	0	333.1876826334628	2417.152619324799	1	0	1	1.105684527746749
206200.0	1000.0	2217.1526193251902	0.0	0	332.71714973196504	2417.152619324799	1	0	1	1.105684527746749
207837.79801270828	1000.0	1579.3546066169076	0.0	0	0.0	2417.152619324799	1	0	1	1.105684527746749
208810.81877370895	1000.0	1606.3338456162555	0.0	0	0.0	2417.152619324799	1	0	1	1.105684527746749
209711.3515794101	1000.0	1705.8010399151067	0.0	0	0.0	2417.152619324799	1	0	1	1.105684527746749
211291.129027621	1000.0	1126.0235917042	0.0	0	0.0	2417.152619324799	1	0	1	1.105684527746749
212405.27410248612	1000.0	1011.8785168391106	0.0	0	0.0	2417.1526193248283	1	0	1	1.105684527746746
213450.12910028934	1000.0	967.0235190358846	0.0	0	0.0	2417.1526193248574	1	0	1	1.1056845277467429
214574.88206380044	1000.0	842.2705555247718	0.0	0	0.0	2417.1526193248865	1	0	1	1.1056845277467398
215689.8832442902	1000.0	727.269375035003	0.0	0	0.0	2417.1526193248574	1	0	1	1.1056845277467404
216380.18703691562	500.0	1036.9655824095244	0.0	0	0.0	2417.1526193248865	1	0	1	-0.28060983337315104
216952.54094065682	500.0	1464.611678668331	0.0	0	0.0	2417.1526193248865	1	0	1	0.41253734718679436
217549.52178432237	500.0	1867.6308350027773	0.0	0	0.0	2417.1526193248865	1	0	1	0.41253734718679436
218200.0	500.0	2217.152619325139	0.0	0	160.1295057165553	2417.1526193248574	1	0	1	0.4125373471867974
219200.0	500.0	2217.152619325137	0.0	0	274.4929949857469	2417.1526193248574	1	0	1	0.4125373471867974
220200.0	500.0	2217.152619325173	0.0	0	333.57983069404145	2417.1526193248574	1	0	1	0.4125373471867974
221200.0	500.0	2217.1526193251907	0.0	0	281.13766695259255	2417.1526193248865	1	0	1	0.4125373471867956
222200.0	500.0	2217.1526193251834	0.0	0	199.5973342366051	2417.1526193248865	1	0	1	0.41253734718679436
223200.0	500.0	2217.1526193251475	0.0	0	453.94965072959894	2417.1526193248574	1	0	1	0.4125373471867974
224200.0	500.0	2217.152619325182	0.0	0	286.4850421745796	2417.1526193248865	1	0	1	0.4125373471867956
225200.0	500.0	2217.1526193251825	0.0	0	306.5534604397835	2417.1526193248865	1	0	1	0.41253734718679436
226200.0	500.0	2217.1526193251957	0.0	0	514.4828662294021	2417.1526193248865	1	0	1	0.41253734718679314
227200.0	500.0	2217.152619325161	0.0	0	331.2460668577987	2417.1526193248574	1	0	1	0.4125373471867974
228200.0	500.0	2217.152619325159	0.0	0	579.5678499991191	2417.1526193248283	1	0	1	0.4125373471868005
229200.0	500.0	2217.152619325144	0.0	0	556.1543836073542	2417.1526193248283	1	0	1	0.4125373471868005
230200.0	500.0	2217.1526193251916	0.0	0	495.85252119248617	2417.1526193248283	1	0	1	0.4125373471868005
231200.0	500.0	2217.1526193251984	0.0	0	523.2560149152414	2417.1526193248283	1	0	1	0.4125373471868005
232200.0	500.0	2217.152619325179	0.0	0	489.99061886876007	2417.1526193248283	1	0	1	0.4125373471868017
233200.0	500.0	2217.1526193252	0.0	0	450.31965040022624	2417.1526193248283	1	0	1	0.4125373471868005
234210.00297288806	500.0	2207.1496464371157	0.0	0	0.0	2417.1526193248574	1	0	1	0.4125373471867974
235200.0	500.0	2217.1526193252002	0.0	0	327.4494671197899	2417.1526193248283	1	0	1	0.4125373471868005
236200.0	500.0	2217.152619325186	0.0	0	507.81044987859786	2417.1526193248283	1	0	1	0.4125373471868005
237200.0	500.0	2217.152619325184	0.0	0	680.7539151268429	2417.1526193248283	1	0	1	0.4125373471868005
238200.0	500.0	2217.152619325184	0.0	0	582.213480345381	2417.152619324799	1	0	1	0.4125373471868023
239200.0	500.0	2217.152619325188	0.0	0	373.61810287923436	2417.152619324799	1	0	1	0.4125373471868035
240200.0	500.0	2217.152619325196	0.0	0	584.9474892222206	2417.152619324799	1	0	1	0.4125373471868035
241200.0	500.0	2217.1526193252175	0.0	0	565.8740041342971	2417.152619324799	1	0	1	0.4125373471868035
242200.0	500.0	2217.152619325226	0.0	0	716.226122056396	2417.152619324799	1	0	1	0.4125373471868035
243200.0	500.0	2217.1526193251975	0.0	0	608.6684642911714	2417.1526193248283	1	0	1	0.4125373471868017
244328.46484706286	1000.0	2088.687772262362	0.0	0	0.0	2417.1526193248283	1	0	1	0.4125373471868006
245408.95016188358	1000.0	2008.202457441627	0.0	0	0.0	2417.1526193248283	1	0	1	1.105684527746746
246546.34851269927	1000.0	1870.8041066258775	0.0	0	0.0	2417.1526193248283	1	0	1	1.105684527746746
247200.0	1000.0	2217.1526193251343	0.0	0	88.17809814083739	2417.1526193248283	1	0	1	1.105684527746746
248200.0	1000.0	2217.152619325138	0.0	0	183.50608483882388	2417.1526193248283	1	0	1	1.105684527746746
249200.0	1000.0	2217.152619325118	0.0	0	294.817736502795	2417.152619324799	1	0	1	1.105684527746749
250200.0	1000.0	2217.1526193251116	0.0	0	185.83856676422874	2417.152619324799	1	0	1	1.105684527746749
251200.0	1000.0	2217.1526193251048	0.0	0	429.5868754570838	2417.152619324799	1	0	1	1.105684527746749
252200.0	1000.0	2217.152619325104	0.0	0	173.75336172856623	2417.15261932477	1	0	1	1.1056845277467515
253200.0	1000.0	2217.1526193250966	0.0	0	283.50088531145593	2417.15261932477	1	0	1	1.1056845277467522
254200.0	1000.0	2217.15261932511	0.0	0	101.53262513602385	2417.15261932477	1	0	1	1.1056845277467522
255200.0	1000.0	2217.152619325101	0.0	0	303.7331224720401	2417.15261932477	1	0	1	1.1056845277467522
256200.0	1000.0	2217.15261932509	0.0	0	418.63012776579126	2417.15261932477	1	0	1	1.1056845277467522
257297.3665276035	1000.0	2119.786091721597	0.0	0	0.0	2417.15261932477	1	0	1	1.1056845277467522
258383.65849959827	1000.0	2033.4941197268004	0.0	0	0.0	2417.15261932477	1	0	1	1.1056845277467522
259561.37091360387	1000.0	1855.7817057212214	0.0	0	0.0	2417.15261932477	1	0	1	1.1056845277467522
260666.5463630726	1000.0	1750.6062562525174	0.0	0	0.0	2417.15261932477	1	0	1	1.1056845277467522
262330.07641102147	1000.0	1087.076208303642	0.0	0	0.0	2417.152619324799	1	0	1	1.105684527746749
263568.0195947165	1000.0	849.1330246086702	0.0	0	0.0	2417.1526193248865	1	0	1	1.1056845277467435
264166.7776512602	500.0	1250.374968064921	0.0	0	0.0	2417.1526193248574	1	0	1	-0.2806098333731498
264660.72273354646	500.0	1756.4298857785868	0.0	0	0.0	2417.152619324741	1	0	1	0.4125373471868041
265215.13662696286	500.0	2202.0159923622023	0.0	0	0.0	2417.152619324741	1	0	1	0.4125373471868097
266200.0	500.0	2217.1526193250775	0.0	0	581.7477528989548	2417.152619324799	1	0	1	0.41253734718680596
267200.0	500.0	2217.1526193250716	0.0	0	335.2995555260568	2417.152619324799	1	0	1	0.4125373471868035
268335.1929563823	500.0	2081.9596629427583	0.0	0	0.0	2417.152619324799	1	0	1	0.4125373471868035
269200.0	500.0	2217.152619325067	0.0	0	212.79376714426326	2417.152619324741	1	0	1	0.4125373471868097
270200.0	500.0	2217.1526193250543	0.0	0	568.9689727619407	2417.152619324741	1	0	1	0.4125373471868097
271200.0	500.0	2217.1526193250284	0.0	0	520.0938118365593	2417.152619324799	1	0	1	0.4125373471868035
272200.0	500.0	2217.1526193249542	0.0	0	659.3152930495562	2417.152619324799	1	0	1	0.4125373471868035
273200.0	500.0	2217.1526193249388	0.0	0	563.4111603987403	2417.152619324799	1	0	1	0.4125373471868035
274200.0	500.0	2217.152619324875	0.0	0	689.0282726511941	2417.152619324741	1	0	1	0.4125373471868072
275200.0	500.0	2217.1526193248633	0.0	0	511.95987942733336	2417.152619324741	1	0	1	0.4125373471868097
276200.0	500.0	2217.152619324865	0.0	0	388.4720165541512	2417.152619324741	1	0	1	0.4125373471868097
277200.0	500.0	2217.1526193249015	0.0	0	468.7521236464381	2417.152619324741	1	0	1	0.4125373471868097
278200.0	500.0	2217.1526193248824	0.0	0	416.98690022010123	2417.152619324741	1	0	1	0.4125373471868097
279200.0	500.0	2217.152619324894	0.0	0	669.2587967319996	2417.1526193246827	1	0	1	0.4125373471868158
280200.0	500.0	2217.1526193248606	0.0	0	623.9364978661761	2417.1526193246827	1	0	1	0.4125373471868158
281200.0	500.0	2217.15261932481	0.0	0	540.6917366076377	2417.1526193246827	1	0	1	0.4125373471868182
282200.0	500.0	2217.1526193248574	0.0	0	602.5787986955838	2417.152619324741	1	0	1	0.4125373471868121
283200.0	500.0	2217.1526193248155	0.0	0	586.2078006465454	2417.1526193246827	1	0	1	0.41253734718681334
284227.3747233732	1000.0	2189.7778959516168	0.0	0	0.0	2417.1526193246827	1	0	1	0.4125373471868159
285200.0	1000.0	2217.1526193247464	0.0	0	271.04690269875573	2417.1526193246827	1	0	1	1.1056845277467613
286200.0	1000.0	2217.152619324787	0.0	0	265.6814844183391	2417.1526193246827	1	0	1	1.1056845277467613
287200.0	1000.0	2217.1526193247673	0.0	0	313.42937236919533	2417.1526193246245	1	0	1	1.1056845277467673
288200.0	1000.0	2217.152619324835	0.0	0	106.61721505160676	2417.1526193246827	1	0	1	1.1056845277467613
289743.0095571196	1000.0	1674.1430622051175	0.0	0	0.0	2417.1526193245663	1	0	1	1.1056845277467686
290762.11371734226	1000.0	1655.038901982477	0.0	0	0.0	2417.152619324508	1	0	1	1.1056845277467797
291451.2553888113	1000.0	1965.8972305134694	0.0	0	0.0	2417.152619324508	1	0	1	1.1056845277467797
292200.0	1000.0	2217.1526193247164	0.0	0	83.30186578270514	2417.152619324508	1	0	1	1.1056845277467797
293263.31957722607	1000.0	2153.8330420985826	0.0	0	0.0	2417.152619324508	1	0	1	1.1056845277467797
294330.51378626784	1000.0	2086.638833056866	0.0	0	0.0	2417.152619324508	1	0	1	1.1056845277467797
295764.03554529883	1000.0	1653.1170740258622	0.0	0	0.0	2417.152619324508	1	0	1	1.1056845277467797
296589.87483636045	1000.0	1827.2777829642393	0.0	0	0.0	2417.152619324508	1	0	1	1.1056845277467797
297281.95544423047	1000.0	2135.197175094204	0.0	0	0.0	2417.15261932445	1	0	1	1.105684527746786
298200.0	1000.0	2217.1526193246996	0.0	0	316.91748271667166	2417.152619324508	1	0	1	1.1056845277467797
299200.0	1000.0	2217.1526193246955	0.0	0	382.6466386828106	2417.1526193245663	1	0	1	1.105684527746776
300200.0	1000.0	2217.152619324702	0.0	0	51.278624696831685	2417.1526193245663	1	0	1	1.1056845277467735
0.73	0.93	0.96	0.87	0.79	0.9	1.05	1.19	0.73	1.92	1.93	1.85	1.51	2.12	1.98	1.45	1.52	0.93	0.92	1.15	1.1	1.2	1.39	1.07	1.16	0.86	1.54	1.68	1.38	1.39	1.03	1.32	1.84	2.22	2.04	1.1	1.12	1.32	0.92	1.25	1.42	1.08	1.02	1.51	2.03	1.65	1.44	1.93	2.0	1.78	2.0	1.32	1.68	0.87	0.65	1.04	0.92	0.8	0.76	1.07	1.14	1.03	1.0	0.95	0.98	1.07	0.57	0.96	0.76	0.92	0.88	0.64	1.09	0.96	1.18	1.31	1.24	1.05	1.18	1.07	0.88	0.49	0.86	1.62	1.55	1.07	0.98	1.05	1.6	1.74	1.55	0.96	0.78	0.97	1.62	1.14	1.63	1.29	1.67	1.33	1.46	1.41	1.38	1.26	1.15	1.16	0.64	0.86	0.81	0.73	0.63	0.95	1.29	0.9	0.37	0.52	0.82	1.29	1.24	1.11	1.81	1.08	1.02	0.95	1.12	1.22	1.58	0.98	1.32	1.27	1.03	0.96	1.44	1.33	1.36	0.7	0.8	0.97	1.41	1.11	0.79	0.73	0.96	1.36	1.52	1.4	1.08	1.07	0.92	0.83	0.73	0.93	0.96	0.87	0.79	0.9	1.05	1.19	0.73	1.92	1.93	1.85	1.51	2.12	1.98	1.45	1.52	0.93	0.92	1.15	1.1	1.2	1.39	1.07	1.16	0.86	1.54	1.68	1.38	1.39	1.03	1.32	1.84	2.22	2.04	1.1	1.12	1.32	0.92	1.25	1.42	1.08	1.02	1.51	2.03	1.65	1.44	1.93	2.0	1.78	2.0	1.32	1.68	0.87	0.65	1.04	0.92	0.8	0.76	1.07	1.14	1.03	1.0	0.95	0.98	1.07	0.57	0.96	0.76	0.92	0.88	0.64	1.09	0.96	1.18	1.31	1.24	1.05	1.18	1.07	0.88	0.49	0.86	1.62	1.55	1.07	0.98	1.05	1.6	1.74	1.55	0.96	0.78	0.97	1.62	1.14	1.63	1.29	1.67	1.33	1.46	1.41	1.38	1.26	1.15	1.16	0.64	0.86	0.81	0.73	0.63	0.95	1.29	0.9	0.37	0.52	0.82	1.29	1.24	1.11	1.81	1.08	1.02	0.95	1.12	1.22	1.58	0.98	1.32	1.27	1.03	0.96	1.44	1.33	1.36	0.7	0.8	0.97	1.41	1.11	0.79	0.73	0.96	1.36	1.52	1.4	1.08	1.07	0.92	0.83	0.73
1.0	2.0	3.0	4.0	5.0	6.0	7.0	8.0	9.0	10.0	11.0	12.0	13.0	14.0	15.0	16.0	17.0	18.0	19.0	20.0	21.0	22.0	23.0	24.0	25.0	26.0	27.0	28.0	29.0	30.0	31.0	32.0	33.0	34.0	35.0	36.0	37.0	38.0	39.0	40.0	41.0	42.0	43.0	44.0	45.0	46.0	47.0	48.0	49.0	50.0	51.0	52.0	53.0	54.0	55.0	56.0	57.0	58.0	59.0	60.0	61.0	62.0	63.0	64.0	65.0	66.0	67.0	68.0	69.0	70.0	71.0	72.0	73.0	74.0	75.0	76.0	77.0	78.0	79.0	80.0	81.0	82.0	83.0	84.0	85.0	86.0	87.0	88.0	89.0	90.0	91.0	92.0	93.0	94.0	95.0	96.0	97.0	98.0	99.0	100.0	101.0	102.0	103.0	104.0	105.0	106.0	107.0	108.0	109.0	110.0	111.0	112.0	113.0	114.0	115.0	116.0	117.0	118.0	119.0	120.0	121.0	122.0	123.0	124.0	125.0	126.0	127.0	128.0	129.0	130.0	131.0	132.0	133.0	134.0	135.0	136.0	137.0	138.0	139.0	140.0	141.0	142.0	143.0	144.0	145.0	146.0	147.0	148.0	149.0	149.0	150.0	151.0	152.0	153.0	154.0	155.0	156.0	157.0	158.0	159.0	160.0	161.0	162.0	163.0	164.0	165.0	166.0	167.0	168.0	169.0	170.0	171.0	172.0	173.0	174.0	175.0	176.0	177.0	178.0	179.0	180.0	181.0	182.0	183.0	184.0	185.0	186.0	187.0	188.0	189.0	190.0	191.0	192.0	193.0	194.0	195.0	196.0	197.0	198.0	199.0	200.0	201.0	202.0	203.0	204.0	205.0	206.0	207.0	208.0	209.0	210.0	211.0	212.0	213.0	214.0	215.0	216.0	217.0	218.0	219.0	220.0	221.0	222.0	223.0	224.0	225.0	226.0	227.0	228.0	229.0	230.0	231.0	232.0	233.0	234.0	235.0	236.0	237.0	238.0	239.0	240.0	241.0	242.0	243.0	244.0	245.0	246.0	247.0	248.0	249.0	250.0	251.0	252.0	253.0	254.0	255.0	256.0	257.0	258.0	259.0	260.0	261.0	262.0	263.0	264.0	265.0	266.0	267.0	268.0	269.0	270.0	271.0	272.0	273.0	274.0	275.0	276.0	277.0	278.0	279.0	280.0	281.0	282.0	283.0	284.0	285.0	286.0	287.0	288.0	289.0	290.0	291.0	292.0	293.0	294.0	295.0	296.0	297.0	298.0	298.0	299.0
3619.077094763953
