4747.720278401867	300.0	2000.0	140.06765741206797	0	0.0	4747.720278401867	1	0	1	-1.7009796539363449
4860.59665133913	300.0	2875.83598976901	0.0	0	0.0	4736.43264110814	1	0	2	-1.2729437929465568
4967.273750144182	300.0	3758.4911810834533	0.0	0	0.0	4725.764931227634	1	0	2	-1.0655340905202846
5200.0	500.0	4502.492306242053	0.0	0	43.686900841302304	4702.492306242052	1	0	2	-1.0536873805303448
6200.0	500.0	4402.492306242051	0.0	0	843.1945473118049	4602.492306242051	1	0	2	-0.49802036624909946
7200.0	500.0	4302.492306242051	0.0	0	829.5981580454791	4502.492306242053	1	0	2	-0.43483164471138197
8200.0	500.0	4202.492306242054	0.0	0	643.5223292827532	4402.492306242053	1	0	2	-0.37545207587470186
9200.0	1000.0	4102.492306242052	0.0	0	221.5900139133264	4302.492306242052	1	0	2	-0.31715422712802543
10200.0	1000.0	4002.492306242053	0.0	0	448.0765218318829	4202.492306242054	1	0	2	0.4265558707549934
11200.0	2000.0	3902.492306242052	0.0	0	328.34057340542495	4102.492306242052	1	0	2	0.4755876691630151
12200.0	2000.0	3802.4923062420517	0.0	0	417.11135432082483	4002.492306242051	1	0	2	1.2129868922368874
13200.0	2000.0	3702.4923062420485	0.0	0	193.04983814532352	3902.4923062420476	1	0	2	1.2567181173596753
14200.0	2000.0	3602.492306242049	0.0	0	324.18785665619544	3802.4923062420457	1	0	2	1.29350126755332
15202.417595468658	2000.0	3499.832951226521	0.0	0	0.0	3702.250546695177	1	0	2	1.331252970808658
16345.428319062996	2000.0	3242.5211552727487	0.0	0	0.0	3587.949474335741	1	0	2	1.369719602512697
17200.0	2000.0	3302.492306242042	0.0	0	221.54858627517388	3502.4923062420385	1	0	2	1.3941797868355266
18200.0	2000.0	3202.4923062420416	0.0	0	210.75285363711737	3402.4923062420403	1	0	2	1.4207775549386632
19200.0	2000.0	3102.492306242043	0.0	0	542.8147309406268	3302.4923062420403	1	0	2	1.445131641900153
20200.0	2000.0	3002.492306242043	0.0	0	362.1703972865798	3202.492306242042	1	0	2	1.4689374312237726
21200.0	2000.0	2902.492306242043	0.0	0	348.47079532333373	3102.4923062420385	1	0	2	1.4900679060655286
22200.0	2000.0	2802.492306242042	0.0	0	133.4095550642014	3002.4923062420385	1	0	2	1.5108910339052393
23200.0	3000.0	2702.492306242047	0.0	0	62.205682864325354	2902.492306242042	1	0	2	1.5296851933874631
24200.0	3000.0	2602.4923062420457	0.0	0	345.4922684387784	2802.492306242035	1	0	2	1.9494090939490794
25540.33662753825	3000.0	2128.1220159499717	0.0	0	0.0	2668.4586434882112	1	0	2	1.9698656719830039
26497.782942723832	3000.0	2074.931069245833	0.0	0	0.0	2572.7140119696523	1	0	2	1.983597059917566
27258.071080761223	3000.0	2238.614117404699	0.0	0	0.0	2496.6851981659092	1	0	2	1.99340698481824
28200.0	3000.0	2202.4923062420403	0.0	0	71.59494236515457	2402.492306242031	1	0	2	2.0031542494559265
29200.0	3000.0	2102.4923062420357	0.0	0	167.69467373942825	2302.4923062420276	1	0	2	2.012254464393629
30410.748543146157	3000.0	1770.6689087812595	0.0	0	0.0	2181.4174519274093	1	0	2	2.023868969991949
31311.5889149513	3000.0	1779.7444997956002	0.0	0	0.0	2091.3334147468886	1	0	2	2.0319018762113785
32820.12189915974	3000.0	1120.3582171663093	0.0	0	0.0	1940.4801163260418	1	0	2	2.0413077668669186
34846.62563267561	2000.0	203.8359251017379	109.98144145130266	0	0.0	2050.4615577773366	1	0	1	0.5694824992751706
35790.155794198305	2000.0	557.9589264195301	297.65316284048254	0	0.0	2348.114720617821	1	0	1	0.01994671844299034
36437.084119679566	2000.0	911.0306009382588	0.0	0	0.0	2348.114720617821	1	0	1	1.8058656954858856
37071.658947308264	2000.0	1276.4557733095558	0.0	0	0.0	2348.114720617814	1	0	1	1.8058656954858865
37918.88087193912	2000.0	1429.2338486787062	0.0	0	0.0	2348.114720617814	1	0	1	1.8058656954858865
38697.0614307971	2000.0	1651.0532898207314	0.0	0	0.0	2348.1147206178066	1	0	1	1.8058656954858874
39335.22372394668	2000.0	2012.890996671148	0.0	0	0.0	2348.1147206178066	1	0	1	1.8058656954858874
40200.0	2000.0	2148.114720617827	0.0	0	505.6568757424029	2348.1147206178066	1	0	1	1.8058656954858874
41200.0	2000.0	2148.11472061782	0.0	0	338.78132933879533	2348.1147206177993	1	0	1	1.8058656954858878
42200.0	2000.0	2148.1147206178225	0.0	0	361.3065555822104	2348.114720617792	1	0	1	1.8058656954858887
43200.0	2000.0	2148.1147206178293	0.0	0	222.06980151728203	2348.114720617792	1	0	1	1.8058656954858887
44200.0	3000.0	2148.1147206178216	0.0	0	64.41061964548135	2348.114720617792	1	0	1	1.805865695485889
45200.0	3000.0	2148.114720617819	0.0	0	47.10392492193205	2348.114720617792	1	0	1	2.2113308035940533
46202.919779280746	3000.0	2145.1949413370758	0.0	0	0.0	2348.1147206177848	1	0	1	2.2113308035940538
47553.107542762875	3000.0	1795.0071778549432	0.0	0	0.0	2348.1147206177848	1	0	1	2.211330803594054
49039.52922960948	3000.0	1308.5854910083358	0.0	0	0.0	2348.1147206177848	1	0	1	2.211330803594054
50530.722802050244	3000.0	817.3919185675705	0.0	0	0.0	2348.1147206177848	1	0	1	2.211330803594054
51761.524798947285	2000.0	586.5899216705249	0.0	0	0.0	2348.1147206177848	1	0	1	1.4004005873777245
52667.736473677054	2000.0	680.3782469407606	0.0	0	0.0	2348.1147206177848	1	0	1	1.8058656954858892
53507.04814688446	2000.0	841.0665737333592	0.0	0	0.0	2348.1147206177848	1	0	1	1.8058656954858892
54253.42766056197	2000.0	1094.6870600558518	0.0	0	0.0	2348.1147206177848	1	0	1	1.8058656954858892
55114.68472940619	2000.0	1233.4299912116298	0.0	0	0.0	2348.1147206177848	1	0	1	1.8058656954858892
55879.713353189305	2000.0	1468.40136742851	0.0	0	0.0	2348.1147206177848	1	0	1	1.8058656954858892
57137.01093832508	2000.0	1211.1037822927346	0.0	0	0.0	2348.1147206177848	1	0	1	1.8058656954858892
58636.669682603766	2000.0	711.445038014043	0.0	0	0.0	2348.1147206177848	1	0	1	1.8058656954858892
59428.69109419892	1000.0	919.4236264188964	0.0	0	0.0	2348.1147206177848	1	0	1	0.4195713343659991
59953.17626761377	1000.0	1394.938453004041	0.0	0	0.0	2348.1147206177848	1	0	1	1.1127185149259442
60480.68533774012	1000.0	1867.429382877686	0.0	0	0.0	2348.1147206177848	1	0	1	1.1127185149259442
61200.0	1000.0	2148.114720617804	0.0	0	318.0815717527439	2348.1147206177848	1	0	1	1.1127185149259442
62200.0	1000.0	2148.114720617801	0.0	0	411.5346917941497	2348.1147206177775	1	0	1	1.112718514925945
63200.0	1000.0	2148.114720617792	0.0	0	598.5978538591735	2348.11472061777	1	0	1	1.1127185149259458
64200.0	1000.0	2148.1147206177975	0.0	0	598.985617481012	2348.1147206177775	1	0	1	1.112718514925945
65200.0	1000.0	2148.1147206177993	0.0	0	622.1742902987899	2348.11472061777	1	0	1	1.1127185149259458
66200.0	1000.0	2148.1147206178	0.0	0	548.171254037341	2348.114720617763	1	0	1	1.1127185149259458
67200.0	1000.0	2148.1147206177907	0.0	0	565.7179071219289	2348.1147206177557	1	0	1	1.1127185149259469
68200.0	2000.0	2148.114720617771	0.0	0	358.91812023981765	2348.114720617741	1	0	1	1.1127185149259478
69200.0	2000.0	2148.1147206177775	0.0	0	235.62876254148432	2348.1147206177266	1	0	1	1.805865695485895
70200.0	2000.0	2148.1147206177893	0.0	0	244.89903740701266	2348.114720617741	1	0	1	1.8058656954858936
71200.0	2000.0	2148.114720617782	0.0	0	197.7023857125896	2348.1147206177557	1	0	1	1.8058656954858923
72200.0	2000.0	2148.1147206177707	0.0	0	334.3714160236268	2348.1147206177557	1	0	1	1.8058656954858923
73200.0	2000.0	2148.1147206177657	0.0	0	443.66033802120364	2348.1147206177557	1	0	1	1.8058656954858923
74200.0	2000.0	2148.1147206177557	0.0	0	254.86845663865097	2348.1147206177557	1	0	1	1.8058656954858923
75200.0	2000.0	2148.1147206177634	0.0	0	294.5790320260421	2348.114720617741	1	0	1	1.8058656954858936
76200.0	2000.0	2148.1147206177748	0.0	0	467.7397957339417	2348.114720617741	1	0	1	1.8058656954858936
77200.0	3000.0	2148.114720617756	0.0	0	225.85195391924935	2348.1147206177266	1	0	1	1.8058656954858954
78277.00426199376	3000.0	2071.110458623991	0.0	0	0.0	2348.114720617712	1	0	1	2.2113308035940613
80933.43184288101	3000.0	414.6828777367557	0.0	0	0.0	2348.114720617712	1	0	1	2.2113308035940613
82005.43719689173	2000.0	524.423237840183	181.7457141141387	0	0.0	2529.860434731905	1	0	1	0.2903754964826654
82954.34370333952	2000.0	575.5167313923956	0.0	0	0.0	2529.860434731905	1	0	1	1.7863148892756622
83838.24810999082	2000.0	691.6123247410707	0.0	0	0.0	2529.860434731905	1	0	1	1.7863148892756622
85044.50186614829	2000.0	485.3585685835835	0.0	0	0.0	2529.860434731905	1	0	1	1.7863148892756622
85850.2403356899	2000.0	679.6200990419675	0.0	0	0.0	2529.8604347318906	1	0	1	1.786314889275664
86791.5893467713	2000.0	738.271087960554	0.0	0	0.0	2529.8604347318906	1	0	1	1.786314889275664
87798.46954035331	2000.0	731.3908943785372	0.0	0	0.0	2529.8604347318906	1	0	1	1.786314889275664
88380.57283070717	2000.0	1149.287604024685	0.0	0	0.0	2529.8604347318906	1	0	1	1.786314889275664
89183.6434309686	2000.0	1346.2170037632611	0.0	0	0.0	2529.860434731876	1	0	1	1.7863148892756655
90494.39998438302	2000.0	1035.46045034884	0.0	0	0.0	2529.8604347318906	1	0	1	1.786314889275664
91333.19151682587	2000.0	1196.6689179060136	0.0	0	0.0	2529.860434731905	1	0	1	1.7863148892756622
92264.4999910075	2000.0	1265.360443724382	0.0	0	0.0	2529.860434731905	1	0	1	1.7863148892756622
93410.76721397099	2000.0	1119.0932207608892	0.0	0	0.0	2529.860434731905	1	0	1	1.7863148892756622
94863.39207842079	2000.0	666.4683563110943	0.0	0	0.0	2529.8604347319197	1	0	1	1.7863148892756602
95415.28704540993	1000.0	1114.573389321958	0.0	0	0.0	2529.8604347319197	1	0	1	0.40002052815577016
96131.77244135032	1000.0	1398.0879933815813	0.0	0	0.0	2529.8604347319197	1	0	1	1.0931677087157152
96802.7062664704	1000.0	1727.1541682615175	0.0	0	0.0	2529.860434731934	1	0	1	1.0931677087157137
97338.51050836935	1000.0	2191.349926362578	0.0	0	0.0	2529.8604347319488	1	0	1	1.093167708715712
98200.0	1000.0	2329.8604347319238	0.0	0	463.5530638501514	2529.8604347319488	1	0	1	1.093167708715712
99200.0	1000.0	2329.860434731928	0.0	0	475.53367122772033	2529.8604347319488	1	0	1	1.093167708715712
100200.0	1000.0	2329.8604347319324	0.0	0	438.44916308677057	2529.8604347319488	1	0	1	1.093167708715712
101200.0	1000.0	2329.860434731945	0.0	0	505.23298788977263	2529.8604347319633	1	0	1	1.0931677087157101
102200.0	1000.0	2329.8604347319406	0.0	0	509.69953403036925	2529.8604347319488	1	0	1	1.093167708715712
103200.0	1000.0	2329.860434731941	0.0	0	607.5422599530721	2529.860434731934	1	0	1	1.0931677087157137
104200.0	2000.0	2329.860434731945	0.0	0	148.808866760417	2529.860434731934	1	0	1	1.0931677087157134
105200.0	2000.0	2329.860434731966	0.0	0	423.3187492363213	2529.860434731934	1	0	1	1.7863148892756586
106200.0	2000.0	2329.860434731956	0.0	0	191.4078130828566	2529.860434731934	1	0	1	1.7863148892756586
107428.83941834926	2000.0	2101.021016382697	0.0	0	0.0	2529.860434731934	1	0	1	1.7863148892756586
108294.28943470931	2000.0	2235.571000022652	0.0	0	0.0	2529.860434731934	1	0	1	1.7863148892756586
109200.0	2000.0	2329.8604347319592	0.0	0	244.85900334412872	2529.860434731934	1	0	1	1.7863148892756586
110200.0	2000.0	2329.8604347319642	0.0	0	556.1823608940904	2529.860434731934	1	0	1	1.7863148892756586
111200.0	2000.0	2329.8604347319692	0.0	0	570.9043926548911	2529.860434731934	1	0	1	1.7863148892756586
112200.0	2000.0	2329.8604347319842	0.0	0	652.429299057636	2529.8604347319488	1	0	1	1.786314889275657
113200.0	2000.0	2329.8604347319665	0.0	0	246.57162097924447	2529.8604347319488	1	0	1	1.786314889275657
114200.0	2000.0	2329.860434731968	0.0	0	32.58649365087331	2529.8604347319488	1	0	1	1.786314889275657
115902.0040936909	2000.0	1627.8563410410748	0.0	0	0.0	2529.8604347319633	1	0	1	1.7863148892756553
116616.90937603055	2000.0	1912.9510587014156	0.0	0	0.0	2529.8604347319633	1	0	1	1.7863148892756553
117308.70751924609	2000.0	2221.1529154858727	0.0	0	0.0	2529.8604347319633	1	0	1	1.7863148892756553
118200.0	2000.0	2329.860434731969	0.0	0	139.7408642550581	2529.8604347319633	1	0	1	1.7863148892756553
119200.0	2000.0	2329.8604347319665	0.0	0	345.7217911971529	2529.8604347319633	1	0	1	1.7863148892756553
120200.0	2000.0	2329.860434731965	0.0	0	478.0842070934159	2529.8604347319488	1	0	1	1.786314889275657
121200.0	2000.0	2329.860434731971	0.0	0	448.773648961811	2529.8604347319633	1	0	1	1.7863148892756553
122213.20867787732	2000.0	2316.651756854653	0.0	0	0.0	2529.8604347319633	1	0	1	1.7863148892756553
123414.98254302026	2000.0	2114.877891711723	0.0	0	0.0	2529.8604347319488	1	0	1	1.786314889275657
124474.06596946341	2000.0	2055.794465268573	0.0	0	0.0	2529.860434731934	1	0	1	1.7863148892756586
125545.3778179663	2000.0	1984.4826167656786	0.0	0	0.0	2529.8604347319488	1	0	1	1.786314889275657
126778.41000986281	2000.0	1751.450424869169	0.0	0	0.0	2529.8604347319488	1	0	1	1.786314889275657
127377.68863949619	2000.0	2152.1717952357735	0.0	0	0.0	2529.8604347319488	1	0	1	1.786314889275657
128205.68452984755	2000.0	2324.175904884396	0.0	0	0.0	2529.860434731934	1	0	1	1.7863148892756586
129200.0	2000.0	2329.8604347319542	0.0	0	37.27013600624923	2529.860434731934	1	0	1	1.7863148892756586
130200.0	2000.0	2329.8604347319615	0.0	0	188.5623304155597	2529.860434731934	1	0	1	1.7863148892756586
131200.0	2000.0	2329.8604347319842	0.0	0	247.9559989200934	2529.860434731934	1	0	1	1.7863148892756586
132200.0	2000.0	2329.860434731982	0.0	0	405.2928092284128	2529.860434731905	1	0	1	1.7863148892756593
133200.0	2000.0	2329.8604347319906	0.0	0	680.507503215631	2529.860434731905	1	0	1	1.786314889275664
134200.0	2000.0	2329.8604347319715	0.0	0	573.6203601423767	2529.860434731876	1	0	1	1.7863148892756648
135200.0	2000.0	2329.860434731961	0.0	0	144.62915629337658	2529.860434731847	1	0	1	1.7863148892756688
136232.28232413082	2000.0	2297.5781106011586	0.0	0	0.0	2529.860434731847	1	0	1	1.7863148892756688
137200.0	2000.0	2329.8604347319824	0.0	0	331.47192294170964	2529.860434731847	1	0	1	1.7863148892756688
138200.0	2000.0	2329.8604347319824	0.0	0	13.404629730881425	2529.860434731818	1	0	1	1.7863148892756722
139200.0	2000.0	2329.860434731993	0.0	0	191.28540491813328	2529.860434731818	1	0	1	1.7863148892756722
140200.0	3000.0	2329.860434731995	0.0	0	189.14579318353208	2529.860434731847	1	0	1	1.786314889275669
141272.25310186215	3000.0	2257.6073328698544	0.0	0	0.0	2529.860434731847	1	0	1	2.1917799973838337
142747.5558986724	3000.0	1782.304536059642	0.0	0	0.0	2529.860434731847	1	0	1	2.1917799973838337
144546.5616220999	2000.0	983.298812632179	0.0	0	0.0	2529.860434731847	1	0	1	1.3808497811675042
145475.21658750085	2000.0	1054.643847231238	0.0	0	0.0	2529.860434731847	1	0	1	1.7863148892756688
146195.6570189315	2000.0	1334.2034158005526	0.0	0	0.0	2529.860434731818	1	0	1	1.7863148892756722
146917.29238521683	2000.0	1612.5680495152187	0.0	0	0.0	2529.860434731847	1	0	1	1.7863148892756688
147908.83701585178	2000.0	1621.023418880281	0.0	0	0.0	2529.860434731847	1	0	1	1.7863148892756688
148885.97281021904	2000.0	1643.8876245130277	0.0	0	0.0	2529.860434731847	1	0	1	1.7863148892756688
149689.48308053732	2000.0	1840.377354194769	0.0	0	0.0	2529.860434731847	1	0	1	1.7863148892756688
150617.3840481657	2000.0	1912.476386566411	0.0	0	0.0	2529.860434731847	1	0	1	1.7863148892756688
151273.09380063406	2000.0	2256.7666340980472	0.0	0	0.0	2529.860434731847	1	0	1	1.7863148892756688
152200.0	2000.0	2329.8604347321284	0.0	0	81.30284930867492	2529.860434731876	1	0	1	1.7863148892756655
153200.0	2000.0	2329.8604347321166	0.0	0	116.4403389043	2529.860434731876	1	0	1	1.7863148892756655
154200.0	2000.0	2329.8604347321193	0.0	0	280.7316196458123	2529.860434731876	1	0	1	1.7863148892756655
155200.0	2000.0	2329.8604347321157	0.0	0	476.77273394042277	2529.860434731905	1	0	1	1.7863148892756622
156200.0	2000.0	2329.860434732072	0.0	0	436.71463558950927	2529.860434731905	1	0	1	1.7863148892756622
157644.21269765156	2000.0	1885.6477370804998	0.0	0	0.0	2529.860434731905	1	0	1	1.7863148892756622
159182.5299408083	2000.0	1347.3304939237667	0.0	0	0.0	2529.860434731934	1	0	1	1.7863148892756586
159887.6111899849	2000.0	1642.249244747165	0.0	0	0.0	2529.860434731905	1	0	1	1.7863148892756622
160545.28164265043	2000.0	1984.5787920816354	0.0	0	0.0	2529.860434731905	1	0	1	1.7863148892756622
161246.7319098313	2000.0	2283.128524900784	0.0	0	0.0	2529.860434731905	1	0	1	1.7863148892756622
162200.0	2000.0	2329.860434732086	0.0	0	420.3295588523324	2529.860434731905	1	0	1	1.7863148892756622
163200.0	2000.0	2329.8604347320897	0.0	0	195.5350826891663	2529.860434731905	1	0	1	1.7863148892756622
164200.0	2000.0	2329.8604347321	0.0	0	395.8390618089761	2529.860434731905	1	0	1	1.7863148892756622
165200.0	2000.0	2329.860434732094	0.0	0	52.436738937482005	2529.860434731876	1	0	1	1.7863148892756655
166200.0	2000.0	2329.860434732081	0.0	0	281.3034501474467	2529.860434731847	1	0	1	1.7863148892756688
167200.0	2000.0	2329.86043473207	0.0	0	329.4353111695091	2529.860434731818	1	0	1	1.7863148892756722
168200.0	2000.0	2329.8604347320647	0.0	0	365.6516418469546	2529.860434731847	1	0	1	1.7863148892756688
169200.0	2000.0	2329.860434732064	0.0	0	516.2772610478278	2529.860434731818	1	0	1	1.7863148892756715
170200.0	2000.0	2329.8604347320716	0.0	0	313.954874098592	2529.860434731818	1	0	1	1.7863148892756722
171413.1873733615	3000.0	2116.6730613705677	0.0	0	0.0	2529.860434731818	1	0	1	1.7863148892756724
172200.0	3000.0	2329.860434732069	0.0	0	96.41136983965407	2529.860434731818	1	0	1	2.191779997383837
173367.8406070422	3000.0	2162.019827689854	0.0	0	0.0	2529.8604347317887	1	0	1	2.1917799973838408
174726.15320468333	3000.0	1803.7072300486966	0.0	0	0.0	2529.8604347317887	1	0	1	2.1917799973838408
175938.52999310315	3000.0	1591.3304416288893	0.0	0	0.0	2529.860434731818	1	0	1	2.191779997383837
176738.79681733914	3000.0	1791.0636173928715	0.0	0	0.0	2529.8604347317887	1	0	1	2.1917799973838408
177360.31645198056	3000.0	2169.5439827514715	0.0	0	0.0	2529.8604347317887	1	0	1	2.1917799973838408
178291.69935805548	3000.0	2238.16107667657	0.0	0	0.0	2529.8604347317887	1	0	1	2.1917799973838408
179200.0	3000.0	2329.860434732075	0.0	0	27.26008943110355	2529.8604347317887	1	0	1	2.1917799973838408
180200.0	3000.0	2329.860434732092	0.0	0	164.36825348783168	2529.860434731818	1	0	1	2.191779997383837
182552.0147646161	3000.0	977.845670115989	0.0	0	0.0	2529.860434731818	1	0	1	2.191779997383837
184358.54329987048	2000.0	210.260769249732	38.94363438811956	0	0.0	2568.804069119942	1	0	1	1.1425451146780665
185032.20059720246	2000.0	678.9941803242746	142.3907084064989	0	0.0	2711.1947775264853	1	0	1	0.9088372707771656
185950.74289680825	2000.0	760.4518807185177	0.0	0	0.0	2711.1947775264853	1	0	1	1.763181521216159
186513.9089178778	2000.0	1197.2858596489534	0.0	0	0.0	2711.194777526427	1	0	1	1.7631815212161637
187374.4275833784	2000.0	1336.7671941483827	0.0	0	0.0	2711.194777526456	1	0	1	1.7631815212161628
187809.05678776422	2000.0	1902.1379897625432	0.0	0	0.0	2711.194777526456	1	0	1	1.7631815212161628
188251.72645218132	2000.0	2459.4683253454755	0.0	0	0.0	2711.194777526456	1	0	1	1.7631815212161628
189200.0	2000.0	2511.1947775268295	0.0	0	500.0018222054059	2711.1947775264853	1	0	1	1.763181521216159
190200.0	2000.0	2511.194777526847	0.0	0	533.1772986532887	2711.1947775264853	1	0	1	1.763181521216159
191200.0	2000.0	2511.1947775268145	0.0	0	326.62242427645833	2711.194777526456	1	0	1	1.7631815212161628
192200.0	2000.0	2511.1947775268463	0.0	0	305.3033711864555	2711.194777526456	1	0	1	1.7631815212161628
193200.0	3000.0	2511.194777526836	0.0	0	201.04914636464673	2711.194777526427	1	0	1	1.763181521216167
194200.0	3000.0	2511.1947775268086	0.0	0	317.34498001859174	2711.194777526398	1	0	1	2.1686466293243356
195346.4524085878	3000.0	2364.742368939017	0.0	0	0.0	2711.194777526369	1	0	1	2.1686466293243396
196820.62500921576	3000.0	1890.5697683110477	0.0	0	0.0	2711.194777526398	1	0	1	2.1686466293243383
198086.8439070507	3000.0	1624.3508704760948	0.0	0	0.0	2711.194777526398	1	0	1	2.1686466293243356
199762.75937608982	3000.0	948.4354014369959	0.0	0	0.0	2711.194777526427	1	0	1	2.1686466293243316
201002.94691040713	2000.0	708.2478671196998	0.0	0	0.0	2711.194777526456	1	0	1	1.3577164131079982
202285.17896054508	2000.0	426.0158169817052	0.0	0	0.0	2711.194777526456	1	0	1	1.7631815212161628
203325.0530982639	2000.0	471.8616463996983	85.7199671367905	0	0.0	2796.914744663227	1	0	1	1.2364915382382535
203949.2980461573	2000.0	847.6166985062986	0.0	0	0.0	2796.914744663227	1	0	1	1.7508113410589965
204730.2948276897	2000.0	1066.619916973871	0.0	0	0.0	2796.914744663227	1	0	1	1.7508113410589965
206194.07226304885	2000.0	602.8424816147145	0.0	0	0.0	2796.914744663227	1	0	1	1.7508113410589965
207270.480278837	2000.0	526.4344658265925	0.0	0	0.0	2796.914744663227	1	0	1	1.7508113410589965
209012.78083780644	2000.0	232.86427219000393	448.7303653328609	0	0.0	3245.645109996054	1	0	1	-1.0221061386271313
209622.82474777335	1000.0	703.8612878505751	81.04092562746567	0	0.0	3326.686035623541	1	0	1	-0.22379553241393613
210138.06634793276	1000.0	1188.6196876911526	0.0	0	0.0	3326.686035623541	1	0	1	0.955597201910803
210970.64394124335	2000.0	1356.042094380546	0.0	0	0.0	3326.686035623541	1	0	1	0.955597201910803
211903.99177389801	2000.0	1422.6942617258965	0.0	0	0.0	3326.68603562357	1	0	1	1.6487443824707413
212678.9504076638	2000.0	1647.7356279600895	0.0	0	0.0	3326.68603562357	1	0	1	1.6487443824707413
213535.55548997852	2000.0	1791.130545645343	0.0	0	0.0	3326.68603562357	1	0	1	1.6487443824707413
214380.38485216151	2000.0	1946.3011834623258	0.0	0	0.0	3326.686035623541	1	0	1	1.6487443824707482
215258.32603661573	2000.0	2068.3599990081284	0.0	0	0.0	3326.686035623512	1	0	1	1.6487443824707553
215875.94650162265	2000.0	2450.739534001236	0.0	0	0.0	3326.686035623512	1	0	1	1.6487443824707553
216500.71930103956	2000.0	2825.9667345843213	0.0	0	0.0	3326.686035623483	1	0	1	1.6487443824707568
217200.0	2000.0	3126.686035623857	0.0	0	226.29366698890226	3326.686035623483	1	0	1	1.6487443824707624
218200.0	2000.0	3126.6860356238813	0.0	0	93.50968463916797	3326.686035623512	1	0	1	1.6487443824707553
219200.0	2000.0	3126.6860356239113	0.0	0	74.16407270811033	3326.686035623541	1	0	1	1.6487443824707482
220200.0	2000.0	3126.6860356239117	0.0	0	486.25164338655304	3326.686035623541	1	0	1	1.6487443824707482
221200.0	2000.0	3126.6860356239554	0.0	0	333.17266358507914	3326.686035623541	1	0	1	1.6487443824707482
222502.2941139766	3000.0	2824.3919216473755	0.0	0	0.0	3326.68603562357	1	0	1	1.6487443824707415
223475.54501899146	3000.0	2851.141016632516	0.0	0	0.0	3326.68603562357	1	0	1	2.054209490578906
224204.58458887495	3000.0	3122.101446749051	0.0	0	0.0	3326.68603562357	1	0	1	2.054209490578906
225200.0	3000.0	3126.6860356239927	0.0	0	179.21587972331326	3326.686035623541	1	0	1	2.0542094905789128
226200.0	3000.0	3126.6860356239677	0.0	0	437.96025481805555	3326.686035623541	1	0	1	2.0542094905789128
227289.49043779745	3000.0	3037.1955978265037	0.0	0	0.0	3326.686035623541	1	0	1	2.0542094905789128
230049.2802066238	3000.0	1277.4058290001185	0.0	0	0.0	3326.686035623541	1	0	1	2.0542094905789128
231206.3887543097	2000.0	1120.297281314241	0.0	0	0.0	3326.686035623541	1	0	1	1.2432792743625836
232052.19162509945	2000.0	1274.4944105244908	0.0	0	0.0	3326.686035623541	1	0	1	1.6487443824707482
232969.1408162862	2000.0	1357.545219337733	0.0	0	0.0	3326.686035623541	1	0	1	1.6487443824707482
234028.40350565827	2000.0	1192.3562610284594	0.0	0	0.0	3220.7597666863003	1	0	2	1.2674206621008182
234737.87732063862	2000.0	1411.9350645500597	0.0	0	0.0	3149.81238518827	1	0	2	1.4846438482733244
235739.0940343691	2000.0	1310.596679446545	0.0	0	0.0	3049.6907138152455	1	0	2	1.502940748716132
236712.40471713457	2000.0	1239.9549284045222	0.0	0	0.0	2952.3596455387014	1	0	2	1.5215664080286957
237726.46492189282	2000.0	1124.4887031704577	0.0	0	0.0	2850.953625062888	1	0	2	1.5376015847384954
238673.63275729577	2000.0	1082.6040842272082	0.0	0	0.0	2756.2368415225646	1	0	2	1.553173193294362
240107.56699950335	2000.0	505.2764177988282	0.0	0	0.0	2612.843417301774	1	0	2	1.5715994387181895
241014.8509292508	2000.0	507.2640950766463	0.0	0	0.0	2522.1150243270095	1	0	2	1.5843674870877182
242576.09671574333	2000.0	200.0	372.82388187740213	0	0.0	2776.0967157433333	1	0	2	-0.6751961957923045
243492.6394115377	1000.0	519.9983734588543	236.54106925322225	0	0.0	3012.6377849965647	1	0	1	-1.2905306297614025
244084.1041889448	1000.0	928.5335960517525	0.0	0	0.0	3012.6377849965356	1	0	1	1.0218629663178813
244718.585225556	1000.0	1294.0525594405394	0.0	0	0.0	3012.6377849965065	1	0	1	1.0218629663178866
245263.13853502137	1000.0	1749.4992499751686	0.0	0	0.0	3012.6377849964774	1	0	1	1.021862966317892
245727.9305390957	1000.0	2284.707245900836	0.0	0	0.0	3012.6377849964774	1	0	1	1.021862966317892
246365.41331163625	1000.0	2647.2244733602565	0.0	0	0.0	3012.6377849964774	1	0	1	1.021862966317892
247200.0	1000.0	2812.6377849965065	0.0	0	184.63413559252513	3012.6377849964774	1	0	1	1.021862966317892
248200.0	1000.0	2812.6377849964842	0.0	0	567.3154769480752	3012.6377849964483	1	0	1	1.021862966317897
249200.0	1000.0	2812.6377849965083	0.0	0	562.2628718605847	3012.6377849964774	1	0	1	1.021862966317892
250200.0	1000.0	2812.63778499654	0.0	0	534.0011083694117	3012.6377849964774	1	0	1	1.021862966317892
251200.0	1000.0	2812.637784996524	0.0	0	700.3174534938298	3012.6377849964774	1	0	1	1.021862966317892
252200.0	1000.0	2812.637784996532	0.0	0	499.4961363587645	3012.6377849964774	1	0	1	1.021862966317892
253200.0	2000.0	2812.637784996535	0.0	0	279.1018168620358	3012.6377849965065	1	0	1	1.0218629663178866
254200.0	2000.0	2812.637784996539	0.0	0	385.56929243166815	3012.6377849965356	1	0	1	1.7150101468778265
255200.0	2000.0	2812.63778499655	0.0	0	373.36050987645285	3012.6377849965647	1	0	1	1.7150101468778223
256200.0	2000.0	2812.637784996544	0.0	0	163.48135670178453	3012.637784996594	1	0	1	1.7150101468778156
257200.0	2000.0	2812.637784996587	0.0	0	194.40640899192658	3012.637784996594	1	0	1	1.7150101468778156
258200.0	2000.0	2812.637784996581	0.0	0	332.84593125310494	3012.6377849965647	1	0	1	1.7150101468778212
259200.0	2000.0	2812.6377849965993	0.0	0	573.9823833628034	3012.6377849965647	1	0	1	1.7150101468778212
260200.0	2000.0	2812.637784996622	0.0	0	496.5160916087916	3012.6377849965647	1	0	1	1.7150101468778212
261200.0	2000.0	2812.637784996595	0.0	0	658.1076045846567	3012.6377849965647	1	0	1	1.7150101468778212
262200.0	2000.0	2812.6377849966125	0.0	0	428.9625093661307	3012.6377849965647	1	0	1	1.7150101468778212
263369.6120657058	2000.0	2643.025719290751	0.0	0	0.0	3012.6377849965356	1	0	1	1.7150101468778265
264494.0737035645	2000.0	2518.5640814320645	0.0	0	0.0	3012.6377849965356	1	0	1	1.7150101468778254
265387.9058135212	2000.0	2624.731971475422	0.0	0	0.0	3012.6377849965356	1	0	1	1.7150101468778276
266200.0	2000.0	2812.6377849965843	0.0	0	107.85025571059668	3012.6377849965356	1	0	1	1.7150101468778265
267200.0	2000.0	2812.6377849966098	0.0	0	384.0233916887664	3012.6377849965356	1	0	1	1.7150101468778265
268200.0	2000.0	2812.637784996547	0.0	0	423.238198203966	3012.6377849964774	1	0	1	1.715010146877837
269200.0	2000.0	2812.6377849965256	0.0	0	470.740776225226	3012.6377849964774	1	0	1	1.715010146877837
270200.0	2000.0	2812.6377849964997	0.0	0	425.6028083008132	3012.6377849965356	1	0	1	1.7150101468778287
271200.0	2000.0	2812.637784996491	0.0	0	324.3762402276043	3012.6377849965356	1	0	1	1.7150101468778265
272482.55904639605	2000.0	2530.078738600427	0.0	0	0.0	3012.6377849965356	1	0	1	1.7150101468778265
273262.5424638737	2000.0	2750.095321122839	0.0	0	0.0	3012.637784996594	1	0	1	1.7150101468778156
274200.0	2000.0	2812.637784996519	0.0	0	80.02992007357534	3012.6377849965356	1	0	1	1.7150101468778265
275431.0803501248	2000.0	2581.5574348717214	0.0	0	0.0	3012.6377849965356	1	0	1	1.7150101468778265
276200.0	2000.0	2812.6377849965493	0.0	0	181.9829535591998	3012.6377849965356	1	0	1	1.7150101468778265
277200.0	2000.0	2812.637784996546	0.0	0	144.95881444902625	3012.6377849965356	1	0	1	1.7150101468778265
278412.878558975	2000.0	2599.759226021498	0.0	0	0.0	3012.637784996594	1	0	1	1.7150101468778156
279316.4692199569	2000.0	2696.1685650395766	0.0	0	0.0	3012.637784996594	1	0	1	1.7150101468778156
280200.0	2000.0	2812.637784996478	0.0	0	372.2527134772972	3012.637784996594	1	0	1	1.7150101468778156
281200.0	2000.0	2812.6377849965384	0.0	0	392.8323923322605	3012.637784996594	1	0	1	1.7150101468778156
282200.0	2000.0	2812.6377849965093	0.0	0	553.9495280955452	3012.6377849965356	1	0	1	1.7150101468778265
283200.0	2000.0	2812.6377849965274	0.0	0	512.499413958285	3012.6377849965356	1	0	1	1.7150101468778265
284200.0	2000.0	2812.63778499646	0.0	0	350.80267648230074	3012.6377849964774	1	0	1	1.715010146877837
285200.0	2000.0	2812.6377849964642	0.0	0	400.47478553833207	3012.637784996419	1	0	1	1.7150101468778456
286200.0	2000.0	2812.6377849964565	0.0	0	41.98326097545214	3012.637784996361	1	0	1	1.7150101468778582
287200.0	2000.0	2812.6377849964697	0.0	0	143.84894129051827	3012.637784996361	1	0	1	1.7150101468778582
288200.0	2000.0	2812.6377849964892	0.0	0	121.79583601932973	3012.637784996361	1	0	1	1.7150101468778582
289509.2824221324	3000.0	2503.3553628640084	0.0	0	0.0	3012.6377849962446	1	0	1	1.7150101468778711
290254.50984350767	3000.0	2758.127941488689	0.0	0	0.0	3012.6377849962446	1	0	1	2.120475254986044
291248.7173239545	3000.0	2763.9204610418183	0.0	0	0.0	3012.6377849962446	1	0	1	2.120475254986044
292200.0	2000.0	2812.637784996312	0.0	0	38.599146900116466	3012.6377849962446	1	0	1	1.309545038769715
293856.7425294309	2000.0	2155.895255565417	0.0	0	0.0	3012.6377849962446	1	0	1	1.7150101468778796
294718.6688333537	2000.0	2293.9689516426224	0.0	0	0.0	3012.6377849962446	1	0	1	1.7150101468778796
295572.0387302391	2000.0	2440.5990547572287	0.0	0	0.0	3012.6377849961864	1	0	1	1.7150101468778816
296538.7429968499	2000.0	2473.894788146411	0.0	0	0.0	3012.6377849961864	1	0	1	1.7150101468778902
297467.39163006336	2000.0	2545.2461549330183	0.0	0	0.0	3012.6377849961864	1	0	1	1.7150101468778902
298200.0	2000.0	2812.637784996358	0.0	0	192.72617210814497	3012.6377849961864	1	0	1	1.7150101468778902
299390.08262083837	2000.0	2622.5551641580123	0.0	0	0.0	3012.6377849961864	1	0	1	1.7150101468778902
300200.0	2000.0	2812.6377849963596	0.0	0	232.34854470466962	3012.6377849961864	1	0	1	1.7150101468778902
4.01	4.24	2.68	1.46	1.44	2.19	2.69	3.09	3.59	3.53	2.36	2.35	3.01	3.24	3.94	4.08	2.8	3.35	4.15	2.85	2.81	3.15	3.44	4.43	3.31	3.0	3.05	1.99	1.18	1.08	1.82	2.65	3.08	3.06	3.74	4.81	3.21	2.88	3.27	4.08	4.04	1.81	2.54	2.7	2.72	1.53	1.93	1.92	2.11	2.5	2.88	2.4	1.27	1.52	1.27	1.8	2.49	2.32	2.44	3.15	2.58	2.5	3.56	4.08	2.28	2.83	3.74	4.47	2.66	2.59	3.51	4.33	4.74	2.65	0.88	1.09	1.74	2.71	2.8	2.1	2.15	2.42	2.4	2.77	1.97	1.82	1.92	1.96	1.4	1.22	1.76	1.83	1.76	2.09	2.4	2.35	2.98	2.51	2.29	2.83	2.94	2.12	2.27	2.57	3.41	4.19	5.12	5.31	2.66	1.68	1.4	2.02	2.77	3.63	4.63	4.96	3.42	2.39	1.73	2.33	2.48	1.81	2.65	2.17	1.98	2.94	3.93	4.67	5.55	2.84	2.8	2.41	2.87	2.49	3.15	3.05	3.7	2.69	1.55	1.46	2.13	2.5	1.9	2.73	2.83	1.68	2.9	2.44	3.28	3.13	4.01	4.24	2.68	1.46	1.44	2.19	2.69	3.09	3.59	3.53	2.36	2.35	3.01	3.24	3.94	4.08	2.8	3.35	4.15	2.85	2.81	3.15	3.44	4.43	3.31	3.0	3.05	1.99	1.18	1.08	1.82	2.65	3.08	3.06	3.74	4.81	3.21	2.88	3.27	4.08	4.04	1.81	2.54	2.7	2.72	1.53	1.93	1.92	2.11	2.5	2.88	2.4	1.27	1.52	1.27	1.8	2.49	2.32	2.44	3.15	2.58	2.5	3.56	4.08	2.28	2.83	3.74	4.47	2.66	2.59	3.51	4.33	4.74	2.65	0.88	1.09	1.74	2.71	2.8	2.1	2.15	2.42	2.4	2.77	1.97	1.82	1.92	1.96	1.4	1.22	1.76	1.83	1.76	2.09	2.4	2.35	2.98	2.51	2.29	2.83	2.94	2.12	2.27	2.57	3.41	4.19	5.12	5.31	2.66	1.68	1.4	2.02	2.77	3.63	4.63	4.96	3.42	2.39	1.73	2.33	2.48	1.81	2.65	2.17	1.98	2.94	3.93	4.67	5.55	2.84	2.8	2.41	2.87	2.49	3.15	3.05	3.7	2.69	1.55	1.46	2.13	2.5	1.9	2.73	2.83	1.68	2.9	2.44	3.28	3.13	4.01
1.0	2.0	3.0	4.0	5.0	6.0	7.0	8.0	9.0	10.0	11.0	12.0	13.0	14.0	15.0	16.0	17.0	18.0	19.0	20.0	21.0	22.0	23.0	24.0	25.0	26.0	27.0	28.0	29.0	30.0	31.0	32.0	33.0	34.0	35.0	36.0	37.0	38.0	39.0	40.0	41.0	42.0	43.0	44.0	45.0	46.0	47.0	48.0	49.0	50.0	51.0	52.0	53.0	54.0	55.0	56.0	57.0	58.0	59.0	60.0	61.0	62.0	63.0	64.0	65.0	66.0	67.0	68.0	69.0	70.0	71.0	72.0	73.0	74.0	75.0	76.0	77.0	78.0	79.0	80.0	81.0	82.0	83.0	84.0	85.0	86.0	87.0	88.0	89.0	90.0	91.0	92.0	93.0	94.0	95.0	96.0	97.0	98.0	99.0	100.0	101.0	102.0	103.0	104.0	105.0	106.0	107.0	108.0	109.0	110.0	111.0	112.0	113.0	114.0	115.0	116.0	117.0	118.0	119.0	120.0	121.0	122.0	123.0	124.0	125.0	126.0	127.0	128.0	129.0	130.0	131.0	132.0	133.0	134.0	135.0	136.0	137.0	138.0	139.0	140.0	141.0	142.0	143.0	144.0	145.0	146.0	147.0	148.0	149.0	149.0	150.0	151.0	152.0	153.0	154.0	155.0	156.0	157.0	158.0	159.0	160.0	161.0	162.0	163.0	164.0	165.0	166.0	167.0	168.0	169.0	170.0	171.0	172.0	173.0	174.0	175.0	176.0	177.0	178.0	179.0	180.0	181.0	182.0	183.0	184.0	185.0	186.0	187.0	188.0	189.0	190.0	191.0	192.0	193.0	194.0	195.0	196.0	197.0	198.0	199.0	200.0	201.0	202.0	203.0	204.0	205.0	206.0	207.0	208.0	209.0	210.0	211.0	212.0	213.0	214.0	215.0	216.0	217.0	218.0	219.0	220.0	221.0	222.0	223.0	224.0	225.0	226.0	227.0	228.0	229.0	230.0	231.0	232.0	233.0	234.0	235.0	236.0	237.0	238.0	239.0	240.0	241.0	242.0	243.0	244.0	245.0	246.0	247.0	248.0	249.0	250.0	251.0	252.0	253.0	254.0	255.0	256.0	257.0	258.0	259.0	260.0	261.0	262.0	263.0	264.0	265.0	266.0	267.0	268.0	269.0	270.0	271.0	272.0	273.0	274.0	275.0	276.0	277.0	278.0	279.0	280.0	281.0	282.0	283.0	284.0	285.0	286.0	287.0	288.0	289.0	290.0	291.0	292.0	293.0	294.0	295.0	296.0	297.0	298.0	298.0	299.0
4498.299735368628
