5458.5667520290235	300.0	2000.0	212.9335823315272	0	0.0	5458.5667520290235	1	0	1	-2.6953514276636015
5664.973628040193	300.0	2772.9524363877144	0.0	0	0.0	5437.9260644279075	1	0	2	-1.8464612016687894
5946.999859738932	500.0	3462.723581519102	0.0	0	0.0	5409.723441258034	1	0	2	-1.6224834497165417
6235.438173721032	500.0	4145.441436138792	0.0	0	0.0	5380.879609859823	1	0	2	-1.085232935704943
6422.890713639254	500.0	4939.243642228749	0.0	0	0.0	5362.134355868002	1	0	2	-1.0658751048109096
7200.0	500.0	5084.423427231927	0.0	0	524.7459879368016	5284.423427231926	1	0	2	-1.0255839554419022
8200.0	500.0	4984.423427231927	0.0	0	773.8290626445751	5184.423427231926	1	0	2	-0.9405075421687941
9200.0	1000.0	4884.423427231925	0.0	0	705.0363441121735	5084.423427231924	1	0	2	-0.8558016875854534
10200.0	1000.0	4784.423427231926	0.0	0	334.33393202350635	4984.4234272319245	1	0	2	-0.07871396887239812
11200.0	2000.0	4684.423427231925	0.0	0	28.71633752371781	4884.423427231924	1	0	2	0.007366673635705423
12200.0	2000.0	4584.4234272319245	0.0	0	334.4128917651833	4784.423427231923	1	0	2	0.7651017080154299
13200.0	2000.0	4484.4234272319245	0.0	0	286.08879955419616	4684.423427231923	1	0	2	0.8362960620268416
14215.50221352578	2000.0	4367.370992353565	0.0	0	0.0	4582.873205879341	1	0	2	0.9091353054204713
15200.0	2000.0	4284.4234272319245	0.0	0	275.48021368115224	4484.423427231917	1	0	2	0.9649441837899946
16410.235855126906	2000.0	3953.1639865923235	0.0	0	0.0	4363.399841719225	1	0	2	1.0389397823398228
17204.66149176453	2000.0	4079.2957862909393	0.0	0	0.0	4283.957278055468	1	0	2	1.0857724748127129
18609.23896988764	2000.0	3534.2605603555166	0.0	0	0.0	4143.499530243156	1	0	2	1.1491644327690282
19394.32326315933	2000.0	3670.667837756656	0.0	0	0.0	4064.991100915984	1	0	2	1.1935530029666461
20442.491385356167	2000.0	3517.682903340137	0.0	0	0.0	3960.1742886963	1	0	2	1.235193161225476
21612.988086354544	2000.0	3230.1365322419233	0.0	0	0.0	3843.124618596463	1	0	2	1.2808959139573837
22784.86602169975	2000.0	2941.070803362196	0.0	0	0.0	3725.936825061941	1	0	2	1.323302561799764
23841.721549795082	2000.0	2778.5297224573324	0.0	0	0.0	3620.251272252408	1	0	2	1.3590952029344683
24603.995142071686	2000.0	2940.0287709530644	0.0	0	0.0	3544.0239130247464	1	0	2	1.3848560978476048
25439.943875349025	2000.0	3020.485164347995	0.0	0	0.0	3460.4290396970173	1	0	2	1.408633279714243
27059.215904305973	2000.0	2239.285932495349	0.0	0	0.0	3298.501836801315	1	0	2	1.4446618555451396
27584.914248034096	1000.0	2661.017754394412	0.0	0	0.0	3245.932002428508	1	0	2	0.07823914108934013
28200.0	1000.0	2984.4234272319154	0.0	0	191.00285685835115	3184.4234272319154	1	0	2	0.7827239605273735
29200.0	1000.0	2884.4234272319122	0.0	0	514.2307660899169	3084.423427231908	1	0	2	0.8004534441493311
30200.0	1000.0	2784.4234272319086	0.0	0	89.45786314092766	2984.4234272319045	1	0	2	0.8221313570725601
31200.0	1000.0	2684.4234272319077	0.0	0	288.4257190021308	2884.423427231901	1	0	2	0.8380347522032999
32200.0	1000.0	2584.4234272319086	0.0	0	594.5927008867548	2784.423427231901	1	0	2	0.8534311298392228
33200.0	1000.0	2484.4234272319068	0.0	0	566.1229999517964	2684.423427231901	1	0	2	0.8681873643815851
34200.0	1000.0	2384.423427231909	0.0	0	437.31677317116555	2584.423427231901	1	0	2	0.8817635535091728
35200.0	1000.0	2284.4234272319068	0.0	0	670.8413360476188	2484.4234272318936	1	0	2	0.8937587179120577
36200.0	1000.0	2184.4234272319127	0.0	0	598.3488277745855	2384.423427231901	1	0	2	0.9049175545765904
37200.0	2000.0	2084.4234272319172	0.0	0	332.9098959596013	2284.423427231908	1	0	2	0.9152596356216325
38200.0	2000.0	1984.4234272319186	0.0	0	278.39430027475464	2184.423427231908	1	0	2	1.6175924637644812
39200.0	2000.0	1884.4234272319159	0.0	0	171.4466017298546	2084.423427231901	1	0	2	1.6262691864902805
40200.0	2000.0	1784.4234272319163	0.0	0	72.97314072875452	1984.4234272319009	1	0	2	1.6340476991815132
41200.0	2000.0	1684.423427231919	0.0	0	212.48633475801762	1884.4234272319081	1	0	2	1.6405351948470979
42200.0	2000.0	1584.4234272319177	0.0	0	141.10868629486504	1784.4234272319081	1	0	2	1.646723174149877
43636.854009730974	2000.0	1003.8840165278565	0.0	0	0.0	1640.7380262588194	1	0	2	1.654716644453743
44380.35347854908	2000.0	1260.3845477097548	0.0	0	0.0	1640.7380262588194	1	0	1	1.656505044333285
45200.0	2000.0	1440.7380262588363	0.0	0	55.851078917854466	1640.7380262588194	1	0	1	1.8565050443332851
46200.0	2000.0	1440.738026258833	0.0	0	148.55502181112388	1640.7380262588194	1	0	1	1.8565050443332851
47200.0	2000.0	1440.7380262588283	0.0	0	186.31228220871708	1640.7380262588122	1	0	1	1.8565050443332853
48200.0	2000.0	1440.7380262588342	0.0	0	31.406816423492273	1640.7380262588122	1	0	1	1.8565050443332853
49200.0	2000.0	1440.738026258827	0.0	0	149.42810876508156	1640.7380262588122	1	0	1	1.8565050443332853
50200.0	2000.0	1440.7380262588242	0.0	0	105.33975549144088	1640.7380262588194	1	0	1	1.8565050443332851
51200.0	2000.0	1440.7380262588206	0.0	0	413.14368426484	1640.7380262588267	1	0	1	1.856505044333285
52200.0	2000.0	1440.7380262588129	0.0	0	156.7824129585424	1640.7380262588267	1	0	1	1.856505044333285
53253.779367883	2000.0	1386.9586583758057	0.0	0	0.0	1640.7380262588267	1	0	1	1.856505044333285
54200.0	2000.0	1440.738026258808	0.0	0	313.0662007754145	1640.738026258834	1	0	1	1.8565050443332842
55200.0	2000.0	1440.7380262588072	0.0	0	464.35854271702556	1640.738026258834	1	0	1	1.8565050443332842
56354.5889745351	2000.0	1286.1490517237	0.0	0	0.0	1640.738026258834	1	0	1	1.8565050443332842
57200.0	2000.0	1440.738026258806	0.0	0	50.15662961870839	1640.738026258834	1	0	1	1.8565050443332842
58200.0	2000.0	1440.7380262588053	0.0	0	378.5179320305324	1640.7380262588267	1	0	1	1.856505044333285
59200.0	2000.0	1440.7380262588053	0.0	0	442.29387214477174	1640.7380262588267	1	0	1	1.856505044333285
60200.0	2000.0	1440.7380262588122	0.0	0	200.57576133583643	1640.738026258834	1	0	1	1.8565050443332842
61200.0	2000.0	1440.7380262588167	0.0	0	54.557355283199286	1640.738026258834	1	0	1	1.8565050443332842
62306.58467744897	2000.0	1334.1533488098464	0.0	0	0.0	1640.7380262588267	1	0	1	1.856505044333285
63200.0	2000.0	1440.7380262588104	0.0	0	113.87951309514028	1640.7380262588267	1	0	1	1.856505044333285
64200.0	2000.0	1440.7380262588163	0.0	0	430.8225281485793	1640.7380262588267	1	0	1	1.856505044333285
65200.0	2000.0	1440.7380262588213	0.0	0	1.9660700507156434	1640.7380262588194	1	0	1	1.8565050443332851
66336.36711092043	2000.0	1304.3709153383911	0.0	0	0.0	1640.7380262588267	1	0	1	1.856505044333285
67891.89288689416	2000.0	748.8451393646858	0.0	0	0.0	1640.7380262588413	1	0	1	1.856505044333284
68919.36720100117	2000.0	721.3708252576694	0.0	0	0.0	1640.7380262588267	1	0	1	1.856505044333285
69759.68742387339	2000.0	881.0506023854615	0.0	0	0.0	1640.7380262588267	1	0	1	1.856505044333285
70545.74586797495	2000.0	1094.9921582838774	0.0	0	0.0	1640.7380262588267	1	0	1	1.856505044333285
71200.0	2000.0	1440.738026258813	0.0	0	133.45800965813396	1640.7380262588122	1	0	1	1.8565050443332853
72200.0	2000.0	1440.738026258829	0.0	0	325.2335694084031	1640.7380262588267	1	0	1	1.856505044333285
73200.0	2000.0	1440.738026258823	0.0	0	552.389743448337	1640.7380262588122	1	0	1	1.8565050443332853
74200.0	2000.0	1440.7380262588306	0.0	0	117.74918666844314	1640.7380262588122	1	0	1	1.8565050443332853
75200.0	2000.0	1440.7380262588338	0.0	0	302.1062963715085	1640.7380262588267	1	0	1	1.856505044333285
76200.0	2000.0	1440.7380262588356	0.0	0	178.64957849560597	1640.7380262588267	1	0	1	1.856505044333285
77200.0	2000.0	1440.7380262588322	0.0	0	427.5738009153865	1640.7380262588122	1	0	1	1.8565050443332853
78200.0	2000.0	1440.7380262588335	0.0	0	413.0892735937814	1640.7380262588122	1	0	1	1.8565050443332853
79200.0	2000.0	1440.7380262588263	0.0	0	545.4094104134856	1640.7380262588122	1	0	1	1.8565050443332853
80200.0	3000.0	1440.7380262588301	0.0	0	346.8743491466739	1640.7380262588122	1	0	1	1.8565050443332856
81200.0	3000.0	1440.7380262588251	0.0	0	299.9466632482072	1640.7380262588122	1	0	1	2.26197015244145
82200.0	3000.0	1440.73802625883	0.0	0	192.81067625124706	1640.7380262588122	1	0	1	2.26197015244145
83200.0	3000.0	1440.7380262588204	0.0	0	472.43610881602217	1640.7380262588122	1	0	1	2.26197015244145
84200.0	3000.0	1440.738026258829	0.0	0	205.02751341668773	1640.7380262588122	1	0	1	2.26197015244145
85629.47182383192	3000.0	1011.2662024269016	0.0	0	0.0	1640.7380262587976	1	0	1	2.261970152441451
88715.76060194997	3000.0	200.0	1275.022575691152	0	0.0	2915.7606019499653	1	0	1	-5.472377355026145
89649.34807031564	2000.0	599.0646077086787	332.65207607435315	0	0.0	3248.412678024324	1	0	1	-0.7343553540949127
90285.32827406396	2000.0	963.0844039603667	0.0	0	0.0	3248.412678024324	1	0	1	1.6670222104593706
91066.2441693613	2000.0	1182.1685086630177	0.0	0	0.0	3248.412678024324	1	0	1	1.6670222104593706
91755.37019085807	2000.0	1493.0424871662224	0.0	0	0.0	3248.412678024324	1	0	1	1.6670222104593706
92317.34294193753	2000.0	1931.0697360867587	0.0	0	0.0	3248.412678024324	1	0	1	1.6670222104593706
93263.75523645646	2000.0	1984.657441567809	0.0	0	0.0	3248.412678024324	1	0	1	1.6670222104593706
94455.08368090075	2000.0	1793.3289971235215	0.0	0	0.0	3248.412678024324	1	0	1	1.6670222104593706
95397.1867228406	2000.0	1851.2259551836687	0.0	0	0.0	3248.412678024324	1	0	1	1.6670222104593706
96171.33334163463	2000.0	2077.079336389628	0.0	0	0.0	3248.412678024324	1	0	1	1.6670222104593706
96697.94325368399	2000.0	2550.469424340271	0.0	0	0.0	3248.412678024324	1	0	1	1.6670222104593706
97344.10468436936	2000.0	2904.3079936549066	0.0	0	0.0	3248.412678024324	1	0	1	1.6670222104593706
98200.0	2000.0	3048.412678024248	0.0	0	310.5180090586946	3248.412678024324	1	0	1	1.6670222104593706
99200.0	2000.0	3048.41267802426	0.0	0	333.5419069135678	3248.412678024324	1	0	1	1.6670222104593706
100200.0	2000.0	3048.4126780242646	0.0	0	311.63394183211494	3248.412678024324	1	0	1	1.6670222104593706
101200.0	2000.0	3048.412678024265	0.0	0	391.6729143541452	3248.412678024324	1	0	1	1.6670222104593706
102200.0	2000.0	3048.4126780242505	0.0	0	100.24400582010276	3248.412678024324	1	0	1	1.6670222104593706
103200.0	2000.0	3048.4126780242646	0.0	0	70.32068236035411	3248.412678024324	1	0	1	1.6670222104593706
104464.67785227712	2000.0	2783.7348257471476	0.0	0	0.0	3248.4126780243387	1	0	1	1.6670222104593675
105308.24044689702	2000.0	2940.172231127238	0.0	0	0.0	3248.4126780243387	1	0	1	1.6670222104593675
106374.04701425397	2000.0	2874.3656637702816	0.0	0	0.0	3248.4126780243387	1	0	1	1.6670222104593675
107200.0	2000.0	3048.412678024247	0.0	0	194.9834781831887	3248.4126780243387	1	0	1	1.6670222104593675
108200.0	2000.0	3048.412678024238	0.0	0	324.4097959674691	3248.4126780243387	1	0	1	1.6670222104593675
109200.0	2000.0	3048.412678024242	0.0	0	215.92825563384395	3248.4126780243387	1	0	1	1.6670222104593675
110200.0	2000.0	3048.4126780242377	0.0	0	85.54607502072759	3248.4126780243387	1	0	1	1.6670222104593675
111200.0	2000.0	3048.41267802424	0.0	0	192.9026029627712	3248.4126780243387	1	0	1	1.6670222104593675
112200.0	2000.0	3048.4126780242436	0.0	0	298.0249971498415	3248.4126780243387	1	0	1	1.6670222104593675
113200.0	2000.0	3048.4126780242354	0.0	0	208.59634827780246	3248.4126780243387	1	0	1	1.6670222104593675
114268.94394085967	2000.0	2979.4687371645705	0.0	0	0.0	3248.4126780243387	1	0	1	1.6670222104593675
115452.77009536812	2000.0	2795.6425826561367	0.0	0	0.0	3248.4126780243387	1	0	1	1.6670222104593675
116547.34969588617	2000.0	2701.0629821380994	0.0	0	0.0	3248.4126780243387	1	0	1	1.6670222104593675
117352.8340117401	2000.0	2895.5786662841606	0.0	0	0.0	3248.4126780243387	1	0	1	1.6670222104593675
118200.0	2000.0	3048.412678024246	0.0	0	65.925517299489	3248.4126780243387	1	0	1	1.6670222104593675
119585.85695217652	2000.0	2662.555725847731	0.0	0	0.0	3248.4126780243387	1	0	1	1.6670222104593675
120470.91774840944	2000.0	2777.4949296147943	0.0	0	0.0	3248.412678024324	1	0	1	1.6670222104593706
122055.25558015624	2000.0	2193.157097867984	0.0	0	0.0	3248.412678024324	1	0	1	1.6670222104593706
123643.31740173438	2000.0	1605.0952762898435	0.0	0	0.0	3248.412678024324	1	0	1	1.6670222104593706
124793.37658414996	2000.0	1455.0360938742785	0.0	0	0.0	3248.412678024324	1	0	1	1.6670222104593706
125230.13103420548	1000.0	2018.2816438187651	0.0	0	0.0	3248.412678024324	1	0	1	0.28072784933948036
125870.39160926992	2000.0	2378.0210687543286	0.0	0	0.0	3248.412678024324	1	0	1	0.9738750298994255
126464.26888864848	2000.0	2784.1437893757575	0.0	0	0.0	3248.412678024324	1	0	1	1.6670222104593706
127249.31383596246	2000.0	2999.098842061772	0.0	0	0.0	3248.4126780243096	1	0	1	1.6670222104593742
128200.0	2000.0	3048.4126780242195	0.0	0	464.9805479281349	3248.4126780243096	1	0	1	1.6670222104593742
129200.0	2000.0	3048.4126780242264	0.0	0	274.52055335385376	3248.412678024324	1	0	1	1.6670222104593733
130200.0	2000.0	3048.4126780242245	0.0	0	388.63917019772634	3248.412678024324	1	0	1	1.6670222104593706
131200.0	2000.0	3048.412678024222	0.0	0	578.1738193203928	3248.412678024324	1	0	1	1.6670222104593706
132200.0	2000.0	3048.4126780241927	0.0	0	338.8993880917842	3248.412678024295	1	0	1	1.667022210459375
133200.0	2000.0	3048.412678024217	0.0	0	364.6775065898837	3248.412678024295	1	0	1	1.6670222104593773
135385.79058908613	3000.0	1862.6220889380656	0.0	0	0.0	3248.412678024324	1	0	1	1.6670222104593746
136529.553256287	2000.0	1718.8594217371817	0.0	0	0.0	3248.412678024324	1	0	1	1.261557102351206
137613.5485716933	2000.0	1634.864106330918	0.0	0	0.0	3248.412678024324	1	0	1	1.6670222104593706
138792.47717735075	2000.0	1455.9355006734665	0.0	0	0.0	3248.412678024324	1	0	1	1.6670222104593706
139739.821499305	2000.0	1508.5911787191988	0.0	0	0.0	3248.412678024295	1	0	1	1.6670222104593773
141052.1425828875	2000.0	1196.2700951367185	0.0	0	0.0	3248.412678024295	1	0	1	1.6670222104593773
142182.85230596198	2000.0	1065.5603720622435	0.0	0	0.0	3248.412678024295	1	0	1	1.6670222104593773
142934.62226709462	2000.0	1313.7904109296376	0.0	0	0.0	3248.412678024324	1	0	1	1.6670222104593706
143641.09993424875	2000.0	1607.3127437754742	0.0	0	0.0	3248.412678024295	1	0	1	1.6670222104593773
144233.50020572534	2000.0	2014.9124722989109	0.0	0	0.0	3248.412678024324	1	0	1	1.6670222104593706
144856.26486370704	2000.0	2392.14781431724	0.0	0	0.0	3248.412678024324	1	0	1	1.6670222104593706
145269.55987233075	2000.0	2978.8528056935056	0.0	0	0.0	3248.412678024324	1	0	1	1.6670222104593706
146200.0	2000.0	3048.41267802429	0.0	0	441.64169202462654	3248.412678024324	1	0	1	1.6670222104593706
147200.0	2000.0	3048.412678024259	0.0	0	368.6016050337057	3248.412678024324	1	0	1	1.6670222104593706
148200.0	2000.0	3048.4126780242323	0.0	0	506.33689483840135	3248.412678024324	1	0	1	1.6670222104593706
149200.0	2000.0	3048.4126780242414	0.0	0	613.0482626970042	3248.412678024324	1	0	1	1.6670222104593706
150200.0	3000.0	3048.4126780242605	0.0	0	148.5644621080719	3248.412678024353	1	0	1	1.6670222104593642
151548.29172989234	3000.0	2700.1209481319083	0.0	0	0.0	3248.412678024353	1	0	1	2.072487318567529
153133.584634391	3000.0	2114.828043633246	0.0	0	0.0	3248.4126780243823	1	0	1	2.0724873185675223
154047.2480367712	3000.0	2201.1646412530417	0.0	0	0.0	3248.4126780243823	1	0	1	2.0724873185675223
155489.54306801685	3000.0	1758.869610007394	0.0	0	0.0	3248.4126780243823	1	0	1	2.0724873185675223
156405.84259014312	3000.0	1842.5700878811253	0.0	0	0.0	3248.4126780243823	1	0	1	2.0724873185675223
156917.2970143821	2000.0	2331.1156636421547	0.0	0	0.0	3248.4126780243823	1	0	1	1.2615571023511927
157527.50380093482	2000.0	2720.908877089416	0.0	0	0.0	3248.4126780243823	1	0	1	1.6670222104593573
158200.0	2000.0	3048.412678024262	0.0	0	141.01091416215058	3248.4126780243823	1	0	1	1.6670222104593573
159342.31524760046	2000.0	2906.097430423811	0.0	0	0.0	3248.4126780243823	1	0	1	1.6670222104593573
160518.88852197994	2000.0	2729.524156044321	0.0	0	0.0	3248.4126780243823	1	0	1	1.6670222104593573
161351.37167271817	2000.0	2897.0410053061046	0.0	0	0.0	3248.412678024353	1	0	1	1.667022210459364
162200.0	2000.0	3048.4126780242873	0.0	0	179.09284001553897	3248.4126780243823	1	0	1	1.6670222104593573
163200.0	2000.0	3048.41267802428	0.0	0	109.46376619997318	3248.4126780243823	1	0	1	1.6670222104593573
164200.0	2000.0	3048.412678024269	0.0	0	107.9835906556109	3248.4126780243823	1	0	1	1.6670222104593573
165336.13452932096	2000.0	2912.278148703328	0.0	0	0.0	3248.4126780243823	1	0	1	1.6670222104593573
166200.0	2000.0	3048.412678024259	0.0	0	24.004469887644518	3248.4126780244114	1	0	1	1.667022210459355
167733.47316077477	2000.0	2514.939517249455	0.0	0	0.0	3248.4126780244114	1	0	1	1.667022210459351
168878.79190870488	2000.0	2369.620769319379	0.0	0	0.0	3248.4126780244114	1	0	1	1.667022210459351
170132.6264434054	2000.0	2115.7862346188385	0.0	0	0.0	3248.4126780243823	1	0	1	1.6670222104593524
171097.98843723728	2000.0	2150.424240786945	0.0	0	0.0	3248.4126780244114	1	0	1	1.6670222104593562
172103.27116177836	2000.0	2145.1415162458356	0.0	0	0.0	3248.4126780244114	1	0	1	1.6670222104593562
173043.14709069012	2000.0	2205.2655873340773	0.0	0	0.0	3248.4126780243823	1	0	1	1.6670222104593573
173902.3497117937	2000.0	2346.0629662305196	0.0	0	0.0	3248.412678024353	1	0	1	1.667022210459364
175006.07822908362	2000.0	2242.3344489406	0.0	0	0.0	3248.412678024353	1	0	1	1.667022210459364
176651.12394430008	2000.0	1597.2887337241361	0.0	0	0.0	3248.412678024353	1	0	1	1.667022210459364
177881.94586643355	2000.0	1366.4668115906434	0.0	0	0.0	3248.412678024324	1	0	1	1.6670222104593706
179237.93407632146	2000.0	1010.4786017027474	0.0	0	0.0	3248.412678024324	1	0	1	1.6670222104593706
179824.97445775085	1000.0	1423.4382202733466	0.0	0	0.0	3248.412678024324	1	0	1	0.28072784933948036
180436.3549082589	1000.0	1812.0577697652775	0.0	0	0.0	3248.412678024295	1	0	1	0.9738750298994321
180809.92440429959	1000.0	2438.488273724595	0.0	0	0.0	3248.412678024295	1	0	1	0.9738750298994321
181200.0	1000.0	3048.412678024188	0.0	0	38.538958645716775	3248.412678024266	1	0	1	0.9738750298994387
182200.0	1000.0	3048.412678024194	0.0	0	558.3797890644928	3248.412678024295	1	0	1	0.9738750298994374
183200.0	1000.0	3048.412678024182	0.0	0	559.8135866776283	3248.412678024266	1	0	1	0.9738750298994334
184200.0	1000.0	3048.412678024203	0.0	0	563.7683227359084	3248.412678024266	1	0	1	0.9738750298994387
185200.0	2000.0	3048.412678024199	0.0	0	491.70637912876555	3248.412678024237	1	0	1	0.9738750298994452
186200.0	2000.0	3048.412678024183	0.0	0	558.0605280784657	3248.412678024237	1	0	1	1.6670222104593904
187200.0	2000.0	3048.4126780241595	0.0	0	116.23880754361744	3248.412678024237	1	0	1	1.6670222104593904
188200.0	2000.0	3048.4126780241513	0.0	0	161.39117847857415	3248.412678024237	1	0	1	1.6670222104593904
189298.04586313578	2000.0	2950.366814888355	0.0	0	0.0	3248.412678024237	1	0	1	1.6670222104593904
190200.0	2000.0	3048.412678024124	0.0	0	262.38872710155556	3248.412678024237	1	0	1	1.6670222104593904
191226.369062307	2000.0	3022.043615717128	0.0	0	0.0	3248.412678024237	1	0	1	1.6670222104593904
192672.4365835537	2000.0	2575.976094470439	0.0	0	0.0	3248.412678024266	1	0	1	1.667022210459385
193456.03663334972	2000.0	2792.376044674396	0.0	0	0.0	3248.412678024266	1	0	1	1.6670222104593837
194200.0	2000.0	3048.412678024104	0.0	0	46.16817045750213	3248.412678024295	1	0	1	1.6670222104593813
195200.0	2000.0	3048.412678024114	0.0	0	135.51600544157554	3248.412678024295	1	0	1	1.6670222104593773
196323.70543064823	2000.0	2924.7072473758726	0.0	0	0.0	3248.412678024295	1	0	1	1.6670222104593773
197257.1399368143	2000.0	2991.2727412098047	0.0	0	0.0	3248.412678024266	1	0	1	1.6670222104593837
198275.8782704542	2000.0	2972.5344075698868	0.0	0	0.0	3248.412678024266	1	0	1	1.6670222104593837
199200.0	2000.0	3048.4126780241063	0.0	0	93.53704254949116	3248.412678024266	1	0	1	1.6670222104593837
200200.0	2000.0	3048.412678024113	0.0	0	247.75839159506722	3248.412678024237	1	0	1	1.6670222104593904
201220.07324946264	2000.0	3028.3394285614736	0.0	0	0.0	3248.412678024266	1	0	1	1.6670222104593837
202200.0	2000.0	3048.4126780241168	0.0	0	313.83287479076535	3248.412678024237	1	0	1	1.667022210459385
203200.0	2000.0	3048.4126780241104	0.0	0	467.57200639587245	3248.4126780242077	1	0	1	1.6670222104593968
204200.0	2000.0	3048.412678024105	0.0	0	460.26593393064104	3248.412678024237	1	0	1	1.6670222104593904
205200.0	2000.0	3048.4126780240927	0.0	0	100.642880828731	3248.412678024237	1	0	1	1.6670222104593904
206200.0	2000.0	3048.4126780241218	0.0	0	9.93245794691029	3248.412678024237	1	0	1	1.6670222104593904
207200.0	2000.0	3048.4126780241377	0.0	0	497.66862886369927	3248.412678024237	1	0	1	1.6670222104593904
208200.0	2000.0	3048.4126780241604	0.0	0	305.9544580007205	3248.412678024266	1	0	1	1.6670222104593837
209200.0	2000.0	3048.4126780241236	0.0	0	453.8277757705655	3248.412678024237	1	0	1	1.6670222104593904
210200.0	2000.0	3048.4126780241454	0.0	0	389.63341384974774	3248.412678024237	1	0	1	1.6670222104593904
211200.0	2000.0	3048.412678024142	0.0	0	43.344945643650135	3248.412678024237	1	0	1	1.6670222104593904
212288.33217650358	2000.0	2960.080501520591	0.0	0	0.0	3248.412678024237	1	0	1	1.6670222104593904
213200.0	2000.0	3048.412678024174	0.0	0	118.42293814764707	3248.412678024237	1	0	1	1.6670222104593904
214200.0	2000.0	3048.412678024224	0.0	0	60.8073995304876	3248.412678024237	1	0	1	1.6670222104593904
215200.0	2000.0	3048.412678024207	0.0	0	265.457660731714	3248.412678024237	1	0	1	1.6670222104593904
216916.84866601342	2000.0	2331.5640120107673	0.0	0	0.0	3248.412678024237	1	0	1	1.6670222104593904
218022.93972285924	2000.0	2225.4729551649452	0.0	0	0.0	3248.412678024237	1	0	1	1.6670222104593904
218971.3345948795	2000.0	2277.078083144705	0.0	0	0.0	3248.412678024266	1	0	1	1.6670222104593837
219596.7253677315	2000.0	2651.6873102927157	0.0	0	0.0	3248.412678024266	1	0	1	1.6670222104593837
220247.91307713918	2000.0	3000.4996008850508	0.0	0	0.0	3248.412678024295	1	0	1	1.6670222104593773
221200.0	2000.0	3048.4126780242104	0.0	0	260.72797970555257	3248.412678024295	1	0	1	1.6670222104593773
222200.0	2000.0	3048.412678024197	0.0	0	532.0583405844227	3248.412678024324	1	0	1	1.6670222104593706
223200.0	2000.0	3048.412678024192	0.0	0	279.1660320634837	3248.412678024295	1	0	1	1.667022210459372
224200.0	2000.0	3048.4126780241813	0.0	0	163.6213261083467	3248.412678024295	1	0	1	1.6670222104593773
225200.0	2000.0	3048.4126780242054	0.0	0	289.92211804311955	3248.412678024324	1	0	1	1.667022210459376
226200.0	2000.0	3048.412678024185	0.0	0	149.70578993667732	3248.412678024353	1	0	1	1.6670222104593693
227200.0	2000.0	3048.412678024205	0.0	0	240.51073440982145	3248.412678024353	1	0	1	1.667022210459364
228326.14513472168	3000.0	2922.2675433024874	0.0	0	0.0	3248.412678024324	1	0	1	1.6670222104593708
229200.0	3000.0	3048.412678024142	0.0	0	204.88696663253359	3248.412678024324	1	0	1	2.0724873185675357
230200.0	3000.0	3048.412678024144	0.0	0	495.41767533755046	3248.412678024324	1	0	1	2.0724873185675357
231200.0	3000.0	3048.412678024158	0.0	0	424.53536889434326	3248.412678024324	1	0	1	2.0724873185675357
232200.0	3000.0	3048.4126780241404	0.0	0	193.17509484142647	3248.412678024353	1	0	1	2.0724873185675343
233200.0	3000.0	3048.4126780241213	0.0	0	310.0829017319775	3248.412678024353	1	0	1	2.072487318567529
234416.73793080664	3000.0	2831.6747472174857	0.0	0	0.0	3248.412678024353	1	0	1	2.072487318567525
236384.7786808949	3000.0	1863.6339971292587	0.0	0	0.0	3248.412678024353	1	0	1	2.072487318567529
237640.5314012362	2000.0	1607.8812767879785	0.0	0	0.0	3248.4126780243823	1	0	1	1.2615571023511927
238391.015467134	2000.0	1857.3972108901528	0.0	0	0.0	3248.4126780243823	1	0	1	1.6670222104593573
239365.78559360772	2000.0	1882.6270844164753	0.0	0	0.0	3248.4126780243823	1	0	1	1.667022210459356
240152.25494431058	2000.0	2096.157733713627	0.0	0	0.0	3248.4126780244114	1	0	1	1.667022210459351
241059.09311057406	2000.0	2189.319567450174	0.0	0	0.0	3248.4126780244114	1	0	1	1.667022210459351
241932.963403168	2000.0	2315.449274856228	0.0	0	0.0	3248.4126780244114	1	0	1	1.667022210459351
243017.61327432634	2000.0	2230.799403697897	0.0	0	0.0	3248.4126780244114	1	0	1	1.667022210459351
244079.40002944288	2000.0	2169.0126485813817	0.0	0	0.0	3248.4126780244114	1	0	1	1.667022210459351
244979.3441525566	2000.0	2269.0685254676905	0.0	0	0.0	3248.4126780244114	1	0	1	1.667022210459351
245796.57861245036	2000.0	2451.83406557392	0.0	0	0.0	3248.4126780244405	1	0	1	1.6670222104593444
246672.2509403658	2000.0	2576.161737658463	0.0	0	0.0	3248.4126780244405	1	0	1	1.6670222104593444
247561.17063388918	2000.0	2687.242044135057	0.0	0	0.0	3248.4126780244405	1	0	1	1.6670222104593444
248365.6222532049	2000.0	2882.790424819315	0.0	0	0.0	3248.4126780244114	1	0	1	1.667022210459351
249200.0	2000.0	3048.412678024203	0.0	0	20.881225470162462	3248.4126780244114	1	0	1	1.667022210459351
250200.0	2000.0	3048.4126780242173	0.0	0	81.25798690502415	3248.4126780244405	1	0	1	1.6670222104593497
251200.0	2000.0	3048.412678024211	0.0	0	105.4924087250256	3248.4126780244405	1	0	1	1.6670222104593497
252200.0	2000.0	3048.412678024192	0.0	0	144.0394530876947	3248.4126780244114	1	0	1	1.667022210459351
253544.70700386234	2000.0	2703.705674161841	0.0	0	0.0	3248.4126780244114	1	0	1	1.667022210459351
254517.96785251857	2000.0	2730.4448255056045	0.0	0	0.0	3248.4126780244114	1	0	1	1.667022210459351
255415.51775194597	2000.0	2832.8949260781833	0.0	0	0.0	3248.4126780244114	1	0	1	1.667022210459351
256200.0	2000.0	3048.4126780241622	0.0	0	49.330504405341344	3248.4126780244405	1	0	1	1.6670222104593484
257200.0	2000.0	3048.412678024151	0.0	0	200.6436379502702	3248.4126780244114	1	0	1	1.667022210459351
258200.0	2000.0	3048.4126780241427	0.0	0	184.02800439231214	3248.4126780244114	1	0	1	1.667022210459351
259200.0	2000.0	3048.4126780241377	0.0	0	307.56215468238224	3248.4126780244114	1	0	1	1.667022210459351
260200.0	2000.0	3048.412678024133	0.0	0	185.03312323181308	3248.4126780243823	1	0	1	1.6670222104593573
261200.0	2000.0	3048.412678024132	0.0	0	28.76271181969787	3248.4126780243823	1	0	1	1.6670222104593573
262200.0	2000.0	3048.412678024145	0.0	0	408.6884987418016	3248.4126780243823	1	0	1	1.6670222104593573
263200.0	2000.0	3048.4126780241336	0.0	0	212.92423520353623	3248.4126780243823	1	0	1	1.6670222104593586
264200.0	2000.0	3048.412678024082	0.0	0	84.82621306565125	3248.412678024353	1	0	1	1.667022210459364
265200.0	2000.0	3048.4126780241145	0.0	0	231.563538538001	3248.412678024353	1	0	1	1.667022210459368
266200.0	2000.0	3048.412678024126	0.0	0	306.4564838670776	3248.412678024324	1	0	1	1.66702221045936
267200.0	2000.0	3048.4126780240645	0.0	0	142.5750567651121	3248.4126780242077	1	0	1	1.6670222104593864
268752.2787486503	2000.0	2496.1339293737924	0.0	0	0.0	3248.412678024266	1	0	1	1.6670222104593837
270072.32336557965	2000.0	2176.0893124444488	0.0	0	0.0	3248.412678024266	1	0	1	1.6670222104593837
271749.6559003924	2000.0	1498.7567776317367	0.0	0	0.0	3248.412678024266	1	0	1	1.6670222104593837
273346.4242064471	2000.0	901.9884715770675	0.0	0	0.0	3248.412678024266	1	0	1	1.6670222104593837
273881.5106995388	1000.0	1366.9019784853672	0.0	0	0.0	3248.412678024324	1	0	1	0.28072784933948036
274391.5043314677	1000.0	1856.9083465564127	0.0	0	0.0	3248.412678024324	1	0	1	0.9738750298994254
274721.72725054814	1000.0	2526.685427475916	0.0	0	0.0	3248.412678024324	1	0	1	0.9738750298994254
275518.9751882704	2000.0	2729.4374897536945	0.0	0	0.0	3248.412678024324	1	0	1	0.9738750298994255
276200.0	2000.0	3048.412678024142	0.0	0	9.842133859929163	3248.412678024324	1	0	1	1.6670222104593706
277200.0	2000.0	3048.412678024156	0.0	0	494.1404753240058	3248.4126780243823	1	0	1	1.6670222104593573
278200.0	2000.0	3048.412678024185	0.0	0	246.92190026090248	3248.4126780243823	1	0	1	1.6670222104593573
279200.0	2000.0	3048.412678024196	0.0	0	271.9135390762822	3248.4126780243823	1	0	1	1.6670222104593573
280200.0	2000.0	3048.4126780241363	0.0	0	489.4043869332527	3248.4126780243823	1	0	1	1.6670222104593573
281200.0	2000.0	3048.4126780241077	0.0	0	598.688144317246	3248.412678024324	1	0	1	1.6670222104593706
282200.0	2000.0	3048.4126780241063	0.0	0	443.07219301967416	3248.4126780243823	1	0	1	1.6670222104593573
284291.68195379403	3000.0	1956.7307242300396	0.0	0	0.0	3248.4126780244405	1	0	1	1.6670222104593444
284930.0318469158	2000.0	2318.380831108316	0.0	0	0.0	3248.4126780244987	1	0	1	1.2615571023511667
285916.6155013629	2000.0	2331.7971766611736	0.0	0	0.0	3248.4126780244987	1	0	1	1.6670222104593313
287124.0676716724	2000.0	2124.3450063517676	0.0	0	0.0	3248.4126780244987	1	0	1	1.6670222104593313
288009.61810085777	2000.0	2238.7945771663744	0.0	0	0.0	3248.4126780244987	1	0	1	1.6670222104593313
289235.9756765186	2000.0	2012.4370015055601	0.0	0	0.0	3248.412678024615	1	0	1	1.6670222104593126
290298.36629502766	2000.0	1950.0463829964438	0.0	0	0.0	3248.412678024557	1	0	1	1.6670222104593102
291252.3470949389	2000.0	1996.0655830851674	0.0	0	0.0	3248.4126780244987	1	0	1	1.6670222104593313
292229.68722843786	2000.0	2018.7254495862765	0.0	0	0.0	3248.412678024557	1	0	1	1.667022210459318
293090.1354240476	2000.0	2158.2772539765792	0.0	0	0.0	3248.412678024557	1	0	1	1.667022210459318
293675.4776403364	2000.0	2572.935037687721	0.0	0	0.0	3248.412678024557	1	0	1	1.667022210459318
294384.0657807356	2000.0	2864.3468972885944	0.0	0	0.0	3248.4126780246734	1	0	1	1.6670222104592947
295200.0	2000.0	3048.4126780241686	0.0	0	98.18122468504589	3248.4126780246734	1	0	1	1.667022210459292
296200.0	2000.0	3048.412678024148	0.0	0	319.46694517025026	3248.4126780246734	1	0	1	1.667022210459292
297200.0	2000.0	3048.4126780241104	0.0	0	242.95873529923847	3248.412678024615	1	0	1	1.6670222104592944
298200.0	2000.0	3048.4126780241086	0.0	0	533.0237401520135	3248.412678024615	1	0	1	1.6670222104593049
299200.0	3000.0	3048.4126780240617	0.0	0	450.1649732539081	3248.412678024615	1	0	1	1.667022210459305
300846.4321364213	3000.0	2401.980541602804	0.0	0	0.0	3248.4126780247316	1	0	1	2.0724873185674464
1.87	2.28	3.24	2.86	2.05	1.9	2.35	2.9	2.54	2.54	2.04	2.09	1.7	1.82	2.19	2.18	2.36	2.26	2.34	2.22	1.95	1.44	2.03	1.77	1.24	1.93	2.44	2.36	2.24	3.0	3.65	4.32	2.86	2.22	2.33	2.76	2.75	1.33	1.74	2.54	2.73	2.4	1.95	2.48	2.75	3.34	2.15	2.33	2.88	3.22	1.93	2.28	3.12	3.97	3.53	2.88	2.49	1.91	2.86	2.25	2.31	1.38	1.74	2.33	2.72	3.06	3.31	3.56	2.97	3.17	3.29	2.83	3.57	3.32	4.12	4.83	5.03	4.69	3.43	2.49	1.47	1.14	1.07	1.7	2.61	3.39	3.01	2.57	2.12	1.61	2.47	2.95	2.86	2.64	3.43	2.56	3.08	1.82	1.85	2.33	2.37	2.66	3.35	3.23	2.81	2.58	2.39	2.78	2.81	1.99	2.27	2.53	3.13	1.62	1.81	2.0	1.36	1.16	1.47	2.18	2.95	2.76	3.45	3.37	3.43	3.65	4.01	4.12	1.66	1.4	2.58	1.96	2.26	2.25	1.95	2.22	2.14	2.62	2.94	3.82	3.66	3.78	3.45	4.44	5.26	2.94	2.13	2.5	2.43	1.93	1.87	2.28	3.24	2.86	2.05	1.9	2.35	2.9	2.54	2.54	2.04	2.09	1.7	1.82	2.19	2.18	2.36	2.26	2.34	2.22	1.95	1.44	2.03	1.77	1.24	1.93	2.44	2.36	2.24	3.0	3.65	4.32	2.86	2.22	2.33	2.76	2.75	1.33	1.74	2.54	2.73	2.4	1.95	2.48	2.75	3.34	2.15	2.33	2.88	3.22	1.93	2.28	3.12	3.97	3.53	2.88	2.49	1.91	2.86	2.25	2.31	1.38	1.74	2.33	2.72	3.06	3.31	3.56	2.97	3.17	3.29	2.83	3.57	3.32	4.12	4.83	5.03	4.69	3.43	2.49	1.47	1.14	1.07	1.7	2.61	3.39	3.01	2.57	2.12	1.61	2.47	2.95	2.86	2.64	3.43	2.56	3.08	1.82	1.85	2.33	2.37	2.66	3.35	3.23	2.81	2.58	2.39	2.78	2.81	1.99	2.27	2.53	3.13	1.62	1.81	2.0	1.36	1.16	1.47	2.18	2.95	2.76	3.45	3.37	3.43	3.65	4.01	4.12	1.66	1.4	2.58	1.96	2.26	2.25	1.95	2.22	2.14	2.62	2.94	3.82	3.66	3.78	3.45	4.44	5.26	2.94	2.13	2.5	2.43	1.93	1.87
1.0	2.0	3.0	4.0	5.0	6.0	7.0	8.0	9.0	10.0	11.0	12.0	13.0	14.0	15.0	16.0	17.0	18.0	19.0	20.0	21.0	22.0	23.0	24.0	25.0	26.0	27.0	28.0	29.0	30.0	31.0	32.0	33.0	34.0	35.0	36.0	37.0	38.0	39.0	40.0	41.0	42.0	43.0	44.0	45.0	46.0	47.0	48.0	49.0	50.0	51.0	52.0	53.0	54.0	55.0	56.0	57.0	58.0	59.0	60.0	61.0	62.0	63.0	64.0	65.0	66.0	67.0	68.0	69.0	70.0	71.0	72.0	73.0	74.0	75.0	76.0	77.0	78.0	79.0	80.0	81.0	82.0	83.0	84.0	85.0	86.0	87.0	88.0	89.0	90.0	91.0	92.0	93.0	94.0	95.0	96.0	97.0	98.0	99.0	100.0	101.0	102.0	103.0	104.0	105.0	106.0	107.0	108.0	109.0	110.0	111.0	112.0	113.0	114.0	115.0	116.0	117.0	118.0	119.0	120.0	121.0	122.0	123.0	124.0	125.0	126.0	127.0	128.0	129.0	130.0	131.0	132.0	133.0	134.0	135.0	136.0	137.0	138.0	139.0	140.0	141.0	142.0	143.0	144.0	145.0	146.0	147.0	148.0	149.0	149.0	150.0	151.0	152.0	153.0	154.0	155.0	156.0	157.0	158.0	159.0	160.0	161.0	162.0	163.0	164.0	165.0	166.0	167.0	168.0	169.0	170.0	171.0	172.0	173.0	174.0	175.0	176.0	177.0	178.0	179.0	180.0	181.0	182.0	183.0	184.0	185.0	186.0	187.0	188.0	189.0	190.0	191.0	192.0	193.0	194.0	195.0	196.0	197.0	198.0	199.0	200.0	201.0	202.0	203.0	204.0	205.0	206.0	207.0	208.0	209.0	210.0	211.0	212.0	213.0	214.0	215.0	216.0	217.0	218.0	219.0	220.0	221.0	222.0	223.0	224.0	225.0	226.0	227.0	228.0	229.0	230.0	231.0	232.0	233.0	234.0	235.0	236.0	237.0	238.0	239.0	240.0	241.0	242.0	243.0	244.0	245.0	246.0	247.0	248.0	249.0	250.0	251.0	252.0	253.0	254.0	255.0	256.0	257.0	258.0	259.0	260.0	261.0	262.0	263.0	264.0	265.0	266.0	267.0	268.0	269.0	270.0	271.0	272.0	273.0	274.0	275.0	276.0	277.0	278.0	279.0	280.0	281.0	282.0	283.0	284.0	285.0	286.0	287.0	288.0	289.0	290.0	291.0	292.0	293.0	294.0	295.0	296.0	297.0	298.0	298.0	299.0
5043.483476253197
