4241.4828638735025	300.0	2000.0	197.96275895330652	0	0.0	4241.4828638735025	1	0	1	-1.7438597174527901
4420.0283416302855	300.0	2803.599974467538	0.0	0	0.0	4223.628316097824	1	0	2	-0.9710717844638381
4630.727897244998	500.0	3571.8304632913537	0.0	0	0.0	4202.558360536352	1	0	2	-0.7609184274296421
5200.0	500.0	3945.6311502608505	0.0	0	307.35720726843556	4145.631150260851	1	0	2	-0.23420766500096496
6200.0	500.0	3845.6311502608505	0.0	0	720.8224569156482	4045.631150260851	1	0	2	-0.1933803234483643
7200.0	1000.0	3745.6311502608496	0.0	0	570.53460933117	3945.63115026085	1	0	2	-0.15014245552691963
8200.0	1000.0	3645.631150260849	0.0	0	618.9023965909873	3845.6311502608496	1	0	2	0.5829103751464481
9200.0	1000.0	3545.6311502608496	0.0	0	680.7960528146214	3745.631150260848	1	0	2	0.6198789865709748
10200.0	2000.0	3445.6311502608487	0.0	0	107.8329691479903	3645.631150260845	1	0	2	0.6567257169535143
11200.0	2000.0	3345.6311502608464	0.0	0	329.7546186509462	3545.6311502608423	1	0	2	1.3793929838920644
12214.345882622487	2000.0	3229.8506793761103	0.0	0	0.0	3444.196561998593	1	0	2	1.4115661031199045
13200.0	2000.0	3244.1965619985967	0.0	0	92.80779384846028	3444.196561998593	1	0	1	1.418860192011343
14750.367348137328	3000.0	2538.792479047536	0.0	0	0.0	3289.1598271848598	1	0	2	1.2472228928763478
17152.066626163596	3000.0	1137.0932010212657	0.0	0	0.0	3289.159827184858	1	0	1	1.8631286876326
18142.223437081677	2000.0	1146.9363901031875	0.0	0	0.0	3289.1598271848616	1	0	1	1.2521984714162704
19250.0621926856	2000.0	928.3137589388685	0.0	0	0.0	3178.3759516244663	1	0	2	1.275834303670825
20254.063428637513	2000.0	924.3125229869568	0.0	0	0.0	3178.3759516244645	1	0	1	1.4823433682195686
21168.704524506156	2000.0	1009.6714271183112	0.0	0	0.0	3178.3759516244645	1	0	1	1.6823433682195688
22385.438575957585	2000.0	792.9373756668792	0.0	0	0.0	3178.375951624468	1	0	1	1.6823433682195679
23263.458253727396	2000.0	914.9176978970683	0.0	0	0.0	3178.375951624468	1	0	1	1.6823433682195679
24117.063895901567	2000.0	1061.3120557228954	0.0	0	0.0	3178.375951624468	1	0	1	1.6823433682195679
24909.371498952212	2000.0	1269.004452672253	0.0	0	0.0	3178.375951624468	1	0	1	1.6823433682195679
25463.652208924686	2000.0	1714.723742699777	0.0	0	0.0	3178.375951624468	1	0	1	1.6823433682195679
26012.23965040853	2000.0	2166.1363012159354	0.0	0	0.0	3178.375951624468	1	0	1	1.6823433682195679
27111.395144227194	2000.0	1957.0652580154058	0.0	0	0.0	3068.4604022425992	1	0	2	1.2988851331850781
27992.193309994036	2000.0	1988.1872756718794	0.0	0	0.0	2980.3805856659164	1	0	2	1.5165604571762121
29027.01926992603	2000.0	1953.3613157398809	0.0	0	0.0	2980.3805856659164	1	0	1	1.5208210284709316
30104.95607138831	2000.0	1875.4245142776033	0.0	0	0.0	2980.38058566592	1	0	1	1.7208210284709313
31199.375440480828	2000.0	1781.0051451850813	0.0	0	0.0	2980.3805856659164	1	0	1	1.7208210284709318
32284.101645733805	2000.0	1696.278939932105	0.0	0	0.0	2980.3805856659164	1	0	1	1.7208210284709318
33149.367327608976	2000.0	1831.013258056931	0.0	0	0.0	2980.3805856659164	1	0	1	1.7208210284709318
33971.651689273545	2000.0	2008.7288963923659	0.0	0	0.0	2980.38058566592	1	0	1	1.7208210284709318
35148.033625888034	2000.0	1832.3469597778787	0.0	0	0.0	2980.3805856659237	1	0	1	1.7208210284709304
36179.310946035155	2000.0	1801.0696396307587	0.0	0	0.0	2980.3805856659237	1	0	1	1.7208210284709304
37466.092476206504	2000.0	1514.28810945941	0.0	0	0.0	2980.3805856659237	1	0	1	1.7208210284709304
38898.82532852201	2000.0	1081.555257143908	0.0	0	0.0	2980.3805856659237	1	0	1	1.7208210284709304
39761.39233899511	2000.0	1218.988246670809	0.0	0	0.0	2980.3805856659237	1	0	1	1.7208210284709304
40514.74086329481	2000.0	1465.639722371105	0.0	0	0.0	2980.3805856659237	1	0	1	1.7208210284709304
41065.6166796739	1000.0	1914.7639059920182	0.0	0	0.0	2980.3805856659237	1	0	1	0.3345266673510402
41378.63333247083	1000.0	2601.747253195083	0.0	0	0.0	2980.3805856659237	1	0	1	1.0276738479109855
42200.0	1000.0	2780.3805856659146	0.0	0	383.50075064731936	2980.3805856659237	1	0	1	1.0276738479109855
43200.0	2000.0	2680.380585665911	0.0	0	314.82571175564226	2880.3805856659164	1	0	2	0.6383264051357892
45014.4018502344	2000.0	1865.9787354315217	0.0	0	0.0	2880.3805856659237	1	0	1	1.5377897224741122
46004.55272193447	2000.0	1875.82786373144	0.0	0	0.0	2880.3805856659237	1	0	1	1.7377897224741123
46487.60135013693	2000.0	2392.779235528985	0.0	0	0.0	2880.3805856659237	1	0	1	1.7377897224741123
47200.0	2000.0	2680.3805856659133	0.0	0	127.84642181068921	2880.380585665931	1	0	1	1.7377897224741112
48200.0	2000.0	2580.3805856659064	0.0	0	178.5015958183576	2780.3805856659237	1	0	2	1.348003241307378
49691.87525751092	2000.0	2088.505328154989	0.0	0	0.0	2780.3805856659237	1	0	1	1.55327428436492
51003.13412613654	2000.0	1777.2464595293638	0.0	0	0.0	2780.3805856659237	1	0	1	1.7532742843649203
52091.91640479263	2000.0	1688.4641808732745	0.0	0	0.0	2780.3805856659237	1	0	1	1.7532742843649203
52973.199698249235	2000.0	1807.1808874166763	0.0	0	0.0	2780.380585665931	1	0	1	1.7532742843649194
53803.281711772215	2000.0	1977.098873893699	0.0	0	0.0	2780.3805856659383	1	0	1	1.7532742843649183
54616.68930036216	2000.0	2163.6912853037525	0.0	0	0.0	2780.3805856659383	1	0	1	1.7532742843649183
55351.896727289	2000.0	2428.4838583769083	0.0	0	0.0	2780.3805856659383	1	0	1	1.7532742843649183
56432.829344626625	2000.0	2347.551241039283	0.0	0	0.0	2780.380585665931	1	0	1	1.7532742843649194
57200.0	2000.0	2580.380585665905	0.0	0	9.114075061865151	2780.380585665931	1	0	1	1.7532742843649194
58200.0	2000.0	2580.38058566591	0.0	0	216.19100169605372	2780.3805856659383	1	0	1	1.7532742843649183
59200.0	2000.0	2580.380585665909	0.0	0	352.5001111283709	2780.3805856659383	1	0	1	1.7532742843649183
60200.0	2000.0	2580.3805856659064	0.0	0	269.0121392279034	2780.3805856659383	1	0	1	1.7532742843649183
61225.40584013197	2000.0	2554.9747455339275	0.0	0	0.0	2780.3805856659383	1	0	1	1.7532742843649183
62200.0	2000.0	2580.380585665898	0.0	0	158.5513464049145	2780.3805856659455	1	0	1	1.7532742843649172
63200.0	2000.0	2580.380585665898	0.0	0	158.43582831002277	2780.3805856659455	1	0	1	1.7532742843649172
64200.0	2000.0	2580.380585665893	0.0	0	23.469497513571696	2780.3805856659455	1	0	1	1.7532742843649172
65200.0	2000.0	2580.3805856658923	0.0	0	41.69382982231764	2780.3805856659455	1	0	1	1.7532742843649172
66200.0	2000.0	2480.3805856658946	0.0	0	115.17869492592581	2680.3805856659455	1	0	2	1.3633704663239758
67200.0	2000.0	2480.3805856658873	0.0	0	439.0924404048419	2680.3805856659383	1	0	1	1.5673935709461384
68200.0	2000.0	2480.3805856658646	0.0	0	330.25665990868583	2680.380585665909	1	0	1	1.7673935709461406
69200.0	2000.0	2480.3805856658787	0.0	0	266.4866703216394	2680.3805856659164	1	0	1	1.7673935709461412
70200.0	2000.0	2480.3805856658832	0.0	0	44.54308389595826	2680.380585665931	1	0	1	1.7673935709461395
71200.0	2000.0	2480.380585665903	0.0	0	294.28856320756313	2680.380585665931	1	0	1	1.7673935709461395
72200.0	2000.0	2480.3805856659014	0.0	0	31.09167486942897	2680.380585665931	1	0	1	1.7673935709461395
73377.0956418261	2000.0	2303.284943839808	0.0	0	0.0	2680.380585665931	1	0	1	1.7673935709461395
74200.0	2000.0	2480.3805856659255	0.0	0	176.8578252788284	2680.380585665931	1	0	1	1.7673935709461395
75408.61776256334	2000.0	2271.762823102589	0.0	0	0.0	2680.380585665931	1	0	1	1.7673935709461395
77031.34983123474	2000.0	1649.0307544311931	0.0	0	0.0	2680.380585665931	1	0	1	1.7673935709461395
77721.63980603726	2000.0	1958.7407796286836	0.0	0	0.0	2680.380585665931	1	0	1	1.7673935709461395
78458.39509930449	2000.0	2221.9854863614637	0.0	0	0.0	2680.380585665931	1	0	1	1.7673935709461395
79200.0	2000.0	2480.3805856659496	0.0	0	114.02159880296676	2680.380585665931	1	0	1	1.7673935709461395
80200.0	2000.0	2480.3805856659515	0.0	0	389.9340659150039	2680.380585665931	1	0	1	1.7673935709461395
81200.0	2000.0	2480.3805856659383	0.0	0	83.6215295898437	2680.3805856659455	1	0	1	1.7673935709461375
82237.57708528891	2000.0	2339.045791848129	0.0	0	0.0	2576.622877137066	1	0	2	1.3774719224011938
83200.0	2000.0	2376.622877137041	0.0	0	54.57445040431048	2576.6228771370806	1	0	1	1.5807192531812162
84200.0	2000.0	2376.6228771370284	0.0	0	278.4719791980024	2576.622877137066	1	0	1	1.780719253181218
85200.0	2000.0	2376.6228771370384	0.0	0	369.5714958602766	2576.622877137066	1	0	1	1.780719253181218
86245.4127963562	2000.0	2331.2100807808397	0.0	0	0.0	2576.622877137066	1	0	1	1.780719253181218
87734.70391434075	2000.0	1841.9189627962976	0.0	0	0.0	2576.622877137066	1	0	1	1.780719253181218
88726.9087112131	2000.0	1849.7141659239633	0.0	0	0.0	2576.622877137066	1	0	1	1.780719253181218
89944.56609076948	2000.0	1632.0567863675822	0.0	0	0.0	2576.6228771370806	1	0	1	1.7807192531812164
90677.56327637476	2000.0	1899.0596007623133	0.0	0	0.0	2576.6228771370806	1	0	1	1.7807192531812164
91712.92958867225	2000.0	1863.6932884648363	0.0	0	0.0	2576.6228771370806	1	0	1	1.7807192531812164
92466.72472196737	2000.0	2109.898155169725	0.0	0	0.0	2576.6228771370806	1	0	1	1.7807192531812164
93426.45096657604	2000.0	2150.171910561073	0.0	0	0.0	2576.6228771370806	1	0	1	1.7807192531812164
94537.31882285203	2000.0	2039.304054285078	0.0	0	0.0	2576.6228771370806	1	0	1	1.7807192531812164
95586.55262908325	2000.0	1990.0702480538525	0.0	0	0.0	2576.6228771370806	1	0	1	1.7807192531812164
96331.30400556071	2000.0	2245.31887157639	0.0	0	0.0	2576.6228771370806	1	0	1	1.7807192531812164
97228.05807075817	2000.0	2348.5648063789426	0.0	0	0.0	2576.6228771370806	1	0	1	1.7807192531812164
98200.0	2000.0	2376.622877137122	0.0	0	135.88273734538234	2576.6228771370806	1	0	1	1.7807192531812164
99200.0	2000.0	2376.6228771371198	0.0	0	103.36919126087741	2576.6228771370806	1	0	1	1.7807192531812164
100220.78625476398	2000.0	2355.8366223731437	0.0	0	0.0	2576.6228771370806	1	0	1	1.7807192531812164
101200.0	2000.0	2376.622877137121	0.0	0	108.5289867616666	2576.622877137066	1	0	1	1.780719253181218
102474.91838676164	2000.0	2101.704490375479	0.0	0	0.0	2576.622877137066	1	0	1	1.780719253181218
103903.4089156866	2000.0	1673.2139614505063	0.0	0	0.0	2576.622877137066	1	0	1	1.780719253181218
105125.28260934084	2000.0	1451.3402677962592	0.0	0	0.0	2576.622877137066	1	0	1	1.780719253181218
105936.57944872501	2000.0	1640.0434284120686	0.0	0	0.0	2576.622877137066	1	0	1	1.780719253181218
107082.74095806992	2000.0	1493.8819190671702	0.0	0	0.0	2576.622877137066	1	0	1	1.780719253181218
108536.74578880359	2000.0	1039.877088333502	0.0	0	0.0	2576.622877137066	1	0	1	1.780719253181218
109394.79305568492	2000.0	1181.829821452161	0.0	0	0.0	2576.622877137066	1	0	1	1.780719253181218
110382.46012098035	2000.0	1194.1627561567198	0.0	0	0.0	2576.622877137066	1	0	1	1.780719253181218
111447.04011613279	2000.0	1129.582761004292	0.0	0	0.0	2576.622877137066	1	0	1	1.780719253181218
112253.2786838255	2000.0	1323.344193311579	0.0	0	0.0	2576.622877137066	1	0	1	1.780719253181218
113145.44783609502	2000.0	1431.1750410420623	0.0	0	0.0	2576.622877137066	1	0	1	1.780719253181218
114115.71084425332	2000.0	1460.9120328837523	0.0	0	0.0	2576.622877137066	1	0	1	1.780719253181218
114881.83444223643	2000.0	1694.7884349006433	0.0	0	0.0	2576.622877137066	1	0	1	1.780719253181218
116025.80874650979	2000.0	1550.8141306272873	0.0	0	0.0	2576.6228771370515	1	0	1	1.78071925318122
116793.8283067765	2000.0	1782.794570360575	0.0	0	0.0	2576.6228771370515	1	0	1	1.78071925318122
117487.4819103847	2000.0	2089.1409667524003	0.0	0	0.0	2576.6228771370515	1	0	1	1.78071925318122
118200.0	2000.0	2376.6228771371116	0.0	0	130.2452137080254	2576.6228771370515	1	0	1	1.78071925318122
119200.0	2000.0	2376.6228771371066	0.0	0	645.9870978532417	2576.622877137066	1	0	1	1.780719253181218
120200.0	3000.0	2376.6228771371116	0.0	0	248.7785856811679	2576.622877137066	1	0	1	1.7807192531812182
121883.17467223237	3000.0	1693.4482049047142	0.0	0	0.0	2576.622877137066	1	0	1	2.1861843612893828
124669.2242028432	3000.0	200.0	292.60132570610523	0	0.0	2869.2242028431792	1	0	1	0.4130620608177658
126114.19444859846	2000.0	246.26549249512223	491.2357382503623	0	0.0	3360.459941093577	1	0	1	-1.7124156059372018
127725.63375193678	2000.0	216.49104120815474	581.6648520513567	0	0.0	3942.1247931449325	1	0	1	-2.036014838037127
128348.69405694307	1000.0	679.1657447558666	134.58276277692133	0	0.0	4027.8598016989417	1	0	2	-1.1816983236361787
128981.56272764855	1000.0	983.0102069798463	0.0	0	0.0	3964.5729346283915	1	0	2	0.5443786898942037
129678.98036198509	1000.0	1215.8508092096586	0.0	0	0.0	3894.8311711947463	1	0	2	0.5726982198373567
130254.38658152598	1000.0	1582.9039677146775	0.0	0	0.0	3837.2905492406426	1	0	2	0.5964024393326712
130623.7251918144	1000.0	2176.631496397402	0.0	0	0.0	3800.3566882117884	1	0	2	0.611505358018929
131057.00414563165	1000.0	2700.0246471984374	0.0	0	0.0	3757.028792830097	1	0	2	0.6268179496554971
131394.65782249227	1000.0	3328.6056026517317	0.0	0	0.0	3723.2634251440177	1	0	2	0.6387256377775306
132200.0	1000.0	3442.729207393206	0.0	0	297.30107131198747	3642.729207393204	1	0	2	0.6572197281925816
133200.0	1000.0	3342.729207393214	0.0	0	353.7784882495471	3542.729207393204	1	0	2	0.6870472898779338
134344.9750852441	2000.0	3083.2566136246883	0.0	0	0.0	3428.231698868767	1	0	2	0.7231618706514151
135481.1819383636	2000.0	2833.429075193264	0.0	0	0.0	3314.6110135568015	1	0	2	1.4443350008191578
136811.7189633093	2000.0	2369.8383477529765	0.0	0	0.0	3181.5573110622645	1	0	2	1.4742339509332898
137553.6675532821	2000.0	2553.694898782919	0.0	0	0.0	3107.362452065019	1	0	2	1.493030501680733
138357.53316865274	2000.0	2749.829283412281	0.0	0	0.0	3107.362452065019	1	0	1	1.496935606648285
139995.79507860617	2000.0	2111.567373458824	0.0	0	0.0	3107.362452065019	1	0	1	1.6969356066482852
141629.98080602492	2000.0	1477.381646040057	0.0	0	0.0	3107.3624520650483	1	0	1	1.6969356066482795
142872.90633030253	2000.0	1234.456121762418	0.0	0	0.0	3107.3624520650483	1	0	1	1.6969356066482795
143899.9647377651	2000.0	1104.69187355359	0.0	0	0.0	3004.6566113188164	1	0	2	1.3115370798766666
144585.96608165329	1000.0	1418.6905296654184	0.0	0	0.0	3004.6566113188455	1	0	1	0.13016936749562358
145531.4934678783	1000.0	1473.1631434404055	0.0	0	0.0	3004.6566113188164	1	0	1	1.0233165480555741
146340.7659191256	1000.0	1663.890692193078	0.0	0	0.0	3004.6566113188164	1	0	1	1.0233165480555741
147052.65052434133	1000.0	1880.8176264557471	0.0	0	0.0	2933.4681507972127	1	0	2	0.6331127923667672
147760.64576331442	1000.0	2172.82238748269	0.0	0	0.0	2933.4681507972127	1	0	1	0.8358269432273022
148406.90819186438	1000.0	2526.559958932738	0.0	0	0.0	2933.4681507972127	1	0	1	1.0358269432273024
149200.0	1000.0	2733.468150797112	0.0	0	171.3034479879716	2933.4681507972127	1	0	1	1.0358269432273024
150200.0	1000.0	2733.4681507971236	0.0	0	351.9983971187903	2933.4681507972127	1	0	1	1.0358269432273024
151200.0	1000.0	2733.468150797138	0.0	0	401.6473973063694	2933.468150797242	1	0	1	1.0358269432272975
152200.0	1000.0	2733.468150797134	0.0	0	434.54292727517895	2933.468150797242	1	0	1	1.0358269432272975
153200.0	1000.0	2733.4681507970813	0.0	0	541.9744251445227	2933.4681507972127	1	0	1	1.0358269432273024
154200.0	1000.0	2733.468150797067	0.0	0	425.5808615752321	2933.4681507971836	1	0	1	1.0358269432273073
155200.0	1000.0	2733.468150797038	0.0	0	222.279274462373	2933.4681507971836	1	0	1	1.0358269432273073
156200.0	1000.0	2733.4681507970427	0.0	0	409.95622909109807	2933.4681507971545	1	0	1	1.0358269432273124
157200.0	1000.0	2733.4681507970336	0.0	0	495.53014767260174	2933.4681507971545	1	0	1	1.0358269432273124
158200.0	1000.0	2733.4681507970467	0.0	0	681.4184982923325	2933.4681507971545	1	0	1	1.0358269432273124
159200.0	1000.0	2633.4681507970467	0.0	0	561.5070045327011	2833.4681507971254	1	0	2	0.6457938194596266
160200.0	1000.0	2633.4681507970354	0.0	0	489.5343400967831	2833.4681507971254	1	0	1	0.8520841104451364
161200.0	1000.0	2633.4681507970236	0.0	0	543.0606758251961	2833.4681507971254	1	0	1	1.0520841104451366
162200.0	1000.0	2633.468150797008	0.0	0	515.2926440950541	2833.4681507971254	1	0	1	1.0520841104451366
163200.0	1000.0	2633.468150796971	0.0	0	624.7695750198909	2833.4681507971254	1	0	1	1.0520841104451366
164399.79704297165	2000.0	2433.671107825331	0.0	0	0.0	2833.4681507971254	1	0	1	1.0520841104451366
165548.3212400305	2000.0	2285.1469107664775	0.0	0	0.0	2833.4681507971254	1	0	1	1.7452312910050818
166684.72941607868	2000.0	2148.7387347183026	0.0	0	0.0	2833.4681507971254	1	0	1	1.7452312910050818
167506.78018650174	2000.0	2326.6879642952276	0.0	0	0.0	2833.4681507971254	1	0	1	1.7452312910050818
168215.70056749342	2000.0	2617.767583303539	0.0	0	0.0	2833.4681507970963	1	0	1	1.7452312910050862
169200.0	2000.0	2633.468150796929	0.0	0	210.82332449048408	2833.4681507970963	1	0	1	1.7452312910050862
170402.10123546733	2000.0	2431.366915329577	0.0	0	0.0	2833.4681507970963	1	0	1	1.7452312910050862
171468.59331017887	2000.0	2364.8748406180193	0.0	0	0.0	2833.468150797067	1	0	1	1.7452312910050907
172223.1283341362	2000.0	2610.339816660673	0.0	0	0.0	2833.468150797038	1	0	1	1.7452312910050942
173200.0	2000.0	2633.4681507968735	0.0	0	318.97011948775616	2833.468150797038	1	0	1	1.745231291005095
174200.0	2000.0	2633.468150796858	0.0	0	405.34348163264804	2833.468150797038	1	0	1	1.745231291005095
175200.0	2000.0	2633.468150796858	0.0	0	199.303418801137	2833.468150797038	1	0	1	1.745231291005095
176200.0	2000.0	2633.468150796882	0.0	0	32.45656503475038	2833.468150797038	1	0	1	1.745231291005095
177200.0	2000.0	2633.468150796863	0.0	0	132.85523099190323	2833.468150797067	1	0	1	1.7452312910050907
178297.97287861785	2000.0	2535.4952721790273	0.0	0	0.0	2833.468150797067	1	0	1	1.7452312910050907
179869.49950133305	2000.0	1806.81598719231	0.0	0	0.0	2676.315488525521	1	0	2	1.3613878702315403
180620.00077955195	2000.0	2056.314708973405	0.0	0	0.0	2676.315488525521	1	0	1	1.5679402827217994
181998.43915758	2000.0	1540.0324931425546	0.0	0	0.0	2538.4716507226985	1	0	2	1.3808259011013733
182758.87349256172	2000.0	1779.5981581608214	0.0	0	0.0	2538.4716507226985	1	0	1	1.5853028259815822
183616.53860407154	2000.0	1921.933046650967	0.0	0	0.0	2538.4716507226985	1	0	1	1.7853028259815824
184584.19161418517	2000.0	1954.2800365373498	0.0	0	0.0	2538.4716507226985	1	0	1	1.7853028259815824
185868.1111293888	2000.0	1670.3605213337282	0.0	0	0.0	2538.4716507226985	1	0	1	1.7853028259815824
187367.54833952064	2000.0	1170.9233112018555	0.0	0	0.0	2538.4716507227276	1	0	1	1.7853028259815786
188035.4316448404	1000.0	1503.0400058820794	0.0	0	0.0	2538.4716507227276	1	0	1	0.3990084648616884
188393.95551408562	1000.0	2144.5161366368666	0.0	0	0.0	2538.4716507227276	1	0	1	1.0921556454216335
189200.0	1000.0	2338.471650722477	0.0	0	175.54326065117493	2538.4716507227276	1	0	1	1.0921556454216335
190200.0	1000.0	2338.4716507224844	0.0	0	560.647388048732	2538.4716507227276	1	0	1	1.0921556454216335
191200.0	1000.0	2338.4716507225144	0.0	0	522.2358065236185	2538.4716507226985	1	0	1	1.092155645421637
192200.0	1000.0	2338.4716507225307	0.0	0	602.8376415759849	2538.4716507227276	1	0	1	1.0921556454216335
193200.0	1000.0	2338.4716507224994	0.0	0	402.9344277944765	2538.4716507227276	1	0	1	1.0921556454216335
194200.0	1000.0	2338.4716507225194	0.0	0	462.95940621275804	2538.4716507227276	1	0	1	1.0921556454216335
195200.0	1000.0	2338.4716507225457	0.0	0	434.185772253928	2538.4716507227276	1	0	1	1.0921556454216335
196200.0	1000.0	2338.4716507225808	0.0	0	588.2133566573611	2538.4716507227276	1	0	1	1.0921556454216335
197200.0	1000.0	2338.471650722599	0.0	0	611.9643058007641	2538.4716507227276	1	0	1	1.0921556454216335
198200.0	1000.0	2338.4716507225608	0.0	0	461.7090371416416	2538.4716507227276	1	0	1	1.0921556454216335
199200.0	1000.0	2338.471650722563	0.0	0	346.4382976089255	2538.4716507227276	1	0	1	1.0921556454216335
200200.0	1000.0	2338.4716507225826	0.0	0	464.7252604769892	2538.4716507227276	1	0	1	1.0921556454216335
201200.0	1000.0	2338.4716507225794	0.0	0	379.125289789401	2538.4716507227567	1	0	1	1.0921556454216304
202200.0	1000.0	2338.471650722573	0.0	0	604.6227942578262	2538.4716507227567	1	0	1	1.0921556454216304
203200.0	1000.0	2338.471650722598	0.0	0	723.2016547546082	2538.4716507227567	1	0	1	1.0921556454216304
204200.0	1000.0	2338.4716507226226	0.0	0	605.2876136500854	2538.4716507227567	1	0	1	1.0921556454216304
205200.0	1000.0	2338.4716507226217	0.0	0	287.34338232621667	2538.471650722786	1	0	1	1.0921556454216268
206200.0	1000.0	2338.4716507226526	0.0	0	566.9826467632956	2538.471650722786	1	0	1	1.0921556454216268
207200.0	1000.0	2338.471650722627	0.0	0	650.566576320387	2538.471650722786	1	0	1	1.0921556454216268
208200.0	1000.0	2338.4716507226403	0.0	0	593.6091918425809	2538.471650722786	1	0	1	1.0921556454216268
209200.0	1000.0	2338.4716507226212	0.0	0	630.9087237498024	2538.4716507227567	1	0	1	1.0921556454216304
210200.0	1000.0	2338.4716507226253	0.0	0	495.2657456289744	2538.4716507227567	1	0	1	1.0921556454216304
211200.0	2000.0	2338.4716507226094	0.0	0	63.216411321016494	2538.4716507227567	1	0	1	1.0921556454216301
212843.90023137265	3000.0	1694.5714193499607	0.0	0	0.0	2538.4716507227567	1	0	1	1.7853028259815755
213752.39934904367	2000.0	1786.072301678966	0.0	0	0.0	2538.4716507227567	1	0	1	1.3798377178734107
214758.56342131863	2000.0	1779.908229404006	0.0	0	0.0	2538.4716507227567	1	0	1	1.7853028259815753
215470.43064735917	2000.0	2068.0410033634644	0.0	0	0.0	2538.4716507227567	1	0	1	1.7853028259815753
216228.78605474258	2000.0	2309.6855959800437	0.0	0	0.0	2538.471650722786	1	0	1	1.7853028259815724
217402.8595183455	2000.0	2135.612132377126	0.0	0	0.0	2538.471650722815	1	0	1	1.7853028259815684
218418.89183198626	2000.0	2119.57981873635	0.0	0	0.0	2538.471650722815	1	0	1	1.7853028259815684
219234.556488945	2000.0	2303.9151617776256	0.0	0	0.0	2538.471650722815	1	0	1	1.7853028259815684
220253.6686332492	2000.0	2284.8030174734545	0.0	0	0.0	2538.471650722844	1	0	1	1.785302825981565
221200.0	2000.0	2338.47165072265	0.0	0	89.66157594075776	2538.471650722815	1	0	1	1.7853028259815664
222200.0	2000.0	2338.471650722669	0.0	0	103.0629878527543	2538.471650722815	1	0	1	1.7853028259815684
223200.0	2000.0	2338.4716507226553	0.0	0	45.78668437426677	2538.471650722815	1	0	1	1.7853028259815698
224219.04249114983	2000.0	2319.4291595728364	0.0	0	68.63280006652349	2538.471650722815	1	0	1	1.7853028259815684
225618.3156982332	2000.0	1920.155952489459	0.0	0	0.0	2538.471650722786	1	0	1	1.7853028259815718
226384.6105708444	2000.0	2153.8610798782397	0.0	0	0.0	2538.471650722786	1	0	1	1.7853028259815718
227200.0	2000.0	2338.4716507226276	0.0	0	63.89736867073225	2538.471650722786	1	0	1	1.785302825981573
228200.0	2000.0	2338.47165072261	0.0	0	406.117449327081	2538.471650722786	1	0	1	1.7853028259815718
229200.0	2000.0	2338.471650722611	0.0	0	48.145538227807265	2538.471650722786	1	0	1	1.7853028259815718
230399.19415314894	3000.0	2019.358082258758	0.0	0	0.0	2418.552235407842	1	0	2	1.3957638730927224
231302.91225475175	2000.0	2115.6399806559434	0.0	0	0.0	2418.552235407813	1	0	1	1.1932191887003945
232200.0	2000.0	2218.5522354076843	0.0	0	36.91621685848804	2418.552235407813	1	0	1	1.7986842968085592
233200.0	2000.0	2218.5522354076675	0.0	0	493.5500247205782	2418.552235407784	1	0	1	1.7986842968085623
234200.0	2000.0	2218.552235407663	0.0	0	202.89806821005186	2418.552235407755	1	0	1	1.7986842968085655
235435.3858154222	2000.0	1983.166419985468	0.0	0	0.0	2418.552235407755	1	0	1	1.7986842968085655
236975.32680940852	2000.0	1443.2254259991157	0.0	0	0.0	2418.552235407755	1	0	1	1.7986842968085655
238056.5293124642	2000.0	1362.022922943416	0.0	0	0.0	2418.5522354077257	1	0	1	1.7986842968085663
238814.320119718	2000.0	1604.2321156896262	0.0	0	0.0	2418.5522354077257	1	0	1	1.7986842968085683
239740.60230806074	2000.0	1677.949927346899	0.0	0	0.0	2418.5522354077257	1	0	1	1.7986842968085683
240623.32893574433	2000.0	1795.2232996632888	0.0	0	0.0	2418.5522354077257	1	0	1	1.7986842968085683
241400.9897027831	2000.0	2017.5625326245352	0.0	0	0.0	2418.5522354076966	1	0	1	1.7986842968085714
242200.0	2000.0	2218.5522354076224	0.0	0	161.84868310339516	2418.5522354076675	1	0	1	1.7986842968085746
243200.0	2000.0	2118.5522354076456	0.0	0	216.1526055992581	2318.5522354077257	1	0	2	1.405424787773951
244250.69214599818	2000.0	2067.860089409488	0.0	0	0.0	2318.552235407784	1	0	1	1.6087396371858351
245291.88412133238	2000.0	2026.668114075299	0.0	0	0.0	2318.552235407784	1	0	1	1.8087396371858342
246202.2129448938	2000.0	2116.3392905138485	0.0	0	0.0	2318.552235407755	1	0	1	1.8087396371858357
247200.0	2000.0	2118.55223540763	0.0	0	240.4631483865669	2318.552235407755	1	0	1	1.8087396371858369
248200.0	2000.0	2118.5522354076365	0.0	0	288.6457875368942	2318.552235407755	1	0	1	1.8087396371858369
249271.2290777544	2000.0	2047.323157653224	0.0	0	0.0	2318.552235407755	1	0	1	1.8087396371858369
250200.0	2000.0	2118.552235407624	0.0	0	69.47009612483089	2318.552235407784	1	0	1	1.808739637185836
251570.86353940036	2000.0	1747.6886960072302	0.0	0	0.0	2318.552235407755	1	0	1	1.8087396371858362
253021.4374242385	2000.0	1297.1148111691098	0.0	0	0.0	2318.5522354077257	1	0	1	1.8087396371858397
254147.82449227164	2000.0	1170.7277431360042	0.0	0	0.0	2318.5522354077257	1	0	1	1.8087396371858397
254808.04321764206	2000.0	1510.509017765569	0.0	0	0.0	2318.5522354077257	1	0	1	1.8087396371858397
255447.398312353	2000.0	1871.1539230546177	0.0	0	0.0	2318.5522354077257	1	0	1	1.8087396371858397
256711.02103068994	2000.0	1607.5312047176733	0.0	0	0.0	2318.5522354076966	1	0	1	1.8087396371858424
258000.93827415205	2000.0	1317.6139612555717	0.0	0	0.0	2318.5522354076966	1	0	1	1.8087396371858402
259112.88314950053	2000.0	1205.6690859071114	0.0	0	0.0	2318.5522354076966	1	0	1	1.8087396371858424
259888.41963687638	2000.0	1430.1325985312476	0.0	0	0.0	2318.5522354076966	1	0	1	1.8087396371858424
260842.00448245986	2000.0	1476.5477529477603	0.0	0	0.0	2318.5522354076966	1	0	1	1.8087396371858424
261791.39943456682	2000.0	1527.1528008408059	0.0	0	0.0	2318.5522354077257	1	0	1	1.8087396371858397
262678.18538667954	2000.0	1640.3668487280224	0.0	0	0.0	2318.5522354076966	1	0	1	1.8087396371858417
263460.8176876028	2000.0	1857.7345478048169	0.0	0	0.0	2318.5522354076966	1	0	1	1.8087396371858429
264274.5119052593	2000.0	2044.0403301483102	0.0	0	0.0	2318.5522354076966	1	0	1	1.8087396371858435
265200.0	2000.0	2118.55223540759	0.0	0	148.67658162192674	2318.5522354076966	1	0	1	1.8087396371858424
266200.0	2000.0	2118.5522354075356	0.0	0	301.3280466105207	2318.5522354076966	1	0	1	1.8087396371858424
267200.0	2000.0	2118.5522354074806	0.0	0	446.161248843011	2318.5522354076384	1	0	1	1.8087396371858482
268200.0	2000.0	2118.5522354074897	0.0	0	596.780723827309	2318.5522354076384	1	0	1	1.8087396371858482
269200.0	3000.0	2118.552235407492	0.0	0	68.65767521981616	2318.5522354076966	1	0	1	1.808739637185846
271364.0128470396	3000.0	954.5393883678844	0.0	0	0.0	2318.5522354076966	1	0	1	2.2142047452940075
274897.3835733962	3000.0	200.0	1778.8313379886192	0	0.0	4097.38357339619	1	0	1	-8.784733305739742
276596.6572606109	2000.0	200.0	790.1827781237105	0	0.0	4796.657260610897	1	0	2	-4.5860671374925355
277187.8184421739	1000.0	719.3136478500145	154.1735886993636	0	0.0	4907.132090023952	1	0	2	-1.6182892174595538
277778.3920125789	1000.0	1069.6827204044673	0.0	0	0.0	4848.074732983485	1	0	2	0.04197367613915054
278299.8178139057	1000.0	1496.1143389450358	0.0	0	0.0	4795.932152850844	1	0	2	0.08102044625280552
279024.22021841636	1000.0	1699.2716939833142	0.0	0	0.0	4723.491912399768	1	0	2	0.12992826877210312
279795.6333949116	2000.0	1850.7171998385406	0.0	0	0.0	4646.350594750198	1	0	2	0.18032562669437444
280582.5513103096	2000.0	1985.1074929007202	0.0	0	0.0	4567.658803210419	1	0	2	0.9231365209809688
281828.8175587078	2000.0	1614.2146196627382	0.0	0	0.0	4443.032178370631	1	0	2	0.987943979447993
283293.00076044473	2000.0	1003.6130977520768	0.0	0	0.0	4296.613858196884	1	0	2	1.073417834572949
284526.31980696914	2000.0	646.9621465752685	0.0	0	0.0	4173.281953544472	1	0	2	1.1359138073603092
285844.3917483204	2000.0	328.8373695657476	119.77668952445529	0	0.0	4173.2291178862215	1	0	2	0.41907104089346076
286265.2237408128	1000.0	865.922177824209	0.0	0	0.0	4131.145918637048	1	0	2	-0.21898126101074136
286747.1719306325	1000.0	1335.779169022537	0.0	0	0.0	4082.951099655067	1	0	2	0.49574040530620495
287213.70939663216	1000.0	1822.5879564228571	0.0	0	0.0	4036.297353054979	1	0	2	0.5167263413395924
287837.52653217496	1000.0	2136.389107325728	0.0	0	0.0	3973.9156395005994	1	0	2	0.5418956658083351
288587.4216588191	1000.0	2311.5044680172136	0.0	0	0.0	3898.926126836217	1	0	2	0.5699958939012224
289497.96797213703	1000.0	2309.903523367461	0.0	0	0.0	3807.871495504456	1	0	2	0.6028901990599669
290249.53825473116	1000.0	2483.176212513916	0.0	0	0.0	3732.7144672449795	1	0	2	0.6331942680594396
290845.86229587387	1000.0	2827.2197672570633	0.0	0	0.0	3673.0820631308015	1	0	2	0.6535834456192665
291371.16490358853	1000.0	3249.386898770951	0.0	0	0.0	3620.5518023593468	1	0	2	0.6710419321186357
292200.0	1000.0	3337.668292718328	0.0	0	47.41175206366461	3537.668292718183	1	0	2	0.6927145498919609
293356.6781861767	2000.0	3065.322287923912	0.0	0	0.0	3422.000474100467	1	0	2	0.7238949655495106
295224.5098038238	2000.0	2010.7075085120978	0.0	0	0.0	3235.217312335735	1	0	2	1.4569815136757085
296910.5143747422	2000.0	1156.1024805017755	0.0	0	0.0	3066.6168552439194	1	0	2	1.4962570076403643
297803.66194050363	1000.0	1262.9549147403843	0.0	0	0.0	3066.6168552439194	1	0	1	0.11860502642046744
298399.9287504377	1000.0	1666.6881048063262	0.0	0	0.0	3066.6168552439194	1	0	1	1.0117522069804128
299137.0686947917	1000.0	1929.5481604522838	0.0	0	0.0	3066.6168552439194	1	0	1	1.0117522069804128
299620.8682049014	1000.0	2445.74865034256	0.0	0	0.0	3066.6168552439194	1	0	1	1.0117522069804128
300200.0	1000.0	2866.616855244031	0.0	0	20.147416662657633	3066.6168552439194	1	0	1	1.0117522069804128
2.29	1.67	2.27	2.66	3.23	3.24	2.65	2.64	2.69	2.65	2.18	1.93	1.23	1.83	2.57	1.9	2.28	1.97	1.92	2.75	3.39	3.45	2.34	1.99	1.68	1.58	1.25	2.02	1.98	2.04	1.93	2.05	1.61	1.66	1.64	2.22	2.48	2.63	2.81	1.47	1.44	2.25	3.22	2.4	1.56	1.74	1.56	2.17	3.03	3.35	2.56	1.88	2.41	3.09	3.49	2.22	2.35	2.53	1.68	2.78	1.91	2.35	3.16	2.62	2.05	2.42	2.68	1.85	1.83	2.42	2.72	1.42	1.67	2.31	3.17	3.31	1.92	2.33	2.72	3.53	2.9	1.93	1.56	1.15	1.82	2.12	2.7	1.81	2.5	2.39	2.36	2.19	2.59	2.88	2.98	2.65	2.28	1.77	1.41	1.88	1.99	2.68	2.41	2.04	1.74	2.09	2.54	2.5	2.36	2.78	2.31	2.19	2.97	3.65	4.7	4.66	2.73	1.05	0.83	0.66	1.1	1.7	1.23	1.63	2.04	1.59	2.31	2.75	1.67	1.34	1.87	1.83	2.09	2.53	2.21	1.26	1.02	1.4	1.71	1.81	1.89	1.08	1.48	1.66	1.47	1.33	1.99	1.99	2.68	2.35	2.29	1.67	2.27	2.66	3.23	3.24	2.65	2.64	2.69	2.65	2.18	1.93	1.23	1.83	2.57	1.9	2.28	1.97	1.92	2.75	3.39	3.45	2.34	1.99	1.68	1.58	1.25	2.02	1.98	2.04	1.93	2.05	1.61	1.66	1.64	2.22	2.48	2.63	2.81	1.47	1.44	2.25	3.22	2.4	1.56	1.74	1.56	2.17	3.03	3.35	2.56	1.88	2.41	3.09	3.49	2.22	2.35	2.53	1.68	2.78	1.91	2.35	3.16	2.62	2.05	2.42	2.68	1.85	1.83	2.42	2.72	1.42	1.67	2.31	3.17	3.31	1.92	2.33	2.72	3.53	2.9	1.93	1.56	1.15	1.82	2.12	2.7	1.81	2.5	2.39	2.36	2.19	2.59	2.88	2.98	2.65	2.28	1.77	1.41	1.88	1.99	2.68	2.41	2.04	1.74	2.09	2.54	2.5	2.36	2.78	2.31	2.19	2.97	3.65	4.7	4.66	2.73	1.05	0.83	0.66	1.1	1.7	1.23	1.63	2.04	1.59	2.31	2.75	1.67	1.34	1.87	1.83	2.09	2.53	2.21	1.26	1.02	1.4	1.71	1.81	1.89	1.08	1.48	1.66	1.47	1.33	1.99	1.99	2.68	2.35	2.29	1.67
1.0	2.0	3.0	4.0	5.0	6.0	7.0	8.0	9.0	10.0	11.0	12.0	13.0	14.0	15.0	16.0	17.0	18.0	19.0	20.0	21.0	22.0	23.0	24.0	25.0	26.0	27.0	28.0	29.0	30.0	31.0	32.0	33.0	34.0	35.0	36.0	37.0	38.0	39.0	40.0	41.0	42.0	43.0	44.0	45.0	46.0	47.0	48.0	49.0	50.0	51.0	52.0	53.0	54.0	55.0	56.0	57.0	58.0	59.0	60.0	61.0	62.0	63.0	64.0	65.0	66.0	67.0	68.0	69.0	70.0	71.0	72.0	73.0	74.0	75.0	76.0	77.0	78.0	79.0	80.0	81.0	82.0	83.0	84.0	85.0	86.0	87.0	88.0	89.0	90.0	91.0	92.0	93.0	94.0	95.0	96.0	97.0	98.0	99.0	100.0	101.0	102.0	103.0	104.0	105.0	106.0	107.0	108.0	109.0	110.0	111.0	112.0	113.0	114.0	115.0	116.0	117.0	118.0	119.0	120.0	121.0	122.0	123.0	124.0	125.0	126.0	127.0	128.0	129.0	130.0	131.0	132.0	133.0	134.0	135.0	136.0	137.0	138.0	139.0	140.0	141.0	142.0	143.0	144.0	145.0	146.0	147.0	148.0	149.0	149.0	150.0	151.0	152.0	153.0	154.0	155.0	156.0	157.0	158.0	159.0	160.0	161.0	162.0	163.0	164.0	165.0	166.0	167.0	168.0	169.0	170.0	171.0	172.0	173.0	174.0	175.0	176.0	177.0	178.0	179.0	180.0	181.0	182.0	183.0	184.0	185.0	186.0	187.0	188.0	189.0	190.0	191.0	192.0	193.0	194.0	195.0	196.0	197.0	198.0	199.0	200.0	201.0	202.0	203.0	204.0	205.0	206.0	207.0	208.0	209.0	210.0	211.0	212.0	213.0	214.0	215.0	216.0	217.0	218.0	219.0	220.0	221.0	222.0	223.0	224.0	225.0	226.0	227.0	228.0	229.0	230.0	231.0	232.0	233.0	234.0	235.0	236.0	237.0	238.0	239.0	240.0	241.0	242.0	243.0	244.0	245.0	246.0	247.0	248.0	249.0	250.0	251.0	252.0	253.0	254.0	255.0	256.0	257.0	258.0	259.0	260.0	261.0	262.0	263.0	264.0	265.0	266.0	267.0	268.0	269.0	270.0	271.0	272.0	273.0	274.0	275.0	276.0	277.0	278.0	279.0	280.0	281.0	282.0	283.0	284.0	285.0	286.0	287.0	288.0	289.0	290.0	291.0	292.0	293.0	294.0	295.0	296.0	297.0	298.0	298.0	299.0	300.0
3912.041892162811
