4685.258250417441	300.0	2000.0	406.82509615996753	0	0.0	4685.258250417441	1	0	1	-3.212654259021074
5102.536523222189	300.0	2540.9938999147766	0.0	0	0.0	4643.530423136966	1	0	2	-1.2158808218068056
5433.449488109229	300.0	3176.9896385390325	0.0	0	0.0	4610.439126648261	1	0	2	-0.9933256934326622
5722.542076927978	300.0	3858.987790838408	0.0	0	0.0	4581.529867766385	1	0	2	-0.9741800376674187
6200.0	300.0	4333.784075459182	0.0	0	67.07541580483758	4533.784075459182	1	0	2	-0.9491877375887673
7200.0	500.0	4233.784075459182	0.0	0	480.49151831699874	4433.7840754591825	1	0	2	-0.9038197570553754
8200.0	500.0	4133.7840754591825	0.0	0	269.88521727761145	4333.784075459182	1	0	2	-0.334794185620704
9420.881151065145	500.0	3790.8148092875226	0.0	0	0.0	4211.6959603526675	1	0	2	-0.27083808982578367
10336.720884142065	500.0	3783.391102902911	0.0	0	0.0	4120.111987044977	1	0	2	-0.21852582395020478
11294.205329711902	500.0	3730.1582127760907	0.0	0	0.0	4024.363542487994	1	0	2	-0.17527832451773426
12200.0	500.0	3733.784075459181	0.0	0	441.8847371589145	3933.7840754591816	1	0	2	-0.1443167174894202
13200.0	500.0	3633.784075459181	0.0	0	368.40042207998704	3833.78407545918	1	0	2	-0.1045786132864079
14200.0	500.0	3533.78407545918	0.0	0	531.3942020508312	3733.7840754591743	1	0	2	-0.06876934045088597
15200.0	500.0	3433.784075459181	0.0	0	643.431016460634	3633.7840754591743	1	0	2	-0.03529016878323621
16200.0	500.0	3333.7840754591775	0.0	0	404.8025613172231	3533.7840754591707	1	0	2	-0.0035381846287385263
17200.0	500.0	3233.7840754591803	0.0	0	576.3397569807603	3433.7840754591743	1	0	2	0.024558390033881564
18200.0	500.0	3133.784075459176	0.0	0	666.9417469964901	3333.784075459169	1	0	2	0.050748439786997
19200.0	500.0	3033.7840754591807	0.0	0	774.4193033089869	3233.784075459176	1	0	2	0.0748590883494291
20200.0	500.0	2933.784075459183	0.0	0	644.2998794357591	3133.784075459178	1	0	2	0.09694569539159968
21200.0	1000.0	2833.7840754591803	0.0	0	101.0012876278306	3033.7840754591743	1	0	2	0.12028437511712528
22200.0	1000.0	2733.7840754591816	0.0	0	409.22154776214666	2933.7840754591816	1	0	2	0.8289521409111705
23200.0	1000.0	2633.784075459182	0.0	0	103.98289620960713	2833.784075459189	1	0	2	0.8481412648393404
24200.0	1000.0	2533.7840754591884	0.0	0	504.9483276745086	2733.784075459196	1	0	2	0.8611829279271681
25200.0	1000.0	2433.784075459189	0.0	0	311.60894775051565	2633.7840754591925	1	0	2	0.8754556586713335
26200.0	1000.0	2333.7840754591907	0.0	0	268.50258782781384	2533.784075459189	1	0	2	0.8883879152683997
27200.0	1000.0	2233.784075459193	0.0	0	97.06791710702964	2433.784075459189	1	0	2	0.9006569991486826
28200.0	1000.0	2133.78407545919	0.0	0	306.0929587355495	2333.7840754591853	1	0	2	0.9104500466589294
29200.0	1000.0	2033.7840754591916	0.0	0	218.6612794511093	2233.784075459189	1	0	2	0.9201073275571372
30200.0	1000.0	1933.7840754591916	0.0	0	44.02001460055908	2133.7840754591853	1	0	2	0.9298618932566964
31200.0	1000.0	1833.784075459194	0.0	0	487.39411637125886	2033.7840754591816	1	0	2	0.9365693002888413
32200.0	1000.0	1733.7840754591923	0.0	0	433.5133473385722	1933.7840754591743	1	0	2	0.943795004338565
33200.0	1000.0	1633.7840754591873	0.0	0	155.19543549158698	1833.7840754591707	1	0	2	0.9506681475220898
34200.0	1000.0	1533.7840754591757	0.0	0	200.15848638606985	1733.7840754591598	1	0	2	0.9567786070150962
35200.0	1000.0	1433.784075459175	0.0	0	33.04338085120253	1633.7840754591598	1	0	2	0.9619855950339498
36326.586158997794	1000.0	1194.539300561603	0.0	0	0.0	1521.125459559371	1	0	2	0.9676677666812676
37554.104632647744	1000.0	967.0208269116536	0.0	0	0.0	1521.125459559371	1	0	1	0.9689877601414831
38286.43826166742	1000.0	1234.6871978919796	0.0	0	0.0	1521.125459559371	1	0	1	1.1689877601414833
39283.36476526498	1000.0	1237.7606942944178	0.0	0	0.0	1521.125459559371	1	0	1	1.1689877601414833
40271.29313261061	1000.0	1249.8323269487964	0.0	0	0.0	1521.125459559371	1	0	1	1.1689877601414833
41200.0	1000.0	1321.1254595594078	0.0	0	30.440658117018756	1521.125459559371	1	0	1	1.1689877601414833
42353.086961938716	1000.0	1168.0384976206892	0.0	0	0.0	1521.125459559371	1	0	1	1.1689877601414833
43200.0	500.0	1321.125459559406	0.0	0	249.84054147637653	1521.125459559371	1	0	1	-0.21730660097840748
44200.0	1000.0	1321.125459559407	0.0	0	134.67690740020043	1521.1254595593637	1	0	1	0.4758405795815383
45200.0	1000.0	1321.125459559408	0.0	0	204.73708721702133	1521.1254595593637	1	0	1	1.1689877601414838
46705.84195220176	1000.0	815.2835073576488	0.0	0	0.0	1521.1254595593637	1	0	1	1.1689877601414838
49268.210418698225	1000.0	200.0	947.0849591388187	0	0.0	2468.210418698225	1	0	1	-4.5599418229023705
50213.42513682636	500.0	549.1746668983185	294.38938502645226	0	0.0	2762.5998037246754	1	0	1	-2.089896543667793
50946.47475488768	500.0	816.1250488370005	0.0	0	0.0	2762.5998037246754	1	0	1	0.3695869470508657
51920.66971228439	500.0	841.9300914402867	0.0	0	0.0	2762.5998037246754	1	0	1	0.3695869470508657
52360.61569097125	500.0	1401.9841127534262	0.0	0	0.0	2762.5998037246754	1	0	1	0.3695869470508657
52915.16289369045	500.0	1847.4369100342324	0.0	0	0.0	2762.5998037246754	1	0	1	0.3695869470508657
53637.41094938585	500.0	2125.1888543388277	0.0	0	0.0	2762.5998037246754	1	0	1	0.3695869470508657
54200.0	500.0	2562.5998037246823	0.0	0	54.18541739424836	2762.599803724668	1	0	1	0.3695869470508668
55200.0	500.0	2562.599803724676	0.0	0	643.3541006725573	2762.599803724668	1	0	1	0.3695869470508668
56200.0	500.0	2562.5998037246814	0.0	0	523.2660084069648	2762.599803724668	1	0	1	0.3695869470508668
57200.0	500.0	2562.5998037246914	0.0	0	547.993661885761	2762.599803724668	1	0	1	0.3695869470508668
58200.0	500.0	2562.5998037246873	0.0	0	630.7652337909312	2762.599803724668	1	0	1	0.3695869470508668
59200.0	500.0	2562.599803724682	0.0	0	675.3868496405848	2762.599803724668	1	0	1	0.3695869470508668
60200.0	1000.0	2562.599803724683	0.0	0	250.31867130775208	2762.5998037246754	1	0	1	0.3695869470508658
61291.97022949232	1000.0	2470.62957423237	0.0	0	0.0	2762.5998037246754	1	0	1	1.062734127610811
62416.31040021602	1000.0	2346.2894035086733	0.0	0	0.0	2762.5998037246827	1	0	1	1.0627341276108102
63426.168373059874	1000.0	2336.43143066482	0.0	0	0.0	2762.59980372469	1	0	1	1.062734127610809
64200.0	1000.0	2562.5998037246923	0.0	0	95.1278965744059	2762.59980372469	1	0	1	1.062734127610809
65200.0	1000.0	2562.599803724691	0.0	0	382.5424205142699	2762.59980372469	1	0	1	1.062734127610809
66200.0	1000.0	2562.599803724689	0.0	0	76.30427475862962	2762.5998037246827	1	0	1	1.0627341276108109
67200.0	1000.0	2562.5998037247	0.0	0	95.5954147180164	2762.59980372469	1	0	1	1.0627341276108102
68335.92346529388	1000.0	2426.6763384308306	0.0	0	0.0	2762.5998037247045	1	0	1	1.0627341276108082
69804.93077436565	1000.0	1957.6690293590586	0.0	0	0.0	2762.5998037247045	1	0	1	1.0627341276108069
70417.11049806491	1000.0	2345.4893056598034	0.0	0	0.0	2762.5998037247045	1	0	1	1.0627341276108069
71329.46763156829	1000.0	2433.132172156433	0.0	0	0.0	2762.5998037247045	1	0	1	1.0627341276108069
72312.40682807914	1000.0	2450.1929756455793	0.0	0	0.0	2762.5998037247045	1	0	1	1.0627341276108069
73200.0	1000.0	2562.599803724735	0.0	0	103.23624644063239	2762.5998037247045	1	0	1	1.0627341276108069
74200.0	1000.0	2562.5998037247264	0.0	0	77.91784560662927	2762.5998037247045	1	0	1	1.0627341276108069
75200.0	1000.0	2562.5998037247323	0.0	0	38.75040807145706	2762.599803724719	1	0	1	1.0627341276108049
76479.40741691468	1000.0	2283.19238681007	0.0	0	0.0	2762.599803724719	1	0	1	1.0627341276108049
77200.0	1000.0	2562.599803724743	0.0	0	6.861899501673179	2762.599803724719	1	0	1	1.0627341276108049
78533.89483936745	1000.0	2228.704964357287	0.0	0	0.0	2762.5998037247045	1	0	1	1.0627341276108069
79766.06580319801	1000.0	1996.5340005267437	0.0	0	0.0	2762.5998037247045	1	0	1	1.0627341276108069
80854.75049359015	1000.0	1907.8493101345953	0.0	0	0.0	2762.5998037247045	1	0	1	1.0627341276108069
82100.42800089132	1000.0	1662.1718028334471	0.0	0	0.0	2762.5998037247045	1	0	1	1.0627341276108069
82925.81682583671	1000.0	1836.7829778880734	0.0	0	0.0	2762.5998037247045	1	0	1	1.0627341276108069
83995.22719164014	1000.0	1767.372612084638	0.0	0	0.0	2762.5998037247045	1	0	1	1.0627341276108069
84667.33287891668	1000.0	2095.2669248080892	0.0	0	0.0	2762.5998037247045	1	0	1	1.0627341276108069
85661.23388328815	1000.0	2101.365920436611	0.0	0	0.0	2762.5998037247045	1	0	1	1.0627341276108069
86497.71867584062	1000.0	2264.8811278841636	0.0	0	0.0	2762.599803724719	1	0	1	1.0627341276108049
87200.0	1000.0	2562.599803724765	0.0	0	142.32024656925933	2762.599803724719	1	0	1	1.0627341276108049
88200.0	1000.0	2562.5998037247564	0.0	0	279.8051570202224	2762.599803724719	1	0	1	1.0627341276108049
89200.0	1000.0	2562.599803724752	0.0	0	142.41593997571908	2762.5998037247045	1	0	1	1.0627341276108069
90219.13991812439	1000.0	2543.459885600364	0.0	0	0.0	2762.5998037247045	1	0	1	1.0627341276108069
91200.0	1000.0	2562.5998037247628	0.0	0	272.68355390151555	2762.5998037247045	1	0	1	1.0627341276108069
92351.33311752879	1000.0	2411.2666861959838	0.0	0	0.0	2762.5998037247045	1	0	1	1.0627341276108069
93200.0	1000.0	2562.599803724753	0.0	0	2.1270585804304574	2762.59980372469	1	0	1	1.062734127610809
94426.53675011038	1000.0	2336.063053614384	0.0	0	0.0	2762.5998037247045	1	0	1	1.0627341276108069
95410.83756310944	1000.0	2351.76224061534	0.0	0	0.0	2762.5998037247045	1	0	1	1.0627341276108069
96668.8089914959	1000.0	2093.7908122288827	0.0	0	0.0	2762.5998037247045	1	0	1	1.0627341276108069
97490.33718634846	1000.0	2272.262617376309	0.0	0	0.0	2762.59980372469	1	0	1	1.062734127610809
98297.35800702512	1000.0	2465.241796699656	0.0	0	0.0	2762.59980372469	1	0	1	1.062734127610809
99200.0	1000.0	2562.599803724768	0.0	0	79.53687869664282	2762.59980372469	1	0	1	1.062734127610809
100200.0	1000.0	2562.599803724761	0.0	0	246.75875426150742	2762.59980372469	1	0	1	1.062734127610809
101200.0	1000.0	2562.599803724756	0.0	0	329.49708492317586	2762.5998037246754	1	0	1	1.062734127610811
102200.0	1000.0	2562.5998037247464	0.0	0	197.9435080655967	2762.5998037246754	1	0	1	1.062734127610811
103200.0	1000.0	2562.5998037247323	0.0	0	155.3653575485805	2762.5998037246754	1	0	1	1.062734127610811
104210.35464537436	1000.0	2552.2451583503766	0.0	0	0.0	2762.5998037246754	1	0	1	1.062734127610811
105200.0	1000.0	2562.5998037247286	0.0	0	461.7335684516729	2762.5998037246754	1	0	1	1.062734127610811
106200.0	1000.0	2562.5998037247327	0.0	0	385.1790083313099	2762.5998037246754	1	0	1	1.062734127610811
107200.0	1000.0	2562.599803724755	0.0	0	126.27734385363874	2762.5998037246754	1	0	1	1.062734127610811
108200.0	1000.0	2562.5998037247564	0.0	0	516.8805287120049	2762.5998037246754	1	0	1	1.062734127610811
109200.0	1000.0	2562.5998037247596	0.0	0	245.98080093972385	2762.5998037246754	1	0	1	1.062734127610811
110200.0	1000.0	2562.599803724761	0.0	0	48.641147059504874	2762.5998037246754	1	0	1	1.062734127610811
111295.34843455096	1000.0	2467.2513691737963	0.0	0	0.0	2762.5998037246754	1	0	1	1.062734127610811
112208.64006051922	1000.0	2553.959743205533	0.0	0	0.0	2762.5998037246754	1	0	1	1.062734127610811
113200.0	1000.0	2562.5998037247437	0.0	0	349.70561679053935	2762.5998037246754	1	0	1	1.062734127610811
114200.0	1000.0	2562.599803724743	0.0	0	46.12564485859184	2762.599803724661	1	0	1	1.0627341276108133
115411.64450207344	1000.0	2350.9553016513155	0.0	0	0.0	2762.5998037246754	1	0	1	1.062734127610811
116855.10223579487	1000.0	1907.4975679298868	0.0	0	0.0	2762.5998037246754	1	0	1	1.062734127610811
117580.35505120787	1000.0	2182.244752516911	0.0	0	0.0	2762.5998037246754	1	0	1	1.062734127610811
118689.13336740459	1000.0	2073.4664363201973	0.0	0	0.0	2762.59980372469	1	0	1	1.062734127610809
119980.36278227341	1000.0	1782.237021451362	0.0	0	0.0	2762.59980372469	1	0	1	1.062734127610809
121179.07014130645	1000.0	1583.52966241831	0.0	0	0.0	2762.5998037246754	1	0	1	1.062734127610811
122463.16487254685	1000.0	1299.434931177904	0.0	0	0.0	2762.5998037246754	1	0	1	1.062734127610811
123525.19457147998	1000.0	1237.405232244765	0.0	0	0.0	2762.599803724661	1	0	1	1.0627341276108133
123859.04297379249	500.0	1903.5568299322488	0.0	0	0.0	2762.599803724661	1	0	1	-0.3235602335090776
124227.3688821187	500.0	2535.23092160605	0.0	0	0.0	2762.599803724661	1	0	1	0.3695869470508678
125200.0	1000.0	2562.599803724748	0.0	0	456.3063547933998	2762.599803724661	1	0	1	0.3695869470508679
126200.0	1000.0	2562.5998037247405	0.0	0	289.447964300547	2762.599803724661	1	0	1	1.0627341276108133
127200.0	1000.0	2562.599803724752	0.0	0	369.36304124450544	2762.599803724661	1	0	1	1.0627341276108133
128200.0	1000.0	2562.5998037247364	0.0	0	142.85385836964997	2762.599803724661	1	0	1	1.0627341276108133
129507.09624342938	1000.0	2255.5035602953517	0.0	0	0.0	2762.599803724661	1	0	1	1.0627341276108133
130834.34135300419	1000.0	1928.2584507205393	0.0	0	0.0	2762.599803724661	1	0	1	1.0627341276108133
131855.84432631268	1000.0	1906.755477412039	0.0	0	0.0	2762.599803724661	1	0	1	1.0627341276108115
132707.0580654726	1000.0	2055.54173825211	0.0	0	0.0	2762.599803724632	1	0	1	1.062734127610817
133513.79134179946	1000.0	2248.8084619252377	0.0	0	0.0	2762.5998037246027	1	0	1	1.0627341276108209
134423.80765644254	1000.0	2338.792147282145	0.0	0	0.0	2762.599803724588	1	0	1	1.062734127610824
135494.98663651315	1000.0	2267.613167211557	0.0	0	0.0	2762.5998037246172	1	0	1	1.0627341276108195
136627.86819809888	1000.0	2134.7316056258187	0.0	0	0.0	2762.5998037246172	1	0	1	1.0627341276108195
137200.0	500.0	2562.5998037246945	0.0	0	180.70232257118914	2762.5998037246463	1	0	1	-0.32356023350907537
138200.0	500.0	2562.5998037246804	0.0	0	423.8117153874482	2762.5998037246463	1	0	1	0.36958694705087
139200.0	500.0	2562.599803724683	0.0	0	537.6104172490013	2762.5998037246754	1	0	1	0.3695869470508657
140390.53359949155	1000.0	2372.066204233136	0.0	0	0.0	2762.5998037246754	1	0	1	0.3695869470508658
141200.0	1000.0	2562.5998037246927	0.0	0	197.71918294712668	2762.5998037246754	1	0	1	1.062734127610811
142200.0	1000.0	2562.599803724721	0.0	0	517.7530120192096	2762.5998037246754	1	0	1	1.062734127610811
143200.0	1000.0	2562.5998037247546	0.0	0	346.1451243534102	2762.5998037246754	1	0	1	1.062734127610811
144200.0	1000.0	2562.59980372473	0.0	0	364.9198172526667	2762.5998037246754	1	0	1	1.062734127610811
145200.0	1000.0	2562.5998037246936	0.0	0	356.71553442496224	2762.5998037246463	1	0	1	1.0627341276108155
146345.05592946775	1000.0	2417.5438742569404	0.0	0	0.0	2762.5998037246463	1	0	1	1.0627341276108155
147346.8147602925	1000.0	2415.785043432194	0.0	0	0.0	2762.5998037246463	1	0	1	1.0627341276108155
148403.08598350047	1000.0	2359.5138202242256	0.0	0	0.0	2762.5998037246463	1	0	1	1.0627341276108155
149200.0	1000.0	2562.5998037246823	0.0	0	71.88718375147437	2762.5998037246463	1	0	1	1.0627341276108155
150200.0	1000.0	2562.599803724659	0.0	0	283.4613105469034	2762.5998037246463	1	0	1	1.0627341276108155
151265.76880781905	1000.0	2496.830995905619	0.0	0	0.0	2762.5998037246463	1	0	1	1.0627341276108155
152598.40344783393	1000.0	2164.1963558907564	0.0	0	0.0	2762.5998037246463	1	0	1	1.0627341276108155
153665.24278085906	1000.0	2097.3570228656345	0.0	0	0.0	2762.5998037246463	1	0	1	1.0627341276108155
154526.34221522018	1000.0	2236.257588504494	0.0	0	0.0	2762.5998037246463	1	0	1	1.0627341276108155
155586.655110625	1000.0	2175.944693099712	0.0	0	0.0	2762.5998037246463	1	0	1	1.0627341276108155
156799.92748626435	1000.0	1962.6723174603605	0.0	0	0.0	2762.5998037246463	1	0	1	1.0627341276108155
158635.83143384504	1000.0	1126.7683698796752	0.0	0	0.0	2762.5998037246463	1	0	1	1.0627341276108155
159637.7554057831	500.0	1124.8443979416038	0.0	0	0.0	2762.5998037246172	1	0	1	-0.3235602335090711
160183.8336291033	500.0	1578.7661746214221	0.0	0	0.0	2762.5998037246172	1	0	1	0.3695869470508742
160934.09300837043	500.0	1828.5067953542748	0.0	0	0.0	2762.5998037246172	1	0	1	0.3695869470508742
161681.48138383843	500.0	2081.1184198862575	0.0	0	0.0	2762.5998037246172	1	0	1	0.3695869470508742
162257.0423807777	500.0	2505.55742294701	0.0	0	0.0	2762.5998037246172	1	0	1	0.3695869470508742
163200.0	500.0	2562.5998037247186	0.0	0	391.45343975536525	2762.5998037246172	1	0	1	0.3695869470508742
164200.0	500.0	2562.5998037247045	0.0	0	686.0941256433725	2762.5998037246172	1	0	1	0.3695869470508742
165200.0	500.0	2562.599803724729	0.0	0	528.4275215416274	2762.5998037246172	1	0	1	0.3695869470508742
166200.0	500.0	2562.5998037247396	0.0	0	518.9464122611971	2762.599803724588	1	0	1	0.3695869470508784
167200.0	500.0	2562.599803724748	0.0	0	637.883495320275	2762.599803724588	1	0	1	0.3695869470508784
168200.0	500.0	2562.599803724725	0.0	0	757.5648194909445	2762.599803724588	1	0	1	0.3695869470508784
169200.0	1000.0	2562.5998037246904	0.0	0	170.52348016385804	2762.599803724588	1	0	1	0.3695869470508786
170200.0	1000.0	2562.5998037246363	0.0	0	35.76686446319218	2762.599803724588	1	0	1	1.062734127610824
171200.0	1000.0	2562.5998037246404	0.0	0	52.31379331141943	2762.599803724588	1	0	1	1.062734127610824
172200.0	1000.0	2562.59980372465	0.0	0	96.22564451140352	2762.599803724588	1	0	1	1.062734127610824
173200.0	1000.0	2562.599803724664	0.0	0	314.91309409585665	2762.599803724588	1	0	1	1.062734127610824
174200.0	1000.0	2562.599803724655	0.0	0	357.8340123583912	2762.599803724588	1	0	1	1.062734127610824
175200.0	1000.0	2562.5998037246654	0.0	0	268.8448303521145	2762.599803724588	1	0	1	1.062734127610824
176200.0	1000.0	2562.5998037246277	0.0	0	241.07477474291227	2762.599803724559	1	0	1	1.062734127610828
177200.0	1000.0	2562.599803724593	0.0	0	279.8260042340553	2762.599803724559	1	0	1	1.062734127610828
178200.0	1000.0	2562.599803724581	0.0	0	314.21796542668017	2762.599803724588	1	0	1	1.062734127610824
179200.0	1000.0	2562.5998037245568	0.0	0	83.26164771453477	2762.599803724588	1	0	1	1.062734127610824
180200.0	1000.0	2562.599803724534	0.0	0	209.4202540917613	2762.599803724588	1	0	1	1.062734127610824
181200.0	1000.0	2562.5998037245004	0.0	0	92.07103341192123	2762.599803724559	1	0	1	1.062734127610828
182200.0	1000.0	2562.5998037245067	0.0	0	245.95764596399385	2762.599803724588	1	0	1	1.062734127610824
183398.9016727778	1000.0	2363.6981309467105	0.0	0	0.0	2762.599803724588	1	0	1	1.062734127610824
184236.35042550144	1000.0	2526.2493782231027	0.0	0	0.0	2762.5998037246172	1	0	1	1.0627341276108204
185632.92529625894	1000.0	2129.6745074656037	0.0	0	0.0	2762.599803724588	1	0	1	1.062734127610824
186795.22294683833	1000.0	1967.3768568862	0.0	0	0.0	2762.599803724588	1	0	1	1.062734127610824
187590.90294010082	1000.0	2171.6968636236943	0.0	0	0.0	2762.599803724588	1	0	1	1.062734127610824
188373.93292065174	1000.0	2388.66688307277	0.0	0	0.0	2762.599803724588	1	0	1	1.062734127610824
189251.8693536957	1000.0	2510.730450028799	0.0	0	0.0	2762.599803724559	1	0	1	1.062734127610828
190200.0	1000.0	2562.5998037245217	0.0	0	146.866353872756	2762.599803724588	1	0	1	1.062734127610824
191349.64536408224	1000.0	2412.954439642254	0.0	0	0.0	2762.599803724559	1	0	1	1.062734127610828
192259.9387275252	1000.0	2502.6610761993056	0.0	0	0.0	2762.599803724588	1	0	1	1.062734127610824
193208.69402774496	1000.0	2553.9057759795674	0.0	0	0.0	2762.599803724559	1	0	1	1.0627341276108273
194203.31843332067	1000.0	2559.281370403888	0.0	0	0.0	2762.599803724559	1	0	1	1.062734127610828
195617.5560656235	1000.0	2145.04373810107	0.0	0	0.0	2762.599803724559	1	0	1	1.062734127610828
197325.77715461137	1000.0	1436.8226491132048	0.0	0	0.0	2762.599803724588	1	0	1	1.0627341276108255
198340.70692744886	500.0	1421.8928762757014	0.0	0	0.0	2762.599803724559	1	0	1	-0.3235602335090635
199224.84520824518	500.0	1537.7545954794	0.0	0	0.0	2762.599803724559	1	0	1	0.3695869470508827
200184.99442801552	500.0	1577.6053757090888	0.0	0	0.0	2762.599803724588	1	0	1	0.36958694705087924
201074.71511039496	500.0	1687.8846933296504	0.0	0	0.0	2762.599803724588	1	0	1	0.3695869470508784
201625.94600743658	500.0	2136.6537962880266	0.0	0	0.0	2762.599803724559	1	0	1	0.3695869470508827
202316.56824009927	500.0	2446.031563625346	0.0	0	0.0	2762.599803724588	1	0	1	0.3695869470508784
203200.0	500.0	2562.599803724608	0.0	0	236.93253124432522	2762.5998037246172	1	0	1	0.3695869470508742
204200.0	500.0	2562.5998037246163	0.0	0	573.0160041599884	2762.5998037246172	1	0	1	0.3695869470508742
205200.0	500.0	2562.5998037246104	0.0	0	563.6087721910444	2762.5998037246172	1	0	1	0.3695869470508742
206200.0	500.0	2562.599803724631	0.0	0	540.544722126826	2762.5998037246172	1	0	1	0.3695869470508742
207200.0	500.0	2562.59980372462	0.0	0	700.0995930779027	2762.5998037246172	1	0	1	0.3695869470508742
208200.0	500.0	2562.5998037246477	0.0	0	739.3938164395222	2762.5998037246172	1	0	1	0.3695869470508742
209200.0	1000.0	2562.5998037246627	0.0	0	199.3429052614665	2762.5998037246172	1	0	1	0.3695869470508742
210200.0	1000.0	2562.599803724679	0.0	0	313.2511756941676	2762.5998037246463	1	0	1	1.0627341276108155
211279.32319836138	1000.0	2483.2766053632827	0.0	0	0.0	2762.5998037246463	1	0	1	1.0627341276108155
212200.0	1000.0	2562.599803724664	0.0	0	203.98839262794354	2762.5998037246754	1	0	1	1.062734127610811
213200.0	1000.0	2562.5998037246686	0.0	0	83.69307328140712	2762.5998037246754	1	0	1	1.062734127610811
214200.0	1000.0	2562.5998037246677	0.0	0	402.61388415814145	2762.5998037246754	1	0	1	1.062734127610811
215200.0	1000.0	2562.599803724653	0.0	0	268.812330452929	2762.5998037246754	1	0	1	1.062734127610811
216449.1341909609	1000.0	2313.465612763747	0.0	0	0.0	2762.5998037247045	1	0	1	1.0627341276108069
217568.73363299237	1000.0	2193.866170732291	0.0	0	0.0	2762.5998037247045	1	0	1	1.0627341276108069
218917.80903760804	1000.0	1844.7907661166194	0.0	0	0.0	2762.5998037247045	1	0	1	1.0627341276108069
219764.35600643718	1000.0	1998.2437972874918	0.0	0	0.0	2762.5998037247045	1	0	1	1.0627341276108069
220737.6589482189	1000.0	2024.9408555057923	0.0	0	0.0	2762.5998037247045	1	0	1	1.0627341276108069
221293.93071706968	1000.0	2468.6690866549943	0.0	0	0.0	2762.5998037246754	1	0	1	1.062734127610811
222203.87942115174	1000.0	2558.72038257295	0.0	0	0.0	2762.5998037246754	1	0	1	1.062734127610811
223200.0	1000.0	2562.5998037247123	0.0	0	241.50408438639715	2762.5998037246754	1	0	1	1.062734127610811
224710.22324094552	1000.0	2052.376562779186	0.0	0	0.0	2762.5998037246754	1	0	1	1.062734127610811
225562.28249811914	1000.0	2200.3173056055407	0.0	0	0.0	2762.5998037246754	1	0	1	1.062734127610811
226725.86803974293	1000.0	2036.731763981763	0.0	0	0.0	2762.5998037246754	1	0	1	1.062734127610811
227779.3112628906	1000.0	1983.2885408340844	0.0	0	0.0	2762.5998037246754	1	0	1	1.062734127610811
228564.63265788634	1000.0	2197.967145838362	0.0	0	0.0	2762.5998037246754	1	0	1	1.062734127610811
229587.79706078177	1000.0	2174.8027429429003	0.0	0	0.0	2762.5998037246754	1	0	1	1.062734127610811
230919.39694540217	1000.0	1843.2028583225197	0.0	0	0.0	2762.5998037247045	1	0	1	1.0627341276108102
231931.68775380918	1000.0	1830.9120499155192	0.0	0	0.0	2762.5998037247045	1	0	1	1.0627341276108095
232666.79881088878	1000.0	2095.8009928359015	0.0	0	0.0	2762.5998037247045	1	0	1	1.0627341276108069
233565.788729664	1000.0	2196.811074060719	0.0	0	0.0	2762.5998037247045	1	0	1	1.0627341276108069
234232.1321663068	1000.0	2530.467637417942	0.0	0	0.0	2762.5998037247045	1	0	1	1.0627341276108069
235200.0	1000.0	2562.599803724708	0.0	0	393.74498844335903	2762.5998037247045	1	0	1	1.0627341276108069
236200.0	1000.0	2562.5998037246895	0.0	0	475.64782278385246	2762.5998037247045	1	0	1	1.0627341276108069
237200.0	1000.0	2562.599803724675	0.0	0	196.26736251774128	2762.5998037247045	1	0	1	1.0627341276108069
238200.0	1000.0	2562.5998037246613	0.0	0	251.6361061114294	2762.5998037247045	1	0	1	1.0627341276108069
239200.0	1000.0	2562.599803724676	0.0	0	115.41874862503028	2762.5998037246754	1	0	1	1.062734127610811
240200.0	1000.0	2562.5998037246736	0.0	0	373.00687716391985	2762.5998037246754	1	0	1	1.062734127610811
241200.0	1000.0	2562.5998037246704	0.0	0	28.110485908284318	2762.5998037247045	1	0	1	1.0627341276108069
242332.00109221096	1000.0	2430.5987115137195	0.0	0	0.0	2762.5998037247045	1	0	1	1.0627341276108069
243368.54823131513	1000.0	2394.051572409545	0.0	0	0.0	2762.5998037247045	1	0	1	1.0627341276108069
244590.00702188106	1000.0	2172.592781843622	0.0	0	0.0	2762.5998037247045	1	0	1	1.0627341276108069
245774.79943761163	1000.0	1987.800366113045	0.0	0	0.0	2762.5998037246754	1	0	1	1.062734127610811
246748.8169077866	1000.0	2013.7828959380872	0.0	0	0.0	2762.5998037247045	1	0	1	1.0627341276108069
247704.69996100728	1000.0	2057.899842717389	0.0	0	0.0	2762.5998037247045	1	0	1	1.0627341276108069
248592.66786346995	1000.0	2169.9319402547308	0.0	0	0.0	2762.5998037247045	1	0	1	1.0627341276108069
249278.98018757926	1000.0	2483.619616145402	0.0	0	0.0	2762.5998037247045	1	0	1	1.0627341276108069
250381.02435629588	1000.0	2381.575447428804	0.0	0	0.0	2762.5998037246754	1	0	1	1.0627341276108102
251260.46722262603	1000.0	2502.13258109865	0.0	0	0.0	2762.5998037246754	1	0	1	1.062734127610811
252200.0	1000.0	2562.5998037246495	0.0	0	203.05046922762995	2762.5998037246754	1	0	1	1.062734127610811
253200.0	1000.0	2562.59980372462	0.0	0	85.26214928540867	2762.5998037246463	1	0	1	1.0627341276108155
254200.0	1000.0	2562.5998037246004	0.0	0	345.47847073100274	2762.5998037246172	1	0	1	1.0627341276108195
255200.0	1000.0	2562.5998037246004	0.0	0	464.8994976406975	2762.5998037246172	1	0	1	1.0627341276108195
256200.0	1000.0	2562.599803724575	0.0	0	157.47427842361503	2762.5998037246172	1	0	1	1.0627341276108195
257200.0	1000.0	2562.5998037245877	0.0	0	461.7271194381465	2762.5998037246172	1	0	1	1.0627341276108195
258200.0	1000.0	2562.599803724594	0.0	0	223.64113405076205	2762.5998037246172	1	0	1	1.0627341276108195
259200.0	1000.0	2562.5998037245995	0.0	0	127.41827292751987	2762.5998037246172	1	0	1	1.0627341276108195
260200.0	1000.0	2562.5998037246286	0.0	0	56.67068726054276	2762.5998037246172	1	0	1	1.0627341276108195
261200.0	1000.0	2562.599803724658	0.0	0	362.5019101710641	2762.5998037246172	1	0	1	1.0627341276108195
262200.0	1000.0	2562.5998037246436	0.0	0	379.2673573427601	2762.5998037246172	1	0	1	1.0627341276108195
263200.0	1000.0	2562.5998037246127	0.0	0	239.6119854671997	2762.599803724559	1	0	1	1.0627341276108222
264603.83933313616	1000.0	2158.7604705883828	0.0	0	0.0	2762.599803724501	1	0	1	1.0627341276108315
266174.5828057235	1000.0	1588.0169980010867	0.0	0	0.0	2762.599803724501	1	0	1	1.0627341276108364
267049.6104848138	1000.0	1712.9893189107318	0.0	0	0.0	2762.5998037243844	1	0	1	1.0627341276108502
268046.6134709782	1000.0	1715.9863327463113	0.0	0	0.0	2762.5998037243844	1	0	1	1.0627341276108535
268983.39581808593	1000.0	1779.2039856385975	0.0	0	0.0	2762.5998037243844	1	0	1	1.0627341276108535
269975.4380754851	1000.0	1787.161728239464	0.0	0	0.0	2762.5998037243844	1	0	1	1.0627341276108535
271440.88598137937	1000.0	1321.7138223452584	0.0	0	0.0	2762.5998037244426	1	0	1	1.062734127610845
272646.40726049885	1000.0	1116.192543225795	0.0	0	0.0	2762.599803724501	1	0	1	1.0627341276108364
273260.32901968085	1000.0	1502.2707840437558	0.0	0	0.0	2762.599803724501	1	0	1	1.0627341276108364
273868.19155464036	1000.0	1894.4082490842359	0.0	0	0.0	2762.599803724501	1	0	1	1.0627341276108364
274447.6607013269	1000.0	2314.939102397699	0.0	0	0.0	2762.599803724501	1	0	1	1.0627341276108364
275200.0	1000.0	2562.599803724553	0.0	0	0.32435959961730987	2762.599803724501	1	0	1	1.0627341276108364
276200.0	1000.0	2562.5998037245527	0.0	0	290.7568976871553	2762.5998037244426	1	0	1	1.062734127610845
277815.2540783109	1000.0	1947.3457254136597	0.0	0	0.0	2762.5998037244426	1	0	1	1.062734127610845
279150.9208356004	1000.0	1611.6789681241928	0.0	0	0.0	2762.599803724501	1	0	1	1.0627341276108417
280160.3032518596	1000.0	1602.2965518649535	0.0	0	0.0	2762.599803724501	1	0	1	1.0627341276108364
281162.18915476796	1000.0	1600.410648956595	0.0	0	0.0	2762.599803724501	1	0	1	1.0627341276108364
282000.81266881747	1000.0	1761.7871349070226	0.0	0	0.0	2762.599803724559	1	0	1	1.062734127610833
282760.9359585188	1000.0	2001.6638452056357	0.0	0	0.0	2762.599803724559	1	0	1	1.062734127610828
283791.2561102547	1000.0	1971.34369346971	0.0	0	0.0	2762.599803724559	1	0	1	1.062734127610828
284515.0832972994	1000.0	2247.516506425002	0.0	0	0.0	2762.599803724559	1	0	1	1.062734127610828
285425.3606292601	1000.0	2337.2391744643314	0.0	0	0.0	2762.599803724559	1	0	1	1.062734127610828
286200.0	1000.0	2562.599803724345	0.0	0	25.257270909438375	2762.599803724559	1	0	1	1.062734127610828
287200.0	500.0	2562.599803724351	0.0	0	615.8457654147642	2762.599803724559	1	0	1	-0.3235602335090626
288200.0	1000.0	2562.599803724335	0.0	0	398.819983008143	2762.5998037246172	1	0	1	0.3695869470508742
289207.54474407085	1000.0	2555.0550596535413	0.0	0	0.0	2762.5998037246754	1	0	1	1.062734127610811
290200.0	1000.0	2562.59980372439	0.0	0	167.52757589425892	2762.5998037246754	1	0	1	1.062734127610811
291200.0	1000.0	2562.5998037243526	0.0	0	333.3588676408981	2762.5998037246754	1	0	1	1.062734127610811
292200.0	1000.0	2562.5998037242625	0.0	0	603.9546090858639	2762.5998037246754	1	0	1	1.062734127610811
293200.0	1000.0	2562.59980372433	0.0	0	407.93112261442	2762.5998037246754	1	0	1	1.062734127610811
294200.0	1000.0	2562.5998037243385	0.0	0	351.80050999094965	2762.5998037246754	1	0	1	1.062734127610811
295415.24778890394	1000.0	2347.3520148203643	0.0	0	0.0	2762.5998037246172	1	0	1	1.0627341276108178
296397.0030275519	1000.0	2365.596776172378	0.0	0	0.0	2762.599803724559	1	0	1	1.062734127610828
297579.02691348194	1000.0	2183.572890242399	0.0	0	0.0	2762.5998037246172	1	0	1	1.0627341276108195
298200.0	1000.0	2562.5998037243025	0.0	0	9.240267353714444	2762.599803724559	1	0	1	1.062734127610828
299200.0	1000.0	2562.5998037243303	0.0	0	261.51751301949844	2762.599803724559	1	0	1	1.062734127610828
300200.0	1000.0	2562.5998037243326	0.0	0	39.60577110340819	2762.599803724559	1	0	1	1.062734127610828
0.75	0.94	1.07	0.81	0.63	0.43	0.53	0.87	0.82	1.14	1.54	1.24	1.12	1.26	1.9	2.42	0.86	1.63	0.96	2.0	2.21	1.7	1.54	1.55	1.31	1.07	1.49	1.53	1.25	0.85	1.25	0.72	0.75	0.82	1.3	1.39	1.26	0.94	0.92	1.45	1.56	0.73	0.67	0.41	0.59	0.46	0.53	0.63	1.04	0.94	1.39	1.33	0.98	1.38	1.93	1.66	1.08	1.37	1.07	1.11	1.81	1.48	1.2	0.89	0.8	0.94	1.58	1.23	1.45	1.52	1.0	0.68	1.2	1.08	0.95	1.11	1.17	0.74	0.93	1.22	1.27	1.36	1.54	1.66	1.49	1.22	1.49	0.89	1.15	0.88	1.03	0.95	1.08	1.3	1.03	1.24	1.39	1.05	1.54	1.36	1.42	2.1	1.54	1.75	1.58	1.03	1.1	1.3	1.52	1.6	0.97	0.74	0.71	1.11	1.12	0.88	1.12	0.67	0.92	1.18	1.9	1.41	2.19	1.17	0.66	0.74	0.61	1.1	1.47	1.23	0.76	1.09	1.23	1.01	1.34	1.11	1.08	1.95	2.35	1.49	1.62	1.07	1.02	1.07	0.92	1.54	1.32	1.15	0.95	0.86	0.75	0.94	1.07	0.81	0.63	0.43	0.53	0.87	0.82	1.14	1.54	1.24	1.12	1.26	1.9	2.42	0.86	1.63	0.96	2.0	2.21	1.7	1.54	1.55	1.31	1.07	1.49	1.53	1.25	0.85	1.25	0.72	0.75	0.82	1.3	1.39	1.26	0.94	0.92	1.45	1.56	0.73	0.67	0.41	0.59	0.46	0.53	0.63	1.04	0.94	1.39	1.33	0.98	1.38	1.93	1.66	1.08	1.37	1.07	1.11	1.81	1.48	1.2	0.89	0.8	0.94	1.58	1.23	1.45	1.52	1.0	0.68	1.2	1.08	0.95	1.11	1.17	0.74	0.93	1.22	1.27	1.36	1.54	1.66	1.49	1.22	1.49	0.89	1.15	0.88	1.03	0.95	1.08	1.3	1.03	1.24	1.39	1.05	1.54	1.36	1.42	2.1	1.54	1.75	1.58	1.03	1.1	1.3	1.52	1.6	0.97	0.74	0.71	1.11	1.12	0.88	1.12	0.67	0.92	1.18	1.9	1.41	2.19	1.17	0.66	0.74	0.61	1.1	1.47	1.23	0.76	1.09	1.23	1.01	1.34	1.11	1.08	1.95	2.35	1.49	1.62	1.07	1.02	1.07	0.92	1.54	1.32	1.15	0.95	0.86	0.75
1.0	2.0	3.0	4.0	5.0	6.0	7.0	8.0	9.0	10.0	11.0	12.0	13.0	14.0	15.0	16.0	17.0	18.0	19.0	20.0	21.0	22.0	23.0	24.0	25.0	26.0	27.0	28.0	29.0	30.0	31.0	32.0	33.0	34.0	35.0	36.0	37.0	38.0	39.0	40.0	41.0	42.0	43.0	44.0	45.0	46.0	47.0	48.0	49.0	50.0	51.0	52.0	53.0	54.0	55.0	56.0	57.0	58.0	59.0	60.0	61.0	62.0	63.0	64.0	65.0	66.0	67.0	68.0	69.0	70.0	71.0	72.0	73.0	74.0	75.0	76.0	77.0	78.0	79.0	80.0	81.0	82.0	83.0	84.0	85.0	86.0	87.0	88.0	89.0	90.0	91.0	92.0	93.0	94.0	95.0	96.0	97.0	98.0	99.0	100.0	101.0	102.0	103.0	104.0	105.0	106.0	107.0	108.0	109.0	110.0	111.0	112.0	113.0	114.0	115.0	116.0	117.0	118.0	119.0	120.0	121.0	122.0	123.0	124.0	125.0	126.0	127.0	128.0	129.0	130.0	131.0	132.0	133.0	134.0	135.0	136.0	137.0	138.0	139.0	140.0	141.0	142.0	143.0	144.0	145.0	146.0	147.0	148.0	149.0	149.0	150.0	151.0	152.0	153.0	154.0	155.0	156.0	157.0	158.0	159.0	160.0	161.0	162.0	163.0	164.0	165.0	166.0	167.0	168.0	169.0	170.0	171.0	172.0	173.0	174.0	175.0	176.0	177.0	178.0	179.0	180.0	181.0	182.0	183.0	184.0	185.0	186.0	187.0	188.0	189.0	190.0	191.0	192.0	193.0	194.0	195.0	196.0	197.0	198.0	199.0	200.0	201.0	202.0	203.0	204.0	205.0	206.0	207.0	208.0	209.0	210.0	211.0	212.0	213.0	214.0	215.0	216.0	217.0	218.0	219.0	220.0	221.0	222.0	223.0	224.0	225.0	226.0	227.0	228.0	229.0	230.0	231.0	232.0	233.0	234.0	235.0	236.0	237.0	238.0	239.0	240.0	241.0	242.0	243.0	244.0	245.0	246.0	247.0	248.0	249.0	250.0	251.0	252.0	253.0	254.0	255.0	256.0	257.0	258.0	259.0	260.0	261.0	262.0	263.0	264.0	265.0	266.0	267.0	268.0	269.0	270.0	271.0	272.0	273.0	274.0	275.0	276.0	277.0	278.0	279.0	280.0	281.0	282.0	283.0	284.0	285.0	286.0	287.0	288.0	289.0	290.0	291.0	292.0	293.0	294.0	295.0	296.0	297.0	298.0	298.0	299.0
3784.1749752107044
