4695.836013866537	300.0	2000.0	199.40856072183092	0	0.0	4695.836013866537	1	0	1	-2.0126631253268084
5124.290681616542	500.0	2528.699865474994	0.0	0	0.0	4652.990547091536	1	0	2	-1.2225235359094195
5536.067505251528	500.0	3075.7453594765097	0.0	0	0.0	4611.812864728038	1	0	2	-0.4841856064452328
6026.71255943113	500.0	3536.0357998789477	0.0	0	0.0	4562.748359310079	1	0	2	-0.4548317201981202
6359.2249148729625	500.0	4170.272208892931	0.0	0	0.0	4529.497123765895	1	0	2	-0.43155211912649755
7200.0	500.0	4245.419615253191	0.0	0	550.6535919078742	4445.419615253191	1	0	2	-0.39901631715650127
8225.760326355658	1000.0	4117.083256261969	0.0	0	0.0	4342.843582617626	1	0	2	-0.33414494766641456
9200.0	1000.0	4045.4196152531927	0.0	0	46.966068934294526	4245.419615253192	1	0	2	0.4103298401115092
10376.189895735244	1000.0	3751.610729944423	0.0	0	0.0	4127.800625679665	1	0	2	0.464905797508661
11776.145867091294	1000.0	3211.65916145277	0.0	0	0.0	3987.805028544063	1	0	2	0.5301299345118768
13023.261770646504	1000.0	2839.831667542038	0.0	0	0.0	3863.0934381885454	1	0	2	0.5786573025164501
14267.078889005425	1000.0	2471.632837347226	0.0	0	0.0	3738.7117263526543	1	0	2	0.6257457933112335
15123.017564328959	1000.0	2530.1002944913384	0.0	0	0.0	3653.1178588203	1	0	2	0.6574149697627083
15708.371210464848	1000.0	2886.2112837418617	0.0	0	0.0	3594.582494206714	1	0	2	0.6783890317406421
16297.246708204384	1000.0	3297.335786002326	0.0	0	0.0	3594.582494206714	1	0	1	0.6828212314591148
17243.040997168642	1000.0	3256.9620681416427	0.0	0	0.0	3500.003065310286	1	0	2	0.5030187759194593
18383.02114223987	1000.0	3002.9839085632916	0.0	0	0.0	3386.0050508031673	1	0	2	0.7332903808198347
19709.000830837	1000.0	2677.004219966163	0.0	0	0.0	3386.0050508031673	1	0	1	0.7408907279404123
20534.675316707802	1000.0	2851.329734095364	0.0	0	0.0	3386.005050803171	1	0	1	0.940890727940412
21383.40917050846	1000.0	2917.7224949146457	0.0	0	0.0	3301.1316654231123	1	0	2	0.556750074107454
22638.732644302632	1000.0	2536.866673741056	0.0	0	0.0	3175.599318043689	1	0	2	0.7817925369074692
23470.509818128583	1000.0	2705.089499915107	0.0	0	0.0	3175.5993180436926	1	0	1	0.7897842429646379
24309.76686598455	1000.0	2781.906747273542	0.0	0	0.0	3091.6736132580954	1	0	2	0.6019888620259917
25550.973420592163	1000.0	2540.700192665933	0.0	0	0.0	3091.6736132580954	1	0	1	0.8068893306816759
26475.70445365481	1000.0	2615.9691596032817	0.0	0	0.0	3091.6736132580954	1	0	1	1.006889330681676
27200.0	1000.0	2891.673613258091	0.0	0	53.1424161264149	3091.6736132580954	1	0	1	1.006889330681676
28432.423749589576	1000.0	2536.007488709559	0.0	0	0.0	2968.431238299141	1	0	2	0.624586442586426
29501.38096477605	1000.0	2467.050273523082	0.0	0	0.0	2968.431238299141	1	0	1	0.8297836726562792
30608.67621374476	1000.0	2359.7550245543725	0.0	0	0.0	2968.431238299141	1	0	1	1.0297836726562795
31577.151855639102	1000.0	2391.279382660026	0.0	0	0.0	2968.431238299141	1	0	1	1.0297836726562795
32222.77569142108	1000.0	2745.6555468780493	0.0	0	0.0	2968.431238299141	1	0	1	1.0297836726562795
33203.156046291566	1000.0	2765.275192007571	0.0	0	0.0	2968.431238299152	1	0	1	1.0297836726562783
34242.35996496606	1000.0	2726.0712733330743	0.0	0	0.0	2968.4312382991484	1	0	1	1.0297836726562781
35200.0	1000.0	2768.4312382991293	0.0	0	28.790799755443004	2968.431238299141	1	0	1	1.0297836726562786
36200.0	1000.0	2768.4312382991216	0.0	0	321.2061195496499	2968.431238299134	1	0	1	1.0297836726562801
37200.0	1000.0	2768.431238299126	0.0	0	503.96721107424673	2968.431238299134	1	0	1	1.0297836726562806
38200.0	1000.0	2768.4312382991207	0.0	0	415.386004531676	2968.431238299134	1	0	1	1.0297836726562806
39200.0	1000.0	2768.4312382991216	0.0	0	167.65481960892794	2968.431238299134	1	0	1	1.0297836726562806
40241.29080714834	1000.0	2727.1404311507877	0.0	0	0.0	2968.431238299134	1	0	1	1.0297836726562806
41336.004847926386	1000.0	2632.4263903727383	0.0	0	0.0	2968.431238299141	1	0	1	1.0297836726562795
42200.0	1000.0	2768.4312382991266	0.0	0	394.49597773448477	2968.431238299141	1	0	1	1.0297836726562795
43200.0	1000.0	2768.4312382991243	0.0	0	31.927919444984582	2968.431238299141	1	0	1	1.0297836726562795
44200.0	1000.0	2768.431238299138	0.0	0	254.3178477814654	2968.4312382991484	1	0	1	1.0297836726562781
45200.0	1000.0	2668.4312382991284	0.0	0	128.47178938800062	2868.431238299134	1	0	2	0.641245950397865
46200.0	1000.0	2668.4312382991197	0.0	0	343.7421054494989	2868.4312382991193	1	0	1	0.8465685187425344
47200.0	1000.0	2668.4312382991166	0.0	0	153.15683997093583	2868.4312382991266	1	0	1	1.046568518742534
48200.0	1000.0	2668.43123829912	0.0	0	318.9809182197787	2868.4312382991266	1	0	1	1.046568518742534
49231.219076476795	1000.0	2534.0902541746427	0.0	0	0.0	2765.309330651442	1	0	2	0.6585172846483407
50227.00625483928	1000.0	2538.3030758121495	0.0	0	0.0	2765.309330651442	1	0	1	0.8623396166325387
51412.179583833866	1000.0	2353.1297468175685	0.0	0	0.0	2765.309330651442	1	0	1	1.062339616632539
52200.0	1000.0	2486.5272890348183	0.0	0	312.61278571244475	2686.5272890348206	1	0	2	0.668859087801022
53200.0	1000.0	2486.527289034812	0.0	0	440.38522891461616	2686.5272890348206	1	0	1	0.8734157890020867
54200.0	1000.0	2386.5272890348206	0.0	0	387.76637148100417	2586.527289034835	1	0	2	0.6816132853732888
55200.0	1000.0	2286.5272890348215	0.0	0	174.53329005824344	2486.527289034835	1	0	2	0.8944287484406905
56335.56296256825	1000.0	2150.9643264665747	0.0	0	0.0	2486.527289034835	1	0	1	0.8981380460911816
57200.0	1000.0	2286.527289034824	0.0	0	82.5150059646403	2486.527289034835	1	0	1	1.0981380460911818
58200.0	1000.0	2286.527289034821	0.0	0	348.2047872722105	2486.5272890348424	1	0	1	1.0981380460911812
59200.0	1000.0	2286.527289034827	0.0	0	38.74210731988569	2486.5272890348424	1	0	1	1.0981380460911812
60200.0	1000.0	2286.527289034816	0.0	0	209.08091836182575	2486.527289034828	1	0	1	1.0981380460911825
61200.0	1000.0	2286.5272890348197	0.0	0	85.69015586216119	2486.527289034828	1	0	1	1.098138046091183
62252.71298206379	1000.0	2233.8143069710295	0.0	0	0.0	2486.527289034828	1	0	1	1.098138046091183
63200.0	1000.0	2286.527289034822	0.0	0	216.49979697806702	2486.527289034828	1	0	1	1.098138046091183
64200.0	1000.0	2286.5272890348188	0.0	0	233.7255136328531	2486.527289034835	1	0	1	1.0981380460911818
65200.0	1000.0	2286.5272890348265	0.0	0	143.6538278457374	2486.527289034835	1	0	1	1.0981380460911818
66291.59000041602	1000.0	2194.9372886188057	0.0	0	0.0	2486.527289034835	1	0	1	1.0981380460911818
67200.0	1000.0	2286.527289034823	0.0	0	357.51954848051537	2486.527289034828	1	0	1	1.0981380460911832
68428.87302893172	1000.0	2057.6542601031083	0.0	0	0.0	2486.527289034828	1	0	1	1.098138046091183
69737.34536601427	1000.0	1749.1819230205501	0.0	0	0.0	2486.5272890348133	1	0	1	1.0981380460911843
70527.53137597714	1000.0	1958.9959130576958	0.0	0	0.0	2486.5272890348133	1	0	1	1.0981380460911843
71200.0	1000.0	2286.52728903482	0.0	0	14.725075025999104	2486.5272890348133	1	0	1	1.0981380460911843
72200.0	1000.0	2286.527289034838	0.0	0	204.8686143578816	2486.5272890348133	1	0	1	1.0981380460911843
73200.0	1000.0	2286.5272890348338	0.0	0	38.76402945263544	2486.5272890348133	1	0	1	1.0981380460911843
74200.0	1000.0	2286.527289034854	0.0	0	317.7029657009116	2486.5272890348133	1	0	1	1.0981380460911843
75200.0	1000.0	2286.5272890348547	0.0	0	415.75813409096736	2486.5272890348133	1	0	1	1.0981380460911843
76200.0	1000.0	2286.5272890348583	0.0	0	469.9509008802852	2486.5272890348133	1	0	1	1.0981380460911843
77200.0	1000.0	2286.527289034839	0.0	0	413.34242077643285	2486.5272890348133	1	0	1	1.0981380460911843
78200.0	1000.0	2286.527289034836	0.0	0	428.7220651894895	2486.5272890348133	1	0	1	1.0981380460911843
79200.0	1000.0	2286.5272890348388	0.0	0	471.4298821837001	2486.5272890348133	1	0	1	1.0981380460911843
80200.0	1000.0	2286.5272890348374	0.0	0	195.58363662216289	2486.5272890348133	1	0	1	1.0981380460911843
81200.0	1000.0	2286.527289034845	0.0	0	449.53945836205094	2486.5272890348133	1	0	1	1.0981380460911843
82200.0	1000.0	2286.5272890348456	0.0	0	142.2060546867724	2486.5272890348133	1	0	1	1.0981380460911843
83200.0	1000.0	2286.5272890348624	0.0	0	184.1462007939117	2486.5272890348133	1	0	1	1.0981380460911843
84200.0	1000.0	2286.5272890348574	0.0	0	57.30238531144278	2486.5272890348133	1	0	1	1.0981380460911843
85200.0	1000.0	2286.5272890348656	0.0	0	165.13837486809643	2486.5272890348133	1	0	1	1.0981380460911843
86200.0	1000.0	2286.527289034856	0.0	0	424.8727222589805	2486.5272890348133	1	0	1	1.0981380460911843
88043.65898102897	1000.0	1442.8683080058822	0.0	0	0.0	2486.5272890348133	1	0	1	1.0981380460911843
89143.62260336209	1000.0	1342.9046856727573	0.0	0	0.0	2486.5272890347987	1	0	1	1.098138046091186
89973.18434730715	1000.0	1513.342941727715	0.0	0	0.0	2486.5272890348133	1	0	1	1.0981380460911843
90704.97904488948	1000.0	1781.5482441453885	0.0	0	0.0	2486.5272890348133	1	0	1	1.0981380460911843
91506.69482549194	1000.0	1979.8324635429444	0.0	0	0.0	2486.527289034828	1	0	1	1.098138046091183
92200.0	1000.0	2286.527289034877	0.0	0	170.71669296678738	2486.527289034828	1	0	1	1.098138046091183
93575.41260011752	1000.0	1911.1146889173642	0.0	0	0.0	2486.527289034828	1	0	1	1.098138046091183
94593.7856482309	1000.0	1892.7416408039785	0.0	0	0.0	2486.527289034828	1	0	1	1.098138046091183
95562.44166560507	1000.0	1924.0856234298021	0.0	0	0.0	2486.527289034828	1	0	1	1.098138046091183
96707.01014351274	1000.0	1779.5171455221227	0.0	0	0.0	2486.5272890348424	1	0	1	1.0981380460911812
97559.52007356593	1000.0	1927.0072154689465	0.0	0	0.0	2486.5272890348424	1	0	1	1.0981380460911812
98200.0	1000.0	2286.52728903488	0.0	0	27.107841383913183	2486.5272890348424	1	0	1	1.0981380460911812
99200.0	1000.0	2286.5272890348815	0.0	0	48.706439097295515	2486.5272890348424	1	0	1	1.0981380460911812
100200.0	1000.0	2286.527289034876	0.0	0	110.65355485361943	2486.5272890348424	1	0	1	1.0981380460911812
101200.0	1000.0	2286.5272890348856	0.0	0	320.28294671828917	2486.5272890348424	1	0	1	1.0981380460911812
102200.0	1000.0	2286.527289034877	0.0	0	79.58486957436253	2486.5272890348424	1	0	1	1.0981380460911812
103200.0	1000.0	2286.5272890348647	0.0	0	317.1516367375734	2486.5272890348424	1	0	1	1.0981380460911812
104200.0	1000.0	2286.527289034857	0.0	0	61.765718699170975	2486.5272890348424	1	0	1	1.0981380460911812
105200.0	1000.0	2286.527289034844	0.0	0	114.55362007478834	2486.5272890348424	1	0	1	1.0981380460911812
106200.0	1000.0	2286.5272890348206	0.0	0	277.8142398443597	2486.5272890348424	1	0	1	1.0981380460911812
107200.0	1000.0	2286.527289034809	0.0	0	122.23926272556128	2486.5272890348424	1	0	1	1.0981380460911812
108489.81073616585	1000.0	1996.7165528689557	0.0	0	0.0	2486.5272890348424	1	0	1	1.0981380460911812
109598.46816811302	1000.0	1888.0591209217807	0.0	0	0.0	2486.5272890348424	1	0	1	1.0981380460911812
110389.22123426141	1000.0	2097.3060547733894	0.0	0	0.0	2486.5272890348424	1	0	1	1.0981380460911812
111292.77231715515	1000.0	2193.754971879643	0.0	0	0.0	2486.527289034828	1	0	1	1.098138046091183
112200.0	1000.0	2286.5272890347997	0.0	0	297.12708696734626	2486.527289034828	1	0	1	1.098138046091183
113200.0	1000.0	2286.527289034812	0.0	0	392.75969608247397	2486.527289034828	1	0	1	1.098138046091183
114296.15940414478	1000.0	2190.3678848900363	0.0	0	0.0	2486.527289034828	1	0	1	1.098138046091183
115639.81748577197	1000.0	1846.709803262849	0.0	0	0.0	2486.527289034828	1	0	1	1.098138046091183
116517.65641933157	1000.0	1968.8708697032455	0.0	0	0.0	2486.527289034828	1	0	1	1.098138046091183
117705.09732327519	1000.0	1781.4299657596243	0.0	0	0.0	2486.527289034828	1	0	1	1.098138046091183
119073.70650644985	1000.0	1412.8207825849745	0.0	0	0.0	2486.5272890348424	1	0	1	1.0981380460911812
120292.73912020947	1000.0	1193.788168825337	0.0	0	0.0	2486.5272890348424	1	0	1	1.0981380460911812
121074.97472208312	1000.0	1411.552566951695	0.0	0	0.0	2486.5272890348424	1	0	1	1.0981380460911812
121891.40577530245	1000.0	1595.1215137323861	0.0	0	0.0	2486.5272890348424	1	0	1	1.0981380460911812
123084.45075387091	1000.0	1402.0765351639416	0.0	0	0.0	2486.5272890348424	1	0	1	1.0981380460911812
124712.92670899961	1000.0	773.6005800352427	0.0	0	0.0	2486.5272890348424	1	0	1	1.0981380460911812
126255.11777521134	1000.0	269.65854290525505	38.24902908175375	0	0.0	2524.7763181165938	1	0	1	0.8642672296390523
126726.83684339093	500.0	797.9394747256599	0.0	0	0.0	2524.7763181165938	1	0	1	-0.29253295699031584
127230.06016690082	500.0	1294.7161512157766	0.0	0	0.0	2524.7763181165938	1	0	1	0.40061422356962945
127783.94178798053	500.0	1740.8345301360696	0.0	0	0.0	2524.7763181165938	1	0	1	0.40061422356962945
128460.64065846543	500.0	2064.1356596511787	0.0	0	0.0	2524.7763181166083	1	0	1	0.4006142235696277
129200.0	500.0	2324.776318116591	0.0	0	277.38129818518064	2524.7763181166083	1	0	1	0.4006142235696277
130200.0	500.0	2324.7763181165883	0.0	0	580.0615687675163	2524.7763181166083	1	0	1	0.4006142235696277
131200.0	500.0	2324.776318116596	0.0	0	723.4549647074018	2524.7763181166083	1	0	1	0.4006142235696277
132200.0	500.0	2324.7763181165924	0.0	0	685.9992528128787	2524.7763181165938	1	0	1	0.40061422356962945
133200.0	500.0	2324.776318116588	0.0	0	626.276465869596	2524.7763181165938	1	0	1	0.4006142235696298
134200.0	500.0	2324.7763181166183	0.0	0	522.0663690357469	2524.7763181166083	1	0	1	0.4006142235696277
135388.98519626536	1000.0	2135.791121851229	0.0	0	0.0	2524.7763181166083	1	0	1	0.4006142235696278
136200.0	1000.0	2324.7763181165897	0.0	0	146.56796834612032	2524.7763181166083	1	0	1	1.0937614041295731
137200.0	1000.0	2324.776318116601	0.0	0	178.89022180982283	2524.7763181166083	1	0	1	1.0937614041295731
138279.13252550372	1000.0	2245.6437926128647	0.0	0	0.0	2524.7763181166083	1	0	1	1.0937614041295731
139200.0	1000.0	2324.7763181165756	0.0	0	266.77249716129154	2524.776318116579	1	0	1	1.0937614041295767
140602.70199148924	1000.0	1922.0743266273298	0.0	0	0.0	2524.776318116579	1	0	1	1.0937614041295767
141331.03897781696	1000.0	2193.737340299634	0.0	0	0.0	2524.776318116579	1	0	1	1.0937614041295767
142200.0	1000.0	2324.7763181166047	0.0	0	131.59118229793967	2524.7763181166083	1	0	1	1.0937614041295731
143200.0	1000.0	2324.776318116597	0.0	0	24.71745998240658	2524.7763181166083	1	0	1	1.0937614041295731
144397.55769908288	1000.0	2127.2186190337193	0.0	0	0.0	2524.7763181166083	1	0	1	1.0937614041295731
145517.41381944076	1000.0	2007.362498675873	0.0	0	0.0	2524.7763181166083	1	0	1	1.0937614041295731
146421.56825743977	1000.0	2103.2080606768423	0.0	0	0.0	2524.7763181166083	1	0	1	1.0937614041295731
147383.84372320102	1000.0	2140.9325949155595	0.0	0	0.0	2524.776318116579	1	0	1	1.0937614041295767
148200.0	1000.0	2324.776318116605	0.0	0	285.77953480315045	2524.776318116579	1	0	1	1.0937614041295767
149200.0	1000.0	2324.776318116602	0.0	0	462.14152337098494	2524.776318116579	1	0	1	1.0937614041295767
150200.0	1000.0	2324.77631811661	0.0	0	140.62662845334853	2524.776318116579	1	0	1	1.0937614041295767
151200.0	1000.0	2324.7763181166206	0.0	0	286.5003278241493	2524.776318116579	1	0	1	1.0937614041295767
152200.0	1000.0	2324.776318116599	0.0	0	64.9631192314555	2524.7763181166083	1	0	1	1.0937614041295731
153200.0	1000.0	2324.7763181165897	0.0	0	246.21553557363222	2524.7763181166083	1	0	1	1.0937614041295731
154200.0	1000.0	2324.776318116623	0.0	0	298.44932559816516	2524.7763181166083	1	0	1	1.0937614041295731
155200.0	1000.0	2324.776318116671	0.0	0	139.65668361340067	2524.7763181166374	1	0	1	1.0937614041295698
156200.0	1000.0	2324.7763181166706	0.0	0	145.6897684817086	2524.7763181166665	1	0	1	1.0937614041295665
157200.0	1000.0	2324.7763181166797	0.0	0	109.31874692306155	2524.7763181166956	1	0	1	1.0937614041295631
158391.21499043657	1000.0	2133.561327680116	0.0	0	0.0	2524.7763181166956	1	0	1	1.0937614041295631
159392.23392785373	1000.0	2132.5423902629304	0.0	0	0.0	2524.7763181166665	1	0	1	1.0937614041295665
160545.98355279095	1000.0	1978.7927653256656	0.0	0	0.0	2524.7763181166665	1	0	1	1.0937614041295665
161426.44401000152	1000.0	2098.3323081150875	0.0	0	0.0	2524.7763181166374	1	0	1	1.0937614041295678
162525.42818220262	1000.0	1999.3481359139919	0.0	0	0.0	2524.7763181166374	1	0	1	1.0937614041295698
163599.26116786955	1000.0	1925.5151502470428	0.0	0	0.0	2524.7763181166374	1	0	1	1.0937614041295698
164364.62627015493	1000.0	2160.1500479616557	0.0	0	0.0	2524.7763181166374	1	0	1	1.0937614041295698
165200.0	1000.0	2324.7763181165897	0.0	0	185.99212392355548	2524.7763181166374	1	0	1	1.0937614041295698
166566.3531572022	1000.0	1958.4231609143994	0.0	0	0.0	2524.7763181166374	1	0	1	1.0937614041295698
167520.61036665304	1000.0	2004.1659514635544	0.0	0	0.0	2524.7763181166374	1	0	1	1.0937614041295698
168485.3608367152	1000.0	2039.4154814014096	0.0	0	0.0	2524.7763181166374	1	0	1	1.0937614041295698
169749.60817113568	1000.0	1775.1681469809157	0.0	0	0.0	2524.7763181166083	1	0	1	1.0937614041295718
170526.68016922587	1000.0	1998.0961488907567	0.0	0	0.0	2524.7763181166374	1	0	1	1.0937614041295705
171433.0749532934	1000.0	2091.701364823238	0.0	0	0.0	2524.7763181166374	1	0	1	1.0937614041295698
172629.7720169102	1000.0	1895.0043012064516	0.0	0	0.0	2524.7763181166374	1	0	1	1.0937614041295698
174342.25387957852	1000.0	1182.5224385381052	0.0	0	0.0	2524.7763181166374	1	0	1	1.0937614041295698
175508.5169867822	1000.0	1016.2593313344418	0.0	0	0.0	2524.7763181166374	1	0	1	1.0937614041295698
176319.50495405085	1000.0	1205.2713640658185	0.0	0	0.0	2524.7763181166374	1	0	1	1.0937614041295698
177384.53667599792	1000.0	1140.2396421187557	0.0	0	0.0	2524.7763181166374	1	0	1	1.0937614041295698
178155.6572837806	1000.0	1369.119034336054	0.0	0	0.0	2524.7763181166083	1	0	1	1.0937614041295731
179568.59589236166	1000.0	956.1804257550099	0.0	0	0.0	2524.7763181166083	1	0	1	1.0937614041295731
180474.25688785542	1000.0	1050.5194302612636	0.0	0	0.0	2524.7763181166083	1	0	1	1.0937614041295731
181247.10450366916	1000.0	1277.6718144475608	0.0	0	0.0	2524.7763181166374	1	0	1	1.0937614041295725
182019.89484908455	1000.0	1504.8814690321924	0.0	0	0.0	2524.7763181166374	1	0	1	1.0937614041295698
183185.66327028308	1000.0	1339.1130478336843	0.0	0	0.0	2524.7763181166083	1	0	1	1.0937614041295731
183903.9028597	1000.0	1620.8734584167692	0.0	0	0.0	2524.7763181166083	1	0	1	1.0937614041295731
184231.5656264033	500.0	2293.2106917134956	0.0	0	0.0	2524.7763181166374	1	0	1	-0.2925329569903212
185200.0	500.0	2324.7763181168098	0.0	0	597.0178414743859	2524.7763181166374	1	0	1	0.4006142235696243
186200.0	1000.0	2324.7763181167875	0.0	0	475.08328767999774	2524.7763181166374	1	0	1	0.40061422356962445
187200.0	1000.0	2324.7763181167866	0.0	0	190.7592792889336	2524.7763181166083	1	0	1	1.0937614041295731
188200.0	1000.0	2324.776318116785	0.0	0	189.6468597719795	2524.7763181166083	1	0	1	1.0937614041295731
189447.09586278093	1000.0	2077.680455335858	0.0	0	0.0	2524.7763181166374	1	0	1	1.0937614041295698
190458.86282080508	1000.0	2065.9134973117107	0.0	0	0.0	2524.7763181166374	1	0	1	1.0937614041295698
191200.0	1000.0	2324.776318116807	0.0	0	177.09731166387792	2524.7763181166374	1	0	1	1.0937614041295698
192200.0	1000.0	2324.77631811683	0.0	0	11.033775985735701	2524.7763181166374	1	0	1	1.0937614041295698
193200.0	1000.0	2324.7763181167957	0.0	0	211.02995461423416	2524.7763181166374	1	0	1	1.0937614041295698
194200.0	1000.0	2324.776318116797	0.0	0	163.42583407767233	2524.7763181166665	1	0	1	1.0937614041295665
195200.0	1000.0	2324.7763181168098	0.0	0	231.99203097631107	2524.7763181166665	1	0	1	1.0937614041295665
196200.0	1000.0	2324.7763181167647	0.0	0	422.7144607141381	2524.7763181166665	1	0	1	1.0937614041295665
197200.0	1000.0	2324.776318116788	0.0	0	150.47788170538843	2524.7763181166374	1	0	1	1.0937614041295698
198226.4179600182	1000.0	2195.716562096721	0.0	0	0.0	2422.134522114764	1	0	2	0.7022890834633341
199200.0	1000.0	2222.1345221149236	0.0	0	338.6403306996508	2422.134522114764	1	0	1	0.9051589296596929
200200.0	1000.0	2222.1345221149068	0.0	0	151.9980930549209	2422.134522114764	1	0	1	1.105158929659693
201200.0	1000.0	2222.1345221148904	0.0	0	376.1858518049703	2422.134522114764	1	0	1	1.105158929659693
202200.0	1000.0	2222.1345221148817	0.0	0	550.2499827398569	2422.134522114735	1	0	1	1.1051589296596962
203200.0	1000.0	2222.134522114871	0.0	0	252.45286908987327	2422.134522114735	1	0	1	1.1051589296596962
204317.57033177113	1000.0	2104.5641903437445	0.0	0	0.0	2422.134522114735	1	0	1	1.1051589296596962
205608.10309554497	1000.0	1814.0314265699528	0.0	0	0.0	2422.134522114735	1	0	1	1.1051589296596962
206386.74983302064	1000.0	2035.3846890942584	0.0	0	0.0	2422.134522114735	1	0	1	1.1051589296596962
207200.0	1000.0	2222.1345221148945	0.0	0	160.63907610284514	2422.1345221147058	1	0	1	1.1051589296596993
208200.0	1000.0	2222.1345221148813	0.0	0	196.24037984246388	2422.1345221146767	1	0	1	1.1051589296597024
209200.0	1000.0	2222.134522114883	0.0	0	360.1368571926432	2422.1345221146767	1	0	1	1.1051589296597024
210200.0	1000.0	2222.1345221148763	0.0	0	116.09827140258858	2422.1345221146476	1	0	1	1.1051589296597055
211399.5658413735	1000.0	2022.568680741362	0.0	0	0.0	2422.1345221146476	1	0	1	1.1051589296597055
212200.0	1000.0	2222.134522114854	0.0	0	106.69613515786477	2422.1345221146476	1	0	1	1.1051589296597055
213481.27138065075	1000.0	1940.8631414640981	0.0	0	0.0	2422.1345221146476	1	0	1	1.1051589296597055
214391.31685410376	1000.0	2030.8176680110969	0.0	0	0.0	2422.1345221146476	1	0	1	1.1051589296597055
215200.0	1000.0	2222.1345221148667	0.0	0	102.18815797296702	2422.1345221146476	1	0	1	1.1051589296597055
216200.0	1000.0	2222.1345221148495	0.0	0	202.98563723627012	2422.1345221146476	1	0	1	1.1051589296597055
217348.89195360508	1000.0	2073.2425685097724	0.0	0	0.0	2422.1345221146476	1	0	1	1.1051589296597055
218422.79583211796	1000.0	1999.3386899969078	0.0	0	0.0	2422.1345221146476	1	0	1	1.1051589296597055
219200.0	1000.0	2222.134522114852	0.0	0	35.948865028476575	2422.1345221146476	1	0	1	1.1051589296597055
220200.0	1000.0	2222.134522114859	0.0	0	179.6314526652859	2422.1345221146476	1	0	1	1.1051589296597055
221300.3752558411	1000.0	2121.7592662737743	0.0	0	0.0	2422.1345221146476	1	0	1	1.1051589296597055
222200.0	1000.0	2222.1345221148554	0.0	0	269.6648901143926	2422.1345221146184	1	0	1	1.1051589296597084
223200.0	1000.0	2222.134522114845	0.0	0	385.12234485303634	2422.1345221146184	1	0	1	1.1051589296597084
224200.0	1000.0	2222.134522114857	0.0	0	407.10378153724014	2422.1345221146184	1	0	1	1.1051589296597084
225200.0	1000.0	2222.1345221148613	0.0	0	224.921331241203	2422.1345221146184	1	0	1	1.1051589296597084
226200.0	1000.0	2222.1345221148877	0.0	0	60.01400931092212	2422.1345221146184	1	0	1	1.1051589296597084
227200.0	1000.0	2122.134522114881	0.0	0	390.73624624096556	2322.1345221146184	1	0	2	0.711531920107696
228200.0	1000.0	2122.134522114887	0.0	0	597.127392268827	2322.1345221145893	1	0	1	0.9152484855168406
229200.0	1000.0	2122.1345221148795	0.0	0	177.54801603092346	2322.1345221145893	1	0	1	1.1152484855168407
230200.0	1000.0	2122.134522114894	0.0	0	164.71788020301028	2322.1345221145893	1	0	1	1.1152484855168407
231200.0	1000.0	2122.1345221149077	0.0	0	390.3026014024799	2322.1345221145893	1	0	1	1.1152484855168407
232200.0	1000.0	2122.1345221148995	0.0	0	41.45357990672346	2322.1345221145893	1	0	1	1.1152484855168407
233249.33162541664	1000.0	2072.802896698282	0.0	0	0.0	2322.1345221145893	1	0	1	1.1152484855168407
234212.22724649412	1000.0	2109.907275620801	0.0	0	0.0	2322.1345221145893	1	0	1	1.1152484855168407
235200.0	1000.0	2122.134522114899	0.0	0	412.1582836151647	2322.1345221145893	1	0	1	1.1152484855168407
236780.13881627595	1000.0	1541.9957058389782	0.0	0	0.0	2322.1345221146184	1	0	1	1.1152484855168379
238191.67821858008	1000.0	1130.4563035348604	0.0	0	0.0	2322.1345221145893	1	0	1	1.1152484855168407
239369.51084794523	1000.0	952.6236741697176	0.0	0	0.0	2322.1345221146184	1	0	1	1.1152484855168379
239989.25967971838	1000.0	1332.8748423965633	0.0	0	0.0	2322.1345221146184	1	0	1	1.1152484855168379
240571.00001292198	1000.0	1751.1345091929554	0.0	0	0.0	2322.1345221145893	1	0	1	1.1152484855168407
241445.1123114527	1000.0	1877.0222106622762	0.0	0	0.0	2322.1345221146184	1	0	1	1.1152484855168379
242937.91359008063	1000.0	1384.2209320343673	0.0	0	0.0	2322.1345221146184	1	0	1	1.1152484855168379
244293.0227048717	1000.0	1029.111817243282	0.0	0	0.0	2322.1345221145893	1	0	1	1.1152484855168385
245528.06790706533	1000.0	794.0666150496519	0.0	0	0.0	2322.1345221146184	1	0	1	1.1152484855168394
246439.98884092228	1000.0	882.145681192706	0.0	0	0.0	2322.1345221146184	1	0	1	1.1152484855168379
246772.9402278346	500.0	1549.1942942803842	0.0	0	0.0	2322.1345221146184	1	0	1	-0.271045875603053
247303.5844096912	500.0	2018.5501124237771	0.0	0	0.0	2322.1345221145893	1	0	1	0.42210130495689524
248200.0	500.0	2122.134522114989	0.0	0	462.1110000005574	2322.1345221145893	1	0	1	0.42210130495689524
249200.0	500.0	2122.134522114987	0.0	0	510.02647288158187	2322.1345221145893	1	0	1	0.42210130495689524
250200.0	1000.0	2122.1345221149813	0.0	0	329.6288177819806	2322.1345221146184	1	0	1	0.4221013049568925
251200.0	1000.0	2122.1345221150295	0.0	0	370.3537254354451	2322.1345221146184	1	0	1	1.1152484855168379
252200.0	1000.0	2122.1345221150114	0.0	0	421.0722181824385	2322.1345221145893	1	0	1	1.1152484855168407
253200.0	1000.0	2122.1345221149886	0.0	0	244.7755285803578	2322.1345221145602	1	0	1	1.1152484855168434
254200.0	1000.0	2122.1345221150023	0.0	0	186.91102049150504	2322.1345221145602	1	0	1	1.1152484855168434
255200.0	1000.0	2122.1345221150195	0.0	0	224.34926954755792	2322.1345221145893	1	0	1	1.1152484855168407
256200.0	1000.0	2122.134522114995	0.0	0	45.56541097848094	2322.1345221145893	1	0	1	1.1152484855168407
257489.6383157806	1000.0	1832.496206334379	0.0	0	0.0	2322.1345221145893	1	0	1	1.1152484855168407
258410.90695350224	1000.0	1911.2275686127336	0.0	0	0.0	2322.1345221146184	1	0	1	1.1152484855168379
259200.0	1000.0	2122.1345221149686	0.0	0	5.217152977187652	2322.1345221146184	1	0	1	1.1152484855168379
260200.0	1000.0	2122.134522114966	0.0	0	44.19282601296436	2322.1345221146184	1	0	1	1.1152484855168379
261200.0	1000.0	2122.1345221149413	0.0	0	438.40574315871345	2322.1345221146184	1	0	1	1.1152484855168379
262200.0	1000.0	2122.1345221149368	0.0	0	292.9921968120325	2322.1345221146184	1	0	1	1.1152484855168379
263278.8751841093	1000.0	2043.2593380056342	0.0	0	0.0	2322.1345221146476	1	0	1	1.1152484855168363
264775.00246735674	1000.0	1547.1320547582177	0.0	0	0.0	2322.1345221146476	1	0	1	1.1152484855168348
265566.14404607634	1000.0	1755.990476038665	0.0	0	0.0	2322.1345221145893	1	0	1	1.1152484855168407
266350.33132369735	1000.0	1971.803198417665	0.0	0	0.0	2322.1345221145893	1	0	1	1.1152484855168407
267409.8561821396	1000.0	1912.2783399754253	0.0	0	0.0	2322.1345221145893	1	0	1	1.1152484855168407
268496.68133121205	1000.0	1825.453190903002	0.0	0	0.0	2322.1345221145893	1	0	1	1.1152484855168407
269487.2864418001	1000.0	1834.8480803148789	0.0	0	0.0	2322.1345221145893	1	0	1	1.1152484855168407
270200.0	1000.0	2122.1345221149377	0.0	0	10.263067527092062	2322.1345221145893	1	0	1	1.1152484855168407
271200.0	1000.0	2122.1345221149	0.0	0	469.44936156080803	2322.1345221145893	1	0	1	1.1152484855168407
272605.43475773185	1000.0	1716.6997643830523	0.0	0	0.0	2322.1345221145893	1	0	1	1.1152484855168407
274214.26256828086	1000.0	1107.8719538340679	0.0	0	0.0	2322.1345221145893	1	0	1	1.1152484855168407
274763.90504783514	500.0	1558.2294742797953	0.0	0	0.0	2322.1345221145893	1	0	1	-0.2710458756030501
275352.94424848084	500.0	1969.1902736340994	0.0	0	0.0	2322.1345221145893	1	0	1	0.42210130495689524
276200.0	500.0	2122.134522114935	0.0	0	322.3019778649905	2322.1345221145893	1	0	1	0.42210130495689524
277200.0	500.0	2122.1345221148936	0.0	0	597.4737772883964	2322.1345221145893	1	0	1	0.42210130495689524
278200.0	500.0	2122.134522114904	0.0	0	436.34519776015077	2322.1345221145893	1	0	1	0.42210130495689524
279200.0	500.0	2122.134522114973	0.0	0	435.81516796455253	2322.1345221145893	1	0	1	0.42210130495689524
280200.0	500.0	2122.1345221150177	0.0	0	612.5616095408914	2322.1345221145893	1	0	1	0.42210130495689524
281200.0	500.0	2122.134522115033	0.0	0	650.5336138727725	2322.1345221145893	1	0	1	0.42210130495689524
282200.0	500.0	2122.134522115087	0.0	0	585.0907289059251	2322.134522114531	1	0	1	0.42210130495690085
283200.0	1000.0	2122.1345221151964	0.0	0	191.91471704881405	2322.134522114531	1	0	1	0.42210130495690085
284379.8946229266	1000.0	1942.2398991885877	0.0	0	0.0	2322.1345221145893	1	0	1	1.1152484855168407
285200.0	1000.0	2122.1345221151196	0.0	0	179.84311332803918	2322.1345221145893	1	0	1	1.1152484855168407
286200.0	1000.0	2122.1345221151664	0.0	0	102.76030881406041	2322.1345221146476	1	0	1	1.1152484855168352
287257.1729916039	1000.0	2064.961530511242	0.0	0	0.0	2322.1345221145893	1	0	1	1.1152484855168407
288200.0	1000.0	2122.134522115148	0.0	0	189.31565375905484	2322.134522114531	1	0	1	1.1152484855168463
289435.2710947192	1000.0	1886.8634273959383	0.0	0	0.0	2322.134522114531	1	0	1	1.1152484855168463
290247.94265484205	1000.0	2074.191867273039	0.0	0	0.0	2322.134522114531	1	0	1	1.1152484855168463
291200.0	1000.0	2122.1345221150327	0.0	0	400.87391178886173	2322.134522114531	1	0	1	1.1152484855168463
292200.0	1000.0	2122.1345221150505	0.0	0	294.42942000651965	2322.134522114531	1	0	1	1.1152484855168463
293981.11077360273	1000.0	1341.023748512328	0.0	0	0.0	2322.134522114531	1	0	1	1.1152484855168463
294981.9732650014	1000.0	1340.1612571136723	0.0	0	0.0	2322.134522114531	1	0	1	1.1152484855168463
295913.1809624057	1000.0	1408.9535597094175	0.0	0	0.0	2322.1345221145893	1	0	1	1.1152484855168407
296608.92698881123	1000.0	1713.2075333038279	0.0	0	0.0	2322.1345221146476	1	0	1	1.1152484855168352
297543.00652644195	1000.0	1779.1279956730434	0.0	0	0.0	2322.1345221146476	1	0	1	1.1152484855168352
298200.0	1000.0	2122.1345221150223	0.0	0	66.67745440936415	2322.1345221146476	1	0	1	1.1152484855168352
299200.0	1000.0	2122.134522115075	0.0	0	182.80485560029047	2322.1345221146476	1	0	1	1.1152484855168352
300200.0	1000.0	2122.134522115051	0.0	0	417.46691216516774	2322.1345221145893	1	0	1	1.1152484855168407
1.64	1.36	1.51	1.16	1.1	1.25	0.74	1.14	1.03	1.05	1.31	1.69	0.98	0.81	0.9	1.04	0.93	1.11	0.9	1.14	0.6	0.79	1.24	1.09	1.23	0.92	0.94	1.29	1.14	1.11	1.27	1.52	1.82	1.67	1.03	1.14	0.66	1.74	1.32	1.37	1.49	1.22	1.41	1.34	1.11	1.37	1.05	1.81	2.33	1.64	1.05	0.97	1.16	1.36	1.34	1.54	0.96	1.04	1.25	1.04	1.05	1.25	1.59	0.96	0.7	1.45	1.58	1.11	1.32	1.55	1.83	1.46	1.3	1.49	2.14	1.68	1.68	1.62	1.25	1.11	1.18	1.4	0.61	0.66	0.79	0.98	1.41	1.71	0.81	0.89	1.03	0.87	0.82	1.27	1.33	1.05	1.49	1.27	1.51	1.2	1.45	1.73	1.23	0.89	0.68	1.66	1.41	1.64	1.74	1.25	0.53	0.97	1.29	0.87	0.81	1.12	1.26	1.63	0.94	0.78	0.63	0.98	1.31	1.1	0.88	1.14	1.54	1.99	1.72	1.1	0.71	1.33	1.39	1.16	1.71	0.5	1.12	1.53	1.27	0.71	0.88	1.0	1.3	1.47	1.49	1.34	1.59	1.26	1.04	1.59	1.64	1.36	1.51	1.16	1.1	1.25	0.74	1.14	1.03	1.05	1.31	1.69	0.98	0.81	0.9	1.04	0.93	1.11	0.9	1.14	0.6	0.79	1.24	1.09	1.23	0.92	0.94	1.29	1.14	1.11	1.27	1.52	1.82	1.67	1.03	1.14	0.66	1.74	1.32	1.37	1.49	1.22	1.41	1.34	1.11	1.37	1.05	1.81	2.33	1.64	1.05	0.97	1.16	1.36	1.34	1.54	0.96	1.04	1.25	1.04	1.05	1.25	1.59	0.96	0.7	1.45	1.58	1.11	1.32	1.55	1.83	1.46	1.3	1.49	2.14	1.68	1.68	1.62	1.25	1.11	1.18	1.4	0.61	0.66	0.79	0.98	1.41	1.71	0.81	0.89	1.03	0.87	0.82	1.27	1.33	1.05	1.49	1.27	1.51	1.2	1.45	1.73	1.23	0.89	0.68	1.66	1.41	1.64	1.74	1.25	0.53	0.97	1.29	0.87	0.81	1.12	1.26	1.63	0.94	0.78	0.63	0.98	1.31	1.1	0.88	1.14	1.54	1.99	1.72	1.1	0.71	1.33	1.39	1.16	1.71	0.5	1.12	1.53	1.27	0.71	0.88	1.0	1.3	1.47	1.49	1.34	1.59	1.26	1.04	1.59	1.64
1.0	2.0	3.0	4.0	5.0	6.0	7.0	8.0	9.0	10.0	11.0	12.0	13.0	14.0	15.0	16.0	17.0	18.0	19.0	20.0	21.0	22.0	23.0	24.0	25.0	26.0	27.0	28.0	29.0	30.0	31.0	32.0	33.0	34.0	35.0	36.0	37.0	38.0	39.0	40.0	41.0	42.0	43.0	44.0	45.0	46.0	47.0	48.0	49.0	50.0	51.0	52.0	53.0	54.0	55.0	56.0	57.0	58.0	59.0	60.0	61.0	62.0	63.0	64.0	65.0	66.0	67.0	68.0	69.0	70.0	71.0	72.0	73.0	74.0	75.0	76.0	77.0	78.0	79.0	80.0	81.0	82.0	83.0	84.0	85.0	86.0	87.0	88.0	89.0	90.0	91.0	92.0	93.0	94.0	95.0	96.0	97.0	98.0	99.0	100.0	101.0	102.0	103.0	104.0	105.0	106.0	107.0	108.0	109.0	110.0	111.0	112.0	113.0	114.0	115.0	116.0	117.0	118.0	119.0	120.0	121.0	122.0	123.0	124.0	125.0	126.0	127.0	128.0	129.0	130.0	131.0	132.0	133.0	134.0	135.0	136.0	137.0	138.0	139.0	140.0	141.0	142.0	143.0	144.0	145.0	146.0	147.0	148.0	149.0	149.0	150.0	151.0	152.0	153.0	154.0	155.0	156.0	157.0	158.0	159.0	160.0	161.0	162.0	163.0	164.0	165.0	166.0	167.0	168.0	169.0	170.0	171.0	172.0	173.0	174.0	175.0	176.0	177.0	178.0	179.0	180.0	181.0	182.0	183.0	184.0	185.0	186.0	187.0	188.0	189.0	190.0	191.0	192.0	193.0	194.0	195.0	196.0	197.0	198.0	199.0	200.0	201.0	202.0	203.0	204.0	205.0	206.0	207.0	208.0	209.0	210.0	211.0	212.0	213.0	214.0	215.0	216.0	217.0	218.0	219.0	220.0	221.0	222.0	223.0	224.0	225.0	226.0	227.0	228.0	229.0	230.0	231.0	232.0	233.0	234.0	235.0	236.0	237.0	238.0	239.0	240.0	241.0	242.0	243.0	244.0	245.0	246.0	247.0	248.0	249.0	250.0	251.0	252.0	253.0	254.0	255.0	256.0	257.0	258.0	259.0	260.0	261.0	262.0	263.0	264.0	265.0	266.0	267.0	268.0	269.0	270.0	271.0	272.0	273.0	274.0	275.0	276.0	277.0	278.0	279.0	280.0	281.0	282.0	283.0	284.0	285.0	286.0	287.0	288.0	289.0	290.0	291.0	292.0	293.0	294.0	295.0	296.0	297.0	298.0	298.0	299.0
4220.379669341451
