5888.942728861928	300.0	2000.0	139.17328908625268	0	0.0	5888.942728861928	1	0	1	-2.6869648266862
6030.2751404822175	300.0	2858.667588379711	0.0	0	0.0	5888.942728861928	1	0	1	-1.879166241377192
6263.219765878089	500.0	3602.4285004442518	0.0	0	0.0	5865.6482663223405	1	0	2	-2.2613560203123892
6556.412947075659	500.0	4279.916001126925	0.0	0	0.0	5836.328948202585	1	0	2	-1.522945318519783
6852.205491710482	500.0	4954.544202028617	0.0	0	0.0	5806.7496937391015	1	0	2	-1.493275920051311
7280.826179496243	1000.0	5483.06144546428	0.0	0	0.0	5763.887624960524	1	0	2	-1.4550979997850146
8200.0	1000.0	5471.970242910147	0.0	0	426.05075340795065	5671.970242910149	1	0	2	-0.6966837663700182
9200.0	2000.0	5371.970242910146	0.0	0	484.294683469514	5571.970242910147	1	0	2	-0.6014886378124336
10200.0	3000.0	5271.970242910149	0.0	0	294.09251265267267	5471.97024291015	1	0	2	0.19076693946644585
11200.0	3000.0	5171.970242910149	0.0	0	259.5675935869549	5371.97024291015	1	0	2	0.6891725863277997
12200.0	3000.0	5071.970242910149	0.0	0	54.01548530822765	5271.97024291015	1	0	2	0.7790729197432735
13572.895418660859	3000.0	4561.785282383204	0.0	0	0.0	5134.6807010440625	1	0	2	0.892546315442464
14796.052314209306	3000.0	4216.312697279912	0.0	0	0.0	5012.365011489221	1	0	2	1.0029369679574967
15982.426229140794	3000.0	3911.3013908552716	0.0	0	0.0	4893.727619996071	1	0	2	1.096277745484757
16619.047874153785	2000.0	4211.017581340979	0.0	0	0.0	4830.065455494767	1	0	2	0.34207466763719513
17387.32671572257	3000.0	4365.910855615312	0.0	0	0.0	4753.237571337888	1	0	2	0.7998871066343107
18225.257254306067	3000.0	4444.187263173463	0.0	0	0.0	4669.444517479531	1	0	2	1.2625604270387962
19228.86179557848	3000.0	4340.222267773815	0.0	0	0.0	4569.084063352289	1	0	2	1.319880142445038
20616.397254302345	3000.0	3813.933263177565	0.0	0	0.0	4430.330517479904	1	0	2	1.401774654524586
21682.329164893268	3000.0	3641.4081615275477	0.0	0	0.0	4323.737326420807	1	0	2	1.4684238196312076
22850.291471680644	3000.0	3356.6496240614324	0.0	0	0.0	4206.94109574207	1	0	2	1.5242087183917978
24263.03462598339	3000.0	2802.6321543284107	0.0	0	0.0	4065.666780311789	1	0	2	1.5864089247208673
26575.37180744963	3000.0	1259.0612547155456	0.0	0	0.0	3834.4330621651643	1	0	2	1.6843238915197878
27240.357894090495	2000.0	1527.5765594105962	0.0	0	0.0	3767.9344535010787	1	0	2	0.90800869911141
27945.76239918547	2000.0	1751.6316038061263	0.0	0	0.0	3697.3940029915793	1	0	2	1.3381786401698383
28543.055833668936	2000.0	2094.6088258743157	0.0	0	0.0	3637.664659543232	1	0	2	1.3581633733022127
28962.984202211836	2000.0	2632.6876204771193	0.0	0	0.0	3595.671822688935	1	0	2	1.3726137828593623
29326.22593044959	2000.0	3233.1217194155893	0.0	0	0.0	3559.3476498651617	1	0	2	1.3841746542371078
30208.61441735726	3000.0	3262.4943838171507	0.0	0	0.0	3471.1088011743996	1	0	2	1.4054008290533189
31224.482371560687	3000.0	3145.0396341933792	0.0	0	0.0	3369.5220057540537	1	0	2	1.8366433141067735
33065.709402732195	3000.0	2119.6898999047194	0.0	0	0.0	3185.3993026368953	1	0	2	1.8775519168053862
33977.93326841528	3000.0	2207.466034221632	0.0	0	0.0	3185.399302636899	1	0	1	1.8863145360487037
35246.9643350482	3000.0	1811.531860925416	0.0	0	0.0	3058.496195973603	1	0	2	1.703639386955611
36796.811115813965	3000.0	1106.700402083075	0.0	0	0.0	2903.51151789703	1	0	2	1.933274640938961
37577.66631596021	3000.0	1325.8452019368297	0.0	0	0.0	2903.51151789703	1	0	1	1.9394662487182381
38479.176822860194	3000.0	1424.33469503684	0.0	0	0.0	2903.51151789703	1	0	1	2.1394662487182385
39126.061148051565	3000.0	1777.4503698454619	0.0	0	0.0	2903.51151789703	1	0	1	2.1394662487182385
39886.52634879036	3000.0	1940.9386490327956	0.0	0	0.0	2827.464997823161	1	0	2	1.7481997979757498
41090.36644240838	3000.0	1737.0985554147687	0.0	0	0.0	2827.4649978231537	1	0	1	1.9516257382962963
42968.99945798494	3000.0	858.4655398382129	0.0	0	0.0	2827.4649978231537	1	0	1	2.151625738296296
45552.61127782983	3000.0	200.0	925.1462800066741	0	0.0	3752.6112778298266	1	0	1	-3.5560635597228694
46712.47637226596	2000.0	410.5089882993455	370.3740827354842	0	0.0	4122.985360565312	1	0	1	-1.2516277457490403
47613.002082796556	2000.0	475.70845310818567	50.70704217500372	0	0.0	4088.710535904742	1	0	2	0.6765957767305375
48364.260249975836	2000.0	649.3244692109784	0.0	0	0.0	4013.584719186816	1	0	2	1.2159011940004572
48972.34544841471	2000.0	980.4307509282194	0.0	0	0.0	3952.7761993429376	1	0	2	1.2431553952124044
49632.01939382781	2000.0	1254.7894109738063	0.0	0	0.0	3886.8088048016216	1	0	2	1.2689667500967852
50817.46969881684	2000.0	950.794075485873	0.0	0	0.0	3768.2637743027226	1	0	2	1.3078835768060533
51808.860663364336	2000.0	860.2640144836352	0.0	0	0.0	3669.1246778479835	1	0	2	1.3448393758831811
52588.913306756236	2000.0	1002.2061067525459	0.0	0	0.0	3591.119413508801	1	0	2	1.3708711424599056
53378.843969038906	2000.0	1212.2754444698771	0.0	0	0.0	3591.119413508801	1	0	1	1.3770184403781496
53880.53883002938	2000.0	1710.5805834794023	0.0	0	0.0	3591.119413508801	1	0	1	1.5770184403781498
54457.30729922112	2000.0	2076.13526736849	0.0	0	0.0	3533.442566589627	1	0	2	1.1900758771619675
54946.54529286483	2000.0	2586.8972737247727	0.0	0	0.0	3533.442566589627	1	0	1	1.3940659316254436
55678.459172157476	3000.0	2781.792006502866	0.0	0	0.0	3460.2511786603645	1	0	2	1.2091956360057
56227.718847370736	3000.0	3177.6063637682737	0.0	0	0.0	3405.3252111390393	1	0	2	1.8307384144669332
57200.0	3000.0	3108.097095876083	0.0	0	238.5138218071661	3308.0970958761027	1	0	2	1.849970326924024
58200.0	3000.0	3008.097095876081	0.0	0	99.87163966303342	3208.0970958761027	1	0	2	1.8749250319864412
59200.0	3000.0	2908.0970958760718	0.0	0	189.19994364831655	3108.097095876088	1	0	2	1.8952041456978719
60361.5118618873	3000.0	2746.5852339887606	0.0	0	0.0	3108.097095876081	1	0	1	1.9022544416979832
61508.86692887358	3000.0	2484.494660303855	0.0	0	0.0	2993.3615891774534	1	0	2	1.7186675039769455
62597.92158174137	3000.0	2395.4400074360647	0.0	0	0.0	2993.3615891774534	1	0	1	1.923968100173763
63817.71777832549	3000.0	2175.6438108519505	0.0	0	0.0	2993.3615891774534	1	0	1	2.123968100173763
64864.07056205711	3000.0	2024.6557487471641	0.0	0	0.0	2888.7263108042825	1	0	2	1.7375695971280942
65502.06822700199	3000.0	2322.8583173077895	0.0	0	0.0	2824.9265443097756	1	0	2	1.9496025677329993
66200.0	3000.0	2555.13336700999	0.0	0	116.33511925401399	2755.133367009985	1	0	2	1.958872473056732
67200.0	3000.0	2555.1333670099593	0.0	0	201.5396308832278	2755.1333670099557	1	0	1	1.96242844003599
68200.0	3000.0	2555.1333670099693	0.0	0	412.0689182622591	2755.1333670099702	1	0	1	2.16242844003599
69952.90878325085	3000.0	1626.93370543403	0.0	0	0.0	2579.842488684866	1	0	2	1.7790627047443004
71712.90319454148	3000.0	866.9392941433887	0.0	0	0.0	2579.8424886848807	1	0	1	1.985789995959447
73514.463093484	3000.0	200.0	134.62060479913742	0	0.0	2714.4630934840097	1	0	1	1.3745469210991867
74338.21232015592	2000.0	562.9801167778203	186.7293434497289	0	0.0	2901.1924369337357	1	0	1	0.20854343429795819
75662.61406945727	2000.0	262.2715845849274	23.693217108455485	0	0.0	2924.885654042184	1	0	1	1.5882691137174543
76673.9264233457	2000.0	506.53151217376205	255.57228147727457	0	0.0	3180.4579355194583	1	0	1	0.14846779007849897
77280.14638300902	2000.0	900.3115525104471	0.0	0	0.0	3180.4579355194583	1	0	1	1.6819014789421467
77849.56614760078	2000.0	1330.8917879186974	0.0	0	0.0	3180.4579355194583	1	0	1	1.6819014789421467
78528.735358358	2000.0	1651.7225771614824	0.0	0	0.0	3180.4579355194583	1	0	1	1.6819014789421467
79001.2887555739	2000.0	2179.1691799455803	0.0	0	0.0	3180.4579355194583	1	0	1	1.6819014789421467
79449.89112998387	2000.0	2685.7065680946057	0.0	0	0.0	3135.597698078447	1	0	2	1.2890224799283012
80200.0	3000.0	2860.586811076869	0.0	0	165.64202197338454	3060.5868110768643	1	0	2	1.5006292078209935
81200.0	3000.0	2860.586811076865	0.0	0	392.3859222558676	3060.5868110768643	1	0	1	1.9115185229906464
82200.0	3000.0	2860.5868110768797	0.0	0	459.0213765839435	3060.586811076879	1	0	1	2.111518522990644
83200.0	3000.0	2860.5868110768884	0.0	0	418.44826155337796	3060.586811076879	1	0	1	2.111518522990644
84200.0	3000.0	2860.5868110768724	0.0	0	362.5834690784832	3060.586811076879	1	0	1	2.111518522990644
85200.0	3000.0	2860.586811076862	0.0	0	381.88126921118237	3060.586811076879	1	0	1	2.111518522990644
86200.0	3000.0	2860.586811076866	0.0	0	49.48699112194299	3060.5868110768934	1	0	1	2.1115185229906412
87200.0	3000.0	2860.5868110768697	0.0	0	52.90735011114157	3060.5868110768934	1	0	1	2.1115185229906412
88200.0	3000.0	2860.58681107687	0.0	0	137.57302140875254	3060.5868110768934	1	0	1	2.1115185229906412
89200.0	3000.0	2860.5868110768597	0.0	0	67.04482796181401	3060.5868110768934	1	0	1	2.1115185229906412
90200.0	3000.0	2860.5868110768483	0.0	0	411.8898253652442	3060.5868110768934	1	0	1	2.1115185229906412
91200.0	3000.0	2860.586811076856	0.0	0	216.20173162904393	3060.5868110768934	1	0	1	2.1115185229906412
92451.96770019674	3000.0	2483.422340860453	0.0	0	0.0	2935.3900410572096	1	0	2	1.7271440689322022
94000.60784735739	3000.0	1779.9181789837437	0.0	0	0.0	2780.5260263411474	1	0	2	1.951806060225788
94975.82616247273	3000.0	1804.69986386838	0.0	0	0.0	2780.5260263411474	1	0	1	1.9587178908999134
95941.6484252611	3000.0	1838.877601080026	0.0	0	0.0	2780.5260263411474	1	0	1	2.1587178908999136
97323.92021390852	3000.0	1456.6058124325991	0.0	0	0.0	2780.5260263411474	1	0	1	2.1587178908999136
98752.95688146772	3000.0	884.6654781174899	0.0	0	0.0	2637.6223595852207	1	0	2	1.7738976901551085
99283.06187359261	2000.0	1354.5604859925947	0.0	0	0.0	2637.6223595852207	1	0	1	1.1675766791196116
99977.95552085406	2000.0	1659.6668387311502	0.0	0	0.0	2637.6223595852207	1	0	1	1.7730417872277764
100473.60423833787	2000.0	2164.01812124734	0.0	0	0.0	2637.6223595852207	1	0	1	1.7730417872277764
101200.0	2000.0	2437.6223595852052	0.0	0	77.62424993392779	2637.6223595852352	1	0	1	1.7730417872277746
102200.0	2000.0	2437.622359585211	0.0	0	400.65687373725814	2637.6223595852352	1	0	1	1.7730417872277746
103200.0	2000.0	2437.6223595852134	0.0	0	226.94812355322938	2637.6223595852352	1	0	1	1.7730417872277746
104200.0	2000.0	2437.6223595852075	0.0	0	236.51384387278813	2637.6223595852207	1	0	1	1.7730417872277764
105200.0	2000.0	2437.622359585199	0.0	0	184.9172964246536	2637.6223595852207	1	0	1	1.7730417872277764
106200.0	2000.0	2437.6223595851943	0.0	0	91.11591792304534	2637.622359585206	1	0	1	1.7730417872277784
107290.7304234496	2000.0	2237.8188937906516	0.0	0	0.0	2528.549317240264	1	0	2	1.38308585369204
108314.27681173685	2000.0	2214.272505503399	0.0	0	0.0	2528.549317240264	1	0	1	1.5864682659695362
109200.0	2000.0	2328.549317240255	0.0	0	195.33222399848455	2528.549317240264	1	0	1	1.7864682659695363
110200.0	2000.0	2328.549317240249	0.0	0	269.08881336158083	2528.549317240264	1	0	1	1.7864682659695363
111224.72472871904	2000.0	2303.824588521215	0.0	0	0.0	2528.549317240264	1	0	1	1.7864682659695363
112200.0	2000.0	2328.5493172402676	0.0	0	146.7495806011575	2528.5493172402785	1	0	1	1.7864682659695346
113200.0	2000.0	2328.549317240269	0.0	0	369.5486630129162	2528.549317240293	1	0	1	1.786468265969533
114200.0	2000.0	2328.549317240263	0.0	0	336.2454763567366	2528.549317240293	1	0	1	1.786468265969533
115200.0	2000.0	2328.549317240283	0.0	0	613.923285204568	2528.549317240293	1	0	1	1.786468265969533
116200.0	2000.0	2328.549317240275	0.0	0	545.276532561169	2528.549317240293	1	0	1	1.786468265969533
117414.28829188473	3000.0	2114.261025355551	0.0	0	0.0	2528.549317240293	1	0	1	1.7864682659695332
118690.76209879709	3000.0	1837.7872184431897	0.0	0	0.0	2528.5493172402785	1	0	1	2.1919333740776996
119702.48787590231	3000.0	1826.0614413379517	0.0	0	0.0	2528.5493172402785	1	0	1	2.1919333740776996
120897.93993258328	3000.0	1630.6093846569884	0.0	0	0.0	2528.5493172402785	1	0	1	2.1919333740776996
121626.13811108492	3000.0	1902.4112061553358	0.0	0	0.0	2528.5493172402785	1	0	1	2.1919333740776996
122325.07593410664	3000.0	2203.4733831336007	0.0	0	0.0	2528.549317240264	1	0	1	2.1919333740777014
123405.07859619355	3000.0	2123.4707210467013	0.0	0	0.0	2528.549317240264	1	0	1	2.1919333740777014
124509.46077703351	3000.0	2019.088540206736	0.0	0	0.0	2528.549317240264	1	0	1	2.1919333740777014
125405.6140188681	3000.0	2122.9352983721456	0.0	0	0.0	2528.549317240264	1	0	1	2.1919333740777014
126620.21803759453	3000.0	1908.331279645715	0.0	0	0.0	2528.549317240264	1	0	1	2.1919333740777014
127323.32810344563	3000.0	2205.221213794612	0.0	0	0.0	2528.5493172402785	1	0	1	2.1919333740776996
128290.40211036596	3000.0	2238.147206874278	0.0	0	0.0	2528.5493172402785	1	0	1	2.1919333740776996
129200.0	3000.0	2328.5493172402375	0.0	0	3.632788743445417	2528.5493172402785	1	0	1	2.1919333740776996
130200.0	3000.0	2328.5493172402266	0.0	0	348.74501197229256	2528.5493172402785	1	0	1	2.1919333740776996
131588.51082469692	3000.0	1940.0384925433132	0.0	0	0.0	2528.5493172402785	1	0	1	2.1919333740776996
132463.80175859336	3000.0	2064.7475586469136	0.0	0	0.0	2528.5493172403367	1	0	1	2.1919333740776956
133200.0	3000.0	2328.5493172402385	0.0	0	84.68137372581987	2528.549317240293	1	0	1	2.1919333740776956
134200.0	3000.0	2328.549317240221	0.0	0	245.1820985143131	2528.5493172402785	1	0	1	2.1919333740776996
135262.48819370722	3000.0	2266.0611235329943	0.0	0	0.0	2528.5493172402785	1	0	1	2.1919333740776996
136200.0	3000.0	2328.549317240234	0.0	0	201.92213263968006	2528.5493172402785	1	0	1	2.1919333740776996
137304.3106408489	3000.0	2224.2386763913114	0.0	0	0.0	2528.5493172402785	1	0	1	2.1919333740776996
138520.12258446353	3000.0	2008.426732776702	0.0	0	0.0	2528.5493172402494	1	0	1	2.191933374077703
140206.34559968466	3000.0	1322.2037175555715	0.0	0	0.0	2528.5493172402494	1	0	1	2.191933374077703
141837.56846143206	3000.0	690.9808558081571	0.0	0	0.0	2528.5493172402494	1	0	1	2.191933374077703
143091.1266251725	2000.0	437.5500566426393	0.1273645749269008	0	0.0	2528.676681815181	1	0	1	1.3802240793785008
143981.56527284262	2000.0	611.2821066808185	64.17069770826842	0	0.0	2592.8473795234167	1	0	1	1.3936955956104804
144557.58012078286	2000.0	1035.2672587405582	0.0	0	0.0	2592.8473795234167	1	0	1	1.7787197818600908
145140.67676668864	2000.0	1452.1706128347676	0.0	0	0.0	2592.8473795234167	1	0	1	1.7787197818600908
145932.9061310699	2000.0	1659.9412484535103	0.0	0	0.0	2592.8473795233876	1	0	1	1.7787197818600944
147280.07577509704	2000.0	1312.771604426364	0.0	0	0.0	2592.8473795233876	1	0	1	1.7787197818600944
148292.72656591923	2000.0	1300.1208136041628	0.0	0	0.0	2592.8473795233876	1	0	1	1.7787197818600944
149302.19927854982	2000.0	1290.6481009736062	0.0	0	0.0	2592.8473795233876	1	0	1	1.7787197818600944
149849.54001685145	2000.0	1743.3073626719975	0.0	0	0.0	2592.8473795233876	1	0	1	1.7787197818600944
150516.2326103601	2000.0	2076.6147691633523	0.0	0	0.0	2592.8473795233876	1	0	1	1.7787197818600944
151966.0817218119	2000.0	1626.7656577115674	0.0	0	0.0	2592.8473795233876	1	0	1	1.7787197818600944
153094.8927812271	2000.0	1497.9545982963912	0.0	0	0.0	2592.8473795234167	1	0	1	1.7787197818600908
154000.13497100995	2000.0	1592.7124085135447	0.0	0	0.0	2592.8473795234167	1	0	1	1.7787197818600908
154734.49767299378	2000.0	1858.3497065297438	0.0	0	0.0	2592.8473795234167	1	0	1	1.7787197818600908
155828.05248122287	2000.0	1764.7948983006572	0.0	0	0.0	2592.8473795234167	1	0	1	1.778719781860093
156663.2645708268	2000.0	1929.5828086967094	0.0	0	0.0	2592.847379523446	1	0	1	1.7787197818600873
157384.92644688007	2000.0	2207.920932643454	0.0	0	0.0	2592.847379523446	1	0	1	1.7787197818600873
158200.0	2000.0	2392.8473795235204	0.0	0	214.7888461430848	2592.847379523446	1	0	1	1.7787197818600873
159200.0	2000.0	2392.847379523538	0.0	0	373.9353381868277	2592.847379523446	1	0	1	1.7787197818600873
160200.0	2000.0	2392.8473795235677	0.0	0	427.51925302739255	2592.847379523446	1	0	1	1.7787197818600873
161200.0	3000.0	2392.847379523578	0.0	0	451.07489346098737	2592.847379523446	1	0	1	1.7787197818600875
162224.76315433477	3000.0	2368.0842251888316	0.0	0	0.0	2592.847379523446	1	0	1	2.184184889968252
163465.81513755934	3000.0	2127.0322419642544	0.0	0	0.0	2592.847379523446	1	0	1	2.184184889968252
164681.60884585738	3000.0	1911.2385336662385	0.0	0	0.0	2592.847379523446	1	0	1	2.184184889968252
165674.90862354563	3000.0	1917.9387559779611	0.0	0	0.0	2592.8473795234167	1	0	1	2.1841848899682534
166655.94725346332	3000.0	1936.9001260602706	0.0	0	0.0	2592.8473795233876	1	0	1	2.1841848899682565
167492.9499640443	3000.0	2099.8974154793145	0.0	0	0.0	2592.8473795233876	1	0	1	2.184184889968259
168563.9730059872	3000.0	2028.8743735364137	0.0	0	0.0	2592.8473795233876	1	0	1	2.184184889968259
170206.3930310535	3000.0	1386.4543484701153	0.0	0	0.0	2592.8473795233876	1	0	1	2.184184889968259
171334.95575660164	3000.0	1257.8916229219963	0.0	0	0.0	2592.8473795233876	1	0	1	2.184184889968259
172406.3681015084	3000.0	1186.479278015257	0.0	0	0.0	2592.8473795233876	1	0	1	2.184184889968259
174179.26396698214	3000.0	413.58341254150264	0.0	0	0.0	2592.8473795233585	1	0	1	2.1841848899682614
175048.4526168121	2000.0	612.9645939433426	68.56983123179297	0	0.0	2661.417210755142	1	0	1	0.9530422560077231
175993.28538092968	2000.0	668.1318298258129	0.0	0	0.0	2661.417210755142	1	0	1	1.7699263515066455
176790.3918298576	2000.0	871.0253808978953	0.0	0	0.0	2661.417210755142	1	0	1	1.7699263515066455
177297.7302682138	2000.0	1363.6869425416942	0.0	0	0.0	2661.417210755142	1	0	1	1.7699263515066455
177778.27401158895	2000.0	1883.1431991666036	0.0	0	0.0	2661.417210755142	1	0	1	1.7699263515066455
178230.84930513147	2000.0	2430.567905624057	0.0	0	0.0	2661.417210755142	1	0	1	1.7699263515066455
179200.0	3000.0	2461.4172107555323	0.0	0	27.63922211737372	2661.417210755142	1	0	1	1.769926351506646
180227.1396905087	3000.0	2434.277520246875	0.0	0	0.0	2661.417210755142	1	0	1	2.1753914596148105
181983.58935975577	3000.0	1677.82785099983	0.0	0	0.0	2661.417210755142	1	0	1	2.1753914596148105
183255.12543037278	3000.0	1406.2917803827906	0.0	0	0.0	2661.4172107551713	1	0	1	2.1753914596148065
185116.12460821145	3000.0	545.2926025441158	0.0	0	0.0	2661.4172107551713	1	0	1	2.1753914596148065
186559.83021376995	3000.0	354.32267229034915	252.7356753047241	0	0.0	2914.152886059892	1	0	1	0.6212821845109953
187607.34402317138	3000.0	445.39176603137616	138.5829031424762	0	0.0	3052.7357892023574	1	0	1	1.281514278830712
188346.17991388397	3000.0	706.5558753187836	0.0	0	0.0	3052.7357892023574	1	0	1	2.113011697685569
189398.65509739993	3000.0	654.0806918028312	0.0	0	0.0	3052.7357892023574	1	0	1	2.113011697685569
190840.90050521735	3000.0	211.83528398542217	0.0	0	0.0	3052.7357892023283	1	0	1	2.113011697685571
191704.17144180916	2000.0	549.5644510111681	201.0001036175605	0	0.0	3253.735892819881	1	0	1	0.05435280190003433
192700.7691350601	2000.0	453.3069884351099	0.0	0	0.0	3154.0761234947713	1	0	2	1.281944786650423
194467.49423646426	2000.0	200.0	627.355111917682	0	0.0	3667.4942364638264	1	0	2	-2.39409591687347
195143.73854561627	1000.0	634.6348113723986	162.27595585417134	0	0.0	3778.373356988246	1	0	2	-1.0501484537727577
195780.10128514457	1000.0	934.635797891269	0.0	0	0.0	3714.737083035405	1	0	2	0.6398509076605223
196252.4739444232	1000.0	1462.2631386126284	0.0	0	0.0	3714.7370830353757	1	0	1	0.6444598709443399
196633.0879228948	1000.0	2081.6491601410544	0.0	0	0.0	3714.7370830353757	1	0	1	0.84445987094434
197091.53017137028	1000.0	2623.2069116655475	0.0	0	0.0	3714.7370830353466	1	0	1	0.8444598709443498
197543.51745696366	1000.0	3126.0208975128066	0.0	0	0.0	3669.5383544759534	1	0	2	0.4559619142296975
198304.83906256207	2000.0	3288.5671313545517	0.0	0	0.0	3593.406193916133	1	0	2	0.6776779460788276
199405.85813004096	2000.0	3077.4461571277807	0.0	0	0.0	3483.3042871682846	1	0	2	1.3996627037943323
200509.34201535277	2000.0	2863.6138832847937	0.0	0	0.0	3372.9558986371267	1	0	2	1.43013435668131
201701.5602285866	3000.0	2552.1738487275857	0.0	0	0.0	3253.7340773137403	1	0	2	1.4589847179982907
202894.33424683622	3000.0	2240.122428653033	0.0	0	0.0	3134.456675488822	1	0	2	1.891068176650501
203537.90522742845	2000.0	2596.5514480608113	0.0	0	0.0	3134.456675488822	1	0	1	1.086011761244245
204232.2895976439	3000.0	2902.167077845414	0.0	0	0.0	3134.456675488822	1	0	1	1.69147686935241
205200.0	3000.0	2837.685635253714	0.0	0	171.9773158664757	3037.685635253263	1	0	2	1.7095779759934406
206200.0	3000.0	2837.6856352536943	0.0	0	144.11803295492427	3037.685635253234	1	0	1	1.9158447181257443
207200.0	3000.0	2837.6856352537243	0.0	0	3.8205487666127738	3037.685635253234	1	0	1	2.1158447181257447
208200.0	3000.0	2737.6856352536906	0.0	0	48.764044605981326	2937.685635253205	1	0	2	1.728654823699462
209394.1922855143	3000.0	2424.0741211879736	0.0	0	0.0	2818.2664067017904	1	0	2	1.9482966440362999
210279.00348370717	3000.0	2450.7818031758193	0.0	0	0.0	2729.785286882543	1	0	2	1.9625969168902548
211380.7755671165	3000.0	2349.0097197664686	0.0	0	0.0	2729.785286882543	1	0	1	1.9660465648274486
212801.41441537743	3000.0	1928.3708715055461	0.0	0	0.0	2729.785286882601	1	0	1	2.166046564827443
213496.97135794026	3000.0	2232.8139289427436	0.0	0	0.0	2729.785286882601	1	0	1	2.1660465648274405
214200.0	3000.0	2529.785286883016	0.0	0	145.40338611695915	2729.785286882601	1	0	1	2.1660465648274405
215200.0	3000.0	2529.7852868830223	0.0	0	447.403223232046	2729.785286882601	1	0	1	2.1660465648274405
216200.0	3000.0	2529.785286883024	0.0	0	226.85674590358394	2729.785286882572	1	0	1	2.1660465648274445
217200.0	3000.0	2429.7852868830287	0.0	0	207.80603634304134	2629.785286882572	1	0	2	1.7746335317814237
218488.07771621377	3000.0	2141.707570669287	0.0	0	0.0	2629.785286882601	1	0	1	1.9795179518665735
219680.07496586148	3000.0	1949.7103210215903	0.0	0	0.0	2629.785286882601	1	0	1	2.1795179518665737
220589.34109584577	3000.0	2040.4441910373353	0.0	0	0.0	2629.7852868826303	1	0	1	2.17951795186657
221597.48805578382	3000.0	2032.2972310992773	0.0	0	0.0	2629.7852868826303	1	0	1	2.17951795186657
224044.08922710226	3000.0	585.6960597808644	0.0	0	0.0	2629.7852868826594	1	0	1	2.1795179518665666
225512.99479724717	3000.0	285.74818249160217	168.95769285564998	0	0.0	2798.7429797383083	1	0	1	1.1422556433140056
226137.3331441399	2000.0	690.0226910323925	28.612855433525567	0	0.0	2827.355835171824	1	0	1	1.1690352413463683
226795.41087508295	2000.0	1031.9449600893668	0.0	0	0.0	2827.355835171853	1	0	1	1.746177482055682
227461.2695532762	2000.0	1366.0862818961111	0.0	0	0.0	2827.355835171824	1	0	1	1.7461774820556863
227920.98830877646	2000.0	1906.3675263958214	0.0	0	0.0	2827.3558351717948	1	0	1	1.7461774820556908
228450.46568036178	2000.0	2376.8901548105255	0.0	0	0.0	2827.355835171824	1	0	1	1.7461774820556863
229200.0	2000.0	2627.3558351722995	0.0	0	156.10195269514224	2827.3558351717948	1	0	1	1.7461774820556908
230200.0	3000.0	2627.3558351722872	0.0	0	304.927167824615	2827.3558351717948	1	0	1	1.746177482055691
231200.0	3000.0	2627.355835172302	0.0	0	267.46035946701886	2827.3558351717948	1	0	1	2.1516425901638554
232200.0	3000.0	2627.3558351723036	0.0	0	317.86411670583766	2827.355835171824	1	0	1	2.151642590163851
233200.0	3000.0	2627.355835172296	0.0	0	294.83656583650736	2827.355835171824	1	0	1	2.151642590163851
234200.0	3000.0	2627.3558351722854	0.0	0	417.5141305581783	2827.355835171824	1	0	1	2.151642590163851
235200.0	3000.0	2627.355835172287	0.0	0	358.2543582812359	2827.355835171853	1	0	1	2.1516425901638465
236200.0	3000.0	2627.355835172292	0.0	0	20.533198130055098	2827.355835171824	1	0	1	2.151642590163851
237200.0	3000.0	2527.3558351722777	0.0	0	259.3834128587914	2727.355835171824	1	0	2	1.7610393713863486
238200.0	3000.0	2527.3558351722945	0.0	0	93.33639107688214	2727.355835171824	1	0	1	1.9663888987511422
239304.4803648055	3000.0	2422.875470366762	0.0	0	0.0	2727.355835171853	1	0	1	2.166388898751138
240277.96926898867	3000.0	2449.3865661835716	0.0	0	0.0	2727.355835171853	1	0	1	2.166388898751138
241905.03735948974	3000.0	1822.3184756825303	0.0	0	0.0	2727.355835171882	1	0	1	2.1663888987511344
243390.65830426337	3000.0	1336.697530908902	0.0	0	0.0	2727.355835171882	1	0	1	2.1663888987511344
244475.07853253544	3000.0	1252.2773026368354	0.0	0	0.0	2727.355835171911	1	0	1	2.16638889875113
246014.0626847024	3000.0	713.2931504698636	0.0	0	0.0	2727.355835171882	1	0	1	2.1663888987511344
247585.2374138022	3000.0	213.36731031832474	71.24888894830349	0	0.0	2798.604724120145	1	0	1	1.7288969853371752
248325.1668945658	2000.0	638.4082868722552	164.97045731753465	0	0.0	2963.5751814376563	1	0	1	0.32849388758343934
248863.38981587283	2000.0	1100.1853655652335	0.0	0	0.0	2963.5751814376563	1	0	1	1.723781739596812
249364.98570435098	2000.0	1598.5894770870739	0.0	0	0.0	2963.5751814376563	1	0	1	1.723781739596812
249961.6886326235	2000.0	2001.8865488145914	0.0	0	0.0	2963.5751814376563	1	0	1	1.723781739596812
250633.31562456166	2000.0	2330.259556876396	0.0	0	0.0	2963.5751814376563	1	0	1	1.723781739596812
251517.82271043598	2000.0	2445.752471002099	0.0	0	0.0	2963.5751814376563	1	0	1	1.723781739596812
252517.11026648222	2000.0	2446.464914955851	0.0	0	0.0	2963.575181437627	1	0	1	1.723781739596817
253362.77218537117	3000.0	2600.8029960669123	0.0	0	0.0	2963.575181437627	1	0	1	1.7237817395968171
254575.9051622398	3000.0	2387.6700191982686	0.0	0	0.0	2963.575181437627	1	0	1	2.1292468477049815
255870.40452257197	3000.0	1963.7207228328682	0.0	0	0.0	2834.1252454044006	1	0	2	1.7451721155093542
257023.62459305034	3000.0	1810.500652354468	0.0	0	0.0	2834.1252454043715	1	0	1	1.95059436352709
258101.72395150393	2000.0	1732.401293900892	0.0	0	0.0	2834.1252454043424	1	0	1	1.3396641473107656
259093.1049146637	2000.0	1741.02033074113	0.0	0	0.0	2834.1252454043133	1	0	1	1.7451292554189346
259752.56093923302	2000.0	2081.5643061718274	0.0	0	0.0	2834.1252454043133	1	0	1	1.7451292554189346
260782.9245706629	2000.0	1948.164311598969	0.0	0	0.0	2731.088882261334	1	0	2	1.3566186130600457
261426.68326346602	2000.0	2304.405618795868	0.0	0	0.0	2731.088882261334	1	0	1	1.5603974491422692
262200.0	2000.0	2531.0888822618676	0.0	0	78.27200656494824	2731.0888822613633	1	0	1	1.7603974491422654
263200.0	2000.0	2531.0888822619336	0.0	0	363.33048433600925	2731.0888822614215	1	0	1	1.760397449142262
264200.0	2000.0	2531.088882261957	0.0	0	489.1652229519095	2731.0888822614215	1	0	1	1.7603974491422572
265200.0	3000.0	2531.088882261969	0.0	0	129.6073932875879	2731.0888822614215	1	0	1	1.7603974491422574
266443.1209194572	3000.0	2287.967962804776	0.0	0	0.0	2731.0888822614215	1	0	1	2.165862557250422
267418.7555631808	3000.0	2312.3333190810977	0.0	0	0.0	2731.0888822614215	1	0	1	2.165862557250422
268518.58976126445	3000.0	2212.4991209974505	0.0	0	0.0	2731.0888822614215	1	0	1	2.165862557250422
269447.4574641191	3000.0	2283.6314181427183	0.0	0	0.0	2731.0888822614215	1	0	1	2.165862557250422
270200.0	3000.0	2531.08888226189	0.0	0	60.97591294941958	2731.0888822614215	1	0	1	2.165862557250422
271200.0	3000.0	2531.088882261869	0.0	0	370.79234941571485	2731.0888822614215	1	0	1	2.165862557250422
272303.0786529082	3000.0	2428.0102293536734	0.0	0	0.0	2731.0888822614797	1	0	1	2.1658625572504135
273442.9264144216	3000.0	2288.1624678402654	0.0	0	0.0	2731.0888822614797	1	0	1	2.1658625572504135
274238.86626867705	3000.0	2492.222613584851	0.0	0	0.0	2731.0888822614797	1	0	1	2.1658625572504135
275200.0	3000.0	2531.0888822619663	0.0	0	162.53682179522002	2731.0888822614797	1	0	1	2.1658625572504135
276342.2248465345	3000.0	2388.8640357275094	0.0	0	0.0	2731.0888822614797	1	0	1	2.1658625572504135
277357.475074035	3000.0	2373.613808226978	0.0	0	0.0	2731.0888822614797	1	0	1	2.1658625572504135
278200.0	3000.0	2531.0888822620277	0.0	0	248.08232728741132	2731.0888822614797	1	0	1	2.1658625572504135
279219.91170645785	3000.0	2511.1771758041955	0.0	0	0.0	2731.088882261538	1	0	1	2.1658625572504056
280337.3153447063	3000.0	2393.773537555735	0.0	0	0.0	2731.088882261538	1	0	1	2.1658625572504056
281259.7471652366	3000.0	2471.3417170254097	0.0	0	0.0	2731.088882261538	1	0	1	2.1658625572504056
282200.0	3000.0	2531.088882262114	0.0	0	219.3441242344561	2731.088882261596	1	0	1	2.165862557250397
283200.0	3000.0	2531.0888822621578	0.0	0	343.8624529966619	2731.088882261596	1	0	1	2.165862557250397
284200.0	3000.0	2531.088882262158	0.0	0	287.51896783406846	2731.0888822616544	1	0	1	2.1658625572503905
285309.44846280187	3000.0	2421.640419460323	0.0	0	0.0	2731.0888822616544	1	0	1	2.165862557250389
286200.0	3000.0	2531.0888822622164	0.0	0	160.23839387961198	2731.0888822617126	1	0	1	2.1658625572503807
287495.34740845184	3000.0	2235.7414738104308	0.0	0	0.0	2731.0888822617126	1	0	1	2.1658625572503807
288903.2645880665	3000.0	1827.8242941958247	0.0	0	0.0	2731.088882261829	1	0	1	2.165862557250369
290698.9278806208	3000.0	1032.1610016415295	0.0	0	0.0	2731.088882261829	1	0	1	2.165862557250371
292302.2983819998	3000.0	428.79050026254663	0.0	0	0.0	2731.088882261829	1	0	1	2.1658625572503643
292897.94465811027	2000.0	833.1442241520168	0.0	0	0.0	2731.088882261829	1	0	1	1.3549323410340348
293611.49801285757	2000.0	1119.5908694046957	0.0	0	0.0	2731.088882261829	1	0	1	1.7603974491421994
294012.418518107	2000.0	1718.6703641553229	0.0	0	0.0	2731.088882261829	1	0	1	1.7603974491421994
294554.97839380486	2000.0	2176.110488457405	0.0	0	0.0	2731.088882261829	1	0	1	1.7603974491421994
295531.7949717066	2000.0	2199.2939105557407	0.0	0	0.0	2731.088882261829	1	0	1	1.7603974491421994
297108.5373077638	2000.0	1622.551574498485	0.0	0	0.0	2731.088882261887	1	0	1	1.7603974491421914
297947.04398090363	2000.0	1784.0449013586415	0.0	0	0.0	2731.088882261829	1	0	1	1.7603974491421994
298482.5811494532	2000.0	2248.507732809089	0.0	0	0.0	2731.088882261829	1	0	1	1.7603974491421994
299200.0	2000.0	2531.0888822622496	0.0	0	107.08774673589505	2731.088882261829	1	0	1	1.7603974491421994
300200.0	2000.0	2531.0888822622414	0.0	0	226.70593126444146	2731.088882261829	1	0	1	1.7603974491421994
2.53	2.37	2.92	3.67	4.42	5.26	3.28	2.42	2.73	2.7	2.88	3.61	3.83	2.28	2.22	2.72	3.22	2.11	1.16	1.29	2.11	2.9	3.86	4.58	4.22	3.16	0.79	2.8	2.83	1.7	2.11	2.93	3.85	4.54	3.57	2.59	1.87	1.74	1.3	1.51	1.61	2.11	2.56	2.78	2.36	2.05	2.54	3.13	4.18	4.78	4.62	4.07	4.19	3.43	2.92	3.07	2.72	2.7	3.58	4.29	5.28	4.65	3.24	1.31	1.8	2.55	2.61	1.37	2.04	1.68	1.99	2.77	3.6	4.47	4.74	4.82	5.24	6.08	5.44	3.54	4.11	3.71	3.34	4.04	3.64	3.65	1.99	2.76	2.2	3.05	2.8	1.54	1.98	2.92	3.42	2.58	2.95	2.12	3.48	1.88	1.75	1.89	2.27	2.27	3.05	2.47	2.55	3.1	3.98	4.92	3.6	2.92	2.54	2.9	3.07	3.31	4.15	3.26	3.2	3.01	3.24	3.22	3.79	4.1	3.22	2.66	3.05	3.61	4.15	3.48	3.06	3.66	3.07	2.36	2.26	1.3	1.81	2.46	3.31	4.25	2.48	1.49	2.21	3.04	3.7	1.59	2.22	2.4	2.2	3.2	2.53	2.37	2.92	3.67	4.42	5.26	3.28	2.42	2.73	2.7	2.88	3.61	3.83	2.28	2.22	2.72	3.22	2.11	1.16	1.29	2.11	2.9	3.86	4.58	4.22	3.16	0.79	2.8	2.83	1.7	2.11	2.93	3.85	4.54	3.57	2.59	1.87	1.74	1.3	1.51	1.61	2.11	2.56	2.78	2.36	2.05	2.54	3.13	4.18	4.78	4.62	4.07	4.19	3.43	2.92	3.07	2.72	2.7	3.58	4.29	5.28	4.65	3.24	1.31	1.8	2.55	2.61	1.37	2.04	1.68	1.99	2.77	3.6	4.47	4.74	4.82	5.24	6.08	5.44	3.54	4.11	3.71	3.34	4.04	3.64	3.65	1.99	2.76	2.2	3.05	2.8	1.54	1.98	2.92	3.42	2.58	2.95	2.12	3.48	1.88	1.75	1.89	2.27	2.27	3.05	2.47	2.55	3.1	3.98	4.92	3.6	2.92	2.54	2.9	3.07	3.31	4.15	3.26	3.2	3.01	3.24	3.22	3.79	4.1	3.22	2.66	3.05	3.61	4.15	3.48	3.06	3.66	3.07	2.36	2.26	1.3	1.81	2.46	3.31	4.25	2.48	1.49	2.21	3.04	3.7	1.59	2.22	2.4	2.2	3.2
1.0	2.0	3.0	4.0	5.0	6.0	7.0	8.0	9.0	10.0	11.0	12.0	13.0	14.0	15.0	16.0	17.0	18.0	19.0	20.0	21.0	22.0	23.0	24.0	25.0	26.0	27.0	28.0	29.0	30.0	31.0	32.0	33.0	34.0	35.0	36.0	37.0	38.0	39.0	40.0	41.0	42.0	43.0	44.0	45.0	46.0	47.0	48.0	49.0	50.0	51.0	52.0	53.0	54.0	55.0	56.0	57.0	58.0	59.0	60.0	61.0	62.0	63.0	64.0	65.0	66.0	67.0	68.0	69.0	70.0	71.0	72.0	73.0	74.0	75.0	76.0	77.0	78.0	79.0	80.0	81.0	82.0	83.0	84.0	85.0	86.0	87.0	88.0	89.0	90.0	91.0	92.0	93.0	94.0	95.0	96.0	97.0	98.0	99.0	100.0	101.0	102.0	103.0	104.0	105.0	106.0	107.0	108.0	109.0	110.0	111.0	112.0	113.0	114.0	115.0	116.0	117.0	118.0	119.0	120.0	121.0	122.0	123.0	124.0	125.0	126.0	127.0	128.0	129.0	130.0	131.0	132.0	133.0	134.0	135.0	136.0	137.0	138.0	139.0	140.0	141.0	142.0	143.0	144.0	145.0	146.0	147.0	148.0	149.0	149.0	150.0	151.0	152.0	153.0	154.0	155.0	156.0	157.0	158.0	159.0	160.0	161.0	162.0	163.0	164.0	165.0	166.0	167.0	168.0	169.0	170.0	171.0	172.0	173.0	174.0	175.0	176.0	177.0	178.0	179.0	180.0	181.0	182.0	183.0	184.0	185.0	186.0	187.0	188.0	189.0	190.0	191.0	192.0	193.0	194.0	195.0	196.0	197.0	198.0	199.0	200.0	201.0	202.0	203.0	204.0	205.0	206.0	207.0	208.0	209.0	210.0	211.0	212.0	213.0	214.0	215.0	216.0	217.0	218.0	219.0	220.0	221.0	222.0	223.0	224.0	225.0	226.0	227.0	228.0	229.0	230.0	231.0	232.0	233.0	234.0	235.0	236.0	237.0	238.0	239.0	240.0	241.0	242.0	243.0	244.0	245.0	246.0	247.0	248.0	249.0	250.0	251.0	252.0	253.0	254.0	255.0	256.0	257.0	258.0	259.0	260.0	261.0	262.0	263.0	264.0	265.0	266.0	267.0	268.0	269.0	270.0	271.0	272.0	273.0	274.0	275.0	276.0	277.0	278.0	279.0	280.0	281.0	282.0	283.0	284.0	285.0	286.0	287.0	288.0	289.0	290.0	291.0	292.0	293.0	294.0	295.0	296.0	297.0	298.0	298.0
5563.327239162652
